0	0.0375657 	-0.00170152 	-0.0284831 	4.31391e-06 	-0.00180521 	8.30314e-05 	
0.005	0.185079 	-0.00838305 	-0.140331 	2.12538e-05 	-0.00889393 	0.00040908 	
0.01	0.321796 	-0.0145756 	-0.243993 	3.69539e-05 	-0.0154638 	0.000711265 	
0.015	0.448506 	-0.0203148 	-0.340067 	5.15048e-05 	-0.0215529 	0.000991333 	
0.02	0.565943 	-0.025634 	-0.42911 	6.49904e-05 	-0.0271963 	0.0012509 	
0.025	0.674784 	-0.0305639 	-0.511635 	7.74881e-05 	-0.0324267 	0.00149147 	
0.03	0.77566 	-0.0351329 	-0.58812 	8.90701e-05 	-0.0372743 	0.00171443 	
0.035	0.869153 	-0.0393675 	-0.659006 	9.98028e-05 	-0.0417671 	0.00192107 	
0.04	0.955803 	-0.0432921 	-0.724703 	0.000109748 	-0.0459311 	0.00211258 	
0.045	1.03611 	-0.0469294 	-0.785591 	0.000118963 	-0.0497904 	0.00229008 	
0.05	1.11054 	-0.0503004 	-0.842022 	0.000127502 	-0.0533674 	0.00245457 	
0.055	1.17953 	-0.0534246 	-0.894321 	0.000135412 	-0.0566825 	0.00260703 	
0.06	1.24347 	-0.0563201 	-0.94279 	0.00014274 	-0.0597551 	0.00274832 	
0.065	1.30272 	-0.0590036 	-0.987711 	0.000149528 	-0.062603 	0.00287926 	
0.07	1.35765 	-0.0614906 	-1.02934 	0.000155814 	-0.0652424 	0.00300061 	
0.075	1.40855 	-0.0637955 	-1.06793 	0.000161637 	-0.0676888 	0.00311308 	
0.08	1.45573 	-0.0659316 	-1.10368 	0.000167028 	-0.0699562 	0.0032173 	
0.085	1.49945 	-0.0679112 	-1.13682 	0.000172019 	-0.0720578 	0.00331389 	
0.09	1.53998 	-0.0697459 	-1.16753 	0.00017664 	-0.0740057 	0.0034034 	
0.095	1.57754 	-0.0714461 	-1.19599 	0.000180916 	-0.0758111 	0.00348635 	
0.1	1.61236 	-0.0730217 	-1.22236 	0.000184873 	-0.0774846 	0.00356322 	
0.105	1.64463 	-0.0744819 	-1.24681 	0.000188533 	-0.0790357 	0.00363445 	
0.11	1.67454 	-0.0758351 	-1.26945 	0.000191918 	-0.0804734 	0.00370046 	
0.115	1.70226 	-0.0770891 	-1.29044 	0.000195048 	-0.081806 	0.00376163 	
0.12	1.72795 	-0.0782511 	-1.30989 	0.000197941 	-0.0830413 	0.0038183 	
0.125	1.75177 	-0.0793279 	-1.32792 	0.000200615 	-0.0841864 	0.00387082 	
0.13	1.77384 	-0.0803257 	-1.34462 	0.000203084 	-0.0852478 	0.00391948 	
0.135	1.7943 	-0.0812504 	-1.36009 	0.000205363 	-0.0862317 	0.00396456 	
0.14	1.81327 	-0.0821071 	-1.37443 	0.000207466 	-0.0871438 	0.00400633 	
0.145	1.83085 	-0.082901 	-1.38771 	0.000209406 	-0.0879893 	0.00404503 	
0.15	1.84714 	-0.0836365 	-1.40002 	0.000211194 	-0.0887732 	0.00408088 	
0.155	1.86225 	-0.084318 	-1.41143 	0.000212841 	-0.0894999 	0.00411409 	
0.16	1.87625 	-0.0849494 	-1.42199 	0.000214357 	-0.0901736 	0.00414485 	
0.165	1.88772 	-0.0842346 	-1.434 	0.000276399 	-0.0908017 	0.00416415 	
0.17	1.90006 	-0.084838 	-1.44324 	0.000274529 	-0.0913934 	0.00418954 	
0.175	1.91144 	-0.0854105 	-1.45173 	0.000271934 	-0.0919411 	0.00421259 	
0.18	1.92191 	-0.0859329 	-1.45953 	0.000269852 	-0.0924462 	0.0042339 	
0.185	1.93161 	-0.0864168 	-1.46675 	0.000267911 	-0.0929146 	0.00425363 	
0.19	1.94061 	-0.0868651 	-1.47345 	0.000266099 	-0.0933489 	0.0042719 	
0.195	1.94895 	-0.0872802 	-1.47964 	0.000264407 	-0.0937518 	0.00428881 	
0.2	1.95669 	-0.0876647 	-1.48538 	0.000262826 	-0.0941254 	0.00430447 	
0.205	1.96386 	-0.0880208 	-1.49069 	0.000261346 	-0.094472 	0.00431896 	
0.21	1.97051 	-0.0883505 	-1.49561 	0.000259961 	-0.0947935 	0.00433236 	
0.215	1.97668 	-0.0886558 	-1.50016 	0.000258663 	-0.0950918 	0.00434476 	
0.22	1.9824 	-0.0889384 	-1.50438 	0.000257445 	-0.0953686 	0.00435623 	
0.225	1.98613 	-0.0878582 	-1.51058 	0.000319253 	-0.0956288 	0.0043577 	
0.23	1.99135 	-0.0881661 	-1.51435 	0.000314826 	-0.0958795 	0.00436654 	
0.235	1.99615 	-0.0884645 	-1.51776 	0.000309865 	-0.0961113 	0.00437424 	
0.24	2.00051 	-0.0887328 	-1.52086 	0.000305586 	-0.0963236 	0.00438132 	
0.245	2.00456 	-0.0889811 	-1.52373 	0.000301605 	-0.0965208 	0.00438786 	
0.25	2.00832 	-0.0892109 	-1.52638 	0.000297898 	-0.0967039 	0.00439389 	
0.255	2.0118 	-0.0894235 	-1.52883 	0.000294446 	-0.096874 	0.00439946 	
0.26	2.01504 	-0.0896201 	-1.5311 	0.00029123 	-0.097032 	0.00440459 	
0.265	2.01804 	-0.089802 	-1.53319 	0.000288232 	-0.0971788 	0.00440931 	
0.27	2.02083 	-0.0899702 	-1.53512 	0.000285436 	-0.0973152 	0.00441366 	
0.275	2.02171 	-0.088685 	-1.53939 	0.00035078 	-0.0974457 	0.00440822 	
0.28	2.02445 	-0.0889011 	-1.54121 	0.000344659 	-0.0975771 	0.00441089 	
0.285	2.02693 	-0.0891148 	-1.54281 	0.000338086 	-0.0976981 	0.00441282 	
0.29	2.02914 	-0.0893037 	-1.54422 	0.000332345 	-0.0978076 	0.00441454 	
0.295	2.0312 	-0.0894784 	-1.54552 	0.000327006 	-0.0979095 	0.0044161 	
0.3	2.03311 	-0.0896398 	-1.54671 	0.000322038 	-0.0980043 	0.00441751 	
0.305	2.03488 	-0.089789 	-1.54781 	0.000317414 	-0.0980927 	0.00441879 	
0.31	2.03653 	-0.0899268 	-1.54882 	0.000313109 	-0.098175 	0.00441995 	
0.315	2.03643 	-0.0886783 	-1.55214 	0.000374337 	-0.0982551 	0.00441233 	
0.32	2.03817 	-0.0888652 	-1.55315 	0.000367056 	-0.0983393 	0.00441229 	
0.325	2.03974 	-0.0890515 	-1.55401 	0.000359433 	-0.0984168 	0.00441171 	
0.33	2.04111 	-0.0892155 	-1.55474 	0.000352697 	-0.0984862 	0.0044111 	
0.335	2.04238 	-0.0893669 	-1.5554 	0.000346432 	-0.098551 	0.0044105 	
0.34	2.04357 	-0.0895068 	-1.55601 	0.000340605 	-0.0986116 	0.00440991 	
0.345	2.04467 	-0.0896359 	-1.55656 	0.000335183 	-0.0986682 	0.00440932 	
0.35	2.04409 	-0.0884089 	-1.55941 	0.000394298 	-0.0987244 	0.00440062 	
0.355	2.04536 	-0.0885872 	-1.56002 	0.000386101 	-0.0987863 	0.00439909 	
0.36	2.04649 	-0.0887653 	-1.56051 	0.000377637 	-0.0988432 	0.00439713 	
0.365	2.04746 	-0.0889217 	-1.5609 	0.000370113 	-0.0988937 	0.00439523 	
0.37	2.04836 	-0.0890662 	-1.56125 	0.000363117 	-0.098941 	0.00439343 	
0.375	2.0492 	-0.0891995 	-1.56156 	0.000356611 	-0.0989853 	0.00439173 	
0.38	2.04999 	-0.0893225 	-1.56184 	0.000350558 	-0.099027 	0.00439011 	
0.385	2.04897 	-0.0879755 	-1.56464 	0.000414914 	-0.0990697 	0.00438014 	
0.39	2.05001 	-0.0881557 	-1.56504 	0.000405803 	-0.0991204 	0.00437763 	
0.395	2.05091 	-0.0883361 	-1.56532 	0.000396432 	-0.0991667 	0.00437469 	
0.4	2.05166 	-0.0884937 	-1.5655 	0.000388112 	-0.0992068 	0.00437187 	
0.405	2.05235 	-0.088639 	-1.56565 	0.000380378 	-0.0992446 	0.00436922 	
0.41	2.05301 	-0.0887731 	-1.56579 	0.000373186 	-0.0992801 	0.00436672 	
0.415	2.05196 	-0.0875246 	-1.56831 	0.000432625 	-0.099317 	0.00435683 	
0.42	2.05285 	-0.0877096 	-1.56857 	0.000422752 	-0.0993616 	0.0043536 	
0.425	2.05363 	-0.0878942 	-1.56872 	0.000412707 	-0.0994023 	0.00435002 	
0.43	2.05427 	-0.0880561 	-1.56879 	0.000403735 	-0.0994377 	0.00434661 	
0.435	2.05487 	-0.0882055 	-1.56884 	0.000395395 	-0.0994711 	0.0043434 	
0.44	2.05544 	-0.0883433 	-1.56888 	0.00038764 	-0.0995027 	0.00434038 	
0.445	2.05421 	-0.0870272 	-1.57146 	0.000450355 	-0.0995362 	0.00433001 	
0.45	2.05506 	-0.0872201 	-1.57164 	0.000439751 	-0.0995784 	0.00432628 	
0.455	2.05578 	-0.0874124 	-1.57173 	0.000428987 	-0.0996168 	0.00432217 	
0.46	2.05637 	-0.0875806 	-1.57172 	0.000419378 	-0.0996497 	0.00431826 	
0.465	2.05691 	-0.0877359 	-1.5717 	0.000410447 	-0.0996809 	0.00431459 	
0.47	2.05743 	-0.087879 	-1.57168 	0.000402145 	-0.0997104 	0.00431114 	
0.475	2.05605 	-0.0864844 	-1.57436 	0.000468836 	-0.0997423 	0.00430039 	
0.48	2.05689 	-0.0866874 	-1.57451 	0.000457466 	-0.0997841 	0.00429621 	
0.485	2.05759 	-0.0868896 	-1.57454 	0.000445945 	-0.0998218 	0.00429163 	
0.49	2.05815 	-0.0870661 	-1.57449 	0.000435672 	-0.0998538 	0.00428727 	
0.495	2.05867 	-0.087229 	-1.57442 	0.000426125 	-0.0998841 	0.00428317 	
0.5	2.05749 	-0.0860183 	-1.57678 	0.000483968 	-0.0999161 	0.00427304 	
0.505	2.05828 	-0.0862288 	-1.57687 	0.000471988 	-0.0999566 	0.0042684 	
0.51	2.05896 	-0.086437 	-1.57686 	0.000459971 	-0.0999935 	0.00426346 	
0.515	2.05951 	-0.0866205 	-1.57678 	0.000449178 	-0.100025 	0.00425876 	
0.52	2.06003 	-0.0867898 	-1.57668 	0.00043915 	-0.100056 	0.00425436 	
0.525	2.05878 	-0.0855525 	-1.57909 	0.000498514 	-0.100088 	0.00424419 	
0.53	2.05959 	-0.085771 	-1.57916 	0.000485986 	-0.100129 	0.00423924 	
0.535	2.06027 	-0.0859868 	-1.57913 	0.000473436 	-0.100166 	0.00423398 	
0.54	2.06082 	-0.0861769 	-1.57903 	0.000462166 	-0.100198 	0.00422898 	
0.545	2.06134 	-0.0863523 	-1.57891 	0.000451695 	-0.100229 	0.00422429 	
0.55	2.06003 	-0.0850704 	-1.5814 	0.000513536 	-0.100261 	0.00421407 	
0.555	2.06085 	-0.0852976 	-1.58147 	0.000500433 	-0.100303 	0.00420883 	
0.56	2.06155 	-0.085522 	-1.58143 	0.000487317 	-0.100342 	0.00420325 	
0.565	2.06211 	-0.0857194 	-1.5813 	0.000475548 	-0.100374 	0.00419794 	
0.57	2.06264 	-0.0859014 	-1.58117 	0.000464614 	-0.100405 	0.00419296 	
0.575	2.06125 	-0.0845758 	-1.58375 	0.000528951 	-0.100439 	0.00418275 	
0.58	2.06211 	-0.0848124 	-1.58381 	0.000515252 	-0.100482 	0.00417722 	
0.585	2.06282 	-0.0850458 	-1.58376 	0.000501549 	-0.100521 	0.00417131 	
0.59	2.06339 	-0.0852509 	-1.58363 	0.00048926 	-0.100555 	0.00416569 	
0.595	2.06393 	-0.0854401 	-1.58348 	0.000477846 	-0.100586 	0.00416041 	
0.6	2.06249 	-0.0840734 	-1.58615 	0.000544612 	-0.100621 	0.00415028 	
0.605	2.06337 	-0.0843197 	-1.58621 	0.000530302 	-0.100666 	0.00414444 	
0.61	2.06411 	-0.0845624 	-1.58616 	0.000515999 	-0.100706 	0.0041382 	
0.615	2.06469 	-0.0847757 	-1.58601 	0.00050318 	-0.10074 	0.00413226 	
0.62	2.06358 	-0.0836751 	-1.58823 	0.000556793 	-0.100776 	0.00412274 	
0.625	2.06442 	-0.0839274 	-1.58824 	0.000542007 	-0.10082 	0.00411647 	
0.63	2.06514 	-0.0841743 	-1.58815 	0.000527377 	-0.10086 	0.00410995 	
0.635	2.06574 	-0.0843936 	-1.58799 	0.000514161 	-0.100895 	0.00410377 	
0.64	2.06463 	-0.0832979 	-1.59023 	0.000567799 	-0.100932 	0.00409441 	
0.645	2.06548 	-0.083556 	-1.59023 	0.000552636 	-0.100976 	0.00408792 	
0.65	2.06622 	-0.0838082 	-1.59014 	0.000537648 	-0.101017 	0.00408118 	
0.655	2.06683 	-0.0840323 	-1.58997 	0.000524106 	-0.101053 	0.00407479 	
0.66	2.06569 	-0.0829171 	-1.59226 	0.000579035 	-0.10109 	0.00406556 	
0.665	2.06656 	-0.0831812 	-1.59226 	0.00056348 	-0.101136 	0.00405886 	
0.67	2.06732 	-0.0834393 	-1.59216 	0.000548107 	-0.101178 	0.00405189 	
0.675	2.06794 	-0.0836685 	-1.59199 	0.000534222 	-0.101214 	0.00404528 	
0.68	2.06677 	-0.082533 	-1.59433 	0.000590515 	-0.101252 	0.00403622 	
0.685	2.06766 	-0.0828035 	-1.59433 	0.000574549 	-0.101299 	0.0040293 	
0.69	2.06844 	-0.0830678 	-1.59424 	0.000558772 	-0.101342 	0.00402209 	
0.695	2.06907 	-0.0833024 	-1.59406 	0.000544527 	-0.101379 	0.00401524 	
0.7	2.06787 	-0.0821478 	-1.59645 	0.000602144 	-0.101418 	0.00400637 	
0.705	2.06879 	-0.082425 	-1.59646 	0.000585751 	-0.101466 	0.00399921 	
0.71	2.06958 	-0.0826957 	-1.59636 	0.000569556 	-0.101509 	0.00399175 	
0.715	2.07022 	-0.082936 	-1.59618 	0.000554938 	-0.101547 	0.00398467 	
0.72	2.06899 	-0.0817637 	-1.59862 	0.000613833 	-0.101587 	0.00397601 	
0.725	2.06993 	-0.0820477 	-1.59862 	0.000597004 	-0.101636 	0.00396861 	
0.73	2.07074 	-0.0823251 	-1.59852 	0.000580383 	-0.101681 	0.00396089 	
0.735	2.0714 	-0.082571 	-1.59834 	0.000565385 	-0.101719 	0.00395356 	
0.74	2.07014 	-0.0813826 	-1.60083 	0.00062551 	-0.10176 	0.00394514 	
0.745	2.0711 	-0.0816735 	-1.60084 	0.00060824 	-0.10181 	0.0039375 	
0.75	2.07193 	-0.0819574 	-1.60074 	0.000591188 	-0.101855 	0.00392952 	
0.755	2.0726 	-0.0822092 	-1.60054 	0.000575805 	-0.101895 	0.00392193 	
0.76	2.07132 	-0.0810059 	-1.60309 	0.000637118 	-0.101936 	0.00391378 	
0.765	2.0723 	-0.0813037 	-1.6031 	0.000619404 	-0.101987 	0.0039059 	
0.77	2.07314 	-0.0815943 	-1.60299 	0.000601919 	-0.102034 	0.00389765 	
0.775	2.07382 	-0.0818518 	-1.60279 	0.000586149 	-0.102074 	0.0038898 	
0.78	2.07251 	-0.0806351 	-1.60539 	0.000648608 	-0.102116 	0.00388195 	
0.785	2.07352 	-0.0809397 	-1.6054 	0.00063045 	-0.102168 	0.00387382 	
0.79	2.07438 	-0.0812369 	-1.60529 	0.000612532 	-0.102215 	0.00386529 	
0.795	2.07507 	-0.0815002 	-1.60509 	0.000596376 	-0.102256 	0.00385719 	
0.8	2.07374 	-0.0802714 	-1.60773 	0.000659938 	-0.102299 	0.00384967 	
0.805	2.07476 	-0.0805828 	-1.60774 	0.000641339 	-0.102352 	0.00384128 	
0.81	2.07564 	-0.0808865 	-1.60763 	0.00062299 	-0.1024 	0.00383248 	
0.815	2.07634 	-0.0811556 	-1.60742 	0.000606448 	-0.102442 	0.00382411 	
0.82	2.07498 	-0.0799158 	-1.61011 	0.000671073 	-0.102485 	0.00381696 	
0.825	2.07603 	-0.080234 	-1.61012 	0.000652036 	-0.102539 	0.00380831 	
0.83	2.07692 	-0.0805441 	-1.61001 	0.000633258 	-0.102589 	0.00379924 	
0.835	2.07764 	-0.0808189 	-1.60979 	0.000616334 	-0.102631 	0.0037906 	
0.84	2.07625 	-0.0795695 	-1.61252 	0.000681981 	-0.102675 	0.00378384 	
0.845	2.07732 	-0.0798943 	-1.61254 	0.000662509 	-0.10273 	0.00377494 	
0.85	2.07822 	-0.0802108 	-1.61242 	0.000643308 	-0.10278 	0.00376559 	
0.855	2.07895 	-0.0804911 	-1.61221 	0.000626004 	-0.102823 	0.00375669 	
0.86	2.07754 	-0.0792334 	-1.61498 	0.000692633 	-0.102867 	0.00375034 	
0.865	2.07863 	-0.0795646 	-1.61499 	0.000672732 	-0.102924 	0.00374118 	
0.87	2.07955 	-0.0798873 	-1.61488 	0.000653111 	-0.102974 	0.00373155 	
0.875	2.08029 	-0.0801731 	-1.61466 	0.000635432 	-0.103018 	0.00372239 	
0.88	2.07886 	-0.0789083 	-1.61747 	0.000703002 	-0.103063 	0.00371649 	
0.885	2.07996 	-0.0792459 	-1.61748 	0.000682677 	-0.10312 	0.00370708 	
0.89	2.08089 	-0.0795747 	-1.61737 	0.000662643 	-0.103172 	0.00369717 	
0.895	2.07996 	-0.0786742 	-1.61951 	0.000710533 	-0.103218 	0.00369029 	
0.9	2.08098 	-0.0790152 	-1.61945 	0.000689845 	-0.103273 	0.00368029 	
0.905	2.08188 	-0.0793447 	-1.6193 	0.000669674 	-0.103323 	0.00367011 	
0.91	2.08264 	-0.0796398 	-1.61908 	0.000651354 	-0.103368 	0.00366049 	
0.915	2.08122 	-0.0783999 	-1.62188 	0.000718558 	-0.103414 	0.00365536 	
0.92	2.08234 	-0.0787458 	-1.6219 	0.000697638 	-0.103473 	0.00364554 	
0.925	2.08329 	-0.0790824 	-1.62178 	0.000677038 	-0.103525 	0.00363521 	
0.93	2.08234 	-0.07818 	-1.62397 	0.00072582 	-0.103572 	0.00362895 	
0.935	2.08339 	-0.0785295 	-1.62391 	0.000704534 	-0.103628 	0.00361854 	
0.94	2.08431 	-0.0788671 	-1.62375 	0.000683783 	-0.10368 	0.00360793 	
0.945	2.08339 	-0.077996 	-1.6259 	0.000731153 	-0.103728 	0.00360182 	
0.95	2.08444 	-0.0783478 	-1.62584 	0.000709674 	-0.103784 	0.00359124 	
0.955	2.08536 	-0.0786875 	-1.62568 	0.000688755 	-0.103835 	0.00358049 	
0.96	2.08444 	-0.0778179 	-1.62784 	0.000736393 	-0.103884 	0.00357468 	
0.965	2.0855 	-0.0781722 	-1.62778 	0.000714724 	-0.10394 	0.00356396 	
0.97	2.08643 	-0.0785141 	-1.62762 	0.00069362 	-0.103992 	0.00355306 	
0.975	2.0855 	-0.0776439 	-1.6298 	0.000741661 	-0.104041 	0.00354758 	
0.98	2.08656 	-0.0780008 	-1.62973 	0.00071979 	-0.104098 	0.00353671 	
0.985	2.0875 	-0.0783454 	-1.62958 	0.000698486 	-0.10415 	0.00352564 	
0.99	2.08656 	-0.0774749 	-1.63177 	0.000746914 	-0.104199 	0.00352049 	
0.995	2.08763 	-0.0778347 	-1.63171 	0.000724829 	-0.104256 	0.00350946 	
1	2.08858 	-0.078182 	-1.63155 	0.000703316 	-0.104308 	0.00349824 	
1.005	2.08763 	-0.077312 	-1.63377 	0.000752101 	-0.104358 	0.00349341 	
1.01	2.08871 	-0.0776747 	-1.63371 	0.000729794 	-0.104415 	0.00348222 	
1.015	2.08966 	-0.0780249 	-1.63355 	0.000708064 	-0.104468 	0.00347083 	
1.02	2.08871 	-0.077156 	-1.63578 	0.000757178 	-0.104518 	0.00346633 	
1.025	2.0898 	-0.0775217 	-1.63571 	0.000734645 	-0.104576 	0.00345498 	
1.03	2.09075 	-0.0778748 	-1.63556 	0.000712694 	-0.104629 	0.00344341 	
1.035	2.08979 	-0.0770076 	-1.6378 	0.00076211 	-0.104679 	0.00343925 	
1.04	2.09089 	-0.0773764 	-1.63774 	0.000739348 	-0.104737 	0.00342773 	
1.045	2.09185 	-0.0777324 	-1.63758 	0.000717174 	-0.10479 	0.00341598 	
1.05	2.09088 	-0.0768674 	-1.63983 	0.000766867 	-0.10484 	0.00341216 	
1.055	2.09198 	-0.0772393 	-1.63977 	0.000743874 	-0.104899 	0.00340047 	
1.06	2.09295 	-0.0775982 	-1.63962 	0.000721476 	-0.104953 	0.00338855 	
1.065	2.09198 	-0.076736 	-1.64188 	0.000771424 	-0.105003 	0.00338507 	
1.07	2.09308 	-0.0771109 	-1.64182 	0.000748201 	-0.105062 	0.00337321 	
1.075	2.09406 	-0.0774728 	-1.64166 	0.00072558 	-0.105116 	0.00336111 	
1.08	2.09308 	-0.0766139 	-1.64394 	0.000775759 	-0.105166 	0.00335799 	
1.085	2.09419 	-0.0769918 	-1.64388 	0.000752308 	-0.105226 	0.00334595 	
1.09	2.09517 	-0.0773565 	-1.64372 	0.000729465 	-0.10528 	0.00333367 	
1.095	2.09418 	-0.0765014 	-1.64601 	0.000779854 	-0.105331 	0.00333091 	
1.1	2.0953 	-0.0768822 	-1.64595 	0.000756177 	-0.10539 	0.00331871 	
1.105	2.09628 	-0.0772497 	-1.64579 	0.000733115 	-0.105444 	0.00330625 	
1.11	2.09529 	-0.0763989 	-1.64809 	0.000783693 	-0.105495 	0.00330385 	
1.115	2.09641 	-0.0767826 	-1.64803 	0.000759794 	-0.105555 	0.00329148 	
1.12	2.0974 	-0.0771528 	-1.64787 	0.000736517 	-0.10561 	0.00327884 	
1.125	2.0964 	-0.0763067 	-1.65018 	0.000787263 	-0.105661 	0.00327682 	
1.13	2.09753 	-0.0766931 	-1.65012 	0.000763146 	-0.105721 	0.00326427 	
1.135	2.09852 	-0.0770661 	-1.64995 	0.000739657 	-0.105776 	0.00325147 	
1.14	2.09752 	-0.076225 	-1.65227 	0.000790552 	-0.105827 	0.00324981 	
1.145	2.09865 	-0.0766142 	-1.65221 	0.000766221 	-0.105887 	0.0032371 	
1.15	2.09964 	-0.0769897 	-1.65205 	0.000742525 	-0.105942 	0.00322412 	
1.155	2.09863 	-0.0761542 	-1.65437 	0.000793549 	-0.105993 	0.00322285 	
1.16	2.09977 	-0.0765459 	-1.65431 	0.00076901 	-0.106054 	0.00320997 	
1.165	2.10077 	-0.0769239 	-1.65415 	0.000745112 	-0.106109 	0.00319683 	
1.17	2.09975 	-0.0760943 	-1.65648 	0.000796244 	-0.10616 	0.00319594 	
1.175	2.10089 	-0.0764885 	-1.65642 	0.000771503 	-0.106221 	0.0031829 	
1.18	2.10189 	-0.0768689 	-1.65625 	0.000747409 	-0.106276 	0.00316959 	
1.185	2.10088 	-0.0760456 	-1.65859 	0.00079863 	-0.106327 	0.00316909 	
1.19	2.10202 	-0.0764422 	-1.65853 	0.000773693 	-0.106388 	0.00315589 	
1.195	2.10302 	-0.0768249 	-1.65836 	0.000749409 	-0.106443 	0.00314242 	
1.2	2.102 	-0.0760083 	-1.6607 	0.000800699 	-0.106495 	0.00314231 	
1.205	2.10314 	-0.0764072 	-1.66064 	0.000775572 	-0.106556 	0.00312896 	
1.21	2.10415 	-0.076792 	-1.66047 	0.000751104 	-0.106611 	0.00311532 	
1.215	2.10312 	-0.0759825 	-1.66282 	0.000802445 	-0.106663 	0.00311561 	
1.22	2.10427 	-0.0763835 	-1.66276 	0.000777134 	-0.106723 	0.00310211 	
1.225	2.10528 	-0.0767704 	-1.66259 	0.000752488 	-0.106779 	0.00308832 	
1.23	2.10425 	-0.0759682 	-1.66494 	0.000803861 	-0.10683 	0.003089 	
1.235	2.10539 	-0.0763713 	-1.66487 	0.000778374 	-0.106891 	0.00307535 	
1.24	2.1064 	-0.0767601 	-1.66471 	0.000753557 	-0.106947 	0.00306141 	
1.245	2.10537 	-0.0759657 	-1.66706 	0.000804942 	-0.106999 	0.0030625 	
1.25	2.10652 	-0.0763706 	-1.66699 	0.000779286 	-0.10706 	0.0030487 	
1.255	2.10753 	-0.0767612 	-1.66683 	0.000754305 	-0.107115 	0.00303461 	
1.26	2.10649 	-0.0759749 	-1.66918 	0.000805683 	-0.107167 	0.0030361 	
1.265	2.10764 	-0.0763816 	-1.66911 	0.000779865 	-0.107228 	0.00302217 	
1.27	2.10865 	-0.0767739 	-1.66894 	0.000754727 	-0.107283 	0.00300794 	
1.275	2.10762 	-0.0759959 	-1.67129 	0.000806079 	-0.107335 	0.00300983 	
1.28	2.10877 	-0.0764042 	-1.67123 	0.000780108 	-0.107396 	0.00299576 	
1.285	2.10978 	-0.0767981 	-1.67106 	0.000754821 	-0.107451 	0.00298139 	
1.29	2.10874 	-0.0760288 	-1.67341 	0.000806128 	-0.107503 	0.00298369 	
1.295	2.10989 	-0.0764386 	-1.67335 	0.000780011 	-0.107564 	0.00296949 	
1.3	2.1109 	-0.076834 	-1.67318 	0.000754583 	-0.107619 	0.00295498 	
1.305	2.10986 	-0.0760736 	-1.67553 	0.000805826 	-0.107671 	0.00295769 	
1.31	2.111 	-0.0764848 	-1.67547 	0.00077957 	-0.107732 	0.00294336 	
1.315	2.11201 	-0.0768815 	-1.6753 	0.000754008 	-0.107787 	0.00292873 	
1.32	2.11097 	-0.0761303 	-1.67764 	0.000805169 	-0.107838 	0.00293184 	
1.325	2.11212 	-0.0765427 	-1.67758 	0.000778784 	-0.107899 	0.00291739 	
1.33	2.11313 	-0.0769406 	-1.67741 	0.000753096 	-0.107954 	0.00290263 	
1.335	2.11209 	-0.0761989 	-1.67975 	0.000804155 	-0.108006 	0.00290615 	
1.34	2.11323 	-0.0766124 	-1.67969 	0.000777649 	-0.108066 	0.00289158 	
1.345	2.11424 	-0.0770113 	-1.67951 	0.000751845 	-0.108122 	0.0028767 	
1.35	2.1132 	-0.0762794 	-1.68185 	0.000802783 	-0.108173 	0.00288062 	
1.355	2.11434 	-0.0766939 	-1.68179 	0.000776164 	-0.108233 	0.00286594 	
1.36	2.11535 	-0.0770937 	-1.68162 	0.000750251 	-0.108288 	0.00285095 	
1.365	2.11431 	-0.0763717 	-1.68395 	0.00080105 	-0.10834 	0.00285528 	
1.37	2.11545 	-0.076787 	-1.68389 	0.000774328 	-0.1084 	0.00284049 	
1.375	2.11645 	-0.0771876 	-1.68371 	0.000748315 	-0.108455 	0.00282539 	
1.38	2.11541 	-0.0764758 	-1.68604 	0.000798955 	-0.108506 	0.00283011 	
1.385	2.11655 	-0.0768918 	-1.68598 	0.000772139 	-0.108566 	0.00281522 	
1.39	2.11755 	-0.077293 	-1.68581 	0.000746035 	-0.108621 	0.00280003 	
1.395	2.11651 	-0.0765916 	-1.68813 	0.000796499 	-0.108672 	0.00280514 	
1.4	2.11764 	-0.0770081 	-1.68806 	0.000769597 	-0.108732 	0.00279016 	
1.405	2.11864 	-0.0774098 	-1.68789 	0.000743411 	-0.108786 	0.00277487 	
1.41	2.1176 	-0.076719 	-1.6902 	0.000793679 	-0.108837 	0.00278037 	
1.415	2.11873 	-0.0771359 	-1.69014 	0.000766702 	-0.108897 	0.0027653 	
1.42	2.11973 	-0.077538 	-1.68996 	0.000740442 	-0.108951 	0.00274992 	
1.425	2.11869 	-0.076858 	-1.69227 	0.000790497 	-0.109001 	0.00275581 	
1.43	2.11982 	-0.0772751 	-1.6922 	0.000763454 	-0.109061 	0.00274065 	
1.435	2.12081 	-0.0776774 	-1.69203 	0.00073713 	-0.109115 	0.00272519 	
1.44	2.11978 	-0.0770084 	-1.69433 	0.000786953 	-0.109165 	0.00273146 	
1.445	2.1209 	-0.0774256 	-1.69426 	0.000759853 	-0.109224 	0.00271623 	
1.45	2.12188 	-0.0778279 	-1.69409 	0.000733475 	-0.109278 	0.00270069 	
1.455	2.12085 	-0.0771701 	-1.69637 	0.000783047 	-0.109328 	0.00270734 	
1.46	2.12197 	-0.0775872 	-1.6963 	0.000755902 	-0.109387 	0.00269203 	
1.465	2.12295 	-0.0779894 	-1.69613 	0.000729479 	-0.109441 	0.00267642 	
1.47	2.12192 	-0.0773429 	-1.69841 	0.000778782 	-0.109491 	0.00268344 	
1.475	2.12303 	-0.0777598 	-1.69834 	0.0007516 	-0.109549 	0.00266807 	
1.48	2.12401 	-0.0781618 	-1.69817 	0.000725142 	-0.109603 	0.0026524 	
1.485	2.12299 	-0.0775267 	-1.70043 	0.000774158 	-0.109652 	0.00265978 	
1.49	2.12409 	-0.0779432 	-1.70036 	0.00074695 	-0.10971 	0.00264435 	
1.495	2.12507 	-0.0783448 	-1.70019 	0.000720467 	-0.109763 	0.00262862 	
1.5	2.12405 	-0.0777213 	-1.70244 	0.000769178 	-0.109813 	0.00263636 	
1.505	2.12514 	-0.0781372 	-1.70237 	0.000741954 	-0.109871 	0.00262088 	
1.51	2.12611 	-0.0785383 	-1.7022 	0.000715457 	-0.109923 	0.0026051 	
1.515	2.1251 	-0.0779265 	-1.70443 	0.000763844 	-0.109972 	0.00261318 	
1.52	2.12619 	-0.0783417 	-1.70437 	0.000736616 	-0.11003 	0.00259765 	
1.525	2.12715 	-0.0787421 	-1.70419 	0.000710113 	-0.110082 	0.00258184 	
1.53	2.12614 	-0.0781421 	-1.70642 	0.00075816 	-0.110131 	0.00259026 	
1.535	2.12722 	-0.0785565 	-1.70635 	0.000730937 	-0.110188 	0.00257469 	
1.54	2.12818 	-0.0789561 	-1.70618 	0.00070444 	-0.11024 	0.00255885 	
1.545	2.12718 	-0.0783679 	-1.70838 	0.000752129 	-0.110288 	0.00256759 	
1.55	2.12825 	-0.0787813 	-1.70831 	0.000724922 	-0.110345 	0.00255199 	
1.555	2.1292 	-0.0791799 	-1.70814 	0.000698442 	-0.110397 	0.00253612 	
1.56	2.1282 	-0.0786037 	-1.71033 	0.000745754 	-0.110444 	0.00254518 	
1.565	2.12927 	-0.0790159 	-1.71026 	0.000718574 	-0.110501 	0.00252956 	
1.57	2.13021 	-0.0794134 	-1.71009 	0.000692121 	-0.110552 	0.00251367 	
1.575	2.12922 	-0.0788492 	-1.71226 	0.000739039 	-0.110599 	0.00252304 	
1.58	2.13028 	-0.0792601 	-1.71219 	0.000711898 	-0.110655 	0.0025074 	
1.585	2.13121 	-0.0796562 	-1.71202 	0.000685483 	-0.110706 	0.0024915 	
1.59	2.13023 	-0.0791041 	-1.71418 	0.00073199 	-0.110753 	0.00250117 	
1.595	2.13128 	-0.0795135 	-1.71411 	0.000704899 	-0.110809 	0.00248552 	
1.6	2.13221 	-0.0799083 	-1.71394 	0.000678532 	-0.110859 	0.00246961 	
1.605	2.13123 	-0.0793683 	-1.71608 	0.000724612 	-0.110906 	0.00247956 	
1.61	2.13227 	-0.079776 	-1.716 	0.000697581 	-0.110961 	0.00246392 	
1.615	2.13319 	-0.0801692 	-1.71584 	0.000671274 	-0.111011 	0.00244802 	
1.62	2.13222 	-0.0796414 	-1.71796 	0.000716908 	-0.111057 	0.00245824 	
1.625	2.13325 	-0.0800473 	-1.71788 	0.00068995 	-0.111112 	0.0024426 	
1.63	2.13417 	-0.0804387 	-1.71771 	0.000663714 	-0.111161 	0.00242671 	
1.635	2.13495 	-0.0807888 	-1.71747 	0.000639916 	-0.111205 	0.00241176 	
1.64	2.13343 	-0.0799883 	-1.72027 	0.000707419 	-0.11125 	0.00243103 	
1.645	2.13454 	-0.0803928 	-1.72028 	0.000680668 	-0.111307 	0.00241611 	
1.65	2.13548 	-0.0807866 	-1.72015 	0.000654299 	-0.111358 	0.00240035 	
1.655	2.13448 	-0.080262 	-1.72229 	0.000700882 	-0.111403 	0.00241189 	
1.66	2.13549 	-0.0806665 	-1.72222 	0.000673928 	-0.111456 	0.00239619 	
1.665	2.13639 	-0.0810568 	-1.72205 	0.000647669 	-0.111505 	0.00238022 	
1.67	2.13716 	-0.0814058 	-1.72181 	0.000623862 	-0.111548 	0.00236519 	
1.675	2.13567 	-0.0806441 	-1.72455 	0.000689833 	-0.111592 	0.00238509 	
1.68	2.13675 	-0.0810459 	-1.72456 	0.000663152 	-0.111648 	0.0023701 	
1.685	2.13767 	-0.0814372 	-1.72442 	0.000636855 	-0.111697 	0.00235429 	
1.69	2.13842 	-0.0817837 	-1.72418 	0.000613162 	-0.111739 	0.00233928 	
1.695	2.13691 	-0.0810216 	-1.72694 	0.000680035 	-0.111782 	0.00236023 	
1.7	2.13798 	-0.0814226 	-1.72695 	0.000653365 	-0.111838 	0.00234523 	
1.705	2.13889 	-0.0818133 	-1.72682 	0.000627058 	-0.111887 	0.00232938 	
1.71	2.13964 	-0.0821591 	-1.72657 	0.000603365 	-0.111928 	0.00231433 	
1.715	2.13814 	-0.0814197 	-1.72929 	0.000669267 	-0.111971 	0.00233555 	
1.72	2.13919 	-0.0818191 	-1.7293 	0.000642649 	-0.112025 	0.00232052 	
1.725	2.14009 	-0.0822081 	-1.72917 	0.000616398 	-0.112074 	0.00230465 	
1.73	2.14083 	-0.0825527 	-1.72892 	0.000592751 	-0.112115 	0.0022896 	
1.735	2.13935 	-0.0818376 	-1.7316 	0.000657488 	-0.112157 	0.00231102 	
1.74	2.14039 	-0.0822344 	-1.7316 	0.000630981 	-0.11221 	0.00229597 	
1.745	2.14127 	-0.082621 	-1.73147 	0.000604844 	-0.112258 	0.00228013 	
1.75	2.142 	-0.0829634 	-1.73123 	0.000581293 	-0.112298 	0.00226511 	
1.755	2.14055 	-0.0822725 	-1.73386 	0.000644833 	-0.112339 	0.00228669 	
1.76	2.14156 	-0.082666 	-1.73385 	0.000618488 	-0.112392 	0.00227168 	
1.765	2.14244 	-0.0830494 	-1.73372 	0.000592513 	-0.112439 	0.0022559 	
1.77	2.14315 	-0.0833891 	-1.73348 	0.000569104 	-0.112479 	0.00224095 	
1.775	2.14173 	-0.0827219 	-1.73606 	0.000631426 	-0.112519 	0.00226266 	
1.78	2.14272 	-0.0831115 	-1.73606 	0.000605286 	-0.112571 	0.00224771 	
1.785	2.14358 	-0.0834911 	-1.73593 	0.000579516 	-0.112617 	0.00223202 	
1.79	2.14428 	-0.0838276 	-1.73569 	0.000556286 	-0.112656 	0.00221716 	
1.795	2.14288 	-0.0831837 	-1.73822 	0.000617365 	-0.112696 	0.00223898 	
1.8	2.14386 	-0.0835689 	-1.73821 	0.000591468 	-0.112747 	0.00222411 	
1.805	2.1447 	-0.0839441 	-1.73808 	0.000565939 	-0.112792 	0.00220853 	
1.81	2.14539 	-0.0842769 	-1.73785 	0.000542922 	-0.11283 	0.0021938 	
1.815	2.14402 	-0.0836562 	-1.74033 	0.000602729 	-0.112869 	0.00221568 	
1.82	2.14497 	-0.0840364 	-1.74032 	0.00057711 	-0.112919 	0.00220093 	
1.825	2.1458 	-0.0844069 	-1.74018 	0.000551855 	-0.112963 	0.00218549 	
1.83	2.14648 	-0.0847355 	-1.73996 	0.000529081 	-0.113001 	0.00217089 	
1.835	2.14514 	-0.0841376 	-1.74238 	0.000587584 	-0.113039 	0.00219281 	
1.84	2.14607 	-0.0845125 	-1.74237 	0.000562273 	-0.113088 	0.00217818 	
1.845	2.14688 	-0.0848777 	-1.74224 	0.000537323 	-0.113131 	0.0021629 	
1.85	2.14755 	-0.0852019 	-1.74202 	0.000514818 	-0.113168 	0.00214847 	
1.855	2.14623 	-0.0846266 	-1.74439 	0.000571986 	-0.113206 	0.00217037 	
1.86	2.14714 	-0.0849957 	-1.74437 	0.000547012 	-0.113253 	0.00215589 	
1.865	2.14793 	-0.0853554 	-1.74424 	0.000522394 	-0.113295 	0.00214079 	
1.87	2.14859 	-0.0856748 	-1.74402 	0.000500185 	-0.113332 	0.00212654 	
1.875	2.14731 	-0.0851218 	-1.74634 	0.000555983 	-0.113368 	0.00214839 	
1.88	2.14819 	-0.0854847 	-1.74632 	0.000531373 	-0.113415 	0.00213408 	
1.885	2.14897 	-0.0858385 	-1.74619 	0.000507112 	-0.113456 	0.00211917 	
1.89	2.14961 	-0.0861528 	-1.74598 	0.000485223 	-0.113492 	0.00210512 	
1.895	2.14836 	-0.0856219 	-1.74824 	0.000539617 	-0.113528 	0.00212687 	
1.9	2.14922 	-0.0859784 	-1.74821 	0.000515396 	-0.113573 	0.00211274 	
1.905	2.14998 	-0.086326 	-1.74809 	0.000491519 	-0.113613 	0.00209805 	
1.91	2.15061 	-0.0866348 	-1.74788 	0.000469971 	-0.113648 	0.00208422 	
1.915	2.14939 	-0.0861258 	-1.75008 	0.000522927 	-0.113683 	0.00210582 	
1.92	2.15023 	-0.0864755 	-1.75006 	0.00049912 	-0.113727 	0.00209189 	
1.925	2.15097 	-0.0868165 	-1.74993 	0.000475651 	-0.113766 	0.00207743 	
1.93	2.15159 	-0.0871196 	-1.74973 	0.000454466 	-0.1138 	0.00206383 	
1.935	2.1504 	-0.0866322 	-1.75187 	0.000505951 	-0.113835 	0.00208523 	
1.94	2.15122 	-0.0869748 	-1.75184 	0.00048258 	-0.113877 	0.00207152 	
1.945	2.15194 	-0.087309 	-1.75172 	0.000459542 	-0.113916 	0.00205731 	
1.95	2.15254 	-0.0876062 	-1.75153 	0.000438742 	-0.113949 	0.00204395 	
1.955	2.1531 	-0.0878785 	-1.75133 	0.000419563 	-0.11398 	0.00203155 	
1.96	2.15155 	-0.0872284 	-1.75391 	0.000486236 	-0.114013 	0.00206112 	
1.965	2.1524 	-0.0875633 	-1.75394 	0.000463483 	-0.114057 	0.00204823 	
1.97	2.15312 	-0.0878931 	-1.75385 	0.000440775 	-0.114095 	0.00203439 	
1.975	2.1537 	-0.0881837 	-1.75366 	0.000420394 	-0.114127 	0.00202127 	
1.98	2.15425 	-0.0884502 	-1.75346 	0.000401602 	-0.114157 	0.0020091 	
1.985	2.15271 	-0.0878187 	-1.756 	0.000467283 	-0.114189 	0.00203884 	
1.99	2.15354 	-0.088147 	-1.75603 	0.000444946 	-0.114231 	0.00202614 	
1.995	2.15424 	-0.0884705 	-1.75594 	0.000422636 	-0.114268 	0.00201252 	
2	2.15481 	-0.0887557 	-1.75575 	0.000402611 	-0.1143 	0.00199962 	
2.005	2.15534 	-0.0890171 	-1.75556 	0.000384148 	-0.114329 	0.00198766 	
2.01	2.15386 	-0.0884211 	-1.758 	0.0004472 	-0.114359 	0.0020167 	
2.015	2.15465 	-0.0887414 	-1.75802 	0.000425359 	-0.1144 	0.00200421 	
2.02	2.15533 	-0.089057 	-1.75794 	0.00040355 	-0.114436 	0.00199086 	
2.025	2.15587 	-0.0893356 	-1.75775 	0.000383964 	-0.114466 	0.00197824 	
2.03	2.15639 	-0.089591 	-1.75757 	0.000365904 	-0.114494 	0.00196653 	
2.035	2.15497 	-0.089031 	-1.75991 	0.00042615 	-0.114524 	0.00199474 	
2.04	2.15573 	-0.089342 	-1.75992 	0.00040489 	-0.114563 	0.00198251 	
2.045	2.15638 	-0.0896486 	-1.75983 	0.000383667 	-0.114597 	0.00196948 	
2.05	2.15691 	-0.0899195 	-1.75966 	0.000364596 	-0.114626 	0.0019572 	
2.055	2.15741 	-0.0901679 	-1.75948 	0.000347011 	-0.114654 	0.0019458 	
2.06	2.15606 	-0.0896431 	-1.76171 	0.000404409 	-0.114682 	0.00197311 	
2.065	2.15678 	-0.0899438 	-1.76172 	0.0003838 	-0.114719 	0.00196118 	
2.07	2.1574 	-0.0902404 	-1.76163 	0.000363232 	-0.114752 	0.00194853 	
2.075	2.15791 	-0.0905028 	-1.76147 	0.000344739 	-0.11478 	0.00193663 	
2.08	2.15839 	-0.0907434 	-1.7613 	0.000327687 	-0.114807 	0.00192558 	
2.085	2.15884 	-0.0909638 	-1.76113 	0.00031197 	-0.114831 	0.00191533 	
2.09	2.15724 	-0.0903322 	-1.76365 	0.000379875 	-0.114858 	0.00194883 	
2.095	2.15797 	-0.0906217 	-1.7637 	0.000360117 	-0.114895 	0.00193774 	
2.1	2.15858 	-0.0909097 	-1.76364 	0.000340169 	-0.114927 	0.0019256 	
2.105	2.15907 	-0.0911625 	-1.76348 	0.000322324 	-0.114954 	0.0019141 	
2.11	2.15952 	-0.0913944 	-1.76332 	0.000305869 	-0.114979 	0.00190343 	
2.115	2.15995 	-0.0916069 	-1.76316 	0.000290701 	-0.115003 	0.00189354 	
2.12	2.15842 	-0.0910133 	-1.76556 	0.000355504 	-0.115028 	0.00192604 	
2.125	2.1591 	-0.0912913 	-1.76561 	0.000336487 	-0.115063 	0.00191528 	
2.13	2.15969 	-0.0915682 	-1.76555 	0.000317279 	-0.115093 	0.00190356 	
2.135	2.16015 	-0.0918116 	-1.7654 	0.000300086 	-0.115119 	0.00189249 	
2.14	2.16059 	-0.0920349 	-1.76525 	0.000284231 	-0.115143 	0.00188222 	
2.145	2.161 	-0.0922395 	-1.76509 	0.000269615 	-0.115165 	0.00187269 	
2.15	2.15957 	-0.0916964 	-1.76734 	0.00032993 	-0.115189 	0.00190337 	
2.155	2.1602 	-0.0919611 	-1.76737 	0.000311772 	-0.115221 	0.00189299 	
2.16	2.16075 	-0.0922249 	-1.76731 	0.000293441 	-0.11525 	0.00188178 	
2.165	2.16119 	-0.0924573 	-1.76717 	0.000277014 	-0.115274 	0.00187121 	
2.17	2.1616 	-0.0926705 	-1.76703 	0.000261865 	-0.115297 	0.00186141 	
2.175	2.16199 	-0.092866 	-1.76689 	0.000247898 	-0.115318 	0.00185231 	
2.18	2.16236 	-0.093045 	-1.76674 	0.000235028 	-0.115338 	0.00184388 	
2.185	2.16078 	-0.0924424 	-1.76914 	0.000301388 	-0.11536 	0.00187849 	
2.19	2.1614 	-0.0926918 	-1.7692 	0.000284328 	-0.115391 	0.00186897 	
2.195	2.16192 	-0.0929426 	-1.76915 	0.000266922 	-0.115419 	0.00185841 	
2.2	2.16233 	-0.0931622 	-1.76903 	0.000251386 	-0.115441 	0.00184842 	
2.205	2.16272 	-0.0933638 	-1.7689 	0.000237057 	-0.115462 	0.00183915 	
2.21	2.16308 	-0.0935487 	-1.76877 	0.000223845 	-0.115482 	0.00183056 	
2.215	2.16342 	-0.0937181 	-1.76863 	0.000211667 	-0.115501 	0.00182259 	
2.22	2.16197 	-0.0931745 	-1.77083 	0.000272494 	-0.115521 	0.00185474 	
2.225	2.16253 	-0.0934074 	-1.77088 	0.000256511 	-0.115549 	0.00184571 	
2.23	2.16302 	-0.093642 	-1.77084 	0.000240206 	-0.115574 	0.00183578 	
2.235	2.1634 	-0.093848 	-1.77072 	0.000225632 	-0.115595 	0.00182643 	
2.24	2.16376 	-0.0940372 	-1.77061 	0.000212189 	-0.115615 	0.00181775 	
2.245	2.16409 	-0.0942107 	-1.77049 	0.00019979 	-0.115633 	0.00180971 	
2.25	2.16441 	-0.0943698 	-1.77037 	0.000188361 	-0.115651 	0.00180225 	
2.255	2.16471 	-0.0945156 	-1.77025 	0.000177828 	-0.115667 	0.00179533 	
2.26	2.16321 	-0.0939551 	-1.77246 	0.00024038 	-0.115685 	0.00182904 	
2.265	2.16374 	-0.0941685 	-1.77252 	0.000225759 	-0.115711 	0.00182088 	
2.27	2.16418 	-0.0943854 	-1.77249 	0.000210699 	-0.115734 	0.00181176 	
2.275	2.16453 	-0.0945752 	-1.77239 	0.000197275 	-0.115753 	0.00180317 	
2.28	2.16486 	-0.0947496 	-1.77229 	0.000184889 	-0.115771 	0.0017952 	
2.285	2.16516 	-0.0949097 	-1.77219 	0.000173464 	-0.115788 	0.0017878 	
2.29	2.16545 	-0.0950566 	-1.77208 	0.000162927 	-0.115803 	0.00178095 	
2.295	2.16572 	-0.0951912 	-1.77198 	0.000153214 	-0.115818 	0.00177459 	
2.3	2.16597 	-0.0953145 	-1.77187 	0.000144263 	-0.115832 	0.00176869 	
2.305	2.16621 	-0.0954274 	-1.77177 	0.000136017 	-0.115845 	0.00176322 	
2.31	2.16458 	-0.0948107 	-1.77411 	0.000204157 	-0.11586 	0.00180074 	
2.315	2.16506 	-0.0950014 	-1.77419 	0.000191169 	-0.115884 	0.00179374 	
2.32	2.16547 	-0.0951984 	-1.77419 	0.000177542 	-0.115905 	0.0017856 	
2.325	2.16578 	-0.0953695 	-1.7741 	0.000165467 	-0.115922 	0.00177789 	
2.33	2.16606 	-0.0955268 	-1.77402 	0.000154321 	-0.115937 	0.00177074 	
2.335	2.16633 	-0.0956714 	-1.77393 	0.000144034 	-0.115952 	0.00176411 	
2.34	2.16659 	-0.0958042 	-1.77385 	0.000134543 	-0.115966 	0.00175797 	
2.345	2.16682 	-0.0959261 	-1.77376 	0.000125787 	-0.115979 	0.00175227 	
2.35	2.16704 	-0.096038 	-1.77368 	0.000117713 	-0.115991 	0.00174698 	
2.355	2.16725 	-0.0961405 	-1.77359 	0.000110269 	-0.116002 	0.00174208 	
2.36	2.16745 	-0.0962345 	-1.77351 	0.000103407 	-0.116013 	0.00173753 	
2.365	2.16763 	-0.0963205 	-1.77342 	9.70848e-05 	-0.116023 	0.00173332 	
2.37	2.1678 	-0.0963993 	-1.77334 	9.1261e-05 	-0.116033 	0.00172941 	
2.375	2.16613 	-0.0957665 	-1.77567 	0.000160787 	-0.116044 	0.00176841 	
2.38	2.16655 	-0.0959276 	-1.77577 	0.000149903 	-0.116065 	0.00176275 	
2.385	2.1669 	-0.0960974 	-1.77579 	0.000138221 	-0.116083 	0.00175586 	
2.39	2.16715 	-0.096244 	-1.77573 	0.000127929 	-0.116096 	0.00174934 	
2.395	2.16739 	-0.096379 	-1.77567 	0.000118421 	-0.116109 	0.00174329 	
2.4	2.16761 	-0.0965034 	-1.77561 	0.000109638 	-0.116121 	0.00173768 	
2.405	2.16782 	-0.0966178 	-1.77555 	0.000101525 	-0.116132 	0.00173248 	
2.41	2.16801 	-0.0967232 	-1.77549 	9.40332e-05 	-0.116143 	0.00172766 	
2.415	2.16819 	-0.0968201 	-1.77543 	8.71149e-05 	-0.116152 	0.00172319 	
2.42	2.16836 	-0.0969092 	-1.77537 	8.07271e-05 	-0.116162 	0.00171905 	
2.425	2.16852 	-0.0969911 	-1.77531 	7.483e-05 	-0.11617 	0.00171521 	
2.43	2.16867 	-0.0970665 	-1.77526 	6.93862e-05 	-0.116178 	0.00171164 	
2.435	2.16881 	-0.0971358 	-1.7752 	6.43606e-05 	-0.116186 	0.00170834 	
2.44	2.16894 	-0.0971994 	-1.77515 	5.97229e-05 	-0.116193 	0.00170528 	
2.445	2.16906 	-0.0972579 	-1.77509 	5.54425e-05 	-0.1162 	0.00170244 	
2.45	2.16917 	-0.0973116 	-1.77504 	5.14921e-05 	-0.116206 	0.0016998 	
2.455	2.16928 	-0.097361 	-1.77499 	4.7847e-05 	-0.116212 	0.00169736 	
2.46	2.16938 	-0.0974063 	-1.77494 	4.44837e-05 	-0.116217 	0.0016951 	
2.465	2.16947 	-0.0974479 	-1.77489 	4.13804e-05 	-0.116223 	0.001693 	
2.47	2.16956 	-0.0974861 	-1.77485 	3.85167e-05 	-0.116227 	0.00169105 	
2.475	2.16964 	-0.0975212 	-1.7748 	3.5874e-05 	-0.116232 	0.00168925 	
2.48	2.16971 	-0.0975535 	-1.77476 	3.34349e-05 	-0.116236 	0.00168758 	
2.485	2.16978 	-0.0975831 	-1.77472 	3.11833e-05 	-0.11624 	0.00168603 	
2.49	2.16985 	-0.0976104 	-1.77468 	2.91043e-05 	-0.116244 	0.00168459 	
2.495	2.16991 	-0.0976354 	-1.77464 	2.71839e-05 	-0.116248 	0.00168326 	
2.5	2.16997 	-0.0976585 	-1.77461 	2.54095e-05 	-0.116251 	0.00168202 	
2.505	2.17002 	-0.0976798 	-1.77457 	2.37692e-05 	-0.116254 	0.00168087 	
2.51	2.17007 	-0.0976994 	-1.77454 	2.22514e-05 	-0.116257 	0.00167981 	
2.515	2.17012 	-0.0977176 	-1.77451 	2.08455e-05 	-0.116259 	0.00167883 	
2.52	2.17016 	-0.0977345 	-1.77449 	1.95439e-05 	-0.116262 	0.00167792 	
2.525	2.1702 	-0.0977501 	-1.77446 	1.83358e-05 	-0.116264 	0.00167707 	
2.53	2.17024 	-0.0977647 	-1.77444 	1.7205e-05 	-0.116266 	0.00167628 	
2.535	2.17028 	-0.0977786 	-1.77442 	1.61397e-05 	-0.116268 	0.00167554 	
2.54	2.17031 	-0.0977918 	-1.7744 	1.51301e-05 	-0.11627 	0.00167484 	
2.545	2.17035 	-0.0978045 	-1.77438 	1.41659e-05 	-0.116272 	0.00167418 	
2.55	2.17038 	-0.0978168 	-1.77436 	1.32375e-05 	-0.116274 	0.00167354 	
2.555	2.17041 	-0.0978288 	-1.77434 	1.23362e-05 	-0.116276 	0.00167294 	
2.56	2.17045 	-0.0978408 	-1.77433 	1.14539e-05 	-0.116277 	0.00167235 	
2.565	2.169 	-0.0964964 	-1.77631 	0.000109759 	-0.116281 	0.00170189 	
2.57	2.16924 	-0.0966272 	-1.77643 	0.000101466 	-0.116294 	0.00169835 	
2.575	2.16943 	-0.0967814 	-1.77649 	9.16609e-05 	-0.116304 	0.00169342 	
2.58	2.16957 	-0.0969151 	-1.7765 	8.31376e-05 	-0.116311 	0.00168882 	
2.585	2.16969 	-0.0970403 	-1.7765 	7.51606e-05 	-0.116317 	0.00168451 	
2.59	2.16982 	-0.0971576 	-1.77651 	6.76838e-05 	-0.116324 	0.00168048 	
2.595	2.16994 	-0.0972678 	-1.77651 	6.06645e-05 	-0.11633 	0.00167669 	
2.6	2.17006 	-0.0973715 	-1.77651 	5.40609e-05 	-0.116336 	0.00167313 	
2.605	2.17017 	-0.0974693 	-1.77652 	4.78333e-05 	-0.116342 	0.00166978 	
2.61	2.17028 	-0.0975616 	-1.77652 	4.19561e-05 	-0.116347 	0.00166661 	
2.615	2.17039 	-0.0976491 	-1.77652 	3.63903e-05 	-0.116353 	0.00166362 	
2.62	2.1705 	-0.0977322 	-1.77652 	3.1108e-05 	-0.116358 	0.00166078 	
2.625	2.17061 	-0.0978111 	-1.77653 	2.60868e-05 	-0.116363 	0.00165809 	
2.63	2.17122 	-0.0946166 	-1.7761 	0.000170101 	-0.116369 	0.00162293 	
2.635	2.17132 	-0.0948573 	-1.77611 	0.000155888 	-0.116377 	0.00161677 	
2.64	2.1714 	-0.0951336 	-1.7761 	0.000139714 	-0.116382 	0.00160989 	
2.645	2.17146 	-0.0953787 	-1.77609 	0.000125376 	-0.116387 	0.00160374 	
2.65	2.17153 	-0.0956083 	-1.77607 	0.000111931 	-0.116392 	0.00159795 	
2.655	2.1716 	-0.0958237 	-1.77606 	9.93073e-05 	-0.116397 	0.00159251 	
2.66	2.17168 	-0.096026 	-1.77605 	8.74381e-05 	-0.116402 	0.00158737 	
2.665	2.17176 	-0.0962164 	-1.77604 	7.62626e-05 	-0.116407 	0.00158253 	
2.67	2.17255 	-0.0929259 	-1.77537 	0.00021986 	-0.116413 	0.00153896 	
2.675	2.17263 	-0.0932706 	-1.77536 	0.000200026 	-0.11642 	0.00153089 	
2.68	2.17267 	-0.0936451 	-1.77534 	0.000178511 	-0.116425 	0.00152222 	
2.685	2.17271 	-0.0939811 	-1.77531 	0.000159197 	-0.11643 	0.00151439 	
2.69	2.17276 	-0.0942957 	-1.77529 	0.000141091 	-0.116434 	0.00150702 	
2.695	2.17282 	-0.0945907 	-1.77526 	0.000124099 	-0.116439 	0.00150008 	
2.7	2.17356 	-0.0915648 	-1.77459 	0.000254564 	-0.116445 	0.0014561 	
2.705	2.17362 	-0.0919916 	-1.77457 	0.000230177 	-0.116452 	0.00144639 	
2.71	2.17365 	-0.0924403 	-1.77454 	0.000204556 	-0.116457 	0.00143625 	
2.715	2.17368 	-0.0928462 	-1.7745 	0.000181356 	-0.116462 	0.00142701 	
2.72	2.17372 	-0.0932263 	-1.77447 	0.000159613 	-0.116466 	0.00141832 	
2.725	2.17443 	-0.0904023 	-1.77381 	0.000280232 	-0.116472 	0.0013741 	
2.73	2.17448 	-0.0908968 	-1.77378 	0.000252062 	-0.116479 	0.00136299 	
2.735	2.17451 	-0.0914069 	-1.77374 	0.000223009 	-0.116485 	0.00135157 	
2.74	2.17453 	-0.0918709 	-1.7737 	0.000196568 	-0.116489 	0.00134112 	
2.745	2.17457 	-0.0923052 	-1.77366 	0.000171793 	-0.116495 	0.00133129 	
2.75	2.17535 	-0.0891973 	-1.77292 	0.000304475 	-0.116501 	0.00128224 	
2.755	2.1754 	-0.0897566 	-1.77289 	0.000272689 	-0.116509 	0.00126975 	
2.76	2.17543 	-0.090332 	-1.77285 	0.000239978 	-0.116515 	0.00125693 	
2.765	2.17545 	-0.0908554 	-1.7728 	0.0002102 	-0.11652 	0.00124521 	
2.77	2.17614 	-0.0881896 	-1.77212 	0.000322337 	-0.116526 	0.0011985 	
2.775	2.17618 	-0.0888077 	-1.77208 	0.000287239 	-0.116534 	0.00118474 	
2.78	2.1762 	-0.0894328 	-1.77203 	0.000251732 	-0.11654 	0.00117084 	
2.785	2.17623 	-0.0900043 	-1.77198 	0.000219253 	-0.116546 	0.00115807 	
2.79	2.17695 	-0.0872033 	-1.77126 	0.000336925 	-0.116552 	0.00110839 	
2.795	2.177 	-0.0878727 	-1.77122 	0.000298948 	-0.116561 	0.0010935 	
2.8	2.17703 	-0.0885483 	-1.77116 	0.000260602 	-0.116568 	0.00107849 	
2.805	2.17705 	-0.0891662 	-1.77111 	0.000225513 	-0.116574 	0.00106469 	
2.81	2.17783 	-0.0861774 	-1.77034 	0.000351079 	-0.116581 	0.00101148 	
2.815	2.17788 	-0.0868993 	-1.7703 	0.000310158 	-0.11659 	0.000995421 	
2.82	2.17791 	-0.0876273 	-1.77024 	0.000268869 	-0.116597 	0.000979249 	
2.825	2.17794 	-0.0882929 	-1.77017 	0.000231086 	-0.116604 	0.000964383 	
2.83	2.17876 	-0.0851157 	-1.76936 	0.00036457 	-0.116611 	0.000907595 	
2.835	2.17883 	-0.0858915 	-1.76932 	0.000320627 	-0.116621 	0.000890332 	
2.84	2.17885 	-0.0866731 	-1.76925 	0.000276322 	-0.116629 	0.000872961 	
2.845	2.17888 	-0.0873878 	-1.76918 	0.00023578 	-0.116636 	0.000856998 	
2.85	2.17976 	-0.0840264 	-1.76832 	0.000376996 	-0.116644 	0.000796647 	
2.855	2.17983 	-0.0848568 	-1.76827 	0.000329984 	-0.116655 	0.000778149 	
2.86	2.17986 	-0.0856928 	-1.7682 	0.000282624 	-0.116663 	0.000759557 	
2.865	2.18055 	-0.0831829 	-1.76748 	0.000384916 	-0.116671 	0.00070568 	
2.87	2.1806 	-0.0840634 	-1.76742 	0.000335069 	-0.116681 	0.00068609 	
2.875	2.18062 	-0.0849353 	-1.76734 	0.000285691 	-0.116689 	0.000666691 	
2.88	2.18132 	-0.0824254 	-1.7666 	0.000387623 	-0.116697 	0.000611613 	
2.885	2.18137 	-0.0833423 	-1.76654 	0.000335735 	-0.116707 	0.00059119 	
2.89	2.1814 	-0.0842487 	-1.76646 	0.000284417 	-0.116716 	0.000571 	
2.895	2.18213 	-0.0816563 	-1.7657 	0.000389718 	-0.116724 	0.00051394 	
2.9	2.18218 	-0.0826092 	-1.76563 	0.000335815 	-0.116735 	0.000492689 	
2.905	2.18221 	-0.0835508 	-1.76555 	0.000282521 	-0.116744 	0.000471688 	
2.91	2.18297 	-0.0808702 	-1.76476 	0.00039145 	-0.116753 	0.000412571 	
2.915	2.18303 	-0.0818596 	-1.7647 	0.000335501 	-0.116764 	0.000390476 	
2.92	2.18306 	-0.0828371 	-1.76462 	0.000280195 	-0.116774 	0.000368649 	
2.925	2.18384 	-0.0800699 	-1.7638 	0.000392679 	-0.116783 	0.000307478 	
2.93	2.18391 	-0.0810963 	-1.76374 	0.000334659 	-0.116795 	0.000284525 	
2.935	2.18395 	-0.0821102 	-1.76365 	0.000277319 	-0.116805 	0.000261861 	
2.94	2.18475 	-0.0792587 	-1.76281 	0.00039326 	-0.116814 	0.000198652 	
2.945	2.18482 	-0.0803224 	-1.76274 	0.000333157 	-0.116827 	0.000174834 	
2.95	2.18486 	-0.0813728 	-1.76266 	0.000273773 	-0.116837 	0.000151325 	
2.955	2.18569 	-0.0784393 	-1.76179 	0.000393076 	-0.116847 	8.60995e-05 	
2.96	2.18577 	-0.0795404 	-1.76172 	0.000330887 	-0.116859 	6.14106e-05 	
2.965	2.18581 	-0.0806273 	-1.76163 	0.000269459 	-0.11687 	3.70548e-05 	
2.97	2.18667 	-0.077614 	-1.76074 	0.000392036 	-0.11688 	-3.0162e-05 	
2.975	2.18675 	-0.0787524 	-1.76067 	0.000327767 	-0.116894 	-5.57224e-05 	
2.98	2.18679 	-0.0798757 	-1.76058 	0.000264303 	-0.116905 	-8.0926e-05 	
2.985	2.18767 	-0.0767848 	-1.75967 	0.00039007 	-0.116915 	-0.000150105 	
2.99	2.18775 	-0.0779603 	-1.7596 	0.000323733 	-0.116929 	-0.000176535 	
2.995	2.1878 	-0.0791199 	-1.75951 	0.000258247 	-0.11694 	-0.000202585 	
3	2.1887 	-0.0759534 	-1.75856 	0.000387125 	-0.116951 	-0.000273694 	
3.005	2.18879 	-0.0771656 	-1.75849 	0.000318738 	-0.116965 	-0.000300991 	
3.01	2.18884 	-0.0783612 	-1.7584 	0.000251249 	-0.116977 	-0.000327881 	
3.015	2.18976 	-0.0751212 	-1.75743 	0.000383159 	-0.116988 	-0.000400886 	
3.02	2.18986 	-0.0763698 	-1.75736 	0.000312746 	-0.117002 	-0.000429045 	
3.025	2.18991 	-0.0776009 	-1.75727 	0.000243278 	-0.117015 	-0.00045677 	
3.03	2.19085 	-0.0742895 	-1.75628 	0.000378142 	-0.117026 	-0.000531634 	
3.035	2.19095 	-0.0755741 	-1.75621 	0.000305731 	-0.117041 	-0.000560647 	
3.04	2.19162 	-0.0736717 	-1.75548 	0.000376115 	-0.117053 	-0.000624281 	
3.045	2.19168 	-0.0749964 	-1.75538 	0.000301448 	-0.117066 	-0.000654131 	
3.05	2.19172 	-0.0762814 	-1.75527 	0.000228982 	-0.117078 	-0.000683116 	
3.055	2.19267 	-0.072992 	-1.75427 	0.000362478 	-0.11709 	-0.000759533 	
3.06	2.19277 	-0.0743304 	-1.7542 	0.000287086 	-0.117105 	-0.000789837 	
3.065	2.19347 	-0.0723769 	-1.75345 	0.000359371 	-0.117118 	-0.00085573 	
3.07	2.19353 	-0.0737542 	-1.75335 	0.000281796 	-0.117132 	-0.000886847 	
3.075	2.1942 	-0.0719021 	-1.7526 	0.000349411 	-0.117144 	-0.000952205 	
3.08	2.19426 	-0.073298 	-1.7525 	0.000270804 	-0.117158 	-0.000983777 	
3.085	2.19494 	-0.0714332 	-1.75175 	0.000338897 	-0.117171 	-0.00104982 	
3.09	2.195 	-0.0728462 	-1.75165 	0.000259348 	-0.117185 	-0.00108182 	
3.095	2.19569 	-0.0709581 	-1.75089 	0.000328379 	-0.117197 	-0.00114868 	
3.1	2.19576 	-0.0723884 	-1.75079 	0.000247877 	-0.117212 	-0.00118112 	
3.105	2.19647 	-0.0704771 	-1.75002 	0.000317845 	-0.117225 	-0.0012488 	
3.11	2.19654 	-0.0719251 	-1.74992 	0.000236375 	-0.117239 	-0.00128167 	
3.115	2.19725 	-0.0699916 	-1.74914 	0.000307236 	-0.117253 	-0.00135018 	
3.12	2.19733 	-0.0714573 	-1.74905 	0.000224787 	-0.117267 	-0.00138349 	
3.125	2.19805 	-0.0695026 	-1.74826 	0.000296498 	-0.117281 	-0.00145281 	
3.13	2.19813 	-0.0709862 	-1.74817 	0.000213062 	-0.117296 	-0.00148658 	
3.135	2.19886 	-0.0690112 	-1.74737 	0.000285583 	-0.11731 	-0.0015567 	
3.14	2.19895 	-0.0705129 	-1.74728 	0.000201159 	-0.117325 	-0.00159092 	
3.145	2.19969 	-0.0685185 	-1.74648 	0.000274452 	-0.117339 	-0.00166184 	
3.15	2.19977 	-0.0700381 	-1.74638 	0.000189039 	-0.117355 	-0.0016965 	
3.155	2.20052 	-0.0680251 	-1.74558 	0.000263071 	-0.117369 	-0.00176821 	
3.16	2.20061 	-0.0695628 	-1.74548 	0.000176674 	-0.117384 	-0.00180333 	
3.165	2.20137 	-0.0675319 	-1.74467 	0.000251413 	-0.117399 	-0.00187582 	
3.17	2.20147 	-0.0690874 	-1.74457 	0.000164037 	-0.117415 	-0.00191138 	
3.175	2.20223 	-0.0670396 	-1.74375 	0.000239453 	-0.117429 	-0.00198463 	
3.18	2.20233 	-0.0686128 	-1.74366 	0.000151108 	-0.117445 	-0.00202064 	
3.185	2.2031 	-0.0665486 	-1.74283 	0.000227171 	-0.11746 	-0.00209464 	
3.19	2.2032 	-0.0681393 	-1.74274 	0.000137868 	-0.117476 	-0.00213109 	
3.195	2.20398 	-0.0660595 	-1.7419 	0.000214553 	-0.117491 	-0.00220582 	
3.2	2.20408 	-0.0676676 	-1.74181 	0.000124303 	-0.117507 	-0.00224271 	
3.205	2.20487 	-0.0655729 	-1.74096 	0.000201584 	-0.117522 	-0.00231817 	
3.21	2.20497 	-0.067198 	-1.74087 	0.000110402 	-0.117539 	-0.00235549 	
3.215	2.20577 	-0.065089 	-1.74002 	0.000188254 	-0.117554 	-0.00243165 	
3.22	2.20587 	-0.066731 	-1.73994 	9.6155e-05 	-0.117571 	-0.00246941 	
3.225	2.20668 	-0.0646074 	-1.7391 	0.000174759 	-0.117585 	-0.00254615 	
3.23	2.07013 	-0.107176 	-1.25158 	0.0102981 	-0.0995027 	-0.00429462 	
3.235	1.67049 	-0.226208 	0.175792 	0.0401762 	-0.0464867 	-0.00934046 	
3.24	1.70992 	-0.216016 	0.0357378 	0.0371543 	-0.051708 	-0.00888977 	
3.245	1.73355 	-0.177939 	0.0632576 	0.0402128 	-0.0519147 	-0.0135558 	
3.25	1.72624 	-0.0880669 	0.429617 	0.0555533 	-0.0421819 	-0.0289315 	
3.255	1.7428 	-0.049478 	0.486581 	0.0593775 	-0.0413015 	-0.0340056 	
3.26	1.76209 	0.0187758 	0.738304 	0.0704674 	-0.0353467 	-0.0458767 	
3.265	1.67529 	-0.0176231 	1.11455 	0.0779992 	-0.0217086 	-0.0470579 	
3.27	1.18464 	-0.159761 	2.39028 	0.100787 	0.0303278 	-0.044374 	
3.275	1.25929 	-0.153337 	2.08885 	0.0933023 	0.0196277 	-0.0413485 	
3.28	1.32909 	-0.148408 	1.80912 	0.0863837 	0.00955518 	-0.0385918 	
3.285	1.39341 	-0.142402 	1.55034 	0.0799777 	0.000351915 	-0.03601 	
3.29	1.45347 	-0.138254 	1.3101 	0.0740323 	-0.00831237 	-0.0336533 	
3.295	1.50891 	-0.132628 	1.08796 	0.0685518 	-0.0162286 	-0.031452 	
3.3	1.56059 	-0.129177 	0.88163 	0.0634407 	-0.0236819 	-0.0294382 	
3.305	1.6084 	-0.123896 	0.69097 	0.0587537 	-0.0304914 	-0.0275632 	
3.31	1.65286 	-0.121065 	0.513764 	0.0543577 	-0.0369035 	-0.0258434 	
3.315	1.69411 	-0.116098 	0.350137 	0.0503513 	-0.0427613 	-0.0242482 	
3.32	1.73237 	-0.113819 	0.197947 	0.0465684 	-0.0482779 	-0.0227804 	
3.325	1.76797 	-0.109135 	0.0575394 	0.0431455 	-0.0533175 	-0.0214252 	
3.33	1.8009 	-0.107347 	-0.0731641 	0.039888 	-0.0580642 	-0.0201735 	
3.335	1.83165 	-0.102919 	-0.193629 	0.0369656 	-0.0624002 	-0.0190241 	
3.34	1.85999 	-0.101568 	-0.305878 	0.0341584 	-0.0664847 	-0.0179576 	
3.345	1.88656 	-0.0973704 	-0.409213 	0.0316651 	-0.0702156 	-0.0169847 	
3.35	1.91096 	-0.0964062 	-0.505612 	0.0292438 	-0.0737308 	-0.016077 	
3.355	1.93394 	-0.0924163 	-0.594234 	0.0271185 	-0.0769415 	-0.0152554 	
3.36	1.95494 	-0.091796 	-0.67702 	0.025028 	-0.079967 	-0.0144839 	
3.365	1.97483 	-0.0879927 	-0.753005 	0.0232182 	-0.0827303 	-0.0137921 	
3.37	1.99292 	-0.0876775 	-0.824099 	0.0214112 	-0.0853347 	-0.0131373 	
3.375	2.01015 	-0.0840415 	-0.88923 	0.0198719 	-0.0877134 	-0.0125569 	
3.38	2.02573 	-0.0839969 	-0.950281 	0.0183078 	-0.0899558 	-0.0120022 	
3.385	2.04068 	-0.0805109 	-1.00609 	0.0170005 	-0.0920036 	-0.0115172 	
3.39	2.0541 	-0.0807062 	-1.05852 	0.0156446 	-0.0939346 	-0.0110483 	
3.395	2.06708 	-0.0773546 	-1.10632 	0.0145361 	-0.095698 	-0.0106452 	
3.4	2.07864 	-0.0777625 	-1.15134 	0.0133585 	-0.0973613 	-0.0102499 	
3.405	2.08993 	-0.0745311 	-1.19226 	0.0124206 	-0.0988801 	-0.00991696 	
3.41	2.0999 	-0.0751272 	-1.23092 	0.0113959 	-0.100313 	-0.00958481 	
3.415	2.10974 	-0.0720035 	-1.26593 	0.0106041 	-0.101622 	-0.00931206 	
3.42	2.11833 	-0.0727663 	-1.29913 	0.00971032 	-0.102857 	-0.00903402 	
3.425	2.12692 	-0.0697388 	-1.32907 	0.00904388 	-0.103984 	-0.0088129 	
3.43	2.13433 	-0.0706491 	-1.35757 	0.00826228 	-0.105049 	-0.00858127 	
3.435	2.14184 	-0.0677077 	-1.38316 	0.00770326 	-0.106021 	-0.00840442 	
3.44	2.14824 	-0.0687485 	-1.40763 	0.00701778 	-0.106939 	-0.00821258 	
3.445	2.15483 	-0.0658842 	-1.42947 	0.00655085 	-0.107777 	-0.00807371 	
3.45	2.16035 	-0.0670403 	-1.45048 	0.00594772 	-0.10857 	-0.007916 	
3.455	2.16614 	-0.064245 	-1.46911 	0.00555971 	-0.109293 	-0.00780969 	
3.46	2.17092 	-0.0655031 	-1.48714 	0.00502712 	-0.109977 	-0.00768126 	
3.465	2.17602 	-0.0627696 	-1.50301 	0.00470676 	-0.110601 	-0.00760287 	
3.47	2.18015 	-0.0641178 	-1.5185 	0.0042346 	-0.111192 	-0.00749954 	
3.475	2.18467 	-0.0614398 	-1.53199 	0.00397221 	-0.111732 	-0.0074451 	
3.48	2.18824 	-0.0628675 	-1.54528 	0.00355182 	-0.112243 	-0.0073633 	
3.485	2.19226 	-0.0602394 	-1.55674 	0.0033391 	-0.112709 	-0.00732939 	
3.49	2.19535 	-0.0617373 	-1.56815 	0.00296305 	-0.113151 	-0.00726606 	
3.495	2.19893 	-0.0591542 	-1.57787 	0.00279289 	-0.113554 	-0.00724975 	
3.5	2.20161 	-0.0607139 	-1.58766 	0.00245483 	-0.113937 	-0.00720227 	
3.505	2.20481 	-0.0581714 	-1.59587 	0.00232111 	-0.114286 	-0.00720103 	
3.51	2.20714 	-0.0597856 	-1.60427 	0.00201559 	-0.114618 	-0.00716715 	
3.515	2.21002 	-0.0572799 	-1.61119 	0.00191309 	-0.11492 	-0.00717884 	
3.52	2.21205 	-0.0589419 	-1.6184 	0.00163546 	-0.115208 	-0.00715661 	
3.525	2.21465 	-0.0564698 	-1.62422 	0.00155968 	-0.11547 	-0.00717937 	
3.53	2.21642 	-0.0581739 	-1.63041 	0.00130593 	-0.115721 	-0.00716715 	
3.535	2.21878 	-0.0557324 	-1.63527 	0.00125302 	-0.115949 	-0.00719938 	
3.54	2.22032 	-0.0574733 	-1.64058 	0.00101975 	-0.116167 	-0.00719574 	
3.545	2.22248 	-0.05506 	-1.64463 	0.000986396 	-0.116365 	-0.00723609 	
3.55	2.22383 	-0.0568332 	-1.64918 	0.000770671 	-0.116555 	-0.00723981 	
3.555	2.22581 	-0.0544457 	-1.65253 	0.000754045 	-0.116728 	-0.00728709 	
3.56	2.22699 	-0.0562471 	-1.65643 	0.000553365 	-0.116895 	-0.00729712 	
3.565	2.22882 	-0.0538838 	-1.65918 	0.00055103 	-0.117045 	-0.00735033 	
3.57	2.22986 	-0.0557095 	-1.66253 	0.000363254 	-0.117191 	-0.00736577 	
3.575	2.23156 	-0.0533688 	-1.66476 	0.000373118 	-0.117323 	-0.00742403 	
3.58	2.23247 	-0.0552157 	-1.66763 	0.000196417 	-0.117451 	-0.00744411 	
3.585	2.23406 	-0.0528962 	-1.66942 	0.000216685 	-0.117567 	-0.00750668 	
3.59	2.23487 	-0.0547612 	-1.67189 	4.94924e-05 	-0.117679 	-0.00753074 	
3.595	2.23635 	-0.0524619 	-1.6733 	7.86241e-05 	-0.117781 	-0.00759697 	
3.6	2.23707 	-0.0543424 	-1.67541 	-8.03967e-05 	-0.117881 	-0.00762443 	
3.605	2.23848 	-0.0520623 	-1.67649 	-4.3726e-05 	-0.117971 	-0.00769377 	
3.61	2.23912 	-0.053956 	-1.6783 	-0.000195717 	-0.118059 	-0.00772415 	
3.615	2.24045 	-0.0516943 	-1.67911 	-0.000152646 	-0.118138 	-0.00779611 	
3.62	2.24102 	-0.0535989 	-1.68065 	-0.000298581 	-0.118217 	-0.00782898 	
3.625	2.24229 	-0.0513551 	-1.68122 	-0.000250088 	-0.118287 	-0.00790316 	
3.63	2.2428 	-0.0532688 	-1.68255 	-0.0003908 	-0.118357 	-0.00793816 	
3.635	2.24401 	-0.0510423 	-1.68291 	-0.000337725 	-0.11842 	-0.0080142 	
3.64	2.24448 	-0.0529633 	-1.68405 	-0.000473922 	-0.118483 	-0.00805101 	
3.645	2.24564 	-0.0507538 	-1.68424 	-0.000416992 	-0.118539 	-0.00812859 	
3.65	2.24607 	-0.0526804 	-1.68521 	-0.000549276 	-0.118596 	-0.00816695 	
3.655	2.24719 	-0.0504877 	-1.68525 	-0.000489114 	-0.118646 	-0.00824581 	
3.66	2.24758 	-0.0524185 	-1.68608 	-0.000618 	-0.118697 	-0.00828547 	
3.665	2.24866 	-0.0502425 	-1.686 	-0.000555143 	-0.118743 	-0.00836538 	
3.67	2.24902 	-0.0521761 	-1.68671 	-0.000681066 	-0.11879 	-0.00840615 	
3.675	2.25007 	-0.0500166 	-1.68651 	-0.000615979 	-0.118831 	-0.0084869 	
3.68	2.2504 	-0.0519518 	-1.68712 	-0.000739308 	-0.118874 	-0.0085286 	
3.685	2.25142 	-0.0498088 	-1.68683 	-0.000672392 	-0.118912 	-0.00861002 	
3.69	2.25173 	-0.0517444 	-1.68735 	-0.000793439 	-0.118951 	-0.0086525 	
3.695	2.25273 	-0.049618 	-1.68699 	-0.000725041 	-0.118985 	-0.00873444 	
3.7	1.95421 	0.168253 	-1.00244 	-0.0230076 	-0.0841637 	-0.009685 	
3.705	1.07829 	0.811003 	1.00267 	-0.0880155 	0.0176933 	-0.0124112 	
3.71	0.823872 	1.00459 	1.5541 	-0.105073 	0.0464273 	-0.0155352 	
3.715	-0.0972568 	1.69954 	3.56305 	-0.167763 	0.15036 	-0.0251267 	
3.72	-0.265647 	1.83025 	3.93098 	-0.179077 	0.169926 	-0.0274429 	
3.725	-1.11661 	2.47433 	5.7936 	-0.23731 	0.267201 	-0.036555 	
3.73	-1.22408 	2.55887 	6.03012 	-0.244538 	0.280157 	-0.0381712 	
3.735	-1.97427 	3.12546 	7.6747 	-0.295914 	0.366711 	-0.0463586 	
3.74	-2.02622 	3.02605 	7.78409 	-0.2812 	0.372999 	-0.0461021 	
3.745	-2.8221 	3.18982 	9.48713 	-0.281121 	0.462996 	-0.0499627 	
3.75	-2.96462 	3.04478 	9.61031 	-0.260986 	0.471445 	-0.0450106 	
3.755	-3.88762 	3.15178 	11.2938 	-0.255084 	0.562957 	-0.0417972 	
3.76	-3.64077 	2.7305 	11.0021 	-0.207711 	0.545868 	-0.0407359 	
3.765	-3.8455 	2.04738 	11.8031 	-0.120181 	0.585484 	-0.036731 	
3.77	-3.54545 	1.78277 	11.2541 	-0.100564 	0.556171 	-0.0353576 	
3.775	-3.5417 	1.66177 	11.5425 	-0.0696284 	0.56908 	-0.049385 	
3.78	-3.3684 	1.85923 	10.9774 	-0.0880971 	0.540908 	-0.046983 	
3.785	-2.96843 	0.646391 	11.0855 	0.0185744 	0.539157 	-0.0430516 	
3.79	-2.54593 	0.0394802 	10.4613 	0.0666567 	0.504151 	-0.0305469 	
3.795	-2.40003 	-0.0646086 	10.4564 	0.100577 	0.500922 	-0.0448313 	
3.8	-2.28449 	-0.220823 	10.2605 	0.0996577 	0.49072 	-0.0311513 	
3.805	-2.15697 	-0.335906 	10.2809 	0.132381 	0.488964 	-0.0434154 	
3.81	-2.04064 	-0.464224 	10.0913 	0.12905 	0.478981 	-0.029225 	
3.815	-1.98556 	-0.521029 	10.2075 	0.145581 	0.483054 	-0.032698 	
3.82	-1.87505 	-0.603682 	10.0348 	0.137484 	0.473881 	-0.0196755 	
3.825	-1.8386 	-0.665544 	10.1338 	0.159479 	0.477344 	-0.0266503 	
3.83	-1.71598 	-0.734003 	9.95232 	0.149656 	0.467543 	-0.0138505 	
3.835	-1.69126 	-0.77662 	10.0521 	0.170456 	0.471217 	-0.0219878 	
3.84	-1.56977 	-0.812879 	9.87499 	0.157548 	0.461636 	-0.0106273 	
3.845	-1.60799 	-0.844765 	10.0451 	0.178037 	0.469551 	-0.0175389 	
3.85	-1.49055 	-0.777915 	9.84815 	0.152789 	0.45932 	-0.00563258 	
3.855	-1.56798 	-0.640699 	10.0607 	0.156897 	0.470042 	-0.0173654 	
3.86	-1.45229 	-0.587178 	9.86434 	0.133333 	0.45982 	-0.00564547 	
3.865	-1.57758 	-0.40993 	10.1246 	0.139099 	0.473176 	-0.0223415 	
3.87	-1.59126 	-0.228674 	10.0072 	0.110733 	0.467873 	-0.0182229 	
3.875	-1.54994 	-0.106894 	10.0148 	0.100178 	0.466936 	-0.0158717 	
3.88	-1.45659 	-0.0769757 	9.82632 	0.0887839 	0.456668 	-0.0105392 	
3.885	-1.41981 	-0.0761429 	9.84374 	0.0918308 	0.45661 	-0.0112314 	
3.89	-1.28862 	-0.102583 	9.65915 	0.0833113 	0.4465 	-0.00397685 	
3.895	-1.23233 	-0.132209 	9.6624 	0.0919868 	0.445774 	-0.00694585 	
3.9	-1.12707 	-0.157036 	9.50792 	0.0836463 	0.437432 	0.000193946 	
3.905	-1.0828 	-0.182241 	9.53073 	0.0925623 	0.437743 	-0.00328118 	
3.91	-0.989676 	-0.203652 	9.39333 	0.0840818 	0.430345 	0.00373108 	
3.915	-0.957038 	-0.225538 	9.43167 	0.0932978 	0.431515 	-0.000173041 	
3.92	-0.873965 	-0.243982 	9.30638 	0.0846533 	0.424807 	0.00674158 	
3.925	-0.851438 	-0.263082 	9.35635 	0.0941674 	0.426639 	0.00244385 	
3.93	-0.811551 	-0.154762 	9.29145 	0.0719818 	0.423142 	0.00893456 	
3.935	-0.926999 	0.165199 	9.50953 	0.0463961 	0.434225 	0.00321256 	
3.94	-0.919848 	0.0978641 	9.38427 	0.0438374 	0.428747 	0.0119165 	
3.945	-0.938109 	0.311062 	9.45158 	0.0269709 	0.43149 	0.00952057 	
3.95	-1.03183 	0.474889 	9.49711 	0.006425 	0.434988 	0.00721581 	
3.955	-0.895323 	0.336818 	9.31909 	0.028976 	0.424608 	-0.000215478 	
3.96	-0.841154 	0.119451 	9.29129 	0.0447254 	0.422716 	0.00455579 	
3.965	-0.804506 	0.158067 	9.19921 	0.0511331 	0.417711 	-0.00482964 	
3.97	-0.956839 	0.381072 	9.41511 	0.0241942 	0.429752 	-0.00424777 	
3.975	-0.935842 	0.32391 	9.36765 	0.0303164 	0.427221 	-0.00211611 	
3.98	-1.1021 	0.676436 	9.59337 	-0.00478548 	0.43975 	-0.00676074 	
3.985	-1.19446 	0.856555 	9.66555 	-0.021138 	0.444333 	-0.010141 	
3.99	-1.17961 	0.74122 	9.66258 	-0.0120776 	0.44402 	-0.00489559 	
3.995	-1.2955 	0.982369 	9.72936 	-0.0354522 	0.448768 	-0.00962809 	
4	-1.34225 	1.0362 	9.74626 	-0.0441612 	0.450302 	-0.00732027 	
4.005	-1.29492 	0.862897 	9.73729 	-0.0233898 	0.44909 	-0.00624333 	
4.01	-1.23818 	0.621817 	9.6964 	-0.000260819 	0.446381 	-0.00533601 	
4.015	-1.30247 	0.661885 	9.75476 	0.000905737 	0.449931 	-0.0102324 	
4.02	-1.25089 	0.453891 	9.71593 	0.0205866 	0.447396 	-0.00891938 	
4.025	-1.31293 	0.517914 	9.76937 	0.0189014 	0.450683 	-0.0129486 	
4.03	-1.26091 	0.312399 	9.7305 	0.0386362 	0.448183 	-0.011765 	
4.035	-1.30874 	0.329518 	9.77824 	0.0424808 	0.451163 	-0.0162215 	
4.04	-1.22989 	0.0996659 	9.71246 	0.0636096 	0.447274 	-0.0137283 	
4.045	-1.2024 	0.0285981 	9.69289 	0.0727852 	0.446302 	-0.0134765 	
4.05	-1.1886 	-0.0389319 	9.70408 	0.0767362 	0.447033 	-0.00964576 	
4.055	-1.16434 	-0.098798 	9.68167 	0.0850768 	0.44591 	-0.00958698 	
4.06	-1.14454 	-0.165291 	9.68235 	0.0893291 	0.445972 	-0.00624799 	
4.065	-1.09168 	-0.264311 	9.61973 	0.102796 	0.442403 	-0.00785867 	
4.07	-1.00505 	-0.386861 	9.55088 	0.1137 	0.438054 	-0.00733745 	
4.075	-0.933342 	-0.494322 	9.47003 	0.128705 	0.43329 	-0.0102003 	
4.08	-0.862942 	-0.601813 	9.41651 	0.138059 	0.429872 	-0.00923483 	
4.085	-0.793327 	-0.677232 	9.32974 	0.149422 	0.424829 	-0.0117458 	
4.09	-0.741339 	-0.738607 	9.30418 	0.153343 	0.42293 	-0.00926491 	
4.095	-0.708657 	-0.828022 	9.30786 	0.168342 	0.422549 	-0.0126326 	
4.1	-0.654502 	-0.793939 	9.12042 	0.159855 	0.41341 	-0.0102815 	
4.105	-0.840016 	-0.688102 	9.52314 	0.160477 	0.434733 	-0.0164394 	
4.11	-0.76965 	-0.601072 	9.26865 	0.144424 	0.422313 	-0.0130052 	
4.115	-0.918891 	-0.530073 	9.62799 	0.146072 	0.441046 	-0.0171449 	
4.12	-0.865788 	-0.443058 	9.37892 	0.131739 	0.429132 	-0.0154251 	
4.125	-0.947343 	-0.446877 	9.64766 	0.138055 	0.442596 	-0.0169501 	
4.13	-0.858936 	-0.388618 	9.35678 	0.127275 	0.42806 	-0.0145401 	
4.135	-1.07238 	-0.217064 	9.87607 	0.114373 	0.455057 	-0.0143492 	
4.14	-0.928846 	-0.239243 	9.45966 	0.108176 	0.433992 	-0.0105607 	
4.145	-0.940999 	-0.307481 	9.63169 	0.123934 	0.441534 	-0.0146778 	
4.15	-0.826326 	-0.31388 	9.30794 	0.112668 	0.425318 	-0.00788991 	
4.155	-0.864422 	-0.338457 	9.51307 	0.123791 	0.43507 	-0.0113027 	
4.16	-0.755864 	-0.342674 	9.20689 	0.112397 	0.419731 	-0.00459858 	
4.165	-0.798554 	-0.365196 	9.43733 	0.123073 	0.430683 	-0.00778322 	
4.17	-0.687629 	-0.367332 	9.13603 	0.111087 	0.415511 	-0.00071393 	
4.175	-0.729667 	-0.385532 	9.31198 	0.126364 	0.423877 	-0.00775383 	
4.18	-0.632589 	-0.422177 	9.1009 	0.112614 	0.413111 	0.00324281 	
4.185	-0.627088 	-0.566372 	9.17979 	0.146508 	0.416118 	-0.00920263 	
4.19	-0.480752 	-0.703851 	8.88439 	0.148484 	0.400502 	-0.0036736 	
4.195	-0.506036 	-0.79896 	9.04001 	0.172114 	0.407538 	-0.0116075 	
4.2	-0.390777 	-0.863214 	8.77224 	0.170705 	0.393645 	-0.00847011 	
4.205	-0.425353 	-0.939044 	8.99998 	0.187974 	0.404358 	-0.0134216 	
4.21	-0.328782 	-0.926846 	8.67807 	0.178194 	0.388407 	-0.00937436 	
4.215	-0.359956 	-1.01654 	8.88991 	0.20044 	0.398127 	-0.0166894 	
4.22	-0.220155 	-1.10466 	8.56558 	0.198828 	0.381348 	-0.0123109 	
4.225	-0.254977 	-1.30109 	8.90128 	0.235434 	0.396757 	-0.0225693 	
4.23	-0.181124 	-1.28253 	8.60458 	0.222889 	0.382304 	-0.0164769 	
4.235	-0.280752 	-1.33465 	9.02418 	0.238758 	0.40241 	-0.0199073 	
4.24	-0.18901 	-1.30232 	8.66539 	0.229827 	0.384764 	-0.0180828 	
4.245	-0.311291 	-1.3529 	9.05453 	0.240543 	0.404048 	-0.0169751 	
4.25	-0.19325 	-1.30162 	8.75406 	0.231071 	0.388542 	-0.0176849 	
4.255	-0.323572 	-1.28932 	9.1052 	0.234877 	0.406306 	-0.0165972 	
4.26	-0.245287 	-1.26483 	8.80237 	0.227356 	0.391382 	-0.0148288 	
4.265	-0.336009 	-1.30863 	9.11225 	0.237821 	0.406524 	-0.015464 	
4.27	-0.259843 	-1.28203 	8.80579 	0.229893 	0.391489 	-0.0136175 	
4.275	-0.349046 	-1.32417 	9.116 	0.240482 	0.406603 	-0.0146523 	
4.28	-0.271149 	-1.29594 	8.80576 	0.232309 	0.391377 	-0.0129044 	
4.285	-0.360471 	-1.33683 	9.11788 	0.243042 	0.406562 	-0.0142288 	
4.29	-0.280098 	-1.30728 	8.80382 	0.234649 	0.39113 	-0.0125901 	
4.295	-0.37044 	-1.34727 	9.11847 	0.24554 	0.406432 	-0.0141456 	
4.3	-0.28237 	-1.32634 	8.79504 	0.238081 	0.390451 	-0.0128602 	
4.305	-0.362028 	-1.40332 	9.09272 	0.253747 	0.404774 	-0.0154908 	
4.31	-0.229213 	-1.43569 	8.69002 	0.253205 	0.384451 	-0.0170729 	
4.315	-0.238295 	-1.60805 	8.87912 	0.280204 	0.392653 	-0.0237135 	
4.32	-0.15178 	-1.65858 	8.58841 	0.281836 	0.378232 	-0.0239105 	
4.325	-0.0720305 	-1.74723 	8.58737 	0.299389 	0.376723 	-0.0330252 	
4.33	-0.0253143 	-1.81203 	8.38963 	0.302747 	0.367258 	-0.0319742 	
4.335	0.0124105 	-1.91296 	8.4738 	0.321638 	0.370294 	-0.039661 	
4.34	0.0238321 	-1.99683 	8.37892 	0.327575 	0.366031 	-0.0378655 	
4.345	0.0987478 	-2.04942 	8.36834 	0.340837 	0.364145 	-0.0463952 	
4.35	0.104202 	-2.12159 	8.28193 	0.345508 	0.360349 	-0.0443538 	
4.355	0.171952 	-2.16511 	8.28368 	0.357779 	0.359124 	-0.0525989 	
4.36	0.172705 	-2.2286 	8.20656 	0.361448 	0.355813 	-0.0503253 	
4.365	0.236484 	-2.26148 	8.20973 	0.372466 	0.354721 	-0.0583109 	
4.37	0.173706 	-2.35263 	8.2475 	0.379281 	0.35753 	-0.0540025 	
4.375	0.0788592 	-2.48898 	8.58976 	0.402329 	0.373848 	-0.0575181 	
4.38	0.146159 	-2.47634 	8.35279 	0.397105 	0.361939 	-0.0569032 	
4.385	0.0456455 	-2.59676 	8.67801 	0.41836 	0.377622 	-0.0600582 	
4.39	0.117317 	-2.56776 	8.41709 	0.411232 	0.364611 	-0.0594083 	
4.395	0.0126523 	-2.67846 	8.73552 	0.431314 	0.380085 	-0.0622668 	
4.4	0.0581758 	-2.64828 	8.44484 	0.420679 	0.366419 	-0.0580713 	
4.405	-0.164404 	-2.77428 	8.71211 	0.433009 	0.38225 	-0.049439 	
4.41	-0.160971 	-2.71893 	8.4078 	0.420668 	0.368766 	-0.044227 	
4.415	-0.368908 	-2.83997 	8.6797 	0.433088 	0.384506 	-0.0366191 	
4.42	-0.234894 	-2.77918 	8.27965 	0.417438 	0.364586 	-0.034276 	
4.425	-0.081669 	-2.89289 	8.25769 	0.419876 	0.361287 	-0.0333604 	
4.43	0.0884735 	-2.80862 	7.80799 	0.402201 	0.338501 	-0.0326328 	
4.435	0.269274 	-2.93535 	7.82449 	0.406686 	0.336368 	-0.0334084 	
4.44	0.412915 	-2.88713 	7.53286 	0.396788 	0.320965 	-0.0349 	
4.445	0.339579 	-3.00378 	7.97879 	0.423595 	0.341921 	-0.0435232 	
4.45	0.40906 	-2.92286 	7.69805 	0.413414 	0.328239 	-0.0443905 	
4.455	0.301362 	-3.06194 	8.20082 	0.441745 	0.352316 	-0.0511991 	
4.46	0.345748 	-2.9923 	7.95368 	0.432118 	0.340606 	-0.0506952 	
4.465	0.385917 	-2.98839 	8.06602 	0.44318 	0.344748 	-0.0607932 	
4.47	0.378158 	-2.96105 	7.93658 	0.437726 	0.339238 	-0.0583198 	
4.475	0.407338 	-2.97218 	8.08692 	0.449889 	0.345182 	-0.0677448 	
4.48	0.416044 	-2.9195 	7.88583 	0.440867 	0.336181 	-0.0651188 	
4.485	0.440667 	-2.92987 	8.02259 	0.451979 	0.341681 	-0.0736273 	
4.49	0.468661 	-2.8461 	7.63291 	0.431993 	0.324096 	-0.0657651 	
4.495	0.545722 	-2.7679 	7.33159 	0.418771 	0.309415 	-0.0645047 	
4.5	0.487692 	-2.87362 	7.74405 	0.441784 	0.328628 	-0.0717781 	
4.505	0.568721 	-2.83602 	7.50771 	0.431014 	0.316792 	-0.0695221 	
4.51	0.507376 	-2.8939 	7.83992 	0.450455 	0.332419 	-0.0775247 	
4.515	0.648952 	-2.76971 	7.26653 	0.422212 	0.304646 	-0.0708284 	
4.52	0.702211 	-2.66314 	6.96728 	0.409267 	0.290403 	-0.0709781 	
4.525	0.628316 	-2.75745 	7.41244 	0.434278 	0.311265 	-0.0800151 	
4.53	0.764629 	-2.71147 	7.03756 	0.415628 	0.292411 	-0.0745846 	
4.535	0.888023 	-2.82897 	7.10302 	0.419126 	0.293311 	-0.0732892 	
4.54	0.992266 	-2.79664 	6.84429 	0.406733 	0.280099 	-0.0703468 	
4.545	1.09179 	-2.87944 	6.85962 	0.407616 	0.279152 	-0.0687385 	
4.55	1.16901 	-2.74295 	6.48406 	0.390939 	0.261054 	-0.0692204 	
4.555	1.21845 	-2.49079 	6.03723 	0.373497 	0.240004 	-0.0765894 	
4.56	1.28475 	-2.29583 	5.52372 	0.349677 	0.215997 	-0.075585 	
4.565	1.32823 	-2.07697 	5.14384 	0.335047 	0.198065 	-0.0823903 	
4.57	1.39415 	-1.92633 	4.65439 	0.310923 	0.175268 	-0.0778686 	
4.575	1.43783 	-1.76004 	4.31666 	0.29688 	0.159322 	-0.0812309 	
4.58	1.45325 	-1.58613 	4.19851 	0.296918 	0.1533 	-0.0947188 	
4.585	1.50775 	-1.47147 	3.80178 	0.27707 	0.134844 	-0.0903377 	
4.59	1.56233 	-1.36979 	3.40423 	0.256614 	0.116404 	-0.0845437 	
4.595	1.61278 	-1.27481 	3.03671 	0.237743 	0.0993551 	-0.0792887 	
4.6	1.6599 	-1.18788 	2.69461 	0.220119 	0.0834915 	-0.0742536 	
4.605	1.70363 	-1.10731 	2.37751 	0.203783 	0.0687885 	-0.0695892 	
4.61	1.7442 	-1.03264 	2.08357 	0.188643 	0.0551608 	-0.065268 	
4.615	1.78184 	-0.963425 	1.81111 	0.174609 	0.0425297 	-0.0612646 	
4.62	1.81677 	-0.899275 	1.55854 	0.161602 	0.0308219 	-0.0575554 	
4.625	1.84917 	-0.839818 	1.32441 	0.149546 	0.0199698 	-0.0541186 	
4.63	1.87924 	-0.784712 	1.10737 	0.138372 	0.00991065 	-0.0509342 	
4.635	1.90715 	-0.733637 	0.906162 	0.128016 	0.00058625 	-0.0479835 	
4.64	1.93304 	-0.6863 	0.719633 	0.118417 	-0.00805726 	-0.0452492 	
4.645	1.95708 	-0.642426 	0.546704 	0.10952 	-0.0160698 	-0.0427155 	
4.65	1.9675 	-0.581813 	0.502799 	0.109488 	-0.0183956 	-0.0475862 	
4.655	1.95345 	-0.48574 	0.694903 	0.125884 	-0.0103478 	-0.0665398 	
4.66	1.97612 	-0.456548 	0.52365 	0.116438 	-0.018197 	-0.0624494 	
4.665	1.99717 	-0.429494 	0.364886 	0.107683 	-0.0254735 	-0.0586593 	
4.67	2.01358 	-0.62674 	0.818999 	0.129695 	-0.00545026 	-0.061413 	
4.675	2.02262 	-1.25423 	2.44247 	0.21035 	0.0666439 	-0.0764976 	
4.68	2.04043 	-1.16887 	2.14326 	0.194722 	0.053152 	-0.0716764 	
4.685	2.04362 	-1.17363 	2.26826 	0.202762 	0.0584946 	-0.0775945 	
4.69	2.01991 	-1.34585 	3.18879 	0.255264 	0.0991406 	-0.103848 	
4.695	2.02265 	-1.23341 	2.95791 	0.244883 	0.0887732 	-0.104425 	
4.7	1.99467 	-1.08841 	2.98997 	0.252328 	0.0901749 	-0.119771 	
4.705	2.00433 	-1.08882 	3.01148 	0.25425 	0.090039 	-0.121672 	
4.71	1.99268 	-1.23643 	3.75315 	0.297281 	0.120075 	-0.143215 	
4.715	1.99912 	-1.2251 	3.71361 	0.295533 	0.117582 	-0.14305 	
4.72	1.97776 	-1.35996 	4.38836 	0.334398 	0.145096 	-0.161986 	
4.725	1.94968 	-1.44704 	4.46614 	0.33535 	0.149667 	-0.155194 	
4.73	1.82506 	-1.88799 	5.57723 	0.387546 	0.201521 	-0.157488 	
4.735	1.79808 	-1.92052 	5.53757 	0.383032 	0.20076 	-0.150615 	
4.74	1.65466 	-2.27894 	6.47889 	0.426997 	0.245282 	-0.152039 	
4.745	1.63138 	-2.26696 	6.34297 	0.418059 	0.240108 	-0.14523 	
4.75	1.47448 	-2.55237 	7.13479 	0.454864 	0.278137 	-0.146089 	
4.755	1.4966 	-2.42687 	6.76089 	0.43606 	0.260875 	-0.141951 	
4.76	1.4445 	-2.41368 	6.98207 	0.450272 	0.269557 	-0.151813 	
4.765	1.42965 	-2.36153 	6.85394 	0.443756 	0.26427 	-0.15003 	
4.77	1.26855 	-2.60801 	7.47958 	0.471049 	0.295202 	-0.146384 	
4.775	1.29999 	-2.54597 	7.21257 	0.456698 	0.283252 	-0.141289 	
4.78	1.20562 	-2.61533 	7.45347 	0.467167 	0.295741 	-0.140535 	
4.785	1.217 	-2.58267 	7.29912 	0.458605 	0.289039 	-0.136893 	
4.79	1.06093 	-2.78716 	7.91766 	0.487167 	0.319245 	-0.137541 	
4.795	1.06956 	-2.71469 	7.63422 	0.471719 	0.306916 	-0.131484 	
4.8	0.918488 	-2.8966 	8.2029 	0.498142 	0.334787 	-0.132358 	
4.805	0.937807 	-2.81389 	7.89453 	0.481757 	0.321131 	-0.126753 	
4.81	0.791278 	-2.97504 	8.41736 	0.506212 	0.346863 	-0.127829 	
4.815	0.81896 	-2.88366 	8.08736 	0.488977 	0.332076 	-0.122537 	
4.82	0.677288 	-3.02916 	8.57556 	0.511988 	0.356164 	-0.123851 	
4.825	0.720602 	-2.9128 	8.18222 	0.4918 	0.338254 	-0.118773 	
4.83	0.612888 	-2.99701 	8.50912 	0.507038 	0.354531 	-0.120048 	
4.835	0.660884 	-2.88398 	8.12317 	0.48734 	0.336851 	-0.115277 	
4.84	0.556643 	-2.97143 	8.45593 	0.502953 	0.35331 	-0.116734 	
4.845	0.609403 	-2.86173 	8.07747 	0.483749 	0.335862 	-0.112276 	
4.85	0.510973 	-2.95537 	8.425 	0.500255 	0.352849 	-0.114181 	
4.855	0.567434 	-2.84799 	8.05174 	0.481408 	0.335554 	-0.109965 	
4.86	0.47332 	-2.9463 	8.41089 	0.498624 	0.352956 	-0.112234 	
4.865	0.523672 	-2.85854 	8.08593 	0.482197 	0.337916 	-0.108162 	
4.87	0.406793 	-3.01354 	8.58482 	0.506287 	0.36194 	-0.110561 	
4.875	0.463289 	-2.92023 	8.24401 	0.489163 	0.346078 	-0.106605 	
4.88	0.348916 	-3.06396 	8.72155 	0.512358 	0.369087 	-0.109253 	
4.885	0.405514 	-2.96122 	8.35909 	0.494162 	0.352258 	-0.10518 	
4.89	0.293492 	-3.07786 	8.80535 	0.516467 	0.373805 	-0.109182 	
4.895	0.360727 	-2.9241 	8.39952 	0.497893 	0.354831 	-0.108817 	
4.9	0.262822 	-3.06885 	8.83062 	0.518659 	0.375566 	-0.11017 	
4.905	0.332805 	-2.97237 	8.45946 	0.499975 	0.358129 	-0.105794 	
4.91	0.232685 	-3.10916 	8.87694 	0.520074 	0.378284 	-0.107142 	
4.915	0.304751 	-3.00768 	8.4987 	0.501131 	0.360483 	-0.103018 	
4.92	0.207655 	-3.13961 	8.90814 	0.520941 	0.380208 	-0.104623 	
4.925	0.281432 	-3.03504 	8.52595 	0.501861 	0.36219 	-0.10069 	
4.93	0.185564 	-3.16186 	8.92744 	0.521361 	0.381526 	-0.102485 	
4.935	0.215991 	-3.06927 	8.57984 	0.50297 	0.365838 	-0.0965039 	
4.94	0.168733 	-3.18047 	8.94213 	0.521718 	0.382676 	-0.10063 	
4.945	0.862301 	-2.7989 	7.74904 	0.475411 	0.317916 	-0.12011 	
4.95	1.05577 	-2.59454 	7.06923 	0.443422 	0.284474 	-0.11836 	
4.955	1.42539 	-2.39164 	6.45372 	0.420079 	0.250214 	-0.129862 	
4.96	1.37913 	-2.38644 	6.35582 	0.412713 	0.246876 	-0.122919 	
4.965	1.0565 	-2.71128 	7.24822 	0.451006 	0.292033 	-0.115697 	
4.97	1.07229 	-2.66398 	7.04055 	0.439604 	0.282722 	-0.111196 	
4.975	0.943284 	-2.90884 	7.73387 	0.472785 	0.315432 	-0.113518 	
4.98	0.965983 	-2.83946 	7.47574 	0.459091 	0.303761 	-0.109152 	
4.985	0.833694 	-3.04431 	8.0845 	0.488216 	0.33278 	-0.111189 	
4.99	0.862806 	-2.95973 	7.78986 	0.472861 	0.319381 	-0.106915 	
4.995	0.729876 	-3.13707 	8.33884 	0.499126 	0.345765 	-0.108763 	
5	0.765274 	-3.04192 	8.01792 	0.482596 	0.331094 	-0.104609 	
5.005	0.634356 	-3.19973 	8.52336 	0.506818 	0.355514 	-0.106408 	
5.01	0.67586 	-3.09721 	8.18327 	0.48945 	0.339891 	-0.102388 	
5.015	0.548344 	-3.24109 	8.65668 	0.512198 	0.362833 	-0.104216 	
5.02	0.595326 	-3.13332 	8.30223 	0.494208 	0.346481 	-0.100318 	
5.025	0.470956 	-3.26677 	8.75098 	0.515822 	0.368278 	-0.102166 	
5.03	0.475111 	-3.17028 	8.42516 	0.498191 	0.353997 	-0.0960336 	
5.035	0.404302 	-3.28293 	8.81862 	0.518334 	0.372521 	-0.100225 	
5.04	1.11575 	-2.88439 	7.60863 	0.471733 	0.306745 	-0.121402 	
5.045	1.29292 	-2.67392 	6.93953 	0.440071 	0.274085 	-0.119711 	
5.05	1.65193 	-2.46527 	6.33403 	0.417168 	0.240443 	-0.131562 	
5.055	1.53562 	-2.47217 	6.29026 	0.411057 	0.240758 	-0.121962 	
5.06	1.10683 	-2.83889 	7.32779 	0.454751 	0.294023 	-0.111647 	
5.065	1.39215 	-2.62656 	6.68717 	0.427746 	0.260479 	-0.117801 	
5.07	1.53343 	-2.43657 	6.08435 	0.398734 	0.231506 	-0.11523 	
5.075	1.78921 	-2.25252 	5.53498 	0.37592 	0.202521 	-0.121351 	
5.08	1.92038 	-2.08957 	5.01771 	0.351256 	0.177472 	-0.119711 	
5.085	2.18122 	-1.93119 	4.5484 	0.33286 	0.151866 	-0.12751 	
5.09	2.31136 	-1.79111 	4.10508 	0.312174 	0.130047 	-0.127174 	
5.095	2.5727 	-1.65488 	3.70409 	0.297449 	0.107398 	-0.13616 	
5.1	2.69773 	-1.53468 	3.32391 	0.280042 	0.0884226 	-0.136659 	
5.105	2.95593 	-1.41755 	2.98127 	0.268358 	0.0683686 	-0.146434 	
5.11	3.07291 	-1.31456 	2.65502 	0.253654 	0.0518942 	-0.147411 	
5.115	3.32547 	-1.21386 	2.36224 	0.244493 	0.0341151 	-0.157682 	
5.12	3.43247 	-1.12571 	2.0821 	0.232018 	0.01984 	-0.158875 	
5.125	3.67786 	-1.03915 	1.83197 	0.224954 	0.00405242 	-0.169426 	
5.13	3.7737 	-0.963792 	1.59125 	0.214317 	-0.00829025 	-0.170642 	
5.135	4.01104 	-0.889375 	1.3776 	0.209 	-0.0223404 	-0.181319 	
5.14	4.08062 	-0.825351 	1.16956 	0.199453 	-0.032767 	-0.181521 	
5.145	4.23077 	-0.758784 	0.997071 	0.19284 	-0.0429436 	-0.187359 	
5.15	4.03658 	-0.482671 	1.5631 	0.15629 	0.00508431 	-0.176638 	
5.155	3.75371 	0.187297 	3.47003 	0.0816731 	0.147184 	-0.169997 	
5.16	3.57869 	0.369365 	3.76751 	0.0552943 	0.175528 	-0.159436 	
5.165	3.28285 	0.943833 	5.38526 	-0.00941094 	0.297171 	-0.151828 	
5.17	3.16273 	1.07493 	5.49219 	-0.0302397 	0.311853 	-0.139559 	
5.175	2.95902 	1.61102 	6.8323 	-0.0920379 	0.415471 	-0.124298 	
5.18	2.83952 	1.66982 	6.77612 	-0.10438 	0.417483 	-0.114575 	
5.185	2.59091 	2.09202 	7.85062 	-0.15344 	0.501355 	-0.102713 	
5.19	2.48605 	2.09891 	7.67917 	-0.15966 	0.494208 	-0.094806 	
5.195	2.22688 	2.4399 	8.56522 	-0.199769 	0.563853 	-0.0851173 	
5.2	2.14359 	2.4114 	8.31834 	-0.201748 	0.550496 	-0.0784997 	
5.205	1.88803 	2.69596 	9.07473 	-0.235544 	0.610184 	-0.070401 	
5.21	1.82662 	2.64222 	8.77467 	-0.234329 	0.592313 	-0.064883 	
5.215	1.58214 	2.88703 	9.44095 	-0.263604 	0.644944 	-0.0579669 	
5.22	1.54241 	2.81402 	9.09802 	-0.259895 	0.623318 	-0.0533524 	
5.225	1.31456 	3.02795 	9.68629 	-0.28571 	0.669615 	-0.0473123 	
5.23	1.29359 	2.94174 	9.31756 	-0.280112 	0.645629 	-0.0435042 	
5.235	1.07994 	3.13551 	9.86101 	-0.303402 	0.688275 	-0.0383028 	
5.24	1.07612 	3.03945 	9.47434 	-0.296351 	0.662562 	-0.0351393 	
5.245	0.877592 	3.21891 	9.98805 	-0.317863 	0.702688 	-0.0305126 	
5.25	0.888982 	3.11543 	9.58866 	-0.309666 	0.675681 	-0.0278909 	
5.255	0.704956 	3.28459 	10.0819 	-0.329866 	0.714004 	-0.0237069 	
5.26	0.729573 	3.17543 	9.67337 	-0.320744 	0.686009 	-0.0215507 	
5.265	0.5588 	3.33706 	10.1523 	-0.339951 	0.723013 	-0.0177261 	
5.27	0.594768 	3.22349 	9.73706 	-0.330072 	0.69425 	-0.0159753 	
5.275	0.435758 	3.37951 	10.2059 	-0.348508 	0.730274 	-0.0124524 	
5.28	0.481382 	3.26196 	9.78431 	-0.337955 	0.700815 	-0.0110542 	
5.285	0.332947 	3.41238 	10.242 	-0.355656 	0.735822 	-0.00778807 	
5.29	0.38771 	3.2924 	9.81667 	-0.344584 	0.705874 	-0.00671577 	
5.295	0.247071 	3.43748 	10.2639 	-0.361529 	0.73993 	-0.00381133 	
5.3	0.40798 	3.17967 	9.40221 	-0.334819 	0.677363 	-0.00579201 	
5.305	0.579186 	2.94248 	8.61985 	-0.309158 	0.619809 	-0.0100504 	
5.31	0.739807 	2.7207 	7.87227 	-0.285712 	0.565213 	-0.0124866 	
5.315	0.937994 	2.51604 	7.18213 	-0.262535 	0.513742 	-0.0178036 	
5.32	1.12025 	2.32641 	6.54245 	-0.241093 	0.466071 	-0.022633 	
5.325	1.33541 	2.15158 	5.95217 	-0.219856 	0.421073 	-0.0299931 	
5.33	1.52933 	1.98951 	5.40479 	-0.200334 	0.37947 	-0.0364656 	
5.335	1.75235 	1.84017 	4.89987 	-0.18096 	0.340148 	-0.0451705 	
5.34	1.94989 	1.70164 	4.43138 	-0.163274 	0.303868 	-0.052662 	
5.345	2.17391 	1.57409 	3.99942 	-0.145673 	0.269518 	-0.0621661 	
5.35	2.36916 	1.45566 	3.59829 	-0.12973 	0.2379 	-0.0701939 	
5.355	2.58953 	1.34671 	3.22866 	-0.11379 	0.207897 	-0.0801023 	
5.36	2.77873 	1.24545 	2.88519 	-0.099462 	0.180355 	-0.0883403 	
5.365	2.94574 	1.16287 	2.59289 	-0.0877545 	0.157012 	-0.0948542 	
5.37	2.86835 	1.35715 	3.11855 	-0.111656 	0.19726 	-0.0850334 	
5.375	2.67683 	2.0142 	5.05267 	-0.184924 	0.33953 	-0.0694702 	
5.38	2.64251 	2.01417 	5.24198 	-0.188596 	0.343399 	-0.0630818 	
5.385	2.51963 	2.26598 	6.64307 	-0.219495 	0.412616 	-0.054979 	
5.39	2.25824 	2.32633 	6.83988 	-0.223734 	0.423976 	-0.0519282 	
5.395	1.74081 	2.65581 	8.1229 	-0.255242 	0.497426 	-0.0419546 	
5.4	1.63694 	2.61308 	8.01768 	-0.25413 	0.493562 	-0.0362372 	
5.405	1.24535 	2.90876 	9.13175 	-0.285972 	0.570983 	-0.0267377 	
5.41	1.07673 	2.89619 	9.00788 	-0.279982 	0.560579 	-0.0258693 	
5.415	0.592215 	3.13092 	9.9312 	-0.304902 	0.617596 	-0.0152782 	
5.42	0.444087 	2.89895 	9.48484 	-0.280969 	0.573413 	-0.0168648 	
5.425	-0.335809 	2.70682 	10.0379 	-0.25285 	0.559525 	-0.0195904 	
5.43	-0.505246 	2.51214 	9.68164 	-0.230678 	0.522714 	-0.0218567 	
5.435	-0.922391 	2.34464 	9.93424 	-0.21378 	0.507024 	-0.0191133 	
5.44	-1.23195 	2.18572 	9.79535 	-0.18915 	0.477255 	-0.0253456 	
5.445	-1.61063 	2.01382 	10.0151 	-0.169593 	0.460042 	-0.0243641 	
5.45	-1.93493 	1.89307 	9.85481 	-0.15124 	0.422709 	-0.0286486 	
5.455	-2.74022 	1.73167 	9.90135 	-0.131119 	0.34738 	-0.0310603 	
5.46	-3.58818 	1.42041 	9.50596 	-0.0920836 	0.233238 	-0.0413866 	
5.465	-4.47847 	1.31821 	9.53152 	-0.0777721 	0.143073 	-0.0444276 	
5.47	-6.10673 	1.66205 	9.00342 	-0.113848 	-0.0511005 	-0.0420358 	
5.475	-8.39128 	2.75812 	8.87547 	-0.238828 	-0.2659 	-0.0156837 	
5.48	-7.89966 	2.66772 	9.08818 	-0.22837 	-0.206737 	-0.014823 	
5.485	-7.34441 	2.61505 	9.4438 	-0.22364 	-0.15732 	-0.0150774 	
5.49	-6.79006 	2.62094 	9.59148 	-0.225841 	-0.103845 	-0.0170539 	
5.495	-6.29965 	2.62089 	9.89018 	-0.226917 	-0.0557428 	-0.0140908 	
5.5	-6.23453 	2.42949 	9.80869 	-0.206757 	-0.0622423 	-0.0206152 	
5.505	-6.66977 	2.20796 	9.88088 	-0.17705 	-0.113303 	-0.0368108 	
5.51	-6.84135 	1.98833 	9.762 	-0.15197 	-0.141677 	-0.0438819 	
5.515	-7.24274 	1.81225 	9.75649 	-0.129832 	-0.19401 	-0.0528228 	
5.52	-7.95309 	1.61036 	9.40395 	-0.103347 	-0.29964 	-0.0666329 	
5.525	-7.60227 	1.64532 	9.59849 	-0.109762 	-0.256206 	-0.0601031 	
5.53	-8.53771 	1.81513 	9.45229 	-0.127052 	-0.357925 	-0.0595875 	
5.535	-11.4267 	3.08673 	8.9171 	-0.272334 	-0.662755 	-0.0266733 	
5.54	-13.493 	3.59235 	8.4253 	-0.322696 	-0.905264 	-0.0254127 	
5.545	-12.3874 	3.64249 	8.75489 	-0.324833 	-0.797534 	-0.0251644 	
5.55	-11.5264 	3.57966 	9.28379 	-0.321687 	-0.689766 	-0.0266643 	
5.555	-10.8948 	3.66505 	9.71992 	-0.328631 	-0.615125 	-0.0217902 	
5.56	-10.4577 	3.453 	10.0806 	-0.306908 	-0.551056 	-0.02074 	
5.565	-8.32941 	2.24455 	10.4195 	-0.170143 	-0.368355 	-0.047546 	
5.57	-4.41066 	0.233536 	11.542 	0.0547391 	0.0748548 	-0.0760694 	
5.575	-0.0975441 	-2.11492 	12.3569 	0.319191 	0.512334 	-0.118838 	
5.58	3.63936 	-4.25189 	13.1081 	0.568562 	0.915055 	-0.170714 	
5.585	6.95895 	-6.0245 	13.4783 	0.774475 	1.25554 	-0.205136 	
5.59	8.4065 	-6.56186 	13.7971 	0.839972 	1.47467 	-0.19191 	
5.595	7.43669 	-5.90803 	13.0707 	0.779616 	1.37612 	-0.193019 	
5.6	6.43983 	-5.20156 	12.5032 	0.722467 	1.29611 	-0.197618 	
5.605	5.49336 	-4.75746 	11.8129 	0.67961 	1.19735 	-0.195558 	
5.61	4.21974 	-4.41338 	11.234 	0.648707 	1.07066 	-0.195292 	
5.615	3.35597 	-3.86021 	10.4418 	0.59132 	0.934372 	-0.209072 	
5.62	2.14598 	-3.42996 	10.3859 	0.550502 	0.8585 	-0.197101 	
5.625	0.52677 	-2.97336 	9.63093 	0.498958 	0.650935 	-0.191818 	
5.63	-3.18431 	-1.28377 	9.12924 	0.312771 	0.310458 	-0.152832 	
5.635	-4.80763 	0.215083 	8.62392 	0.133935 	0.133915 	-0.117836 	
5.64	-9.53842 	-0.621358 	7.52355 	0.252225 	-0.434516 	-0.151694 	
5.645	-11.4418 	0.79039 	6.79898 	0.0820202 	-0.677343 	-0.116665 	
5.65	-11.0799 	0.980006 	7.73831 	0.0568967 	-0.595119 	-0.11261 	
5.655	-10.0988 	1.11031 	7.78374 	0.0388815 	-0.536484 	-0.110284 	
5.66	-9.37572 	1.34617 	8.63736 	0.0119199 	-0.434646 	-0.108809 	
5.665	-8.55448 	1.46465 	8.72568 	-0.00496438 	-0.375097 	-0.106058 	
5.67	-8.00038 	1.76453 	9.41835 	-0.0361878 	-0.286127 	-0.105022 	
5.675	-8.23225 	2.08128 	9.20269 	-0.0800865 	-0.33378 	-0.0961971 	
5.68	-10.6616 	2.9829 	9.12464 	-0.179185 	-0.567475 	-0.0832563 	
5.685	-9.72317 	3.05653 	9.10225 	-0.180217 	-0.492231 	-0.10162 	
5.69	-8.6142 	2.61826 	9.68464 	-0.135846 	-0.36497 	-0.0995354 	
5.695	-6.0179 	1.44909 	10.0771 	-0.00983889 	-0.114973 	-0.113192 	
5.7	-3.42695 	-0.0612936 	11.1315 	0.153714 	0.184221 	-0.131262 	
5.705	-0.404008 	-1.54021 	11.4758 	0.317989 	0.480634 	-0.15167 	
5.71	1.76262 	-2.89424 	12.2705 	0.468356 	0.742227 	-0.168077 	
5.715	3.50668 	-3.67776 	12.1281 	0.564185 	0.905584 	-0.186227 	
5.72	2.75831 	-3.24106 	12.2202 	0.528957 	0.876284 	-0.194996 	
5.725	2.19922 	-2.80258 	11.8007 	0.480723 	0.841006 	-0.186269 	
5.73	1.58039 	-2.22951 	11.6365 	0.435658 	0.810432 	-0.188539 	
5.735	1.0315 	-1.90106 	11.3723 	0.397437 	0.778381 	-0.182784 	
5.74	0.481161 	-1.6108 	11.0346 	0.384163 	0.710472 	-0.200243 	
5.745	0.310697 	-1.3194 	10.7671 	0.34277 	0.692349 	-0.190927 	
5.75	0.0468812 	-0.736884 	11.1248 	0.283646 	0.725717 	-0.192763 	
5.755	-0.0812718 	-0.510901 	10.8836 	0.249884 	0.705934 	-0.183057 	
5.76	-0.522238 	-0.274148 	11.0406 	0.225319 	0.696268 	-0.180594 	
5.765	-0.527009 	-0.145313 	10.6015 	0.205761 	0.658324 	-0.173703 	
5.77	-0.948247 	0.0784244 	10.7925 	0.185018 	0.652405 	-0.173118 	
5.775	-0.916393 	0.249749 	10.3819 	0.166025 	0.620298 	-0.168294 	
5.78	-1.22649 	0.519255 	10.5533 	0.138488 	0.62179 	-0.164106 	
5.785	-1.18251 	0.654495 	10.1498 	0.127405 	0.588657 	-0.163491 	
5.79	-1.45894 	0.801891 	10.2404 	0.114574 	0.579577 	-0.164304 	
5.795	-1.47232 	0.839196 	10.0688 	0.0993839 	0.557073 	-0.153077 	
5.8	-1.82031 	0.899693 	10.2204 	0.0860404 	0.543392 	-0.141851 	
5.805	-1.82416 	0.95021 	10.0368 	0.0718377 	0.519715 	-0.132909 	
5.81	-2.13967 	1.00217 	10.2016 	0.0600363 	0.509218 	-0.122754 	
5.815	-2.11165 	1.04926 	10.0256 	0.0472807 	0.488257 	-0.11537 	
5.82	-2.39982 	1.09411 	10.2001 	0.0368467 	0.480472 	-0.106152 	
5.825	-2.34663 	1.13733 	10.0285 	0.0254913 	0.46163 	-0.100189 	
5.83	-2.61254 	1.17506 	10.2087 	0.0163558 	0.456088 	-0.0917524 	
5.835	-2.53904 	1.21434 	10.039 	0.00631166 	0.438935 	-0.0870663 	
5.84	-2.78878 	1.24479 	10.2227 	-0.00149958 	0.435134 	-0.0793809 	
5.845	-2.69765 	1.28029 	10.0526 	-0.0103851 	0.419376 	-0.0757716 	
5.85	-2.9343 	1.30478 	10.2388 	-0.0170749 	0.417119 	-0.0687089 	
5.855	-2.83046 	1.33647 	10.0676 	-0.0248101 	0.402335 	-0.0661517 	
5.86	-3.05621 	1.35508 	10.2549 	-0.0304733 	0.401388 	-0.0595731 	
5.865	-2.94108 	1.38381 	10.082 	-0.0372429 	0.387472 	-0.0579279 	
5.87	-3.1587 	1.3972 	10.2702 	-0.041971 	0.387638 	-0.0517769 	
