0	0.0375657 	-0.00170152 	-0.0284831 	4.31391e-06 	-0.00180521 	8.30314e-05 	
0.005	0.185079 	-0.00838305 	-0.140331 	2.12538e-05 	-0.00889393 	0.00040908 	
0.01	0.321796 	-0.0145756 	-0.243993 	3.69539e-05 	-0.0154638 	0.000711265 	
0.015	0.448506 	-0.0203148 	-0.340067 	5.15048e-05 	-0.0215529 	0.000991333 	
0.02	0.565943 	-0.025634 	-0.42911 	6.49904e-05 	-0.0271963 	0.0012509 	
0.025	0.674784 	-0.0305639 	-0.511635 	7.74881e-05 	-0.0324267 	0.00149147 	
0.03	0.77566 	-0.0351329 	-0.58812 	8.90701e-05 	-0.0372743 	0.00171443 	
0.035	0.869153 	-0.0393675 	-0.659006 	9.98028e-05 	-0.0417671 	0.00192107 	
0.04	0.955803 	-0.0432921 	-0.724703 	0.000109748 	-0.0459311 	0.00211258 	
0.045	1.03611 	-0.0469294 	-0.785591 	0.000118963 	-0.0497904 	0.00229008 	
0.05	1.11054 	-0.0503004 	-0.842022 	0.000127502 	-0.0533674 	0.00245457 	
0.055	1.17953 	-0.0534246 	-0.894321 	0.000135412 	-0.0566825 	0.00260703 	
0.06	1.24347 	-0.0563201 	-0.94279 	0.00014274 	-0.0597551 	0.00274832 	
0.065	1.30272 	-0.0590036 	-0.987711 	0.000149528 	-0.062603 	0.00287926 	
0.07	1.35765 	-0.0614906 	-1.02934 	0.000155814 	-0.0652424 	0.00300061 	
0.075	1.40855 	-0.0637955 	-1.06793 	0.000161637 	-0.0676888 	0.00311308 	
0.08	1.45573 	-0.0659316 	-1.10368 	0.000167028 	-0.0699562 	0.0032173 	
0.085	1.49945 	-0.0679112 	-1.13682 	0.000172019 	-0.0720578 	0.00331389 	
0.09	1.53998 	-0.0697459 	-1.16753 	0.00017664 	-0.0740057 	0.0034034 	
0.095	1.57754 	-0.0714461 	-1.19599 	0.000180916 	-0.0758111 	0.00348635 	
0.1	1.61236 	-0.0730217 	-1.22236 	0.000184873 	-0.0774846 	0.00356322 	
0.105	1.64463 	-0.0744819 	-1.24681 	0.000188533 	-0.0790357 	0.00363445 	
0.11	1.67454 	-0.0758351 	-1.26945 	0.000191918 	-0.0804734 	0.00370046 	
0.115	1.70226 	-0.0770891 	-1.29044 	0.000195048 	-0.081806 	0.00376163 	
0.12	1.72795 	-0.0782511 	-1.30989 	0.000197941 	-0.0830413 	0.0038183 	
0.125	1.75177 	-0.0793279 	-1.32792 	0.000200615 	-0.0841864 	0.00387082 	
0.13	1.77384 	-0.0803257 	-1.34462 	0.000203084 	-0.0852478 	0.00391948 	
0.135	1.7943 	-0.0812504 	-1.36009 	0.000205363 	-0.0862317 	0.00396456 	
0.14	1.81327 	-0.0821071 	-1.37443 	0.000207466 	-0.0871438 	0.00400633 	
0.145	1.83085 	-0.082901 	-1.38771 	0.000209406 	-0.0879893 	0.00404503 	
0.15	1.84714 	-0.0836365 	-1.40002 	0.000211194 	-0.0887732 	0.00408088 	
0.155	1.86225 	-0.084318 	-1.41143 	0.000212841 	-0.0894999 	0.00411409 	
0.16	1.87625 	-0.0849494 	-1.42199 	0.000214357 	-0.0901736 	0.00414485 	
0.165	1.88772 	-0.0842346 	-1.434 	0.000276399 	-0.0908017 	0.00416415 	
0.17	1.90006 	-0.084838 	-1.44324 	0.000274529 	-0.0913934 	0.00418954 	
0.175	1.91144 	-0.0854105 	-1.45173 	0.000271934 	-0.0919411 	0.00421259 	
0.18	1.92191 	-0.0859329 	-1.45953 	0.000269852 	-0.0924462 	0.0042339 	
0.185	1.93161 	-0.0864168 	-1.46675 	0.000267911 	-0.0929146 	0.00425363 	
0.19	1.94061 	-0.0868651 	-1.47345 	0.000266099 	-0.0933489 	0.0042719 	
0.195	1.94895 	-0.0872802 	-1.47964 	0.000264407 	-0.0937518 	0.00428881 	
0.2	1.95669 	-0.0876647 	-1.48538 	0.000262826 	-0.0941254 	0.00430447 	
0.205	1.96386 	-0.0880208 	-1.49069 	0.000261346 	-0.094472 	0.00431896 	
0.21	1.97051 	-0.0883505 	-1.49561 	0.000259961 	-0.0947935 	0.00433236 	
0.215	1.97668 	-0.0886558 	-1.50016 	0.000258663 	-0.0950918 	0.00434476 	
0.22	1.9824 	-0.0889384 	-1.50438 	0.000257445 	-0.0953686 	0.00435623 	
0.225	1.98613 	-0.0878582 	-1.51058 	0.000319253 	-0.0956288 	0.0043577 	
0.23	1.99135 	-0.0881661 	-1.51435 	0.000314826 	-0.0958795 	0.00436654 	
0.235	1.99615 	-0.0884645 	-1.51776 	0.000309865 	-0.0961113 	0.00437424 	
0.24	2.00051 	-0.0887328 	-1.52086 	0.000305586 	-0.0963236 	0.00438132 	
0.245	2.00456 	-0.0889811 	-1.52373 	0.000301605 	-0.0965208 	0.00438786 	
0.25	2.00832 	-0.0892109 	-1.52638 	0.000297898 	-0.0967039 	0.00439389 	
0.255	2.0118 	-0.0894235 	-1.52883 	0.000294446 	-0.096874 	0.00439946 	
0.26	2.01504 	-0.0896201 	-1.5311 	0.00029123 	-0.097032 	0.00440459 	
0.265	2.01804 	-0.089802 	-1.53319 	0.000288232 	-0.0971788 	0.00440931 	
0.27	2.02083 	-0.0899702 	-1.53512 	0.000285436 	-0.0973152 	0.00441366 	
0.275	2.02171 	-0.088685 	-1.53939 	0.00035078 	-0.0974457 	0.00440822 	
0.28	2.02445 	-0.0889011 	-1.54121 	0.000344659 	-0.0975771 	0.00441089 	
0.285	2.02693 	-0.0891148 	-1.54281 	0.000338086 	-0.0976981 	0.00441282 	
0.29	2.02914 	-0.0893037 	-1.54422 	0.000332345 	-0.0978076 	0.00441454 	
0.295	2.0312 	-0.0894784 	-1.54552 	0.000327006 	-0.0979095 	0.0044161 	
0.3	2.03311 	-0.0896398 	-1.54671 	0.000322038 	-0.0980043 	0.00441751 	
0.305	2.03488 	-0.089789 	-1.54781 	0.000317414 	-0.0980927 	0.00441879 	
0.31	2.03653 	-0.0899268 	-1.54882 	0.000313109 	-0.098175 	0.00441995 	
0.315	2.03643 	-0.0886783 	-1.55214 	0.000374337 	-0.0982551 	0.00441233 	
0.32	2.03817 	-0.0888652 	-1.55315 	0.000367056 	-0.0983393 	0.00441229 	
0.325	2.03974 	-0.0890515 	-1.55401 	0.000359433 	-0.0984168 	0.00441171 	
0.33	2.04111 	-0.0892155 	-1.55474 	0.000352697 	-0.0984862 	0.0044111 	
0.335	2.04238 	-0.0893669 	-1.5554 	0.000346432 	-0.098551 	0.0044105 	
0.34	2.04357 	-0.0895068 	-1.55601 	0.000340605 	-0.0986116 	0.00440991 	
0.345	2.04467 	-0.0896359 	-1.55656 	0.000335183 	-0.0986682 	0.00440932 	
0.35	2.04409 	-0.0884089 	-1.55941 	0.000394298 	-0.0987244 	0.00440062 	
0.355	2.04536 	-0.0885872 	-1.56002 	0.000386101 	-0.0987863 	0.00439909 	
0.36	2.04649 	-0.0887653 	-1.56051 	0.000377637 	-0.0988432 	0.00439713 	
0.365	2.04746 	-0.0889217 	-1.5609 	0.000370113 	-0.0988937 	0.00439523 	
0.37	2.04836 	-0.0890662 	-1.56125 	0.000363117 	-0.098941 	0.00439343 	
0.375	2.0492 	-0.0891995 	-1.56156 	0.000356611 	-0.0989853 	0.00439173 	
0.38	2.04999 	-0.0893225 	-1.56184 	0.000350558 	-0.099027 	0.00439011 	
0.385	2.04897 	-0.0879755 	-1.56464 	0.000414914 	-0.0990697 	0.00438014 	
0.39	2.05001 	-0.0881557 	-1.56504 	0.000405803 	-0.0991204 	0.00437763 	
0.395	2.05091 	-0.0883361 	-1.56532 	0.000396432 	-0.0991667 	0.00437469 	
0.4	2.05166 	-0.0884937 	-1.5655 	0.000388112 	-0.0992068 	0.00437187 	
0.405	2.05235 	-0.088639 	-1.56565 	0.000380378 	-0.0992446 	0.00436922 	
0.41	2.05301 	-0.0887731 	-1.56579 	0.000373186 	-0.0992801 	0.00436672 	
0.415	2.05196 	-0.0875246 	-1.56831 	0.000432625 	-0.099317 	0.00435683 	
0.42	2.05285 	-0.0877096 	-1.56857 	0.000422752 	-0.0993616 	0.0043536 	
0.425	2.05363 	-0.0878942 	-1.56872 	0.000412707 	-0.0994023 	0.00435002 	
0.43	2.05427 	-0.0880561 	-1.56879 	0.000403735 	-0.0994377 	0.00434661 	
0.435	2.05487 	-0.0882055 	-1.56884 	0.000395395 	-0.0994711 	0.0043434 	
0.44	2.05544 	-0.0883433 	-1.56888 	0.00038764 	-0.0995027 	0.00434038 	
0.445	2.05421 	-0.0870272 	-1.57146 	0.000450355 	-0.0995362 	0.00433001 	
0.45	2.05506 	-0.0872201 	-1.57164 	0.000439751 	-0.0995784 	0.00432628 	
0.455	2.05578 	-0.0874124 	-1.57173 	0.000428987 	-0.0996168 	0.00432217 	
0.46	2.05637 	-0.0875806 	-1.57172 	0.000419378 	-0.0996497 	0.00431826 	
0.465	2.05691 	-0.0877359 	-1.5717 	0.000410447 	-0.0996809 	0.00431459 	
0.47	2.05743 	-0.087879 	-1.57168 	0.000402145 	-0.0997104 	0.00431114 	
0.475	2.05605 	-0.0864844 	-1.57436 	0.000468836 	-0.0997423 	0.00430039 	
0.48	2.05689 	-0.0866874 	-1.57451 	0.000457466 	-0.0997841 	0.00429621 	
0.485	2.05759 	-0.0868896 	-1.57454 	0.000445945 	-0.0998218 	0.00429163 	
0.49	2.05815 	-0.0870661 	-1.57449 	0.000435672 	-0.0998538 	0.00428727 	
0.495	2.05867 	-0.087229 	-1.57442 	0.000426125 	-0.0998841 	0.00428317 	
0.5	2.05749 	-0.0860183 	-1.57678 	0.000483968 	-0.0999161 	0.00427304 	
0.505	2.05828 	-0.0862288 	-1.57687 	0.000471988 	-0.0999566 	0.0042684 	
0.51	2.05896 	-0.086437 	-1.57686 	0.000459971 	-0.0999935 	0.00426346 	
0.515	2.05951 	-0.0866205 	-1.57678 	0.000449178 	-0.100025 	0.00425876 	
0.52	2.06003 	-0.0867898 	-1.57668 	0.00043915 	-0.100056 	0.00425436 	
0.525	2.05878 	-0.0855525 	-1.57909 	0.000498514 	-0.100088 	0.00424419 	
0.53	2.05959 	-0.085771 	-1.57916 	0.000485986 	-0.100129 	0.00423924 	
0.535	2.06027 	-0.0859868 	-1.57913 	0.000473436 	-0.100166 	0.00423398 	
0.54	2.06082 	-0.0861769 	-1.57903 	0.000462166 	-0.100198 	0.00422898 	
0.545	2.06134 	-0.0863523 	-1.57891 	0.000451695 	-0.100229 	0.00422429 	
0.55	2.06003 	-0.0850704 	-1.5814 	0.000513536 	-0.100261 	0.00421407 	
0.555	2.06085 	-0.0852976 	-1.58147 	0.000500433 	-0.100303 	0.00420883 	
0.56	2.06155 	-0.085522 	-1.58143 	0.000487317 	-0.100342 	0.00420325 	
0.565	2.06211 	-0.0857194 	-1.5813 	0.000475548 	-0.100374 	0.00419794 	
0.57	2.06264 	-0.0859014 	-1.58117 	0.000464614 	-0.100405 	0.00419296 	
0.575	2.06125 	-0.0845758 	-1.58375 	0.000528951 	-0.100439 	0.00418275 	
0.58	2.06211 	-0.0848124 	-1.58381 	0.000515252 	-0.100482 	0.00417722 	
0.585	2.06282 	-0.0850458 	-1.58376 	0.000501549 	-0.100521 	0.00417131 	
0.59	2.06339 	-0.0852509 	-1.58363 	0.00048926 	-0.100555 	0.00416569 	
0.595	2.06393 	-0.0854401 	-1.58348 	0.000477846 	-0.100586 	0.00416041 	
0.6	2.06249 	-0.0840734 	-1.58615 	0.000544612 	-0.100621 	0.00415028 	
0.605	2.06337 	-0.0843197 	-1.58621 	0.000530302 	-0.100666 	0.00414444 	
0.61	2.06411 	-0.0845624 	-1.58616 	0.000515999 	-0.100706 	0.0041382 	
0.615	2.06469 	-0.0847757 	-1.58601 	0.00050318 	-0.10074 	0.00413226 	
0.62	2.06358 	-0.0836751 	-1.58823 	0.000556793 	-0.100776 	0.00412274 	
0.625	2.06442 	-0.0839274 	-1.58824 	0.000542007 	-0.10082 	0.00411647 	
0.63	2.06514 	-0.0841743 	-1.58815 	0.000527377 	-0.10086 	0.00410995 	
0.635	2.06574 	-0.0843936 	-1.58799 	0.000514161 	-0.100895 	0.00410377 	
0.64	2.06463 	-0.0832979 	-1.59023 	0.000567799 	-0.100932 	0.00409441 	
0.645	2.06548 	-0.083556 	-1.59023 	0.000552636 	-0.100976 	0.00408792 	
0.65	2.06622 	-0.0838082 	-1.59014 	0.000537648 	-0.101017 	0.00408118 	
0.655	2.06683 	-0.0840323 	-1.58997 	0.000524106 	-0.101053 	0.00407479 	
0.66	2.06569 	-0.0829171 	-1.59226 	0.000579035 	-0.10109 	0.00406556 	
0.665	2.06656 	-0.0831812 	-1.59226 	0.00056348 	-0.101136 	0.00405886 	
0.67	2.06732 	-0.0834393 	-1.59216 	0.000548107 	-0.101178 	0.00405189 	
0.675	2.06794 	-0.0836685 	-1.59199 	0.000534222 	-0.101214 	0.00404528 	
0.68	2.06677 	-0.082533 	-1.59433 	0.000590515 	-0.101252 	0.00403622 	
0.685	2.06766 	-0.0828035 	-1.59433 	0.000574549 	-0.101299 	0.0040293 	
0.69	2.06844 	-0.0830678 	-1.59424 	0.000558772 	-0.101342 	0.00402209 	
0.695	2.06907 	-0.0833024 	-1.59406 	0.000544527 	-0.101379 	0.00401524 	
0.7	2.06787 	-0.0821478 	-1.59645 	0.000602144 	-0.101418 	0.00400637 	
0.705	2.06879 	-0.082425 	-1.59646 	0.000585751 	-0.101466 	0.00399921 	
0.71	2.06958 	-0.0826957 	-1.59636 	0.000569556 	-0.101509 	0.00399175 	
0.715	2.07022 	-0.082936 	-1.59618 	0.000554938 	-0.101547 	0.00398467 	
0.72	2.06899 	-0.0817637 	-1.59862 	0.000613833 	-0.101587 	0.00397601 	
0.725	2.06993 	-0.0820477 	-1.59862 	0.000597004 	-0.101636 	0.00396861 	
0.73	2.07074 	-0.0823251 	-1.59852 	0.000580383 	-0.101681 	0.00396089 	
0.735	2.0714 	-0.082571 	-1.59834 	0.000565385 	-0.101719 	0.00395356 	
0.74	2.07014 	-0.0813826 	-1.60083 	0.00062551 	-0.10176 	0.00394514 	
0.745	2.0711 	-0.0816735 	-1.60084 	0.00060824 	-0.10181 	0.0039375 	
0.75	2.07193 	-0.0819574 	-1.60074 	0.000591188 	-0.101855 	0.00392952 	
0.755	2.0726 	-0.0822092 	-1.60054 	0.000575805 	-0.101895 	0.00392193 	
0.76	2.07132 	-0.0810059 	-1.60309 	0.000637118 	-0.101936 	0.00391378 	
0.765	2.0723 	-0.0813037 	-1.6031 	0.000619404 	-0.101987 	0.0039059 	
0.77	2.07314 	-0.0815943 	-1.60299 	0.000601919 	-0.102034 	0.00389765 	
0.775	2.07382 	-0.0818518 	-1.60279 	0.000586149 	-0.102074 	0.0038898 	
0.78	2.07251 	-0.0806351 	-1.60539 	0.000648608 	-0.102116 	0.00388195 	
0.785	2.07352 	-0.0809397 	-1.6054 	0.00063045 	-0.102168 	0.00387382 	
0.79	2.07438 	-0.0812369 	-1.60529 	0.000612532 	-0.102215 	0.00386529 	
0.795	2.07507 	-0.0815002 	-1.60509 	0.000596376 	-0.102256 	0.00385719 	
0.8	2.07374 	-0.0802714 	-1.60773 	0.000659938 	-0.102299 	0.00384967 	
0.805	2.07476 	-0.0805828 	-1.60774 	0.000641339 	-0.102352 	0.00384128 	
0.81	2.07564 	-0.0808865 	-1.60763 	0.00062299 	-0.1024 	0.00383248 	
0.815	2.07634 	-0.0811556 	-1.60742 	0.000606448 	-0.102442 	0.00382411 	
0.82	2.07498 	-0.0799158 	-1.61011 	0.000671073 	-0.102485 	0.00381696 	
0.825	2.07603 	-0.080234 	-1.61012 	0.000652036 	-0.102539 	0.00380831 	
0.83	2.07692 	-0.0805441 	-1.61001 	0.000633258 	-0.102589 	0.00379924 	
0.835	2.07764 	-0.0808189 	-1.60979 	0.000616334 	-0.102631 	0.0037906 	
0.84	2.07625 	-0.0795695 	-1.61252 	0.000681981 	-0.102675 	0.00378384 	
0.845	2.07732 	-0.0798943 	-1.61254 	0.000662509 	-0.10273 	0.00377494 	
0.85	2.07822 	-0.0802108 	-1.61242 	0.000643308 	-0.10278 	0.00376559 	
0.855	2.07895 	-0.0804911 	-1.61221 	0.000626004 	-0.102823 	0.00375669 	
0.86	2.07754 	-0.0792334 	-1.61498 	0.000692633 	-0.102867 	0.00375034 	
0.865	2.07863 	-0.0795646 	-1.61499 	0.000672732 	-0.102924 	0.00374118 	
0.87	2.07955 	-0.0798873 	-1.61488 	0.000653111 	-0.102974 	0.00373155 	
0.875	2.08029 	-0.0801731 	-1.61466 	0.000635432 	-0.103018 	0.00372239 	
0.88	2.07886 	-0.0789083 	-1.61747 	0.000703002 	-0.103063 	0.00371649 	
0.885	2.07996 	-0.0792459 	-1.61748 	0.000682677 	-0.10312 	0.00370708 	
0.89	2.08089 	-0.0795747 	-1.61737 	0.000662643 	-0.103172 	0.00369717 	
0.895	2.07996 	-0.0786742 	-1.61951 	0.000710533 	-0.103218 	0.00369029 	
0.9	2.08098 	-0.0790152 	-1.61945 	0.000689845 	-0.103273 	0.00368029 	
0.905	2.08188 	-0.0793447 	-1.6193 	0.000669674 	-0.103323 	0.00367011 	
0.91	2.08264 	-0.0796398 	-1.61908 	0.000651354 	-0.103368 	0.00366049 	
0.915	2.08122 	-0.0783999 	-1.62188 	0.000718558 	-0.103414 	0.00365536 	
0.92	2.08234 	-0.0787458 	-1.6219 	0.000697638 	-0.103473 	0.00364554 	
0.925	2.08329 	-0.0790824 	-1.62178 	0.000677038 	-0.103525 	0.00363521 	
0.93	2.08234 	-0.07818 	-1.62397 	0.00072582 	-0.103572 	0.00362895 	
0.935	2.08339 	-0.0785295 	-1.62391 	0.000704534 	-0.103628 	0.00361854 	
0.94	2.08431 	-0.0788671 	-1.62375 	0.000683783 	-0.10368 	0.00360793 	
0.945	2.08339 	-0.077996 	-1.6259 	0.000731153 	-0.103728 	0.00360182 	
0.95	2.08444 	-0.0783478 	-1.62584 	0.000709674 	-0.103784 	0.00359124 	
0.955	2.08536 	-0.0786875 	-1.62568 	0.000688755 	-0.103835 	0.00358049 	
0.96	2.08444 	-0.0778179 	-1.62784 	0.000736393 	-0.103884 	0.00357468 	
0.965	2.0855 	-0.0781722 	-1.62778 	0.000714724 	-0.10394 	0.00356396 	
0.97	2.08643 	-0.0785141 	-1.62762 	0.00069362 	-0.103992 	0.00355306 	
0.975	2.0855 	-0.0776439 	-1.6298 	0.000741661 	-0.104041 	0.00354758 	
0.98	2.08656 	-0.0780008 	-1.62973 	0.00071979 	-0.104098 	0.00353671 	
0.985	2.0875 	-0.0783454 	-1.62958 	0.000698486 	-0.10415 	0.00352564 	
0.99	2.08656 	-0.0774749 	-1.63177 	0.000746914 	-0.104199 	0.00352049 	
0.995	2.08763 	-0.0778347 	-1.63171 	0.000724829 	-0.104256 	0.00350946 	
1	2.08858 	-0.078182 	-1.63155 	0.000703316 	-0.104308 	0.00349824 	
1.005	2.08763 	-0.077312 	-1.63377 	0.000752101 	-0.104358 	0.00349341 	
1.01	2.08871 	-0.0776747 	-1.63371 	0.000729794 	-0.104415 	0.00348222 	
1.015	2.08966 	-0.0780249 	-1.63355 	0.000708064 	-0.104468 	0.00347083 	
1.02	2.08871 	-0.077156 	-1.63578 	0.000757178 	-0.104518 	0.00346633 	
1.025	2.0898 	-0.0775217 	-1.63571 	0.000734645 	-0.104576 	0.00345498 	
1.03	2.09075 	-0.0778748 	-1.63556 	0.000712694 	-0.104629 	0.00344341 	
1.035	2.08979 	-0.0770076 	-1.6378 	0.00076211 	-0.104679 	0.00343925 	
1.04	2.09089 	-0.0773764 	-1.63774 	0.000739348 	-0.104737 	0.00342773 	
1.045	2.09185 	-0.0777324 	-1.63758 	0.000717174 	-0.10479 	0.00341598 	
1.05	2.09088 	-0.0768674 	-1.63983 	0.000766867 	-0.10484 	0.00341216 	
1.055	2.09198 	-0.0772393 	-1.63977 	0.000743874 	-0.104899 	0.00340047 	
1.06	2.09295 	-0.0775982 	-1.63962 	0.000721476 	-0.104953 	0.00338855 	
1.065	2.09198 	-0.076736 	-1.64188 	0.000771424 	-0.105003 	0.00338507 	
1.07	2.09308 	-0.0771109 	-1.64182 	0.000748201 	-0.105062 	0.00337321 	
1.075	2.09406 	-0.0774728 	-1.64166 	0.00072558 	-0.105116 	0.00336111 	
1.08	2.09308 	-0.0766139 	-1.64394 	0.000775759 	-0.105166 	0.00335799 	
1.085	2.09419 	-0.0769918 	-1.64388 	0.000752308 	-0.105226 	0.00334595 	
1.09	2.09517 	-0.0773565 	-1.64372 	0.000729465 	-0.10528 	0.00333367 	
1.095	2.09418 	-0.0765014 	-1.64601 	0.000779854 	-0.105331 	0.00333091 	
1.1	2.0953 	-0.0768822 	-1.64595 	0.000756177 	-0.10539 	0.00331871 	
1.105	2.09628 	-0.0772497 	-1.64579 	0.000733115 	-0.105444 	0.00330625 	
1.11	2.09529 	-0.0763989 	-1.64809 	0.000783693 	-0.105495 	0.00330385 	
1.115	2.09641 	-0.0767826 	-1.64803 	0.000759794 	-0.105555 	0.00329148 	
1.12	2.0974 	-0.0771528 	-1.64787 	0.000736517 	-0.10561 	0.00327884 	
1.125	2.0964 	-0.0763067 	-1.65018 	0.000787263 	-0.105661 	0.00327682 	
1.13	2.09753 	-0.0766931 	-1.65012 	0.000763146 	-0.105721 	0.00326427 	
1.135	2.09852 	-0.0770661 	-1.64995 	0.000739657 	-0.105776 	0.00325147 	
1.14	2.09752 	-0.076225 	-1.65227 	0.000790552 	-0.105827 	0.00324981 	
1.145	2.09865 	-0.0766142 	-1.65221 	0.000766221 	-0.105887 	0.0032371 	
1.15	2.09964 	-0.0769897 	-1.65205 	0.000742525 	-0.105942 	0.00322412 	
1.155	2.09863 	-0.0761542 	-1.65437 	0.000793549 	-0.105993 	0.00322285 	
1.16	2.09977 	-0.0765459 	-1.65431 	0.00076901 	-0.106054 	0.00320997 	
1.165	2.10077 	-0.0769239 	-1.65415 	0.000745112 	-0.106109 	0.00319683 	
1.17	2.09975 	-0.0760943 	-1.65648 	0.000796244 	-0.10616 	0.00319594 	
1.175	2.10089 	-0.0764885 	-1.65642 	0.000771503 	-0.106221 	0.0031829 	
1.18	2.10189 	-0.0768689 	-1.65625 	0.000747409 	-0.106276 	0.00316959 	
1.185	2.10088 	-0.0760456 	-1.65859 	0.00079863 	-0.106327 	0.00316909 	
1.19	2.10202 	-0.0764422 	-1.65853 	0.000773693 	-0.106388 	0.00315589 	
1.195	2.10302 	-0.0768249 	-1.65836 	0.000749409 	-0.106443 	0.00314242 	
1.2	2.102 	-0.0760083 	-1.6607 	0.000800699 	-0.106495 	0.00314231 	
1.205	2.10314 	-0.0764072 	-1.66064 	0.000775572 	-0.106556 	0.00312896 	
1.21	2.10415 	-0.076792 	-1.66047 	0.000751104 	-0.106611 	0.00311532 	
1.215	2.10312 	-0.0759825 	-1.66282 	0.000802445 	-0.106663 	0.00311561 	
1.22	2.10427 	-0.0763835 	-1.66276 	0.000777134 	-0.106723 	0.00310211 	
1.225	2.10528 	-0.0767704 	-1.66259 	0.000752488 	-0.106779 	0.00308832 	
1.23	2.10425 	-0.0759682 	-1.66494 	0.000803861 	-0.10683 	0.003089 	
1.235	2.10539 	-0.0763713 	-1.66487 	0.000778374 	-0.106891 	0.00307535 	
1.24	2.1064 	-0.0767601 	-1.66471 	0.000753557 	-0.106947 	0.00306141 	
1.245	2.10537 	-0.0759657 	-1.66706 	0.000804942 	-0.106999 	0.0030625 	
1.25	2.10652 	-0.0763706 	-1.66699 	0.000779286 	-0.10706 	0.0030487 	
1.255	2.10753 	-0.0767612 	-1.66683 	0.000754305 	-0.107115 	0.00303461 	
1.26	2.10649 	-0.0759749 	-1.66918 	0.000805683 	-0.107167 	0.0030361 	
1.265	2.10764 	-0.0763816 	-1.66911 	0.000779865 	-0.107228 	0.00302217 	
1.27	2.10865 	-0.0767739 	-1.66894 	0.000754727 	-0.107283 	0.00300794 	
1.275	2.10762 	-0.0759959 	-1.67129 	0.000806079 	-0.107335 	0.00300983 	
1.28	2.10877 	-0.0764042 	-1.67123 	0.000780108 	-0.107396 	0.00299576 	
1.285	2.10978 	-0.0767981 	-1.67106 	0.000754821 	-0.107451 	0.00298139 	
1.29	2.10874 	-0.0760288 	-1.67341 	0.000806128 	-0.107503 	0.00298369 	
1.295	2.10989 	-0.0764386 	-1.67335 	0.000780011 	-0.107564 	0.00296949 	
1.3	2.1109 	-0.076834 	-1.67318 	0.000754583 	-0.107619 	0.00295498 	
1.305	2.10986 	-0.0760736 	-1.67553 	0.000805826 	-0.107671 	0.00295769 	
1.31	2.111 	-0.0764848 	-1.67547 	0.00077957 	-0.107732 	0.00294336 	
1.315	2.11201 	-0.0768815 	-1.6753 	0.000754008 	-0.107787 	0.00292873 	
1.32	2.11097 	-0.0761303 	-1.67764 	0.000805169 	-0.107838 	0.00293184 	
1.325	2.11212 	-0.0765427 	-1.67758 	0.000778784 	-0.107899 	0.00291739 	
1.33	2.11313 	-0.0769406 	-1.67741 	0.000753096 	-0.107954 	0.00290263 	
1.335	2.11209 	-0.0761989 	-1.67975 	0.000804155 	-0.108006 	0.00290615 	
1.34	2.11323 	-0.0766124 	-1.67969 	0.000777649 	-0.108066 	0.00289158 	
1.345	2.11424 	-0.0770113 	-1.67951 	0.000751845 	-0.108122 	0.0028767 	
1.35	2.1132 	-0.0762794 	-1.68185 	0.000802783 	-0.108173 	0.00288062 	
1.355	2.11434 	-0.0766939 	-1.68179 	0.000776164 	-0.108233 	0.00286594 	
1.36	2.11535 	-0.0770937 	-1.68162 	0.000750251 	-0.108288 	0.00285095 	
1.365	2.11431 	-0.0763717 	-1.68395 	0.00080105 	-0.10834 	0.00285528 	
1.37	2.11545 	-0.076787 	-1.68389 	0.000774328 	-0.1084 	0.00284049 	
1.375	2.11645 	-0.0771876 	-1.68371 	0.000748315 	-0.108455 	0.00282539 	
1.38	2.11541 	-0.0764758 	-1.68604 	0.000798955 	-0.108506 	0.00283011 	
1.385	2.11655 	-0.0768918 	-1.68598 	0.000772139 	-0.108566 	0.00281522 	
1.39	2.11755 	-0.077293 	-1.68581 	0.000746035 	-0.108621 	0.00280003 	
1.395	2.11651 	-0.0765916 	-1.68813 	0.000796499 	-0.108672 	0.00280514 	
1.4	2.11764 	-0.0770081 	-1.68806 	0.000769597 	-0.108732 	0.00279016 	
1.405	2.11864 	-0.0774098 	-1.68789 	0.000743411 	-0.108786 	0.00277487 	
1.41	2.1176 	-0.076719 	-1.6902 	0.000793679 	-0.108837 	0.00278037 	
1.415	2.11873 	-0.0771359 	-1.69014 	0.000766702 	-0.108897 	0.0027653 	
1.42	2.11973 	-0.077538 	-1.68996 	0.000740442 	-0.108951 	0.00274992 	
1.425	2.11869 	-0.076858 	-1.69227 	0.000790497 	-0.109001 	0.00275581 	
1.43	2.11982 	-0.0772751 	-1.6922 	0.000763454 	-0.109061 	0.00274065 	
1.435	2.12081 	-0.0776774 	-1.69203 	0.00073713 	-0.109115 	0.00272519 	
1.44	2.11978 	-0.0770084 	-1.69433 	0.000786953 	-0.109165 	0.00273146 	
1.445	2.1209 	-0.0774256 	-1.69426 	0.000759853 	-0.109224 	0.00271623 	
1.45	2.12188 	-0.0778279 	-1.69409 	0.000733475 	-0.109278 	0.00270069 	
1.455	2.12085 	-0.0771701 	-1.69637 	0.000783047 	-0.109328 	0.00270734 	
1.46	2.12197 	-0.0775872 	-1.6963 	0.000755902 	-0.109387 	0.00269203 	
1.465	2.12295 	-0.0779894 	-1.69613 	0.000729479 	-0.109441 	0.00267642 	
1.47	2.12192 	-0.0773429 	-1.69841 	0.000778782 	-0.109491 	0.00268344 	
1.475	2.12303 	-0.0777598 	-1.69834 	0.0007516 	-0.109549 	0.00266807 	
1.48	2.12401 	-0.0781618 	-1.69817 	0.000725142 	-0.109603 	0.0026524 	
1.485	2.12299 	-0.0775267 	-1.70043 	0.000774158 	-0.109652 	0.00265978 	
1.49	2.12409 	-0.0779432 	-1.70036 	0.00074695 	-0.10971 	0.00264435 	
1.495	2.12507 	-0.0783448 	-1.70019 	0.000720467 	-0.109763 	0.00262862 	
1.5	2.12405 	-0.0777213 	-1.70244 	0.000769178 	-0.109813 	0.00263636 	
1.505	2.12514 	-0.0781372 	-1.70237 	0.000741954 	-0.109871 	0.00262088 	
1.51	2.12611 	-0.0785383 	-1.7022 	0.000715457 	-0.109923 	0.0026051 	
1.515	2.1251 	-0.0779265 	-1.70443 	0.000763844 	-0.109972 	0.00261318 	
1.52	2.12619 	-0.0783417 	-1.70437 	0.000736616 	-0.11003 	0.00259765 	
1.525	2.12715 	-0.0787421 	-1.70419 	0.000710113 	-0.110082 	0.00258184 	
1.53	2.12614 	-0.0781421 	-1.70642 	0.00075816 	-0.110131 	0.00259026 	
1.535	2.12722 	-0.0785565 	-1.70635 	0.000730937 	-0.110188 	0.00257469 	
1.54	2.12818 	-0.0789561 	-1.70618 	0.00070444 	-0.11024 	0.00255885 	
1.545	2.12718 	-0.0783679 	-1.70838 	0.000752129 	-0.110288 	0.00256759 	
1.55	2.12825 	-0.0787813 	-1.70831 	0.000724922 	-0.110345 	0.00255199 	
1.555	2.1292 	-0.0791799 	-1.70814 	0.000698442 	-0.110397 	0.00253612 	
1.56	2.1282 	-0.0786037 	-1.71033 	0.000745754 	-0.110444 	0.00254518 	
1.565	2.12927 	-0.0790159 	-1.71026 	0.000718574 	-0.110501 	0.00252956 	
1.57	2.13021 	-0.0794134 	-1.71009 	0.000692121 	-0.110552 	0.00251367 	
1.575	2.12922 	-0.0788492 	-1.71226 	0.000739039 	-0.110599 	0.00252304 	
1.58	2.13028 	-0.0792601 	-1.71219 	0.000711898 	-0.110655 	0.0025074 	
1.585	2.13121 	-0.0796562 	-1.71202 	0.000685483 	-0.110706 	0.0024915 	
1.59	2.13023 	-0.0791041 	-1.71418 	0.00073199 	-0.110753 	0.00250117 	
1.595	2.13128 	-0.0795135 	-1.71411 	0.000704899 	-0.110809 	0.00248552 	
1.6	2.13221 	-0.0799083 	-1.71394 	0.000678532 	-0.110859 	0.00246961 	
1.605	2.13123 	-0.0793683 	-1.71608 	0.000724612 	-0.110906 	0.00247956 	
1.61	2.13227 	-0.079776 	-1.716 	0.000697581 	-0.110961 	0.00246392 	
1.615	2.13319 	-0.0801692 	-1.71584 	0.000671274 	-0.111011 	0.00244802 	
1.62	2.13222 	-0.0796414 	-1.71796 	0.000716908 	-0.111057 	0.00245824 	
1.625	2.13325 	-0.0800473 	-1.71788 	0.00068995 	-0.111112 	0.0024426 	
1.63	2.13417 	-0.0804387 	-1.71771 	0.000663714 	-0.111161 	0.00242671 	
1.635	2.13495 	-0.0807888 	-1.71747 	0.000639916 	-0.111205 	0.00241176 	
1.64	2.13343 	-0.0799883 	-1.72027 	0.000707419 	-0.11125 	0.00243103 	
1.645	2.13454 	-0.0803928 	-1.72028 	0.000680668 	-0.111307 	0.00241611 	
1.65	2.13548 	-0.0807866 	-1.72015 	0.000654299 	-0.111358 	0.00240035 	
1.655	2.13448 	-0.080262 	-1.72229 	0.000700882 	-0.111403 	0.00241189 	
1.66	2.13549 	-0.0806665 	-1.72222 	0.000673928 	-0.111456 	0.00239619 	
1.665	2.13639 	-0.0810568 	-1.72205 	0.000647669 	-0.111505 	0.00238022 	
1.67	2.13716 	-0.0814058 	-1.72181 	0.000623862 	-0.111548 	0.00236519 	
1.675	2.13567 	-0.0806441 	-1.72455 	0.000689833 	-0.111592 	0.00238509 	
1.68	2.13675 	-0.0810459 	-1.72456 	0.000663152 	-0.111648 	0.0023701 	
1.685	2.13767 	-0.0814372 	-1.72442 	0.000636855 	-0.111697 	0.00235429 	
1.69	2.13842 	-0.0817837 	-1.72418 	0.000613162 	-0.111739 	0.00233928 	
1.695	2.13691 	-0.0810216 	-1.72694 	0.000680035 	-0.111782 	0.00236023 	
1.7	2.13798 	-0.0814226 	-1.72695 	0.000653365 	-0.111838 	0.00234523 	
1.705	2.13889 	-0.0818133 	-1.72682 	0.000627058 	-0.111887 	0.00232938 	
1.71	2.13964 	-0.0821591 	-1.72657 	0.000603365 	-0.111928 	0.00231433 	
1.715	2.13814 	-0.0814197 	-1.72929 	0.000669267 	-0.111971 	0.00233555 	
1.72	2.13919 	-0.0818191 	-1.7293 	0.000642649 	-0.112025 	0.00232052 	
1.725	2.14009 	-0.0822081 	-1.72917 	0.000616398 	-0.112074 	0.00230465 	
1.73	2.14083 	-0.0825527 	-1.72892 	0.000592751 	-0.112115 	0.0022896 	
1.735	2.13935 	-0.0818376 	-1.7316 	0.000657488 	-0.112157 	0.00231102 	
1.74	2.14039 	-0.0822344 	-1.7316 	0.000630981 	-0.11221 	0.00229597 	
1.745	2.14127 	-0.082621 	-1.73147 	0.000604844 	-0.112258 	0.00228013 	
1.75	2.142 	-0.0829634 	-1.73123 	0.000581293 	-0.112298 	0.00226511 	
1.755	2.14055 	-0.0822725 	-1.73386 	0.000644833 	-0.112339 	0.00228669 	
1.76	2.14156 	-0.082666 	-1.73385 	0.000618488 	-0.112392 	0.00227168 	
1.765	2.14244 	-0.0830494 	-1.73372 	0.000592513 	-0.112439 	0.0022559 	
1.77	2.14315 	-0.0833891 	-1.73348 	0.000569104 	-0.112479 	0.00224095 	
1.775	2.14173 	-0.0827219 	-1.73606 	0.000631426 	-0.112519 	0.00226266 	
1.78	2.14272 	-0.0831115 	-1.73606 	0.000605286 	-0.112571 	0.00224771 	
1.785	2.14358 	-0.0834911 	-1.73593 	0.000579516 	-0.112617 	0.00223202 	
1.79	2.14428 	-0.0838276 	-1.73569 	0.000556286 	-0.112656 	0.00221716 	
1.795	2.14288 	-0.0831837 	-1.73822 	0.000617365 	-0.112696 	0.00223898 	
1.8	2.14386 	-0.0835689 	-1.73821 	0.000591468 	-0.112747 	0.00222411 	
1.805	2.1447 	-0.0839441 	-1.73808 	0.000565939 	-0.112792 	0.00220853 	
1.81	2.14539 	-0.0842769 	-1.73785 	0.000542922 	-0.11283 	0.0021938 	
1.815	2.14402 	-0.0836562 	-1.74033 	0.000602729 	-0.112869 	0.00221568 	
1.82	2.14497 	-0.0840364 	-1.74032 	0.00057711 	-0.112919 	0.00220093 	
1.825	2.1458 	-0.0844069 	-1.74018 	0.000551855 	-0.112963 	0.00218549 	
1.83	2.14648 	-0.0847355 	-1.73996 	0.000529081 	-0.113001 	0.00217089 	
1.835	2.14514 	-0.0841376 	-1.74238 	0.000587584 	-0.113039 	0.00219281 	
1.84	2.14607 	-0.0845125 	-1.74237 	0.000562273 	-0.113088 	0.00217818 	
1.845	2.14688 	-0.0848777 	-1.74224 	0.000537323 	-0.113131 	0.0021629 	
1.85	2.14755 	-0.0852019 	-1.74202 	0.000514818 	-0.113168 	0.00214847 	
1.855	2.14623 	-0.0846266 	-1.74439 	0.000571986 	-0.113206 	0.00217037 	
1.86	2.14714 	-0.0849957 	-1.74437 	0.000547012 	-0.113253 	0.00215589 	
1.865	2.14793 	-0.0853554 	-1.74424 	0.000522394 	-0.113295 	0.00214079 	
1.87	2.14859 	-0.0856748 	-1.74402 	0.000500185 	-0.113332 	0.00212654 	
1.875	2.14731 	-0.0851218 	-1.74634 	0.000555983 	-0.113368 	0.00214839 	
1.88	2.14819 	-0.0854847 	-1.74632 	0.000531373 	-0.113415 	0.00213408 	
1.885	2.14897 	-0.0858385 	-1.74619 	0.000507112 	-0.113456 	0.00211917 	
1.89	2.14961 	-0.0861528 	-1.74598 	0.000485223 	-0.113492 	0.00210512 	
1.895	2.14836 	-0.0856219 	-1.74824 	0.000539617 	-0.113528 	0.00212687 	
1.9	2.14922 	-0.0859784 	-1.74821 	0.000515396 	-0.113573 	0.00211274 	
1.905	2.14998 	-0.086326 	-1.74809 	0.000491519 	-0.113613 	0.00209805 	
1.91	2.15061 	-0.0866348 	-1.74788 	0.000469971 	-0.113648 	0.00208422 	
1.915	2.14939 	-0.0861258 	-1.75008 	0.000522927 	-0.113683 	0.00210582 	
1.92	2.15023 	-0.0864755 	-1.75006 	0.00049912 	-0.113727 	0.00209189 	
1.925	2.15097 	-0.0868165 	-1.74993 	0.000475651 	-0.113766 	0.00207743 	
1.93	2.15159 	-0.0871196 	-1.74973 	0.000454466 	-0.1138 	0.00206383 	
1.935	2.1504 	-0.0866322 	-1.75187 	0.000505951 	-0.113835 	0.00208523 	
1.94	2.15122 	-0.0869748 	-1.75184 	0.00048258 	-0.113877 	0.00207152 	
1.945	2.15194 	-0.087309 	-1.75172 	0.000459542 	-0.113916 	0.00205731 	
1.95	2.15254 	-0.0876062 	-1.75153 	0.000438742 	-0.113949 	0.00204395 	
1.955	2.1531 	-0.0878785 	-1.75133 	0.000419563 	-0.11398 	0.00203155 	
1.96	2.15155 	-0.0872284 	-1.75391 	0.000486236 	-0.114013 	0.00206112 	
1.965	2.1524 	-0.0875633 	-1.75394 	0.000463483 	-0.114057 	0.00204823 	
1.97	2.15312 	-0.0878931 	-1.75385 	0.000440775 	-0.114095 	0.00203439 	
1.975	2.1537 	-0.0881837 	-1.75366 	0.000420394 	-0.114127 	0.00202127 	
1.98	2.15425 	-0.0884502 	-1.75346 	0.000401602 	-0.114157 	0.0020091 	
1.985	2.15271 	-0.0878187 	-1.756 	0.000467283 	-0.114189 	0.00203884 	
1.99	2.15354 	-0.088147 	-1.75603 	0.000444946 	-0.114231 	0.00202614 	
1.995	2.15424 	-0.0884705 	-1.75594 	0.000422636 	-0.114268 	0.00201252 	
2	2.15481 	-0.0887557 	-1.75575 	0.000402611 	-0.1143 	0.00199962 	
2.005	2.15534 	-0.0890171 	-1.75556 	0.000384148 	-0.114329 	0.00198766 	
2.01	2.15386 	-0.0884211 	-1.758 	0.0004472 	-0.114359 	0.0020167 	
2.015	2.15465 	-0.0887414 	-1.75802 	0.000425359 	-0.1144 	0.00200421 	
2.02	2.15533 	-0.089057 	-1.75794 	0.00040355 	-0.114436 	0.00199086 	
2.025	2.15587 	-0.0893356 	-1.75775 	0.000383964 	-0.114466 	0.00197824 	
2.03	2.15639 	-0.089591 	-1.75757 	0.000365904 	-0.114494 	0.00196653 	
2.035	2.15497 	-0.089031 	-1.75991 	0.00042615 	-0.114524 	0.00199474 	
2.04	2.15573 	-0.089342 	-1.75992 	0.00040489 	-0.114563 	0.00198251 	
2.045	2.15638 	-0.0896486 	-1.75983 	0.000383667 	-0.114597 	0.00196948 	
2.05	2.15691 	-0.0899195 	-1.75966 	0.000364596 	-0.114626 	0.0019572 	
2.055	2.15741 	-0.0901679 	-1.75948 	0.000347011 	-0.114654 	0.0019458 	
2.06	2.15606 	-0.0896431 	-1.76171 	0.000404409 	-0.114682 	0.00197311 	
2.065	2.15678 	-0.0899438 	-1.76172 	0.0003838 	-0.114719 	0.00196118 	
2.07	2.1574 	-0.0902404 	-1.76163 	0.000363232 	-0.114752 	0.00194853 	
2.075	2.15791 	-0.0905028 	-1.76147 	0.000344739 	-0.11478 	0.00193663 	
2.08	2.15839 	-0.0907434 	-1.7613 	0.000327687 	-0.114807 	0.00192558 	
2.085	2.15884 	-0.0909638 	-1.76113 	0.00031197 	-0.114831 	0.00191533 	
2.09	2.15724 	-0.0903322 	-1.76365 	0.000379875 	-0.114858 	0.00194883 	
2.095	2.15797 	-0.0906217 	-1.7637 	0.000360117 	-0.114895 	0.00193774 	
2.1	2.15858 	-0.0909097 	-1.76364 	0.000340169 	-0.114927 	0.0019256 	
2.105	2.15907 	-0.0911625 	-1.76348 	0.000322324 	-0.114954 	0.0019141 	
2.11	2.15952 	-0.0913944 	-1.76332 	0.000305869 	-0.114979 	0.00190343 	
2.115	2.15995 	-0.0916069 	-1.76316 	0.000290701 	-0.115003 	0.00189354 	
2.12	2.15842 	-0.0910133 	-1.76556 	0.000355504 	-0.115028 	0.00192604 	
2.125	2.1591 	-0.0912913 	-1.76561 	0.000336487 	-0.115063 	0.00191528 	
2.13	2.15969 	-0.0915682 	-1.76555 	0.000317279 	-0.115093 	0.00190356 	
2.135	2.16015 	-0.0918116 	-1.7654 	0.000300086 	-0.115119 	0.00189249 	
2.14	2.16059 	-0.0920349 	-1.76525 	0.000284231 	-0.115143 	0.00188222 	
2.145	2.161 	-0.0922395 	-1.76509 	0.000269615 	-0.115165 	0.00187269 	
2.15	2.15957 	-0.0916964 	-1.76734 	0.00032993 	-0.115189 	0.00190337 	
2.155	2.1602 	-0.0919611 	-1.76737 	0.000311772 	-0.115221 	0.00189299 	
2.16	2.16075 	-0.0922249 	-1.76731 	0.000293441 	-0.11525 	0.00188178 	
2.165	2.16119 	-0.0924573 	-1.76717 	0.000277014 	-0.115274 	0.00187121 	
2.17	2.1616 	-0.0926705 	-1.76703 	0.000261865 	-0.115297 	0.00186141 	
2.175	2.16199 	-0.092866 	-1.76689 	0.000247898 	-0.115318 	0.00185231 	
2.18	2.16236 	-0.093045 	-1.76674 	0.000235028 	-0.115338 	0.00184388 	
2.185	2.16078 	-0.0924424 	-1.76914 	0.000301388 	-0.11536 	0.00187849 	
2.19	2.1614 	-0.0926918 	-1.7692 	0.000284328 	-0.115391 	0.00186897 	
2.195	2.16192 	-0.0929426 	-1.76915 	0.000266922 	-0.115419 	0.00185841 	
2.2	2.16233 	-0.0931622 	-1.76903 	0.000251386 	-0.115441 	0.00184842 	
2.205	2.16272 	-0.0933638 	-1.7689 	0.000237057 	-0.115462 	0.00183915 	
2.21	2.16308 	-0.0935487 	-1.76877 	0.000223845 	-0.115482 	0.00183056 	
2.215	2.16342 	-0.0937181 	-1.76863 	0.000211667 	-0.115501 	0.00182259 	
2.22	2.16197 	-0.0931745 	-1.77083 	0.000272494 	-0.115521 	0.00185474 	
2.225	2.16253 	-0.0934074 	-1.77088 	0.000256511 	-0.115549 	0.00184571 	
2.23	2.16302 	-0.093642 	-1.77084 	0.000240206 	-0.115574 	0.00183578 	
2.235	2.1634 	-0.093848 	-1.77072 	0.000225632 	-0.115595 	0.00182643 	
2.24	2.16376 	-0.0940372 	-1.77061 	0.000212189 	-0.115615 	0.00181775 	
2.245	2.16409 	-0.0942107 	-1.77049 	0.00019979 	-0.115633 	0.00180971 	
2.25	2.16441 	-0.0943698 	-1.77037 	0.000188361 	-0.115651 	0.00180225 	
2.255	2.16471 	-0.0945156 	-1.77025 	0.000177828 	-0.115667 	0.00179533 	
2.26	2.16321 	-0.0939551 	-1.77246 	0.00024038 	-0.115685 	0.00182904 	
2.265	2.16374 	-0.0941685 	-1.77252 	0.000225759 	-0.115711 	0.00182088 	
2.27	2.16418 	-0.0943854 	-1.77249 	0.000210699 	-0.115734 	0.00181176 	
2.275	2.16453 	-0.0945752 	-1.77239 	0.000197275 	-0.115753 	0.00180317 	
2.28	2.16486 	-0.0947496 	-1.77229 	0.000184889 	-0.115771 	0.0017952 	
2.285	2.16516 	-0.0949097 	-1.77219 	0.000173464 	-0.115788 	0.0017878 	
2.29	2.16545 	-0.0950566 	-1.77208 	0.000162927 	-0.115803 	0.00178095 	
2.295	2.16572 	-0.0951912 	-1.77198 	0.000153214 	-0.115818 	0.00177459 	
2.3	2.16597 	-0.0953145 	-1.77187 	0.000144263 	-0.115832 	0.00176869 	
2.305	2.16621 	-0.0954274 	-1.77177 	0.000136017 	-0.115845 	0.00176322 	
2.31	2.16458 	-0.0948107 	-1.77411 	0.000204157 	-0.11586 	0.00180074 	
2.315	2.16506 	-0.0950014 	-1.77419 	0.000191169 	-0.115884 	0.00179374 	
2.32	2.16547 	-0.0951984 	-1.77419 	0.000177542 	-0.115905 	0.0017856 	
2.325	2.16578 	-0.0953695 	-1.7741 	0.000165467 	-0.115922 	0.00177789 	
2.33	2.16606 	-0.0955268 	-1.77402 	0.000154321 	-0.115937 	0.00177074 	
2.335	2.16633 	-0.0956714 	-1.77393 	0.000144034 	-0.115952 	0.00176411 	
2.34	2.16659 	-0.0958042 	-1.77385 	0.000134543 	-0.115966 	0.00175797 	
2.345	2.16682 	-0.0959261 	-1.77376 	0.000125787 	-0.115979 	0.00175227 	
2.35	2.16704 	-0.096038 	-1.77368 	0.000117713 	-0.115991 	0.00174698 	
2.355	2.16725 	-0.0961405 	-1.77359 	0.000110269 	-0.116002 	0.00174208 	
2.36	2.16745 	-0.0962345 	-1.77351 	0.000103407 	-0.116013 	0.00173753 	
2.365	2.16763 	-0.0963205 	-1.77342 	9.70848e-05 	-0.116023 	0.00173332 	
2.37	2.1678 	-0.0963993 	-1.77334 	9.1261e-05 	-0.116033 	0.00172941 	
2.375	2.16613 	-0.0957665 	-1.77567 	0.000160787 	-0.116044 	0.00176841 	
2.38	2.16655 	-0.0959276 	-1.77577 	0.000149903 	-0.116065 	0.00176275 	
2.385	2.1669 	-0.0960974 	-1.77579 	0.000138221 	-0.116083 	0.00175586 	
2.39	2.16715 	-0.096244 	-1.77573 	0.000127929 	-0.116096 	0.00174934 	
2.395	2.16739 	-0.096379 	-1.77567 	0.000118421 	-0.116109 	0.00174329 	
2.4	2.16761 	-0.0965034 	-1.77561 	0.000109638 	-0.116121 	0.00173768 	
2.405	2.16782 	-0.0966178 	-1.77555 	0.000101525 	-0.116132 	0.00173248 	
2.41	2.16801 	-0.0967232 	-1.77549 	9.40332e-05 	-0.116143 	0.00172766 	
2.415	2.16819 	-0.0968201 	-1.77543 	8.71149e-05 	-0.116152 	0.00172319 	
2.42	2.16836 	-0.0969092 	-1.77537 	8.07271e-05 	-0.116162 	0.00171905 	
2.425	2.16852 	-0.0969911 	-1.77531 	7.483e-05 	-0.11617 	0.00171521 	
2.43	2.16867 	-0.0970665 	-1.77526 	6.93862e-05 	-0.116178 	0.00171164 	
2.435	2.16881 	-0.0971358 	-1.7752 	6.43606e-05 	-0.116186 	0.00170834 	
2.44	2.16894 	-0.0971994 	-1.77515 	5.97229e-05 	-0.116193 	0.00170528 	
2.445	2.16906 	-0.0972579 	-1.77509 	5.54425e-05 	-0.1162 	0.00170244 	
2.45	2.16917 	-0.0973116 	-1.77504 	5.14921e-05 	-0.116206 	0.0016998 	
2.455	2.16928 	-0.097361 	-1.77499 	4.7847e-05 	-0.116212 	0.00169736 	
2.46	2.16938 	-0.0974063 	-1.77494 	4.44837e-05 	-0.116217 	0.0016951 	
2.465	2.16947 	-0.0974479 	-1.77489 	4.13804e-05 	-0.116223 	0.001693 	
2.47	2.16956 	-0.0974861 	-1.77485 	3.85167e-05 	-0.116227 	0.00169105 	
2.475	2.16964 	-0.0975212 	-1.7748 	3.5874e-05 	-0.116232 	0.00168925 	
2.48	2.16971 	-0.0975535 	-1.77476 	3.34349e-05 	-0.116236 	0.00168758 	
2.485	2.16978 	-0.0975831 	-1.77472 	3.11833e-05 	-0.11624 	0.00168603 	
2.49	2.16985 	-0.0976104 	-1.77468 	2.91043e-05 	-0.116244 	0.00168459 	
2.495	2.16991 	-0.0976354 	-1.77464 	2.71839e-05 	-0.116248 	0.00168326 	
2.5	2.16997 	-0.0976585 	-1.77461 	2.54095e-05 	-0.116251 	0.00168202 	
2.505	2.17002 	-0.0976798 	-1.77457 	2.37692e-05 	-0.116254 	0.00168087 	
2.51	2.17007 	-0.0976994 	-1.77454 	2.22514e-05 	-0.116257 	0.00167981 	
2.515	2.17012 	-0.0977176 	-1.77451 	2.08455e-05 	-0.116259 	0.00167883 	
2.52	2.17016 	-0.0977345 	-1.77449 	1.95439e-05 	-0.116262 	0.00167792 	
2.525	2.1702 	-0.0977501 	-1.77446 	1.8335e-05 	-0.116264 	0.00167707 	
2.53	2.17024 	-0.0977648 	-1.77444 	1.7199e-05 	-0.116266 	0.00167628 	
2.535	2.17028 	-0.0977789 	-1.77442 	1.61221e-05 	-0.116268 	0.00167553 	
2.54	2.17031 	-0.0977924 	-1.7744 	1.50928e-05 	-0.11627 	0.00167482 	
2.545	2.17035 	-0.0978056 	-1.77438 	1.40985e-05 	-0.116272 	0.00167415 	
2.55	2.17038 	-0.0978186 	-1.77436 	1.31279e-05 	-0.116274 	0.0016735 	
2.555	2.17041 	-0.0978316 	-1.77434 	1.21706e-05 	-0.116276 	0.00167286 	
2.56	2.17045 	-0.0978448 	-1.77433 	1.12169e-05 	-0.116277 	0.00167225 	
2.565	2.17048 	-0.0978582 	-1.77431 	1.02578e-05 	-0.116279 	0.00167163 	
2.57	2.17052 	-0.097872 	-1.7743 	9.28487e-06 	-0.116281 	0.00167103 	
2.575	2.17055 	-0.0978863 	-1.77429 	8.29052e-06 	-0.116283 	0.00167042 	
2.58	2.17059 	-0.0979012 	-1.77428 	7.26757e-06 	-0.116284 	0.0016698 	
2.585	2.17063 	-0.0979168 	-1.77427 	6.20941e-06 	-0.116286 	0.00166918 	
2.59	2.17067 	-0.0979332 	-1.77426 	5.10991e-06 	-0.116288 	0.00166854 	
2.595	2.17071 	-0.0979504 	-1.77425 	3.96342e-06 	-0.11629 	0.00166788 	
2.6	2.17075 	-0.0979687 	-1.77424 	2.76168e-06 	-0.116292 	0.0016672 	
2.605	2.1708 	-0.0979882 	-1.77423 	1.49269e-06 	-0.116294 	0.0016665 	
2.61	2.17085 	-0.0980088 	-1.77422 	1.59332e-07 	-0.116296 	0.00166577 	
2.615	2.17091 	-0.0980305 	-1.77422 	-1.23786e-06 	-0.116299 	0.00166501 	
2.62	2.17096 	-0.0980534 	-1.77421 	-2.70446e-06 	-0.116301 	0.00166422 	
2.625	2.17102 	-0.0980776 	-1.7742 	-4.24405e-06 	-0.116304 	0.0016634 	
2.63	2.17108 	-0.0981031 	-1.7742 	-5.8599e-06 	-0.116306 	0.00166255 	
2.635	2.17115 	-0.09813 	-1.77419 	-7.55505e-06 	-0.116309 	0.00166166 	
2.64	2.17121 	-0.0981582 	-1.77418 	-9.33231e-06 	-0.116312 	0.00166073 	
2.645	2.17128 	-0.0981879 	-1.77418 	-1.11943e-05 	-0.116315 	0.00165976 	
2.65	2.17136 	-0.098219 	-1.77417 	-1.31433e-05 	-0.116318 	0.00165876 	
2.655	2.17144 	-0.0982517 	-1.77417 	-1.51816e-05 	-0.116321 	0.00165771 	
2.66	2.17152 	-0.0982859 	-1.77416 	-1.73112e-05 	-0.116325 	0.00165662 	
2.665	2.1716 	-0.0983216 	-1.77416 	-1.95339e-05 	-0.116328 	0.00165548 	
2.67	2.17169 	-0.0983589 	-1.77415 	-2.18515e-05 	-0.116332 	0.0016543 	
2.675	2.17179 	-0.0983978 	-1.77415 	-2.42655e-05 	-0.116336 	0.00165307 	
2.68	2.17188 	-0.0984384 	-1.77414 	-2.67774e-05 	-0.11634 	0.0016518 	
2.685	2.17198 	-0.0984806 	-1.77414 	-2.93884e-05 	-0.116344 	0.00165048 	
2.69	2.17209 	-0.0985244 	-1.77413 	-3.20999e-05 	-0.116348 	0.00164911 	
2.695	2.1722 	-0.09857 	-1.77413 	-3.49128e-05 	-0.116353 	0.00164769 	
2.7	2.17231 	-0.0986172 	-1.77413 	-3.78282e-05 	-0.116358 	0.00164622 	
2.705	2.17242 	-0.0986661 	-1.77412 	-4.0847e-05 	-0.116362 	0.00164471 	
2.71	2.17255 	-0.0987168 	-1.77412 	-4.397e-05 	-0.116367 	0.00164314 	
2.715	2.17267 	-0.0987692 	-1.77411 	-4.7198e-05 	-0.116372 	0.00164152 	
2.72	2.1728 	-0.0988233 	-1.77411 	-5.05316e-05 	-0.116378 	0.00163985 	
2.725	2.17293 	-0.0988792 	-1.7741 	-5.39715e-05 	-0.116383 	0.00163812 	
2.73	2.17307 	-0.0989368 	-1.7741 	-5.75181e-05 	-0.116389 	0.00163635 	
2.735	2.17321 	-0.0989962 	-1.7741 	-6.1172e-05 	-0.116395 	0.00163452 	
2.74	2.17335 	-0.0990574 	-1.77409 	-6.49336e-05 	-0.116401 	0.00163264 	
2.745	2.1735 	-0.0991203 	-1.77409 	-6.88032e-05 	-0.116407 	0.0016307 	
2.75	2.17366 	-0.0991851 	-1.77408 	-7.27811e-05 	-0.116413 	0.00162872 	
2.755	2.17381 	-0.0992516 	-1.77408 	-7.68677e-05 	-0.116419 	0.00162668 	
2.76	2.17398 	-0.0993199 	-1.77407 	-8.10632e-05 	-0.116426 	0.00162458 	
2.765	2.17414 	-0.09939 	-1.77407 	-8.53677e-05 	-0.116433 	0.00162243 	
2.77	2.17431 	-0.0994618 	-1.77407 	-8.97814e-05 	-0.11644 	0.00162023 	
2.775	2.17449 	-0.0995355 	-1.77406 	-9.43044e-05 	-0.116447 	0.00161798 	
2.78	2.17467 	-0.099611 	-1.77406 	-9.89368e-05 	-0.116454 	0.00161567 	
2.785	2.17485 	-0.0996882 	-1.77405 	-0.000103679 	-0.116462 	0.00161331 	
2.79	2.17705 	-0.099141 	-1.77164 	-4.50894e-05 	-0.116469 	0.00164895 	
2.795	2.17723 	-0.0993044 	-1.77171 	-5.54338e-05 	-0.116475 	0.00164216 	
2.8	2.17731 	-0.0994788 	-1.77173 	-6.65291e-05 	-0.116478 	0.00163549 	
2.805	2.17736 	-0.0996383 	-1.77171 	-7.66388e-05 	-0.11648 	0.00162985 	
2.81	2.17743 	-0.0997941 	-1.77169 	-8.64966e-05 	-0.116483 	0.00162438 	
2.815	2.17751 	-0.0999466 	-1.77167 	-9.61287e-05 	-0.116487 	0.00161907 	
2.82	2.17761 	-0.100096 	-1.77166 	-0.00010556 	-0.116491 	0.00161389 	
2.825	2.17771 	-0.100243 	-1.77164 	-0.000114812 	-0.116495 	0.00160884 	
2.83	2.17783 	-0.100388 	-1.77163 	-0.000123906 	-0.1165 	0.0016039 	
2.835	2.17797 	-0.10053 	-1.77162 	-0.000132862 	-0.116505 	0.00159906 	
2.84	2.17811 	-0.100671 	-1.7716 	-0.000141697 	-0.116511 	0.0015943 	
2.845	2.17826 	-0.100811 	-1.77159 	-0.000150428 	-0.116517 	0.00158963 	
2.85	2.17843 	-0.100949 	-1.77158 	-0.000159071 	-0.116524 	0.00158502 	
2.855	2.1786 	-0.101087 	-1.77157 	-0.000167638 	-0.116531 	0.00158047 	
2.86	2.18106 	-0.101164 	-1.76879 	-0.000171808 	-0.116538 	0.00157946 	
2.865	2.18124 	-0.101318 	-1.76886 	-0.000181096 	-0.116544 	0.00157439 	
2.87	2.1813 	-0.101462 	-1.76886 	-0.000189983 	-0.116546 	0.00156947 	
2.875	2.18133 	-0.101599 	-1.76882 	-0.000198528 	-0.116547 	0.00156476 	
2.88	2.18139 	-0.101736 	-1.76878 	-0.000207043 	-0.116548 	0.00156011 	
2.885	2.18147 	-0.101873 	-1.76874 	-0.000215537 	-0.116551 	0.00155549 	
2.89	2.18156 	-0.10201 	-1.76871 	-0.00022402 	-0.116555 	0.0015509 	
2.895	2.18167 	-0.102147 	-1.76868 	-0.0002325 	-0.116559 	0.00154635 	
2.9	2.1818 	-0.102284 	-1.76865 	-0.000240983 	-0.116564 	0.00154181 	
2.905	2.18195 	-0.102421 	-1.76862 	-0.000249478 	-0.116569 	0.0015373 	
2.91	2.1821 	-0.102559 	-1.7686 	-0.00025799 	-0.116575 	0.00153279 	
2.915	2.18227 	-0.102697 	-1.76857 	-0.000266525 	-0.116582 	0.00152829 	
2.92	2.18479 	-0.102833 	-1.7657 	-0.000276582 	-0.116589 	0.00152375 	
2.925	2.18498 	-0.102985 	-1.76577 	-0.000285587 	-0.116595 	0.001519 	
2.93	2.18505 	-0.103126 	-1.76575 	-0.000294152 	-0.116596 	0.00151436 	
2.935	2.18509 	-0.103262 	-1.7657 	-0.000302513 	-0.116597 	0.0015098 	
2.94	2.18516 	-0.103399 	-1.76565 	-0.000310943 	-0.116599 	0.00150523 	
2.945	2.18524 	-0.103538 	-1.76561 	-0.000319445 	-0.116602 	0.00150065 	
2.95	2.18535 	-0.103677 	-1.76557 	-0.000328021 	-0.116606 	0.00149606 	
2.955	2.18548 	-0.103818 	-1.76553 	-0.000336671 	-0.11661 	0.00149145 	
2.96	2.18563 	-0.10396 	-1.76549 	-0.000345397 	-0.116616 	0.00148683 	
2.965	2.18579 	-0.104104 	-1.76546 	-0.0003542 	-0.116622 	0.00148219 	
2.97	2.18597 	-0.104249 	-1.76543 	-0.000363082 	-0.116628 	0.00147752 	
2.975	2.18858 	-0.104398 	-1.76245 	-0.000374127 	-0.116636 	0.00147231 	
2.98	2.18879 	-0.104559 	-1.76252 	-0.000383566 	-0.116642 	0.00146737 	
2.985	2.18887 	-0.104708 	-1.7625 	-0.00039257 	-0.116644 	0.00146251 	
2.99	2.18893 	-0.104852 	-1.76244 	-0.0004014 	-0.116645 	0.00145771 	
2.995	2.189 	-0.104999 	-1.76239 	-0.00041034 	-0.116647 	0.00145289 	
3	2.18911 	-0.105147 	-1.76234 	-0.000419387 	-0.11665 	0.00144803 	
3.005	2.18923 	-0.105296 	-1.76229 	-0.000428541 	-0.116655 	0.00144315 	
3.01	2.18938 	-0.105448 	-1.76225 	-0.000437799 	-0.11666 	0.00143823 	
3.015	2.18954 	-0.105601 	-1.76221 	-0.000447161 	-0.116666 	0.00143328 	
3.02	2.18973 	-0.105756 	-1.76218 	-0.000456626 	-0.116673 	0.0014283 	
3.025	2.19235 	-0.105917 	-1.75918 	-0.000468269 	-0.11668 	0.0014226 	
3.03	2.19257 	-0.106088 	-1.75925 	-0.000478335 	-0.116687 	0.00141732 	
3.035	2.19266 	-0.106248 	-1.75923 	-0.000487982 	-0.116689 	0.00141212 	
3.04	2.19273 	-0.106404 	-1.75917 	-0.000497471 	-0.11669 	0.00140697 	
3.045	2.19282 	-0.106562 	-1.75911 	-0.000507083 	-0.116693 	0.00140179 	
3.05	2.19294 	-0.106721 	-1.75906 	-0.000516816 	-0.116697 	0.00139656 	
3.055	2.19308 	-0.106883 	-1.75901 	-0.000526666 	-0.116702 	0.00139131 	
3.06	2.19325 	-0.107046 	-1.75897 	-0.000536632 	-0.116707 	0.00138602 	
3.065	2.19343 	-0.107212 	-1.75893 	-0.000546709 	-0.116714 	0.00138069 	
3.07	2.19598 	-0.107383 	-1.75601 	-0.000558852 	-0.116722 	0.00137454 	
3.075	2.19621 	-0.107564 	-1.75607 	-0.000569526 	-0.116728 	0.00136892 	
3.08	2.19631 	-0.107735 	-1.75605 	-0.000579814 	-0.11673 	0.00136337 	
3.085	2.19639 	-0.107902 	-1.75599 	-0.000589964 	-0.116732 	0.00135786 	
3.09	2.1965 	-0.108071 	-1.75593 	-0.000600241 	-0.116736 	0.00135231 	
3.095	2.19663 	-0.108242 	-1.75588 	-0.000610641 	-0.11674 	0.00134673 	
3.1	2.19679 	-0.108415 	-1.75584 	-0.000621161 	-0.116746 	0.00134112 	
3.105	2.19698 	-0.10859 	-1.7558 	-0.000631798 	-0.116752 	0.00133546 	
3.11	2.19718 	-0.108767 	-1.75576 	-0.000642548 	-0.116759 	0.00132978 	
3.115	2.19987 	-0.10895 	-1.75269 	-0.000655407 	-0.116768 	0.00132308 	
3.12	2.20013 	-0.109144 	-1.75276 	-0.000666809 	-0.116775 	0.00131708 	
3.125	2.20025 	-0.109327 	-1.75274 	-0.00067778 	-0.116778 	0.00131116 	
3.13	2.20034 	-0.109505 	-1.75268 	-0.000688585 	-0.11678 	0.00130528 	
3.135	2.20046 	-0.109685 	-1.75263 	-0.000699517 	-0.116784 	0.00129938 	
3.14	2.20061 	-0.109867 	-1.75258 	-0.000710572 	-0.116789 	0.00129343 	
3.145	2.20078 	-0.110051 	-1.75254 	-0.000721746 	-0.116795 	0.00128746 	
3.15	2.20098 	-0.110237 	-1.7525 	-0.000733035 	-0.116802 	0.00128145 	
3.155	2.20353 	-0.110429 	-1.74959 	-0.000746246 	-0.11681 	0.00127437 	
3.16	2.20377 	-0.110631 	-1.74964 	-0.000758139 	-0.116817 	0.00126808 	
3.165	2.2039 	-0.110823 	-1.74962 	-0.000769654 	-0.11682 	0.00126184 	
3.17	2.204 	-0.111011 	-1.74957 	-0.000781029 	-0.116822 	0.00125565 	
3.175	2.20414 	-0.1112 	-1.74952 	-0.000792529 	-0.116826 	0.00124943 	
3.18	2.2043 	-0.111392 	-1.74947 	-0.000804148 	-0.116832 	0.00124318 	
3.185	2.20449 	-0.111586 	-1.74943 	-0.000815882 	-0.116838 	0.00123689 	
3.19	2.20471 	-0.111781 	-1.74939 	-0.000827727 	-0.116846 	0.00123058 	
3.195	2.20733 	-0.111983 	-1.74639 	-0.000841486 	-0.116854 	0.00122303 	
3.2	2.2076 	-0.112195 	-1.74646 	-0.000853963 	-0.116862 	0.00121641 	
3.205	2.20774 	-0.112397 	-1.74645 	-0.000866031 	-0.116865 	0.00120987 	
3.21	2.20786 	-0.112593 	-1.74639 	-0.00087794 	-0.116869 	0.00120338 	
3.215	2.20801 	-0.112792 	-1.74634 	-0.00088997 	-0.116873 	0.00119686 	
3.22	2.20818 	-0.112993 	-1.7463 	-0.000902114 	-0.116879 	0.00119031 	
3.225	2.20839 	-0.113195 	-1.74626 	-0.000914369 	-0.116886 	0.00118374 	
3.23	2.20861 	-0.1134 	-1.74623 	-0.000926731 	-0.116894 	0.00117713 	
3.235	2.21133 	-0.11361 	-1.74313 	-0.000940996 	-0.116903 	0.00116912 	
3.24	2.21163 	-0.113832 	-1.74321 	-0.000954022 	-0.116911 	0.0011622 	
3.245	2.21178 	-0.114043 	-1.7432 	-0.000966604 	-0.116915 	0.00115537 	
3.25	2.21191 	-0.114248 	-1.74315 	-0.000979002 	-0.116918 	0.00114859 	
3.255	2.21206 	-0.114455 	-1.74311 	-0.000991516 	-0.116923 	0.0011418 	
3.26	2.21225 	-0.114664 	-1.74307 	-0.00100414 	-0.116929 	0.00113497 	
3.265	2.21246 	-0.114875 	-1.74303 	-0.00101687 	-0.116936 	0.00112812 	
3.27	2.21495 	-0.115091 	-1.74019 	-0.00103126 	-0.116945 	0.00111988 	
3.275	2.21522 	-0.115317 	-1.74025 	-0.00104457 	-0.116952 	0.00111276 	
3.28	2.21537 	-0.115534 	-1.74023 	-0.00105752 	-0.116956 	0.00110571 	
3.285	2.21551 	-0.115746 	-1.74019 	-0.00107032 	-0.11696 	0.0010987 	
3.29	2.21568 	-0.11596 	-1.74015 	-0.00108323 	-0.116965 	0.00109168 	
3.295	2.21588 	-0.116176 	-1.74011 	-0.00109625 	-0.116971 	0.00108463 	
3.3	2.2161 	-0.116393 	-1.74008 	-0.00110936 	-0.116979 	0.00107756 	
3.305	2.21862 	-0.116616 	-1.73721 	-0.0011241 	-0.116988 	0.00106896 	
3.31	2.2189 	-0.116849 	-1.73728 	-0.0011378 	-0.116996 	0.00106162 	
3.315	2.21907 	-0.117072 	-1.73727 	-0.00115112 	-0.117 	0.00105435 	
3.32	2.21922 	-0.117291 	-1.73723 	-0.00116429 	-0.117004 	0.00104713 	
3.325	2.2194 	-0.117511 	-1.7372 	-0.00117756 	-0.117009 	0.0010399 	
3.33	2.21961 	-0.117733 	-1.73717 	-0.00119093 	-0.117016 	0.00103265 	
3.335	2.21985 	-0.117957 	-1.73714 	-0.00120439 	-0.117024 	0.00102538 	
3.34	2.22241 	-0.118186 	-1.73422 	-0.00121943 	-0.117033 	0.00101643 	
3.345	2.22271 	-0.118426 	-1.7343 	-0.00123349 	-0.117042 	0.00100888 	
3.35	2.22289 	-0.118655 	-1.7343 	-0.00124715 	-0.117046 	0.00100141 	
3.355	2.22305 	-0.118879 	-1.73426 	-0.00126065 	-0.11705 	0.000993998 	
3.36	2.22324 	-0.119105 	-1.73423 	-0.00127424 	-0.117056 	0.000986575 	
3.365	2.22346 	-0.119333 	-1.7342 	-0.00128792 	-0.117063 	0.000979139 	
3.37	2.2237 	-0.119562 	-1.73418 	-0.00130169 	-0.117072 	0.000971689 	
3.375	2.22631 	-0.119797 	-1.73122 	-0.00131698 	-0.117081 	0.000962402 	
3.38	2.22662 	-0.120042 	-1.7313 	-0.00133136 	-0.11709 	0.000954666 	
3.385	2.22681 	-0.120277 	-1.73131 	-0.00134532 	-0.117095 	0.000947017 	
3.39	2.22697 	-0.120506 	-1.73128 	-0.00135909 	-0.117099 	0.000939436 	
3.395	2.22717 	-0.120737 	-1.73125 	-0.00137295 	-0.117105 	0.000931845 	
3.4	2.2274 	-0.120969 	-1.73123 	-0.0013869 	-0.117112 	0.000924245 	
3.405	2.22765 	-0.121203 	-1.73121 	-0.00140094 	-0.117121 	0.000916634 	
3.41	2.2303 	-0.121443 	-1.72821 	-0.00141643 	-0.11713 	0.000907031 	
3.415	2.23062 	-0.121693 	-1.72831 	-0.00143108 	-0.11714 	0.00089913 	
3.42	2.23081 	-0.121932 	-1.72832 	-0.0014453 	-0.117144 	0.000891324 	
3.425	2.23098 	-0.122166 	-1.72829 	-0.00145931 	-0.117149 	0.000883591 	
3.43	2.23118 	-0.122401 	-1.72827 	-0.00147341 	-0.117155 	0.000875854 	
3.435	2.23142 	-0.122638 	-1.72825 	-0.00148759 	-0.117162 	0.00086811 	
3.44	2.23168 	-0.122875 	-1.72824 	-0.00150184 	-0.117171 	0.00086036 	
3.445	2.23434 	-0.123119 	-1.72521 	-0.00151749 	-0.117181 	0.000850463 	
3.45	2.23468 	-0.123374 	-1.72531 	-0.00153236 	-0.11719 	0.000842419 	
3.455	2.23488 	-0.123617 	-1.72533 	-0.00154679 	-0.117195 	0.000834477 	
3.46	2.23505 	-0.123854 	-1.72531 	-0.001561 	-0.1172 	0.000826615 	
3.465	2.23526 	-0.124093 	-1.72529 	-0.00157529 	-0.117206 	0.000818752 	
3.47	2.2355 	-0.124333 	-1.72528 	-0.00158965 	-0.117214 	0.000810887 	
3.475	2.23576 	-0.124574 	-1.72527 	-0.00160408 	-0.117222 	0.00080302 	
3.48	2.23845 	-0.124821 	-1.72222 	-0.00161984 	-0.117232 	0.000792854 	
3.485	2.23878 	-0.125079 	-1.72233 	-0.00163489 	-0.117242 	0.000784691 	
3.49	2.23899 	-0.125325 	-1.72236 	-0.00164949 	-0.117247 	0.000776635 	
3.495	2.23917 	-0.125566 	-1.72234 	-0.00166385 	-0.117252 	0.000768667 	
3.5	2.23938 	-0.125807 	-1.72233 	-0.00167829 	-0.117258 	0.000760701 	
3.505	2.23962 	-0.12605 	-1.72232 	-0.0016928 	-0.117265 	0.000752737 	
3.51	2.23989 	-0.126294 	-1.72232 	-0.00170736 	-0.117274 	0.000744774 	
3.515	2.24258 	-0.126543 	-1.71926 	-0.00172317 	-0.117284 	0.000734366 	
3.52	2.24293 	-0.126804 	-1.71938 	-0.00173836 	-0.117294 	0.000726108 	
3.525	2.24314 	-0.127053 	-1.71941 	-0.00175308 	-0.117299 	0.000717962 	
3.53	2.24332 	-0.127296 	-1.71939 	-0.00176756 	-0.117304 	0.00070991 	
3.535	2.24354 	-0.127539 	-1.71939 	-0.0017821 	-0.11731 	0.000701864 	
3.54	2.24378 	-0.127784 	-1.71939 	-0.00179671 	-0.117318 	0.000693824 	
3.545	2.24406 	-0.12803 	-1.71939 	-0.00181137 	-0.117327 	0.00068579 	
3.55	2.24675 	-0.128281 	-1.71633 	-0.00182718 	-0.117337 	0.000675169 	
3.555	2.24709 	-0.128544 	-1.71645 	-0.00184246 	-0.117346 	0.00066684 	
3.56	2.24731 	-0.128794 	-1.71649 	-0.00185725 	-0.117352 	0.000658628 	
3.565	2.24749 	-0.129039 	-1.71648 	-0.0018718 	-0.117357 	0.000650515 	
3.57	2.24771 	-0.129284 	-1.71648 	-0.00188641 	-0.117363 	0.000642413 	
3.575	2.24796 	-0.12953 	-1.71649 	-0.00190107 	-0.117371 	0.000634321 	
3.58	2.24824 	-0.129777 	-1.71649 	-0.00191578 	-0.117379 	0.00062624 	
3.585	2.25092 	-0.130029 	-1.71344 	-0.00193155 	-0.11739 	0.000615438 	
3.59	2.25127 	-0.130293 	-1.71357 	-0.00194687 	-0.117399 	0.000607063 	
3.595	2.25149 	-0.130544 	-1.71361 	-0.0019617 	-0.117404 	0.000598809 	
3.6	2.25168 	-0.130789 	-1.71361 	-0.00197628 	-0.117409 	0.000590659 	
3.605	2.2519 	-0.131035 	-1.71362 	-0.00199091 	-0.117416 	0.000582525 	
3.61	2.25215 	-0.131282 	-1.71363 	-0.00200558 	-0.117423 	0.000574406 	
3.615	2.25243 	-0.131529 	-1.71364 	-0.00202029 	-0.117432 	0.0005663 	
3.62	2.25509 	-0.131782 	-1.71061 	-0.00203597 	-0.117442 	0.000555351 	
3.625	2.25544 	-0.132046 	-1.71074 	-0.00205128 	-0.117452 	0.000546956 	
3.63	2.25566 	-0.132298 	-1.71079 	-0.0020661 	-0.117457 	0.000538685 	
3.635	2.25585 	-0.132543 	-1.71079 	-0.00208066 	-0.117462 	0.000530524 	
3.64	2.25608 	-0.132789 	-1.7108 	-0.00209527 	-0.117468 	0.000522383 	
3.645	2.25633 	-0.133035 	-1.71082 	-0.00210991 	-0.117476 	0.00051426 	
3.65	2.25661 	-0.133282 	-1.71083 	-0.00212458 	-0.117485 	0.000506155 	
3.655	2.25925 	-0.133534 	-1.70783 	-0.00214012 	-0.117495 	0.000495095 	
3.66	2.2596 	-0.133798 	-1.70797 	-0.00215537 	-0.117504 	0.000486705 	
3.665	2.25982 	-0.134049 	-1.70802 	-0.00217014 	-0.11751 	0.000478443 	
3.67	2.26001 	-0.134294 	-1.70803 	-0.00218464 	-0.117515 	0.000470295 	
3.675	2.26023 	-0.134539 	-1.70804 	-0.00219918 	-0.117521 	0.000462171 	
3.68	2.26049 	-0.134784 	-1.70806 	-0.00221374 	-0.117528 	0.00045407 	
3.685	2.26077 	-0.13503 	-1.70809 	-0.00222833 	-0.117537 	0.000445991 	
3.69	2.26337 	-0.135281 	-1.70512 	-0.00224368 	-0.117547 	0.000434857 	
3.695	2.26372 	-0.135543 	-1.70526 	-0.00225884 	-0.117557 	0.0004265 	
3.7	2.26394 	-0.135793 	-1.70532 	-0.0022735 	-0.117562 	0.000418272 	
3.705	2.26413 	-0.136037 	-1.70535 	-0.0022878 	-0.117566 	0.000410178 	
3.71	2.1447 	-0.189418 	-1.31344 	0.0187526 	-0.100081 	-0.00703705 	
3.715	1.79175 	-0.346512 	-0.15636 	0.0808918 	-0.0484569 	-0.029007 	
3.72	1.88135 	-0.369539 	-0.0578041 	0.0895105 	-0.0464546 	-0.0374827 	
3.725	2.03173 	-0.427597 	0.516511 	0.131142 	-0.0277817 	-0.0707715 	
3.73	1.842 	-0.322679 	0.792291 	0.148211 	-0.014169 	-0.0838955 	
3.735	1.84682 	-0.275713 	0.689039 	0.143051 	-0.0184487 	-0.0835931 	
3.74	1.80864 	-0.172605 	0.733787 	0.148772 	-0.0166663 	-0.0939474 	
3.745	1.7911 	-0.184585 	0.722997 	0.146987 	-0.0166025 	-0.0910676 	
3.75	1.66485 	-0.214405 	1.07168 	0.165678 	-0.000696663 	-0.0981733 	
3.755	1.60629 	-0.138246 	1.19513 	0.175125 	0.00455446 	-0.108534 	
3.76	1.41639 	-0.207594 	1.61989 	0.195711 	0.0248841 	-0.111474 	
3.765	1.07157 	-0.279499 	2.30851 	0.229544 	0.0585219 	-0.1185 	
3.77	0.92586 	-0.346999 	2.67341 	0.247355 	0.0758897 	-0.121509 	
3.775	0.714115 	-0.4715 	3.37783 	0.284016 	0.107893 	-0.132155 	
3.78	0.613128 	-0.544616 	3.71895 	0.301279 	0.123523 	-0.136102 	
3.785	0.421384 	-0.656928 	4.3614 	0.334784 	0.152739 	-0.146015 	
3.79	0.340805 	-0.717409 	4.63645 	0.34865 	0.165387 	-0.14909 	
3.795	0.165698 	-0.819235 	5.22631 	0.379473 	0.192245 	-0.158374 	
3.8	0.0891445 	-0.842316 	5.35569 	0.385424 	0.199092 	-0.157904 	
3.805	-0.10454 	-0.852405 	5.64331 	0.398636 	0.215025 	-0.159814 	
3.81	-0.170216 	-0.874426 	5.76932 	0.404167 	0.222158 	-0.159986 	
3.815	-0.255369 	-0.943251 	6.12031 	0.422516 	0.238721 	-0.165744 	
3.82	-0.281868 	-0.982682 	6.26016 	0.429631 	0.244974 	-0.167351 	
3.825	-0.357648 	-1.04321 	6.56359 	0.445561 	0.258681 	-0.172215 	
3.83	-0.377839 	-1.07648 	6.67822 	0.451381 	0.263837 	-0.173525 	
3.835	-0.448953 	-1.13194 	6.96278 	0.466354 	0.276744 	-0.178208 	
3.84	-0.494813 	-1.1412 	7.01635 	0.468807 	0.279765 	-0.177234 	
3.845	-0.641946 	-1.13157 	7.17246 	0.475441 	0.288874 	-0.177338 	
3.85	-0.630989 	-1.08695 	7.02935 	0.467635 	0.283016 	-0.175223 	
3.855	-0.447794 	-0.957945 	6.47544 	0.440103 	0.257173 	-0.17103 	
3.86	-0.258845 	-0.878764 	5.90912 	0.410167 	0.231051 	-0.161475 	
3.865	-0.107588 	-0.762408 	5.45312 	0.387824 	0.209723 	-0.159067 	
3.87	0.0499427 	-0.684844 	4.98302 	0.363379 	0.18796 	-0.152373 	
3.875	0.176861 	-0.576787 	4.60752 	0.345426 	0.170292 	-0.151763 	
3.88	0.294682 	-0.512795 	4.19918 	0.323859 	0.151634 	-0.144343 	
3.885	0.362954 	-0.418789 	3.87552 	0.307217 	0.13715 	-0.141423 	
3.89	0.484986 	-0.370058 	3.51426 	0.28804 	0.120486 	-0.135236 	
3.895	0.578125 	-0.282806 	3.2463 	0.275563 	0.107799 	-0.135987 	
3.9	0.68419 	-0.236637 	2.94428 	0.259802 	0.0937697 	-0.131603 	
3.905	0.763818 	-0.158363 	2.72246 	0.249706 	0.0832007 	-0.132978 	
3.91	0.854509 	-0.11766 	2.46464 	0.236278 	0.0712175 	-0.129368 	
3.915	0.668132 	-0.197313 	2.83541 	0.251638 	0.0900938 	-0.128446 	
3.92	0.0166571 	-0.665633 	4.17569 	0.30342 	0.15843 	-0.10854 	
3.925	-0.117652 	-0.797185 	4.39795 	0.309196 	0.171231 	-0.0980596 	
3.93	-0.731145 	-1.19614 	5.66561 	0.360615 	0.237048 	-0.0841998 	
3.935	-0.52582 	-1.08868 	5.17734 	0.337867 	0.213177 	-0.0827649 	
3.94	-0.360621 	-0.919695 	4.79999 	0.323328 	0.194069 	-0.0907989 	
3.945	-0.174221 	-0.786044 	4.33794 	0.302639 	0.17133 	-0.0922174 	
3.95	-0.281093 	-0.810528 	4.57881 	0.314141 	0.183759 	-0.0952478 	
3.955	-0.831426 	-1.24303 	5.79562 	0.362831 	0.24705 	-0.0790103 	
3.96	-0.645429 	-1.21668 	5.46425 	0.347105 	0.230424 	-0.0760651 	
3.965	-0.451499 	-1.28396 	5.0493 	0.323536 	0.210775 	-0.0599668 	
3.97	-0.267741 	-1.24992 	4.59464 	0.300062 	0.188966 	-0.051513 	
3.975	-0.130818 	-1.31241 	4.24756 	0.279161 	0.1731 	-0.0358618 	
3.98	0.0425011 	-1.27412 	3.84812 	0.259144 	0.153673 	-0.0300089 	
3.985	-0.0355679 	-1.44199 	4.09696 	0.266756 	0.166465 	-0.0203521 	
3.99	-0.555093 	-1.67751 	5.32076 	0.321601 	0.226771 	-0.0255996 	
3.995	-0.359863 	-1.54152 	4.84386 	0.300489 	0.203072 	-0.0271268 	
4	-0.206001 	-1.36682 	4.47412 	0.286243 	0.184179 	-0.0353233 	
4.005	-0.0364127 	-1.25312 	4.05982 	0.267756 	0.163619 	-0.0362033 	
4.01	0.0884759 	-1.09813 	3.74938 	0.25608 	0.14769 	-0.0435945 	
4.015	0.225203 	-1.00399 	3.3901 	0.239616 	0.130067 	-0.0433134 	
4.02	0.301085 	-0.866486 	3.13488 	0.229427 	0.117419 	-0.0488941 	
4.025	0.444299 	-0.813167 	2.82326 	0.214992 	0.101964 	-0.0473138 	
4.03	0.337597 	-0.930149 	3.17176 	0.230586 	0.119704 	-0.0463956 	
4.035	-0.22324 	-1.37003 	4.52897 	0.28801 	0.189846 	-0.0357414 	
4.04	-0.273614 	-1.4468 	4.74442 	0.297905 	0.200716 	-0.0356372 	
4.045	-0.787697 	-1.85266 	5.99968 	0.351153 	0.265546 	-0.0261248 	
4.05	-0.564857 	-1.70798 	5.55569 	0.333305 	0.242366 	-0.0319613 	
4.055	-0.389278 	-1.52994 	5.11978 	0.315548 	0.219997 	-0.0385959 	
4.06	-0.233876 	-1.3861 	4.685 	0.29658 	0.19816 	-0.040712 	
4.065	-0.369033 	-1.40295 	4.86461 	0.303577 	0.208412 	-0.0397162 	
4.07	-0.932244 	-1.80713 	6.07032 	0.352385 	0.272215 	-0.0249632 	
4.075	-0.710738 	-1.66511 	5.55744 	0.330032 	0.246067 	-0.0270733 	
4.08	-0.523768 	-1.48835 	5.12384 	0.312772 	0.223568 	-0.0345217 	
4.085	-0.33002 	-1.36439 	4.6639 	0.292465 	0.20021 	-0.0357615 	
4.09	-0.387067 	-1.36513 	4.83625 	0.301142 	0.208756 	-0.0404376 	
4.095	-0.83973 	-1.7427 	5.98196 	0.348536 	0.267956 	-0.0311339 	
4.1	-0.592413 	-1.62559 	5.42228 	0.323394 	0.239425 	-0.0301046 	
4.105	-0.329101 	-1.51513 	4.9064 	0.30133 	0.212434 	-0.0316097 	
4.11	-0.143312 	-1.40071 	4.4456 	0.280615 	0.189139 	-0.0314214 	
4.115	0.00915823 	-1.2648 	4.06157 	0.264646 	0.169355 	-0.035105 	
4.12	0.163685 	-1.16945 	3.66288 	0.246416 	0.149332 	-0.0342097 	
4.125	0.278768 	-1.05225 	3.33739 	0.232345 	0.13285 	-0.0367373 	
4.13	0.420042 	-0.970987 	2.99247 	0.21673 	0.115424 	-0.0362823 	
4.135	0.537815 	-0.867304 	2.71322 	0.205228 	0.100979 	-0.0398553 	
4.14	0.660254 	-0.799543 	2.414 	0.191596 	0.0858832 	-0.0391816 	
4.145	0.760393 	-0.707611 	2.17806 	0.182001 	0.0736381 	-0.0426608 	
4.15	0.86669 	-0.65155 	1.91794 	0.170063 	0.0605393 	-0.0417847 	
4.155	0.951694 	-0.569678 	1.71924 	0.16211 	0.0501855 	-0.0451886 	
4.16	1.04416 	-0.523771 	1.49257 	0.151618 	0.0387957 	-0.0441241 	
4.165	1.11616 	-0.450456 	1.32595 	0.145082 	0.0300706 	-0.0474758 	
4.17	1.13542 	-0.398667 	1.19112 	0.135839 	0.0251121 	-0.0474373 	
4.175	0.676859 	-0.21701 	1.62187 	0.130646 	0.0618947 	-0.0583789 	
4.18	-0.255674 	0.0272987 	2.57797 	0.122636 	0.140306 	-0.0697069 	
4.185	-0.179487 	0.0772909 	2.40477 	0.118545 	0.129926 	-0.0724592 	
4.19	-0.0297525 	0.0862678 	2.16241 	0.109664 	0.116109 	-0.0697256 	
4.195	-0.050593 	0.221922 	2.21297 	0.101703 	0.124458 	-0.0795321 	
4.2	-0.192788 	0.444552 	2.47031 	0.0945126 	0.148389 	-0.0979954 	
4.205	-0.201815 	0.553465 	2.49776 	0.0876409 	0.154342 	-0.105673 	
4.21	-0.321627 	0.753117 	2.729 	0.0815073 	0.17562 	-0.122406 	
4.215	-0.186317 	0.767307 	2.55269 	0.0763003 	0.164797 	-0.121827 	
4.22	-0.0158576 	0.730501 	2.28596 	0.0736141 	0.145889 	-0.117337 	
4.225	0.14116 	0.699106 	2.04245 	0.0713975 	0.128518 	-0.113566 	
4.23	0.2879 	0.667353 	1.81301 	0.069068 	0.11226 	-0.109697 	
4.235	0.422937 	0.640692 	1.60413 	0.0671866 	0.0973488 	-0.106508 	
4.24	0.549323 	0.613236 	1.40668 	0.0651594 	0.0833648 	-0.103167 	
4.245	0.665498 	0.590614 	1.2275 	0.0635632 	0.0705634 	-0.100475 	
4.25	0.528895 	0.614166 	1.25809 	0.0625426 	0.074588 	-0.101675 	
4.255	-0.0867873 	0.733556 	1.68922 	0.0630029 	0.110637 	-0.111577 	
4.26	0.0736553 	0.698873 	1.48644 	0.061224 	0.0957719 	-0.107676 	
4.265	0.22544 	0.669511 	1.30069 	0.0598591 	0.0820282 	-0.104617 	
4.27	0.367058 	0.640178 	1.12556 	0.0583757 	0.0691638 	-0.101483 	
4.275	0.497704 	0.615067 	0.966004 	0.0572066 	0.0573548 	-0.0988792 	
4.28	0.619741 	0.589597 	0.815062 	0.0558977 	0.0462798 	-0.0961561 	
4.285	0.732245 	0.568107 	0.677965 	0.0548938 	0.0361308 	-0.0939398 	
4.29	0.837479 	0.545914 	0.54774 	0.0537309 	0.0265904 	-0.0915641 	
4.295	0.934416 	0.527502 	0.429887 	0.052866 	0.0178652 	-0.089676 	
4.3	1.02523 	0.508082 	0.317399 	0.0518245 	0.00964042 	-0.0875927 	
4.305	1.10881 	0.492282 	0.216028 	0.0510759 	0.0021362 	-0.0859822 	
4.31	1.18726 	0.475202 	0.118718 	0.0501347 	-0.00496094 	-0.0841441 	
4.315	1.25939 	0.461614 	0.0314603 	0.0494831 	-0.0114184 	-0.0827677 	
4.32	1.32722 	0.446502 	-0.0528682 	0.0486243 	-0.0175493 	-0.0811342 	
4.325	1.38952 	0.434783 	-0.128049 	0.0480531 	-0.0231096 	-0.0799546 	
4.33	1.44825 	0.421318 	-0.201286 	0.047261 	-0.028413 	-0.0784907 	
4.335	1.50212 	0.411173 	-0.266138 	0.0467559 	-0.0332046 	-0.0774757 	
4.34	1.55304 	0.39908 	-0.329903 	0.0460171 	-0.0377995 	-0.0761512 	
4.345	1.59968 	0.390255 	-0.385929 	0.0455658 	-0.0419327 	-0.0752731 	
4.35	1.64391 	0.3793 	-0.441613 	0.0448691 	-0.0459214 	-0.0740624 	
4.355	1.46272 	0.415492 	-0.307493 	0.0451854 	-0.0350204 	-0.077206 	
4.36	0.847901 	0.533489 	0.172621 	0.0463029 	0.00396124 	-0.087554 	
4.365	0.938424 	0.513485 	0.0824568 	0.0456837 	-0.00294133 	-0.0854673 	
4.37	1.03125 	0.494852 	-0.00564111 	0.0451515 	-0.00972034 	-0.0837583 	
4.375	1.11752 	0.477346 	-0.0876972 	0.0446315 	-0.0160223 	-0.0821448 	
4.38	1.19772 	0.460889 	-0.164146 	0.0441234 	-0.0218817 	-0.0806206 	
4.385	1.27229 	0.445381 	-0.235429 	0.0436239 	-0.0273322 	-0.0791756 	
4.39	1.34164 	0.430758 	-0.301916 	0.0431332 	-0.0324035 	-0.0778049 	
4.395	1.40617 	0.416929 	-0.363993 	0.0426479 	-0.0371248 	-0.0764989 	
4.4	1.46622 	0.403844 	-0.421971 	0.0421686 	-0.041521 	-0.0752543 	
4.405	1.52212 	0.391421 	-0.476187 	0.0416921 	-0.0456176 	-0.0740622 	
4.41	1.57417 	0.379621 	-0.526902 	0.0412193 	-0.0494359 	-0.0729204 	
4.415	1.62266 	0.368371 	-0.574407 	0.0407472 	-0.0529976 	-0.0718208 	
4.42	1.66784 	0.357637 	-0.618929 	0.0402765 	-0.0563211 	-0.0707615 	
4.425	1.71003 	0.34721 	-0.660927 	0.0397896 	-0.0594343 	-0.0697148 	
4.43	1.74955 	0.336918 	-0.700811 	0.0392726 	-0.0623626 	-0.06866 	
4.435	1.78628 	0.32739 	-0.737827 	0.0387926 	-0.0650801 	-0.0676869 	
4.44	1.82048 	0.318171 	-0.772675 	0.0383076 	-0.0676217 	-0.0667297 	
4.445	1.85235 	0.309569 	-0.80514 	0.0378499 	-0.0699865 	-0.0658385 	
4.45	1.88219 	0.300947 	-0.83615 	0.0373591 	-0.0722178 	-0.0649208 	
4.455	1.91002 	0.292863 	-0.865107 	0.0368926 	-0.0742969 	-0.0640611 	
4.46	1.9361 	0.284692 	-0.892897 	0.0363909 	-0.0762646 	-0.0631679 	
4.465	1.96046 	0.277017 	-0.918881 	0.0359134 	-0.0780999 	-0.0623294 	
4.47	1.98332 	0.269197 	-0.943945 	0.035399 	-0.0798426 	-0.0614512 	
4.475	2.00468 	0.261837 	-0.967415 	0.0349088 	-0.0814698 	-0.060625 	
4.48	2.02475 	0.254282 	-0.990174 	0.0343802 	-0.0830205 	-0.0597538 	
4.485	2.04352 	0.247159 	-1.01152 	0.033876 	-0.0844701 	-0.0589324 	
4.49	2.06118 	0.239796 	-1.03233 	0.033332 	-0.085857 	-0.0580612 	
4.495	2.07772 	0.232842 	-1.05189 	0.0328127 	-0.0871551 	-0.0572383 	
4.5	2.0933 	0.225609 	-1.07107 	0.0322521 	-0.0884025 	-0.0563612 	
4.505	2.10792 	0.218703 	-1.0892 	0.0317105 	-0.089575 	-0.055522 	
4.51	2.12174 	0.211405 	-1.1072 	0.0311184 	-0.0907117 	-0.0546134 	
4.515	2.1346 	0.204858 	-1.12367 	0.0305897 	-0.0917579 	-0.0538059 	
4.52	2.14656 	0.198332 	-1.13949 	0.030055 	-0.0927492 	-0.0529881 	
4.525	2.15761 	0.192749 	-1.15359 	0.0296048 	-0.093646 	-0.0523007 	
4.53	2.16788 	0.187101 	-1.16723 	0.0291415 	-0.0944994 	-0.051592 	
4.535	2.17737 	0.182348 	-1.17929 	0.0287589 	-0.0952677 	-0.0510078 	
4.54	2.1862 	0.177454 	-1.19105 	0.0283568 	-0.0960028 	-0.0503926 	
4.545	2.19434 	0.173414 	-1.20136 	0.0280324 	-0.0966608 	-0.0498973 	
4.55	2.20193 	0.169167 	-1.21152 	0.0276827 	-0.0972942 	-0.0493623 	
4.555	2.20892 	0.16574 	-1.22032 	0.0274083 	-0.0978573 	-0.0489435 	
4.56	2.21544 	0.162048 	-1.2291 	0.0271037 	-0.0984035 	-0.0484772 	
4.565	2.22144 	0.15915 	-1.23661 	0.0268723 	-0.0988851 	-0.0481243 	
4.57	2.22705 	0.155933 	-1.2442 	0.0266062 	-0.0993564 	-0.0477169 	
4.575	2.2322 	0.153489 	-1.2506 	0.026412 	-0.0997679 	-0.0474207 	
4.58	2.23702 	0.150679 	-1.25718 	0.0261788 	-0.100175 	-0.0470637 	
4.585	2.24144 	0.148627 	-1.26261 	0.0260166 	-0.100526 	-0.0468165 	
4.59	2.24559 	0.146165 	-1.26832 	0.0258117 	-0.100878 	-0.0465025 	
4.595	2.24938 	0.144452 	-1.27293 	0.0256771 	-0.101178 	-0.0462975 	
4.6	2.25294 	0.142288 	-1.27789 	0.0254962 	-0.101482 	-0.0460204 	
4.605	2.2562 	0.140866 	-1.28179 	0.0253854 	-0.101737 	-0.0458518 	
4.61	2.25926 	0.138957 	-1.28612 	0.0252252 	-0.102001 	-0.0456062 	
4.615	2.26205 	0.137786 	-1.28941 	0.025135 	-0.102218 	-0.045469 	
4.62	2.26469 	0.136095 	-1.29318 	0.0249924 	-0.102447 	-0.0452503 	
4.625	2.26708 	0.135141 	-1.29595 	0.0249199 	-0.10263 	-0.0451404 	
4.63	2.26935 	0.133636 	-1.29925 	0.0247923 	-0.10283 	-0.0449445 	
4.635	2.2714 	0.132869 	-1.30156 	0.0247353 	-0.102985 	-0.0448581 	
4.64	2.27336 	0.131523 	-1.30447 	0.0246204 	-0.103159 	-0.0446817 	
4.645	2.27511 	0.130919 	-1.30638 	0.0245767 	-0.103289 	-0.0446158 	
4.65	2.2768 	0.129707 	-1.30895 	0.0244726 	-0.103441 	-0.0444559 	
4.655	2.2783 	0.129244 	-1.31053 	0.0244405 	-0.103551 	-0.0444077 	
4.66	2.27976 	0.128147 	-1.3128 	0.0243457 	-0.103684 	-0.0442619 	
4.665	2.28104 	0.127806 	-1.31408 	0.0243237 	-0.103775 	-0.044229 	
4.67	2.28229 	0.126806 	-1.3161 	0.0242366 	-0.103892 	-0.0440951 	
4.675	2.28339 	0.126572 	-1.31714 	0.0242233 	-0.103968 	-0.0440757 	
4.68	2.28447 	0.125654 	-1.31894 	0.0241428 	-0.104072 	-0.0439517 	
4.685	2.28541 	0.125512 	-1.31976 	0.0241372 	-0.104134 	-0.043944 	
4.69	2.28635 	0.124664 	-1.32138 	0.0240622 	-0.104225 	-0.0438285 	
4.695	2.28715 	0.124602 	-1.32202 	0.0240632 	-0.104276 	-0.043831 	
4.7	2.28796 	0.123813 	-1.32348 	0.0239929 	-0.104358 	-0.0437226 	
4.705	2.28864 	0.123821 	-1.32395 	0.0239998 	-0.104398 	-0.0437341 	
4.71	2.28934 	0.123081 	-1.32528 	0.0239333 	-0.104471 	-0.0436315 	
4.715	2.28992 	0.12315 	-1.32561 	0.0239453 	-0.104503 	-0.0436508 	
4.72	2.29053 	0.12245 	-1.32684 	0.0238818 	-0.104569 	-0.0435529 	
4.725	2.29102 	0.122576 	-1.32704 	0.0238987 	-0.104593 	-0.0435796 	
4.73	2.29155 	0.121907 	-1.32817 	0.0238376 	-0.104653 	-0.0434852 	
4.735	2.29196 	0.122084 	-1.32826 	0.0238587 	-0.104671 	-0.0435185 	
4.74	2.29242 	0.121439 	-1.32932 	0.0237995 	-0.104725 	-0.0434269 	
4.745	2.29277 	0.121662 	-1.32931 	0.0238245 	-0.104737 	-0.0434662 	
4.75	2.29318 	0.121037 	-1.3303 	0.0237667 	-0.104787 	-0.0433768 	
4.755	2.29347 	0.121301 	-1.33021 	0.0237952 	-0.104794 	-0.0434214 	
4.76	2.29382 	0.120691 	-1.33115 	0.0237384 	-0.104841 	-0.0433336 	
4.765	2.29407 	0.120991 	-1.33098 	0.0237701 	-0.104843 	-0.0433831 	
4.77	2.29438 	0.120392 	-1.33188 	0.023714 	-0.104886 	-0.0432963 	
4.775	2.29458 	0.120726 	-1.33164 	0.0237486 	-0.104885 	-0.0433503 	
4.78	2.29486 	0.120135 	-1.33251 	0.023693 	-0.104926 	-0.0432642 	
4.785	2.29503 	0.120499 	-1.33221 	0.0237303 	-0.104921 	-0.0433222 	
4.79	2.29527 	0.119914 	-1.33305 	0.0236749 	-0.10496 	-0.0432364 	
4.795	2.2954 	0.120305 	-1.3327 	0.0237146 	-0.104952 	-0.0432983 	
4.8	2.29562 	0.119722 	-1.33351 	0.0236592 	-0.104989 	-0.0432125 	
4.805	2.29573 	0.120139 	-1.33311 	0.0237012 	-0.104978 	-0.0432778 	
4.81	2.29592 	0.119557 	-1.33391 	0.0236457 	-0.105014 	-0.0431918 	
4.815	2.29601 	0.119998 	-1.33347 	0.0236898 	-0.105001 	-0.0432604 	
4.82	2.29618 	0.119414 	-1.33426 	0.023634 	-0.105036 	-0.0431738 	
4.825	2.29625 	0.119876 	-1.33378 	0.02368 	-0.10502 	-0.0432455 	
4.83	2.2964 	0.11929 	-1.33456 	0.0236237 	-0.105054 	-0.0431582 	
4.835	2.29646 	0.119776 	-1.33404 	0.023672 	-0.105037 	-0.0432332 	
4.84	2.2966 	0.119182 	-1.33481 	0.0236148 	-0.10507 	-0.0431446 	
4.845	2.29663 	0.11969 	-1.33426 	0.0236651 	-0.105051 	-0.0432228 	
4.85	2.29676 	0.119088 	-1.33504 	0.0236071 	-0.105084 	-0.0431327 	
4.855	2.29678 	0.119618 	-1.33445 	0.0236594 	-0.105063 	-0.043214 	
4.86	2.2969 	0.119006 	-1.33523 	0.0236003 	-0.105096 	-0.0431223 	
4.865	2.29691 	0.119557 	-1.33461 	0.0236546 	-0.105074 	-0.0432067 	
4.87	2.29703 	0.118934 	-1.3354 	0.0235944 	-0.105106 	-0.0431132 	
4.875	2.29703 	0.119506 	-1.33474 	0.0236505 	-0.105083 	-0.0432005 	
4.88	2.29713 	0.118872 	-1.33554 	0.0235892 	-0.105115 	-0.0431053 	
4.885	2.29712 	0.119463 	-1.33486 	0.0236472 	-0.10509 	-0.0431954 	
4.89	2.29722 	0.118817 	-1.33567 	0.0235846 	-0.105123 	-0.0430982 	
4.895	2.2972 	0.119428 	-1.33496 	0.0236444 	-0.105097 	-0.0431912 	
4.9	2.2973 	0.118769 	-1.33578 	0.0235805 	-0.10513 	-0.043092 	
4.905	2.29727 	0.119398 	-1.33504 	0.0236422 	-0.105102 	-0.0431878 	
4.91	2.29737 	0.118726 	-1.33587 	0.0235769 	-0.105135 	-0.0430865 	
4.915	2.29734 	0.119374 	-1.33511 	0.0236404 	-0.105107 	-0.043185 	
4.92	2.29742 	0.118688 	-1.33595 	0.0235737 	-0.10514 	-0.0430816 	
4.925	2.29739 	0.119355 	-1.33517 	0.0236389 	-0.105111 	-0.0431829 	
4.93	2.29747 	0.118655 	-1.33603 	0.0235709 	-0.105145 	-0.0430772 	
4.935	2.29743 	0.119339 	-1.33522 	0.0236378 	-0.105114 	-0.0431811 	
4.94	2.29752 	0.118624 	-1.33609 	0.0235682 	-0.105149 	-0.0430732 	
4.945	2.29747 	0.119328 	-1.33526 	0.023637 	-0.105117 	-0.04318 	
4.95	2.29755 	0.118595 	-1.33615 	0.0235657 	-0.105152 	-0.0430693 	
4.955	2.2975 	0.11932 	-1.33529 	0.0236365 	-0.105119 	-0.0431792 	
4.96	2.29758 	0.118569 	-1.3362 	0.0235634 	-0.105155 	-0.0430657 	
4.965	2.29753 	0.119314 	-1.33532 	0.0236362 	-0.105121 	-0.0431787 	
4.97	2.29761 	0.118545 	-1.33625 	0.0235613 	-0.105158 	-0.0430625 	
4.975	2.29755 	0.119311 	-1.33534 	0.023636 	-0.105122 	-0.0431786 	
4.98	2.29764 	0.118523 	-1.33629 	0.0235593 	-0.10516 	-0.0430594 	
4.985	2.29757 	0.119309 	-1.33535 	0.0236361 	-0.105124 	-0.0431787 	
4.99	2.29766 	0.118502 	-1.33633 	0.0235575 	-0.105162 	-0.0430566 	
4.995	2.29759 	0.119309 	-1.33536 	0.0236363 	-0.105125 	-0.043179 	
5	2.29767 	0.118483 	-1.33636 	0.0235558 	-0.105164 	-0.043054 	
5.005	2.29761 	0.119311 	-1.33537 	0.0236365 	-0.105126 	-0.0431793 	
5.01	2.29769 	0.118464 	-1.3364 	0.0235541 	-0.105166 	-0.0430513 	
5.015	2.29762 	0.119315 	-1.33538 	0.0236371 	-0.105126 	-0.0431803 	
5.02	2.2977 	0.118447 	-1.33643 	0.0235525 	-0.105167 	-0.0430488 	
5.025	2.29763 	0.119321 	-1.33538 	0.0236378 	-0.105127 	-0.0431813 	
5.03	2.29771 	0.11843 	-1.33645 	0.0235509 	-0.105169 	-0.0430464 	
5.035	2.29764 	0.119328 	-1.33537 	0.0236385 	-0.105127 	-0.0431825 	
5.04	2.29772 	0.118413 	-1.33648 	0.0235494 	-0.10517 	-0.0430441 	
5.045	2.29764 	0.119336 	-1.33537 	0.0236393 	-0.105127 	-0.0431838 	
5.05	2.29773 	0.118397 	-1.3365 	0.0235479 	-0.105171 	-0.0430418 	
5.055	2.29765 	0.119344 	-1.33537 	0.0236402 	-0.105127 	-0.0431852 	
5.06	2.29774 	0.118382 	-1.33653 	0.0235465 	-0.105172 	-0.0430396 	
5.065	2.29766 	0.119353 	-1.33536 	0.0236411 	-0.105127 	-0.0431866 	
5.07	2.29775 	0.118367 	-1.33655 	0.0235451 	-0.105173 	-0.0430374 	
5.075	2.29766 	0.119362 	-1.33535 	0.0236421 	-0.105127 	-0.0431881 	
5.08	2.29775 	0.118352 	-1.33657 	0.0235437 	-0.105174 	-0.0430352 	
5.085	2.29766 	0.119373 	-1.33534 	0.0236431 	-0.105127 	-0.0431897 	
5.09	2.29776 	0.118336 	-1.33659 	0.0235421 	-0.105175 	-0.0430328 	
5.095	2.29767 	0.119384 	-1.33533 	0.0236443 	-0.105126 	-0.0431915 	
5.1	2.29776 	0.11832 	-1.33661 	0.0235406 	-0.105176 	-0.0430305 	
5.105	2.29767 	0.119396 	-1.33532 	0.0236454 	-0.105126 	-0.0431933 	
5.11	2.29777 	0.118304 	-1.33663 	0.0235391 	-0.105177 	-0.0430281 	
5.115	2.29767 	0.119408 	-1.33531 	0.0236466 	-0.105125 	-0.0431952 	
5.12	2.29777 	0.118289 	-1.33666 	0.0235376 	-0.105178 	-0.0430258 	
5.125	2.29767 	0.11942 	-1.33529 	0.0236479 	-0.105125 	-0.0431971 	
5.13	2.29778 	0.118273 	-1.33668 	0.0235361 	-0.105179 	-0.0430235 	
5.135	2.29767 	0.119435 	-1.33528 	0.0236493 	-0.105124 	-0.0431993 	
5.14	2.29778 	0.118257 	-1.3367 	0.0235345 	-0.10518 	-0.0430211 	
5.145	2.29767 	0.11945 	-1.33526 	0.0236508 	-0.105124 	-0.0432016 	
5.15	2.29778 	0.118241 	-1.33672 	0.0235329 	-0.105181 	-0.0430186 	
5.155	2.29767 	0.119465 	-1.33524 	0.0236523 	-0.105123 	-0.0432039 	
5.16	2.29779 	0.118224 	-1.33674 	0.0235314 	-0.105182 	-0.0430162 	
5.165	2.29767 	0.11948 	-1.33523 	0.0236538 	-0.105123 	-0.0432063 	
5.17	2.29779 	0.118208 	-1.33676 	0.0235298 	-0.105182 	-0.0430137 	
5.175	2.29767 	0.119496 	-1.33521 	0.0236553 	-0.105122 	-0.0432086 	
5.18	2.29779 	0.118192 	-1.33678 	0.0235282 	-0.105183 	-0.0430113 	
5.185	2.29767 	0.119511 	-1.33519 	0.0236568 	-0.105121 	-0.043211 	
5.19	2.29779 	0.118173 	-1.3368 	0.0235264 	-0.105184 	-0.0430085 	
5.195	2.29767 	0.119528 	-1.33517 	0.0236585 	-0.105121 	-0.0432136 	
5.2	2.2978 	0.118155 	-1.33682 	0.0235246 	-0.105185 	-0.0430057 	
5.205	2.29767 	0.119545 	-1.33515 	0.0236601 	-0.10512 	-0.0432162 	
5.21	2.2978 	0.118137 	-1.33685 	0.0235228 	-0.105186 	-0.0430029 	
5.215	2.29767 	0.119563 	-1.33513 	0.0236618 	-0.105119 	-0.0432188 	
5.22	2.2978 	0.118119 	-1.33687 	0.0235211 	-0.105187 	-0.0430003 	
5.225	2.29767 	0.119582 	-1.33511 	0.0236637 	-0.105118 	-0.0432217 	
5.23	2.2978 	0.118099 	-1.33689 	0.0235192 	-0.105188 	-0.0429973 	
5.235	2.29767 	0.119601 	-1.33508 	0.0236656 	-0.105117 	-0.0432247 	
5.24	2.29781 	0.11808 	-1.33692 	0.0235173 	-0.105189 	-0.0429943 	
5.245	2.29767 	0.119621 	-1.33506 	0.0236675 	-0.105116 	-0.0432276 	
5.25	2.29781 	0.11806 	-1.33694 	0.0235154 	-0.10519 	-0.0429913 	
5.255	2.29766 	0.119641 	-1.33504 	0.0236695 	-0.105115 	-0.0432307 	
5.26	2.29781 	0.11804 	-1.33696 	0.0235134 	-0.105191 	-0.0429883 	
5.265	2.29766 	0.11966 	-1.33501 	0.0236713 	-0.105115 	-0.0432336 	
5.27	2.29781 	0.118018 	-1.33699 	0.0235113 	-0.105192 	-0.042985 	
5.275	2.29766 	0.119681 	-1.33499 	0.0236734 	-0.105114 	-0.0432368 	
5.28	2.29781 	0.117996 	-1.33702 	0.0235092 	-0.105193 	-0.0429817 	
5.285	2.29766 	0.119702 	-1.33496 	0.0236755 	-0.105113 	-0.04324 	
5.29	2.29782 	0.117974 	-1.33704 	0.023507 	-0.105194 	-0.0429783 	
5.295	2.29766 	0.119723 	-1.33494 	0.0236775 	-0.105112 	-0.0432432 	
5.3	2.29782 	0.117951 	-1.33707 	0.0235048 	-0.105195 	-0.0429748 	
5.305	2.29766 	0.119747 	-1.33491 	0.0236798 	-0.10511 	-0.0432468 	
5.31	2.29782 	0.117927 	-1.3371 	0.0235025 	-0.105196 	-0.0429713 	
5.315	2.29765 	0.119771 	-1.33488 	0.0236822 	-0.105109 	-0.0432504 	
5.32	2.29782 	0.117904 	-1.33713 	0.0235002 	-0.105197 	-0.0429678 	
5.325	2.29765 	0.119795 	-1.33485 	0.0236845 	-0.105108 	-0.043254 	
5.33	2.29783 	0.117881 	-1.33716 	0.0234979 	-0.105198 	-0.0429642 	
5.335	2.29765 	0.119819 	-1.33482 	0.0236869 	-0.105107 	-0.0432577 	
5.34	2.29783 	0.117855 	-1.33719 	0.0234954 	-0.105199 	-0.0429603 	
5.345	2.29765 	0.119844 	-1.33479 	0.0236893 	-0.105106 	-0.0432615 	
5.35	2.29783 	0.117829 	-1.33722 	0.0234929 	-0.105201 	-0.0429564 	
5.355	2.29765 	0.11987 	-1.33476 	0.0236918 	-0.105105 	-0.0432653 	
5.36	2.29783 	0.117803 	-1.33725 	0.0234904 	-0.105202 	-0.0429525 	
5.365	2.29764 	0.119897 	-1.33473 	0.0236945 	-0.105103 	-0.0432695 	
5.37	2.29783 	0.117776 	-1.33728 	0.0234877 	-0.105203 	-0.0429483 	
5.375	2.29764 	0.119925 	-1.3347 	0.0236972 	-0.105102 	-0.0432737 	
5.38	2.29784 	0.117748 	-1.33732 	0.023485 	-0.105204 	-0.0429442 	
5.385	2.29764 	0.119953 	-1.33466 	0.0236999 	-0.105101 	-0.0432779 	
5.39	2.29784 	0.117721 	-1.33735 	0.0234824 	-0.105206 	-0.0429401 	
5.395	2.29764 	0.119982 	-1.33463 	0.0237027 	-0.1051 	-0.0432823 	
5.4	2.29784 	0.117691 	-1.33739 	0.0234795 	-0.105207 	-0.0429356 	
5.405	2.29763 	0.120011 	-1.33459 	0.0237056 	-0.105098 	-0.0432867 	
5.41	2.29785 	0.117662 	-1.33742 	0.0234766 	-0.105209 	-0.0429311 	
5.415	2.29763 	0.120042 	-1.33456 	0.0237085 	-0.105097 	-0.0432913 	
5.42	2.29785 	0.117631 	-1.33746 	0.0234736 	-0.10521 	-0.0429264 	
5.425	2.29763 	0.120073 	-1.33452 	0.0237116 	-0.105095 	-0.0432961 	
5.43	2.29785 	0.117599 	-1.3375 	0.0234705 	-0.105211 	-0.0429216 	
5.435	2.29762 	0.120105 	-1.33448 	0.0237147 	-0.105094 	-0.0433009 	
5.44	2.29785 	0.117568 	-1.33753 	0.0234675 	-0.105213 	-0.0429169 	
5.445	2.29762 	0.120138 	-1.33444 	0.0237179 	-0.105092 	-0.0433059 	
5.45	2.29786 	0.117534 	-1.33757 	0.0234642 	-0.105215 	-0.0429118 	
5.455	2.29762 	0.120171 	-1.3344 	0.0237211 	-0.105091 	-0.0433109 	
5.46	2.29786 	0.117501 	-1.33761 	0.0234609 	-0.105216 	-0.0429067 	
5.465	2.29761 	0.120206 	-1.33436 	0.0237246 	-0.105089 	-0.0433162 	
5.47	2.29786 	0.117466 	-1.33766 	0.0234575 	-0.105218 	-0.0429014 	
5.475	2.29761 	0.120242 	-1.33432 	0.023728 	-0.105087 	-0.0433216 	
5.48	2.29787 	0.11743 	-1.3377 	0.023454 	-0.105219 	-0.042896 	
5.485	2.29761 	0.120277 	-1.33427 	0.0237314 	-0.105086 	-0.0433269 	
5.49	2.29787 	0.117392 	-1.33775 	0.0234503 	-0.105221 	-0.0428903 	
5.495	2.29761 	0.120314 	-1.33423 	0.0237351 	-0.105084 	-0.0433325 	
5.5	2.29787 	0.117355 	-1.33779 	0.0234467 	-0.105223 	-0.0428847 	
5.505	2.2976 	0.120352 	-1.33418 	0.0237388 	-0.105082 	-0.0433383 	
5.51	2.29788 	0.117316 	-1.33784 	0.0234429 	-0.105225 	-0.0428788 	
5.515	2.2976 	0.120392 	-1.33413 	0.0237427 	-0.10508 	-0.0433443 	
5.52	2.29788 	0.117277 	-1.33788 	0.0234391 	-0.105227 	-0.0428728 	
5.525	2.29759 	0.120431 	-1.33409 	0.0237465 	-0.105078 	-0.0433502 	
5.53	2.29788 	0.117235 	-1.33793 	0.023435 	-0.105229 	-0.0428665 	
5.535	2.29759 	0.120472 	-1.33404 	0.0237505 	-0.105076 	-0.0433564 	
5.54	2.29789 	0.117194 	-1.33798 	0.023431 	-0.105231 	-0.0428603 	
5.545	2.29759 	0.120514 	-1.33399 	0.0237546 	-0.105075 	-0.0433629 	
5.55	2.29789 	0.117151 	-1.33804 	0.0234268 	-0.105233 	-0.0428538 	
5.555	2.29758 	0.120558 	-1.33393 	0.0237588 	-0.105072 	-0.0433695 	
5.56	2.2979 	0.117108 	-1.33809 	0.0234226 	-0.105235 	-0.0428473 	
5.565	2.29758 	0.120603 	-1.33388 	0.0237632 	-0.10507 	-0.0433762 	
5.57	2.2979 	0.117062 	-1.33814 	0.0234182 	-0.105237 	-0.0428404 	
5.575	2.29757 	0.120647 	-1.33383 	0.0237675 	-0.105068 	-0.043383 	
5.58	2.2979 	0.117016 	-1.3382 	0.0234136 	-0.105239 	-0.0428333 	
5.585	2.29757 	0.120695 	-1.33377 	0.0237722 	-0.105066 	-0.0433901 	
5.59	2.29791 	0.116969 	-1.33826 	0.023409 	-0.105241 	-0.0428261 	
5.595	2.29757 	0.120742 	-1.33371 	0.0237767 	-0.105064 	-0.0433973 	
5.6	2.29791 	0.116919 	-1.33831 	0.0234042 	-0.105243 	-0.0428187 	
5.605	2.29756 	0.12079 	-1.33365 	0.0237815 	-0.105062 	-0.0434046 	
5.61	2.29792 	0.11687 	-1.33837 	0.0233994 	-0.105246 	-0.0428112 	
5.615	2.29756 	0.120842 	-1.33359 	0.0237865 	-0.105059 	-0.0434124 	
5.62	2.29792 	0.116819 	-1.33844 	0.0233944 	-0.105248 	-0.0428034 	
5.625	2.29755 	0.120893 	-1.33353 	0.0237915 	-0.105057 	-0.0434201 	
5.63	2.29793 	0.116765 	-1.3385 	0.0233892 	-0.105251 	-0.0427954 	
5.635	2.29755 	0.120946 	-1.33347 	0.0237966 	-0.105054 	-0.0434281 	
5.64	2.29793 	0.116712 	-1.33856 	0.023384 	-0.105253 	-0.0427873 	
5.645	2.29754 	0.121001 	-1.3334 	0.023802 	-0.105052 	-0.0434365 	
5.65	2.29794 	0.116657 	-1.33863 	0.0233787 	-0.105256 	-0.042779 	
5.655	2.29754 	0.121057 	-1.33333 	0.0238075 	-0.105049 	-0.043445 	
5.66	2.29794 	0.1166 	-1.3387 	0.0233731 	-0.105258 	-0.0427703 	
5.665	2.29753 	0.121113 	-1.33327 	0.023813 	-0.105046 	-0.0434535 	
5.67	2.29795 	0.116542 	-1.33877 	0.0233674 	-0.105261 	-0.0427615 	
5.675	2.29753 	0.121173 	-1.33319 	0.0238188 	-0.105044 	-0.0434625 	
5.68	2.29795 	0.116483 	-1.33884 	0.0233617 	-0.105264 	-0.0427526 	
5.685	2.29752 	0.121234 	-1.33312 	0.0238247 	-0.105041 	-0.0434717 	
5.69	2.29796 	0.116423 	-1.33891 	0.0233558 	-0.105267 	-0.0427434 	
5.695	2.29752 	0.121297 	-1.33305 	0.0238308 	-0.105038 	-0.0434812 	
5.7	2.29796 	0.11636 	-1.33899 	0.0233497 	-0.10527 	-0.0427339 	
5.705	2.29751 	0.121359 	-1.33297 	0.0238369 	-0.105035 	-0.0434907 	
5.71	2.29797 	0.116295 	-1.33907 	0.0233433 	-0.105273 	-0.0427241 	
5.715	2.2975 	0.121425 	-1.33289 	0.0238433 	-0.105032 	-0.0435006 	
5.72	2.29797 	0.116228 	-1.33915 	0.0233368 	-0.105276 	-0.042714 	
5.725	2.2975 	0.121492 	-1.33281 	0.0238498 	-0.105029 	-0.0435107 	
5.73	2.29798 	0.116161 	-1.33923 	0.0233303 	-0.105279 	-0.0427038 	
5.735	2.29749 	0.12156 	-1.33273 	0.0238565 	-0.105025 	-0.0435211 	
5.74	2.29799 	0.116092 	-1.33931 	0.0233235 	-0.105282 	-0.0426933 	
5.745	2.29749 	0.121631 	-1.33264 	0.0238634 	-0.105022 	-0.0435318 	
5.75	2.29799 	0.116021 	-1.3394 	0.0233166 	-0.105286 	-0.0426826 	
5.755	2.29748 	0.121704 	-1.33256 	0.0238705 	-0.105019 	-0.0435428 	
5.76	2.298 	0.115948 	-1.33948 	0.0233096 	-0.105289 	-0.0426716 	
5.765	2.29747 	0.121778 	-1.33247 	0.0238778 	-0.105015 	-0.0435541 	
5.77	2.29801 	0.115874 	-1.33957 	0.0233023 	-0.105293 	-0.0426604 	
5.775	2.29746 	0.121855 	-1.33237 	0.0238852 	-0.105012 	-0.0435656 	
5.78	2.29801 	0.115797 	-1.33967 	0.0232948 	-0.105296 	-0.0426487 	
5.785	2.29746 	0.121933 	-1.33228 	0.0238928 	-0.105008 	-0.0435775 	
5.79	2.29802 	0.115719 	-1.33976 	0.0232872 	-0.1053 	-0.0426369 	
5.795	2.29745 	0.122013 	-1.33218 	0.0239006 	-0.105004 	-0.0435896 	
5.8	2.29803 	0.115637 	-1.33986 	0.0232792 	-0.105304 	-0.0426245 	
5.805	2.29744 	0.122095 	-1.33208 	0.0239086 	-0.105 	-0.043602 	
5.81	2.29803 	0.115554 	-1.33996 	0.0232711 	-0.105308 	-0.0426119 	
5.815	2.29743 	0.122179 	-1.33198 	0.0239168 	-0.104996 	-0.0436147 	
5.82	2.29804 	0.115468 	-1.34006 	0.0232628 	-0.105312 	-0.0425989 	
5.825	2.29743 	0.122265 	-1.33188 	0.0239252 	-0.104992 	-0.0436277 	
5.83	2.29805 	0.115381 	-1.34017 	0.0232542 	-0.105316 	-0.0425856 	
5.835	2.29742 	0.122354 	-1.33177 	0.0239338 	-0.104988 	-0.0436411 	
5.84	2.29806 	0.11529 	-1.34028 	0.0232454 	-0.10532 	-0.0425719 	
5.845	2.29741 	0.122444 	-1.33166 	0.0239426 	-0.104984 	-0.0436548 	
5.85	2.29807 	0.115198 	-1.34039 	0.0232364 	-0.105324 	-0.0425579 	
5.855	2.2974 	0.122538 	-1.33155 	0.0239517 	-0.104979 	-0.0436689 	
5.86	2.29808 	0.115104 	-1.3405 	0.0232272 	-0.105329 	-0.0425437 	
5.865	2.29739 	0.122633 	-1.33144 	0.023961 	-0.104975 	-0.0436834 	
5.87	2.29808 	0.115007 	-1.34062 	0.0232177 	-0.105333 	-0.042529 	
5.875	2.29738 	0.122732 	-1.33132 	0.0239706 	-0.10497 	-0.0436982 	
5.88	2.29809 	0.114907 	-1.34074 	0.023208 	-0.105338 	-0.0425139 	
5.885	2.29738 	0.122832 	-1.3312 	0.0239804 	-0.104966 	-0.0437135 	
5.89	2.2981 	0.114805 	-1.34086 	0.0231981 	-0.105343 	-0.0424985 	
5.895	2.29737 	0.122936 	-1.33107 	0.0239905 	-0.104961 	-0.0437291 	
5.9	2.29811 	0.1147 	-1.34099 	0.0231878 	-0.105348 	-0.0424825 	
5.905	2.29736 	0.123042 	-1.33094 	0.0240008 	-0.104956 	-0.0437452 	
5.91	2.29812 	0.114593 	-1.34111 	0.0231774 	-0.105353 	-0.0424663 	
5.915	2.29735 	0.123151 	-1.33081 	0.0240114 	-0.104951 	-0.0437617 	
5.92	2.29813 	0.114483 	-1.34125 	0.0231667 	-0.105358 	-0.0424497 	
5.925	2.29734 	0.123262 	-1.33068 	0.0240223 	-0.104945 	-0.0437785 	
5.93	2.29814 	0.114369 	-1.34138 	0.0231556 	-0.105363 	-0.0424324 	
5.935	2.29733 	0.123376 	-1.33054 	0.0240334 	-0.10494 	-0.0437957 	
5.94	2.29815 	0.114254 	-1.34152 	0.0231443 	-0.105369 	-0.0424149 	
5.945	2.29731 	0.123494 	-1.3304 	0.0240448 	-0.104934 	-0.0438135 	
5.95	2.29816 	0.114135 	-1.34167 	0.0231327 	-0.105374 	-0.0423968 	
5.955	2.2973 	0.123615 	-1.33025 	0.0240566 	-0.104929 	-0.0438318 	
