0	0.310429 	-0.173769 	0.537008 	0.180534 	-1.45468 	-0.24872 	
0.005	0.310429 	-0.173769 	0.537008 	0.180534 	-1.45468 	-0.24872 	
0.01	0.310429 	-0.173769 	0.537008 	0.180534 	-1.45468 	-0.24872 	
0.015	0.310429 	-0.173769 	0.537008 	0.180534 	-1.45468 	-0.24872 	
0.02	0.31043 	-0.173769 	0.537008 	0.180534 	-1.45468 	-0.24872 	
0.025	0.310432 	-0.173769 	0.537008 	0.180534 	-1.45468 	-0.24872 	
0.03	0.310434 	-0.173769 	0.537008 	0.180534 	-1.45468 	-0.24872 	
0.035	0.310436 	-0.173769 	0.537008 	0.180534 	-1.45468 	-0.24872 	
0.04	0.310439 	-0.173769 	0.537009 	0.180534 	-1.45468 	-0.24872 	
0.045	0.310442 	-0.173769 	0.537009 	0.180534 	-1.45468 	-0.24872 	
0.05	0.310446 	-0.173769 	0.537009 	0.180534 	-1.45468 	-0.24872 	
0.055	0.31045 	-0.17377 	0.537009 	0.180534 	-1.45468 	-0.24872 	
0.06	0.310455 	-0.17377 	0.537009 	0.180534 	-1.45468 	-0.24872 	
0.065	0.31046 	-0.17377 	0.53701 	0.180534 	-1.45468 	-0.24872 	
0.07	0.310465 	-0.17377 	0.53701 	0.180534 	-1.45468 	-0.24872 	
0.075	0.310471 	-0.17377 	0.53701 	0.180534 	-1.45468 	-0.24872 	
0.08	0.310478 	-0.17377 	0.53701 	0.180534 	-1.45468 	-0.24872 	
0.085	0.310484 	-0.17377 	0.537011 	0.180534 	-1.45468 	-0.24872 	
0.09	0.310491 	-0.173771 	0.537011 	0.180534 	-1.45468 	-0.24872 	
0.095	0.310499 	-0.173771 	0.537012 	0.180534 	-1.45468 	-0.24872 	
0.1	0.310507 	-0.173771 	0.537012 	0.180534 	-1.45468 	-0.24872 	
0.105	0.310516 	-0.173771 	0.537012 	0.180534 	-1.45468 	-0.24872 	
0.11	0.310525 	-0.173771 	0.537013 	0.180534 	-1.45468 	-0.24872 	
0.115	0.310535 	-0.173772 	0.537013 	0.180534 	-1.45468 	-0.24872 	
0.12	0.310545 	-0.173772 	0.537014 	0.180534 	-1.45468 	-0.24872 	
0.125	0.310555 	-0.173772 	0.537014 	0.180534 	-1.45468 	-0.24872 	
0.13	0.310566 	-0.173772 	0.537015 	0.180534 	-1.45468 	-0.24872 	
0.135	0.310577 	-0.173773 	0.537015 	0.180534 	-1.45468 	-0.24872 	
0.14	0.310589 	-0.173773 	0.537016 	0.180534 	-1.45468 	-0.24872 	
0.145	0.310601 	-0.173773 	0.537017 	0.180534 	-1.45468 	-0.24872 	
0.15	0.310613 	-0.173774 	0.537017 	0.180534 	-1.45468 	-0.24872 	
0.155	0.310626 	-0.173774 	0.537018 	0.180534 	-1.45468 	-0.24872 	
0.16	0.31064 	-0.173774 	0.537018 	0.180534 	-1.45468 	-0.24872 	
0.165	0.310591 	-0.173759 	0.537 	0.178912 	-1.45354 	-0.246485 	
0.17	0.310605 	-0.173759 	0.537001 	0.178912 	-1.45354 	-0.246485 	
0.175	0.31062 	-0.17376 	0.537002 	0.178912 	-1.45354 	-0.246485 	
0.18	0.310635 	-0.17376 	0.537002 	0.178912 	-1.45354 	-0.246485 	
0.185	0.310651 	-0.17376 	0.537003 	0.178912 	-1.45354 	-0.246485 	
0.19	0.310667 	-0.173761 	0.537004 	0.178912 	-1.45354 	-0.246485 	
0.195	0.310683 	-0.173761 	0.537005 	0.178912 	-1.45354 	-0.246485 	
0.2	0.3107 	-0.173762 	0.537005 	0.178912 	-1.45354 	-0.246485 	
0.205	0.310717 	-0.173762 	0.537006 	0.178912 	-1.45354 	-0.246485 	
0.21	0.310735 	-0.173762 	0.537007 	0.178912 	-1.45354 	-0.246485 	
0.215	0.310753 	-0.173763 	0.537008 	0.178912 	-1.45354 	-0.246485 	
0.22	0.310771 	-0.173763 	0.537009 	0.178912 	-1.45354 	-0.246485 	
0.225	0.310729 	-0.173749 	0.536991 	0.177312 	-1.45242 	-0.244282 	
0.23	0.310748 	-0.173749 	0.536992 	0.177312 	-1.45242 	-0.244282 	
0.235	0.310768 	-0.173749 	0.536993 	0.177312 	-1.45242 	-0.244282 	
0.24	0.310788 	-0.17375 	0.536994 	0.177312 	-1.45242 	-0.244282 	
0.245	0.310809 	-0.17375 	0.536995 	0.177312 	-1.45242 	-0.244282 	
0.25	0.31083 	-0.173751 	0.536996 	0.177312 	-1.45242 	-0.244282 	
0.255	0.310851 	-0.173751 	0.536997 	0.177312 	-1.45242 	-0.244282 	
0.26	0.310873 	-0.173752 	0.536998 	0.177312 	-1.45242 	-0.244282 	
0.265	0.310895 	-0.173752 	0.536999 	0.177312 	-1.45242 	-0.244282 	
0.27	0.310918 	-0.173753 	0.537 	0.177312 	-1.45242 	-0.244282 	
0.275	0.310876 	-0.173738 	0.536982 	0.175618 	-1.45123 	-0.241947 	
0.28	0.3109 	-0.173738 	0.536983 	0.175618 	-1.45123 	-0.241947 	
0.285	0.310924 	-0.173739 	0.536984 	0.175618 	-1.45123 	-0.241947 	
0.29	0.310948 	-0.173739 	0.536985 	0.175618 	-1.45123 	-0.241947 	
0.295	0.310973 	-0.17374 	0.536986 	0.175618 	-1.45123 	-0.241947 	
0.3	0.310998 	-0.17374 	0.536988 	0.175618 	-1.45123 	-0.241947 	
0.305	0.311024 	-0.173741 	0.536989 	0.175618 	-1.45123 	-0.241947 	
0.31	0.31105 	-0.173741 	0.53699 	0.175618 	-1.45123 	-0.241947 	
0.315	0.311014 	-0.173727 	0.536973 	0.174005 	-1.4501 	-0.239724 	
0.32	0.311041 	-0.173728 	0.536974 	0.174005 	-1.4501 	-0.239724 	
0.325	0.311068 	-0.173728 	0.536975 	0.174005 	-1.4501 	-0.239724 	
0.33	0.311096 	-0.173729 	0.536977 	0.174005 	-1.4501 	-0.239724 	
0.335	0.311124 	-0.173729 	0.536978 	0.174005 	-1.4501 	-0.239724 	
0.34	0.311153 	-0.17373 	0.536979 	0.174005 	-1.4501 	-0.239724 	
0.345	0.311181 	-0.17373 	0.536981 	0.174005 	-1.4501 	-0.239724 	
0.35	0.31115 	-0.173717 	0.536964 	0.172425 	-1.44899 	-0.237548 	
0.355	0.31118 	-0.173717 	0.536965 	0.172425 	-1.44899 	-0.237548 	
0.36	0.31121 	-0.173718 	0.536967 	0.172425 	-1.44899 	-0.237548 	
0.365	0.31124 	-0.173719 	0.536968 	0.172425 	-1.44899 	-0.237548 	
0.37	0.311271 	-0.173719 	0.53697 	0.172425 	-1.44899 	-0.237548 	
0.375	0.311302 	-0.17372 	0.536971 	0.172425 	-1.44899 	-0.237548 	
0.38	0.311334 	-0.17372 	0.536973 	0.172425 	-1.44899 	-0.237548 	
0.385	0.3113 	-0.173706 	0.536954 	0.170708 	-1.44779 	-0.235182 	
0.39	0.311332 	-0.173706 	0.536956 	0.170708 	-1.44779 	-0.235182 	
0.395	0.311365 	-0.173707 	0.536957 	0.170708 	-1.44779 	-0.235182 	
0.4	0.311399 	-0.173707 	0.536959 	0.170708 	-1.44779 	-0.235182 	
0.405	0.311432 	-0.173708 	0.536961 	0.170708 	-1.44779 	-0.235182 	
0.41	0.311466 	-0.173708 	0.536962 	0.170708 	-1.44779 	-0.235182 	
0.415	0.311438 	-0.173695 	0.536945 	0.169088 	-1.44665 	-0.232951 	
0.42	0.311473 	-0.173696 	0.536947 	0.169088 	-1.44665 	-0.232951 	
0.425	0.311508 	-0.173696 	0.536948 	0.169088 	-1.44665 	-0.232951 	
0.43	0.311544 	-0.173697 	0.53695 	0.169088 	-1.44665 	-0.232951 	
0.435	0.31158 	-0.173697 	0.536952 	0.169088 	-1.44665 	-0.232951 	
0.44	0.311616 	-0.173698 	0.536954 	0.169088 	-1.44665 	-0.232951 	
0.445	0.311587 	-0.173684 	0.536936 	0.16738 	-1.44546 	-0.230597 	
0.45	0.311624 	-0.173685 	0.536937 	0.16738 	-1.44546 	-0.230597 	
0.455	0.311661 	-0.173685 	0.536939 	0.16738 	-1.44546 	-0.230597 	
0.46	0.311699 	-0.173686 	0.536941 	0.16738 	-1.44546 	-0.230597 	
0.465	0.311738 	-0.173686 	0.536943 	0.16738 	-1.44546 	-0.230597 	
0.47	0.311776 	-0.173687 	0.536945 	0.16738 	-1.44546 	-0.230597 	
0.475	0.311745 	-0.173672 	0.536926 	0.165564 	-1.44418 	-0.228096 	
0.48	0.311784 	-0.173673 	0.536927 	0.165564 	-1.44418 	-0.228096 	
0.485	0.311824 	-0.173673 	0.536929 	0.165564 	-1.44418 	-0.228096 	
0.49	0.311864 	-0.173674 	0.536931 	0.165564 	-1.44418 	-0.228096 	
0.495	0.311905 	-0.173674 	0.536933 	0.165564 	-1.44418 	-0.228096 	
0.5	0.311882 	-0.173662 	0.536916 	0.163939 	-1.44304 	-0.225857 	
0.505	0.311924 	-0.173662 	0.536918 	0.163939 	-1.44304 	-0.225857 	
0.51	0.311965 	-0.173663 	0.53692 	0.163939 	-1.44304 	-0.225857 	
0.515	0.312007 	-0.173663 	0.536922 	0.163939 	-1.44304 	-0.225857 	
0.52	0.312049 	-0.173664 	0.536924 	0.163939 	-1.44304 	-0.225857 	
0.525	0.312027 	-0.173651 	0.536907 	0.162268 	-1.44187 	-0.223555 	
0.53	0.31207 	-0.173651 	0.536909 	0.162268 	-1.44187 	-0.223555 	
0.535	0.312113 	-0.173652 	0.536911 	0.162268 	-1.44187 	-0.223555 	
0.54	0.312157 	-0.173652 	0.536913 	0.162268 	-1.44187 	-0.223555 	
0.545	0.312201 	-0.173653 	0.536915 	0.162268 	-1.44187 	-0.223555 	
0.55	0.312178 	-0.17364 	0.536897 	0.16053 	-1.44065 	-0.22116 	
0.555	0.312223 	-0.17364 	0.536899 	0.16053 	-1.44065 	-0.22116 	
0.56	0.312268 	-0.17364 	0.536902 	0.16053 	-1.44065 	-0.22116 	
0.565	0.312313 	-0.173641 	0.536904 	0.16053 	-1.44065 	-0.22116 	
0.57	0.312359 	-0.173641 	0.536906 	0.16053 	-1.44065 	-0.22116 	
0.575	0.312335 	-0.173628 	0.536887 	0.158723 	-1.43939 	-0.21867 	
0.58	0.312381 	-0.173628 	0.536889 	0.158723 	-1.43939 	-0.21867 	
0.585	0.312428 	-0.173629 	0.536892 	0.158723 	-1.43939 	-0.21867 	
0.59	0.312475 	-0.173629 	0.536894 	0.158723 	-1.43939 	-0.21867 	
0.595	0.312523 	-0.173629 	0.536896 	0.158723 	-1.43939 	-0.21867 	
0.6	0.312497 	-0.173616 	0.536877 	0.156849 	-1.43807 	-0.216089 	
0.605	0.312545 	-0.173616 	0.536879 	0.156849 	-1.43807 	-0.216089 	
0.61	0.312594 	-0.173616 	0.536881 	0.156849 	-1.43807 	-0.216089 	
0.615	0.312643 	-0.173617 	0.536883 	0.156849 	-1.43807 	-0.216089 	
0.62	0.31263 	-0.173605 	0.536868 	0.155264 	-1.43696 	-0.213905 	
0.625	0.312679 	-0.173606 	0.53687 	0.155264 	-1.43696 	-0.213905 	
0.63	0.312729 	-0.173606 	0.536872 	0.155264 	-1.43696 	-0.213905 	
0.635	0.312779 	-0.173606 	0.536875 	0.155264 	-1.43696 	-0.213905 	
0.64	0.312767 	-0.173595 	0.536859 	0.153672 	-1.43585 	-0.211712 	
0.645	0.312818 	-0.173595 	0.536861 	0.153672 	-1.43585 	-0.211712 	
0.65	0.312869 	-0.173595 	0.536864 	0.153672 	-1.43585 	-0.211712 	
0.655	0.31292 	-0.173596 	0.536866 	0.153672 	-1.43585 	-0.211712 	
0.66	0.312908 	-0.173585 	0.53685 	0.152044 	-1.4347 	-0.209469 	
0.665	0.31296 	-0.173585 	0.536852 	0.152044 	-1.4347 	-0.209469 	
0.67	0.313012 	-0.173585 	0.536855 	0.152044 	-1.4347 	-0.209469 	
0.675	0.313065 	-0.173585 	0.536857 	0.152044 	-1.4347 	-0.209469 	
0.68	0.313053 	-0.173574 	0.536841 	0.150377 	-1.43353 	-0.207173 	
0.685	0.313106 	-0.173574 	0.536843 	0.150377 	-1.43353 	-0.207173 	
0.69	0.313159 	-0.173574 	0.536845 	0.150377 	-1.43353 	-0.207173 	
0.695	0.313213 	-0.173574 	0.536848 	0.150377 	-1.43353 	-0.207173 	
0.7	0.3132 	-0.173563 	0.536831 	0.148673 	-1.43234 	-0.204825 	
0.705	0.313254 	-0.173563 	0.536834 	0.148673 	-1.43234 	-0.204825 	
0.71	0.313309 	-0.173562 	0.536836 	0.148673 	-1.43234 	-0.204825 	
0.715	0.313364 	-0.173562 	0.536838 	0.148673 	-1.43234 	-0.204825 	
0.72	0.313351 	-0.173551 	0.536821 	0.146932 	-1.43112 	-0.202427 	
0.725	0.313406 	-0.173551 	0.536824 	0.146932 	-1.43112 	-0.202427 	
0.73	0.313462 	-0.173551 	0.536826 	0.146932 	-1.43112 	-0.202427 	
0.735	0.313518 	-0.173551 	0.536829 	0.146932 	-1.43112 	-0.202427 	
0.74	0.313504 	-0.17354 	0.536812 	0.145156 	-1.42987 	-0.199979 	
0.745	0.313561 	-0.17354 	0.536814 	0.145156 	-1.42987 	-0.199979 	
0.75	0.313618 	-0.173539 	0.536816 	0.145156 	-1.42987 	-0.199979 	
0.755	0.313675 	-0.173539 	0.536819 	0.145156 	-1.42987 	-0.199979 	
0.76	0.313661 	-0.173528 	0.536801 	0.143345 	-1.4286 	-0.197485 	
0.765	0.313719 	-0.173528 	0.536804 	0.143345 	-1.4286 	-0.197485 	
0.77	0.313777 	-0.173527 	0.536806 	0.143345 	-1.4286 	-0.197485 	
0.775	0.313835 	-0.173527 	0.536809 	0.143345 	-1.4286 	-0.197485 	
0.78	0.313821 	-0.173516 	0.536791 	0.141501 	-1.42731 	-0.194944 	
0.785	0.313879 	-0.173516 	0.536794 	0.141501 	-1.42731 	-0.194944 	
0.79	0.313938 	-0.173515 	0.536796 	0.141501 	-1.42731 	-0.194944 	
0.795	0.313997 	-0.173515 	0.536799 	0.141501 	-1.42731 	-0.194944 	
0.8	0.313983 	-0.173504 	0.536781 	0.139625 	-1.426 	-0.19236 	
0.805	0.314043 	-0.173503 	0.536783 	0.139625 	-1.426 	-0.19236 	
0.81	0.314102 	-0.173503 	0.536786 	0.139625 	-1.426 	-0.19236 	
0.815	0.314162 	-0.173502 	0.536788 	0.139625 	-1.426 	-0.19236 	
0.82	0.314148 	-0.173491 	0.53677 	0.137718 	-1.42466 	-0.189732 	
0.825	0.314208 	-0.173491 	0.536773 	0.137718 	-1.42466 	-0.189732 	
0.83	0.314269 	-0.17349 	0.536775 	0.137718 	-1.42466 	-0.189732 	
0.835	0.31433 	-0.17349 	0.536778 	0.137718 	-1.42466 	-0.189732 	
0.84	0.314315 	-0.173479 	0.536759 	0.135781 	-1.4233 	-0.187064 	
0.845	0.314377 	-0.173478 	0.536762 	0.135781 	-1.4233 	-0.187064 	
0.85	0.314438 	-0.173477 	0.536764 	0.135781 	-1.4233 	-0.187064 	
0.855	0.3145 	-0.173477 	0.536767 	0.135781 	-1.4233 	-0.187064 	
0.86	0.314485 	-0.173466 	0.536748 	0.133816 	-1.42192 	-0.184357 	
0.865	0.314548 	-0.173465 	0.536751 	0.133816 	-1.42192 	-0.184357 	
0.87	0.31461 	-0.173464 	0.536753 	0.133816 	-1.42192 	-0.184357 	
0.875	0.314673 	-0.173464 	0.536756 	0.133816 	-1.42192 	-0.184357 	
0.88	0.314657 	-0.173453 	0.536737 	0.131823 	-1.42053 	-0.181611 	
0.885	0.314721 	-0.173452 	0.53674 	0.131823 	-1.42053 	-0.181611 	
0.89	0.314784 	-0.173451 	0.536742 	0.131823 	-1.42053 	-0.181611 	
0.895	0.314786 	-0.173443 	0.536728 	0.130261 	-1.41943 	-0.179459 	
0.9	0.31485 	-0.173442 	0.536731 	0.130261 	-1.41943 	-0.179459 	
0.905	0.314914 	-0.173441 	0.536733 	0.130261 	-1.41943 	-0.179459 	
0.91	0.314978 	-0.17344 	0.536736 	0.130261 	-1.41943 	-0.179459 	
0.915	0.314964 	-0.17343 	0.536717 	0.128269 	-1.41803 	-0.176715 	
0.92	0.315029 	-0.173429 	0.53672 	0.128269 	-1.41803 	-0.176715 	
0.925	0.315093 	-0.173428 	0.536722 	0.128269 	-1.41803 	-0.176715 	
0.93	0.315096 	-0.17342 	0.536708 	0.126678 	-1.41692 	-0.174523 	
0.935	0.315161 	-0.173419 	0.536711 	0.126678 	-1.41692 	-0.174523 	
0.94	0.315226 	-0.173417 	0.536713 	0.126678 	-1.41692 	-0.174523 	
0.945	0.31523 	-0.17341 	0.536699 	0.125116 	-1.41582 	-0.172371 	
0.95	0.315295 	-0.173408 	0.536702 	0.125116 	-1.41582 	-0.172371 	
0.955	0.315361 	-0.173407 	0.536705 	0.125116 	-1.41582 	-0.172371 	
0.96	0.315365 	-0.173399 	0.536691 	0.123547 	-1.41472 	-0.170209 	
0.965	0.315432 	-0.173398 	0.536693 	0.123547 	-1.41472 	-0.170209 	
0.97	0.315498 	-0.173397 	0.536696 	0.123547 	-1.41472 	-0.170209 	
0.975	0.315502 	-0.173389 	0.536682 	0.121965 	-1.41361 	-0.16803 	
0.98	0.315569 	-0.173388 	0.536684 	0.121965 	-1.41361 	-0.16803 	
0.985	0.315635 	-0.173386 	0.536687 	0.121965 	-1.41361 	-0.16803 	
0.99	0.315639 	-0.173379 	0.536673 	0.120373 	-1.4125 	-0.165837 	
0.995	0.315706 	-0.173377 	0.536676 	0.120373 	-1.4125 	-0.165837 	
1	0.315774 	-0.173376 	0.536678 	0.120373 	-1.4125 	-0.165837 	
1.005	0.315778 	-0.173368 	0.536664 	0.11877 	-1.41137 	-0.163629 	
1.01	0.315845 	-0.173367 	0.536667 	0.11877 	-1.41137 	-0.163629 	
1.015	0.315913 	-0.173365 	0.536669 	0.11877 	-1.41137 	-0.163629 	
1.02	0.315917 	-0.173358 	0.536655 	0.117157 	-1.41024 	-0.161407 	
1.025	0.315985 	-0.173356 	0.536658 	0.117157 	-1.41024 	-0.161407 	
1.03	0.316053 	-0.173354 	0.53666 	0.117157 	-1.41024 	-0.161407 	
1.035	0.316057 	-0.173347 	0.536646 	0.115535 	-1.40911 	-0.159171 	
1.04	0.316125 	-0.173346 	0.536648 	0.115535 	-1.40911 	-0.159171 	
1.045	0.316194 	-0.173344 	0.536651 	0.115535 	-1.40911 	-0.159171 	
1.05	0.316198 	-0.173337 	0.536637 	0.113904 	-1.40796 	-0.156924 	
1.055	0.316267 	-0.173335 	0.536639 	0.113904 	-1.40796 	-0.156924 	
1.06	0.316335 	-0.173333 	0.536642 	0.113904 	-1.40796 	-0.156924 	
1.065	0.316339 	-0.173326 	0.536628 	0.112264 	-1.40681 	-0.154665 	
1.07	0.316409 	-0.173324 	0.53663 	0.112264 	-1.40681 	-0.154665 	
1.075	0.316478 	-0.173322 	0.536633 	0.112264 	-1.40681 	-0.154665 	
1.08	0.316482 	-0.173316 	0.536618 	0.110617 	-1.40566 	-0.152396 	
1.085	0.316551 	-0.173313 	0.536621 	0.110617 	-1.40566 	-0.152396 	
1.09	0.31662 	-0.173311 	0.536624 	0.110617 	-1.40566 	-0.152396 	
1.095	0.316624 	-0.173305 	0.536609 	0.108962 	-1.4045 	-0.150116 	
1.1	0.316694 	-0.173302 	0.536612 	0.108962 	-1.4045 	-0.150116 	
1.105	0.316764 	-0.1733 	0.536614 	0.108962 	-1.4045 	-0.150116 	
1.11	0.316768 	-0.173294 	0.5366 	0.107301 	-1.40333 	-0.147828 	
1.115	0.316838 	-0.173292 	0.536602 	0.107301 	-1.40333 	-0.147828 	
1.12	0.316908 	-0.173289 	0.536605 	0.107301 	-1.40333 	-0.147828 	
1.125	0.316912 	-0.173283 	0.536591 	0.105634 	-1.40216 	-0.145531 	
1.13	0.316982 	-0.173281 	0.536593 	0.105634 	-1.40216 	-0.145531 	
1.135	0.317052 	-0.173278 	0.536596 	0.105634 	-1.40216 	-0.145531 	
1.14	0.317056 	-0.173272 	0.536581 	0.103962 	-1.40099 	-0.143227 	
1.145	0.317126 	-0.17327 	0.536584 	0.103962 	-1.40099 	-0.143227 	
1.15	0.317197 	-0.173267 	0.536586 	0.103962 	-1.40099 	-0.143227 	
1.155	0.317201 	-0.173261 	0.536572 	0.102284 	-1.39981 	-0.140916 	
1.16	0.317271 	-0.173259 	0.536574 	0.102284 	-1.39981 	-0.140916 	
1.165	0.317342 	-0.173256 	0.536577 	0.102284 	-1.39981 	-0.140916 	
1.17	0.317346 	-0.17325 	0.536563 	0.100603 	-1.39864 	-0.138599 	
1.175	0.317417 	-0.173248 	0.536565 	0.100603 	-1.39864 	-0.138599 	
1.18	0.317487 	-0.173245 	0.536567 	0.100603 	-1.39864 	-0.138599 	
1.185	0.317491 	-0.17324 	0.536553 	0.0989175 	-1.39745 	-0.136277 	
1.19	0.317562 	-0.173237 	0.536556 	0.0989175 	-1.39745 	-0.136277 	
1.195	0.317633 	-0.173234 	0.536558 	0.0989175 	-1.39745 	-0.136277 	
1.2	0.317637 	-0.173229 	0.536544 	0.0972292 	-1.39627 	-0.133951 	
1.205	0.317708 	-0.173225 	0.536546 	0.0972292 	-1.39627 	-0.133951 	
1.21	0.317779 	-0.173222 	0.536548 	0.0972292 	-1.39627 	-0.133951 	
1.215	0.317783 	-0.173218 	0.536534 	0.0955384 	-1.39508 	-0.131622 	
1.22	0.317854 	-0.173214 	0.536537 	0.0955384 	-1.39508 	-0.131622 	
1.225	0.317925 	-0.173211 	0.536539 	0.0955384 	-1.39508 	-0.131622 	
1.23	0.317929 	-0.173207 	0.536525 	0.0938458 	-1.3939 	-0.12929 	
1.235	0.318 	-0.173203 	0.536527 	0.0938458 	-1.3939 	-0.12929 	
1.24	0.318071 	-0.1732 	0.536529 	0.0938458 	-1.3939 	-0.12929 	
1.245	0.318075 	-0.173196 	0.536515 	0.092152 	-1.39271 	-0.126957 	
1.25	0.318146 	-0.173192 	0.536518 	0.092152 	-1.39271 	-0.126957 	
1.255	0.318217 	-0.173189 	0.53652 	0.092152 	-1.39271 	-0.126957 	
1.26	0.318221 	-0.173185 	0.536506 	0.0904574 	-1.39152 	-0.124622 	
1.265	0.318292 	-0.173181 	0.536508 	0.0904574 	-1.39152 	-0.124622 	
1.27	0.318364 	-0.173178 	0.53651 	0.0904574 	-1.39152 	-0.124622 	
1.275	0.318367 	-0.173174 	0.536496 	0.0887628 	-1.39033 	-0.122287 	
1.28	0.318438 	-0.17317 	0.536499 	0.0887628 	-1.39033 	-0.122287 	
1.285	0.31851 	-0.173166 	0.536501 	0.0887628 	-1.39033 	-0.122287 	
1.29	0.318513 	-0.173163 	0.536487 	0.0870688 	-1.38915 	-0.119954 	
1.295	0.318585 	-0.173159 	0.536489 	0.0870688 	-1.38915 	-0.119954 	
1.3	0.318656 	-0.173155 	0.536491 	0.0870688 	-1.38915 	-0.119954 	
1.305	0.318659 	-0.173152 	0.536477 	0.0853758 	-1.38796 	-0.117621 	
1.31	0.31873 	-0.173148 	0.53648 	0.0853758 	-1.38796 	-0.117621 	
1.315	0.318802 	-0.173144 	0.536482 	0.0853758 	-1.38796 	-0.117621 	
1.32	0.318805 	-0.173141 	0.536468 	0.0836846 	-1.38677 	-0.115291 	
1.325	0.318876 	-0.173137 	0.53647 	0.0836846 	-1.38677 	-0.115291 	
1.33	0.318947 	-0.173133 	0.536472 	0.0836846 	-1.38677 	-0.115291 	
1.335	0.318951 	-0.17313 	0.536459 	0.0819957 	-1.38559 	-0.112964 	
1.34	0.319022 	-0.173126 	0.536461 	0.0819957 	-1.38559 	-0.112964 	
1.345	0.319093 	-0.173122 	0.536463 	0.0819957 	-1.38559 	-0.112964 	
1.35	0.319096 	-0.173119 	0.536449 	0.0803097 	-1.38441 	-0.110642 	
1.355	0.319167 	-0.173115 	0.536451 	0.0803097 	-1.38441 	-0.110642 	
1.36	0.319238 	-0.17311 	0.536453 	0.0803097 	-1.38441 	-0.110642 	
1.365	0.319241 	-0.173108 	0.53644 	0.0786272 	-1.38323 	-0.108324 	
1.37	0.319312 	-0.173104 	0.536442 	0.0786272 	-1.38323 	-0.108324 	
1.375	0.319382 	-0.173099 	0.536444 	0.0786272 	-1.38323 	-0.108324 	
1.38	0.319386 	-0.173097 	0.53643 	0.0769488 	-1.38205 	-0.106011 	
1.385	0.319456 	-0.173093 	0.536432 	0.0769488 	-1.38205 	-0.106011 	
1.39	0.319527 	-0.173088 	0.536434 	0.0769488 	-1.38205 	-0.106011 	
1.395	0.31953 	-0.173086 	0.536421 	0.0752752 	-1.38088 	-0.103706 	
1.4	0.319601 	-0.173082 	0.536423 	0.0752752 	-1.38088 	-0.103706 	
1.405	0.319671 	-0.173077 	0.536425 	0.0752752 	-1.38088 	-0.103706 	
1.41	0.319674 	-0.173075 	0.536412 	0.0736068 	-1.37971 	-0.101407 	
1.415	0.319744 	-0.173071 	0.536414 	0.0736068 	-1.37971 	-0.101407 	
1.42	0.319814 	-0.173066 	0.536416 	0.0736068 	-1.37971 	-0.101407 	
1.425	0.319817 	-0.173064 	0.536402 	0.0719442 	-1.37854 	-0.0991167 	
1.43	0.319887 	-0.17306 	0.536404 	0.0719442 	-1.37854 	-0.0991167 	
1.435	0.319957 	-0.173055 	0.536406 	0.0719442 	-1.37854 	-0.0991167 	
1.44	0.31996 	-0.173054 	0.536393 	0.0702882 	-1.37738 	-0.0968351 	
1.445	0.32003 	-0.173049 	0.536395 	0.0702882 	-1.37738 	-0.0968351 	
1.45	0.320099 	-0.173044 	0.536397 	0.0702882 	-1.37738 	-0.0968351 	
1.455	0.320102 	-0.173043 	0.536384 	0.0686391 	-1.37622 	-0.0945633 	
1.46	0.320171 	-0.173038 	0.536386 	0.0686391 	-1.37622 	-0.0945633 	
1.465	0.32024 	-0.173034 	0.536388 	0.0686391 	-1.37622 	-0.0945633 	
1.47	0.320244 	-0.173032 	0.536375 	0.0669977 	-1.37507 	-0.0923019 	
1.475	0.320313 	-0.173028 	0.536377 	0.0669977 	-1.37507 	-0.0923019 	
1.48	0.320381 	-0.173023 	0.536378 	0.0669977 	-1.37507 	-0.0923019 	
1.485	0.320385 	-0.173022 	0.536366 	0.0653645 	-1.37393 	-0.0900519 	
1.49	0.320453 	-0.173017 	0.536367 	0.0653645 	-1.37393 	-0.0900519 	
1.495	0.320521 	-0.173012 	0.536369 	0.0653645 	-1.37393 	-0.0900519 	
1.5	0.320525 	-0.173011 	0.536357 	0.0637401 	-1.37279 	-0.0878139 	
1.505	0.320593 	-0.173006 	0.536358 	0.0637401 	-1.37279 	-0.0878139 	
1.51	0.32066 	-0.173001 	0.53636 	0.0637401 	-1.37279 	-0.0878139 	
1.515	0.320664 	-0.173001 	0.536347 	0.062125 	-1.37166 	-0.0855889 	
1.52	0.320731 	-0.172996 	0.536349 	0.062125 	-1.37166 	-0.0855889 	
1.525	0.320799 	-0.172991 	0.536351 	0.062125 	-1.37166 	-0.0855889 	
1.53	0.320802 	-0.17299 	0.536338 	0.0605198 	-1.37053 	-0.0833774 	
1.535	0.320869 	-0.172985 	0.53634 	0.0605198 	-1.37053 	-0.0833774 	
1.54	0.320936 	-0.17298 	0.536342 	0.0605198 	-1.37053 	-0.0833774 	
1.545	0.320939 	-0.17298 	0.53633 	0.0589252 	-1.36941 	-0.0811805 	
1.55	0.321006 	-0.172975 	0.536331 	0.0589252 	-1.36941 	-0.0811805 	
1.555	0.321073 	-0.17297 	0.536333 	0.0589252 	-1.36941 	-0.0811805 	
1.56	0.321076 	-0.17297 	0.536321 	0.0573415 	-1.3683 	-0.0789987 	
1.565	0.321142 	-0.172965 	0.536322 	0.0573415 	-1.3683 	-0.0789987 	
1.57	0.321208 	-0.172959 	0.536324 	0.0573415 	-1.3683 	-0.0789987 	
1.575	0.321211 	-0.172959 	0.536312 	0.0557695 	-1.3672 	-0.076833 	
1.58	0.321277 	-0.172954 	0.536314 	0.0557695 	-1.3672 	-0.076833 	
1.585	0.321343 	-0.172949 	0.536315 	0.0557695 	-1.3672 	-0.076833 	
1.59	0.321346 	-0.172949 	0.536303 	0.0542096 	-1.36611 	-0.0746839 	
1.595	0.321411 	-0.172944 	0.536305 	0.0542096 	-1.36611 	-0.0746839 	
1.6	0.321476 	-0.172939 	0.536306 	0.0542096 	-1.36611 	-0.0746839 	
1.605	0.321479 	-0.172939 	0.536295 	0.0526625 	-1.36502 	-0.0725524 	
1.61	0.321544 	-0.172934 	0.536296 	0.0526625 	-1.36502 	-0.0725524 	
1.615	0.321608 	-0.172929 	0.536298 	0.0526625 	-1.36502 	-0.0725524 	
1.62	0.321611 	-0.172929 	0.536286 	0.0511286 	-1.36395 	-0.0704392 	
1.625	0.321675 	-0.172924 	0.536288 	0.0511286 	-1.36395 	-0.0704392 	
1.63	0.321739 	-0.172919 	0.536289 	0.0511286 	-1.36395 	-0.0704392 	
1.635	0.321803 	-0.172914 	0.536291 	0.0511286 	-1.36395 	-0.0704392 	
1.64	0.321787 	-0.172916 	0.536275 	0.0491569 	-1.36256 	-0.0677228 	
1.645	0.321851 	-0.172911 	0.536277 	0.0491569 	-1.36256 	-0.0677228 	
1.65	0.321914 	-0.172905 	0.536278 	0.0491569 	-1.36256 	-0.0677228 	
1.655	0.321915 	-0.172906 	0.536266 	0.0476093 	-1.36148 	-0.0655908 	
1.66	0.321977 	-0.172901 	0.536268 	0.0476093 	-1.36148 	-0.0655908 	
1.665	0.32204 	-0.172896 	0.536269 	0.0476093 	-1.36148 	-0.0655908 	
1.67	0.322102 	-0.17289 	0.536271 	0.0476093 	-1.36148 	-0.0655908 	
1.675	0.322087 	-0.172893 	0.536256 	0.0456777 	-1.36012 	-0.0629295 	
1.68	0.322149 	-0.172888 	0.536257 	0.0456777 	-1.36012 	-0.0629295 	
1.685	0.32221 	-0.172883 	0.536258 	0.0456777 	-1.36012 	-0.0629295 	
1.69	0.322271 	-0.172877 	0.53626 	0.0456777 	-1.36012 	-0.0629295 	
1.695	0.322255 	-0.172881 	0.536245 	0.043732 	-1.35876 	-0.0602489 	
1.7	0.322316 	-0.172875 	0.536246 	0.043732 	-1.35876 	-0.0602489 	
1.705	0.322376 	-0.17287 	0.536248 	0.043732 	-1.35876 	-0.0602489 	
1.71	0.322437 	-0.172865 	0.536249 	0.043732 	-1.35876 	-0.0602489 	
1.715	0.32242 	-0.172868 	0.536234 	0.0418111 	-1.35741 	-0.0576025 	
1.72	0.32248 	-0.172863 	0.536235 	0.0418111 	-1.35741 	-0.0576025 	
1.725	0.32254 	-0.172858 	0.536237 	0.0418111 	-1.35741 	-0.0576025 	
1.73	0.322599 	-0.172852 	0.536238 	0.0418111 	-1.35741 	-0.0576025 	
1.735	0.322583 	-0.172856 	0.536223 	0.0399202 	-1.35609 	-0.0549974 	
1.74	0.322642 	-0.172851 	0.536225 	0.0399202 	-1.35609 	-0.0549974 	
1.745	0.3227 	-0.172845 	0.536226 	0.0399202 	-1.35609 	-0.0549974 	
1.75	0.322759 	-0.17284 	0.536227 	0.0399202 	-1.35609 	-0.0549974 	
1.755	0.322743 	-0.172844 	0.536213 	0.0380607 	-1.35478 	-0.0524356 	
1.76	0.322801 	-0.172839 	0.536214 	0.0380607 	-1.35478 	-0.0524356 	
1.765	0.322858 	-0.172833 	0.536216 	0.0380607 	-1.35478 	-0.0524356 	
1.77	0.322916 	-0.172828 	0.536217 	0.0380607 	-1.35478 	-0.0524356 	
1.775	0.3229 	-0.172832 	0.536203 	0.0362339 	-1.3535 	-0.0499189 	
1.78	0.322957 	-0.172827 	0.536204 	0.0362339 	-1.3535 	-0.0499189 	
1.785	0.323013 	-0.172821 	0.536205 	0.0362339 	-1.3535 	-0.0499189 	
1.79	0.323069 	-0.172816 	0.536206 	0.0362339 	-1.3535 	-0.0499189 	
1.795	0.323054 	-0.172821 	0.536193 	0.034441 	-1.35225 	-0.0474489 	
1.8	0.32311 	-0.172815 	0.536194 	0.034441 	-1.35225 	-0.0474489 	
1.805	0.323165 	-0.17281 	0.536195 	0.034441 	-1.35225 	-0.0474489 	
1.81	0.32322 	-0.172805 	0.536196 	0.034441 	-1.35225 	-0.0474489 	
1.815	0.323205 	-0.172809 	0.536183 	0.0326831 	-1.35101 	-0.045027 	
1.82	0.32326 	-0.172804 	0.536184 	0.0326831 	-1.35101 	-0.045027 	
1.825	0.323314 	-0.172799 	0.536185 	0.0326831 	-1.35101 	-0.045027 	
1.83	0.323368 	-0.172793 	0.536186 	0.0326831 	-1.35101 	-0.045027 	
1.835	0.323353 	-0.172798 	0.536173 	0.0309613 	-1.34981 	-0.0426549 	
1.84	0.323407 	-0.172793 	0.536174 	0.0309613 	-1.34981 	-0.0426549 	
1.845	0.32346 	-0.172788 	0.536175 	0.0309613 	-1.34981 	-0.0426549 	
1.85	0.323513 	-0.172782 	0.536176 	0.0309613 	-1.34981 	-0.0426549 	
1.855	0.323498 	-0.172787 	0.536164 	0.0292766 	-1.34863 	-0.040334 	
1.86	0.32355 	-0.172782 	0.536165 	0.0292766 	-1.34863 	-0.040334 	
1.865	0.323602 	-0.172777 	0.536166 	0.0292766 	-1.34863 	-0.040334 	
1.87	0.323654 	-0.172771 	0.536167 	0.0292766 	-1.34863 	-0.040334 	
1.875	0.32364 	-0.172777 	0.536155 	0.0276302 	-1.34747 	-0.0380657 	
1.88	0.32369 	-0.172771 	0.536156 	0.0276302 	-1.34747 	-0.0380657 	
1.885	0.323741 	-0.172766 	0.536157 	0.0276302 	-1.34747 	-0.0380657 	
1.89	0.323791 	-0.172761 	0.536158 	0.0276302 	-1.34747 	-0.0380657 	
1.895	0.323778 	-0.172766 	0.536146 	0.026023 	-1.34634 	-0.0358514 	
1.9	0.323827 	-0.172761 	0.536147 	0.026023 	-1.34634 	-0.0358514 	
1.905	0.323877 	-0.172756 	0.536148 	0.026023 	-1.34634 	-0.0358514 	
1.91	0.323926 	-0.172751 	0.536148 	0.026023 	-1.34634 	-0.0358514 	
1.915	0.323912 	-0.172756 	0.536137 	0.024456 	-1.34525 	-0.0336927 	
1.92	0.323961 	-0.172751 	0.536138 	0.024456 	-1.34525 	-0.0336927 	
1.925	0.324009 	-0.172746 	0.536139 	0.024456 	-1.34525 	-0.0336927 	
1.93	0.324056 	-0.172741 	0.53614 	0.024456 	-1.34525 	-0.0336927 	
1.935	0.324043 	-0.172746 	0.536128 	0.0229303 	-1.34418 	-0.0315907 	
1.94	0.32409 	-0.172741 	0.536129 	0.0229303 	-1.34418 	-0.0315907 	
1.945	0.324137 	-0.172736 	0.53613 	0.0229303 	-1.34418 	-0.0315907 	
1.95	0.324183 	-0.172731 	0.536131 	0.0229303 	-1.34418 	-0.0315907 	
1.955	0.324229 	-0.172726 	0.536132 	0.0229303 	-1.34418 	-0.0315907 	
1.96	0.324203 	-0.172734 	0.536118 	0.021121 	-1.34291 	-0.029098 	
1.965	0.324249 	-0.172729 	0.536119 	0.021121 	-1.34291 	-0.029098 	
1.97	0.324294 	-0.172724 	0.53612 	0.021121 	-1.34291 	-0.029098 	
1.975	0.324338 	-0.172719 	0.536121 	0.021121 	-1.34291 	-0.029098 	
1.98	0.324383 	-0.172715 	0.536122 	0.021121 	-1.34291 	-0.029098 	
1.985	0.324356 	-0.172723 	0.536108 	0.0193435 	-1.34166 	-0.0266492 	
1.99	0.3244 	-0.172718 	0.536109 	0.0193435 	-1.34166 	-0.0266492 	
1.995	0.324443 	-0.172713 	0.53611 	0.0193435 	-1.34166 	-0.0266492 	
2	0.324486 	-0.172708 	0.536111 	0.0193435 	-1.34166 	-0.0266492 	
2.005	0.324528 	-0.172704 	0.536111 	0.0193435 	-1.34166 	-0.0266492 	
2.01	0.324503 	-0.172712 	0.536099 	0.0176319 	-1.34046 	-0.0242911 	
2.015	0.324545 	-0.172707 	0.5361 	0.0176319 	-1.34046 	-0.0242911 	
2.02	0.324586 	-0.172702 	0.5361 	0.0176319 	-1.34046 	-0.0242911 	
2.025	0.324627 	-0.172698 	0.536101 	0.0176319 	-1.34046 	-0.0242911 	
2.03	0.324668 	-0.172693 	0.536102 	0.0176319 	-1.34046 	-0.0242911 	
2.035	0.324643 	-0.172701 	0.53609 	0.015991 	-1.33931 	-0.0220304 	
2.04	0.324683 	-0.172697 	0.53609 	0.015991 	-1.33931 	-0.0220304 	
2.045	0.324723 	-0.172692 	0.536091 	0.015991 	-1.33931 	-0.0220304 	
2.05	0.324762 	-0.172688 	0.536092 	0.015991 	-1.33931 	-0.0220304 	
2.055	0.324801 	-0.172683 	0.536092 	0.015991 	-1.33931 	-0.0220304 	
2.06	0.324778 	-0.172691 	0.536081 	0.0144227 	-1.33821 	-0.0198699 	
2.065	0.324816 	-0.172687 	0.536081 	0.0144227 	-1.33821 	-0.0198699 	
2.07	0.324854 	-0.172682 	0.536082 	0.0144227 	-1.33821 	-0.0198699 	
2.075	0.324891 	-0.172678 	0.536083 	0.0144227 	-1.33821 	-0.0198699 	
2.08	0.324928 	-0.172674 	0.536083 	0.0144227 	-1.33821 	-0.0198699 	
2.085	0.324965 	-0.17267 	0.536084 	0.0144227 	-1.33821 	-0.0198699 	
2.09	0.324932 	-0.172679 	0.536071 	0.0126702 	-1.33698 	-0.0174554 	
2.095	0.324967 	-0.172675 	0.536072 	0.0126702 	-1.33698 	-0.0174554 	
2.1	0.325003 	-0.172671 	0.536072 	0.0126702 	-1.33698 	-0.0174554 	
2.105	0.325038 	-0.172667 	0.536073 	0.0126702 	-1.33698 	-0.0174554 	
2.11	0.325073 	-0.172663 	0.536073 	0.0126702 	-1.33698 	-0.0174554 	
2.115	0.325107 	-0.172659 	0.536074 	0.0126702 	-1.33698 	-0.0174554 	
2.12	0.325075 	-0.172668 	0.536062 	0.0109972 	-1.33581 	-0.0151506 	
2.125	0.325108 	-0.172665 	0.536062 	0.0109972 	-1.33581 	-0.0151506 	
2.13	0.325141 	-0.172661 	0.536063 	0.0109972 	-1.33581 	-0.0151506 	
2.135	0.325174 	-0.172657 	0.536063 	0.0109972 	-1.33581 	-0.0151506 	
2.14	0.325206 	-0.172653 	0.536064 	0.0109972 	-1.33581 	-0.0151506 	
2.145	0.325238 	-0.172649 	0.536064 	0.0109972 	-1.33581 	-0.0151506 	
2.15	0.325208 	-0.172659 	0.536053 	0.00943292 	-1.33471 	-0.0129955 	
2.155	0.325239 	-0.172655 	0.536053 	0.00943292 	-1.33471 	-0.0129955 	
2.16	0.32527 	-0.172651 	0.536054 	0.00943292 	-1.33471 	-0.0129955 	
2.165	0.3253 	-0.172648 	0.536054 	0.00943292 	-1.33471 	-0.0129955 	
2.17	0.32533 	-0.172644 	0.536055 	0.00943292 	-1.33471 	-0.0129955 	
2.175	0.32536 	-0.172641 	0.536055 	0.00943292 	-1.33471 	-0.0129955 	
2.18	0.325389 	-0.172637 	0.536056 	0.00943292 	-1.33471 	-0.0129955 	
2.185	0.325352 	-0.172648 	0.536044 	0.00777728 	-1.33355 	-0.0107145 	
2.19	0.325381 	-0.172644 	0.536044 	0.00777728 	-1.33355 	-0.0107145 	
2.195	0.325408 	-0.172641 	0.536045 	0.00777728 	-1.33355 	-0.0107145 	
2.2	0.325436 	-0.172638 	0.536045 	0.00777728 	-1.33355 	-0.0107145 	
2.205	0.325463 	-0.172634 	0.536045 	0.00777728 	-1.33355 	-0.0107145 	
2.21	0.32549 	-0.172631 	0.536046 	0.00777728 	-1.33355 	-0.0107145 	
2.215	0.325516 	-0.172628 	0.536046 	0.00777728 	-1.33355 	-0.0107145 	
2.22	0.325482 	-0.172638 	0.536035 	0.00625471 	-1.33248 	-0.00861693 	
2.225	0.325507 	-0.172635 	0.536036 	0.00625471 	-1.33248 	-0.00861693 	
2.23	0.325532 	-0.172632 	0.536036 	0.00625471 	-1.33248 	-0.00861693 	
2.235	0.325557 	-0.172629 	0.536036 	0.00625471 	-1.33248 	-0.00861693 	
2.24	0.325581 	-0.172626 	0.536037 	0.00625471 	-1.33248 	-0.00861693 	
2.245	0.325605 	-0.172623 	0.536037 	0.00625471 	-1.33248 	-0.00861693 	
2.25	0.325628 	-0.17262 	0.536037 	0.00625471 	-1.33248 	-0.00861693 	
2.255	0.325651 	-0.172617 	0.536038 	0.00625471 	-1.33248 	-0.00861693 	
2.26	0.325613 	-0.172628 	0.536027 	0.00473013 	-1.33141 	-0.00651652 	
2.265	0.325635 	-0.172625 	0.536027 	0.00473013 	-1.33141 	-0.00651652 	
2.27	0.325657 	-0.172623 	0.536027 	0.00473013 	-1.33141 	-0.00651652 	
2.275	0.325678 	-0.17262 	0.536028 	0.00473013 	-1.33141 	-0.00651652 	
2.28	0.325699 	-0.172618 	0.536028 	0.00473013 	-1.33141 	-0.00651652 	
2.285	0.325719 	-0.172615 	0.536028 	0.00473013 	-1.33141 	-0.00651652 	
2.29	0.325739 	-0.172613 	0.536028 	0.00473013 	-1.33141 	-0.00651652 	
2.295	0.325759 	-0.17261 	0.536029 	0.00473013 	-1.33141 	-0.00651652 	
2.3	0.325778 	-0.172608 	0.536029 	0.00473013 	-1.33141 	-0.00651652 	
2.305	0.325797 	-0.172606 	0.536029 	0.00473013 	-1.33141 	-0.00651652 	
2.31	0.325752 	-0.172618 	0.536018 	0.00313463 	-1.3303 	-0.0043184 	
2.315	0.32577 	-0.172615 	0.536018 	0.00313463 	-1.3303 	-0.0043184 	
2.32	0.325787 	-0.172613 	0.536018 	0.00313463 	-1.3303 	-0.0043184 	
2.325	0.325804 	-0.172611 	0.536018 	0.00313463 	-1.3303 	-0.0043184 	
2.33	0.325821 	-0.172609 	0.536019 	0.00313463 	-1.3303 	-0.0043184 	
2.335	0.325837 	-0.172607 	0.536019 	0.00313463 	-1.3303 	-0.0043184 	
2.34	0.325852 	-0.172605 	0.536019 	0.00313463 	-1.3303 	-0.0043184 	
2.345	0.325867 	-0.172603 	0.536019 	0.00313463 	-1.3303 	-0.0043184 	
2.35	0.325882 	-0.172601 	0.53602 	0.00313463 	-1.3303 	-0.0043184 	
2.355	0.325897 	-0.1726 	0.53602 	0.00313463 	-1.3303 	-0.0043184 	
2.36	0.32591 	-0.172598 	0.53602 	0.00313463 	-1.3303 	-0.0043184 	
2.365	0.325924 	-0.172596 	0.53602 	0.00313463 	-1.3303 	-0.0043184 	
2.37	0.325937 	-0.172595 	0.53602 	0.00313463 	-1.3303 	-0.0043184 	
2.375	0.325888 	-0.172607 	0.536009 	0.00155948 	-1.32919 	-0.00214833 	
2.38	0.3259 	-0.172606 	0.536009 	0.00155948 	-1.32919 	-0.00214833 	
2.385	0.325911 	-0.172604 	0.536009 	0.00155948 	-1.32919 	-0.00214833 	
2.39	0.325923 	-0.172603 	0.536009 	0.00155948 	-1.32919 	-0.00214833 	
2.395	0.325934 	-0.172602 	0.53601 	0.00155948 	-1.32919 	-0.00214833 	
2.4	0.325944 	-0.1726 	0.53601 	0.00155948 	-1.32919 	-0.00214833 	
2.405	0.325954 	-0.172599 	0.53601 	0.00155948 	-1.32919 	-0.00214833 	
2.41	0.325963 	-0.172598 	0.53601 	0.00155948 	-1.32919 	-0.00214833 	
2.415	0.325972 	-0.172597 	0.53601 	0.00155948 	-1.32919 	-0.00214833 	
2.42	0.32598 	-0.172596 	0.53601 	0.00155948 	-1.32919 	-0.00214833 	
2.425	0.325988 	-0.172595 	0.53601 	0.00155948 	-1.32919 	-0.00214833 	
2.43	0.325996 	-0.172594 	0.53601 	0.00155948 	-1.32919 	-0.00214833 	
2.435	0.326004 	-0.172593 	0.536011 	0.00155948 	-1.32919 	-0.00214833 	
2.44	0.326011 	-0.172592 	0.536011 	0.00155948 	-1.32919 	-0.00214833 	
2.445	0.326017 	-0.172591 	0.536011 	0.00155948 	-1.32919 	-0.00214833 	
2.45	0.326023 	-0.17259 	0.536011 	0.00155948 	-1.32919 	-0.00214833 	
2.455	0.326029 	-0.17259 	0.536011 	0.00155948 	-1.32919 	-0.00214833 	
2.46	0.326034 	-0.172589 	0.536011 	0.00155948 	-1.32919 	-0.00214833 	
2.465	0.326039 	-0.172588 	0.536011 	0.00155948 	-1.32919 	-0.00214833 	
2.47	0.326043 	-0.172588 	0.536011 	0.00155948 	-1.32919 	-0.00214833 	
2.475	0.326047 	-0.172587 	0.536011 	0.00155948 	-1.32919 	-0.00214833 	
2.48	0.32605 	-0.172587 	0.536011 	0.00155948 	-1.32919 	-0.00214833 	
2.485	0.326053 	-0.172587 	0.536011 	0.00155948 	-1.32919 	-0.00214833 	
2.49	0.326055 	-0.172586 	0.536011 	0.00155948 	-1.32919 	-0.00214833 	
2.495	0.326057 	-0.172586 	0.536011 	0.00155948 	-1.32919 	-0.00214833 	
2.5	0.326059 	-0.172586 	0.536011 	0.00155948 	-1.32919 	-0.00214833 	
2.505	0.32606 	-0.172586 	0.536011 	0.00155948 	-1.32919 	-0.00214833 	
2.51	0.32606 	-0.172586 	0.536011 	0.00155948 	-1.32919 	-0.00214833 	
2.515	0.326061 	-0.172586 	0.536011 	0.00155948 	-1.32919 	-0.00214833 	
2.52	0.326061 	-0.172586 	0.536011 	0.00155948 	-1.32919 	-0.00214833 	
2.525	0.326061 	-0.172586 	0.536011 	0.00155948 	-1.32919 	-0.00214833 	
2.53	0.326062 	-0.172586 	0.536011 	0.00155948 	-1.32919 	-0.00214833 	
2.535	0.326062 	-0.172586 	0.536011 	0.00155948 	-1.32919 	-0.00214833 	
2.54	0.326062 	-0.172587 	0.536009 	0.00155948 	-1.32919 	-0.00214833 	
2.545	0.326063 	-0.172587 	0.536008 	0.00155948 	-1.32919 	-0.00214833 	
2.55	0.32601 	-0.172599 	0.535997 	0.00015796 	-1.32824 	2.23538e-05 	
2.555	0.32601 	-0.172599 	0.535996 	0.00015796 	-1.32824 	2.23538e-05 	
2.56	0.326011 	-0.1726 	0.535995 	0.000157961 	-1.32824 	2.23538e-05 	
2.565	0.326012 	-0.172601 	0.535993 	0.000157961 	-1.32824 	2.23538e-05 	
2.57	0.326013 	-0.172602 	0.535991 	0.000157961 	-1.32824 	2.23537e-05 	
2.575	0.326014 	-0.172604 	0.535989 	0.000157961 	-1.32824 	2.23537e-05 	
2.58	0.326015 	-0.172605 	0.535987 	0.000157961 	-1.32824 	2.23537e-05 	
2.585	0.326016 	-0.172606 	0.535985 	0.000157961 	-1.32824 	2.23536e-05 	
2.59	0.326018 	-0.172608 	0.535983 	0.000157961 	-1.32824 	2.23536e-05 	
2.595	0.326019 	-0.172609 	0.53598 	0.000157961 	-1.32824 	2.23535e-05 	
2.6	0.326021 	-0.172611 	0.535977 	0.000157961 	-1.32824 	2.23534e-05 	
2.605	0.326025 	-0.172601 	0.535975 	1.54491e-05 	-1.32834 	0.00158548 	
2.61	0.326026 	-0.172603 	0.535972 	1.54492e-05 	-1.32834 	0.00158548 	
2.615	0.326028 	-0.172605 	0.535969 	1.54493e-05 	-1.32834 	0.00158548 	
2.62	0.32603 	-0.172607 	0.535965 	1.54494e-05 	-1.32834 	0.00158548 	
2.625	0.326032 	-0.172609 	0.535962 	1.54496e-05 	-1.32834 	0.00158548 	
2.63	0.326034 	-0.172612 	0.535958 	1.54497e-05 	-1.32834 	0.00158548 	
2.635	0.326044 	-0.172601 	0.535956 	9.45584e-07 	-1.32853 	0.00296949 	
2.64	0.326046 	-0.172604 	0.535951 	9.45753e-07 	-1.32853 	0.00296949 	
2.645	0.326048 	-0.172606 	0.535947 	9.45936e-07 	-1.32853 	0.00296949 	
2.65	0.326051 	-0.172609 	0.535943 	9.46133e-07 	-1.32853 	0.00296949 	
2.655	0.326053 	-0.172612 	0.535938 	9.46345e-07 	-1.32853 	0.00296949 	
2.66	0.326064 	-0.172601 	0.535935 	-5.86908e-07 	-1.32873 	0.00439525 	
2.665	0.326067 	-0.172604 	0.53593 	-5.86663e-07 	-1.32873 	0.00439525 	
2.67	0.326069 	-0.172607 	0.535925 	-5.86402e-07 	-1.32873 	0.00439525 	
2.675	0.326072 	-0.172611 	0.53592 	-5.86125e-07 	-1.32873 	0.00439525 	
2.68	0.326083 	-0.172601 	0.535916 	-6.72011e-07 	-1.32892 	0.00573922 	
2.685	0.326086 	-0.172605 	0.53591 	-6.71697e-07 	-1.32892 	0.00573922 	
2.69	0.326089 	-0.172608 	0.535905 	-6.71364e-07 	-1.32892 	0.00573922 	
2.695	0.326093 	-0.172612 	0.535899 	-6.71012e-07 	-1.32892 	0.00573922 	
2.7	0.326105 	-0.172601 	0.535895 	-8.19041e-07 	-1.32913 	0.00722655 	
2.705	0.326108 	-0.172605 	0.535888 	-8.18648e-07 	-1.32913 	0.00722655 	
2.71	0.326111 	-0.172609 	0.535882 	-8.18235e-07 	-1.32913 	0.00722655 	
2.715	0.326122 	-0.172601 	0.535877 	-6.28759e-07 	-1.32932 	0.00848811 	
2.72	0.326126 	-0.172605 	0.53587 	-6.28303e-07 	-1.32932 	0.00848811 	
2.725	0.32613 	-0.172609 	0.535863 	-6.27825e-07 	-1.32932 	0.00848811 	
2.73	0.326142 	-0.172601 	0.535857 	-6.64683e-07 	-1.3295 	0.00981112 	
2.735	0.326145 	-0.172605 	0.535851 	-6.64246e-07 	-1.3295 	0.00981112 	
2.74	0.32615 	-0.172611 	0.535843 	-6.63702e-07 	-1.3295 	0.00981112 	
2.745	0.326162 	-0.172601 	0.535837 	-7.49731e-07 	-1.32971 	0.0112234 	
2.75	0.326166 	-0.172606 	0.535829 	-7.4923e-07 	-1.32971 	0.0112234 	
2.755	0.326171 	-0.172611 	0.535821 	-7.48708e-07 	-1.32971 	0.0112234 	
2.76	0.326184 	-0.172602 	0.535815 	-8.49674e-07 	-1.32992 	0.0127269 	
2.765	0.326188 	-0.172607 	0.535807 	-8.49109e-07 	-1.32992 	0.0127269 	
2.77	0.326193 	-0.172612 	0.535799 	-8.48522e-07 	-1.32992 	0.0127269 	
2.775	0.326207 	-0.172602 	0.535792 	-9.56327e-07 	-1.33015 	0.0143211 	
2.78	0.326211 	-0.172607 	0.535783 	-9.55693e-07 	-1.33015 	0.0143211 	
2.785	0.326216 	-0.172613 	0.535775 	-9.55038e-07 	-1.33015 	0.0143211 	
2.79	0.326231 	-0.172602 	0.535768 	-1.06841e-06 	-1.33039 	0.0160051 	
2.795	0.326236 	-0.172608 	0.535759 	-1.0677e-06 	-1.33039 	0.0160051 	
2.8	0.326241 	-0.172613 	0.535749 	-1.06697e-06 	-1.33039 	0.0160051 	
2.805	0.326256 	-0.172602 	0.535742 	-1.18554e-06 	-1.33065 	0.0177781 	
2.81	0.326262 	-0.172608 	0.535733 	-1.18477e-06 	-1.33065 	0.0177781 	
2.815	0.326274 	-0.172601 	0.535725 	-7.00714e-07 	-1.33083 	0.0190684 	
2.82	0.32628 	-0.172608 	0.535715 	-6.99884e-07 	-1.33083 	0.0190684 	
2.825	0.326293 	-0.172601 	0.535706 	-6.41358e-07 	-1.33101 	0.0203458 	
2.83	0.326298 	-0.172608 	0.535696 	-6.40475e-07 	-1.33101 	0.0203458 	
2.835	0.326311 	-0.172601 	0.535688 	-6.6578e-07 	-1.3312 	0.0216565 	
2.84	0.326317 	-0.172608 	0.535677 	-6.64843e-07 	-1.3312 	0.0216565 	
2.845	0.326331 	-0.172601 	0.535668 	-7.03439e-07 	-1.33139 	0.0230049 	
2.85	0.326337 	-0.172608 	0.535657 	-7.02446e-07 	-1.33139 	0.0230049 	
2.855	0.326351 	-0.172601 	0.535648 	-7.43568e-07 	-1.33159 	0.0243909 	
2.86	0.326357 	-0.172609 	0.535637 	-7.42518e-07 	-1.33159 	0.0243909 	
2.865	0.326371 	-0.172602 	0.535628 	-7.84674e-07 	-1.3318 	0.0258144 	
2.87	0.326377 	-0.172609 	0.535616 	-7.83567e-07 	-1.3318 	0.0258144 	
2.875	0.326392 	-0.172602 	0.535607 	-8.26534e-07 	-1.33201 	0.0272749 	
2.88	0.326399 	-0.172609 	0.535595 	-8.25368e-07 	-1.33201 	0.0272749 	
2.885	0.326413 	-0.172602 	0.535585 	-8.69085e-07 	-1.33222 	0.0287721 	
2.89	0.32642 	-0.172609 	0.535573 	-8.67859e-07 	-1.33222 	0.0287721 	
2.895	0.326435 	-0.172602 	0.535563 	-9.12283e-07 	-1.33244 	0.0303057 	
2.9	0.326442 	-0.172609 	0.535551 	-9.10996e-07 	-1.33244 	0.0303057 	
2.905	0.326458 	-0.172602 	0.535541 	-9.56086e-07 	-1.33267 	0.0318752 	
2.91	0.326465 	-0.17261 	0.535528 	-9.54737e-07 	-1.33267 	0.0318752 	
2.915	0.326481 	-0.172602 	0.535518 	-1.00045e-06 	-1.3329 	0.0334802 	
2.92	0.326488 	-0.17261 	0.535505 	-9.9904e-07 	-1.3329 	0.0334802 	
2.925	0.326505 	-0.172602 	0.535494 	-1.04534e-06 	-1.33313 	0.0351204 	
2.93	0.326512 	-0.17261 	0.535481 	-1.04386e-06 	-1.33313 	0.0351204 	
2.935	0.326529 	-0.172602 	0.53547 	-1.0907e-06 	-1.33337 	0.0367954 	
2.94	0.326536 	-0.17261 	0.535457 	-1.08916e-06 	-1.33337 	0.0367954 	
2.945	0.326553 	-0.172602 	0.535446 	-1.1365e-06 	-1.33361 	0.0385047 	
2.95	0.326561 	-0.172611 	0.535432 	-1.13489e-06 	-1.33361 	0.0385047 	
2.955	0.326578 	-0.172602 	0.535421 	-1.18268e-06 	-1.33386 	0.0402478 	
2.96	0.326586 	-0.172611 	0.535407 	-1.18101e-06 	-1.33386 	0.0402478 	
2.965	0.326604 	-0.172602 	0.535395 	-1.22921e-06 	-1.33412 	0.0420245 	
2.97	0.326612 	-0.172611 	0.535381 	-1.22747e-06 	-1.33412 	0.0420245 	
2.975	0.32663 	-0.172602 	0.535369 	-1.27603e-06 	-1.33438 	0.0438342 	
2.98	0.326638 	-0.172611 	0.535355 	-1.27423e-06 	-1.33438 	0.0438342 	
2.985	0.326656 	-0.172602 	0.535343 	-1.32311e-06 	-1.33464 	0.0456764 	
2.99	0.326664 	-0.172612 	0.535328 	-1.32123e-06 	-1.33464 	0.0456764 	
2.995	0.326683 	-0.172602 	0.535316 	-1.37039e-06 	-1.33491 	0.0475508 	
3	0.326691 	-0.172612 	0.535301 	-1.36845e-06 	-1.33491 	0.0475508 	
3.005	0.32671 	-0.172602 	0.535288 	-1.41783e-06 	-1.33518 	0.0494568 	
3.01	0.326719 	-0.172612 	0.535273 	-1.41582e-06 	-1.33518 	0.0494568 	
3.015	0.326738 	-0.172602 	0.535261 	-1.46538e-06 	-1.33546 	0.051394 	
3.02	0.326747 	-0.172612 	0.535245 	-1.4633e-06 	-1.33546 	0.051394 	
3.025	0.326766 	-0.172602 	0.535232 	-1.513e-06 	-1.33574 	0.0533618 	
3.03	0.326775 	-0.172612 	0.535217 	-1.51085e-06 	-1.33574 	0.0533618 	
3.035	0.326795 	-0.172602 	0.535204 	-1.56064e-06 	-1.33603 	0.0553599 	
3.04	0.326804 	-0.172613 	0.535188 	-1.55842e-06 	-1.33603 	0.0553599 	
3.045	0.326824 	-0.172602 	0.535175 	-1.60825e-06 	-1.33632 	0.0573877 	
3.05	0.326833 	-0.172613 	0.535158 	-1.60595e-06 	-1.33632 	0.0573877 	
3.055	0.326853 	-0.172602 	0.535145 	-1.65578e-06 	-1.33661 	0.0594446 	
3.06	0.326863 	-0.172613 	0.535129 	-1.65341e-06 	-1.33661 	0.0594446 	
3.065	0.326883 	-0.172602 	0.535115 	-1.70319e-06 	-1.33691 	0.0615303 	
3.07	0.326893 	-0.172613 	0.535099 	-1.70075e-06 	-1.33691 	0.0615303 	
3.075	0.326914 	-0.172602 	0.535085 	-1.75043e-06 	-1.33722 	0.0636441 	
3.08	0.326923 	-0.172614 	0.535068 	-1.74792e-06 	-1.33722 	0.0636441 	
3.085	0.326944 	-0.172602 	0.535054 	-1.79745e-06 	-1.33752 	0.0657855 	
3.09	0.326954 	-0.172614 	0.535037 	-1.79487e-06 	-1.33752 	0.0657855 	
3.095	0.326975 	-0.172602 	0.535023 	-1.8442e-06 	-1.33783 	0.0679541 	
3.1	0.326985 	-0.172614 	0.535006 	-1.84155e-06 	-1.33783 	0.0679541 	
3.105	0.327007 	-0.172602 	0.534992 	-1.89064e-06 	-1.33815 	0.0701492 	
3.11	0.327017 	-0.172614 	0.534974 	-1.88792e-06 	-1.33815 	0.0701492 	
3.115	0.327039 	-0.172603 	0.53496 	-1.93673e-06 	-1.33847 	0.0723703 	
3.12	0.327049 	-0.172614 	0.534942 	-1.93393e-06 	-1.33847 	0.0723703 	
3.125	0.327071 	-0.172603 	0.534927 	-1.98241e-06 	-1.33879 	0.0746169 	
3.13	0.327081 	-0.172615 	0.53491 	-1.97954e-06 	-1.33879 	0.0746169 	
3.135	0.327104 	-0.172603 	0.534895 	-2.02763e-06 	-1.33911 	0.0768884 	
3.14	0.327114 	-0.172615 	0.534877 	-2.0247e-06 	-1.33911 	0.0768884 	
3.145	0.327136 	-0.172603 	0.534862 	-2.07237e-06 	-1.33944 	0.0791842 	
3.15	0.327154 	-0.172601 	0.534846 	-8.06442e-07 	-1.33962 	0.0804547 	
3.155	0.327164 	-0.172614 	0.534827 	-8.03404e-07 	-1.33962 	0.0804547 	
3.16	0.327186 	-0.172603 	0.534812 	-1.84481e-06 	-1.33994 	0.0826835 	
3.165	0.327204 	-0.172601 	0.534795 	-7.92504e-07 	-1.34013 	0.083963 	
3.17	0.327215 	-0.172614 	0.534777 	-7.89362e-07 	-1.34013 	0.083963 	
3.175	0.327237 	-0.172603 	0.534761 	-1.89476e-06 	-1.34045 	0.0862234 	
3.18	0.327255 	-0.172601 	0.534744 	-8.15155e-07 	-1.34064 	0.087521 	
3.185	0.327266 	-0.172614 	0.534725 	-8.11911e-07 	-1.34064 	0.087521 	
3.19	0.327289 	-0.172603 	0.53471 	-1.94872e-06 	-1.34096 	0.0898127 	
3.195	0.327307 	-0.172601 	0.534693 	-8.37847e-07 	-1.34115 	0.0911278 	
3.2	0.327318 	-0.172615 	0.534673 	-8.34501e-07 	-1.34115 	0.0911278 	
3.205	0.327341 	-0.172603 	0.534658 	-2.00132e-06 	-1.34148 	0.0934495 	
3.21	0.327359 	-0.172601 	0.53464 	-8.59909e-07 	-1.34168 	0.0947814 	
3.215	0.327371 	-0.172615 	0.534621 	-8.56464e-07 	-1.34168 	0.0947814 	
3.22	0.327394 	-0.172603 	0.534605 	-2.05236e-06 	-1.34201 	0.0971318 	
3.225	0.327412 	-0.172602 	0.534587 	-8.81282e-07 	-1.34221 	0.0984797 	
3.23	0.327424 	-0.172615 	0.534568 	-8.7774e-07 	-1.34221 	0.0984797 	
3.235	0.327447 	-0.172603 	0.534551 	-2.10173e-06 	-1.34255 	0.100857 	
3.24	0.327466 	-0.172602 	0.534534 	-9.01918e-07 	-1.34274 	0.102221 	
3.245	0.327484 	-0.172601 	0.534516 	-6.90337e-07 	-1.34292 	0.103488 	
3.25	0.327502 	-0.172601 	0.534498 	-6.6411e-07 	-1.3431 	0.104749 	
3.255	0.32752 	-0.172601 	0.534479 	-6.64725e-07 	-1.34329 	0.106015 	
3.26	0.327538 	-0.172601 	0.534461 	-6.68806e-07 	-1.34347 	0.107284 	
3.265	0.327556 	-0.172601 	0.534443 	-6.73256e-07 	-1.34365 	0.108557 	
3.27	0.327574 	-0.172601 	0.534425 	-6.77689e-07 	-1.34383 	0.109835 	
3.275	0.327593 	-0.172601 	0.534406 	-6.82058e-07 	-1.34402 	0.111116 	
3.28	0.327611 	-0.172601 	0.534388 	-6.86356e-07 	-1.3442 	0.112402 	
3.285	0.32763 	-0.172601 	0.534369 	-6.90581e-07 	-1.34438 	0.113691 	
3.29	0.327648 	-0.172601 	0.534351 	-6.94733e-07 	-1.34457 	0.114984 	
3.295	0.327667 	-0.172601 	0.534332 	-6.98809e-07 	-1.34476 	0.116281 	
3.3	0.327685 	-0.172601 	0.534314 	-7.0281e-07 	-1.34494 	0.117581 	
3.305	0.327704 	-0.172601 	0.534295 	-7.06734e-07 	-1.34513 	0.118885 	
3.31	0.327723 	-0.172601 	0.534276 	-7.10579e-07 	-1.34532 	0.120193 	
3.315	0.327742 	-0.172601 	0.534258 	-7.14346e-07 	-1.3455 	0.121504 	
3.32	0.327761 	-0.172601 	0.534239 	-7.18033e-07 	-1.34569 	0.122818 	
3.325	0.327779 	-0.172601 	0.53422 	-7.21639e-07 	-1.34588 	0.124135 	
3.33	0.327798 	-0.172602 	0.534201 	-7.25163e-07 	-1.34607 	0.125456 	
3.335	0.327817 	-0.172602 	0.534182 	-7.28605e-07 	-1.34626 	0.126779 	
3.34	0.327836 	-0.172602 	0.534163 	-7.31963e-07 	-1.34645 	0.128106 	
3.345	0.327855 	-0.172602 	0.534144 	-7.35237e-07 	-1.34664 	0.129435 	
3.35	0.327874 	-0.172602 	0.534125 	-7.38426e-07 	-1.34683 	0.130768 	
3.355	0.327894 	-0.172602 	0.534106 	-7.41528e-07 	-1.34702 	0.132103 	
3.36	0.327913 	-0.172602 	0.534086 	-7.44544e-07 	-1.34721 	0.13344 	
3.365	0.327932 	-0.172602 	0.534067 	-7.47472e-07 	-1.34741 	0.13478 	
3.37	0.327951 	-0.172602 	0.534048 	-7.50312e-07 	-1.3476 	0.136123 	
3.375	0.32797 	-0.172602 	0.534029 	-7.53063e-07 	-1.34779 	0.137468 	
3.38	0.32799 	-0.172602 	0.534009 	-7.55724e-07 	-1.34798 	0.138816 	
3.385	0.328009 	-0.172602 	0.53399 	-7.58295e-07 	-1.34818 	0.140165 	
3.39	0.328028 	-0.172602 	0.533971 	-7.60775e-07 	-1.34837 	0.141517 	
3.395	0.328048 	-0.172602 	0.533951 	-7.63163e-07 	-1.34856 	0.142871 	
3.4	0.328067 	-0.172602 	0.533932 	-7.65459e-07 	-1.34876 	0.144227 	
3.405	0.328087 	-0.172602 	0.533912 	-7.67662e-07 	-1.34895 	0.145584 	
3.41	0.328106 	-0.172602 	0.533893 	-7.69772e-07 	-1.34915 	0.146944 	
3.415	0.328126 	-0.172602 	0.533874 	-7.71787e-07 	-1.34934 	0.148305 	
3.42	0.328145 	-0.172602 	0.533854 	-7.73709e-07 	-1.34954 	0.149668 	
3.425	0.328165 	-0.172602 	0.533834 	-7.75535e-07 	-1.34973 	0.151032 	
3.43	0.328184 	-0.172602 	0.533815 	-7.77266e-07 	-1.34993 	0.152398 	
3.435	0.328204 	-0.172602 	0.533795 	-7.78901e-07 	-1.35012 	0.153765 	
3.44	0.328224 	-0.172602 	0.533776 	-7.80441e-07 	-1.35032 	0.155134 	
3.445	0.328243 	-0.172602 	0.533756 	-7.81883e-07 	-1.35052 	0.156503 	
3.45	0.328263 	-0.172602 	0.533736 	-7.83229e-07 	-1.35071 	0.157874 	
3.455	0.328282 	-0.172602 	0.533717 	-7.84477e-07 	-1.35091 	0.159246 	
3.46	0.328302 	-0.172602 	0.533697 	-7.85627e-07 	-1.35111 	0.160619 	
3.465	0.328322 	-0.172602 	0.533677 	-7.8668e-07 	-1.3513 	0.161993 	
3.47	0.328341 	-0.172602 	0.533658 	-7.87635e-07 	-1.3515 	0.163367 	
3.475	0.328361 	-0.172602 	0.533638 	-7.88491e-07 	-1.3517 	0.164742 	
3.48	0.328381 	-0.172602 	0.533618 	-7.89249e-07 	-1.35189 	0.166118 	
3.485	0.328401 	-0.172602 	0.533599 	-7.89908e-07 	-1.35209 	0.167494 	
3.49	0.32842 	-0.172602 	0.533579 	-7.90468e-07 	-1.35229 	0.168871 	
3.495	0.32844 	-0.172602 	0.533559 	-7.90929e-07 	-1.35249 	0.170248 	
3.5	0.32846 	-0.172602 	0.533539 	-7.91291e-07 	-1.35268 	0.171626 	
3.505	0.32848 	-0.172602 	0.53352 	-7.91554e-07 	-1.35288 	0.173003 	
3.51	0.328499 	-0.172602 	0.5335 	-7.91718e-07 	-1.35308 	0.174381 	
3.515	0.328519 	-0.172602 	0.53348 	-7.91782e-07 	-1.35328 	0.175758 	
3.52	0.328539 	-0.172602 	0.533461 	-7.91747e-07 	-1.35347 	0.177136 	
3.525	0.328558 	-0.172602 	0.533441 	-7.91612e-07 	-1.35367 	0.178513 	
3.53	0.328578 	-0.172602 	0.533421 	-7.91379e-07 	-1.35387 	0.17989 	
3.535	0.328598 	-0.172602 	0.533401 	-7.91046e-07 	-1.35406 	0.181267 	
3.54	0.328618 	-0.172602 	0.533382 	-7.90614e-07 	-1.35426 	0.182644 	
3.545	0.328637 	-0.172602 	0.533362 	-7.90083e-07 	-1.35446 	0.18402 	
3.55	0.328657 	-0.172602 	0.533342 	-7.89454e-07 	-1.35466 	0.185395 	
3.555	0.328677 	-0.172602 	0.533323 	-7.88726e-07 	-1.35485 	0.18677 	
3.56	0.328696 	-0.172602 	0.533303 	-7.87899e-07 	-1.35505 	0.188143 	
3.565	0.328716 	-0.172602 	0.533283 	-7.86974e-07 	-1.35525 	0.189516 	
3.57	0.328736 	-0.172602 	0.533264 	-7.85952e-07 	-1.35544 	0.190889 	
3.575	0.328755 	-0.172602 	0.533244 	-7.84831e-07 	-1.35564 	0.19226 	
3.58	0.328775 	-0.172602 	0.533224 	-7.83613e-07 	-1.35584 	0.19363 	
3.585	0.328795 	-0.172602 	0.533205 	-7.82298e-07 	-1.35603 	0.194998 	
3.59	0.328814 	-0.172602 	0.533185 	-7.80887e-07 	-1.35623 	0.196366 	
3.595	0.328834 	-0.172602 	0.533166 	-7.79379e-07 	-1.35642 	0.197732 	
3.6	0.328853 	-0.172602 	0.533146 	-7.77774e-07 	-1.35662 	0.199097 	
3.605	0.328873 	-0.172602 	0.533126 	-7.76075e-07 	-1.35681 	0.20046 	
3.61	0.328892 	-0.172602 	0.533107 	-7.7428e-07 	-1.35701 	0.201821 	
3.615	0.328912 	-0.172602 	0.533087 	-7.72391e-07 	-1.3572 	0.203181 	
3.62	0.328931 	-0.172602 	0.533068 	-7.70407e-07 	-1.3574 	0.204539 	
3.625	0.328951 	-0.172602 	0.533049 	-7.6833e-07 	-1.35759 	0.205896 	
3.63	0.32897 	-0.172602 	0.533029 	-7.6616e-07 	-1.35779 	0.20725 	
3.635	0.328989 	-0.172602 	0.53301 	-7.63897e-07 	-1.35798 	0.208602 	
3.64	0.329009 	-0.172602 	0.53299 	-7.61542e-07 	-1.35817 	0.209952 	
3.645	0.329028 	-0.172602 	0.532971 	-7.59096e-07 	-1.35837 	0.2113 	
3.65	0.329047 	-0.172602 	0.532952 	-7.56559e-07 	-1.35856 	0.212646 	
3.655	0.329067 	-0.172602 	0.532933 	-7.53932e-07 	-1.35875 	0.213989 	
3.66	0.318484 	-0.176967 	0.587503 	-3.27952e-05 	-1.3591 	0.215377 	
3.665	0.318469 	-0.176971 	0.587506 	-7.41476e-05 	-1.35927 	0.215431 	
3.67	0.318453 	-0.176975 	0.587506 	-0.000110641 	-1.35943 	0.215482 	
3.675	0.318438 	-0.176978 	0.587508 	-0.000149894 	-1.3596 	0.215534 	
3.68	0.318422 	-0.176982 	0.587507 	-0.00018128 	-1.35975 	0.215579 	
3.685	0.318407 	-0.176986 	0.587507 	-0.000215903 	-1.35991 	0.215626 	
3.69	0.318391 	-0.17699 	0.587504 	-0.000243233 	-1.36007 	0.215666 	
3.695	0.318376 	-0.176994 	0.587502 	-0.000274496 	-1.36022 	0.215709 	
3.7	0.318361 	-0.176999 	0.587498 	-0.000298948 	-1.36037 	0.215746 	
3.705	0.318346 	-0.177003 	0.587496 	-0.000327859 	-1.36052 	0.215786 	
3.71	0.318331 	-0.177007 	0.587492 	-0.000350286 	-1.36067 	0.21582 	
3.715	0.318316 	-0.177012 	0.587489 	-0.000377575 	-1.36082 	0.215858 	
3.72	0.318301 	-0.177017 	0.587484 	-0.000398585 	-1.36096 	0.215891 	
3.725	0.318287 	-0.177022 	0.58748 	-0.000424767 	-1.36111 	0.215927 	
3.73	0.318272 	-0.177026 	0.587475 	-0.000444793 	-1.36125 	0.215958 	
3.735	0.318258 	-0.177031 	0.587472 	-0.000470232 	-1.3614 	0.215993 	
3.74	0.318243 	-0.177036 	0.587466 	-0.000489866 	-1.36154 	0.216023 	
3.745	0.318229 	-0.177041 	0.587463 	-0.000515385 	-1.36169 	0.216058 	
3.75	0.318215 	-0.177046 	0.587457 	-0.000533639 	-1.36183 	0.216087 	
3.755	0.318201 	-0.177051 	0.587453 	-0.00055867 	-1.36198 	0.216122 	
3.76	0.318186 	-0.177055 	0.587447 	-0.00057665 	-1.36212 	0.216152 	
3.765	0.318173 	-0.17706 	0.587443 	-0.000601382 	-1.36227 	0.216188 	
3.77	0.318159 	-0.177064 	0.587437 	-0.000619162 	-1.36241 	0.216218 	
3.775	0.318145 	-0.177069 	0.587433 	-0.000643656 	-1.36256 	0.216254 	
3.78	0.318131 	-0.177073 	0.587427 	-0.000661241 	-1.36269 	0.216284 	
3.785	0.318118 	-0.177077 	0.587423 	-0.000685585 	-1.36284 	0.21632 	
3.79	0.318104 	-0.177082 	0.587416 	-0.00070291 	-1.36298 	0.216349 	
3.795	0.31809 	-0.177086 	0.587413 	-0.000727126 	-1.36313 	0.216384 	
3.8	0.318076 	-0.177091 	0.587406 	-0.00074415 	-1.36327 	0.216413 	
3.805	0.318063 	-0.177096 	0.587402 	-0.00076822 	-1.36341 	0.216448 	
3.81	0.318049 	-0.1771 	0.587396 	-0.000784984 	-1.36355 	0.216476 	
3.815	0.318036 	-0.177105 	0.587392 	-0.000808921 	-1.3637 	0.216509 	
3.82	0.318022 	-0.17711 	0.587385 	-0.000825463 	-1.36384 	0.216536 	
3.825	0.318008 	-0.177115 	0.587381 	-0.000849307 	-1.36399 	0.216569 	
3.83	0.317995 	-0.17712 	0.587375 	-0.000865663 	-1.36412 	0.216595 	
3.835	0.317981 	-0.177126 	0.587371 	-0.000889445 	-1.36427 	0.216627 	
3.84	0.317967 	-0.177131 	0.587364 	-0.00090564 	-1.36441 	0.216653 	
3.845	0.317954 	-0.177137 	0.587361 	-0.000929382 	-1.36456 	0.216684 	
3.85	0.31794 	-0.177142 	0.587354 	-0.000945904 	-1.3647 	0.216709 	
3.855	0.317926 	-0.177148 	0.587351 	-0.000970491 	-1.36484 	0.216741 	
3.86	0.317913 	-0.177154 	0.587344 	-0.00098473 	-1.36498 	0.216763 	
3.865	0.317899 	-0.17716 	0.58734 	-0.00100768 	-1.36513 	0.216792 	
3.87	0.317885 	-0.177166 	0.587333 	-0.00102205 	-1.36526 	0.216814 	
3.875	0.317872 	-0.177172 	0.587329 	-0.00104526 	-1.36541 	0.216843 	
3.88	0.317858 	-0.177178 	0.587322 	-0.00105988 	-1.36555 	0.216864 	
3.885	0.317844 	-0.177184 	0.587319 	-0.0010838 	-1.3657 	0.216894 	
3.89	0.317831 	-0.17719 	0.587312 	-0.00109953 	-1.36584 	0.216916 	
3.895	0.317817 	-0.177197 	0.587308 	-0.00112207 	-1.36598 	0.216943 	
3.9	0.317803 	-0.177203 	0.587302 	-0.00113785 	-1.36612 	0.216965 	
3.905	0.31779 	-0.17721 	0.587298 	-0.00116053 	-1.36627 	0.216992 	
3.91	0.317776 	-0.177216 	0.587292 	-0.0011764 	-1.36641 	0.217014 	
3.915	0.317762 	-0.177223 	0.587288 	-0.00119924 	-1.36656 	0.217041 	
3.92	0.317749 	-0.177229 	0.587282 	-0.00121516 	-1.36669 	0.217063 	
3.925	0.317735 	-0.177236 	0.587278 	-0.00123802 	-1.36684 	0.217089 	
3.93	0.317721 	-0.177243 	0.587272 	-0.00125375 	-1.36698 	0.21711 	
3.935	0.317707 	-0.17725 	0.587268 	-0.00127695 	-1.36713 	0.217137 	
3.94	0.317693 	-0.177256 	0.587262 	-0.00129224 	-1.36727 	0.217156 	
3.945	0.31768 	-0.177263 	0.587258 	-0.00131561 	-1.36742 	0.217183 	
3.95	0.317666 	-0.17727 	0.587252 	-0.00133054 	-1.36756 	0.217202 	
3.955	0.317652 	-0.177278 	0.587248 	-0.00135342 	-1.3677 	0.217227 	
3.96	0.317637 	-0.177285 	0.587242 	-0.00136796 	-1.36784 	0.217244 	
3.965	0.317624 	-0.177293 	0.587238 	-0.00139052 	-1.36799 	0.217268 	
3.97	0.317609 	-0.1773 	0.587231 	-0.0014047 	-1.36813 	0.217285 	
3.975	0.317595 	-0.177308 	0.587228 	-0.00142699 	-1.36828 	0.217308 	
3.98	0.317581 	-0.177315 	0.587221 	-0.00144083 	-1.36841 	0.217324 	
3.985	0.317566 	-0.177323 	0.587217 	-0.00146289 	-1.36856 	0.217346 	
3.99	0.317552 	-0.177331 	0.58721 	-0.00147643 	-1.3687 	0.217361 	
3.995	0.317538 	-0.177339 	0.587207 	-0.00149828 	-1.36885 	0.217382 	
4	0.317523 	-0.177347 	0.5872 	-0.00151152 	-1.36898 	0.217396 	
4.005	0.317509 	-0.177356 	0.587196 	-0.00153334 	-1.36913 	0.217417 	
4.01	0.317494 	-0.177364 	0.587189 	-0.00154698 	-1.36927 	0.217431 	
4.015	0.31748 	-0.177372 	0.587186 	-0.00156894 	-1.36942 	0.217452 	
4.02	0.317465 	-0.17738 	0.587178 	-0.00158049 	-1.36955 	0.217465 	
4.025	0.317452 	-0.177388 	0.587175 	-0.00160426 	-1.3697 	0.21749 	
4.03	0.317438 	-0.177395 	0.587172 	-0.00162788 	-1.36985 	0.217517 	
4.035	0.317424 	-0.177401 	0.587168 	-0.00164983 	-1.37 	0.217543 	
4.04	0.31741 	-0.177408 	0.587164 	-0.00167177 	-1.37015 	0.217571 	
4.045	0.317396 	-0.177414 	0.58716 	-0.00169174 	-1.37029 	0.217597 	
4.05	0.317382 	-0.17742 	0.587155 	-0.0017124 	-1.37044 	0.217625 	
4.055	0.317368 	-0.177425 	0.58715 	-0.00173082 	-1.37058 	0.217651 	
4.06	0.317353 	-0.177431 	0.587145 	-0.00175059 	-1.37072 	0.217679 	
4.065	0.317339 	-0.177436 	0.587139 	-0.00176788 	-1.37086 	0.217705 	
4.07	0.317325 	-0.177441 	0.587134 	-0.00178695 	-1.37101 	0.217734 	
4.075	0.31731 	-0.177446 	0.587128 	-0.0018034 	-1.37115 	0.21776 	
4.08	0.317296 	-0.177451 	0.587122 	-0.001822 	-1.37129 	0.217789 	
4.085	0.317281 	-0.177456 	0.587116 	-0.00183792 	-1.37143 	0.217816 	
4.09	0.317267 	-0.177461 	0.58711 	-0.00185614 	-1.37157 	0.217845 	
4.095	0.317252 	-0.177465 	0.587103 	-0.0018717 	-1.37171 	0.217872 	
4.1	0.317238 	-0.17747 	0.587098 	-0.00188963 	-1.37185 	0.217902 	
4.105	0.317223 	-0.177474 	0.587091 	-0.00190492 	-1.37198 	0.217929 	
4.11	0.317209 	-0.177478 	0.587085 	-0.00192262 	-1.37212 	0.217959 	
4.115	0.317194 	-0.177483 	0.587078 	-0.00193771 	-1.37226 	0.217987 	
4.12	0.31718 	-0.177487 	0.587072 	-0.00195523 	-1.3724 	0.218017 	
4.125	0.317165 	-0.177491 	0.587065 	-0.00197018 	-1.37254 	0.218045 	
4.13	0.317151 	-0.177495 	0.587059 	-0.00198738 	-1.37268 	0.218075 	
4.135	0.317136 	-0.177499 	0.587052 	-0.00200183 	-1.37282 	0.218103 	
4.14	0.317122 	-0.177503 	0.587046 	-0.00201933 	-1.37296 	0.218133 	
4.145	0.317107 	-0.177507 	0.587039 	-0.00203405 	-1.37309 	0.21816 	
4.15	0.317093 	-0.177512 	0.587033 	-0.00205182 	-1.37323 	0.218188 	
4.155	0.317078 	-0.177517 	0.587027 	-0.00206677 	-1.37337 	0.218214 	
4.16	0.317064 	-0.177522 	0.587021 	-0.00208475 	-1.37351 	0.218242 	
4.165	0.31705 	-0.177527 	0.587015 	-0.00209986 	-1.37365 	0.218267 	
4.17	0.317036 	-0.177532 	0.587009 	-0.00211802 	-1.37379 	0.218294 	
4.175	0.317021 	-0.177537 	0.587003 	-0.00213326 	-1.37393 	0.218318 	
4.18	0.317007 	-0.177542 	0.586997 	-0.00215157 	-1.37407 	0.218345 	
4.185	0.316993 	-0.177548 	0.586991 	-0.00216692 	-1.37421 	0.218368 	
4.19	0.316979 	-0.177554 	0.586986 	-0.00218535 	-1.37436 	0.218394 	
4.195	0.316965 	-0.177559 	0.58698 	-0.00220078 	-1.37449 	0.218418 	
4.2	0.316951 	-0.177565 	0.586975 	-0.00221933 	-1.37464 	0.218443 	
4.205	0.316936 	-0.177571 	0.586968 	-0.00223483 	-1.37478 	0.218466 	
4.21	0.316922 	-0.177577 	0.586963 	-0.00225348 	-1.37492 	0.218491 	
4.215	0.316908 	-0.177583 	0.586957 	-0.00226905 	-1.37506 	0.218513 	
4.22	0.316894 	-0.177589 	0.586952 	-0.00228782 	-1.3752 	0.218538 	
4.225	0.31688 	-0.177595 	0.586946 	-0.00230292 	-1.37534 	0.21856 	
4.23	0.316865 	-0.177601 	0.58694 	-0.00231899 	-1.37548 	0.21858 	
4.235	0.31685 	-0.177608 	0.586933 	-0.00233098 	-1.37562 	0.218597 	
4.24	0.316834 	-0.177615 	0.586927 	-0.0023457 	-1.37576 	0.218615 	
4.245	0.316819 	-0.177622 	0.586919 	-0.00235559 	-1.37589 	0.218629 	
4.25	0.316803 	-0.17763 	0.586912 	-0.00236931 	-1.37603 	0.218645 	
4.255	0.316786 	-0.177637 	0.586904 	-0.00237761 	-1.37616 	0.218656 	
4.26	0.31677 	-0.177645 	0.586897 	-0.00239059 	-1.3763 	0.218671 	
4.265	0.316754 	-0.177652 	0.586888 	-0.00239768 	-1.37643 	0.218681 	
4.27	0.316737 	-0.17766 	0.586881 	-0.00241011 	-1.37657 	0.218695 	
4.275	0.31672 	-0.177667 	0.586872 	-0.00241624 	-1.3767 	0.218704 	
4.28	0.316704 	-0.177675 	0.586865 	-0.00242826 	-1.37684 	0.218717 	
4.285	0.316686 	-0.177683 	0.586855 	-0.00243363 	-1.37697 	0.218725 	
4.29	0.31667 	-0.177691 	0.586848 	-0.00244535 	-1.3771 	0.218738 	
4.295	0.316652 	-0.177698 	0.586839 	-0.00245007 	-1.37723 	0.218746 	
4.3	0.316635 	-0.177706 	0.586831 	-0.00246158 	-1.37737 	0.218759 	
4.305	0.316618 	-0.177714 	0.586822 	-0.00246575 	-1.3775 	0.218766 	
4.31	0.316601 	-0.177721 	0.586814 	-0.00247711 	-1.37763 	0.218779 	
4.315	0.316584 	-0.177729 	0.586804 	-0.00248079 	-1.37776 	0.218787 	
4.32	0.316566 	-0.177737 	0.586797 	-0.00249167 	-1.3779 	0.218799 	
4.325	0.316549 	-0.177744 	0.586787 	-0.00249485 	-1.37803 	0.218806 	
4.33	0.316532 	-0.177752 	0.586779 	-0.00250543 	-1.37816 	0.218819 	
4.335	0.316514 	-0.177759 	0.586769 	-0.00250826 	-1.37829 	0.218826 	
4.34	0.316497 	-0.177766 	0.586761 	-0.0025186 	-1.37842 	0.218839 	
4.345	0.316479 	-0.177773 	0.586751 	-0.00252115 	-1.37855 	0.218845 	
4.35	0.316462 	-0.177781 	0.586743 	-0.00253124 	-1.37869 	0.218859 	
4.355	0.316444 	-0.177788 	0.586733 	-0.00253355 	-1.37881 	0.218866 	
4.36	0.316427 	-0.177795 	0.586725 	-0.00254345 	-1.37895 	0.218879 	
4.365	0.31641 	-0.177802 	0.586715 	-0.00254554 	-1.37907 	0.218887 	
4.37	0.316392 	-0.177809 	0.586707 	-0.00255528 	-1.37921 	0.218901 	
4.375	0.316375 	-0.177816 	0.586696 	-0.00255717 	-1.37933 	0.218908 	
4.38	0.316358 	-0.177822 	0.586688 	-0.00256678 	-1.37947 	0.218923 	
4.385	0.31634 	-0.177829 	0.586678 	-0.00256869 	-1.37959 	0.218932 	
4.39	0.316323 	-0.177835 	0.58667 	-0.00257898 	-1.37973 	0.218948 	
4.395	0.316305 	-0.177841 	0.586657 	-0.00257442 	-1.37985 	0.218951 	
4.4	0.316287 	-0.177847 	0.586643 	-0.0025656 	-1.37996 	0.218951 	
4.405	0.31627 	-0.177853 	0.586632 	-0.00256688 	-1.38008 	0.21896 	
4.41	0.316252 	-0.177859 	0.586622 	-0.00257155 	-1.38021 	0.218972 	
4.415	0.316234 	-0.177866 	0.586614 	-0.00258076 	-1.38035 	0.218988 	
4.42	0.316216 	-0.177871 	0.586601 	-0.00257465 	-1.38046 	0.218992 	
4.425	0.316197 	-0.177876 	0.586582 	-0.0025544 	-1.38056 	0.218984 	
4.43	0.316178 	-0.17788 	0.58656 	-0.00252152 	-1.38065 	0.218966 	
4.435	0.316158 	-0.177884 	0.586535 	-0.0024825 	-1.38073 	0.218943 	
4.44	0.316139 	-0.177888 	0.58651 	-0.00244399 	-1.38081 	0.218921 	
4.445	0.31612 	-0.177891 	0.586484 	-0.0024019 	-1.38088 	0.218896 	
4.45	0.316101 	-0.177895 	0.58646 	-0.00236631 	-1.38096 	0.218877 	
4.455	0.316084 	-0.177898 	0.586442 	-0.00234429 	-1.38106 	0.218872 	
4.46	0.316068 	-0.177901 	0.586424 	-0.00232698 	-1.38117 	0.218871 	
4.465	0.316052 	-0.177905 	0.586411 	-0.00232122 	-1.38128 	0.218881 	
4.47	0.316037 	-0.177908 	0.586399 	-0.0023176 	-1.3814 	0.218894 	
4.475	0.316023 	-0.177911 	0.586389 	-0.00232361 	-1.38153 	0.218916 	
4.48	0.316009 	-0.177914 	0.58638 	-0.00232983 	-1.38166 	0.218938 	
4.485	0.315995 	-0.177917 	0.586374 	-0.00234416 	-1.3818 	0.218968 	
4.49	0.315982 	-0.17792 	0.586367 	-0.00235731 	-1.38193 	0.218997 	
4.495	0.315969 	-0.177923 	0.586363 	-0.00237748 	-1.38208 	0.219032 	
4.5	0.315956 	-0.177925 	0.586358 	-0.00239547 	-1.38222 	0.219066 	
4.505	0.315944 	-0.177928 	0.586355 	-0.00241971 	-1.38237 	0.219106 	
4.51	0.315931 	-0.177931 	0.586351 	-0.00244102 	-1.38252 	0.219144 	
4.515	0.315919 	-0.177933 	0.58635 	-0.00246807 	-1.38267 	0.219186 	
4.52	0.315907 	-0.177936 	0.586346 	-0.00249165 	-1.38282 	0.219226 	
4.525	0.315895 	-0.177939 	0.586345 	-0.00252061 	-1.38297 	0.219271 	
4.53	0.315883 	-0.177941 	0.586343 	-0.00254572 	-1.38312 	0.219312 	
4.535	0.315871 	-0.177944 	0.586342 	-0.00257598 	-1.38328 	0.219359 	
4.54	0.31586 	-0.177946 	0.58634 	-0.0026021 	-1.38343 	0.219401 	
4.545	0.315848 	-0.177948 	0.586339 	-0.00263323 	-1.38359 	0.219448 	
4.55	0.315836 	-0.177951 	0.586337 	-0.00266001 	-1.38374 	0.219492 	
4.555	0.315825 	-0.177953 	0.586337 	-0.00269172 	-1.3839 	0.21954 	
4.56	0.315813 	-0.177955 	0.586335 	-0.0027189 	-1.38405 	0.219584 	
4.565	0.315802 	-0.177958 	0.586334 	-0.00275098 	-1.38421 	0.219632 	
4.57	0.31579 	-0.17796 	0.586333 	-0.0027784 	-1.38436 	0.219676 	
4.575	0.315778 	-0.177962 	0.586332 	-0.0028107 	-1.38452 	0.219725 	
4.58	0.315767 	-0.177964 	0.586331 	-0.00283824 	-1.38467 	0.219769 	
4.585	0.315755 	-0.177967 	0.58633 	-0.00287066 	-1.38483 	0.219818 	
4.59	0.315744 	-0.177969 	0.586329 	-0.00289824 	-1.38498 	0.219863 	
4.595	0.315733 	-0.177971 	0.586329 	-0.00293072 	-1.38514 	0.219912 	
4.6	0.315721 	-0.177973 	0.586327 	-0.00295827 	-1.38529 	0.219957 	
4.605	0.31571 	-0.177975 	0.586327 	-0.00299076 	-1.38545 	0.220006 	
4.61	0.315698 	-0.177977 	0.586325 	-0.00301824 	-1.3856 	0.22005 	
4.615	0.315687 	-0.177979 	0.586325 	-0.00305072 	-1.38576 	0.220099 	
4.62	0.315675 	-0.177982 	0.586323 	-0.00307811 	-1.38592 	0.220144 	
4.625	0.315664 	-0.177984 	0.586322 	-0.00311054 	-1.38607 	0.220193 	
4.63	0.315652 	-0.177986 	0.586321 	-0.00313782 	-1.38623 	0.220238 	
4.635	0.315641 	-0.177988 	0.58632 	-0.0031702 	-1.38638 	0.220287 	
4.64	0.315629 	-0.17799 	0.586318 	-0.00319736 	-1.38654 	0.220331 	
4.645	0.315618 	-0.177992 	0.586318 	-0.00322967 	-1.38669 	0.22038 	
4.65	0.315606 	-0.177994 	0.586316 	-0.0032567 	-1.38685 	0.220425 	
4.655	0.315595 	-0.177996 	0.586316 	-0.00328893 	-1.387 	0.220474 	
4.66	0.315583 	-0.177998 	0.586314 	-0.00331583 	-1.38715 	0.220518 	
4.665	0.315572 	-0.178 	0.586313 	-0.00334799 	-1.38731 	0.220567 	
4.67	0.31556 	-0.178002 	0.586311 	-0.00337474 	-1.38746 	0.220611 	
4.675	0.315549 	-0.178004 	0.586311 	-0.00340682 	-1.38762 	0.22066 	
4.68	0.315537 	-0.178006 	0.586309 	-0.00343344 	-1.38777 	0.220704 	
4.685	0.315526 	-0.178008 	0.586308 	-0.00346407 	-1.38793 	0.220752 	
4.69	0.315514 	-0.17801 	0.586304 	-0.00348579 	-1.38807 	0.220792 	
4.695	0.315502 	-0.178011 	0.586303 	-0.00351664 	-1.38823 	0.220842 	
4.7	0.31549 	-0.178013 	0.586302 	-0.00354501 	-1.38838 	0.220889 	
4.705	0.315479 	-0.178014 	0.586301 	-0.00357558 	-1.38854 	0.220938 	
4.71	0.315467 	-0.178016 	0.586298 	-0.00360184 	-1.38869 	0.220984 	
4.715	0.315455 	-0.178017 	0.586296 	-0.00362901 	-1.38884 	0.221029 	
4.72	0.315442 	-0.178019 	0.586292 	-0.0036503 	-1.38899 	0.221068 	
4.725	0.315429 	-0.178021 	0.58629 	-0.00367524 	-1.38914 	0.22111 	
4.73	0.315416 	-0.178023 	0.586285 	-0.00369289 	-1.38928 	0.221145 	
4.735	0.315403 	-0.178026 	0.586281 	-0.00371569 	-1.38943 	0.221184 	
4.74	0.315389 	-0.178028 	0.586276 	-0.00373112 	-1.38957 	0.221216 	
4.745	0.315375 	-0.178031 	0.586272 	-0.00375232 	-1.38971 	0.221253 	
4.75	0.315361 	-0.178034 	0.586266 	-0.00376603 	-1.38985 	0.221283 	
4.755	0.315347 	-0.178037 	0.586261 	-0.003786 	-1.39 	0.221317 	
4.76	0.315333 	-0.178039 	0.586255 	-0.0037984 	-1.39013 	0.221346 	
4.765	0.315319 	-0.178042 	0.58625 	-0.00381742 	-1.39028 	0.221379 	
4.77	0.315305 	-0.178045 	0.586244 	-0.00382949 	-1.39042 	0.221407 	
4.775	0.315291 	-0.178047 	0.586239 	-0.00384866 	-1.39056 	0.221443 	
4.78	0.315277 	-0.178049 	0.586232 	-0.00385935 	-1.39069 	0.221473 	
4.785	0.315263 	-0.178051 	0.586225 	-0.00387316 	-1.39083 	0.221506 	
4.79	0.315248 	-0.178052 	0.586214 	-0.00386979 	-1.39095 	0.221524 	
4.795	0.315232 	-0.178052 	0.586196 	-0.00384936 	-1.39105 	0.221527 	
4.8	0.315216 	-0.178053 	0.586174 	-0.00381409 	-1.39114 	0.221517 	
4.805	0.315199 	-0.178053 	0.586151 	-0.00377418 	-1.39122 	0.221501 	
4.81	0.315182 	-0.178056 	0.586134 	-0.00375251 	-1.39133 	0.221497 	
4.815	0.315166 	-0.178058 	0.586115 	-0.00372558 	-1.39142 	0.221488 	
4.82	0.31515 	-0.178062 	0.586103 	-0.00371909 	-1.39154 	0.221496 	
4.825	0.315134 	-0.178065 	0.586087 	-0.00370329 	-1.39165 	0.221496 	
4.83	0.315119 	-0.178068 	0.586075 	-0.00369545 	-1.39177 	0.221501 	
4.835	0.315104 	-0.178072 	0.586061 	-0.00368416 	-1.39188 	0.221502 	
4.84	0.315089 	-0.178077 	0.58605 	-0.00368036 	-1.39201 	0.221508 	
4.845	0.315074 	-0.178083 	0.586039 	-0.00367462 	-1.39213 	0.22151 	
4.85	0.315058 	-0.17809 	0.586031 	-0.00367932 	-1.39226 	0.221516 	
4.855	0.315042 	-0.178097 	0.58602 	-0.00367534 	-1.39239 	0.221515 	
4.86	0.315027 	-0.178105 	0.586015 	-0.00368666 	-1.39253 	0.221525 	
4.865	0.315011 	-0.178113 	0.586006 	-0.00368853 	-1.39266 	0.221527 	
4.87	0.314995 	-0.178122 	0.586002 	-0.00370492 	-1.3928 	0.221539 	
4.875	0.314979 	-0.17813 	0.585995 	-0.00371161 	-1.39294 	0.221543 	
4.88	0.314963 	-0.17814 	0.585992 	-0.00373187 	-1.39309 	0.221558 	
4.885	0.314947 	-0.178149 	0.585986 	-0.00374197 	-1.39323 	0.221564 	
4.89	0.314931 	-0.178159 	0.585985 	-0.0037649 	-1.39339 	0.221579 	
4.895	0.314915 	-0.178168 	0.585979 	-0.00377731 	-1.39353 	0.221586 	
4.9	0.314899 	-0.178179 	0.58598 	-0.0038069 	-1.39369 	0.221606 	
4.905	0.314883 	-0.178189 	0.585978 	-0.00383025 	-1.39384 	0.221622 	
4.91	0.314867 	-0.178198 	0.585973 	-0.00384195 	-1.39399 	0.221629 	
4.915	0.314851 	-0.178207 	0.585968 	-0.00385434 	-1.39413 	0.221636 	
4.92	0.314835 	-0.178216 	0.585961 	-0.00386031 	-1.39427 	0.221638 	
4.925	0.31482 	-0.178225 	0.585954 	-0.00386632 	-1.3944 	0.22164 	
4.93	0.314804 	-0.178233 	0.585945 	-0.00386779 	-1.39453 	0.221639 	
4.935	0.314789 	-0.178243 	0.585943 	-0.00388946 	-1.39469 	0.221655 	
4.94	0.314774 	-0.178252 	0.585939 	-0.00390448 	-1.39483 	0.221665 	
4.945	0.314759 	-0.178261 	0.585934 	-0.00391687 	-1.39497 	0.221674 	
4.95	0.314743 	-0.178269 	0.585929 	-0.00392802 	-1.39512 	0.221682 	
4.955	0.314729 	-0.178278 	0.585923 	-0.00393841 	-1.39526 	0.22169 	
4.96	0.314714 	-0.178286 	0.585917 	-0.00394704 	-1.3954 	0.221696 	
4.965	0.314699 	-0.178294 	0.585911 	-0.0039556 	-1.39554 	0.221701 	
4.97	0.314684 	-0.178303 	0.585905 	-0.00396269 	-1.39567 	0.221706 	
4.975	0.314669 	-0.178311 	0.585898 	-0.00396999 	-1.39581 	0.221711 	
4.98	0.314655 	-0.178319 	0.585891 	-0.00397605 	-1.39595 	0.221714 	
4.985	0.31464 	-0.178328 	0.585885 	-0.00398255 	-1.39608 	0.221718 	
4.99	0.314626 	-0.178336 	0.585879 	-0.00399158 	-1.39622 	0.221724 	
4.995	0.314611 	-0.178345 	0.585875 	-0.00400666 	-1.39637 	0.221734 	
5	0.314596 	-0.178354 	0.585868 	-0.00401163 	-1.39651 	0.221736 	
5.005	0.314581 	-0.178363 	0.585866 	-0.00403271 	-1.39666 	0.221751 	
5.01	0.314565 	-0.178372 	0.585859 	-0.00403869 	-1.3968 	0.221753 	
5.015	0.31455 	-0.178382 	0.585856 	-0.00405674 	-1.39695 	0.221764 	
5.02	0.314534 	-0.178391 	0.58585 	-0.00406441 	-1.39708 	0.221767 	
5.025	0.314519 	-0.1784 	0.585844 	-0.00407288 	-1.39722 	0.22177 	
5.03	0.314503 	-0.178409 	0.585839 	-0.00408373 	-1.39737 	0.221776 	
5.035	0.314488 	-0.178418 	0.585833 	-0.00409285 	-1.39751 	0.221782 	
5.04	0.314473 	-0.178426 	0.585827 	-0.0040993 	-1.39765 	0.221785 	
5.045	0.314457 	-0.178435 	0.58582 	-0.00410609 	-1.39778 	0.221788 	
5.05	0.314442 	-0.178444 	0.585813 	-0.00411044 	-1.39792 	0.221789 	
5.055	0.314427 	-0.178452 	0.585806 	-0.00411556 	-1.39806 	0.221791 	
5.06	0.314413 	-0.17846 	0.585799 	-0.00411914 	-1.39819 	0.221792 	
5.065	0.314398 	-0.178468 	0.585792 	-0.00412564 	-1.39833 	0.221799 	
5.07	0.314384 	-0.178475 	0.585787 	-0.00413654 	-1.39847 	0.221809 	
5.075	0.314369 	-0.178484 	0.585785 	-0.00415816 	-1.39862 	0.221828 	
5.08	0.314355 	-0.17849 	0.585778 	-0.00416246 	-1.39876 	0.221835 	
5.085	0.314339 	-0.178498 	0.585775 	-0.00418226 	-1.39891 	0.221855 	
5.09	0.314318 	-0.178503 	0.585756 	-0.00415003 	-1.399 	0.221831 	
5.095	0.314296 	-0.178516 	0.585745 	-0.00414292 	-1.39913 	0.22181 	
5.1	0.314274 	-0.178528 	0.58573 	-0.0041202 	-1.39924 	0.221774 	
5.105	0.314253 	-0.178542 	0.585721 	-0.00411626 	-1.39937 	0.22175 	
5.11	0.314232 	-0.178555 	0.585709 	-0.00410099 	-1.39949 	0.221718 	
5.115	0.314211 	-0.17857 	0.585701 	-0.00410088 	-1.39963 	0.221695 	
5.12	0.314191 	-0.178585 	0.58569 	-0.00408998 	-1.39975 	0.221663 	
5.125	0.314171 	-0.178601 	0.585683 	-0.0040908 	-1.39989 	0.221637 	
5.13	0.314151 	-0.178617 	0.585674 	-0.00408451 	-1.40002 	0.221607 	
5.135	0.314132 	-0.178633 	0.585668 	-0.00408849 	-1.40016 	0.221584 	
5.14	0.314112 	-0.178648 	0.58566 	-0.00408435 	-1.40029 	0.221557 	
5.145	0.314094 	-0.178664 	0.585655 	-0.00409282 	-1.40044 	0.22154 	
5.15	0.314075 	-0.178678 	0.585647 	-0.00408985 	-1.40057 	0.221516 	
5.155	0.314057 	-0.178692 	0.585642 	-0.00409907 	-1.40072 	0.221506 	
5.16	0.314038 	-0.178705 	0.585635 	-0.00410066 	-1.40085 	0.221491 	
5.165	0.314021 	-0.178718 	0.585631 	-0.00411287 	-1.401 	0.221489 	
5.17	0.314003 	-0.178729 	0.585625 	-0.00411831 	-1.40114 	0.221482 	
5.175	0.313986 	-0.178741 	0.585622 	-0.00413288 	-1.40129 	0.221486 	
5.18	0.313968 	-0.178751 	0.585616 	-0.00414071 	-1.40143 	0.221485 	
5.185	0.313951 	-0.178761 	0.585613 	-0.00415718 	-1.40158 	0.221494 	
5.19	0.313934 	-0.178771 	0.585608 	-0.00416674 	-1.40172 	0.221497 	
5.195	0.313917 	-0.17878 	0.585605 	-0.00418471 	-1.40187 	0.22151 	
5.2	0.3139 	-0.178789 	0.585601 	-0.00419553 	-1.40202 	0.221518 	
5.205	0.313883 	-0.178798 	0.585598 	-0.00421467 	-1.40217 	0.221534 	
5.21	0.313866 	-0.178807 	0.585593 	-0.00422535 	-1.40231 	0.221542 	
5.215	0.313849 	-0.178817 	0.58559 	-0.00424112 	-1.40246 	0.221551 	
5.22	0.313832 	-0.178827 	0.585585 	-0.00424859 	-1.4026 	0.22155 	
5.225	0.313816 	-0.178838 	0.585581 	-0.00426239 	-1.40275 	0.221553 	
5.23	0.313799 	-0.17885 	0.585577 	-0.00427365 	-1.4029 	0.221552 	
5.235	0.313783 	-0.178863 	0.585576 	-0.00429627 	-1.40305 	0.221559 	
5.24	0.313766 	-0.178875 	0.585572 	-0.00430723 	-1.4032 	0.221555 	
5.245	0.31375 	-0.178888 	0.585572 	-0.00433007 	-1.40336 	0.22156 	
5.25	0.313733 	-0.178901 	0.585568 	-0.00434116 	-1.4035 	0.221555 	
5.255	0.313717 	-0.178915 	0.585567 	-0.00436404 	-1.40366 	0.221558 	
5.26	0.313701 	-0.178929 	0.585564 	-0.0043751 	-1.40381 	0.221551 	
5.265	0.313685 	-0.178943 	0.585563 	-0.00439787 	-1.40397 	0.221552 	
5.27	0.313668 	-0.178957 	0.58556 	-0.00440877 	-1.40411 	0.221544 	
5.275	0.313652 	-0.178972 	0.585559 	-0.00443148 	-1.40427 	0.221544 	
5.28	0.313636 	-0.178986 	0.585556 	-0.00444179 	-1.40442 	0.221534 	
5.285	0.31362 	-0.179001 	0.585554 	-0.00446115 	-1.40457 	0.22153 	
5.29	0.313603 	-0.179015 	0.58555 	-0.00446809 	-1.40472 	0.221516 	
5.295	0.313587 	-0.17903 	0.585548 	-0.00448399 	-1.40487 	0.221509 	
5.3	0.31357 	-0.179045 	0.585542 	-0.00448826 	-1.40501 	0.221492 	
5.305	0.313554 	-0.179059 	0.585539 	-0.00450147 	-1.40516 	0.221484 	
5.31	0.313537 	-0.179074 	0.585534 	-0.00450628 	-1.4053 	0.221466 	
5.315	0.313521 	-0.179089 	0.585532 	-0.00452078 	-1.40546 	0.221456 	
5.32	0.313503 	-0.179104 	0.585526 	-0.00452205 	-1.40559 	0.221435 	
5.325	0.313488 	-0.17912 	0.585524 	-0.00453841 	-1.40575 	0.221426 	
5.33	0.31347 	-0.179135 	0.585518 	-0.00454041 	-1.40589 	0.221405 	
5.335	0.313455 	-0.179151 	0.585517 	-0.00455827 	-1.40604 	0.221397 	
5.34	0.313437 	-0.179166 	0.585511 	-0.00456166 	-1.40618 	0.221376 	
5.345	0.313422 	-0.179182 	0.58551 	-0.00458027 	-1.40634 	0.221369 	
5.35	0.313404 	-0.179198 	0.585502 	-0.00457382 	-1.40647 	0.221337 	
5.355	0.313389 	-0.179215 	0.585502 	-0.00459504 	-1.40663 	0.22133 	
5.36	0.313372 	-0.179231 	0.585497 	-0.00459939 	-1.40677 	0.221306 	
5.365	0.313357 	-0.179248 	0.585497 	-0.00462207 	-1.40693 	0.2213 	
5.37	0.313339 	-0.179265 	0.585493 	-0.00462815 	-1.40708 	0.221276 	
5.375	0.313324 	-0.179282 	0.585494 	-0.00465372 	-1.40724 	0.221272 	
5.38	0.313305 	-0.179299 	0.585489 	-0.00465824 	-1.40739 	0.221247 	
5.385	0.313291 	-0.179316 	0.58549 	-0.00468335 	-1.40755 	0.221243 	
5.39	0.313272 	-0.179333 	0.585485 	-0.00468625 	-1.40769 	0.221217 	
5.395	0.313258 	-0.179349 	0.585486 	-0.004711 	-1.40785 	0.221214 	
5.4	0.313239 	-0.179366 	0.58548 	-0.00471249 	-1.40799 	0.221187 	
5.405	0.313225 	-0.179382 	0.585481 	-0.00473703 	-1.40815 	0.221184 	
5.41	0.313206 	-0.179399 	0.585475 	-0.00473728 	-1.40829 	0.221156 	
5.415	0.313192 	-0.179414 	0.585476 	-0.00476175 	-1.40846 	0.221154 	
5.42	0.313173 	-0.179431 	0.585469 	-0.00476085 	-1.40859 	0.221124 	
5.425	0.31316 	-0.179447 	0.58547 	-0.00478537 	-1.40876 	0.221123 	
5.43	0.313141 	-0.179464 	0.585461 	-0.00477298 	-1.40888 	0.22108 	
