0	0.0490075 	0.0219193 	-2.01088 	0.262299 	0.529812 	-0.011542 	
0.005	0.0490075 	0.0219193 	-2.01088 	0.262299 	0.529812 	-0.011542 	
0.01	0.0490075 	0.0219151 	-2.01088 	0.262299 	0.529812 	-0.0115417 	
0.015	0.0490075 	0.0219095 	-2.01087 	0.262299 	0.529814 	-0.0115414 	
0.02	0.0490075 	0.0219017 	-2.01087 	0.2623 	0.529815 	-0.0115408 	
0.025	0.0490075 	0.0218915 	-2.01086 	0.2623 	0.529817 	-0.0115402 	
0.03	0.0490075 	0.0218791 	-2.01085 	0.2623 	0.52982 	-0.0115394 	
0.035	0.0490075 	0.0218643 	-2.01084 	0.262301 	0.529823 	-0.0115384 	
0.04	0.0490075 	0.0218473 	-2.01083 	0.262301 	0.529827 	-0.0115373 	
0.045	0.0490075 	0.0218279 	-2.01081 	0.262302 	0.529831 	-0.0115361 	
0.05	0.0490075 	0.0218062 	-2.01079 	0.262303 	0.529835 	-0.0115347 	
0.055	0.0490075 	0.0217822 	-2.01077 	0.262304 	0.52984 	-0.0115331 	
0.06	0.0490076 	0.0217559 	-2.01075 	0.262304 	0.529846 	-0.0115314 	
0.065	0.0490076 	0.0217273 	-2.01073 	0.262305 	0.529852 	-0.0115296 	
0.07	0.0490076 	0.0216964 	-2.01071 	0.262306 	0.529858 	-0.0115276 	
0.075	0.0490076 	0.0216632 	-2.01068 	0.262307 	0.529865 	-0.0115255 	
0.08	0.0490076 	0.0216277 	-2.01065 	0.262309 	0.529873 	-0.0115232 	
0.085	0.0490077 	0.0215899 	-2.01062 	0.26231 	0.52988 	-0.0115208 	
0.09	0.0490077 	0.0215458 	-2.01059 	0.262311 	0.52989 	-0.0115179 	
0.095	0.0490077 	0.0215032 	-2.01056 	0.262313 	0.529899 	-0.0115152 	
0.1	0.0490078 	0.0214583 	-2.01052 	0.262314 	0.529908 	-0.0115123 	
0.105	0.0490078 	0.0214111 	-2.01048 	0.262316 	0.529918 	-0.0115093 	
0.11	0.0490078 	0.0213616 	-2.01044 	0.262317 	0.529928 	-0.0115061 	
0.115	0.0490079 	0.0213098 	-2.0104 	0.262319 	0.529939 	-0.0115028 	
0.12	0.0490079 	0.0212557 	-2.01036 	0.262321 	0.52995 	-0.0114993 	
0.125	0.049008 	0.0211994 	-2.01032 	0.262323 	0.529962 	-0.0114957 	
0.13	0.049008 	0.0211407 	-2.01027 	0.262325 	0.529974 	-0.011492 	
0.135	0.0490081 	0.0210798 	-2.01022 	0.262326 	0.529987 	-0.0114881 	
0.14	0.0490081 	0.0210167 	-2.01017 	0.262329 	0.53 	-0.0114841 	
0.145	0.0490082 	0.0209512 	-2.01012 	0.262331 	0.530014 	-0.0114799 	
0.15	0.0490083 	0.0208835 	-2.01007 	0.262333 	0.530028 	-0.0114756 	
0.155	0.0490084 	0.0208135 	-2.01001 	0.262335 	0.530042 	-0.0114711 	
0.16	0.0491108 	0.0205167 	-2.01014 	0.262434 	0.53164 	-0.0108284 	
0.165	0.0491109 	0.0204421 	-2.01008 	0.262436 	0.531655 	-0.0108236 	
0.17	0.049111 	0.0203653 	-2.01002 	0.262439 	0.531671 	-0.0108188 	
0.175	0.0491111 	0.0202863 	-2.00996 	0.262441 	0.531688 	-0.0108138 	
0.18	0.0491112 	0.020205 	-2.00989 	0.262444 	0.531704 	-0.0108086 	
0.185	0.0491113 	0.0201215 	-2.00983 	0.262446 	0.531722 	-0.0108034 	
0.19	0.0491114 	0.0200357 	-2.00976 	0.262449 	0.531739 	-0.010798 	
0.195	0.0491115 	0.0199477 	-2.00969 	0.262452 	0.531758 	-0.0107924 	
0.2	0.0491117 	0.0198574 	-2.00962 	0.262455 	0.531776 	-0.0107867 	
0.205	0.0491118 	0.0197649 	-2.00955 	0.262458 	0.531796 	-0.0107809 	
0.21	0.049112 	0.0196702 	-2.00947 	0.262461 	0.531815 	-0.010775 	
0.215	0.0491121 	0.0195733 	-2.0094 	0.262464 	0.531835 	-0.0107689 	
0.22	0.0492141 	0.0192526 	-2.0095 	0.262568 	0.533414 	-0.0101323 	
0.225	0.0492143 	0.0191512 	-2.00942 	0.262571 	0.533435 	-0.0101259 	
0.23	0.0492144 	0.0190476 	-2.00933 	0.262575 	0.533456 	-0.0101195 	
0.235	0.0492146 	0.0189418 	-2.00925 	0.262578 	0.533478 	-0.0101129 	
0.24	0.0492148 	0.0188338 	-2.00917 	0.262582 	0.5335 	-0.0101062 	
0.245	0.0492151 	0.0187236 	-2.00908 	0.262585 	0.533523 	-0.0100993 	
0.25	0.0492153 	0.0186112 	-2.00899 	0.262589 	0.533546 	-0.0100924 	
0.255	0.0492155 	0.0184966 	-2.0089 	0.262593 	0.53357 	-0.0100853 	
0.26	0.0492158 	0.0183798 	-2.00881 	0.262596 	0.533594 	-0.0100781 	
0.265	0.0492161 	0.0182608 	-2.00871 	0.2626 	0.533618 	-0.0100708 	
0.27	0.0493253 	0.0179047 	-2.0088 	0.262717 	0.535294 	-0.00939344 	
0.275	0.0493255 	0.0177813 	-2.00871 	0.262721 	0.535319 	-0.00938587 	
0.28	0.0493258 	0.0176558 	-2.00861 	0.262725 	0.535345 	-0.00937818 	
0.285	0.0493261 	0.0175282 	-2.00851 	0.262729 	0.535371 	-0.00937038 	
0.29	0.0493265 	0.0173984 	-2.00841 	0.262734 	0.535398 	-0.00936247 	
0.295	0.0493268 	0.0172664 	-2.0083 	0.262738 	0.535424 	-0.00935444 	
0.3	0.0493272 	0.0171323 	-2.0082 	0.262742 	0.535452 	-0.0093463 	
0.305	0.0493276 	0.0169961 	-2.00809 	0.262746 	0.535479 	-0.00933805 	
0.31	0.0494327 	0.0166336 	-2.00815 	0.262865 	0.53708 	-0.00868994 	
0.315	0.0494331 	0.0164931 	-2.00804 	0.262869 	0.537109 	-0.00868145 	
0.32	0.0494335 	0.0163505 	-2.00793 	0.262874 	0.537137 	-0.00867287 	
0.325	0.0494339 	0.0162058 	-2.00782 	0.262878 	0.537167 	-0.00866417 	
0.33	0.0494344 	0.0160589 	-2.0077 	0.262883 	0.537196 	-0.00865537 	
0.335	0.0494349 	0.01591 	-2.00758 	0.262888 	0.537227 	-0.00864647 	
0.34	0.0494354 	0.0157589 	-2.00746 	0.262893 	0.537257 	-0.00863747 	
0.345	0.0495394 	0.0153861 	-2.00751 	0.263015 	0.538827 	-0.00800029 	
0.35	0.0495399 	0.0152309 	-2.00739 	0.26302 	0.538859 	-0.00799107 	
0.355	0.0495405 	0.0150736 	-2.00727 	0.263025 	0.53889 	-0.00798176 	
0.36	0.0495411 	0.0149142 	-2.00714 	0.26303 	0.538922 	-0.00797235 	
0.365	0.0495417 	0.0147527 	-2.00701 	0.263035 	0.538955 	-0.00796284 	
0.37	0.0495423 	0.0145892 	-2.00688 	0.26304 	0.538987 	-0.00795325 	
0.375	0.0495429 	0.0144237 	-2.00675 	0.263045 	0.539021 	-0.00794356 	
0.38	0.0496572 	0.0140169 	-2.0068 	0.263185 	0.540728 	-0.00724879 	
0.385	0.0496579 	0.0138473 	-2.00667 	0.26319 	0.540762 	-0.0072389 	
0.39	0.0496586 	0.0136756 	-2.00653 	0.263195 	0.540796 	-0.00722892 	
0.395	0.0496593 	0.0135019 	-2.00639 	0.263201 	0.540831 	-0.00721886 	
0.4	0.0496601 	0.0133262 	-2.00625 	0.263206 	0.540866 	-0.00720872 	
0.405	0.0496609 	0.0131485 	-2.00611 	0.263212 	0.540901 	-0.00719849 	
0.41	0.0497699 	0.012743 	-2.00614 	0.26335 	0.542515 	-0.00654055 	
0.415	0.0497707 	0.0125613 	-2.006 	0.263356 	0.54255 	-0.00653014 	
0.42	0.0497716 	0.0123776 	-2.00585 	0.263362 	0.542587 	-0.00651965 	
0.425	0.0497725 	0.0121919 	-2.0057 	0.263368 	0.542623 	-0.00650909 	
0.43	0.0497734 	0.0120042 	-2.00556 	0.263373 	0.54266 	-0.00649845 	
0.435	0.0497743 	0.0118146 	-2.0054 	0.263379 	0.542698 	-0.00648774 	
0.44	0.0498906 	0.0113845 	-2.00543 	0.263532 	0.544401 	-0.00579135 	
0.445	0.0498916 	0.0111909 	-2.00528 	0.263538 	0.544439 	-0.00578047 	
0.45	0.0498926 	0.0109955 	-2.00512 	0.263544 	0.544477 	-0.00576953 	
0.455	0.0498937 	0.0107981 	-2.00497 	0.26355 	0.544516 	-0.00575852 	
0.46	0.0498948 	0.0105988 	-2.00481 	0.263556 	0.544555 	-0.00574744 	
0.465	0.0498959 	0.0103975 	-2.00465 	0.263563 	0.544594 	-0.0057363 	
0.47	0.0500208 	0.00994062 	-2.00468 	0.263732 	0.546403 	-0.00499442 	
0.475	0.0500219 	0.00973555 	-2.00451 	0.263738 	0.546443 	-0.00498313 	
0.48	0.0500232 	0.00952862 	-2.00435 	0.263745 	0.546483 	-0.00497179 	
0.485	0.0500244 	0.00931982 	-2.00418 	0.263751 	0.546523 	-0.00496039 	
0.49	0.0500257 	0.00910914 	-2.00401 	0.263758 	0.546564 	-0.00494893 	
0.495	0.0501389 	0.00866919 	-2.00401 	0.263917 	0.548188 	-0.00428132 	
0.5	0.0501403 	0.00845476 	-2.00384 	0.263923 	0.54823 	-0.00426974 	
0.505	0.0501417 	0.00823851 	-2.00367 	0.26393 	0.548271 	-0.0042581 	
0.51	0.0501431 	0.00802043 	-2.00349 	0.263937 	0.548313 	-0.00424642 	
0.515	0.0501446 	0.00780053 	-2.00332 	0.263943 	0.548355 	-0.00423469 	
0.52	0.0502621 	0.00734472 	-2.00331 	0.264113 	0.550026 	-0.00354639 	
0.525	0.0502637 	0.00712116 	-2.00313 	0.26412 	0.550068 	-0.00353454 	
0.53	0.0502653 	0.00689582 	-2.00295 	0.264127 	0.550111 	-0.00352266 	
0.535	0.0502669 	0.00666869 	-2.00277 	0.264134 	0.550155 	-0.00351073 	
0.54	0.0502686 	0.00643978 	-2.00259 	0.264141 	0.550198 	-0.00349877 	
0.545	0.0503922 	0.00596524 	-2.00258 	0.264324 	0.551935 	-0.00278057 	
0.55	0.050394 	0.00573276 	-2.0024 	0.264332 	0.551979 	-0.00276851 	
0.555	0.0503957 	0.00549856 	-2.00221 	0.264339 	0.552024 	-0.00275642 	
0.56	0.0503976 	0.00526262 	-2.00202 	0.264346 	0.552068 	-0.00274429 	
0.565	0.0503995 	0.00502495 	-2.00182 	0.264353 	0.552113 	-0.00273214 	
0.57	0.0505294 	0.00453179 	-2.00182 	0.264551 	0.553918 	-0.00198352 	
0.575	0.0505314 	0.00429064 	-2.00162 	0.264558 	0.553963 	-0.00197129 	
0.58	0.0505334 	0.00404783 	-2.00143 	0.264566 	0.554009 	-0.00195903 	
0.585	0.0505354 	0.00380332 	-2.00123 	0.264573 	0.554054 	-0.00194675 	
0.59	0.0505375 	0.00355713 	-2.00103 	0.26458 	0.5541 	-0.00193444 	
0.595	0.0506738 	0.0030458 	-2.00103 	0.264794 	0.555971 	-0.00115577 	
0.6	0.050676 	0.00279623 	-2.00082 	0.264802 	0.556017 	-0.0011434 	
0.605	0.0506782 	0.00254505 	-2.00062 	0.264809 	0.556064 	-0.00113102 	
0.61	0.0506805 	0.00229223 	-2.00041 	0.264817 	0.556111 	-0.00111862 	
0.615	0.0507974 	0.00181482 	-2.00037 	0.265005 	0.5577 	-0.000456172 	
0.62	0.0507997 	0.00155872 	-2.00016 	0.265013 	0.557747 	-0.000443729 	
0.625	0.0508022 	0.00130104 	-1.99995 	0.26502 	0.557794 	-0.000431278 	
0.63	0.0508046 	0.00104175 	-1.99974 	0.265028 	0.557842 	-0.000418822 	
0.635	0.0509233 	0.000556639 	-1.99969 	0.265223 	0.559439 	0.000248666 	
0.64	0.0509258 	0.000294161 	-1.99948 	0.265231 	0.559487 	0.000261155 	
0.645	0.0509284 	3.01428e-05 	-1.99927 	0.265239 	0.559535 	0.000273646 	
0.65	0.0509311 	-0.00023543 	-1.99905 	0.265246 	0.559583 	0.000286135 	
0.655	0.0510537 	-0.000732132 	-1.999 	0.265452 	0.561216 	0.000970657 	
0.66	0.0510564 	-0.00100081 	-1.99878 	0.26546 	0.561265 	0.000983166 	
0.665	0.0510593 	-0.00127099 	-1.99856 	0.265468 	0.561314 	0.000995669 	
0.67	0.0510622 	-0.00154268 	-1.99834 	0.265476 	0.561363 	0.00100816 	
0.675	0.0511889 	-0.00205107 	-1.99828 	0.265693 	0.563033 	0.00171068 	
0.68	0.0511918 	-0.00232578 	-1.99806 	0.265701 	0.563082 	0.00172318 	
0.685	0.0511949 	-0.00260194 	-1.99783 	0.265709 	0.563132 	0.00173566 	
0.69	0.051198 	-0.00287956 	-1.99761 	0.265717 	0.563181 	0.00174814 	
0.695	0.0513289 	-0.00339937 	-1.99755 	0.265946 	0.564889 	0.00246847 	
0.7	0.0513321 	-0.00367992 	-1.99732 	0.265954 	0.564938 	0.00248094 	
0.705	0.0513354 	-0.00396187 	-1.99709 	0.265962 	0.564988 	0.00249338 	
0.71	0.0513387 	-0.00424524 	-1.99686 	0.26597 	0.565038 	0.0025058 	
0.715	0.0514738 	-0.00477614 	-1.9968 	0.26621 	0.566781 	0.00324368 	
0.72	0.0514772 	-0.00506235 	-1.99656 	0.266219 	0.566831 	0.00325608 	
0.725	0.0514808 	-0.00534991 	-1.99632 	0.266227 	0.566882 	0.00326845 	
0.73	0.0514843 	-0.00563885 	-1.99609 	0.266235 	0.566932 	0.0032808 	
0.735	0.0516236 	-0.0061805 	-1.99603 	0.266488 	0.56871 	0.0040359 	
0.74	0.0516273 	-0.00647218 	-1.99579 	0.266496 	0.56876 	0.00404821 	
0.745	0.051631 	-0.00676516 	-1.99554 	0.266504 	0.568811 	0.00406049 	
0.75	0.0516349 	-0.00705946 	-1.9953 	0.266512 	0.568862 	0.00407273 	
0.755	0.0517783 	-0.00761152 	-1.99524 	0.266778 	0.570673 	0.00484474 	
0.76	0.0517823 	-0.00790847 	-1.99499 	0.266786 	0.570724 	0.00485694 	
0.765	0.0517863 	-0.00820668 	-1.99475 	0.266794 	0.570775 	0.00486909 	
0.77	0.0517903 	-0.00850616 	-1.9945 	0.266803 	0.570826 	0.0048812 	
0.775	0.051938 	-0.00906828 	-1.99443 	0.267081 	0.572669 	0.0056698 	
0.78	0.0519422 	-0.00937031 	-1.99418 	0.267089 	0.57272 	0.00568185 	
0.785	0.0519465 	-0.00967355 	-1.99393 	0.267097 	0.572771 	0.00569385 	
0.79	0.0519508 	-0.00997801 	-1.99368 	0.267106 	0.572823 	0.0057058 	
0.795	0.0521027 	-0.0105498 	-1.99361 	0.267397 	0.574696 	0.00651064 	
0.8	0.0521071 	-0.0108567 	-1.99335 	0.267406 	0.574748 	0.00652252 	
0.805	0.0521116 	-0.0111648 	-1.9931 	0.267414 	0.5748 	0.00653435 	
0.81	0.0521162 	-0.011474 	-1.99284 	0.267422 	0.574851 	0.00654612 	
0.815	0.0522723 	-0.0120552 	-1.99277 	0.267727 	0.576754 	0.00736685 	
0.82	0.052277 	-0.0123668 	-1.99251 	0.267735 	0.576806 	0.00737853 	
0.825	0.0522818 	-0.0126794 	-1.99225 	0.267744 	0.576858 	0.00739016 	
0.83	0.0522867 	-0.0129933 	-1.99199 	0.267752 	0.57691 	0.00740172 	
0.835	0.0524469 	-0.0135833 	-1.99191 	0.26807 	0.57884 	0.00823798 	
0.84	0.0524519 	-0.0138994 	-1.99165 	0.268079 	0.578892 	0.00824945 	
0.845	0.052457 	-0.0142165 	-1.99138 	0.268087 	0.578944 	0.00826085 	
0.85	0.0524621 	-0.0145347 	-1.99112 	0.268095 	0.578996 	0.00827218 	
0.855	0.0526265 	-0.0151333 	-1.99104 	0.268428 	0.580954 	0.00912361 	
0.86	0.0526318 	-0.0154537 	-1.99077 	0.268436 	0.581006 	0.00913483 	
0.865	0.0526371 	-0.015775 	-1.9905 	0.268444 	0.581058 	0.00914598 	
0.87	0.0526425 	-0.0160973 	-1.99023 	0.268453 	0.58111 	0.00915705 	
0.875	0.0528111 	-0.0167042 	-1.99015 	0.268799 	0.583093 	0.0100233 	
0.88	0.0528166 	-0.0170285 	-1.98988 	0.268807 	0.583145 	0.0100342 	
0.885	0.0528222 	-0.0173539 	-1.9896 	0.268816 	0.583197 	0.0100451 	
0.89	0.052957 	-0.0179024 	-1.98948 	0.269096 	0.584761 	0.0107287 	
0.895	0.0529627 	-0.0182297 	-1.9892 	0.269104 	0.584813 	0.0107395 	
0.9	0.0529685 	-0.0185579 	-1.98893 	0.269112 	0.584865 	0.0107501 	
0.905	0.0529744 	-0.018887 	-1.98865 	0.269121 	0.584917 	0.0107607 	
0.91	0.0531465 	-0.0195008 	-1.98856 	0.269484 	0.586897 	0.0116323 	
0.915	0.0531525 	-0.0198317 	-1.98828 	0.269492 	0.586949 	0.0116427 	
0.92	0.0531586 	-0.0201636 	-1.988 	0.2695 	0.587001 	0.011653 	
0.925	0.0532987 	-0.0207228 	-1.98787 	0.269799 	0.588592 	0.0123535 	
0.93	0.0533049 	-0.0210564 	-1.98758 	0.269807 	0.588643 	0.0123636 	
0.935	0.0533112 	-0.0213908 	-1.9873 	0.269816 	0.588695 	0.0123737 	
0.94	0.0534501 	-0.0219486 	-1.98716 	0.270115 	0.590257 	0.0130635 	
0.945	0.0534565 	-0.0222847 	-1.98688 	0.270123 	0.590308 	0.0130734 	
0.95	0.053463 	-0.0226215 	-1.98659 	0.270131 	0.59036 	0.0130833 	
0.955	0.0536039 	-0.023183 	-1.98645 	0.270438 	0.591929 	0.0137784 	
0.96	0.0536105 	-0.0235214 	-1.98616 	0.270446 	0.59198 	0.0137881 	
0.965	0.0536172 	-0.0238606 	-1.98588 	0.270454 	0.592032 	0.0137977 	
0.97	0.0537604 	-0.0244261 	-1.98573 	0.270769 	0.59361 	0.0144997 	
0.975	0.0537672 	-0.0247668 	-1.98544 	0.270777 	0.593661 	0.0145091 	
0.98	0.0537742 	-0.0251082 	-1.98515 	0.270785 	0.593713 	0.0145184 	
0.985	0.0539196 	-0.0256774 	-1.985 	0.271109 	0.595301 	0.0152274 	
0.99	0.0539266 	-0.0260203 	-1.98471 	0.271117 	0.595352 	0.0152365 	
0.995	0.0539338 	-0.0263637 	-1.98442 	0.271125 	0.595403 	0.0152455 	
1	0.0540814 	-0.0269366 	-1.98427 	0.271456 	0.597 	0.0159611 	
1.005	0.0540887 	-0.0272814 	-1.98398 	0.271464 	0.597051 	0.0159699 	
1.01	0.0540961 	-0.0276269 	-1.98368 	0.271472 	0.597102 	0.0159786 	
1.015	0.054246 	-0.0282032 	-1.98353 	0.271812 	0.598707 	0.0167008 	
1.02	0.0542535 	-0.0285499 	-1.98323 	0.27182 	0.598758 	0.0167092 	
1.025	0.0542611 	-0.0288971 	-1.98294 	0.271828 	0.598808 	0.0167176 	
1.03	0.0544132 	-0.0294766 	-1.98278 	0.272176 	0.600422 	0.0174461 	
1.035	0.0544209 	-0.029825 	-1.98248 	0.272184 	0.600472 	0.0174543 	
1.04	0.0544287 	-0.030174 	-1.98218 	0.272192 	0.600522 	0.0174623 	
1.045	0.054583 	-0.0307565 	-1.98203 	0.272548 	0.602143 	0.0181969 	
1.05	0.0545909 	-0.0311065 	-1.98173 	0.272556 	0.602193 	0.0182047 	
1.055	0.0545989 	-0.0314571 	-1.98143 	0.272564 	0.602242 	0.0182124 	
1.06	0.0547553 	-0.0320423 	-1.98127 	0.272929 	0.60387 	0.0189529 	
1.065	0.0547635 	-0.0323939 	-1.98096 	0.272936 	0.603919 	0.0189604 	
1.07	0.0547717 	-0.0327458 	-1.98066 	0.272944 	0.603969 	0.0189678 	
1.075	0.0549302 	-0.0333336 	-1.9805 	0.273317 	0.605602 	0.0197139 	
1.08	0.0549386 	-0.0336865 	-1.9802 	0.273325 	0.605651 	0.019721 	
1.085	0.054947 	-0.0340398 	-1.97989 	0.273332 	0.6057 	0.0197281 	
1.09	0.0551076 	-0.03463 	-1.97973 	0.273714 	0.607339 	0.0204797 	
1.095	0.0551162 	-0.0349841 	-1.97942 	0.273721 	0.607387 	0.0204865 	
1.1	0.0551248 	-0.0353386 	-1.97912 	0.273729 	0.607436 	0.0204932 	
1.105	0.0552875 	-0.0359308 	-1.97895 	0.274118 	0.60908 	0.02125 	
1.11	0.0552963 	-0.0362861 	-1.97864 	0.274126 	0.609128 	0.0212565 	
1.115	0.0553051 	-0.0366416 	-1.97833 	0.274133 	0.609176 	0.0212628 	
1.12	0.0554698 	-0.0372357 	-1.97817 	0.274531 	0.610823 	0.0220246 	
1.125	0.0554788 	-0.037592 	-1.97786 	0.274538 	0.610871 	0.0220307 	
1.13	0.0554878 	-0.0379484 	-1.97755 	0.274545 	0.610918 	0.0220367 	
1.135	0.0556545 	-0.0385442 	-1.97738 	0.274951 	0.61257 	0.0228033 	
1.14	0.0556636 	-0.0389013 	-1.97707 	0.274958 	0.612617 	0.022809 	
1.145	0.0556729 	-0.0392586 	-1.97676 	0.274966 	0.612664 	0.0228146 	
1.15	0.0558415 	-0.0398559 	-1.97658 	0.275379 	0.614318 	0.0235858 	
1.155	0.0558508 	-0.0402136 	-1.97627 	0.275386 	0.614364 	0.0235912 	
1.16	0.0558603 	-0.0405716 	-1.97596 	0.275394 	0.614411 	0.0235964 	
1.165	0.0560307 	-0.0411701 	-1.97579 	0.275815 	0.616067 	0.0243719 	
1.17	0.0560403 	-0.0415285 	-1.97547 	0.275822 	0.616113 	0.0243769 	
1.175	0.05605 	-0.041887 	-1.97516 	0.275829 	0.616159 	0.0243817 	
1.18	0.0562222 	-0.0424865 	-1.97498 	0.276259 	0.617817 	0.0251613 	
1.185	0.056232 	-0.0428453 	-1.97467 	0.276266 	0.617862 	0.0251659 	
1.19	0.0562419 	-0.0432043 	-1.97436 	0.276272 	0.617908 	0.0251704 	
1.195	0.0564159 	-0.0438045 	-1.97418 	0.27671 	0.619566 	0.0259538 	
1.2	0.0564259 	-0.0441637 	-1.97386 	0.276717 	0.619611 	0.025958 	
1.205	0.0564359 	-0.0445229 	-1.97355 	0.276723 	0.619656 	0.0259621 	
1.21	0.0566117 	-0.0451237 	-1.97337 	0.277168 	0.621315 	0.0267492 	
1.215	0.0566218 	-0.0454831 	-1.97305 	0.277175 	0.62136 	0.026753 	
1.22	0.0566321 	-0.0458425 	-1.97273 	0.277181 	0.621404 	0.0267566 	
1.225	0.0568095 	-0.0464437 	-1.97255 	0.277634 	0.623063 	0.027547 	
1.23	0.0568199 	-0.0468031 	-1.97224 	0.27764 	0.623106 	0.0275505 	
1.235	0.0568303 	-0.0471626 	-1.97192 	0.277647 	0.62315 	0.0275537 	
1.24	0.0570093 	-0.0477638 	-1.97174 	0.278107 	0.624808 	0.0283472 	
1.245	0.0570198 	-0.0481233 	-1.97142 	0.278113 	0.624851 	0.0283503 	
1.25	0.0570304 	-0.0484826 	-1.9711 	0.278119 	0.624894 	0.0283531 	
1.255	0.0572111 	-0.0490838 	-1.97092 	0.278587 	0.62655 	0.0291495 	
1.26	0.0572218 	-0.049443 	-1.9706 	0.278593 	0.626593 	0.0291521 	
1.265	0.0572325 	-0.0498021 	-1.97028 	0.278599 	0.626635 	0.0291546 	
1.27	0.0574146 	-0.0504029 	-1.97009 	0.279073 	0.628289 	0.0299535 	
1.275	0.0574255 	-0.0507619 	-1.96978 	0.279079 	0.628331 	0.0299558 	
1.28	0.0574364 	-0.0511206 	-1.96946 	0.279085 	0.628372 	0.0299578 	
1.285	0.05762 	-0.0517209 	-1.96927 	0.279566 	0.630024 	0.0307591 	
1.29	0.057631 	-0.0520794 	-1.96895 	0.279572 	0.630065 	0.0307609 	
1.295	0.0576421 	-0.0524377 	-1.96863 	0.279578 	0.630106 	0.0307626 	
1.3	0.0578271 	-0.0530372 	-1.96844 	0.280066 	0.631754 	0.0315659 	
1.305	0.0578383 	-0.0533952 	-1.96812 	0.280072 	0.631794 	0.0315674 	
1.31	0.0578495 	-0.0537528 	-1.9678 	0.280078 	0.631835 	0.0315686 	
1.315	0.0580358 	-0.0543514 	-1.96761 	0.280572 	0.633479 	0.0323737 	
1.32	0.0580471 	-0.0547086 	-1.96729 	0.280578 	0.633519 	0.0323748 	
1.325	0.0580585 	-0.0550656 	-1.96697 	0.280583 	0.633558 	0.0323756 	
1.33	0.058246 	-0.0556629 	-1.96678 	0.281084 	0.635198 	0.0331823 	
1.335	0.0582575 	-0.0560193 	-1.96646 	0.28109 	0.635237 	0.0331829 	
1.34	0.0582691 	-0.0563754 	-1.96614 	0.281095 	0.635275 	0.0331834 	
1.345	0.0584577 	-0.0569713 	-1.96595 	0.281602 	0.63691 	0.0339912 	
1.35	0.0584693 	-0.0573268 	-1.96563 	0.281608 	0.636948 	0.0339914 	
1.355	0.058481 	-0.0576819 	-1.96531 	0.281613 	0.636986 	0.0339915 	
1.36	0.0586708 	-0.0582762 	-1.96512 	0.282126 	0.638615 	0.0348003 	
1.365	0.0586826 	-0.0586306 	-1.9648 	0.282131 	0.638652 	0.0348002 	
1.37	0.0586944 	-0.0589846 	-1.96448 	0.282136 	0.63869 	0.0347998 	
1.375	0.0588852 	-0.059577 	-1.96429 	0.282655 	0.640312 	0.0356093 	
1.38	0.0588971 	-0.0599303 	-1.96397 	0.28266 	0.640349 	0.0356087 	
1.385	0.058909 	-0.060283 	-1.96365 	0.282665 	0.640386 	0.0356081 	
1.39	0.0591007 	-0.0608734 	-1.96345 	0.28319 	0.642001 	0.0364179 	
1.395	0.0591128 	-0.0612253 	-1.96313 	0.283194 	0.642037 	0.0364169 	
1.4	0.0591248 	-0.0615767 	-1.96282 	0.283199 	0.642073 	0.0364159 	
1.405	0.0593174 	-0.0621647 	-1.96262 	0.283729 	0.643681 	0.0372258 	
1.41	0.0593296 	-0.0625152 	-1.9623 	0.283734 	0.643716 	0.0372244 	
1.415	0.0593417 	-0.0628652 	-1.96199 	0.283738 	0.643751 	0.037223 	
1.42	0.0595351 	-0.0634507 	-1.96179 	0.284273 	0.645351 	0.0380327 	
1.425	0.0595474 	-0.0637996 	-1.96147 	0.284278 	0.645386 	0.038031 	
1.43	0.0595597 	-0.064148 	-1.96115 	0.284282 	0.64542 	0.0380291 	
1.435	0.0597537 	-0.0647308 	-1.96095 	0.284822 	0.647011 	0.0388383 	
1.44	0.0597661 	-0.0650781 	-1.96064 	0.284826 	0.647045 	0.0388363 	
1.445	0.0597785 	-0.0654247 	-1.96032 	0.28483 	0.647079 	0.038834 	
1.45	0.0599732 	-0.0660046 	-1.96012 	0.285375 	0.648661 	0.0396424 	
1.455	0.0599856 	-0.06635 	-1.95981 	0.285379 	0.648694 	0.03964 	
1.46	0.0599981 	-0.0666948 	-1.9595 	0.285382 	0.648727 	0.0396374 	
1.465	0.0601933 	-0.0672716 	-1.95929 	0.285931 	0.650299 	0.0404447 	
1.47	0.0602058 	-0.0676151 	-1.95898 	0.285935 	0.650331 	0.0404419 	
1.475	0.0602184 	-0.067958 	-1.95867 	0.285939 	0.650363 	0.0404389 	
1.48	0.0604141 	-0.0685314 	-1.95847 	0.286492 	0.651925 	0.0412448 	
1.485	0.0604267 	-0.0688729 	-1.95815 	0.286495 	0.651957 	0.0412416 	
1.49	0.0604394 	-0.0692137 	-1.95784 	0.286499 	0.651988 	0.0412383 	
1.495	0.0606354 	-0.0697836 	-1.95764 	0.287055 	0.653539 	0.0420424 	
1.5	0.060648 	-0.0701229 	-1.95733 	0.287059 	0.65357 	0.0420389 	
1.505	0.0606608 	-0.0704615 	-1.95702 	0.287062 	0.6536 	0.0420353 	
1.51	0.060857 	-0.0710276 	-1.95682 	0.287622 	0.65514 	0.0428374 	
1.515	0.0608698 	-0.0713647 	-1.95651 	0.287625 	0.65517 	0.0428335 	
1.52	0.0608826 	-0.0717009 	-1.9562 	0.287628 	0.6552 	0.0428295 	
1.525	0.061079 	-0.0722632 	-1.956 	0.288191 	0.656728 	0.0436292 	
1.53	0.0610918 	-0.0725978 	-1.95569 	0.288195 	0.656757 	0.043625 	
1.535	0.0611047 	-0.0729317 	-1.95538 	0.288198 	0.656786 	0.0436207 	
1.54	0.0613012 	-0.0734897 	-1.95518 	0.288763 	0.658301 	0.0444178 	
1.545	0.061314 	-0.0738219 	-1.95487 	0.288766 	0.65833 	0.0444133 	
1.55	0.0613269 	-0.0741532 	-1.95457 	0.288769 	0.658358 	0.0444086 	
1.555	0.0615234 	-0.0747069 	-1.95437 	0.289337 	0.65986 	0.0452027 	
1.56	0.0615363 	-0.0750365 	-1.95406 	0.28934 	0.659888 	0.0451979 	
1.565	0.0615493 	-0.0753651 	-1.95376 	0.289343 	0.659916 	0.0451929 	
1.57	0.0617456 	-0.0759143 	-1.95355 	0.289913 	0.661405 	0.0459837 	
1.575	0.0617586 	-0.0762412 	-1.95325 	0.289916 	0.661432 	0.0459786 	
1.58	0.0617715 	-0.0765671 	-1.95295 	0.289918 	0.661458 	0.0459733 	
1.585	0.0619677 	-0.0771115 	-1.95275 	0.290491 	0.662934 	0.0467604 	
1.59	0.0619806 	-0.0774355 	-1.95245 	0.290493 	0.66296 	0.046755 	
1.595	0.0619936 	-0.0777585 	-1.95215 	0.290495 	0.662986 	0.0467494 	
1.6	0.0621894 	-0.0782981 	-1.95195 	0.291069 	0.664447 	0.0475326 	
1.605	0.0622024 	-0.0786191 	-1.95165 	0.291071 	0.664472 	0.0475269 	
1.61	0.0622154 	-0.0789392 	-1.95135 	0.291073 	0.664497 	0.0475211 	
1.615	0.0624108 	-0.0794736 	-1.95115 	0.291648 	0.665943 	0.0483 	
1.62	0.0624238 	-0.0797916 	-1.95085 	0.29165 	0.665968 	0.048294 	
1.625	0.0624368 	-0.0801085 	-1.95056 	0.291652 	0.665992 	0.0482879 	
1.63	0.0624498 	-0.0804244 	-1.95026 	0.291654 	0.666017 	0.0482817 	
1.635	0.062699 	-0.081016 	-1.95009 	0.292401 	0.667865 	0.0492884 	
1.64	0.062712 	-0.0813298 	-1.9498 	0.292403 	0.667889 	0.0492821 	
1.645	0.062725 	-0.0816424 	-1.94951 	0.292405 	0.667913 	0.0492756 	
1.65	0.0629245 	-0.0821707 	-1.94931 	0.292998 	0.669364 	0.0500672 	
1.655	0.0629375 	-0.0824811 	-1.94902 	0.293 	0.669387 	0.0500606 	
1.66	0.0629505 	-0.0827904 	-1.94873 	0.293002 	0.66941 	0.0500539 	
1.665	0.0629635 	-0.0830986 	-1.94844 	0.293003 	0.669433 	0.0500471 	
1.67	0.0632111 	-0.0836761 	-1.94827 	0.293752 	0.671237 	0.0510407 	
1.675	0.063224 	-0.083982 	-1.94798 	0.293754 	0.671259 	0.0510337 	
1.68	0.0632369 	-0.0842867 	-1.9477 	0.293755 	0.671281 	0.0510267 	
1.685	0.0632499 	-0.0845902 	-1.94741 	0.293757 	0.671303 	0.0510196 	
1.69	0.0635009 	-0.0851644 	-1.94724 	0.294521 	0.673115 	0.0520246 	
1.695	0.0635138 	-0.0854656 	-1.94696 	0.294522 	0.673136 	0.0520174 	
1.7	0.0635267 	-0.0857655 	-1.94668 	0.294523 	0.673157 	0.0520101 	
1.705	0.0635396 	-0.0860641 	-1.9464 	0.294525 	0.673178 	0.0520027 	
1.71	0.0637894 	-0.0866296 	-1.94623 	0.295289 	0.674963 	0.0529989 	
1.715	0.0638022 	-0.0869258 	-1.94595 	0.29529 	0.674983 	0.0529914 	
1.72	0.063815 	-0.0872207 	-1.94567 	0.295291 	0.675003 	0.0529838 	
1.725	0.0638278 	-0.0875144 	-1.9454 	0.295292 	0.675023 	0.0529762 	
1.73	0.0640756 	-0.0880702 	-1.94523 	0.296053 	0.676777 	0.0539608 	
1.735	0.0640883 	-0.0883613 	-1.94495 	0.296054 	0.676796 	0.0539531 	
1.74	0.0641011 	-0.0886511 	-1.94468 	0.296055 	0.676816 	0.0539453 	
1.745	0.0641138 	-0.0889395 	-1.94441 	0.296056 	0.676834 	0.0539374 	
1.75	0.0643592 	-0.0894854 	-1.94424 	0.296814 	0.678556 	0.0549095 	
1.755	0.0643719 	-0.0897712 	-1.94397 	0.296814 	0.678574 	0.0549015 	
1.76	0.0643845 	-0.0900556 	-1.9437 	0.296815 	0.678592 	0.0548935 	
1.765	0.0643971 	-0.0903387 	-1.94343 	0.296815 	0.67861 	0.0548854 	
1.77	0.06464 	-0.0908742 	-1.94327 	0.297569 	0.680298 	0.0558442 	
1.775	0.0646525 	-0.0911546 	-1.943 	0.297569 	0.680315 	0.055836 	
1.78	0.0646651 	-0.0914336 	-1.94274 	0.29757 	0.680332 	0.0558278 	
1.785	0.0646776 	-0.0917111 	-1.94248 	0.29757 	0.68035 	0.0558195 	
1.79	0.0649176 	-0.092236 	-1.94231 	0.298318 	0.682002 	0.0567641 	
1.795	0.0649301 	-0.0925107 	-1.94205 	0.298318 	0.682019 	0.0567558 	
1.8	0.0649425 	-0.0927841 	-1.94179 	0.298318 	0.682035 	0.0567474 	
1.805	0.0649548 	-0.0930559 	-1.94153 	0.298319 	0.682052 	0.0567389 	
1.81	0.0651918 	-0.0935698 	-1.94137 	0.29906 	0.683669 	0.0576686 	
1.815	0.0652041 	-0.0938388 	-1.94111 	0.29906 	0.683685 	0.0576601 	
1.82	0.0652164 	-0.0941063 	-1.94086 	0.29906 	0.6837 	0.0576516 	
1.825	0.0652286 	-0.0943724 	-1.94061 	0.29906 	0.683716 	0.057643 	
1.83	0.0654623 	-0.094875 	-1.94044 	0.299794 	0.685296 	0.058557 	
1.835	0.0654744 	-0.0951381 	-1.94019 	0.299794 	0.685312 	0.0585484 	
1.84	0.0654865 	-0.0953996 	-1.93994 	0.299794 	0.685326 	0.0585397 	
1.845	0.0654986 	-0.0956596 	-1.9397 	0.299794 	0.685341 	0.058531 	
1.85	0.0657287 	-0.0961507 	-1.93954 	0.300519 	0.686885 	0.0594286 	
1.855	0.0657407 	-0.0964077 	-1.93929 	0.300519 	0.686899 	0.0594198 	
1.86	0.0657526 	-0.0966631 	-1.93905 	0.300519 	0.686913 	0.059411 	
1.865	0.0657645 	-0.096917 	-1.9388 	0.300519 	0.686927 	0.0594022 	
1.87	0.0659909 	-0.0973963 	-1.93865 	0.301235 	0.688432 	0.0602826 	
1.875	0.0660026 	-0.097647 	-1.93841 	0.301235 	0.688446 	0.0602738 	
1.88	0.0660143 	-0.0978962 	-1.93817 	0.301234 	0.688459 	0.0602649 	
1.885	0.066026 	-0.0981438 	-1.93793 	0.301234 	0.688472 	0.0602561 	
1.89	0.0662484 	-0.0986109 	-1.93778 	0.30194 	0.689939 	0.0611185 	
1.895	0.0662599 	-0.0988553 	-1.93754 	0.301939 	0.689952 	0.0611096 	
1.9	0.0662715 	-0.0990981 	-1.93731 	0.301939 	0.689964 	0.0611007 	
1.905	0.0662829 	-0.0993392 	-1.93708 	0.301938 	0.689977 	0.0610918 	
1.91	0.066501 	-0.099794 	-1.93693 	0.302633 	0.691404 	0.0619355 	
1.915	0.0665124 	-0.100032 	-1.9367 	0.302632 	0.691416 	0.0619265 	
1.92	0.0665237 	-0.100268 	-1.93647 	0.302632 	0.691428 	0.0619176 	
1.925	0.0665349 	-0.100503 	-1.93625 	0.302631 	0.69144 	0.0619087 	
1.93	0.0667485 	-0.100945 	-1.9361 	0.303314 	0.692827 	0.0627329 	
1.935	0.0667596 	-0.101176 	-1.93587 	0.303313 	0.692838 	0.062724 	
1.94	0.0667706 	-0.101406 	-1.93565 	0.303312 	0.692849 	0.0627151 	
1.945	0.0667817 	-0.101634 	-1.93543 	0.303312 	0.69286 	0.0627062 	
1.95	0.0667926 	-0.10186 	-1.93522 	0.303311 	0.692871 	0.0626973 	
1.955	0.067045 	-0.102332 	-1.93509 	0.304129 	0.694511 	0.0636804 	
1.96	0.0670558 	-0.102555 	-1.93487 	0.304128 	0.694521 	0.0636715 	
1.965	0.0670666 	-0.102776 	-1.93466 	0.304127 	0.694532 	0.0636626 	
1.97	0.0670773 	-0.102995 	-1.93445 	0.304126 	0.694542 	0.0636538 	
1.975	0.0670879 	-0.103213 	-1.93424 	0.304125 	0.694552 	0.0636449 	
1.98	0.0673373 	-0.103671 	-1.93411 	0.304937 	0.696158 	0.0646145 	
1.985	0.0673477 	-0.103885 	-1.93391 	0.304936 	0.696168 	0.0646057 	
1.99	0.0673581 	-0.104098 	-1.9337 	0.304935 	0.696178 	0.0645969 	
1.995	0.0673685 	-0.104308 	-1.9335 	0.304934 	0.696187 	0.0645882 	
2	0.0673788 	-0.104517 	-1.93329 	0.304933 	0.696196 	0.0645794 	
2.005	0.0676204 	-0.104957 	-1.93317 	0.305722 	0.69774 	0.0655167 	
2.01	0.0676305 	-0.105162 	-1.93298 	0.305721 	0.697749 	0.0655081 	
2.015	0.0676406 	-0.105366 	-1.93278 	0.30572 	0.697758 	0.0654994 	
2.02	0.0676506 	-0.105567 	-1.93258 	0.305719 	0.697766 	0.0654908 	
2.025	0.0676605 	-0.105767 	-1.93239 	0.305718 	0.697775 	0.0654822 	
2.03	0.0678936 	-0.106188 	-1.93227 	0.306482 	0.699251 	0.066384 	
2.035	0.0679033 	-0.106385 	-1.93208 	0.306481 	0.69926 	0.0663755 	
2.04	0.067913 	-0.106579 	-1.93189 	0.30648 	0.699268 	0.066367 	
2.045	0.0679226 	-0.106771 	-1.93171 	0.306479 	0.699276 	0.0663586 	
2.05	0.0679322 	-0.106962 	-1.93152 	0.306478 	0.699284 	0.0663501 	
2.055	0.0681562 	-0.107364 	-1.93141 	0.307215 	0.700692 	0.0672151 	
2.06	0.0681655 	-0.10755 	-1.93123 	0.307214 	0.700699 	0.0672068 	
2.065	0.0681748 	-0.107735 	-1.93105 	0.307212 	0.700707 	0.0671985 	
2.07	0.068184 	-0.107919 	-1.93087 	0.307211 	0.700714 	0.0671902 	
2.075	0.0681932 	-0.1081 	-1.93069 	0.30721 	0.700721 	0.067182 	
2.08	0.0682022 	-0.108279 	-1.93052 	0.307209 	0.700728 	0.0671739 	
2.085	0.0684524 	-0.108694 	-1.93042 	0.30804 	0.702298 	0.0681456 	
2.09	0.0684613 	-0.10887 	-1.93025 	0.308039 	0.702305 	0.0681376 	
2.095	0.0684701 	-0.109044 	-1.93008 	0.308038 	0.702312 	0.0681296 	
2.1	0.0684788 	-0.109215 	-1.92992 	0.308037 	0.702318 	0.0681216 	
2.105	0.0684875 	-0.109385 	-1.92975 	0.308036 	0.702325 	0.0681137 	
2.11	0.068496 	-0.109553 	-1.92959 	0.308034 	0.702331 	0.0681058 	
2.115	0.0687361 	-0.109945 	-1.9295 	0.308836 	0.703825 	0.0690371 	
2.12	0.0687445 	-0.110109 	-1.92934 	0.308834 	0.703832 	0.0690294 	
2.125	0.0687527 	-0.110272 	-1.92918 	0.308833 	0.703837 	0.0690217 	
2.13	0.0687609 	-0.110432 	-1.92902 	0.308832 	0.703843 	0.0690141 	
2.135	0.068769 	-0.11059 	-1.92887 	0.308831 	0.703849 	0.0690065 	
2.14	0.068777 	-0.110746 	-1.92872 	0.308829 	0.703855 	0.0689991 	
2.145	0.0690028 	-0.111112 	-1.92863 	0.309585 	0.705249 	0.0698729 	
2.15	0.0690106 	-0.111264 	-1.92848 	0.309584 	0.705254 	0.0698656 	
2.155	0.0690183 	-0.111414 	-1.92834 	0.309583 	0.70526 	0.0698583 	
2.16	0.069026 	-0.111563 	-1.92819 	0.309582 	0.705265 	0.0698511 	
2.165	0.0690335 	-0.111709 	-1.92805 	0.30958 	0.70527 	0.069844 	
2.17	0.069041 	-0.111853 	-1.92791 	0.309579 	0.705275 	0.0698369 	
2.175	0.0690483 	-0.111996 	-1.92777 	0.309578 	0.70528 	0.0698299 	
2.18	0.0692875 	-0.112359 	-1.9277 	0.310385 	0.706752 	0.0707593 	
2.185	0.0692946 	-0.112498 	-1.92756 	0.310384 	0.706757 	0.0707525 	
2.19	0.0693017 	-0.112634 	-1.92743 	0.310383 	0.706762 	0.0707457 	
2.195	0.0693087 	-0.112769 	-1.9273 	0.310382 	0.706766 	0.070739 	
2.2	0.0693155 	-0.112901 	-1.92717 	0.31038 	0.70677 	0.0707324 	
2.205	0.0693223 	-0.113031 	-1.92704 	0.310379 	0.706775 	0.0707259 	
2.21	0.069329 	-0.113159 	-1.92692 	0.310378 	0.706779 	0.0707195 	
2.215	0.06955 	-0.113491 	-1.92685 	0.311127 	0.70813 	0.0715773 	
2.22	0.0695564 	-0.113615 	-1.92673 	0.311126 	0.708134 	0.071571 	
2.225	0.0695628 	-0.113737 	-1.92661 	0.311125 	0.708138 	0.0715648 	
2.23	0.0695691 	-0.113857 	-1.9265 	0.311124 	0.708141 	0.0715587 	
2.235	0.0695752 	-0.113975 	-1.92638 	0.311122 	0.708145 	0.0715527 	
2.24	0.0695813 	-0.114091 	-1.92627 	0.311121 	0.708149 	0.0715468 	
2.245	0.0695873 	-0.114205 	-1.92615 	0.31112 	0.708152 	0.0715409 	
2.25	0.0695931 	-0.114317 	-1.92604 	0.311119 	0.708156 	0.0715352 	
2.255	0.0698148 	-0.114632 	-1.926 	0.311875 	0.709506 	0.0723979 	
2.26	0.0698204 	-0.114739 	-1.92589 	0.311874 	0.709509 	0.0723924 	
2.265	0.069826 	-0.114845 	-1.92579 	0.311873 	0.709512 	0.0723869 	
2.27	0.0698314 	-0.114949 	-1.92569 	0.311872 	0.709515 	0.0723815 	
2.275	0.0698367 	-0.11505 	-1.92559 	0.311871 	0.709518 	0.0723762 	
2.28	0.069842 	-0.11515 	-1.92549 	0.31187 	0.709521 	0.0723711 	
2.285	0.0698471 	-0.115247 	-1.92539 	0.311869 	0.709524 	0.072366 	
2.29	0.0698521 	-0.115342 	-1.9253 	0.311868 	0.709527 	0.072361 	
2.295	0.069857 	-0.115436 	-1.92521 	0.311867 	0.70953 	0.0723561 	
2.3	0.0698619 	-0.115527 	-1.92512 	0.311866 	0.709533 	0.0723513 	
2.305	0.0700937 	-0.11583 	-1.92509 	0.312665 	0.710941 	0.0732587 	
2.31	0.0700983 	-0.115916 	-1.92501 	0.312664 	0.710944 	0.0732541 	
2.315	0.0701028 	-0.116001 	-1.92492 	0.312663 	0.710946 	0.0732497 	
2.32	0.0701071 	-0.116084 	-1.92484 	0.312662 	0.710949 	0.0732453 	
2.325	0.0701114 	-0.116164 	-1.92476 	0.312661 	0.710951 	0.073241 	
2.33	0.0701155 	-0.116243 	-1.92469 	0.31266 	0.710953 	0.0732368 	
2.335	0.0701196 	-0.116319 	-1.92461 	0.312659 	0.710956 	0.0732328 	
2.34	0.0701235 	-0.116393 	-1.92454 	0.312659 	0.710958 	0.0732288 	
2.345	0.0701273 	-0.116466 	-1.92447 	0.312658 	0.71096 	0.0732249 	
2.35	0.0701311 	-0.116536 	-1.9244 	0.312657 	0.710962 	0.0732212 	
2.355	0.0701347 	-0.116603 	-1.92433 	0.312656 	0.710964 	0.0732176 	
2.36	0.0701382 	-0.116669 	-1.92427 	0.312656 	0.710965 	0.073214 	
2.365	0.0701415 	-0.116733 	-1.9242 	0.312655 	0.710967 	0.0732106 	
2.37	0.0703703 	-0.117005 	-1.9242 	0.31345 	0.712354 	0.0741111 	
2.375	0.0703734 	-0.117064 	-1.92415 	0.313449 	0.712356 	0.0741079 	
2.38	0.0703765 	-0.117121 	-1.92409 	0.313449 	0.712358 	0.0741048 	
2.385	0.0703794 	-0.117176 	-1.92403 	0.313448 	0.712359 	0.0741018 	
2.39	0.0703822 	-0.117229 	-1.92398 	0.313447 	0.71236 	0.074099 	
2.395	0.0703849 	-0.11728 	-1.92393 	0.313447 	0.712362 	0.0740962 	
2.4	0.0703875 	-0.117329 	-1.92388 	0.313446 	0.712363 	0.0740936 	
2.405	0.07039 	-0.117375 	-1.92384 	0.313446 	0.712364 	0.0740911 	
2.41	0.0703923 	-0.117419 	-1.92379 	0.313445 	0.712366 	0.0740886 	
2.415	0.0703946 	-0.117461 	-1.92375 	0.313445 	0.712367 	0.0740863 	
2.42	0.0703967 	-0.117501 	-1.92371 	0.313444 	0.712368 	0.0740842 	
2.425	0.0703985 	-0.117536 	-1.92368 	0.313444 	0.712369 	0.0740823 	
2.43	0.0704006 	-0.117575 	-1.92364 	0.313443 	0.71237 	0.0740802 	
2.435	0.0704023 	-0.117605 	-1.92361 	0.313443 	0.712371 	0.0740785 	
2.44	0.0704039 	-0.117637 	-1.92358 	0.313443 	0.712371 	0.0740768 	
2.445	0.0704055 	-0.117666 	-1.92355 	0.313442 	0.712372 	0.0740752 	
2.45	0.070407 	-0.117693 	-1.92352 	0.313442 	0.712373 	0.0740737 	
2.455	0.0704083 	-0.117718 	-1.9235 	0.313442 	0.712374 	0.0740723 	
2.46	0.0704095 	-0.117741 	-1.92348 	0.313442 	0.712374 	0.074071 	
2.465	0.0704106 	-0.117762 	-1.92346 	0.313441 	0.712375 	0.0740699 	
2.47	0.0704116 	-0.117781 	-1.92344 	0.313441 	0.712375 	0.0740689 	
2.475	0.0704125 	-0.117797 	-1.92342 	0.313441 	0.712376 	0.074068 	
2.48	0.0704133 	-0.117812 	-1.92341 	0.313441 	0.712376 	0.0740672 	
2.485	0.0704139 	-0.117824 	-1.9234 	0.313441 	0.712376 	0.0740665 	
2.49	0.0704145 	-0.117834 	-1.92339 	0.31344 	0.712377 	0.074066 	
2.495	0.0704149 	-0.117842 	-1.92338 	0.31344 	0.712377 	0.0740655 	
2.5	0.0704152 	-0.117847 	-1.92337 	0.31344 	0.712377 	0.0740652 	
2.505	0.0704152 	-0.117847 	-1.92337 	0.31344 	0.712377 	0.0740652 	
2.51	0.0704154 	-0.117852 	-1.92337 	0.31344 	0.712377 	0.074065 	
2.515	0.0704154 	-0.117852 	-1.92337 	0.31344 	0.712377 	0.074065 	
2.52	0.0704149 	-0.117853 	-1.92336 	0.313439 	0.712373 	0.074064 	
2.525	0.0704141 	-0.117855 	-1.92335 	0.313438 	0.712368 	0.0740626 	
2.53	0.0704131 	-0.117858 	-1.92334 	0.313436 	0.71236 	0.0740607 	
2.535	0.0704117 	-0.117861 	-1.92333 	0.313434 	0.712351 	0.0740583 	
2.54	0.07041 	-0.117865 	-1.92332 	0.313431 	0.712339 	0.0740553 	
2.545	0.070408 	-0.117869 	-1.9233 	0.313428 	0.712325 	0.0740517 	
2.55	0.0704057 	-0.117874 	-1.92328 	0.313424 	0.712308 	0.0740476 	
2.555	0.0705995 	-0.118054 	-1.9233 	0.314125 	0.713447 	0.0751427 	
2.56	0.0705966 	-0.118061 	-1.92327 	0.314121 	0.713426 	0.0751374 	
2.565	0.0705933 	-0.118068 	-1.92324 	0.314115 	0.713403 	0.0751316 	
2.57	0.0705898 	-0.118076 	-1.92321 	0.31411 	0.713378 	0.0751252 	
2.575	0.0705859 	-0.118085 	-1.92317 	0.314103 	0.713351 	0.0751183 	
2.58	0.0705817 	-0.118094 	-1.92313 	0.314096 	0.713321 	0.0751108 	
2.585	0.0705772 	-0.118105 	-1.92309 	0.314089 	0.71329 	0.0751028 	
2.59	0.0705724 	-0.118115 	-1.92305 	0.314081 	0.713256 	0.0750942 	
2.595	0.0705667 	-0.118128 	-1.92299 	0.314072 	0.713216 	0.0750842 	
2.6	0.0705612 	-0.118141 	-1.92294 	0.314063 	0.713178 	0.0750744 	
2.605	0.0705555 	-0.118154 	-1.92289 	0.314054 	0.713137 	0.0750641 	
2.61	0.0705494 	-0.118167 	-1.92283 	0.314044 	0.713094 	0.0750533 	
2.615	0.0705398 	-0.118141 	-1.92276 	0.314068 	0.712838 	0.0764502 	
2.62	0.0705331 	-0.118156 	-1.9227 	0.314057 	0.712791 	0.0764383 	
2.625	0.0705261 	-0.118172 	-1.92263 	0.314045 	0.712742 	0.0764258 	
2.63	0.0705188 	-0.118189 	-1.92257 	0.314034 	0.71269 	0.0764127 	
2.635	0.0705112 	-0.118206 	-1.92249 	0.314021 	0.712636 	0.0763991 	
2.64	0.0705032 	-0.118224 	-1.92242 	0.314008 	0.71258 	0.076385 	
2.645	0.070495 	-0.118242 	-1.92234 	0.313995 	0.712522 	0.0763703 	
2.65	0.0704643 	-0.118203 	-1.92225 	0.313949 	0.712131 	0.0777277 	
2.655	0.0704554 	-0.118223 	-1.92216 	0.313934 	0.712069 	0.0777119 	
2.66	0.0704463 	-0.118243 	-1.92208 	0.31392 	0.712004 	0.0776956 	
2.665	0.0704368 	-0.118265 	-1.92199 	0.313904 	0.711938 	0.0776787 	
2.67	0.0704271 	-0.118287 	-1.9219 	0.313889 	0.711869 	0.0776613 	
2.675	0.070417 	-0.11831 	-1.9218 	0.313872 	0.711798 	0.0776434 	
2.68	0.0703809 	-0.118268 	-1.92169 	0.313814 	0.711357 	0.0790932 	
2.685	0.0703702 	-0.118292 	-1.92159 	0.313797 	0.711282 	0.0790742 	
2.69	0.0703592 	-0.118317 	-1.92149 	0.313779 	0.711205 	0.0790547 	
2.695	0.070348 	-0.118343 	-1.92138 	0.313761 	0.711125 	0.0790346 	
2.7	0.0703364 	-0.118369 	-1.92127 	0.313742 	0.711044 	0.079014 	
2.705	0.0702989 	-0.118332 	-1.92114 	0.313681 	0.710596 	0.0804407 	
2.71	0.0702868 	-0.11836 	-1.92103 	0.313661 	0.71051 	0.080419 	
2.715	0.0702743 	-0.118388 	-1.92091 	0.313641 	0.710422 	0.0803968 	
2.72	0.0702616 	-0.118417 	-1.92079 	0.313621 	0.710332 	0.0803741 	
2.725	0.0702254 	-0.118389 	-1.92065 	0.313562 	0.709911 	0.0816606 	
2.73	0.0702121 	-0.118419 	-1.92053 	0.31354 	0.709817 	0.0816368 	
2.735	0.0701984 	-0.11845 	-1.9204 	0.313518 	0.70972 	0.0816126 	
2.74	0.0701845 	-0.118482 	-1.92027 	0.313496 	0.709622 	0.0815878 	
2.745	0.0701455 	-0.118452 	-1.92012 	0.313432 	0.709168 	0.0829675 	
2.75	0.070131 	-0.118486 	-1.91998 	0.313409 	0.709066 	0.0829417 	
2.755	0.0701162 	-0.11852 	-1.91984 	0.313385 	0.708961 	0.0829153 	
2.76	0.0701012 	-0.118554 	-1.9197 	0.313361 	0.708855 	0.0828885 	
2.765	0.0700589 	-0.118522 	-1.91954 	0.313292 	0.708363 	0.0843836 	
2.77	0.0700433 	-0.118558 	-1.91939 	0.313267 	0.708253 	0.0843557 	
2.775	0.0700274 	-0.118595 	-1.91924 	0.313242 	0.70814 	0.0843273 	
2.78	0.069989 	-0.118576 	-1.91907 	0.313179 	0.707709 	0.085557 	
2.785	0.0699725 	-0.118614 	-1.91892 	0.313153 	0.707592 	0.0855277 	
2.79	0.0699557 	-0.118653 	-1.91876 	0.313126 	0.707474 	0.0854978 	
2.795	0.0699159 	-0.118635 	-1.91858 	0.313061 	0.707028 	0.086759 	
2.8	0.0698986 	-0.118675 	-1.91842 	0.313033 	0.706905 	0.0867281 	
2.805	0.069881 	-0.118716 	-1.91825 	0.313005 	0.706781 	0.0866968 	
2.81	0.0698393 	-0.118697 	-1.91806 	0.312938 	0.706314 	0.0880184 	
2.815	0.0698212 	-0.11874 	-1.91789 	0.312909 	0.706185 	0.0879861 	
2.82	0.0698028 	-0.118782 	-1.91772 	0.312879 	0.706055 	0.0879533 	
2.825	0.0697592 	-0.118763 	-1.91752 	0.312809 	0.705565 	0.0893376 	
2.83	0.0697402 	-0.118807 	-1.91734 	0.312778 	0.705431 	0.0893039 	
2.835	0.069721 	-0.118852 	-1.91716 	0.312747 	0.705295 	0.0892696 	
2.84	0.0696755 	-0.118832 	-1.91696 	0.312674 	0.704784 	0.0907162 	
2.845	0.0696557 	-0.118878 	-1.91677 	0.312642 	0.704643 	0.090681 	
2.85	0.0696358 	-0.118925 	-1.91658 	0.31261 	0.704501 	0.0906453 	
2.855	0.0695883 	-0.118905 	-1.91637 	0.312534 	0.703969 	0.0921534 	
2.86	0.0695678 	-0.118953 	-1.91617 	0.312501 	0.703823 	0.0921168 	
2.865	0.069547 	-0.119002 	-1.91597 	0.312468 	0.703675 	0.0920797 	
2.87	0.0694978 	-0.11898 	-1.91575 	0.312388 	0.703121 	0.0936484 	
2.875	0.0694765 	-0.119031 	-1.91555 	0.312354 	0.702969 	0.0936104 	
2.88	0.069455 	-0.119082 	-1.91534 	0.31232 	0.702816 	0.093572 	
2.885	0.0694039 	-0.119059 	-1.91512 	0.312238 	0.702241 	0.0952005 	
2.89	0.0693818 	-0.119112 	-1.9149 	0.312202 	0.702084 	0.0951611 	
2.895	0.0693596 	-0.119165 	-1.91469 	0.312167 	0.701925 	0.0951213 	
2.9	0.0693067 	-0.119142 	-1.91445 	0.312082 	0.70133 	0.0968087 	
2.905	0.0692839 	-0.119196 	-1.91424 	0.312046 	0.701167 	0.096768 	
2.91	0.0692391 	-0.119196 	-1.914 	0.311974 	0.70069 	0.0979697 	
2.915	0.0692158 	-0.119252 	-1.91378 	0.311936 	0.700524 	0.0979282 	
2.92	0.0691923 	-0.119308 	-1.91355 	0.311899 	0.700356 	0.0978862 	
2.925	0.0691375 	-0.119287 	-1.9133 	0.311811 	0.69974 	0.0996172 	
2.93	0.0691135 	-0.119344 	-1.91307 	0.311773 	0.699569 	0.0995744 	
2.935	0.0690664 	-0.119345 	-1.91282 	0.311698 	0.699067 	0.100837 	
2.94	0.069042 	-0.119404 	-1.91259 	0.311659 	0.698892 	0.100793 	
2.945	0.0689949 	-0.119407 	-1.91233 	0.311583 	0.698393 	0.10203 	
2.95	0.06897 	-0.119467 	-1.91209 	0.311544 	0.698214 	0.101986 	
2.955	0.0689221 	-0.11947 	-1.91183 	0.311467 	0.697707 	0.103242 	
2.96	0.0688967 	-0.119532 	-1.91159 	0.311427 	0.697525 	0.103197 	
2.965	0.068848 	-0.119535 	-1.91132 	0.311349 	0.697008 	0.104477 	
2.97	0.0688221 	-0.119598 	-1.91107 	0.311308 	0.696823 	0.104431 	
2.975	0.0687725 	-0.119602 	-1.91081 	0.311229 	0.696296 	0.105734 	
2.98	0.0687463 	-0.119666 	-1.91055 	0.311188 	0.696108 	0.105687 	
2.985	0.0686959 	-0.11967 	-1.91028 	0.311107 	0.695572 	0.107013 	
2.99	0.0686692 	-0.119735 	-1.91002 	0.311065 	0.69538 	0.106966 	
2.995	0.0686179 	-0.11974 	-1.90974 	0.310983 	0.694835 	0.108315 	
3	0.0685908 	-0.119806 	-1.90948 	0.31094 	0.69464 	0.108266 	
3.005	0.0685388 	-0.119811 	-1.90919 	0.310858 	0.694086 	0.109638 	
3.01	0.0685113 	-0.119879 	-1.90893 	0.310814 	0.693888 	0.109589 	
3.015	0.0684584 	-0.119884 	-1.90864 	0.31073 	0.693325 	0.110983 	
3.02	0.0684305 	-0.119953 	-1.90836 	0.310686 	0.693123 	0.110933 	
3.025	0.0683768 	-0.119958 	-1.90807 	0.310601 	0.692552 	0.112349 	
3.03	0.0683485 	-0.120028 	-1.9078 	0.310556 	0.692347 	0.112298 	
3.035	0.0682941 	-0.120034 	-1.9075 	0.31047 	0.691767 	0.113735 	
3.04	0.0682654 	-0.120105 	-1.90722 	0.310425 	0.691559 	0.113684 	
3.045	0.0682103 	-0.120111 	-1.90691 	0.310338 	0.690971 	0.115142 	
3.05	0.0681812 	-0.120184 	-1.90663 	0.310292 	0.69076 	0.11509 	
3.055	0.0681253 	-0.12019 	-1.90632 	0.310204 	0.690163 	0.11657 	
3.06	0.0680958 	-0.120264 	-1.90603 	0.310157 	0.68995 	0.116517 	
3.065	0.0680392 	-0.120271 	-1.90572 	0.310068 	0.689344 	0.118016 	
3.07	0.0680094 	-0.120346 	-1.90543 	0.310021 	0.689128 	0.117963 	
3.075	0.0679521 	-0.120353 	-1.90511 	0.30993 	0.688514 	0.119483 	
3.08	0.067922 	-0.120429 	-1.90482 	0.309883 	0.688295 	0.119429 	
3.085	0.067864 	-0.120436 	-1.9045 	0.309792 	0.687674 	0.120968 	
3.09	0.0678335 	-0.120513 	-1.90419 	0.309744 	0.687452 	0.120913 	
3.095	0.0677748 	-0.120521 	-1.90387 	0.309651 	0.686823 	0.122472 	
3.1	0.067744 	-0.1206 	-1.90357 	0.309603 	0.686598 	0.122416 	
3.105	0.0676846 	-0.120608 	-1.90324 	0.30951 	0.685962 	0.123994 	
3.11	0.0676535 	-0.120687 	-1.90293 	0.309461 	0.685734 	0.123938 	
3.115	0.0675935 	-0.120696 	-1.9026 	0.309367 	0.68509 	0.125534 	
3.12	0.067562 	-0.120776 	-1.90228 	0.309317 	0.68486 	0.125477 	
3.125	0.0675015 	-0.120785 	-1.90195 	0.309222 	0.684209 	0.127092 	
3.13	0.0674697 	-0.120867 	-1.90163 	0.309173 	0.683977 	0.127034 	
3.135	0.0674085 	-0.120876 	-1.90129 	0.309077 	0.683318 	0.128666 	
3.14	0.0673764 	-0.120959 	-1.90097 	0.309026 	0.683083 	0.128609 	
3.145	0.0673147 	-0.120969 	-1.90062 	0.30893 	0.682418 	0.130258 	
3.15	0.0672823 	-0.121053 	-1.9003 	0.308879 	0.68218 	0.130199 	
3.155	0.06722 	-0.121063 	-1.89995 	0.308782 	0.681508 	0.131865 	
3.16	0.0671873 	-0.121148 	-1.89963 	0.308731 	0.681268 	0.131807 	
3.165	0.0671244 	-0.121158 	-1.89927 	0.308633 	0.68059 	0.133489 	
3.17	0.0670915 	-0.121245 	-1.89894 	0.308581 	0.680347 	0.13343 	
3.175	0.0670281 	-0.121255 	-1.89859 	0.308483 	0.679662 	0.135128 	
3.18	0.0669949 	-0.121343 	-1.89825 	0.308431 	0.679418 	0.135069 	
3.185	0.066931 	-0.121354 	-1.89789 	0.308332 	0.678726 	0.136783 	
3.19	0.0668975 	-0.121442 	-1.89756 	0.308279 	0.67848 	0.136723 	
3.195	0.0668331 	-0.121454 	-1.89719 	0.308179 	0.677782 	0.138452 	
3.2	0.0667994 	-0.121543 	-1.89685 	0.308127 	0.677533 	0.138391 	
3.205	0.0667345 	-0.121555 	-1.89649 	0.308026 	0.67683 	0.140136 	
3.21	0.0667006 	-0.121645 	-1.89614 	0.307973 	0.676579 	0.140074 	
3.215	0.0666353 	-0.121658 	-1.89577 	0.307872 	0.675869 	0.141833 	
3.22	0.0666011 	-0.121749 	-1.89543 	0.307819 	0.675616 	0.141771 	
3.225	0.0665353 	-0.121762 	-1.89505 	0.307717 	0.674902 	0.143544 	
3.23	0.0665009 	-0.121854 	-1.8947 	0.307664 	0.674647 	0.143482 	
3.235	0.0664347 	-0.121868 	-1.89433 	0.307561 	0.673926 	0.145268 	
3.24	0.0664001 	-0.121961 	-1.89398 	0.307508 	0.67367 	0.145206 	
3.245	0.0663335 	-0.121975 	-1.8936 	0.307405 	0.672944 	0.147005 	
3.25	0.0662988 	-0.122069 	-1.89324 	0.307351 	0.672685 	0.146942 	
3.255	0.0662318 	-0.122084 	-1.89286 	0.307248 	0.671955 	0.148753 	
3.26	0.0661968 	-0.122179 	-1.8925 	0.307193 	0.671695 	0.14869 	
3.265	0.0661294 	-0.122193 	-1.89212 	0.30709 	0.670959 	0.150514 	
3.27	0.0660943 	-0.122289 	-1.89176 	0.307035 	0.670697 	0.150451 	
3.275	0.0660266 	-0.122305 	-1.89137 	0.306931 	0.669957 	0.152286 	
3.28	0.0659913 	-0.122401 	-1.89101 	0.306876 	0.669693 	0.152222 	
3.285	0.0659232 	-0.122417 	-1.89061 	0.306772 	0.668948 	0.154069 	
3.29	0.0658877 	-0.122515 	-1.89025 	0.306717 	0.668683 	0.154005 	
3.295	0.0658194 	-0.122531 	-1.88986 	0.306612 	0.667934 	0.155862 	
3.3	0.0657838 	-0.12263 	-1.88949 	0.306557 	0.667667 	0.155798 	
3.305	0.0657151 	-0.122646 	-1.88909 	0.306452 	0.666914 	0.157666 	
3.31	0.0656794 	-0.122746 	-1.88872 	0.306397 	0.666646 	0.157601 	
3.315	0.0656104 	-0.122763 	-1.88832 	0.306292 	0.665889 	0.159478 	
3.32	0.0655745 	-0.122863 	-1.88795 	0.306236 	0.665619 	0.159413 	
3.325	0.0655054 	-0.122881 	-1.88755 	0.306131 	0.664858 	0.1613 	
3.33	0.0654694 	-0.122982 	-1.88718 	0.306075 	0.664587 	0.161235 	
3.335	0.0653999 	-0.123 	-1.88677 	0.305969 	0.663823 	0.163131 	
3.34	0.0653638 	-0.123102 	-1.8864 	0.305914 	0.663551 	0.163065 	
3.345	0.0652942 	-0.12312 	-1.88599 	0.305808 	0.662783 	0.16497 	
3.35	0.065258 	-0.123223 	-1.88561 	0.305752 	0.66251 	0.164904 	
3.355	0.0651881 	-0.123242 	-1.8852 	0.305646 	0.661739 	0.166817 	
3.36	0.0651518 	-0.123345 	-1.88482 	0.30559 	0.661464 	0.166751 	
3.365	0.0650818 	-0.123365 	-1.88441 	0.305484 	0.66069 	0.168671 	
3.37	0.0650454 	-0.123469 	-1.88403 	0.305428 	0.660415 	0.168604 	
3.375	0.0649752 	-0.123489 	-1.88362 	0.305321 	0.659638 	0.170531 	
3.38	0.0649388 	-0.123593 	-1.88324 	0.305265 	0.659361 	0.170465 	
3.385	0.0648684 	-0.123614 	-1.88282 	0.305159 	0.658582 	0.172398 	
3.39	0.0648319 	-0.123719 	-1.88244 	0.305103 	0.658304 	0.172332 	
3.395	0.0647614 	-0.12374 	-1.88202 	0.304996 	0.657523 	0.174271 	
3.4	0.0647249 	-0.123846 	-1.88164 	0.30494 	0.657244 	0.174205 	
3.405	0.0646543 	-0.123868 	-1.88122 	0.304834 	0.65646 	0.17615 	
3.41	0.0646177 	-0.123974 	-1.88083 	0.304777 	0.656181 	0.176083 	
3.415	0.064547 	-0.123996 	-1.88041 	0.304671 	0.655395 	0.178033 	
3.42	0.0645104 	-0.124103 	-1.88002 	0.304615 	0.655115 	0.177966 	
3.425	0.0644397 	-0.124126 	-1.8796 	0.304508 	0.654327 	0.179921 	
3.43	0.064403 	-0.124233 	-1.87921 	0.304452 	0.654047 	0.179854 	
3.435	0.0643322 	-0.124256 	-1.87879 	0.304346 	0.653258 	0.181813 	
3.44	0.0642956 	-0.124364 	-1.8784 	0.30429 	0.652977 	0.181746 	
3.445	0.0642247 	-0.124388 	-1.87798 	0.304183 	0.652186 	0.183709 	
3.45	0.0641881 	-0.124496 	-1.87759 	0.304127 	0.651904 	0.183641 	
3.455	0.0641172 	-0.12452 	-1.87716 	0.304021 	0.651112 	0.185607 	
3.46	0.0640806 	-0.124629 	-1.87677 	0.303965 	0.65083 	0.18554 	
3.465	0.0640097 	-0.124654 	-1.87635 	0.303859 	0.650037 	0.187508 	
3.47	0.0639731 	-0.124763 	-1.87595 	0.303803 	0.649755 	0.187441 	
3.475	0.0639023 	-0.124788 	-1.87553 	0.303697 	0.64896 	0.189412 	
3.48	0.0638657 	-0.124898 	-1.87513 	0.303641 	0.648678 	0.189344 	
3.485	0.0637949 	-0.124923 	-1.8747 	0.303536 	0.647883 	0.191316 	
3.49	0.0637583 	-0.125034 	-1.87431 	0.30348 	0.6476 	0.191249 	
3.495	0.0636876 	-0.12506 	-1.87388 	0.303374 	0.646805 	0.193223 	
3.5	0.0636511 	-0.12517 	-1.87348 	0.303319 	0.646522 	0.193155 	
3.505	0.0635804 	-0.125197 	-1.87306 	0.303214 	0.645727 	0.195129 	
3.51	0.063544 	-0.125307 	-1.87266 	0.303158 	0.645444 	0.195062 	
3.515	0.0634733 	-0.125334 	-1.87223 	0.303053 	0.644648 	0.197036 	
3.52	0.063437 	-0.125446 	-1.87184 	0.302998 	0.644365 	0.196969 	
3.525	0.0633665 	-0.125473 	-1.87141 	0.302893 	0.64357 	0.198943 	
3.53	0.0633302 	-0.125584 	-1.87101 	0.302838 	0.643287 	0.198876 	
3.535	0.0632598 	-0.125612 	-1.87058 	0.302734 	0.642492 	0.200849 	
3.54	0.0632236 	-0.125724 	-1.87018 	0.302678 	0.642209 	0.200782 	
3.545	0.0631534 	-0.125752 	-1.86976 	0.302574 	0.641415 	0.202754 	
3.55	0.0631173 	-0.125864 	-1.86936 	0.30252 	0.641132 	0.202687 	
3.555	0.0630472 	-0.125892 	-1.86893 	0.302416 	0.640338 	0.204657 	
3.56	0.0630112 	-0.126005 	-1.86853 	0.302361 	0.640056 	0.20459 	
3.565	0.0629413 	-0.126033 	-1.8681 	0.302258 	0.639263 	0.206558 	
3.57	0.0629054 	-0.126146 	-1.86771 	0.302204 	0.638981 	0.206491 	
3.575	0.0628357 	-0.126175 	-1.86728 	0.302101 	0.638189 	0.208457 	
3.58	0.0627999 	-0.126288 	-1.86688 	0.302046 	0.637908 	0.20839 	
3.585	0.0627304 	-0.126317 	-1.86645 	0.301944 	0.637118 	0.210352 	
3.59	0.0626948 	-0.12643 	-1.86606 	0.30189 	0.636837 	0.210285 	
3.595	0.0626255 	-0.12646 	-1.86563 	0.301788 	0.636048 	0.212244 	
3.6	0.06259 	-0.126573 	-1.86523 	0.301734 	0.635767 	0.212177 	
3.605	0.062521 	-0.126603 	-1.8648 	0.301633 	0.63498 	0.214131 	
3.61	0.0624856 	-0.126716 	-1.86441 	0.301579 	0.6347 	0.214065 	
3.615	0.0624169 	-0.126747 	-1.86398 	0.301479 	0.633915 	0.216014 	
3.62	0.0623817 	-0.12686 	-1.86359 	0.301425 	0.633636 	0.215948 	
3.625	0.0623132 	-0.126891 	-1.86316 	0.301325 	0.632853 	0.217892 	
3.63	0.0622782 	-0.127004 	-1.86277 	0.301272 	0.632575 	0.217827 	
3.635	0.0622099 	-0.127035 	-1.86234 	0.301172 	0.631794 	0.219765 	
3.64	0.0621751 	-0.127148 	-1.86195 	0.30112 	0.631516 	0.2197 	
3.645	0.0621072 	-0.127179 	-1.86152 	0.30102 	0.630738 	0.221632 	
3.65	0.0620726 	-0.127292 	-1.86113 	0.300968 	0.630461 	0.221567 	
3.655	0.062005 	-0.127324 	-1.86071 	0.300869 	0.629686 	0.223492 	
3.66	0.0619705 	-0.127437 	-1.86032 	0.300817 	0.62941 	0.223427 	
3.665	0.0619033 	-0.127469 	-1.85989 	0.300719 	0.628637 	0.225345 	
3.67	0.061869 	-0.127582 	-1.8595 	0.300668 	0.628363 	0.225281 	
3.675	0.0618021 	-0.127614 	-1.85908 	0.30057 	0.627593 	0.227191 	
3.68	0.0617681 	-0.127727 	-1.85869 	0.300519 	0.62732 	0.227127 	
3.685	0.0617016 	-0.127759 	-1.85828 	0.300422 	0.626553 	0.22903 	
3.69	0.0616677 	-0.127872 	-1.85789 	0.300371 	0.626281 	0.228966 	
3.695	0.0616016 	-0.127905 	-1.85747 	0.300275 	0.625518 	0.23086 	
3.7	0.061568 	-0.128017 	-1.85708 	0.300224 	0.625247 	0.230796 	
3.705	0.0615023 	-0.12805 	-1.85667 	0.300129 	0.624488 	0.232681 	
3.71	0.0614689 	-0.128162 	-1.85628 	0.300079 	0.624219 	0.232618 	
3.715	0.0614036 	-0.128195 	-1.85587 	0.299984 	0.623463 	0.234493 	
3.72	0.0613704 	-0.128307 	-1.85549 	0.299934 	0.623195 	0.23443 	
3.725	0.0613056 	-0.12834 	-1.85507 	0.299841 	0.622444 	0.236295 	
3.73	0.0612727 	-0.128451 	-1.85469 	0.299791 	0.622177 	0.236233 	
3.735	0.0612083 	-0.128485 	-1.85428 	0.299698 	0.62143 	0.238088 	
3.74	0.0611756 	-0.128596 	-1.8539 	0.299649 	0.621165 	0.238025 	
3.745	0.0611117 	-0.12863 	-1.85349 	0.299556 	0.620422 	0.239869 	
3.75	0.0610793 	-0.12874 	-1.85312 	0.299508 	0.620158 	0.239808 	
3.755	0.0610158 	-0.128775 	-1.85271 	0.299416 	0.61942 	0.24164 	
3.76	0.0609837 	-0.128885 	-1.85233 	0.299368 	0.619158 	0.241579 	
3.765	0.0609207 	-0.128919 	-1.85193 	0.299277 	0.618425 	0.2434 	
3.77	0.0608889 	-0.129028 	-1.85156 	0.299229 	0.618165 	0.243339 	
3.775	0.0608264 	-0.129063 	-1.85116 	0.29914 	0.617436 	0.245147 	
3.78	0.0607948 	-0.129172 	-1.85079 	0.299092 	0.617178 	0.245087 	
3.785	0.0607329 	-0.129207 	-1.85039 	0.299003 	0.616455 	0.246882 	
3.79	0.0607016 	-0.129315 	-1.85002 	0.298956 	0.616198 	0.246822 	
3.795	0.0606402 	-0.12935 	-1.84962 	0.298868 	0.61548 	0.248605 	
3.8	0.0606092 	-0.129458 	-1.84925 	0.298821 	0.615226 	0.248545 	
3.805	0.0605484 	-0.129492 	-1.84886 	0.298734 	0.614513 	0.250314 	
3.81	0.0605177 	-0.1296 	-1.8485 	0.298688 	0.614261 	0.250255 	
3.815	0.0604574 	-0.129635 	-1.84811 	0.298602 	0.613554 	0.25201 	
3.82	0.060427 	-0.129741 	-1.84775 	0.298556 	0.613303 	0.251951 	
3.825	0.0603673 	-0.129776 	-1.84736 	0.298471 	0.612602 	0.253691 	
3.83	0.0603373 	-0.129882 	-1.847 	0.298426 	0.612354 	0.253633 	
3.835	0.0602781 	-0.129917 	-1.84661 	0.298341 	0.611659 	0.255358 	
3.84	0.0602484 	-0.130022 	-1.84626 	0.298296 	0.611413 	0.255301 	
3.845	0.0601899 	-0.130057 	-1.84588 	0.298213 	0.610724 	0.257011 	
3.85	0.0601605 	-0.130162 	-1.84553 	0.298169 	0.61048 	0.256954 	
3.855	0.0601026 	-0.130197 	-1.84515 	0.298086 	0.609798 	0.258648 	
3.86	0.0600735 	-0.130301 	-1.8448 	0.298043 	0.609557 	0.258591 	
3.865	0.0600162 	-0.130336 	-1.84442 	0.297961 	0.608881 	0.260269 	
3.87	0.0599874 	-0.130439 	-1.84408 	0.297918 	0.608642 	0.260213 	
3.875	0.0599308 	-0.130473 	-1.8437 	0.297838 	0.607973 	0.261874 	
3.88	0.0599024 	-0.130576 	-1.84336 	0.297795 	0.607736 	0.261819 	
3.885	0.0598464 	-0.13061 	-1.84299 	0.297715 	0.607074 	0.263463 	
3.89	0.0598184 	-0.130712 	-1.84265 	0.297673 	0.606839 	0.263408 	
3.895	0.0597631 	-0.130747 	-1.84229 	0.297595 	0.606185 	0.265034 	
3.9	0.0597354 	-0.130847 	-1.84195 	0.297553 	0.605953 	0.26498 	
3.905	0.0596807 	-0.130882 	-1.84159 	0.297476 	0.605305 	0.266589 	
3.91	0.0596534 	-0.130981 	-1.84126 	0.297435 	0.605076 	0.266535 	
3.915	0.0595994 	-0.131016 	-1.8409 	0.297359 	0.604436 	0.268125 	
3.92	0.0595725 	-0.131114 	-1.84057 	0.297318 	0.604209 	0.268073 	
3.925	0.0595192 	-0.131149 	-1.84022 	0.297243 	0.603576 	0.269644 	
3.93	0.0594926 	-0.131246 	-1.8399 	0.297203 	0.603352 	0.269592 	
3.935	0.0594401 	-0.13128 	-1.83955 	0.297129 	0.602727 	0.271144 	
3.94	0.0594139 	-0.131377 	-1.83923 	0.297089 	0.602506 	0.271093 	
3.945	0.059362 	-0.131411 	-1.83888 	0.297016 	0.601889 	0.272626 	
3.95	0.0593362 	-0.131506 	-1.83856 	0.296977 	0.601671 	0.272575 	
3.955	0.0592851 	-0.13154 	-1.83822 	0.296905 	0.601062 	0.274088 	
3.96	0.0592597 	-0.131635 	-1.83791 	0.296867 	0.600846 	0.274037 	
3.965	0.0592093 	-0.131668 	-1.83757 	0.296796 	0.600246 	0.27553 	
3.97	0.0591843 	-0.131762 	-1.83726 	0.296759 	0.600033 	0.275481 	
3.975	0.0591347 	-0.131795 	-1.83693 	0.296689 	0.599441 	0.276953 	
3.98	0.05911 	-0.131887 	-1.83663 	0.296652 	0.599231 	0.276904 	
3.985	0.0590612 	-0.13192 	-1.8363 	0.296583 	0.598647 	0.278355 	
3.99	0.0590369 	-0.132011 	-1.836 	0.296547 	0.598441 	0.278307 	
3.995	0.0589889 	-0.132044 	-1.83568 	0.296479 	0.597865 	0.279736 	
4	0.058965 	-0.132134 	-1.83538 	0.296444 	0.597662 	0.279689 	
4.005	0.0589178 	-0.132167 	-1.83506 	0.296377 	0.597095 	0.281097 	
4.01	0.0588943 	-0.132255 	-1.83477 	0.296342 	0.596895 	0.28105 	
4.015	0.0588478 	-0.132287 	-1.83446 	0.296277 	0.596338 	0.282436 	
4.02	0.0588248 	-0.132375 	-1.83417 	0.296242 	0.596141 	0.28239 	
4.025	0.0587791 	-0.132407 	-1.83386 	0.296179 	0.595592 	0.283754 	
4.03	0.0587565 	-0.132493 	-1.83358 	0.296145 	0.595398 	0.283709 	
4.035	0.0587117 	-0.132524 	-1.83327 	0.296082 	0.594859 	0.285049 	
4.04	0.0586894 	-0.132609 	-1.833 	0.296049 	0.594668 	0.285005 	
4.045	0.0586454 	-0.13264 	-1.8327 	0.295987 	0.594138 	0.286322 	
4.05	0.0586236 	-0.132723 	-1.83243 	0.295954 	0.593951 	0.286279 	
4.055	0.0585805 	-0.132754 	-1.83213 	0.295894 	0.593431 	0.287573 	
4.06	0.0585591 	-0.132836 	-1.83186 	0.295862 	0.593247 	0.28753 	
4.065	0.0585167 	-0.132867 	-1.83157 	0.295803 	0.592736 	0.288801 	
4.07	0.0584958 	-0.132947 	-1.83131 	0.295771 	0.592556 	0.288759 	
4.075	0.0584543 	-0.132977 	-1.83103 	0.295714 	0.592054 	0.290005 	
4.08	0.0584338 	-0.133056 	-1.83077 	0.295683 	0.591878 	0.289964 	
4.085	0.0583932 	-0.133086 	-1.83049 	0.295626 	0.591386 	0.291185 	
4.09	0.0583731 	-0.133163 	-1.83024 	0.295596 	0.591213 	0.291145 	
4.095	0.0583533 	-0.13324 	-1.82999 	0.295566 	0.591042 	0.291106 	
4.1	0.058305 	-0.133248 	-1.82971 	0.2955 	0.590425 	0.29285 	
4.105	0.0582856 	-0.133323 	-1.82947 	0.295471 	0.590257 	0.292811 	
4.11	0.0582462 	-0.133349 	-1.8292 	0.295416 	0.589777 	0.294026 	
4.115	0.0582272 	-0.133423 	-1.82896 	0.295388 	0.589613 	0.293988 	
4.12	0.0582085 	-0.133496 	-1.82872 	0.29536 	0.589451 	0.29395 	
4.125	0.0581628 	-0.133503 	-1.82846 	0.295297 	0.588866 	0.295607 	
4.13	0.0581445 	-0.133575 	-1.82823 	0.29527 	0.588707 	0.29557 	
4.135	0.0581265 	-0.133645 	-1.828 	0.295243 	0.58855 	0.295534 	
4.14	0.0580816 	-0.13365 	-1.82774 	0.295182 	0.587973 	0.297182 	
4.145	0.058064 	-0.133719 	-1.82752 	0.295155 	0.587821 	0.297146 	
4.15	0.0580467 	-0.133788 	-1.82729 	0.295129 	0.58767 	0.297111 	
4.155	0.0580034 	-0.133793 	-1.82705 	0.29507 	0.587112 	0.298704 	
4.16	0.0579865 	-0.133859 	-1.82683 	0.295045 	0.586965 	0.29867 	
4.165	0.0579698 	-0.133925 	-1.82662 	0.29502 	0.58682 	0.298637 	
4.17	0.0579282 	-0.13393 	-1.82638 	0.294963 	0.586284 	0.30017 	
4.175	0.057912 	-0.133994 	-1.82617 	0.294939 	0.586143 	0.300137 	
4.18	0.0578961 	-0.134057 	-1.82597 	0.294915 	0.586003 	0.300105 	
4.185	0.0578562 	-0.134062 	-1.82574 	0.294861 	0.585489 	0.301576 	
4.19	0.0578407 	-0.134123 	-1.82554 	0.294837 	0.585354 	0.301545 	
4.195	0.0578255 	-0.134184 	-1.82535 	0.294815 	0.58522 	0.301514 	
4.2	0.0577873 	-0.134189 	-1.82513 	0.294763 	0.584728 	0.302923 	
4.205	0.0577726 	-0.134247 	-1.82494 	0.294741 	0.584598 	0.302893 	
4.21	0.057758 	-0.134305 	-1.82475 	0.294719 	0.584471 	0.302863 	
4.215	0.0577217 	-0.13431 	-1.82454 	0.294669 	0.584001 	0.304209 	
4.22	0.0577076 	-0.134366 	-1.82436 	0.294648 	0.583878 	0.304181 	
4.225	0.0576938 	-0.134421 	-1.82418 	0.294628 	0.583756 	0.304153 	
4.23	0.0576592 	-0.134426 	-1.82398 	0.294581 	0.583309 	0.305435 	
4.235	0.0576459 	-0.134479 	-1.82381 	0.294561 	0.583191 	0.305407 	
4.24	0.0576328 	-0.134532 	-1.82364 	0.294541 	0.583076 	0.305381 	
4.245	0.0575999 	-0.134536 	-1.82345 	0.294496 	0.582651 	0.306598 	
4.25	0.0575873 	-0.134587 	-1.82329 	0.294478 	0.58254 	0.306572 	
4.255	0.057575 	-0.134637 	-1.82313 	0.294459 	0.582431 	0.306547 	
4.26	0.0575628 	-0.134686 	-1.82297 	0.294441 	0.582324 	0.306522 	
4.265	0.0575267 	-0.134676 	-1.82279 	0.294392 	0.58184 	0.308012 	
4.27	0.0575151 	-0.134723 	-1.82264 	0.294375 	0.581737 	0.307988 	
4.275	0.0575037 	-0.134769 	-1.82249 	0.294358 	0.581637 	0.307965 	
4.28	0.0574925 	-0.134814 	-1.82235 	0.294341 	0.581538 	0.307942 	
4.285	0.0574586 	-0.134804 	-1.82218 	0.294296 	0.581083 	0.309353 	
4.29	0.057448 	-0.134847 	-1.82204 	0.29428 	0.580988 	0.309331 	
4.295	0.0574375 	-0.134889 	-1.8219 	0.294264 	0.580896 	0.30931 	
4.3	0.0574274 	-0.13493 	-1.82177 	0.294249 	0.580806 	0.309289 	
4.305	0.0573964 	-0.134921 	-1.82162 	0.294208 	0.580389 	0.310584 	
4.31	0.0573867 	-0.13496 	-1.82149 	0.294193 	0.580303 	0.310564 	
4.315	0.0573773 	-0.134998 	-1.82137 	0.294179 	0.58022 	0.310544 	
4.32	0.0573506 	-0.134936 	-1.82141 	0.294126 	0.580022 	0.310544 	
4.325	0.0573311 	-0.134879 	-1.82146 	0.294072 	0.579825 	0.310544 	
4.33	0.0573133 	-0.134821 	-1.82151 	0.294019 	0.579627 	0.310544 	
4.335	0.0573008 	-0.134765 	-1.82157 	0.293966 	0.579429 	0.310544 	
4.34	0.0572883 	-0.134706 	-1.82162 	0.293913 	0.579232 	0.310544 	
4.345	0.0572806 	-0.134649 	-1.82167 	0.29386 	0.579034 	0.310543 	
4.35	0.0572722 	-0.13459 	-1.82172 	0.293807 	0.578837 	0.310543 	
4.355	0.0572681 	-0.134532 	-1.82178 	0.293754 	0.578639 	0.310543 	
4.36	0.0572629 	-0.134472 	-1.82183 	0.293701 	0.578441 	0.310543 	
4.365	0.0572617 	-0.134414 	-1.82188 	0.293648 	0.578244 	0.310543 	
4.37	0.0572589 	-0.134353 	-1.82193 	0.293595 	0.578046 	0.310542 	
4.375	0.0572586 	-0.134295 	-1.82197 	0.293542 	0.577848 	0.310542 	
4.38	0.0572524 	-0.134234 	-1.82202 	0.293489 	0.577651 	0.310542 	
4.385	0.0572462 	-0.134177 	-1.82206 	0.293436 	0.577453 	0.310542 	
4.39	0.0572354 	-0.134118 	-1.8221 	0.293383 	0.577255 	0.310542 	
4.395	0.0572248 	-0.134061 	-1.82214 	0.29333 	0.577057 	0.310542 	
4.4	0.0572105 	-0.134003 	-1.82218 	0.293276 	0.57686 	0.310542 	
4.405	0.0571979 	-0.133948 	-1.82222 	0.293223 	0.576662 	0.310541 	
4.41	0.0571864 	-0.133891 	-1.82226 	0.29317 	0.576464 	0.310541 	
4.415	0.0571797 	-0.133836 	-1.8223 	0.293117 	0.576266 	0.310541 	
4.42	0.0571735 	-0.133779 	-1.82233 	0.293064 	0.576068 	0.310541 	
4.425	0.0571701 	-0.133723 	-1.82237 	0.293011 	0.57587 	0.310541 	
4.43	0.0571599 	-0.133665 	-1.82241 	0.292957 	0.575673 	0.310541 	
4.435	0.0571479 	-0.133611 	-1.82244 	0.292904 	0.575475 	0.310541 	
4.44	0.0571381 	-0.133556 	-1.82248 	0.292851 	0.575277 	0.310541 	
4.445	0.0571319 	-0.133501 	-1.82251 	0.292798 	0.575079 	0.31054 	
4.45	0.0571275 	-0.133446 	-1.82255 	0.292745 	0.574881 	0.31054 	
4.455	0.057126 	-0.133391 	-1.82259 	0.292692 	0.574683 	0.31054 	
4.46	0.0571257 	-0.133335 	-1.82262 	0.292639 	0.574486 	0.31054 	
4.465	0.0571277 	-0.133279 	-1.82266 	0.292586 	0.574288 	0.31054 	
4.47	0.0571301 	-0.133223 	-1.8227 	0.292533 	0.57409 	0.31054 	
4.475	0.0571344 	-0.133167 	-1.82273 	0.29248 	0.573892 	0.31054 	
4.48	0.0571386 	-0.13311 	-1.82277 	0.292427 	0.573694 	0.310539 	
4.485	0.0571427 	-0.133054 	-1.82281 	0.292374 	0.573496 	0.310539 	
4.49	0.0571402 	-0.132998 	-1.82284 	0.292321 	0.573298 	0.310539 	
4.495	0.0571376 	-0.132942 	-1.82288 	0.292268 	0.5731 	0.310539 	
4.5	0.0571315 	-0.132887 	-1.82291 	0.292214 	0.572902 	0.310539 	
4.505	0.0571237 	-0.132834 	-1.82294 	0.292161 	0.572705 	0.310539 	
4.51	0.0571106 	-0.132782 	-1.82298 	0.292108 	0.572507 	0.310538 	
4.515	0.0570979 	-0.132729 	-1.82301 	0.292054 	0.572309 	0.310538 	
4.52	0.0570855 	-0.132673 	-1.82304 	0.292001 	0.572111 	0.310538 	
4.525	0.0570752 	-0.132616 	-1.82307 	0.291948 	0.571913 	0.310538 	
4.53	0.0570656 	-0.132556 	-1.8231 	0.291894 	0.571715 	0.310538 	
4.535	0.0570581 	-0.132495 	-1.82312 	0.291841 	0.571517 	0.310538 	
4.54	0.0570512 	-0.132432 	-1.82315 	0.291788 	0.571319 	0.310538 	
4.545	0.0570463 	-0.132369 	-1.82317 	0.291735 	0.571121 	0.310537 	
4.55	0.0570428 	-0.132305 	-1.8232 	0.291682 	0.570923 	0.310537 	
4.555	0.057044 	-0.132243 	-1.82322 	0.291629 	0.570725 	0.310537 	
4.56	0.0570459 	-0.132181 	-1.82325 	0.291576 	0.570527 	0.310537 	
4.565	0.0570519 	-0.13212 	-1.82328 	0.291523 	0.570329 	0.310537 	
4.57	0.0570583 	-0.132058 	-1.8233 	0.29147 	0.570131 	0.310536 	
4.575	0.057068 	-0.131998 	-1.82333 	0.291417 	0.569933 	0.310536 	
4.58	0.0570768 	-0.131937 	-1.82336 	0.291364 	0.569735 	0.310536 	
4.585	0.0570883 	-0.131877 	-1.82339 	0.291311 	0.569537 	0.310536 	
4.59	0.0570984 	-0.131815 	-1.82342 	0.291258 	0.569339 	0.310536 	
4.595	0.0571111 	-0.131756 	-1.82345 	0.291205 	0.569141 	0.310535 	
4.6	0.0571222 	-0.131694 	-1.82348 	0.291152 	0.568943 	0.310535 	
4.605	0.0571357 	-0.131634 	-1.82351 	0.2911 	0.568745 	0.310535 	
4.61	0.0571475 	-0.131572 	-1.82354 	0.291047 	0.568547 	0.310535 	
4.615	0.0571615 	-0.131512 	-1.82358 	0.290994 	0.568349 	0.310535 	
4.62	0.0571738 	-0.13145 	-1.82361 	0.290941 	0.568151 	0.310535 	
4.625	0.0571883 	-0.13139 	-1.82364 	0.290888 	0.567953 	0.310534 	
4.63	0.0572013 	-0.131327 	-1.82367 	0.290835 	0.567755 	0.310534 	
4.635	0.0572164 	-0.131267 	-1.8237 	0.290782 	0.567557 	0.310534 	
4.64	0.0572299 	-0.131204 	-1.82373 	0.29073 	0.567359 	0.310534 	
4.645	0.0572455 	-0.131143 	-1.82377 	0.290677 	0.567161 	0.310534 	
4.65	0.0572592 	-0.13108 	-1.8238 	0.290624 	0.566963 	0.310534 	
4.655	0.0572751 	-0.131019 	-1.82383 	0.290571 	0.566765 	0.310533 	
4.66	0.057289 	-0.130956 	-1.82386 	0.290518 	0.566567 	0.310533 	
4.665	0.0573049 	-0.130894 	-1.82389 	0.290465 	0.566369 	0.310533 	
4.67	0.0573189 	-0.130831 	-1.82392 	0.290413 	0.566171 	0.310533 	
4.675	0.0573349 	-0.130769 	-1.82396 	0.29036 	0.565973 	0.310533 	
4.68	0.0573489 	-0.130705 	-1.82399 	0.290307 	0.565774 	0.310533 	
4.685	0.0573648 	-0.130644 	-1.82402 	0.290254 	0.565576 	0.310532 	
4.69	0.0573786 	-0.13058 	-1.82405 	0.290201 	0.565378 	0.310532 	
4.695	0.0573944 	-0.130518 	-1.82408 	0.290148 	0.56518 	0.310532 	
4.7	0.0574081 	-0.130453 	-1.82411 	0.290095 	0.564982 	0.310532 	
4.705	0.057424 	-0.130392 	-1.82415 	0.290042 	0.564784 	0.310532 	
4.71	0.0574381 	-0.130328 	-1.82418 	0.289989 	0.564586 	0.310532 	
4.715	0.0574537 	-0.130266 	-1.82421 	0.289937 	0.564388 	0.310532 	
4.72	0.0574675 	-0.130202 	-1.82424 	0.289884 	0.56419 	0.310532 	
4.725	0.0574826 	-0.13014 	-1.82428 	0.289831 	0.563992 	0.310531 	
4.73	0.057496 	-0.130076 	-1.82431 	0.289778 	0.563794 	0.310531 	
4.735	0.0575108 	-0.130014 	-1.82434 	0.289725 	0.563596 	0.310531 	
4.74	0.0575239 	-0.129949 	-1.82437 	0.289672 	0.563398 	0.310531 	
4.745	0.0575384 	-0.129887 	-1.8244 	0.289619 	0.5632 	0.310531 	
4.75	0.0575518 	-0.129824 	-1.82443 	0.289566 	0.563002 	0.310531 	
4.755	0.0575668 	-0.129762 	-1.82446 	0.289513 	0.562804 	0.310531 	
4.76	0.0575723 	-0.129686 	-1.82449 	0.28946 	0.562606 	0.310531 	
4.765	0.057572 	-0.129602 	-1.82451 	0.289407 	0.562407 	0.310531 	
4.77	0.0575668 	-0.12951 	-1.82452 	0.289354 	0.562209 	0.310531 	
4.775	0.0575606 	-0.129417 	-1.82452 	0.2893 	0.562011 	0.31053 	
4.78	0.0575617 	-0.129336 	-1.82454 	0.289247 	0.561812 	0.31053 	
4.785	0.0575614 	-0.129253 	-1.82455 	0.289194 	0.561614 	0.31053 	
4.79	0.057568 	-0.12918 	-1.82457 	0.289141 	0.561416 	0.31053 	
4.795	0.0575722 	-0.129103 	-1.82459 	0.289088 	0.561218 	0.31053 	
4.8	0.0575825 	-0.129036 	-1.82462 	0.289035 	0.56102 	0.31053 	
4.805	0.0575908 	-0.128964 	-1.82465 	0.288982 	0.560821 	0.31053 	
4.81	0.0576054 	-0.128899 	-1.82468 	0.288929 	0.560623 	0.31053 	
4.815	0.0576175 	-0.128831 	-1.82471 	0.288876 	0.560425 	0.31053 	
4.82	0.0576352 	-0.128768 	-1.82474 	0.288823 	0.560227 	0.31053 	
4.825	0.0576497 	-0.128701 	-1.82477 	0.28877 	0.560029 	0.310529 	
4.83	0.057668 	-0.12864 	-1.82481 	0.288717 	0.559831 	0.310529 	
4.835	0.0576829 	-0.128574 	-1.82484 	0.288664 	0.559633 	0.310529 	
4.84	0.0577013 	-0.128514 	-1.82488 	0.288611 	0.559435 	0.310529 	
4.845	0.0577162 	-0.128449 	-1.82492 	0.288558 	0.559237 	0.310529 	
4.85	0.0577344 	-0.128389 	-1.82496 	0.288505 	0.559039 	0.310529 	
4.855	0.0577486 	-0.128324 	-1.82499 	0.288451 	0.558841 	0.310529 	
4.86	0.057765 	-0.128263 	-1.82503 	0.288398 	0.558643 	0.310528 	
4.865	0.0577786 	-0.128197 	-1.82507 	0.288345 	0.558445 	0.310528 	
4.87	0.0577944 	-0.128136 	-1.8251 	0.288292 	0.558247 	0.310528 	
4.875	0.0578076 	-0.12807 	-1.82514 	0.288239 	0.558049 	0.310528 	
4.88	0.0578231 	-0.128009 	-1.82518 	0.288186 	0.557852 	0.310528 	
4.885	0.0578358 	-0.127943 	-1.82521 	0.288133 	0.557654 	0.310528 	
4.89	0.0578509 	-0.127882 	-1.82525 	0.28808 	0.557456 	0.310528 	
4.895	0.0578633 	-0.127816 	-1.82528 	0.288026 	0.557258 	0.310528 	
4.9	0.0578778 	-0.127754 	-1.82532 	0.287973 	0.55706 	0.310528 	
4.905	0.0578895 	-0.127688 	-1.82535 	0.28792 	0.556862 	0.310527 	
4.91	0.0579037 	-0.127627 	-1.82539 	0.287867 	0.556664 	0.310527 	
4.915	0.057914 	-0.12756 	-1.82542 	0.287814 	0.556466 	0.310527 	
4.92	0.0579287 	-0.127499 	-1.82546 	0.287761 	0.556268 	0.310527 	
4.925	0.0579361 	-0.127432 	-1.82549 	0.287707 	0.55607 	0.310527 	
4.93	0.057951 	-0.127371 	-1.82553 	0.287654 	0.555872 	0.310527 	
4.935	0.0579586 	-0.127304 	-1.82556 	0.287601 	0.555674 	0.310527 	
4.94	0.0579721 	-0.127243 	-1.8256 	0.287548 	0.555476 	0.310527 	
4.945	0.0579799 	-0.127176 	-1.82563 	0.287494 	0.555278 	0.310527 	
4.95	0.0579935 	-0.127114 	-1.82566 	0.287441 	0.55508 	0.310527 	
4.955	0.0580014 	-0.127047 	-1.82569 	0.287388 	0.554882 	0.310527 	
4.96	0.0580163 	-0.126985 	-1.82573 	0.287334 	0.554684 	0.310527 	
4.965	0.0580285 	-0.126918 	-1.82575 	0.287281 	0.554485 	0.310527 	
4.97	0.0580453 	-0.126856 	-1.82579 	0.287228 	0.554287 	0.310527 	
4.975	0.0580595 	-0.126788 	-1.82582 	0.287175 	0.554089 	0.310526 	
4.98	0.0580794 	-0.126724 	-1.82585 	0.287122 	0.553891 	0.310526 	
4.985	0.0580957 	-0.126655 	-1.82587 	0.287068 	0.553693 	0.310526 	
4.99	0.0581158 	-0.12659 	-1.8259 	0.287015 	0.553495 	0.310526 	
4.995	0.0581325 	-0.12652 	-1.82592 	0.286962 	0.553297 	0.310526 	
5	0.0581529 	-0.126454 	-1.82595 	0.286909 	0.553099 	0.310526 	
5.005	0.0581699 	-0.126384 	-1.82597 	0.286856 	0.552901 	0.310525 	
5.01	0.0581906 	-0.126318 	-1.826 	0.286802 	0.552703 	0.310525 	
5.015	0.0582085 	-0.126247 	-1.82602 	0.286749 	0.552505 	0.310525 	
5.02	0.0582318 	-0.126181 	-1.82604 	0.286696 	0.552307 	0.310525 	
5.025	0.0582511 	-0.126109 	-1.82605 	0.286643 	0.552108 	0.310525 	
5.03	0.0582754 	-0.126041 	-1.82607 	0.28659 	0.55191 	0.310524 	
5.035	0.058295 	-0.125968 	-1.82608 	0.286537 	0.551712 	0.310524 	
5.04	0.058318 	-0.125898 	-1.82609 	0.286484 	0.551514 	0.310524 	
5.045	0.058338 	-0.125824 	-1.8261 	0.28643 	0.551315 	0.310524 	
5.05	0.0583624 	-0.125753 	-1.82611 	0.286377 	0.551117 	0.310524 	
5.055	0.0583844 	-0.12568 	-1.82611 	0.286324 	0.550919 	0.310524 	
5.06	0.0584123 	-0.125611 	-1.82613 	0.286271 	0.550721 	0.310524 	
5.065	0.0584375 	-0.125538 	-1.82613 	0.286218 	0.550522 	0.310524 	
5.07	0.0584681 	-0.125471 	-1.82615 	0.286165 	0.550324 	0.310523 	
5.075	0.0584957 	-0.125399 	-1.82616 	0.286112 	0.550126 	0.310523 	
5.08	0.0585287 	-0.125333 	-1.82617 	0.286059 	0.549928 	0.310523 	
5.085	0.0585585 	-0.125262 	-1.82618 	0.286006 	0.54973 	0.310523 	
5.09	0.0585933 	-0.125196 	-1.82619 	0.285953 	0.549531 	0.310523 	
5.095	0.0586247 	-0.125126 	-1.8262 	0.2859 	0.549333 	0.310522 	
5.1	0.0586605 	-0.12506 	-1.82622 	0.285847 	0.549135 	0.310522 	
5.105	0.0586926 	-0.124989 	-1.82623 	0.285794 	0.548937 	0.310522 	
5.11	0.0587291 	-0.124924 	-1.82624 	0.285742 	0.548739 	0.310522 	
5.115	0.058761 	-0.124853 	-1.82626 	0.285689 	0.548541 	0.310522 	
5.12	0.0587923 	-0.124788 	-1.82627 	0.285636 	0.548342 	0.310522 	
5.125	0.0588144 	-0.124717 	-1.82628 	0.285582 	0.548144 	0.310521 	
5.13	0.0588433 	-0.124651 	-1.8263 	0.285529 	0.547946 	0.310521 	
5.135	0.0588585 	-0.124576 	-1.8263 	0.285476 	0.547748 	0.310521 	
5.14	0.0588698 	-0.124496 	-1.8263 	0.285423 	0.547549 	0.310521 	
5.145	0.0588895 	-0.124423 	-1.82631 	0.28537 	0.547351 	0.310522 	
5.15	0.0589073 	-0.124347 	-1.82631 	0.285317 	0.547153 	0.310522 	
5.155	0.0589322 	-0.124277 	-1.82632 	0.285264 	0.546954 	0.310521 	
5.16	0.0589545 	-0.124203 	-1.82632 	0.28521 	0.546756 	0.310521 	
5.165	0.0589832 	-0.124135 	-1.82633 	0.285157 	0.546558 	0.310521 	
5.17	0.0590074 	-0.124062 	-1.82633 	0.285104 	0.54636 	0.310521 	
5.175	0.0590346 	-0.123991 	-1.82634 	0.285051 	0.546161 	0.310521 	
5.18	0.0590586 	-0.123918 	-1.82634 	0.284998 	0.545963 	0.310521 	
5.185	0.0590856 	-0.123847 	-1.82634 	0.284945 	0.545765 	0.310521 	
5.19	0.0591093 	-0.123774 	-1.82634 	0.284892 	0.545566 	0.310521 	
5.195	0.0591364 	-0.123707 	-1.82635 	0.284839 	0.545368 	0.310521 	
5.2	0.0591632 	-0.123638 	-1.82636 	0.284786 	0.54517 	0.310521 	
5.205	0.0591932 	-0.123572 	-1.82637 	0.284732 	0.544972 	0.310521 	
5.21	0.0592204 	-0.123501 	-1.82638 	0.284679 	0.544773 	0.310521 	
5.215	0.0592439 	-0.123426 	-1.82638 	0.284626 	0.544575 	0.310521 	
5.22	0.059271 	-0.123356 	-1.82638 	0.284573 	0.544377 	0.310521 	
5.225	0.0592965 	-0.123284 	-1.82639 	0.28452 	0.544178 	0.310521 	
5.23	0.0593274 	-0.123216 	-1.82639 	0.284467 	0.54398 	0.310521 	
5.235	0.0593566 	-0.123144 	-1.8264 	0.284413 	0.543782 	0.31052 	
5.24	0.0593906 	-0.123078 	-1.8264 	0.28436 	0.543583 	0.31052 	
5.245	0.0594225 	-0.123007 	-1.82641 	0.284307 	0.543385 	0.31052 	
5.25	0.0594588 	-0.122941 	-1.82642 	0.284254 	0.543187 	0.31052 	
5.255	0.0594929 	-0.122872 	-1.82642 	0.284201 	0.542989 	0.31052 	
5.26	0.059531 	-0.122806 	-1.82643 	0.284148 	0.542791 	0.31052 	
5.265	0.0595667 	-0.122737 	-1.82643 	0.284095 	0.542592 	0.31052 	
5.27	0.0596062 	-0.122672 	-1.82644 	0.284042 	0.542394 	0.310519 	
5.275	0.0596394 	-0.122599 	-1.82644 	0.283989 	0.542196 	0.310519 	
5.28	0.0596651 	-0.122518 	-1.82643 	0.283935 	0.541997 	0.310519 	
5.285	0.0596846 	-0.122429 	-1.82641 	0.283882 	0.541799 	0.310519 	
5.29	0.0597023 	-0.122339 	-1.82639 	0.283829 	0.5416 	0.310519 	
5.295	0.0597287 	-0.122259 	-1.82638 	0.283775 	0.541402 	0.310519 	
5.3	0.0597529 	-0.122176 	-1.82636 	0.283722 	0.541203 	0.310519 	
5.305	0.0597852 	-0.122102 	-1.82636 	0.283669 	0.541005 	0.310518 	
5.31	0.0598146 	-0.122025 	-1.82635 	0.283616 	0.540806 	0.310518 	
5.315	0.0598509 	-0.121955 	-1.82635 	0.283562 	0.540608 	0.310518 	
5.32	0.0598838 	-0.121882 	-1.82635 	0.283509 	0.54041 	0.310518 	
5.325	0.0599227 	-0.121815 	-1.82635 	0.283456 	0.540212 	0.310518 	
5.33	0.0599579 	-0.121744 	-1.82635 	0.283403 	0.540013 	0.310518 	
5.335	0.0599986 	-0.121679 	-1.82636 	0.28335 	0.539815 	0.310517 	
5.34	0.0600354 	-0.12161 	-1.82636 	0.283297 	0.539617 	0.310517 	
5.345	0.0600772 	-0.121546 	-1.82637 	0.283244 	0.539419 	0.310517 	
5.35	0.060115 	-0.121478 	-1.82638 	0.28319 	0.539221 	0.310517 	
5.355	0.0601576 	-0.121415 	-1.82639 	0.283137 	0.539023 	0.310517 	
5.36	0.0601916 	-0.121343 	-1.82639 	0.283084 	0.538824 	0.310516 	
5.365	0.0602172 	-0.121262 	-1.82638 	0.283031 	0.538626 	0.310516 	
5.37	0.0602402 	-0.121178 	-1.82637 	0.282977 	0.538427 	0.310516 	
5.375	0.0602704 	-0.121103 	-1.82637 	0.282924 	0.538229 	0.310516 	
5.38	0.0602956 	-0.121022 	-1.82636 	0.282871 	0.538031 	0.310516 	
5.385	0.0603197 	-0.120941 	-1.82634 	0.282817 	0.537832 	0.310516 	
5.39	0.0603388 	-0.120855 	-1.82632 	0.282764 	0.537634 	0.310516 	
5.395	0.0603572 	-0.12077 	-1.8263 	0.28271 	0.537435 	0.310516 	
5.4	0.0603738 	-0.120683 	-1.82627 	0.282656 	0.537236 	0.310515 	
5.405	0.0603984 	-0.120608 	-1.82626 	0.282603 	0.537038 	0.310515 	
5.41	0.0604207 	-0.12053 	-1.82625 	0.282549 	0.536839 	0.310515 	
5.415	0.06045 	-0.120463 	-1.82625 	0.282496 	0.536641 	0.310515 	
5.42	0.0604762 	-0.120391 	-1.82625 	0.282442 	0.536443 	0.310515 	
5.425	0.0605083 	-0.120329 	-1.82626 	0.282389 	0.536244 	0.310515 	
5.43	0.0605368 	-0.120261 	-1.82627 	0.282335 	0.536046 	0.310515 	
5.435	0.0605701 	-0.120201 	-1.82629 	0.282282 	0.535848 	0.310515 	
5.44	0.0605987 	-0.120135 	-1.8263 	0.282229 	0.53565 	0.310515 	
5.445	0.0606309 	-0.120071 	-1.82631 	0.282175 	0.535452 	0.310514 	
5.45	0.0606542 	-0.119998 	-1.82631 	0.282121 	0.535253 	0.310514 	
5.455	0.060671 	-0.119918 	-1.82631 	0.282068 	0.535055 	0.310514 	
5.46	0.0606856 	-0.119835 	-1.8263 	0.282014 	0.534856 	0.310514 	
5.465	0.0607073 	-0.119762 	-1.82631 	0.28196 	0.534658 	0.310514 	
5.47	0.0607269 	-0.119687 	-1.82631 	0.281907 	0.53446 	0.310514 	
5.475	0.0607533 	-0.119622 	-1.82632 	0.281853 	0.534261 	0.310514 	
5.48	0.0607753 	-0.119558 	-1.82634 	0.2818 	0.534063 	0.310514 	
5.485	0.0607994 	-0.119497 	-1.82635 	0.281746 	0.533865 	0.310514 	
5.49	0.0608231 	-0.119438 	-1.82637 	0.281692 	0.533667 	0.310514 	
5.495	0.0608484 	-0.119381 	-1.82639 	0.281639 	0.533469 	0.310514 	
5.5	0.0608729 	-0.119325 	-1.82641 	0.281585 	0.533271 	0.310514 	
5.505	0.0608985 	-0.11927 	-1.82644 	0.281531 	0.533072 	0.310514 	
5.51	0.060923 	-0.119211 	-1.82646 	0.281478 	0.532874 	0.310514 	
5.515	0.0609499 	-0.119153 	-1.82648 	0.281424 	0.532676 	0.310514 	
5.52	0.0609756 	-0.119091 	-1.8265 	0.281371 	0.532478 	0.310514 	
5.525	0.0610028 	-0.119029 	-1.82651 	0.281317 	0.53228 	0.310514 	
5.53	0.061023 	-0.118959 	-1.82653 	0.281263 	0.532082 	0.310514 	
5.535	0.0610366 	-0.11888 	-1.82654 	0.281209 	0.531883 	0.310514 	
5.54	0.0610446 	-0.118796 	-1.82654 	0.281156 	0.531685 	0.310514 	
5.545	0.0610469 	-0.118703 	-1.82653 	0.281102 	0.531486 	0.310514 	
5.55	0.0610442 	-0.118605 	-1.82653 	0.281048 	0.531288 	0.310514 	
5.555	0.0610364 	-0.1185 	-1.82651 	0.280993 	0.531089 	0.310514 	
5.56	0.0610249 	-0.11839 	-1.82648 	0.280939 	0.530891 	0.310514 	
5.565	0.0610098 	-0.118275 	-1.82645 	0.280885 	0.530692 	0.310514 	
5.57	0.0609905 	-0.118154 	-1.82641 	0.280831 	0.530493 	0.310514 	
5.575	0.0609675 	-0.118029 	-1.82637 	0.280776 	0.530294 	0.310514 	
5.58	0.0609473 	-0.117907 	-1.82634 	0.280722 	0.530095 	0.310513 	
5.585	0.0609429 	-0.117807 	-1.82632 	0.280668 	0.529896 	0.310513 	
5.59	0.0609397 	-0.117708 	-1.8263 	0.280614 	0.529698 	0.310513 	
5.595	0.0609514 	-0.11763 	-1.82631 	0.28056 	0.529499 	0.310513 	
5.6	0.0609651 	-0.117554 	-1.82632 	0.280506 	0.529301 	0.310513 	
5.605	0.0609843 	-0.117482 	-1.82633 	0.280452 	0.529103 	0.310513 	
5.61	0.0610045 	-0.117409 	-1.82634 	0.280398 	0.528905 	0.310513 	
5.615	0.0610289 	-0.117339 	-1.82636 	0.280344 	0.528706 	0.310513 	
5.62	0.0610534 	-0.117268 	-1.82637 	0.28029 	0.528508 	0.310513 	
5.625	0.0610815 	-0.1172 	-1.82638 	0.280237 	0.52831 	0.310513 	
5.63	0.0611092 	-0.11713 	-1.82639 	0.280183 	0.528112 	0.310512 	
5.635	0.0611399 	-0.117062 	-1.82641 	0.280129 	0.527914 	0.310512 	
5.64	0.0611699 	-0.116993 	-1.82642 	0.280075 	0.527716 	0.310512 	
5.645	0.0612026 	-0.116925 	-1.82644 	0.280022 	0.527518 	0.310512 	
5.65	0.0612344 	-0.116856 	-1.82645 	0.279968 	0.527319 	0.310512 	
5.655	0.0612686 	-0.116789 	-1.82646 	0.279914 	0.527121 	0.310512 	
5.66	0.0613017 	-0.11672 	-1.82648 	0.279861 	0.526923 	0.310511 	
5.665	0.0613371 	-0.116653 	-1.82649 	0.279807 	0.526725 	0.310511 	
5.67	0.0613713 	-0.116584 	-1.82651 	0.279753 	0.526527 	0.310511 	
5.675	0.0614076 	-0.116517 	-1.82652 	0.2797 	0.526329 	0.310511 	
5.68	0.0614426 	-0.116448 	-1.82654 	0.279646 	0.526131 	0.310511 	
5.685	0.0614785 	-0.116379 	-1.82655 	0.279593 	0.525933 	0.310511 	
5.69	0.0615066 	-0.116302 	-1.82655 	0.279539 	0.525735 	0.31051 	
5.695	0.0615276 	-0.116217 	-1.82654 	0.279485 	0.525536 	0.31051 	
5.7	0.0615465 	-0.116129 	-1.82653 	0.279431 	0.525338 	0.31051 	
5.705	0.0615733 	-0.116049 	-1.82653 	0.279377 	0.525139 	0.31051 	
5.71	0.0615981 	-0.115967 	-1.82652 	0.279323 	0.524941 	0.31051 	
5.715	0.0616301 	-0.115893 	-1.82653 	0.27927 	0.524743 	0.31051 	
5.72	0.0616546 	-0.115811 	-1.82652 	0.279216 	0.524545 	0.31051 	
5.725	0.0616724 	-0.115721 	-1.8265 	0.279162 	0.524346 	0.310509 	
5.73	0.0616838 	-0.115625 	-1.82648 	0.279108 	0.524147 	0.310509 	
5.735	0.0616895 	-0.115524 	-1.82644 	0.279053 	0.523948 	0.310509 	
5.74	0.0616898 	-0.115416 	-1.8264 	0.278999 	0.52375 	0.310509 	
5.745	0.0616857 	-0.115305 	-1.82634 	0.278945 	0.523551 	0.310509 	
5.75	0.0616838 	-0.115195 	-1.82629 	0.27889 	0.523351 	0.310509 	
5.755	0.0616954 	-0.1151 	-1.82626 	0.278836 	0.523153 	0.310509 	
5.76	0.0617083 	-0.115005 	-1.82622 	0.278782 	0.522954 	0.310509 	
5.765	0.061733 	-0.114922 	-1.82619 	0.278728 	0.522755 	0.310509 	
5.77	0.0617567 	-0.114837 	-1.82617 	0.278674 	0.522556 	0.310509 	
5.775	0.0617903 	-0.114763 	-1.82615 	0.27862 	0.522358 	0.310509 	
5.78	0.0618213 	-0.114686 	-1.82613 	0.278566 	0.522159 	0.310509 	
5.785	0.0618603 	-0.114617 	-1.82613 	0.278513 	0.521961 	0.310509 	
5.79	0.0618961 	-0.114544 	-1.82612 	0.278459 	0.521763 	0.310509 	
5.795	0.0619386 	-0.114479 	-1.82611 	0.278405 	0.521564 	0.310509 	
5.8	0.0619783 	-0.11441 	-1.82611 	0.278351 	0.521366 	0.310509 	
5.805	0.0620263 	-0.11435 	-1.82612 	0.278298 	0.521168 	0.310509 	
5.81	0.0620702 	-0.114286 	-1.82612 	0.278244 	0.520969 	0.310509 	
5.815	0.0621191 	-0.114227 	-1.82613 	0.278191 	0.520771 	0.310508 	
5.82	0.0621597 	-0.114159 	-1.82613 	0.278137 	0.520573 	0.310508 	
5.825	0.0621932 	-0.114085 	-1.82612 	0.278083 	0.520374 	0.310508 	
5.83	0.0622236 	-0.114007 	-1.8261 	0.278029 	0.520176 	0.310508 	
5.835	0.0622601 	-0.113936 	-1.8261 	0.277975 	0.519978 	0.310508 	
5.84	0.0622936 	-0.113862 	-1.82609 	0.277921 	0.519779 	0.310508 	
5.845	0.0623334 	-0.113794 	-1.82609 	0.277868 	0.519581 	0.310508 	
5.85	0.0623697 	-0.113723 	-1.82609 	0.277814 	0.519383 	0.310508 	
5.855	0.0624118 	-0.113658 	-1.82609 	0.27776 	0.519184 	0.310508 	
5.86	0.06245 	-0.113588 	-1.82609 	0.277706 	0.518986 	0.310507 	
5.865	0.0624936 	-0.113524 	-1.8261 	0.277653 	0.518788 	0.310507 	
5.87	0.062533 	-0.113456 	-1.82611 	0.277599 	0.51859 	0.310507 	
5.875	0.0625771 	-0.113393 	-1.82612 	0.277545 	0.518392 	0.310507 	
5.88	0.0626173 	-0.113325 	-1.82612 	0.277491 	0.518194 	0.310507 	
5.885	0.0626632 	-0.113263 	-1.82613 	0.277438 	0.517996 	0.310507 	
5.89	0.062705 	-0.113197 	-1.82614 	0.277384 	0.517797 	0.310507 	
5.895	0.0627518 	-0.113136 	-1.82615 	0.27733 	0.517599 	0.310506 	
5.9	0.0627945 	-0.113069 	-1.82616 	0.277276 	0.517401 	0.310506 	
5.905	0.0628419 	-0.113009 	-1.82618 	0.277223 	0.517203 	0.310506 	
5.91	0.062885 	-0.112943 	-1.8262 	0.277169 	0.517005 	0.310506 	
5.915	0.0629326 	-0.112882 	-1.82622 	0.277115 	0.516807 	0.310506 	
5.92	0.0629711 	-0.112811 	-1.82622 	0.277061 	0.516609 	0.310506 	
5.925	0.0630008 	-0.112733 	-1.82622 	0.277007 	0.516411 	0.310505 	
5.93	0.0630227 	-0.112647 	-1.82621 	0.276953 	0.516212 	0.310505 	
5.935	0.0630371 	-0.112554 	-1.82619 	0.276899 	0.516014 	0.310505 	
5.94	0.063045 	-0.112455 	-1.82616 	0.276845 	0.515815 	0.310505 	
5.945	0.0630467 	-0.112351 	-1.82612 	0.27679 	0.515616 	0.310505 	
5.95	0.0630432 	-0.112241 	-1.82608 	0.276736 	0.515417 	0.310505 	
5.955	0.0630346 	-0.112127 	-1.82603 	0.276681 	0.515218 	0.310506 	
5.96	0.0630216 	-0.112009 	-1.82597 	0.276626 	0.515019 	0.310506 	
5.965	0.0630045 	-0.111889 	-1.82591 	0.276572 	0.51482 	0.310506 	
5.97	0.0629838 	-0.111764 	-1.82584 	0.276517 	0.51462 	0.310506 	
5.975	0.0629597 	-0.111638 	-1.82576 	0.276462 	0.514421 	0.310506 	
5.98	0.0629328 	-0.111508 	-1.82568 	0.276407 	0.514222 	0.310506 	
5.985	0.0629031 	-0.111378 	-1.8256 	0.276352 	0.514022 	0.310507 	
5.99	0.0628711 	-0.111245 	-1.82551 	0.276297 	0.513822 	0.310507 	
5.995	0.0628368 	-0.111111 	-1.82542 	0.276242 	0.513623 	0.310507 	
6	0.0628076 	-0.110984 	-1.82533 	0.276187 	0.513423 	0.310508 	
6.005	0.0627968 	-0.110881 	-1.82528 	0.276132 	0.513224 	0.310508 	
6.01	0.0627793 	-0.110784 	-1.82523 	0.276077 	0.513025 	0.310508 	
6.015	0.0627522 	-0.110715 	-1.82519 	0.276021 	0.512827 	0.310509 	
6.02	0.0627221 	-0.11065 	-1.82516 	0.275966 	0.512628 	0.310509 	
6.025	0.0626878 	-0.110604 	-1.82514 	0.27591 	0.51243 	0.310509 	
6.03	0.0626498 	-0.110553 	-1.82512 	0.275855 	0.512232 	0.31051 	
6.035	0.0626068 	-0.110511 	-1.82511 	0.275799 	0.512034 	0.310511 	
6.04	0.0625644 	-0.110479 	-1.8251 	0.275743 	0.511836 	0.310511 	
6.045	0.0625252 	-0.110487 	-1.82511 	0.275687 	0.511639 	0.310512 	
6.05	0.062485 	-0.110498 	-1.82511 	0.275631 	0.511443 	0.310512 	
6.055	0.0624463 	-0.11054 	-1.82513 	0.275574 	0.511247 	0.310512 	
6.06	0.0623854 	-0.110585 	-1.82513 	0.275518 	0.511051 	0.310513 	
6.065	0.0623184 	-0.110627 	-1.82514 	0.275461 	0.510855 	0.310513 	
6.07	0.0622514 	-0.110656 	-1.82513 	0.275404 	0.510658 	0.310513 	
6.075	0.0621863 	-0.110677 	-1.82513 	0.275347 	0.510462 	0.310514 	
6.08	0.0621195 	-0.110693 	-1.82513 	0.27529 	0.510265 	0.310514 	
6.085	0.0620561 	-0.110703 	-1.82513 	0.275233 	0.510069 	0.310514 	
6.09	0.0619928 	-0.110709 	-1.82513 	0.275177 	0.509872 	0.310515 	
6.095	0.0619308 	-0.110712 	-1.82513 	0.27512 	0.509675 	0.310515 	
6.1	0.0618691 	-0.110715 	-1.82514 	0.275063 	0.509479 	0.310515 	
6.105	0.0618085 	-0.110715 	-1.82515 	0.275007 	0.509282 	0.310515 	
6.11	0.0617479 	-0.110713 	-1.82516 	0.27495 	0.509085 	0.310516 	
6.115	0.0616874 	-0.110703 	-1.82516 	0.274893 	0.508888 	0.310516 	
6.12	0.0616272 	-0.110695 	-1.82517 	0.274836 	0.508691 	0.310516 	
6.125	0.0615673 	-0.110681 	-1.82517 	0.27478 	0.508495 	0.310516 	
6.13	0.0615084 	-0.110668 	-1.82518 	0.274723 	0.508298 	0.310516 	
6.135	0.0614506 	-0.110652 	-1.82518 	0.274666 	0.508101 	0.310517 	
6.14	0.061394 	-0.11064 	-1.8252 	0.27461 	0.507904 	0.310517 	
6.145	0.0613382 	-0.110622 	-1.8252 	0.274553 	0.507707 	0.310517 	
6.15	0.0612865 	-0.110606 	-1.82522 	0.274496 	0.50751 	0.310517 	
6.155	0.0612455 	-0.110589 	-1.82523 	0.27444 	0.507313 	0.310517 	
6.16	0.0612131 	-0.110569 	-1.82525 	0.274384 	0.507116 	0.310517 	
6.165	0.0611891 	-0.110546 	-1.82527 	0.274328 	0.506919 	0.310517 	
6.17	0.0611718 	-0.11052 	-1.82529 	0.274272 	0.506721 	0.310517 	
6.175	0.0611617 	-0.110493 	-1.82531 	0.274216 	0.506524 	0.310517 	
6.18	0.0611571 	-0.110462 	-1.82533 	0.274161 	0.506327 	0.310517 	
6.185	0.0611582 	-0.11043 	-1.82536 	0.274105 	0.50613 	0.310517 	
6.19	0.0611638 	-0.110395 	-1.82538 	0.27405 	0.505932 	0.310517 	
6.195	0.0611741 	-0.110358 	-1.8254 	0.273994 	0.505735 	0.310517 	
6.2	0.0611877 	-0.110319 	-1.82542 	0.273939 	0.505538 	0.310516 	
6.205	0.0612049 	-0.110279 	-1.82545 	0.273884 	0.50534 	0.310516 	
6.21	0.0612248 	-0.110236 	-1.82547 	0.273829 	0.505143 	0.310516 	
6.215	0.0612475 	-0.110192 	-1.8255 	0.273774 	0.504945 	0.310516 	
6.22	0.0612697 	-0.110144 	-1.82552 	0.273719 	0.504748 	0.310515 	
6.225	0.0612847 	-0.110085 	-1.82553 	0.273664 	0.50455 	0.310515 	
6.23	0.061293 	-0.110017 	-1.82553 	0.273609 	0.504352 	0.310515 	
6.235	0.0612951 	-0.109941 	-1.82552 	0.273554 	0.504154 	0.310515 	
6.24	0.0612917 	-0.109857 	-1.8255 	0.273499 	0.503956 	0.310514 	
6.245	0.0612832 	-0.109765 	-1.82547 	0.273444 	0.503758 	0.310514 	
6.25	0.0612702 	-0.109668 	-1.82543 	0.273388 	0.503559 	0.310514 	
6.255	0.0612539 	-0.109574 	-1.8254 	0.273333 	0.50336 	0.310514 	
6.26	0.0612358 	-0.109502 	-1.82538 	0.273277 	0.503162 	0.310514 	
6.265	0.0612147 	-0.10943 	-1.82536 	0.273221 	0.502964 	0.310514 	
6.27	0.0611932 	-0.109378 	-1.82535 	0.273166 	0.502766 	0.310514 	
6.275	0.0611684 	-0.109327 	-1.82535 	0.27311 	0.502569 	0.310514 	
6.28	0.0611432 	-0.109287 	-1.82535 	0.273054 	0.502371 	0.310514 	
6.285	0.0611159 	-0.109244 	-1.82535 	0.272998 	0.502173 	0.310514 	
6.29	0.061088 	-0.109209 	-1.82536 	0.272942 	0.501976 	0.310514 	
6.295	0.061058 	-0.109172 	-1.82537 	0.272886 	0.501778 	0.310514 	
6.3	0.0610275 	-0.109141 	-1.82538 	0.27283 	0.501581 	0.310514 	
6.305	0.0609951 	-0.109105 	-1.82539 	0.272773 	0.501383 	0.310514 	
6.31	0.0609622 	-0.109077 	-1.8254 	0.272717 	0.501186 	0.310514 	
6.315	0.0609275 	-0.109043 	-1.82541 	0.272661 	0.500988 	0.310514 	
6.32	0.0608925 	-0.109016 	-1.82543 	0.272605 	0.500791 	0.310514 	
6.325	0.0608557 	-0.108983 	-1.82544 	0.272548 	0.500594 	0.310514 	
6.33	0.0608187 	-0.108956 	-1.82546 	0.272492 	0.500396 	0.310514 	
6.335	0.0607801 	-0.108924 	-1.82547 	0.272436 	0.500199 	0.310515 	
6.34	0.0607414 	-0.108898 	-1.82549 	0.272379 	0.500002 	0.310515 	
6.345	0.0607012 	-0.108866 	-1.8255 	0.272323 	0.499804 	0.310515 	
6.35	0.0606612 	-0.108839 	-1.82552 	0.272266 	0.499607 	0.310515 	
6.355	0.0606198 	-0.108808 	-1.82553 	0.27221 	0.499409 	0.310515 	
6.36	0.0605788 	-0.108781 	-1.82555 	0.272153 	0.499212 	0.310515 	
6.365	0.0605366 	-0.108749 	-1.82556 	0.272097 	0.499015 	0.310515 	
6.37	0.060495 	-0.108724 	-1.82558 	0.27204 	0.498818 	0.310515 	
6.375	0.0604522 	-0.108696 	-1.8256 	0.271983 	0.49862 	0.310515 	
6.38	0.0604106 	-0.108669 	-1.82562 	0.271927 	0.498423 	0.310515 	
6.385	0.0603748 	-0.108637 	-1.82563 	0.27187 	0.498226 	0.310515 	
6.39	0.0603502 	-0.108607 	-1.82565 	0.271814 	0.498028 	0.310515 	
6.395	0.0603301 	-0.108572 	-1.82567 	0.271758 	0.497831 	0.310515 	
6.4	0.0603196 	-0.108538 	-1.8257 	0.271702 	0.497634 	0.310515 	
6.405	0.0603117 	-0.1085 	-1.82572 	0.271646 	0.497436 	0.310515 	
