0.0	0.310429	-0.173769	0.537008	0.180534	-1.45468	-0.24872
0.005	0.310429	-0.173769	0.537008	0.180534	-1.45468	-0.24872
0.01	0.310429	-0.173769	0.537008	0.180534	-1.45468	-0.24872
0.015	0.310429	-0.173769	0.537008	0.180534	-1.45468	-0.24872
0.02	0.31043	-0.173769	0.537008	0.180534	-1.45468	-0.24872
0.025	0.310432	-0.173769	0.537008	0.180534	-1.45468	-0.24872
0.03	0.310434	-0.173769	0.537008	0.180534	-1.45468	-0.24872
0.035	0.310436	-0.173769	0.537008	0.180534	-1.45468	-0.24872
0.04	0.310439	-0.173769	0.537009	0.180534	-1.45468	-0.24872
0.045	0.310442	-0.173769	0.537009	0.180534	-1.45468	-0.24872
0.05	0.310446	-0.173769	0.537009	0.180534	-1.45468	-0.24872
0.055	0.31045	-0.17377	0.537009	0.180534	-1.45468	-0.24872
0.06	0.310455	-0.17377	0.537009	0.180534	-1.45468	-0.24872
0.065	0.31046	-0.17377	0.53701	0.180534	-1.45468	-0.24872
0.07	0.310465	-0.17377	0.53701	0.180534	-1.45468	-0.24872
0.075	0.310471	-0.17377	0.53701	0.180534	-1.45468	-0.24872
0.08	0.310478	-0.17377	0.53701	0.180534	-1.45468	-0.24872
0.085	0.310484	-0.17377	0.537011	0.180534	-1.45468	-0.24872
0.09	0.310491	-0.173771	0.537011	0.180534	-1.45468	-0.24872
0.095	0.310499	-0.173771	0.537012	0.180534	-1.45468	-0.24872
0.1	0.310507	-0.173771	0.537012	0.180534	-1.45468	-0.24872
0.105	0.310516	-0.173771	0.537012	0.180534	-1.45468	-0.24872
0.11	0.310525	-0.173771	0.537013	0.180534	-1.45468	-0.24872
0.115	0.310535	-0.173772	0.537013	0.180534	-1.45468	-0.24872
0.12	0.310545	-0.173772	0.537014	0.180534	-1.45468	-0.24872
0.125	0.310555	-0.173772	0.537014	0.180534	-1.45468	-0.24872
0.13	0.310566	-0.173772	0.537015	0.180534	-1.45468	-0.24872
0.135	0.310577	-0.173773	0.537015	0.180534	-1.45468	-0.24872
0.14	0.310589	-0.173773	0.537016	0.180534	-1.45468	-0.24872
0.145	0.310601	-0.173773	0.537017	0.180534	-1.45468	-0.24872
0.15	0.310613	-0.173774	0.537017	0.180534	-1.45468	-0.24872
0.155	0.310626	-0.173774	0.537018	0.180534	-1.45468	-0.24872
0.16	0.31064	-0.173774	0.537018	0.180534	-1.45468	-0.24872
0.165	0.310591	-0.173759	0.537	0.178912	-1.45354	-0.246485
0.17	0.310605	-0.173759	0.537001	0.178912	-1.45354	-0.246485
0.175	0.31062	-0.17376	0.537002	0.178912	-1.45354	-0.246485
0.18	0.310635	-0.17376	0.537002	0.178912	-1.45354	-0.246485
0.185	0.310651	-0.17376	0.537003	0.178912	-1.45354	-0.246485
0.19	0.310667	-0.173761	0.537004	0.178912	-1.45354	-0.246485
0.195	0.310683	-0.173761	0.537005	0.178912	-1.45354	-0.246485
0.2	0.3107	-0.173762	0.537005	0.178912	-1.45354	-0.246485
0.205	0.310717	-0.173762	0.537006	0.178912	-1.45354	-0.246485
0.21	0.310735	-0.173762	0.537007	0.178912	-1.45354	-0.246485
0.215	0.310753	-0.173763	0.537008	0.178912	-1.45354	-0.246485
0.22	0.310771	-0.173763	0.537009	0.178912	-1.45354	-0.246485
0.225	0.310729	-0.173749	0.536991	0.177312	-1.45242	-0.244282
0.23	0.310748	-0.173749	0.536992	0.177312	-1.45242	-0.244282
0.235	0.310768	-0.173749	0.536993	0.177312	-1.45242	-0.244282
0.24	0.310788	-0.17375	0.536994	0.177312	-1.45242	-0.244282
0.245	0.310809	-0.17375	0.536995	0.177312	-1.45242	-0.244282
0.25	0.31083	-0.173751	0.536996	0.177312	-1.45242	-0.244282
0.255	0.310851	-0.173751	0.536997	0.177312	-1.45242	-0.244282
0.26	0.310873	-0.173752	0.536998	0.177312	-1.45242	-0.244282
0.265	0.310895	-0.173752	0.536999	0.177312	-1.45242	-0.244282
0.27	0.310918	-0.173753	0.537	0.177312	-1.45242	-0.244282
0.275	0.310876	-0.173738	0.536982	0.175618	-1.45123	-0.241947
0.28	0.3109	-0.173738	0.536983	0.175618	-1.45123	-0.241947
0.285	0.310924	-0.173739	0.536984	0.175618	-1.45123	-0.241947
0.29	0.310948	-0.173739	0.536985	0.175618	-1.45123	-0.241947
0.295	0.310973	-0.17374	0.536986	0.175618	-1.45123	-0.241947
0.3	0.310998	-0.17374	0.536988	0.175618	-1.45123	-0.241947
0.305	0.311024	-0.173741	0.536989	0.175618	-1.45123	-0.241947
0.31	0.31105	-0.173741	0.53699	0.175618	-1.45123	-0.241947
0.315	0.311014	-0.173727	0.536973	0.174005	-1.4501	-0.239724
0.32	0.311041	-0.173728	0.536974	0.174005	-1.4501	-0.239724
0.325	0.311068	-0.173728	0.536975	0.174005	-1.4501	-0.239724
0.33	0.311096	-0.173729	0.536977	0.174005	-1.4501	-0.239724
0.335	0.311124	-0.173729	0.536978	0.174005	-1.4501	-0.239724
0.34	0.311153	-0.17373	0.536979	0.174005	-1.4501	-0.239724
0.345	0.311181	-0.17373	0.536981	0.174005	-1.4501	-0.239724
0.35	0.31115	-0.173717	0.536964	0.172425	-1.44899	-0.237548
0.355	0.31118	-0.173717	0.536965	0.172425	-1.44899	-0.237548
0.36	0.31121	-0.173718	0.536967	0.172425	-1.44899	-0.237548
0.365	0.31124	-0.173719	0.536968	0.172425	-1.44899	-0.237548
0.37	0.311271	-0.173719	0.53697	0.172425	-1.44899	-0.237548
0.375	0.311302	-0.17372	0.536971	0.172425	-1.44899	-0.237548
0.38	0.311334	-0.17372	0.536973	0.172425	-1.44899	-0.237548
0.385	0.3113	-0.173706	0.536954	0.170708	-1.44779	-0.235182
0.39	0.311332	-0.173706	0.536956	0.170708	-1.44779	-0.235182
0.395	0.311365	-0.173707	0.536957	0.170708	-1.44779	-0.235182
0.4	0.311399	-0.173707	0.536959	0.170708	-1.44779	-0.235182
0.405	0.311432	-0.173708	0.536961	0.170708	-1.44779	-0.235182
0.41	0.311466	-0.173708	0.536962	0.170708	-1.44779	-0.235182
0.415	0.311438	-0.173695	0.536945	0.169088	-1.44665	-0.232951
0.42	0.311473	-0.173696	0.536947	0.169088	-1.44665	-0.232951
0.425	0.311508	-0.173696	0.536948	0.169088	-1.44665	-0.232951
0.43	0.311544	-0.173697	0.53695	0.169088	-1.44665	-0.232951
0.435	0.31158	-0.173697	0.536952	0.169088	-1.44665	-0.232951
0.44	0.311616	-0.173698	0.536954	0.169088	-1.44665	-0.232951
0.445	0.311587	-0.173684	0.536936	0.16738	-1.44546	-0.230597
0.45	0.311624	-0.173685	0.536937	0.16738	-1.44546	-0.230597
0.455	0.311661	-0.173685	0.536939	0.16738	-1.44546	-0.230597
0.46	0.311699	-0.173686	0.536941	0.16738	-1.44546	-0.230597
0.465	0.311738	-0.173686	0.536943	0.16738	-1.44546	-0.230597
0.47	0.311776	-0.173687	0.536945	0.16738	-1.44546	-0.230597
0.475	0.311745	-0.173672	0.536926	0.165564	-1.44418	-0.228096
0.48	0.311784	-0.173673	0.536927	0.165564	-1.44418	-0.228096
0.485	0.311824	-0.173673	0.536929	0.165564	-1.44418	-0.228096
0.49	0.311864	-0.173674	0.536931	0.165564	-1.44418	-0.228096
0.495	0.311905	-0.173674	0.536933	0.165564	-1.44418	-0.228096
0.5	0.311882	-0.173662	0.536916	0.163939	-1.44304	-0.225857
0.505	0.311924	-0.173662	0.536918	0.163939	-1.44304	-0.225857
0.51	0.311965	-0.173663	0.53692	0.163939	-1.44304	-0.225857
0.515	0.312007	-0.173663	0.536922	0.163939	-1.44304	-0.225857
0.52	0.312049	-0.173664	0.536924	0.163939	-1.44304	-0.225857
0.525	0.312027	-0.173651	0.536907	0.162268	-1.44187	-0.223555
0.53	0.31207	-0.173651	0.536909	0.162268	-1.44187	-0.223555
0.535	0.312113	-0.173652	0.536911	0.162268	-1.44187	-0.223555
0.54	0.312157	-0.173652	0.536913	0.162268	-1.44187	-0.223555
0.545	0.312201	-0.173653	0.536915	0.162268	-1.44187	-0.223555
0.55	0.312178	-0.17364	0.536897	0.16053	-1.44065	-0.22116
0.555	0.312223	-0.17364	0.536899	0.16053	-1.44065	-0.22116
0.56	0.312268	-0.17364	0.536902	0.16053	-1.44065	-0.22116
0.565	0.312313	-0.173641	0.536904	0.16053	-1.44065	-0.22116
0.57	0.312359	-0.173641	0.536906	0.16053	-1.44065	-0.22116
0.575	0.312335	-0.173628	0.536887	0.158723	-1.43939	-0.21867
0.58	0.312381	-0.173628	0.536889	0.158723	-1.43939	-0.21867
0.585	0.312428	-0.173629	0.536892	0.158723	-1.43939	-0.21867
0.59	0.312475	-0.173629	0.536894	0.158723	-1.43939	-0.21867
0.595	0.312523	-0.173629	0.536896	0.158723	-1.43939	-0.21867
0.6	0.312497	-0.173616	0.536877	0.156849	-1.43807	-0.216089
0.605	0.312545	-0.173616	0.536879	0.156849	-1.43807	-0.216089
0.61	0.312594	-0.173616	0.536881	0.156849	-1.43807	-0.216089
0.615	0.312643	-0.173617	0.536883	0.156849	-1.43807	-0.216089
0.62	0.31263	-0.173605	0.536868	0.155264	-1.43696	-0.213905
0.625	0.312679	-0.173606	0.53687	0.155264	-1.43696	-0.213905
0.63	0.312729	-0.173606	0.536872	0.155264	-1.43696	-0.213905
0.635	0.312779	-0.173606	0.536875	0.155264	-1.43696	-0.213905
0.64	0.312767	-0.173595	0.536859	0.153672	-1.43585	-0.211712
0.645	0.312818	-0.173595	0.536861	0.153672	-1.43585	-0.211712
0.65	0.312869	-0.173595	0.536864	0.153672	-1.43585	-0.211712
0.655	0.31292	-0.173596	0.536866	0.153672	-1.43585	-0.211712
0.66	0.312908	-0.173585	0.53685	0.152044	-1.4347	-0.209469
0.665	0.31296	-0.173585	0.536852	0.152044	-1.4347	-0.209469
0.67	0.313012	-0.173585	0.536855	0.152044	-1.4347	-0.209469
0.675	0.313065	-0.173585	0.536857	0.152044	-1.4347	-0.209469
0.68	0.313053	-0.173574	0.536841	0.150377	-1.43353	-0.207173
0.685	0.313106	-0.173574	0.536843	0.150377	-1.43353	-0.207173
0.69	0.313159	-0.173574	0.536845	0.150377	-1.43353	-0.207173
0.695	0.313213	-0.173574	0.536848	0.150377	-1.43353	-0.207173
0.7	0.3132	-0.173563	0.536831	0.148673	-1.43234	-0.204825
0.705	0.313254	-0.173563	0.536834	0.148673	-1.43234	-0.204825
0.71	0.313309	-0.173562	0.536836	0.148673	-1.43234	-0.204825
0.715	0.313364	-0.173562	0.536838	0.148673	-1.43234	-0.204825
0.72	0.313351	-0.173551	0.536821	0.146932	-1.43112	-0.202427
0.725	0.313406	-0.173551	0.536824	0.146932	-1.43112	-0.202427
0.73	0.313462	-0.173551	0.536826	0.146932	-1.43112	-0.202427
0.735	0.313518	-0.173551	0.536829	0.146932	-1.43112	-0.202427
0.74	0.313504	-0.17354	0.536812	0.145156	-1.42987	-0.199979
0.745	0.313561	-0.17354	0.536814	0.145156	-1.42987	-0.199979
0.75	0.313618	-0.173539	0.536816	0.145156	-1.42987	-0.199979
0.755	0.313675	-0.173539	0.536819	0.145156	-1.42987	-0.199979
0.76	0.313661	-0.173528	0.536801	0.143345	-1.4286	-0.197485
0.765	0.313719	-0.173528	0.536804	0.143345	-1.4286	-0.197485
0.77	0.313777	-0.173527	0.536806	0.143345	-1.4286	-0.197485
0.775	0.313835	-0.173527	0.536809	0.143345	-1.4286	-0.197485
0.78	0.313821	-0.173516	0.536791	0.141501	-1.42731	-0.194944
0.785	0.313879	-0.173516	0.536794	0.141501	-1.42731	-0.194944
0.79	0.313938	-0.173515	0.536796	0.141501	-1.42731	-0.194944
0.795	0.313997	-0.173515	0.536799	0.141501	-1.42731	-0.194944
0.8	0.313983	-0.173504	0.536781	0.139625	-1.426	-0.19236
0.805	0.314043	-0.173503	0.536783	0.139625	-1.426	-0.19236
0.81	0.314102	-0.173503	0.536786	0.139625	-1.426	-0.19236
0.815	0.314162	-0.173502	0.536788	0.139625	-1.426	-0.19236
0.82	0.314148	-0.173491	0.53677	0.137718	-1.42466	-0.189732
0.825	0.314208	-0.173491	0.536773	0.137718	-1.42466	-0.189732
0.83	0.314269	-0.17349	0.536775	0.137718	-1.42466	-0.189732
0.835	0.31433	-0.17349	0.536778	0.137718	-1.42466	-0.189732
0.84	0.314315	-0.173479	0.536759	0.135781	-1.4233	-0.187064
0.845	0.314377	-0.173478	0.536762	0.135781	-1.4233	-0.187064
0.85	0.314438	-0.173477	0.536764	0.135781	-1.4233	-0.187064
0.855	0.3145	-0.173477	0.536767	0.135781	-1.4233	-0.187064
0.86	0.314485	-0.173466	0.536748	0.133816	-1.42192	-0.184357
0.865	0.314548	-0.173465	0.536751	0.133816	-1.42192	-0.184357
0.87	0.31461	-0.173464	0.536753	0.133816	-1.42192	-0.184357
0.875	0.314673	-0.173464	0.536756	0.133816	-1.42192	-0.184357
0.88	0.314657	-0.173453	0.536737	0.131823	-1.42053	-0.181611
0.885	0.314721	-0.173452	0.53674	0.131823	-1.42053	-0.181611
0.89	0.314784	-0.173451	0.536742	0.131823	-1.42053	-0.181611
0.895	0.314786	-0.173443	0.536728	0.130261	-1.41943	-0.179459
0.9	0.31485	-0.173442	0.536731	0.130261	-1.41943	-0.179459
0.905	0.314914	-0.173441	0.536733	0.130261	-1.41943	-0.179459
0.91	0.314978	-0.17344	0.536736	0.130261	-1.41943	-0.179459
0.915	0.314964	-0.17343	0.536717	0.128269	-1.41803	-0.176715
0.92	0.315029	-0.173429	0.53672	0.128269	-1.41803	-0.176715
0.925	0.315093	-0.173428	0.536722	0.128269	-1.41803	-0.176715
0.93	0.315096	-0.17342	0.536708	0.126678	-1.41692	-0.174523
0.935	0.315161	-0.173419	0.536711	0.126678	-1.41692	-0.174523
0.94	0.315226	-0.173417	0.536713	0.126678	-1.41692	-0.174523
0.945	0.31523	-0.17341	0.536699	0.125116	-1.41582	-0.172371
0.95	0.315295	-0.173408	0.536702	0.125116	-1.41582	-0.172371
0.955	0.315361	-0.173407	0.536705	0.125116	-1.41582	-0.172371
0.96	0.315365	-0.173399	0.536691	0.123547	-1.41472	-0.170209
0.965	0.315432	-0.173398	0.536693	0.123547	-1.41472	-0.170209
0.97	0.315498	-0.173397	0.536696	0.123547	-1.41472	-0.170209
0.975	0.315502	-0.173389	0.536682	0.121965	-1.41361	-0.16803
0.98	0.315569	-0.173388	0.536684	0.121965	-1.41361	-0.16803
0.985	0.315635	-0.173386	0.536687	0.121965	-1.41361	-0.16803
0.99	0.315639	-0.173379	0.536673	0.120373	-1.4125	-0.165837
0.995	0.315706	-0.173377	0.536676	0.120373	-1.4125	-0.165837
1.0	0.315774	-0.173376	0.536678	0.120373	-1.4125	-0.165837
1.005	0.315778	-0.173368	0.536664	0.11877	-1.41137	-0.163629
1.01	0.315845	-0.173367	0.536667	0.11877	-1.41137	-0.163629
1.015	0.315913	-0.173365	0.536669	0.11877	-1.41137	-0.163629
1.02	0.315917	-0.173358	0.536655	0.117157	-1.41024	-0.161407
1.025	0.315985	-0.173356	0.536658	0.117157	-1.41024	-0.161407
1.03	0.316053	-0.173354	0.53666	0.117157	-1.41024	-0.161407
1.035	0.316057	-0.173347	0.536646	0.115535	-1.40911	-0.159171
1.04	0.316125	-0.173346	0.536648	0.115535	-1.40911	-0.159171
1.045	0.316194	-0.173344	0.536651	0.115535	-1.40911	-0.159171
1.05	0.316198	-0.173337	0.536637	0.113904	-1.40796	-0.156924
1.055	0.316267	-0.173335	0.536639	0.113904	-1.40796	-0.156924
1.06	0.316335	-0.173333	0.536642	0.113904	-1.40796	-0.156924
1.065	0.316339	-0.173326	0.536628	0.112264	-1.40681	-0.154665
1.07	0.316409	-0.173324	0.53663	0.112264	-1.40681	-0.154665
1.075	0.316478	-0.173322	0.536633	0.112264	-1.40681	-0.154665
1.08	0.316482	-0.173316	0.536618	0.110617	-1.40566	-0.152396
1.085	0.316551	-0.173313	0.536621	0.110617	-1.40566	-0.152396
1.09	0.31662	-0.173311	0.536624	0.110617	-1.40566	-0.152396
1.095	0.316624	-0.173305	0.536609	0.108962	-1.4045	-0.150116
1.1	0.316694	-0.173302	0.536612	0.108962	-1.4045	-0.150116
1.105	0.316764	-0.1733	0.536614	0.108962	-1.4045	-0.150116
1.11	0.316768	-0.173294	0.5366	0.107301	-1.40333	-0.147828
1.115	0.316838	-0.173292	0.536602	0.107301	-1.40333	-0.147828
1.12	0.316908	-0.173289	0.536605	0.107301	-1.40333	-0.147828
1.125	0.316912	-0.173283	0.536591	0.105634	-1.40216	-0.145531
1.13	0.316982	-0.173281	0.536593	0.105634	-1.40216	-0.145531
1.135	0.317052	-0.173278	0.536596	0.105634	-1.40216	-0.145531
1.14	0.317056	-0.173272	0.536581	0.103962	-1.40099	-0.143227
1.145	0.317126	-0.17327	0.536584	0.103962	-1.40099	-0.143227
1.15	0.317197	-0.173267	0.536586	0.103962	-1.40099	-0.143227
1.155	0.317201	-0.173261	0.536572	0.102284	-1.39981	-0.140916
1.16	0.317271	-0.173259	0.536574	0.102284	-1.39981	-0.140916
1.165	0.317342	-0.173256	0.536577	0.102284	-1.39981	-0.140916
1.17	0.317346	-0.17325	0.536563	0.100603	-1.39864	-0.138599
1.175	0.317417	-0.173248	0.536565	0.100603	-1.39864	-0.138599
1.18	0.317487	-0.173245	0.536567	0.100603	-1.39864	-0.138599
1.185	0.317491	-0.17324	0.536553	0.0989175	-1.39745	-0.136277
1.19	0.317562	-0.173237	0.536556	0.0989175	-1.39745	-0.136277
1.195	0.317633	-0.173234	0.536558	0.0989175	-1.39745	-0.136277
1.2	0.317637	-0.173229	0.536544	0.0972292	-1.39627	-0.133951
1.205	0.317708	-0.173225	0.536546	0.0972292	-1.39627	-0.133951
1.21	0.317779	-0.173222	0.536548	0.0972292	-1.39627	-0.133951
1.215	0.317783	-0.173218	0.536534	0.0955384	-1.39508	-0.131622
1.22	0.317854	-0.173214	0.536537	0.0955384	-1.39508	-0.131622
1.225	0.317925	-0.173211	0.536539	0.0955384	-1.39508	-0.131622
1.23	0.317929	-0.173207	0.536525	0.0938458	-1.3939	-0.12929
1.235	0.318	-0.173203	0.536527	0.0938458	-1.3939	-0.12929
1.24	0.318071	-0.1732	0.536529	0.0938458	-1.3939	-0.12929
1.245	0.318075	-0.173196	0.536515	0.092152	-1.39271	-0.126957
1.25	0.318146	-0.173192	0.536518	0.092152	-1.39271	-0.126957
1.255	0.318217	-0.173189	0.53652	0.092152	-1.39271	-0.126957
1.26	0.318221	-0.173185	0.536506	0.0904574	-1.39152	-0.124622
1.265	0.318292	-0.173181	0.536508	0.0904574	-1.39152	-0.124622
1.27	0.318364	-0.173178	0.53651	0.0904574	-1.39152	-0.124622
1.275	0.318367	-0.173174	0.536496	0.0887628	-1.39033	-0.122287
1.28	0.318438	-0.17317	0.536499	0.0887628	-1.39033	-0.122287
1.285	0.31851	-0.173166	0.536501	0.0887628	-1.39033	-0.122287
1.29	0.318513	-0.173163	0.536487	0.0870688	-1.38915	-0.119954
1.295	0.318585	-0.173159	0.536489	0.0870688	-1.38915	-0.119954
1.3	0.318656	-0.173155	0.536491	0.0870688	-1.38915	-0.119954
1.305	0.318659	-0.173152	0.536477	0.0853758	-1.38796	-0.117621
1.31	0.31873	-0.173148	0.53648	0.0853758	-1.38796	-0.117621
1.315	0.318802	-0.173144	0.536482	0.0853758	-1.38796	-0.117621
1.32	0.318805	-0.173141	0.536468	0.0836846	-1.38677	-0.115291
1.325	0.318876	-0.173137	0.53647	0.0836846	-1.38677	-0.115291
1.33	0.318947	-0.173133	0.536472	0.0836846	-1.38677	-0.115291
1.335	0.318951	-0.17313	0.536459	0.0819957	-1.38559	-0.112964
1.34	0.319022	-0.173126	0.536461	0.0819957	-1.38559	-0.112964
1.345	0.319093	-0.173122	0.536463	0.0819957	-1.38559	-0.112964
1.35	0.319096	-0.173119	0.536449	0.0803097	-1.38441	-0.110642
1.355	0.319167	-0.173115	0.536451	0.0803097	-1.38441	-0.110642
1.36	0.319238	-0.17311	0.536453	0.0803097	-1.38441	-0.110642
1.365	0.319241	-0.173108	0.53644	0.0786272	-1.38323	-0.108324
1.37	0.319312	-0.173104	0.536442	0.0786272	-1.38323	-0.108324
1.375	0.319382	-0.173099	0.536444	0.0786272	-1.38323	-0.108324
1.38	0.319386	-0.173097	0.53643	0.0769488	-1.38205	-0.106011
1.385	0.319456	-0.173093	0.536432	0.0769488	-1.38205	-0.106011
1.39	0.319527	-0.173088	0.536434	0.0769488	-1.38205	-0.106011
1.395	0.31953	-0.173086	0.536421	0.0752752	-1.38088	-0.103706
1.4	0.319601	-0.173082	0.536423	0.0752752	-1.38088	-0.103706
1.405	0.319671	-0.173077	0.536425	0.0752752	-1.38088	-0.103706
1.41	0.319674	-0.173075	0.536412	0.0736068	-1.37971	-0.101407
1.415	0.319744	-0.173071	0.536414	0.0736068	-1.37971	-0.101407
1.42	0.319814	-0.173066	0.536416	0.0736068	-1.37971	-0.101407
1.425	0.319817	-0.173064	0.536402	0.0719442	-1.37854	-0.0991167
1.43	0.319887	-0.17306	0.536404	0.0719442	-1.37854	-0.0991167
1.435	0.319957	-0.173055	0.536406	0.0719442	-1.37854	-0.0991167
1.44	0.31996	-0.173054	0.536393	0.0702882	-1.37738	-0.0968351
1.445	0.32003	-0.173049	0.536395	0.0702882	-1.37738	-0.0968351
1.45	0.320099	-0.173044	0.536397	0.0702882	-1.37738	-0.0968351
1.455	0.320102	-0.173043	0.536384	0.0686391	-1.37622	-0.0945633
1.46	0.320171	-0.173038	0.536386	0.0686391	-1.37622	-0.0945633
1.465	0.32024	-0.173034	0.536388	0.0686391	-1.37622	-0.0945633
1.47	0.320244	-0.173032	0.536375	0.0669977	-1.37507	-0.0923019
1.475	0.320313	-0.173028	0.536377	0.0669977	-1.37507	-0.0923019
1.48	0.320381	-0.173023	0.536378	0.0669977	-1.37507	-0.0923019
1.485	0.320385	-0.173022	0.536366	0.0653645	-1.37393	-0.0900519
1.49	0.320453	-0.173017	0.536367	0.0653645	-1.37393	-0.0900519
1.495	0.320521	-0.173012	0.536369	0.0653645	-1.37393	-0.0900519
1.5	0.320525	-0.173011	0.536357	0.0637401	-1.37279	-0.0878139
1.505	0.320593	-0.173006	0.536358	0.0637401	-1.37279	-0.0878139
1.51	0.32066	-0.173001	0.53636	0.0637401	-1.37279	-0.0878139
1.515	0.320664	-0.173001	0.536347	0.062125	-1.37166	-0.0855889
1.52	0.320731	-0.172996	0.536349	0.062125	-1.37166	-0.0855889
1.525	0.320799	-0.172991	0.536351	0.062125	-1.37166	-0.0855889
1.53	0.320802	-0.17299	0.536338	0.0605198	-1.37053	-0.0833774
1.535	0.320869	-0.172985	0.53634	0.0605198	-1.37053	-0.0833774
1.54	0.320936	-0.17298	0.536342	0.0605198	-1.37053	-0.0833774
1.545	0.320939	-0.17298	0.53633	0.0589252	-1.36941	-0.0811805
1.55	0.321006	-0.172975	0.536331	0.0589252	-1.36941	-0.0811805
1.555	0.321073	-0.17297	0.536333	0.0589252	-1.36941	-0.0811805
1.56	0.321076	-0.17297	0.536321	0.0573415	-1.3683	-0.0789987
1.565	0.321142	-0.172965	0.536322	0.0573415	-1.3683	-0.0789987
1.57	0.321208	-0.172959	0.536324	0.0573415	-1.3683	-0.0789987
1.575	0.321211	-0.172959	0.536312	0.0557695	-1.3672	-0.076833
1.58	0.321277	-0.172954	0.536314	0.0557695	-1.3672	-0.076833
1.585	0.321343	-0.172949	0.536315	0.0557695	-1.3672	-0.076833
1.59	0.321346	-0.172949	0.536303	0.0542096	-1.36611	-0.0746839
1.595	0.321411	-0.172944	0.536305	0.0542096	-1.36611	-0.0746839
1.6	0.321476	-0.172939	0.536306	0.0542096	-1.36611	-0.0746839
1.605	0.321479	-0.172939	0.536295	0.0526625	-1.36502	-0.0725524
1.61	0.321544	-0.172934	0.536296	0.0526625	-1.36502	-0.0725524
1.615	0.321608	-0.172929	0.536298	0.0526625	-1.36502	-0.0725524
1.62	0.321611	-0.172929	0.536286	0.0511286	-1.36395	-0.0704392
1.625	0.321675	-0.172924	0.536288	0.0511286	-1.36395	-0.0704392
1.63	0.321739	-0.172919	0.536289	0.0511286	-1.36395	-0.0704392
1.635	0.321803	-0.172914	0.536291	0.0511286	-1.36395	-0.0704392
1.64	0.321787	-0.172916	0.536275	0.0491569	-1.36256	-0.0677228
1.645	0.321851	-0.172911	0.536277	0.0491569	-1.36256	-0.0677228
1.65	0.321914	-0.172905	0.536278	0.0491569	-1.36256	-0.0677228
1.655	0.321915	-0.172906	0.536266	0.0476093	-1.36148	-0.0655908
1.66	0.321977	-0.172901	0.536268	0.0476093	-1.36148	-0.0655908
1.665	0.32204	-0.172896	0.536269	0.0476093	-1.36148	-0.0655908
1.67	0.322102	-0.17289	0.536271	0.0476093	-1.36148	-0.0655908
1.675	0.322087	-0.172893	0.536256	0.0456777	-1.36012	-0.0629295
1.68	0.322149	-0.172888	0.536257	0.0456777	-1.36012	-0.0629295
1.685	0.32221	-0.172883	0.536258	0.0456777	-1.36012	-0.0629295
1.69	0.322271	-0.172877	0.53626	0.0456777	-1.36012	-0.0629295
1.695	0.322255	-0.172881	0.536245	0.043732	-1.35876	-0.0602489
1.7	0.322316	-0.172875	0.536246	0.043732	-1.35876	-0.0602489
1.705	0.322376	-0.17287	0.536248	0.043732	-1.35876	-0.0602489
1.71	0.322437	-0.172865	0.536249	0.043732	-1.35876	-0.0602489
1.715	0.32242	-0.172868	0.536234	0.0418111	-1.35741	-0.0576025
1.72	0.32248	-0.172863	0.536235	0.0418111	-1.35741	-0.0576025
1.725	0.32254	-0.172858	0.536237	0.0418111	-1.35741	-0.0576025
1.73	0.322599	-0.172852	0.536238	0.0418111	-1.35741	-0.0576025
1.735	0.322583	-0.172856	0.536223	0.0399202	-1.35609	-0.0549974
1.74	0.322642	-0.172851	0.536225	0.0399202	-1.35609	-0.0549974
1.745	0.3227	-0.172845	0.536226	0.0399202	-1.35609	-0.0549974
1.75	0.322759	-0.17284	0.536227	0.0399202	-1.35609	-0.0549974
1.755	0.322743	-0.172844	0.536213	0.0380607	-1.35478	-0.0524356
1.76	0.322801	-0.172839	0.536214	0.0380607	-1.35478	-0.0524356
1.765	0.322858	-0.172833	0.536216	0.0380607	-1.35478	-0.0524356
1.77	0.322916	-0.172828	0.536217	0.0380607	-1.35478	-0.0524356
1.775	0.3229	-0.172832	0.536203	0.0362339	-1.3535	-0.0499189
1.78	0.322957	-0.172827	0.536204	0.0362339	-1.3535	-0.0499189
1.785	0.323013	-0.172821	0.536205	0.0362339	-1.3535	-0.0499189
1.79	0.323069	-0.172816	0.536206	0.0362339	-1.3535	-0.0499189
1.795	0.323054	-0.172821	0.536193	0.034441	-1.35225	-0.0474489
1.8	0.32311	-0.172815	0.536194	0.034441	-1.35225	-0.0474489
1.805	0.323165	-0.17281	0.536195	0.034441	-1.35225	-0.0474489
1.81	0.32322	-0.172805	0.536196	0.034441	-1.35225	-0.0474489
1.815	0.323205	-0.172809	0.536183	0.0326831	-1.35101	-0.045027
1.82	0.32326	-0.172804	0.536184	0.0326831	-1.35101	-0.045027
1.825	0.323314	-0.172799	0.536185	0.0326831	-1.35101	-0.045027
1.83	0.323368	-0.172793	0.536186	0.0326831	-1.35101	-0.045027
1.835	0.323353	-0.172798	0.536173	0.0309613	-1.34981	-0.0426549
1.84	0.323407	-0.172793	0.536174	0.0309613	-1.34981	-0.0426549
1.845	0.32346	-0.172788	0.536175	0.0309613	-1.34981	-0.0426549
1.85	0.323513	-0.172782	0.536176	0.0309613	-1.34981	-0.0426549
1.855	0.323498	-0.172787	0.536164	0.0292766	-1.34863	-0.040334
1.86	0.32355	-0.172782	0.536165	0.0292766	-1.34863	-0.040334
1.865	0.323602	-0.172777	0.536166	0.0292766	-1.34863	-0.040334
1.87	0.323654	-0.172771	0.536167	0.0292766	-1.34863	-0.040334
1.875	0.32364	-0.172777	0.536155	0.0276302	-1.34747	-0.0380657
1.88	0.32369	-0.172771	0.536156	0.0276302	-1.34747	-0.0380657
1.885	0.323741	-0.172766	0.536157	0.0276302	-1.34747	-0.0380657
1.89	0.323791	-0.172761	0.536158	0.0276302	-1.34747	-0.0380657
1.895	0.323778	-0.172766	0.536146	0.026023	-1.34634	-0.0358514
1.9	0.323827	-0.172761	0.536147	0.026023	-1.34634	-0.0358514
1.905	0.323877	-0.172756	0.536148	0.026023	-1.34634	-0.0358514
1.91	0.323926	-0.172751	0.536148	0.026023	-1.34634	-0.0358514
1.915	0.323912	-0.172756	0.536137	0.024456	-1.34525	-0.0336927
1.92	0.323961	-0.172751	0.536138	0.024456	-1.34525	-0.0336927
1.925	0.324009	-0.172746	0.536139	0.024456	-1.34525	-0.0336927
1.93	0.324056	-0.172741	0.53614	0.024456	-1.34525	-0.0336927
1.935	0.324043	-0.172746	0.536128	0.0229303	-1.34418	-0.0315907
1.94	0.32409	-0.172741	0.536129	0.0229303	-1.34418	-0.0315907
1.945	0.324137	-0.172736	0.53613	0.0229303	-1.34418	-0.0315907
1.95	0.324183	-0.172731	0.536131	0.0229303	-1.34418	-0.0315907
1.955	0.324229	-0.172726	0.536132	0.0229303	-1.34418	-0.0315907
1.96	0.324203	-0.172734	0.536118	0.021121	-1.34291	-0.029098
1.965	0.324249	-0.172729	0.536119	0.021121	-1.34291	-0.029098
1.97	0.324294	-0.172724	0.53612	0.021121	-1.34291	-0.029098
1.975	0.324338	-0.172719	0.536121	0.021121	-1.34291	-0.029098
1.98	0.324383	-0.172715	0.536122	0.021121	-1.34291	-0.029098
1.985	0.324356	-0.172723	0.536108	0.0193435	-1.34166	-0.0266492
1.99	0.3244	-0.172718	0.536109	0.0193435	-1.34166	-0.0266492
1.995	0.324443	-0.172713	0.53611	0.0193435	-1.34166	-0.0266492
2.0	0.324486	-0.172708	0.536111	0.0193435	-1.34166	-0.0266492
2.005	0.324528	-0.172704	0.536111	0.0193435	-1.34166	-0.0266492
2.01	0.324503	-0.172712	0.536099	0.0176319	-1.34046	-0.0242911
2.015	0.324545	-0.172707	0.5361	0.0176319	-1.34046	-0.0242911
2.02	0.324586	-0.172702	0.5361	0.0176319	-1.34046	-0.0242911
2.025	0.324627	-0.172698	0.536101	0.0176319	-1.34046	-0.0242911
2.03	0.324668	-0.172693	0.536102	0.0176319	-1.34046	-0.0242911
2.035	0.324643	-0.172701	0.53609	0.015991	-1.33931	-0.0220304
2.04	0.324683	-0.172697	0.53609	0.015991	-1.33931	-0.0220304
2.045	0.324723	-0.172692	0.536091	0.015991	-1.33931	-0.0220304
2.05	0.324762	-0.172688	0.536092	0.015991	-1.33931	-0.0220304
2.055	0.324801	-0.172683	0.536092	0.015991	-1.33931	-0.0220304
2.06	0.324778	-0.172691	0.536081	0.0144227	-1.33821	-0.0198699
2.065	0.324816	-0.172687	0.536081	0.0144227	-1.33821	-0.0198699
2.07	0.324854	-0.172682	0.536082	0.0144227	-1.33821	-0.0198699
2.075	0.324891	-0.172678	0.536083	0.0144227	-1.33821	-0.0198699
2.08	0.324928	-0.172674	0.536083	0.0144227	-1.33821	-0.0198699
2.085	0.324965	-0.17267	0.536084	0.0144227	-1.33821	-0.0198699
2.09	0.324932	-0.172679	0.536071	0.0126702	-1.33698	-0.0174554
2.095	0.324967	-0.172675	0.536072	0.0126702	-1.33698	-0.0174554
2.1	0.325003	-0.172671	0.536072	0.0126702	-1.33698	-0.0174554
2.105	0.325038	-0.172667	0.536073	0.0126702	-1.33698	-0.0174554
2.11	0.325073	-0.172663	0.536073	0.0126702	-1.33698	-0.0174554
2.115	0.325107	-0.172659	0.536074	0.0126702	-1.33698	-0.0174554
2.12	0.325075	-0.172668	0.536062	0.0109972	-1.33581	-0.0151506
2.125	0.325108	-0.172665	0.536062	0.0109972	-1.33581	-0.0151506
2.13	0.325141	-0.172661	0.536063	0.0109972	-1.33581	-0.0151506
2.135	0.325174	-0.172657	0.536063	0.0109972	-1.33581	-0.0151506
2.14	0.325206	-0.172653	0.536064	0.0109972	-1.33581	-0.0151506
2.145	0.325238	-0.172649	0.536064	0.0109972	-1.33581	-0.0151506
2.15	0.325208	-0.172659	0.536053	0.00943292	-1.33471	-0.0129955
2.155	0.325239	-0.172655	0.536053	0.00943292	-1.33471	-0.0129955
2.16	0.32527	-0.172651	0.536054	0.00943292	-1.33471	-0.0129955
2.165	0.3253	-0.172648	0.536054	0.00943292	-1.33471	-0.0129955
2.17	0.32533	-0.172644	0.536055	0.00943292	-1.33471	-0.0129955
2.175	0.32536	-0.172641	0.536055	0.00943292	-1.33471	-0.0129955
2.18	0.325389	-0.172637	0.536056	0.00943292	-1.33471	-0.0129955
2.185	0.325352	-0.172648	0.536044	0.00777728	-1.33355	-0.0107145
2.19	0.325381	-0.172644	0.536044	0.00777728	-1.33355	-0.0107145
2.195	0.325408	-0.172641	0.536045	0.00777728	-1.33355	-0.0107145
2.2	0.325436	-0.172638	0.536045	0.00777728	-1.33355	-0.0107145
2.205	0.325463	-0.172634	0.536045	0.00777728	-1.33355	-0.0107145
2.21	0.32549	-0.172631	0.536046	0.00777728	-1.33355	-0.0107145
2.215	0.325516	-0.172628	0.536046	0.00777728	-1.33355	-0.0107145
2.22	0.325482	-0.172638	0.536035	0.00625471	-1.33248	-0.00861693
2.225	0.325507	-0.172635	0.536036	0.00625471	-1.33248	-0.00861693
2.23	0.325532	-0.172632	0.536036	0.00625471	-1.33248	-0.00861693
2.235	0.325557	-0.172629	0.536036	0.00625471	-1.33248	-0.00861693
2.24	0.325581	-0.172626	0.536037	0.00625471	-1.33248	-0.00861693
2.245	0.325605	-0.172623	0.536037	0.00625471	-1.33248	-0.00861693
2.25	0.325628	-0.17262	0.536037	0.00625471	-1.33248	-0.00861693
2.255	0.325651	-0.172617	0.536038	0.00625471	-1.33248	-0.00861693
2.26	0.325613	-0.172628	0.536027	0.00473013	-1.33141	-0.00651652
2.265	0.325635	-0.172625	0.536027	0.00473013	-1.33141	-0.00651652
2.27	0.325657	-0.172623	0.536027	0.00473013	-1.33141	-0.00651652
2.275	0.325678	-0.17262	0.536028	0.00473013	-1.33141	-0.00651652
2.28	0.325699	-0.172618	0.536028	0.00473013	-1.33141	-0.00651652
2.285	0.325719	-0.172615	0.536028	0.00473013	-1.33141	-0.00651652
2.29	0.325739	-0.172613	0.536028	0.00473013	-1.33141	-0.00651652
2.295	0.325759	-0.17261	0.536029	0.00473013	-1.33141	-0.00651652
2.3	0.325778	-0.172608	0.536029	0.00473013	-1.33141	-0.00651652
2.305	0.325797	-0.172606	0.536029	0.00473013	-1.33141	-0.00651652
2.31	0.325752	-0.172618	0.536018	0.00313463	-1.3303	-0.0043184
2.315	0.32577	-0.172615	0.536018	0.00313463	-1.3303	-0.0043184
2.32	0.325787	-0.172613	0.536018	0.00313463	-1.3303	-0.0043184
2.325	0.325804	-0.172611	0.536018	0.00313463	-1.3303	-0.0043184
2.33	0.325821	-0.172609	0.536019	0.00313463	-1.3303	-0.0043184
2.335	0.325837	-0.172607	0.536019	0.00313463	-1.3303	-0.0043184
2.34	0.325852	-0.172605	0.536019	0.00313463	-1.3303	-0.0043184
2.345	0.325867	-0.172603	0.536019	0.00313463	-1.3303	-0.0043184
2.35	0.325882	-0.172601	0.53602	0.00313463	-1.3303	-0.0043184
2.355	0.325897	-0.1726	0.53602	0.00313463	-1.3303	-0.0043184
2.36	0.32591	-0.172598	0.53602	0.00313463	-1.3303	-0.0043184
2.365	0.325924	-0.172596	0.53602	0.00313463	-1.3303	-0.0043184
2.37	0.325937	-0.172595	0.53602	0.00313463	-1.3303	-0.0043184
2.375	0.325888	-0.172607	0.536009	0.00155948	-1.32919	-0.00214833
2.38	0.3259	-0.172606	0.536009	0.00155948	-1.32919	-0.00214833
2.385	0.325911	-0.172604	0.536009	0.00155948	-1.32919	-0.00214833
2.39	0.325923	-0.172603	0.536009	0.00155948	-1.32919	-0.00214833
2.395	0.325934	-0.172602	0.53601	0.00155948	-1.32919	-0.00214833
2.4	0.325944	-0.1726	0.53601	0.00155948	-1.32919	-0.00214833
2.405	0.325954	-0.172599	0.53601	0.00155948	-1.32919	-0.00214833
2.41	0.325963	-0.172598	0.53601	0.00155948	-1.32919	-0.00214833
2.415	0.325972	-0.172597	0.53601	0.00155948	-1.32919	-0.00214833
2.42	0.32598	-0.172596	0.53601	0.00155948	-1.32919	-0.00214833
2.425	0.325988	-0.172595	0.53601	0.00155948	-1.32919	-0.00214833
2.43	0.325996	-0.172594	0.53601	0.00155948	-1.32919	-0.00214833
2.435	0.326004	-0.172593	0.536011	0.00155948	-1.32919	-0.00214833
2.44	0.326011	-0.172592	0.536011	0.00155948	-1.32919	-0.00214833
2.445	0.326017	-0.172591	0.536011	0.00155948	-1.32919	-0.00214833
2.45	0.326023	-0.17259	0.536011	0.00155948	-1.32919	-0.00214833
2.455	0.326029	-0.17259	0.536011	0.00155948	-1.32919	-0.00214833
2.46	0.326034	-0.172589	0.536011	0.00155948	-1.32919	-0.00214833
2.465	0.326039	-0.172588	0.536011	0.00155948	-1.32919	-0.00214833
2.47	0.326043	-0.172588	0.536011	0.00155948	-1.32919	-0.00214833
2.475	0.326047	-0.172587	0.536011	0.00155948	-1.32919	-0.00214833
2.48	0.32605	-0.172587	0.536011	0.00155948	-1.32919	-0.00214833
2.485	0.326053	-0.172587	0.536011	0.00155948	-1.32919	-0.00214833
2.49	0.326055	-0.172586	0.536011	0.00155948	-1.32919	-0.00214833
2.495	0.326057	-0.172586	0.536011	0.00155948	-1.32919	-0.00214833
2.5	0.326059	-0.172586	0.536011	0.00155948	-1.32919	-0.00214833
2.505	0.32606	-0.172586	0.536011	0.00155948	-1.32919	-0.00214833
2.51	0.32606	-0.172586	0.536011	0.00155948	-1.32919	-0.00214833
2.515	0.326061	-0.172586	0.536011	0.00155948	-1.32919	-0.00214833
2.52	0.326061	-0.172586	0.536011	0.00155948	-1.32919	-0.00214833
2.525	0.326061	-0.172586	0.536011	0.00155948	-1.32919	-0.00214833
2.53	0.326061	-0.172586	0.536011	0.00155948	-1.32919	-0.00214833
2.535	0.326062	-0.172586	0.53601	0.00155948	-1.32919	-0.00214833
2.54	0.326062	-0.172586	0.536009	0.00155948	-1.32919	-0.00214834
2.545	0.326063	-0.172587	0.536008	0.00155948	-1.32919	-0.00214834
2.55	0.326063	-0.172587	0.536007	0.00155948	-1.32919	-0.00214834
2.555	0.326064	-0.172587	0.536006	0.00155948	-1.32919	-0.00214834
2.56	0.326064	-0.172588	0.536004	0.00155948	-1.32919	-0.00214834
2.565	0.326065	-0.172588	0.536003	0.00155948	-1.32919	-0.00214834
2.57	0.326015	-0.172599	0.535992	0.000157937	-1.32829	7.8549e-05
2.575	0.326016	-0.172599	0.53599	0.000157938	-1.32829	7.8549e-05
2.58	0.326017	-0.1726	0.535988	0.000157938	-1.32829	7.85489e-05
2.585	0.326018	-0.172601	0.535985	0.000157938	-1.32829	7.85488e-05
2.59	0.326019	-0.172601	0.535983	0.000157938	-1.32829	7.85487e-05
2.595	0.32602	-0.172602	0.53598	0.000157938	-1.32829	7.85486e-05
2.6	0.326022	-0.172603	0.535978	0.000157938	-1.32829	7.85485e-05
2.605	0.326023	-0.172604	0.535975	0.000157938	-1.32829	7.85484e-05
2.61	0.326025	-0.172605	0.535972	0.000157938	-1.32829	7.85482e-05
2.615	0.326026	-0.172606	0.535968	0.000157938	-1.32829	7.85481e-05
2.62	0.326028	-0.172607	0.535965	0.000157939	-1.32829	7.85479e-05
2.625	0.32603	-0.172608	0.535961	0.000157939	-1.32829	7.85477e-05
2.63	0.326031	-0.172609	0.535957	0.000157939	-1.32829	7.85475e-05
2.635	0.326033	-0.172611	0.535953	0.000157939	-1.32829	7.85472e-05
2.64	0.326047	-0.172601	0.535952	1.50036e-05	-1.32856	0.00153303
2.645	0.326049	-0.172602	0.535947	1.50039e-05	-1.32856	0.00153303
2.65	0.326051	-0.172604	0.535943	1.50042e-05	-1.32856	0.00153303
2.655	0.326053	-0.172605	0.535938	1.50045e-05	-1.32856	0.00153303
2.66	0.326056	-0.172607	0.535933	1.50048e-05	-1.32856	0.00153303
2.665	0.326058	-0.172608	0.535928	1.50052e-05	-1.32856	0.00153303
2.67	0.32606	-0.17261	0.535923	1.50056e-05	-1.32856	0.00153303
2.675	0.326063	-0.172611	0.535918	1.5006e-05	-1.32856	0.00153303
2.68	0.326082	-0.172601	0.535916	5.20087e-07	-1.3289	0.00280391
2.685	0.326085	-0.172603	0.53591	5.20559e-07	-1.3289	0.00280391
2.69	0.326088	-0.172605	0.535904	5.21059e-07	-1.3289	0.00280391
2.695	0.32609	-0.172607	0.535898	5.21587e-07	-1.3289	0.00280391
2.7	0.326093	-0.172608	0.535892	5.22145e-07	-1.3289	0.00280391
2.705	0.326096	-0.17261	0.535886	5.22733e-07	-1.3289	0.00280391
2.71	0.326099	-0.172612	0.53588	5.23351e-07	-1.3289	0.00280391
2.715	0.326121	-0.172601	0.535877	-1.12711e-06	-1.32929	0.00416414
2.72	0.326124	-0.172603	0.53587	-1.12643e-06	-1.32929	0.00416414
2.725	0.326128	-0.172605	0.535863	-1.12571e-06	-1.32929	0.00416414
2.73	0.326131	-0.172608	0.535856	-1.12496e-06	-1.32929	0.00416414
2.735	0.326135	-0.17261	0.535849	-1.12418e-06	-1.32929	0.00416413
2.74	0.326138	-0.172612	0.535841	-1.12335e-06	-1.32929	0.00416413
2.745	0.32616	-0.172601	0.535837	-1.32526e-06	-1.32969	0.00553851
2.75	0.326164	-0.172604	0.53583	-1.32436e-06	-1.32969	0.00553851
2.755	0.326168	-0.172606	0.535821	-1.32342e-06	-1.32969	0.00553851
2.76	0.326172	-0.172609	0.535814	-1.32262e-06	-1.32969	0.00553851
2.765	0.326176	-0.172611	0.535805	-1.32162e-06	-1.32969	0.00553851
2.77	0.326197	-0.172601	0.535801	-1.21197e-06	-1.33006	0.00683364
2.775	0.326202	-0.172604	0.535791	-1.21089e-06	-1.33006	0.00683363
2.78	0.326206	-0.172607	0.535783	-1.20994e-06	-1.33006	0.00683363
2.785	0.32621	-0.17261	0.535774	-1.20896e-06	-1.33006	0.00683363
2.79	0.326215	-0.172612	0.535765	-1.20795e-06	-1.33006	0.00683363
2.795	0.326238	-0.172602	0.535759	-1.38307e-06	-1.33046	0.00823373
2.8	0.326243	-0.172604	0.53575	-1.38198e-06	-1.33046	0.00823373
2.805	0.326247	-0.172607	0.535741	-1.38085e-06	-1.33046	0.00823373
2.81	0.326252	-0.17261	0.535731	-1.37969e-06	-1.33046	0.00823373
2.815	0.326273	-0.172601	0.535725	-1.12651e-06	-1.33081	0.00946944
2.82	0.326278	-0.172604	0.535715	-1.12527e-06	-1.33081	0.00946944
2.825	0.326283	-0.172608	0.535704	-1.124e-06	-1.33081	0.00946944
2.83	0.326288	-0.172611	0.535694	-1.12268e-06	-1.33081	0.00946944
2.835	0.32631	-0.172601	0.535687	-1.18878e-06	-1.33118	0.0107588
2.84	0.326315	-0.172605	0.535677	-1.18738e-06	-1.33118	0.0107588
2.845	0.32632	-0.172608	0.535666	-1.18595e-06	-1.33118	0.0107588
2.85	0.326326	-0.172612	0.535655	-1.18448e-06	-1.33118	0.0107588
2.855	0.326349	-0.172601	0.535648	-1.32246e-06	-1.33157	0.0121221
2.86	0.326355	-0.172605	0.535637	-1.3209e-06	-1.33157	0.0121221
2.865	0.32636	-0.172609	0.535626	-1.3193e-06	-1.33157	0.0121221
2.87	0.326366	-0.172612	0.535614	-1.31766e-06	-1.33157	0.0121221
2.875	0.326391	-0.172602	0.535607	-1.47205e-06	-1.33198	0.01356
2.88	0.326396	-0.172605	0.535595	-1.47032e-06	-1.33198	0.01356
2.885	0.326402	-0.172609	0.535583	-1.46855e-06	-1.33198	0.01356
2.89	0.326408	-0.172613	0.535571	-1.46674e-06	-1.33198	0.01356
2.895	0.326434	-0.172602	0.535563	-1.62828e-06	-1.33242	0.0150714
2.9	0.32644	-0.172606	0.535551	-1.62638e-06	-1.33242	0.0150714
2.905	0.326446	-0.17261	0.535538	-1.62443e-06	-1.33242	0.0150714
2.91	0.326452	-0.172614	0.535526	-1.62244e-06	-1.33242	0.0150714
2.915	0.32648	-0.172602	0.535518	-1.78935e-06	-1.33287	0.0166548
2.92	0.326486	-0.172606	0.535505	-1.78727e-06	-1.33287	0.0166548
2.925	0.326492	-0.17261	0.535492	-1.78514e-06	-1.33287	0.0166548
2.93	0.326516	-0.172601	0.535482	-1.23937e-06	-1.33324	0.0179281
2.935	0.326522	-0.172606	0.535469	-1.23715e-06	-1.33324	0.0179281
2.94	0.326528	-0.17261	0.535455	-1.23488e-06	-1.33324	0.0179281
2.945	0.326552	-0.172601	0.535445	-1.1922e-06	-1.3336	0.019206
2.95	0.326559	-0.172606	0.535432	-1.18984e-06	-1.3336	0.019206
2.955	0.326565	-0.17261	0.535418	-1.18743e-06	-1.3336	0.019206
2.96	0.32659	-0.172601	0.535408	-1.24687e-06	-1.33398	0.0205187
2.965	0.326597	-0.172606	0.535394	-1.24436e-06	-1.33398	0.0205187
2.97	0.326604	-0.172611	0.535379	-1.24181e-06	-1.33398	0.0205186
2.975	0.326629	-0.172602	0.535369	-1.31758e-06	-1.33436	0.0218684
2.98	0.326636	-0.172606	0.535355	-1.31493e-06	-1.33436	0.0218684
2.985	0.326643	-0.172611	0.53534	-1.31223e-06	-1.33436	0.0218684
2.99	0.326668	-0.172602	0.535329	-1.39097e-06	-1.33476	0.0232548
2.995	0.326676	-0.172606	0.535314	-1.38818e-06	-1.33476	0.0232548
3.0	0.326683	-0.172611	0.535299	-1.38533e-06	-1.33476	0.0232548
3.005	0.326709	-0.172602	0.535288	-1.4651e-06	-1.33517	0.0246771
3.01	0.326717	-0.172607	0.535273	-1.46216e-06	-1.33517	0.0246771
3.015	0.326724	-0.172612	0.535258	-1.45917e-06	-1.33517	0.0246771
3.02	0.326751	-0.172602	0.535246	-1.53957e-06	-1.33559	0.0261345
3.025	0.326759	-0.172607	0.535231	-1.53648e-06	-1.33559	0.0261345
3.03	0.326766	-0.172612	0.535215	-1.53334e-06	-1.33559	0.0261345
3.035	0.326794	-0.172602	0.535204	-1.61419e-06	-1.33601	0.0276261
3.04	0.326802	-0.172607	0.535188	-1.61095e-06	-1.33601	0.0276261
3.045	0.326809	-0.172612	0.535172	-1.60766e-06	-1.33601	0.0276261
3.05	0.326838	-0.172602	0.53516	-1.68879e-06	-1.33645	0.0291513
3.055	0.326845	-0.172607	0.535143	-1.6854e-06	-1.33645	0.0291512
3.06	0.326853	-0.172613	0.535127	-1.68197e-06	-1.33645	0.0291512
3.065	0.326882	-0.172602	0.535115	-1.76322e-06	-1.3369	0.0307089
3.07	0.32689	-0.172607	0.535098	-1.75968e-06	-1.3369	0.0307089
3.075	0.326898	-0.172613	0.535082	-1.7561e-06	-1.3369	0.0307089
3.08	0.326928	-0.172602	0.535069	-1.83731e-06	-1.33735	0.0322984
3.085	0.326936	-0.172607	0.535052	-1.83362e-06	-1.33735	0.0322984
3.09	0.326944	-0.172613	0.535035	-1.82989e-06	-1.33735	0.0322984
3.095	0.326974	-0.172602	0.535023	-1.9109e-06	-1.33782	0.0339186
3.1	0.326983	-0.172608	0.535006	-1.90707e-06	-1.33782	0.0339186
3.105	0.326991	-0.172614	0.534988	-1.90319e-06	-1.33782	0.0339186
3.11	0.327022	-0.172602	0.534975	-1.98383e-06	-1.33829	0.0355687
3.115	0.32703	-0.172608	0.534958	-1.97985e-06	-1.33829	0.0355687
3.12	0.327039	-0.172614	0.53494	-1.97583e-06	-1.33829	0.0355687
3.125	0.32707	-0.172602	0.534927	-2.05594e-06	-1.33877	0.0372479
3.13	0.327078	-0.172608	0.534909	-2.05181e-06	-1.33877	0.0372479
3.135	0.327087	-0.172614	0.534891	-2.04765e-06	-1.33877	0.0372479
3.14	0.327119	-0.172602	0.534878	-2.12707e-06	-1.33926	0.0389551
3.145	0.327128	-0.172608	0.53486	-2.1228e-06	-1.33926	0.0389551
3.15	0.327136	-0.172614	0.534842	-2.11849e-06	-1.33926	0.038955
3.155	0.327168	-0.172602	0.534829	-2.19706e-06	-1.33976	0.0406893
3.16	0.327177	-0.172608	0.53481	-2.19265e-06	-1.33976	0.0406893
3.165	0.327203	-0.172601	0.534795	-1.2277e-06	-1.34011	0.0419171
3.17	0.327212	-0.172608	0.534776	-1.2232e-06	-1.34011	0.041917
3.175	0.327221	-0.172614	0.534758	-1.21866e-06	-1.34011	0.041917
3.18	0.327253	-0.172602	0.534744	-2.08945e-06	-1.3406	0.0436429
3.185	0.327262	-0.172609	0.534725	-2.08481e-06	-1.3406	0.0436429
3.19	0.327288	-0.172601	0.53471	-1.25788e-06	-1.34096	0.0448947
3.195	0.327297	-0.172608	0.534691	-1.25315e-06	-1.34096	0.0448947
3.2	0.327307	-0.172615	0.534671	-1.24838e-06	-1.34096	0.0448947
3.205	0.32734	-0.172602	0.534657	-2.18362e-06	-1.34147	0.046659
3.21	0.327349	-0.172609	0.534638	-2.17876e-06	-1.34147	0.046659
3.215	0.327375	-0.172602	0.534622	-1.31433e-06	-1.34183	0.0479378
3.22	0.327385	-0.172608	0.534603	-1.30938e-06	-1.34183	0.0479378
3.225	0.327411	-0.172601	0.534587	-1.16234e-06	-1.34219	0.0491778
3.23	0.32742	-0.172608	0.534567	-1.15731e-06	-1.34219	0.0491778
3.235	0.327446	-0.172601	0.534551	-1.15534e-06	-1.34254	0.0504225
3.24	0.327456	-0.172608	0.534532	-1.15022e-06	-1.34254	0.0504225
3.245	0.327482	-0.172601	0.534515	-1.16972e-06	-1.3429	0.051676
3.25	0.327492	-0.172608	0.534495	-1.16452e-06	-1.3429	0.051676
3.255	0.327519	-0.172602	0.534479	-1.18658e-06	-1.34327	0.0529382
3.26	0.327528	-0.172609	0.534459	-1.1813e-06	-1.34327	0.0529382
3.265	0.327555	-0.172602	0.534443	-1.20335e-06	-1.34363	0.054209
3.27	0.327565	-0.172609	0.534423	-1.19799e-06	-1.34363	0.054209
3.275	0.327592	-0.172602	0.534406	-1.21969e-06	-1.344	0.0554881
3.28	0.327602	-0.172609	0.534386	-1.21426e-06	-1.344	0.0554881
3.285	0.327629	-0.172602	0.534369	-1.23555e-06	-1.34436	0.0567751
3.29	0.327639	-0.172609	0.534349	-1.23004e-06	-1.34436	0.0567751
3.295	0.327666	-0.172602	0.534332	-1.25091e-06	-1.34474	0.0580696
3.3	0.327676	-0.172609	0.534312	-1.24533e-06	-1.34474	0.0580696
3.305	0.327703	-0.172602	0.534295	-1.26575e-06	-1.34511	0.0593715
3.31	0.327713	-0.172609	0.534274	-1.2601e-06	-1.34511	0.0593715
3.315	0.32774	-0.172602	0.534257	-1.28006e-06	-1.34548	0.0606803
3.32	0.327751	-0.172609	0.534236	-1.27435e-06	-1.34548	0.0606803
3.325	0.327778	-0.172602	0.53422	-1.29383e-06	-1.34586	0.0619957
3.33	0.327789	-0.172609	0.534199	-1.28804e-06	-1.34586	0.0619957
3.335	0.327816	-0.172602	0.534182	-1.30703e-06	-1.34624	0.0633174
3.34	0.327826	-0.172609	0.534161	-1.30118e-06	-1.34624	0.0633174
3.345	0.327854	-0.172602	0.534144	-1.31965e-06	-1.34662	0.0646451
3.35	0.327865	-0.172609	0.534123	-1.31375e-06	-1.34662	0.0646451
3.355	0.327892	-0.172602	0.534105	-1.33169e-06	-1.347	0.0659784
3.36	0.327903	-0.172609	0.534084	-1.32573e-06	-1.347	0.0659784
3.365	0.327931	-0.172602	0.534067	-1.34314e-06	-1.34738	0.067317
3.37	0.327941	-0.172609	0.534046	-1.33712e-06	-1.34738	0.067317
3.375	0.327969	-0.172602	0.534029	-1.35397e-06	-1.34777	0.0686606
3.38	0.32798	-0.172609	0.534007	-1.34789e-06	-1.34777	0.0686606
3.385	0.328008	-0.172602	0.53399	-1.36418e-06	-1.34816	0.0700089
3.39	0.328018	-0.17261	0.533968	-1.35805e-06	-1.34816	0.0700089
3.395	0.328047	-0.172602	0.533951	-1.37375e-06	-1.34854	0.0713614
3.4	0.328057	-0.17261	0.53393	-1.36758e-06	-1.34854	0.0713614
3.405	0.328085	-0.172602	0.533912	-1.38269e-06	-1.34893	0.0727179
3.41	0.328096	-0.17261	0.533891	-1.37647e-06	-1.34893	0.0727179
3.415	0.328124	-0.172602	0.533873	-1.39097e-06	-1.34932	0.074078
3.42	0.328135	-0.17261	0.533852	-1.38472e-06	-1.34932	0.074078
3.425	0.328163	-0.172602	0.533834	-1.3986e-06	-1.34971	0.0754414
3.43	0.328174	-0.17261	0.533813	-1.3923e-06	-1.34971	0.0754414
3.435	0.328203	-0.172602	0.533795	-1.40555e-06	-1.3501	0.0768078
3.44	0.328213	-0.17261	0.533773	-1.39922e-06	-1.3501	0.0768078
3.445	0.328242	-0.172602	0.533756	-1.41184e-06	-1.3505	0.0781768
3.45	0.328253	-0.17261	0.533734	-1.40547e-06	-1.3505	0.0781768
3.455	0.328281	-0.172602	0.533717	-1.41744e-06	-1.35089	0.079548
3.46	0.328292	-0.17261	0.533695	-1.41104e-06	-1.35089	0.079548
3.465	0.32832	-0.172602	0.533677	-1.42235e-06	-1.35128	0.0809212
3.47	0.328331	-0.17261	0.533655	-1.41593e-06	-1.35128	0.0809211
3.475	0.32836	-0.172602	0.533638	-1.42657e-06	-1.35168	0.0822959
3.48	0.328371	-0.17261	0.533616	-1.42012e-06	-1.35168	0.0822959
3.485	0.328399	-0.172602	0.533598	-1.43009e-06	-1.35207	0.0836719
3.49	0.32841	-0.17261	0.533577	-1.42362e-06	-1.35207	0.0836719
3.495	0.328439	-0.172602	0.533559	-1.43291e-06	-1.35246	0.0850487
3.5	0.32845	-0.17261	0.533537	-1.42642e-06	-1.35246	0.0850487
3.505	0.328478	-0.172602	0.533519	-1.43502e-06	-1.35286	0.0864262
3.51	0.328489	-0.17261	0.533498	-1.42852e-06	-1.35286	0.0864261
3.515	0.328518	-0.172602	0.53348	-1.43643e-06	-1.35325	0.0878038
3.52	0.328529	-0.17261	0.533458	-1.42992e-06	-1.35325	0.0878038
3.525	0.328557	-0.172602	0.533441	-1.43712e-06	-1.35365	0.0891813
3.53	0.328568	-0.17261	0.533419	-1.43061e-06	-1.35365	0.0891813
3.535	0.328597	-0.172602	0.533401	-1.43711e-06	-1.35404	0.0905583
3.54	0.328608	-0.17261	0.533379	-1.43059e-06	-1.35404	0.0905583
3.545	0.328636	-0.172602	0.533362	-1.43638e-06	-1.35444	0.0919345
3.55	0.328647	-0.17261	0.53334	-1.42986e-06	-1.35444	0.0919345
3.555	0.328675	-0.172602	0.533322	-1.43494e-06	-1.35483	0.0933095
3.56	0.328686	-0.17261	0.5333	-1.42843e-06	-1.35483	0.0933095
3.565	0.328715	-0.172602	0.533283	-1.4328e-06	-1.35522	0.0946831
3.57	0.328726	-0.17261	0.533261	-1.42628e-06	-1.35522	0.094683
3.575	0.328754	-0.172602	0.533244	-1.42994e-06	-1.35562	0.0960547
3.58	0.328765	-0.17261	0.533222	-1.42343e-06	-1.35562	0.0960547
3.585	0.328793	-0.172602	0.533204	-1.42637e-06	-1.35601	0.0974242
3.59	0.328804	-0.17261	0.533183	-1.41988e-06	-1.35601	0.0974242
3.595	0.328832	-0.172602	0.533165	-1.4221e-06	-1.3564	0.0987912
3.6	0.328843	-0.17261	0.533144	-1.41562e-06	-1.3564	0.0987912
3.605	0.328872	-0.172602	0.533126	-1.41713e-06	-1.35679	0.100155
3.61	0.328883	-0.17261	0.533105	-1.41067e-06	-1.35679	0.100155
3.615	0.328883	-0.17261	0.533105	-3.56659e-05	-1.35733	0.101571
3.62	0.328867	-0.172609	0.533103	-7.05186e-05	-1.35749	0.101626
3.625	0.328852	-0.172608	0.5331	-0.000105152	-1.35764	0.10168
3.63	0.328837	-0.172608	0.533098	-0.00013981	-1.35779	0.101733
3.635	0.328822	-0.172607	0.533094	-0.000173815	-1.35794	0.101785
3.64	0.328807	-0.172607	0.533091	-0.000207889	-1.3581	0.101837
3.645	0.328793	-0.172607	0.533087	-0.000241398	-1.35825	0.101889
3.65	0.328778	-0.172607	0.533084	-0.000275052	-1.3584	0.10194
3.655	0.328764	-0.172606	0.53308	-0.000308219	-1.35854	0.10199
3.66	0.32875	-0.172606	0.533076	-0.000341586	-1.35869	0.102041
3.665	0.328736	-0.172606	0.533072	-0.000374525	-1.35884	0.10209
3.67	0.328723	-0.172607	0.533068	-0.000407701	-1.35899	0.10214
3.675	0.328709	-0.172607	0.533063	-0.000440492	-1.35914	0.102189
3.68	0.328696	-0.172607	0.533059	-0.000473545	-1.35928	0.102238
3.685	0.328682	-0.172607	0.533055	-0.000506245	-1.35943	0.102287
3.69	0.328669	-0.172608	0.533051	-0.000539224	-1.35958	0.102335
3.695	0.328656	-0.172608	0.533046	-0.000571872	-1.35972	0.102384
3.7	0.328643	-0.172609	0.533042	-0.000604812	-1.35987	0.102432
3.705	0.32863	-0.172609	0.533038	-0.000637436	-1.36002	0.10248
3.71	0.328617	-0.17261	0.533034	-0.000670361	-1.36017	0.102528
3.715	0.328604	-0.17261	0.533029	-0.000702982	-1.36031	0.102576
3.72	0.328592	-0.172611	0.533025	-0.000735907	-1.36046	0.102623
3.725	0.328579	-0.172611	0.533021	-0.000768538	-1.36061	0.102671
3.73	0.328566	-0.172612	0.533017	-0.000801477	-1.36076	0.102718
3.735	0.328554	-0.172613	0.533013	-0.000834128	-1.3609	0.102766
3.74	0.328541	-0.172614	0.533009	-0.000867088	-1.36105	0.102813
3.745	0.328529	-0.172614	0.533004	-0.000899765	-1.3612	0.10286
3.75	0.328516	-0.172615	0.533001	-0.000932752	-1.36135	0.102907
3.755	0.328504	-0.172616	0.532996	-0.000965459	-1.3615	0.102954
3.76	0.328491	-0.172617	0.532993	-0.000998477	-1.36164	0.103001
3.765	0.328479	-0.172618	0.532988	-0.00103122	-1.36179	0.103048
3.77	0.328467	-0.172618	0.532985	-0.00106427	-1.36194	0.103095
3.775	0.328454	-0.172619	0.53298	-0.00109704	-1.36209	0.103142
3.78	0.328442	-0.17262	0.532977	-0.00113013	-1.36224	0.103189
3.785	0.32843	-0.172621	0.532973	-0.00116294	-1.36238	0.103236
3.79	0.328418	-0.172622	0.532969	-0.00119607	-1.36253	0.103283
3.795	0.328405	-0.172623	0.532965	-0.00122892	-1.36268	0.10333
3.8	0.328393	-0.172624	0.532961	-0.00126208	-1.36283	0.103376
3.805	0.328381	-0.172625	0.532957	-0.00129496	-1.36298	0.103423
3.81	0.328369	-0.172626	0.532954	-0.00132816	-1.36313	0.10347
3.815	0.328356	-0.172627	0.53295	-0.00136111	-1.36327	0.103517
3.82	0.328344	-0.172628	0.532946	-0.00139444	-1.36342	0.103564
3.825	0.328332	-0.172629	0.532942	-0.00142747	-1.36357	0.10361
3.83	0.32832	-0.172629	0.532939	-0.00146079	-1.36372	0.103657
3.835	0.328308	-0.17263	0.532935	-0.00149384	-1.36387	0.103704
3.84	0.328296	-0.172631	0.532931	-0.00152719	-1.36402	0.103751
3.845	0.328284	-0.172632	0.532927	-0.00156027	-1.36416	0.103798
3.85	0.328271	-0.172633	0.532924	-0.00159365	-1.36431	0.103845
3.855	0.328259	-0.172634	0.53292	-0.00162676	-1.36446	0.103892
3.86	0.328247	-0.172635	0.532916	-0.00166017	-1.36461	0.103938
3.865	0.328235	-0.172636	0.532912	-0.00169331	-1.36476	0.103985
3.87	0.328223	-0.172637	0.532909	-0.00172676	-1.36491	0.104032
3.875	0.328211	-0.172638	0.532905	-0.00175994	-1.36506	0.104079
3.88	0.328199	-0.172639	0.532901	-0.00179343	-1.36521	0.104126
3.885	0.328186	-0.17264	0.532897	-0.00182663	-1.36535	0.104172
3.89	0.328174	-0.172641	0.532894	-0.00186016	-1.3655	0.104219
3.895	0.328162	-0.172642	0.53289	-0.0018934	-1.36565	0.104266
3.9	0.32815	-0.172643	0.532886	-0.00192696	-1.3658	0.104313
3.905	0.328138	-0.172644	0.532883	-0.00196024	-1.36595	0.10436
3.91	0.328126	-0.172645	0.532879	-0.00199384	-1.3661	0.104407
3.915	0.328114	-0.172646	0.532875	-0.00202716	-1.36625	0.104453
3.92	0.328101	-0.172647	0.532872	-0.0020608	-1.36639	0.1045
3.925	0.328089	-0.172648	0.532868	-0.00209416	-1.36654	0.104547
3.93	0.328077	-0.172649	0.532864	-0.00212784	-1.36669	0.104594
3.935	0.328065	-0.17265	0.53286	-0.00216123	-1.36684	0.104641
3.94	0.328053	-0.172651	0.532857	-0.00219495	-1.36699	0.104688
3.945	0.328041	-0.172652	0.532853	-0.00222838	-1.36714	0.104735
3.95	0.328029	-0.172653	0.53285	-0.00226214	-1.36729	0.104782
3.955	0.328016	-0.172654	0.532846	-0.00229561	-1.36743	0.104829
3.96	0.328004	-0.172656	0.532842	-0.00232941	-1.36758	0.104876
3.965	0.327992	-0.172657	0.532838	-0.00236292	-1.36773	0.104922
3.97	0.32798	-0.172658	0.532835	-0.00239677	-1.36788	0.10497
3.975	0.327968	-0.172659	0.532831	-0.00243032	-1.36803	0.105016
3.98	0.327956	-0.17266	0.532828	-0.0024642	-1.36818	0.105064
3.985	0.327943	-0.172661	0.532824	-0.00249779	-1.36833	0.105111
3.99	0.327931	-0.172662	0.53282	-0.00253172	-1.36848	0.105158
3.995	0.327919	-0.172663	0.532817	-0.00256535	-1.36862	0.105205
4.0	0.327907	-0.172664	0.532813	-0.00259931	-1.36877	0.105252
4.005	0.327895	-0.172665	0.532809	-0.00263298	-1.36892	0.105299
4.01	0.327882	-0.172666	0.532806	-0.00266699	-1.36907	0.105346
4.015	0.32787	-0.172667	0.532802	-0.00270071	-1.36922	0.105393
4.02	0.327858	-0.172668	0.532799	-0.00273476	-1.36937	0.10544
4.025	0.327846	-0.172669	0.532795	-0.00276851	-1.36952	0.105487
4.03	0.327834	-0.17267	0.532791	-0.0028026	-1.36967	0.105535
4.035	0.327822	-0.172671	0.532787	-0.0028364	-1.36981	0.105582
4.04	0.327809	-0.172672	0.532784	-0.00287054	-1.36996	0.105629
4.045	0.327797	-0.172673	0.53278	-0.00290437	-1.37011	0.105676
4.05	0.327785	-0.172674	0.532777	-0.00293855	-1.37026	0.105724
4.055	0.327773	-0.172675	0.532773	-0.00297243	-1.37041	0.105771
4.06	0.327761	-0.172676	0.53277	-0.00300666	-1.37056	0.105818
4.065	0.327748	-0.172677	0.532766	-0.00304057	-1.37071	0.105865
4.07	0.327736	-0.172678	0.532762	-0.00307484	-1.37086	0.105913
4.075	0.327724	-0.172679	0.532759	-0.00310886	-1.371	0.10596
4.08	0.327712	-0.17268	0.532755	-0.00314341	-1.37115	0.106008
4.085	0.3277	-0.172682	0.532752	-0.00317773	-1.3713	0.106054
4.09	0.327688	-0.172685	0.53275	-0.00321202	-1.37146	0.106095
4.095	0.327675	-0.172687	0.532746	-0.00324509	-1.37161	0.106137
4.1	0.327663	-0.17269	0.532744	-0.00327932	-1.37176	0.106178
4.105	0.327651	-0.172693	0.532739	-0.00331175	-1.3719	0.106217
4.11	0.327638	-0.172696	0.532736	-0.00334528	-1.37205	0.106259
4.115	0.327626	-0.172699	0.532733	-0.00337876	-1.3722	0.1063
4.12	0.327614	-0.172701	0.532729	-0.00341245	-1.37235	0.106342
4.125	0.327602	-0.172704	0.532726	-0.00344631	-1.3725	0.106385
4.13	0.327589	-0.172706	0.532723	-0.00348037	-1.37265	0.106429
4.135	0.327577	-0.172708	0.53272	-0.00351463	-1.3728	0.106473
4.14	0.327565	-0.172709	0.532717	-0.00354928	-1.37295	0.106519
4.145	0.327553	-0.172711	0.532714	-0.00358398	-1.3731	0.106566
4.15	0.327541	-0.172711	0.532711	-0.00361944	-1.37326	0.106616
4.155	0.327529	-0.172712	0.532709	-0.00365482	-1.37341	0.106666
4.16	0.327518	-0.172712	0.532706	-0.00369093	-1.37356	0.106719
4.165	0.327506	-0.172712	0.532704	-0.00372688	-1.37371	0.106772
4.17	0.327494	-0.172711	0.532701	-0.00376348	-1.37387	0.106827
4.175	0.327482	-0.17271	0.532699	-0.00379988	-1.37402	0.106882
4.18	0.327471	-0.172709	0.532697	-0.00383687	-1.37417	0.10694
4.185	0.327459	-0.172708	0.532694	-0.00387361	-1.37432	0.106996
4.19	0.327447	-0.172706	0.532692	-0.00391092	-1.37448	0.107055
4.195	0.327436	-0.172705	0.53269	-0.00394793	-1.37463	0.107113
4.2	0.327424	-0.172703	0.532688	-0.00398549	-1.37478	0.107173
4.205	0.327412	-0.172701	0.532685	-0.00402272	-1.37493	0.107232
4.21	0.327401	-0.172699	0.532683	-0.00406046	-1.37509	0.107292
4.215	0.327389	-0.172697	0.532681	-0.00409787	-1.37524	0.107352
4.22	0.327378	-0.172695	0.532679	-0.00413577	-1.37539	0.107413
4.225	0.327366	-0.172693	0.532677	-0.0041733	-1.37555	0.107473
4.23	0.327354	-0.172691	0.532675	-0.00421132	-1.3757	0.107535
4.235	0.327343	-0.172689	0.532672	-0.00424895	-1.37585	0.107595
4.24	0.327331	-0.172687	0.53267	-0.00428707	-1.37601	0.107657
4.245	0.327319	-0.172685	0.532668	-0.00432478	-1.37616	0.107717
4.25	0.327308	-0.172683	0.532666	-0.00436296	-1.37631	0.107779
4.255	0.327296	-0.172681	0.532664	-0.00440073	-1.37646	0.107839
4.26	0.327285	-0.172679	0.532662	-0.00443897	-1.37662	0.107901
4.265	0.327273	-0.172677	0.532659	-0.00447679	-1.37677	0.107961
4.27	0.327261	-0.172674	0.532657	-0.00451508	-1.37692	0.108023
4.275	0.327249	-0.172673	0.532655	-0.00455296	-1.37708	0.108083
4.28	0.327238	-0.17267	0.532653	-0.00459129	-1.37723	0.108145
4.285	0.327226	-0.172669	0.53265	-0.00462893	-1.37738	0.108205
4.29	0.327214	-0.172667	0.532648	-0.00466731	-1.37753	0.108266
4.295	0.327202	-0.172665	0.532646	-0.00470471	-1.37769	0.108325
4.3	0.327191	-0.172663	0.532644	-0.00474288	-1.37784	0.108385
4.305	0.327179	-0.172662	0.53264	-0.00477937	-1.37799	0.108442
4.31	0.327167	-0.172661	0.532637	-0.00481686	-1.37814	0.1085
4.315	0.327155	-0.17266	0.532633	-0.00485268	-1.37829	0.108554
4.32	0.327143	-0.172659	0.53263	-0.00488955	-1.37844	0.10861
4.325	0.327131	-0.172659	0.532626	-0.0049249	-1.37858	0.108662
4.33	0.327119	-0.172659	0.532622	-0.00496075	-1.37873	0.108714
4.335	0.327106	-0.17266	0.532618	-0.00499549	-1.37887	0.108763
4.34	0.327094	-0.172661	0.532614	-0.00503043	-1.37902	0.108812
4.345	0.327082	-0.172663	0.532609	-0.00506422	-1.37917	0.108856
4.35	0.327069	-0.172665	0.532605	-0.00509833	-1.37931	0.108901
4.355	0.327056	-0.172667	0.532599	-0.00513138	-1.37945	0.108942
4.36	0.327044	-0.17267	0.532595	-0.00516486	-1.3796	0.108984
4.365	0.327031	-0.172673	0.53259	-0.00519758	-1.37974	0.109022
4.37	0.327019	-0.172677	0.532586	-0.00523089	-1.37989	0.10906
4.375	0.327006	-0.172682	0.53258	-0.0052617	-1.38003	0.109092
4.38	0.326994	-0.172687	0.532576	-0.00529401	-1.38018	0.109125
4.385	0.326981	-0.172692	0.532572	-0.00532583	-1.38032	0.109157
4.39	0.326969	-0.172698	0.532568	-0.00535761	-1.38047	0.109187
4.395	0.326956	-0.172703	0.532563	-0.00538921	-1.38061	0.109219
4.4	0.326943	-0.172709	0.532559	-0.00542093	-1.38076	0.109249
4.405	0.326931	-0.172713	0.532554	-0.00545284	-1.38091	0.109282
4.41	0.326918	-0.172719	0.53255	-0.00548466	-1.38105	0.109314
4.415	0.326906	-0.172723	0.532545	-0.00551641	-1.3812	0.109347
4.42	0.326893	-0.172729	0.53254	-0.0055481	-1.38134	0.109378
4.425	0.32688	-0.172734	0.532535	-0.00557976	-1.38148	0.109411
4.43	0.326867	-0.172739	0.53253	-0.00561138	-1.38163	0.109442
4.435	0.326855	-0.172744	0.532525	-0.005643	-1.38177	0.109474
4.44	0.326842	-0.172749	0.532521	-0.00567463	-1.38192	0.109506
4.445	0.326829	-0.172754	0.532515	-0.00570625	-1.38206	0.109539
4.45	0.326816	-0.172759	0.532511	-0.00573792	-1.3822	0.10957
4.455	0.326803	-0.172764	0.532505	-0.0057696	-1.38235	0.109603
4.46	0.32679	-0.172769	0.5325	-0.00580135	-1.38249	0.109635
4.465	0.326778	-0.172773	0.532495	-0.00583312	-1.38263	0.109669
4.47	0.326765	-0.172778	0.53249	-0.00586497	-1.38278	0.109701
4.475	0.326752	-0.172783	0.532485	-0.00589685	-1.38292	0.109736
4.48	0.326739	-0.172788	0.53248	-0.00592883	-1.38306	0.109768
4.485	0.326726	-0.172792	0.532475	-0.00596083	-1.38321	0.109803
4.49	0.326713	-0.172797	0.53247	-0.00599296	-1.38335	0.109837
4.495	0.3267	-0.172801	0.532465	-0.00602511	-1.38349	0.109872
4.5	0.326687	-0.172805	0.53246	-0.0060574	-1.38364	0.109906
4.505	0.326674	-0.172809	0.532455	-0.0060897	-1.38378	0.109942
4.51	0.326662	-0.172814	0.53245	-0.00612216	-1.38392	0.109977
4.515	0.326649	-0.172818	0.532445	-0.00615463	-1.38407	0.110014
4.52	0.326636	-0.172822	0.53244	-0.00618728	-1.38421	0.110049
4.525	0.326623	-0.172825	0.532435	-0.00621993	-1.38435	0.110087
4.53	0.32661	-0.172829	0.53243	-0.00625277	-1.3845	0.110123
4.535	0.326597	-0.172833	0.532425	-0.00628561	-1.38464	0.110162
4.54	0.326584	-0.172837	0.532421	-0.00631865	-1.38479	0.110199
4.545	0.326571	-0.17284	0.532416	-0.00635168	-1.38493	0.110238
4.55	0.326559	-0.172843	0.532411	-0.00638493	-1.38507	0.110276
4.555	0.326546	-0.172846	0.532406	-0.00641815	-1.38522	0.110316
4.56	0.326533	-0.17285	0.532401	-0.00645162	-1.38536	0.110355
4.565	0.32652	-0.172853	0.532396	-0.00648503	-1.38551	0.110396
4.57	0.326507	-0.172856	0.532391	-0.00651864	-1.38565	0.110436
4.575	0.326494	-0.172859	0.532386	-0.00655191	-1.38579	0.110475
4.58	0.326481	-0.172863	0.532382	-0.00658514	-1.38594	0.110512
4.585	0.326468	-0.172867	0.532377	-0.00661832	-1.38608	0.11055
4.59	0.326455	-0.17287	0.532372	-0.00665208	-1.38623	0.11059
4.595	0.326442	-0.172873	0.532367	-0.00668577	-1.38637	0.110631
4.6	0.32643	-0.172875	0.532362	-0.00672002	-1.38651	0.110673
4.605	0.326417	-0.172877	0.532357	-0.00675416	-1.38666	0.110717
4.61	0.326404	-0.172879	0.532353	-0.00678882	-1.3868	0.110761
4.615	0.326391	-0.172881	0.532348	-0.00682336	-1.38694	0.110807
4.62	0.326379	-0.172883	0.532343	-0.00685838	-1.38709	0.110853
4.625	0.326366	-0.172884	0.532338	-0.00689325	-1.38723	0.1109
4.63	0.326353	-0.172885	0.532334	-0.00692859	-1.38738	0.110948
4.635	0.32634	-0.172886	0.532329	-0.00696376	-1.38752	0.110997
4.64	0.326328	-0.172887	0.532324	-0.00699938	-1.38767	0.111046
4.645	0.326315	-0.172887	0.532319	-0.00703481	-1.38781	0.111096
4.65	0.326302	-0.172888	0.532315	-0.00707069	-1.38795	0.111146
4.655	0.32629	-0.172888	0.53231	-0.00710637	-1.3881	0.111197
4.66	0.326277	-0.172888	0.532305	-0.00714248	-1.38824	0.111248
4.665	0.326264	-0.172888	0.5323	-0.00717838	-1.38839	0.1113
4.67	0.326252	-0.172888	0.532296	-0.00721471	-1.38853	0.111352
4.675	0.326239	-0.172888	0.532291	-0.00725082	-1.38868	0.111405
4.68	0.326226	-0.172888	0.532286	-0.00728735	-1.38882	0.111458
4.685	0.326214	-0.172888	0.532282	-0.00732366	-1.38896	0.111512
4.69	0.326201	-0.172888	0.532277	-0.00736039	-1.38911	0.111565
4.695	0.326189	-0.172887	0.532272	-0.00739687	-1.38925	0.11162
4.7	0.326176	-0.172887	0.532268	-0.00743379	-1.3894	0.111674
4.705	0.326163	-0.172886	0.532263	-0.00747046	-1.38954	0.111729
4.71	0.326151	-0.172885	0.532259	-0.00750756	-1.38969	0.111784
4.715	0.326138	-0.172884	0.532254	-0.0075444	-1.38983	0.11184
4.72	0.326125	-0.172884	0.53225	-0.00758168	-1.38998	0.111895
4.725	0.326113	-0.172883	0.532245	-0.00761869	-1.39012	0.111951
4.73	0.3261	-0.172882	0.53224	-0.00765614	-1.39026	0.112008
4.735	0.326088	-0.172881	0.532236	-0.00769331	-1.39041	0.112065
4.74	0.326075	-0.17288	0.532231	-0.00773093	-1.39055	0.112121
4.745	0.326062	-0.172879	0.532226	-0.00776804	-1.3907	0.112178
4.75	0.32605	-0.172878	0.532222	-0.00780499	-1.39084	0.112232
4.755	0.326037	-0.172878	0.532217	-0.00784179	-1.39099	0.112287
4.76	0.326024	-0.172877	0.532212	-0.00787848	-1.39113	0.112341
4.765	0.326012	-0.172877	0.532207	-0.00791489	-1.39127	0.112396
4.77	0.325999	-0.172876	0.532202	-0.00795139	-1.39141	0.112449
4.775	0.325987	-0.172876	0.532196	-0.0079876	-1.39156	0.112504
4.78	0.325974	-0.172875	0.532191	-0.00802399	-1.3917	0.112558
4.785	0.325961	-0.172875	0.532185	-0.0080601	-1.39184	0.112612
4.79	0.325949	-0.172874	0.53218	-0.00809646	-1.39198	0.112666
4.795	0.325936	-0.172874	0.532175	-0.00813254	-1.39212	0.11272
4.8	0.325924	-0.172873	0.532169	-0.00816891	-1.39226	0.112774
4.805	0.325911	-0.172872	0.532164	-0.00820502	-1.3924	0.112829
4.81	0.325899	-0.172871	0.532158	-0.00824154	-1.39255	0.112886
4.815	0.325887	-0.172869	0.532152	-0.00827806	-1.39269	0.112944
4.82	0.325874	-0.172867	0.532146	-0.00831493	-1.39283	0.113003
4.825	0.325862	-0.172865	0.53214	-0.0083518	-1.39297	0.113064
4.83	0.32585	-0.172863	0.532134	-0.00838901	-1.39311	0.113125
4.835	0.325838	-0.17286	0.532128	-0.00842621	-1.39324	0.113188
4.84	0.325826	-0.172857	0.532122	-0.00846374	-1.39338	0.113251
4.845	0.325814	-0.172854	0.532116	-0.00850125	-1.39352	0.113315
4.85	0.325802	-0.17285	0.532111	-0.00853906	-1.39366	0.113379
4.855	0.32579	-0.172847	0.532104	-0.00857683	-1.3938	0.113445
4.86	0.325778	-0.172843	0.532099	-0.00861491	-1.39394	0.11351
4.865	0.325766	-0.172839	0.532093	-0.00865291	-1.39408	0.113577
4.87	0.325754	-0.172835	0.532087	-0.00869121	-1.39422	0.113643
4.875	0.325742	-0.172831	0.532081	-0.00872942	-1.39436	0.11371
4.88	0.32573	-0.172827	0.532075	-0.00876793	-1.3945	0.113777
4.885	0.325718	-0.172823	0.532069	-0.00880632	-1.39464	0.113845
4.89	0.325706	-0.172819	0.532063	-0.008845	-1.39478	0.113913
4.895	0.325694	-0.172815	0.532057	-0.00888354	-1.39492	0.11398
4.9	0.325682	-0.172811	0.532051	-0.00892237	-1.39506	0.114048
4.905	0.32567	-0.172807	0.532045	-0.00896104	-1.3952	0.114116
4.91	0.325658	-0.172802	0.53204	-0.00899999	-1.39534	0.114185
4.915	0.325647	-0.172798	0.532034	-0.00903877	-1.39548	0.114253
4.92	0.325635	-0.172794	0.532028	-0.00907782	-1.39562	0.114321
4.925	0.325623	-0.17279	0.532022	-0.00911669	-1.39576	0.11439
4.93	0.325611	-0.172785	0.532017	-0.00915583	-1.3959	0.114458
4.935	0.325599	-0.172781	0.532011	-0.00919478	-1.39604	0.114526
4.94	0.325587	-0.172777	0.532005	-0.009234	-1.39618	0.114595
4.945	0.325575	-0.172773	0.531999	-0.00927303	-1.39632	0.114663
4.95	0.325563	-0.172769	0.531994	-0.00931231	-1.39646	0.114732
4.955	0.325551	-0.172764	0.531988	-0.0093514	-1.3966	0.1148
4.96	0.32554	-0.17276	0.531982	-0.00939075	-1.39674	0.114869
4.965	0.325528	-0.172756	0.531976	-0.0094299	-1.39688	0.114937
4.97	0.325516	-0.172752	0.531971	-0.0094693	-1.39702	0.115005
4.975	0.325504	-0.172748	0.531965	-0.00950851	-1.39716	0.115073
4.98	0.325492	-0.172744	0.531959	-0.00954797	-1.3973	0.115142
4.985	0.32548	-0.17274	0.531953	-0.00958723	-1.39744	0.11521
4.99	0.325468	-0.172736	0.531948	-0.00962674	-1.39758	0.115278
4.995	0.325456	-0.172732	0.531942	-0.00966605	-1.39772	0.115346
5.0	0.325444	-0.172728	0.531937	-0.00970562	-1.39786	0.115414
5.005	0.325433	-0.172724	0.531931	-0.00974497	-1.398	0.115482
5.01	0.325421	-0.17272	0.531925	-0.00978459	-1.39814	0.11555
5.015	0.325409	-0.172716	0.53192	-0.00982399	-1.39829	0.115618
5.02	0.325397	-0.172712	0.531914	-0.00986366	-1.39843	0.115685
5.025	0.325385	-0.172708	0.531908	-0.00990312	-1.39857	0.115753
5.03	0.325373	-0.172705	0.531903	-0.00994284	-1.39871	0.115821
5.035	0.325361	-0.172701	0.531897	-0.00998234	-1.39885	0.115888
5.04	0.325349	-0.172697	0.531892	-0.0100221	-1.39899	0.115956
5.045	0.325337	-0.172693	0.531886	-0.0100617	-1.39913	0.116023
5.05	0.325326	-0.17269	0.531881	-0.0101015	-1.39927	0.116091
5.055	0.325314	-0.172686	0.531875	-0.0101411	-1.39941	0.116158
5.06	0.325302	-0.172682	0.53187	-0.010181	-1.39955	0.116226
5.065	0.32529	-0.172679	0.531864	-0.0102206	-1.39969	0.116293
5.07	0.325278	-0.172675	0.531859	-0.0102606	-1.39983	0.11636
5.075	0.325266	-0.172671	0.531853	-0.0103006	-1.39997	0.116428
5.08	0.325254	-0.172667	0.531848	-0.010341	-1.40012	0.116497
5.085	0.325242	-0.172663	0.531842	-0.0103805	-1.40025	0.116566
5.09	0.325231	-0.172659	0.531835	-0.0104189	-1.40039	0.116634
5.095	0.325219	-0.172654	0.531828	-0.0104573	-1.40052	0.116703
5.1	0.325207	-0.172649	0.531821	-0.0104965	-1.40066	0.116773
5.105	0.325196	-0.172645	0.531814	-0.0105358	-1.4008	0.116843
5.11	0.325184	-0.17264	0.531808	-0.0105759	-1.40094	0.116914
5.115	0.325172	-0.172635	0.531802	-0.010616	-1.40108	0.116985
5.12	0.325161	-0.172631	0.531797	-0.0106568	-1.40122	0.117056
5.125	0.325149	-0.172626	0.531792	-0.0106975	-1.40136	0.117127
5.13	0.325138	-0.172623	0.531787	-0.0107389	-1.4015	0.117196
5.135	0.325126	-0.172619	0.531782	-0.0107798	-1.40165	0.117263
5.14	0.325114	-0.172616	0.531779	-0.0108214	-1.40179	0.117329
5.145	0.325102	-0.172614	0.531774	-0.0108626	-1.40194	0.117395
5.15	0.325091	-0.172612	0.531771	-0.0109043	-1.40209	0.117459
5.155	0.325079	-0.17261	0.531767	-0.0109456	-1.40223	0.117522
5.16	0.325067	-0.172608	0.531764	-0.0109874	-1.40238	0.117585
5.165	0.325055	-0.172607	0.53176	-0.0110287	-1.40253	0.117647
5.17	0.325043	-0.172605	0.531757	-0.0110706	-1.40268	0.117708
5.175	0.325031	-0.172604	0.531754	-0.0111119	-1.40282	0.117769
5.18	0.325019	-0.172603	0.531751	-0.0111538	-1.40297	0.11783
5.185	0.325007	-0.172602	0.531748	-0.0111952	-1.40312	0.11789
5.19	0.324995	-0.172601	0.531745	-0.0112371	-1.40327	0.11795
5.195	0.324983	-0.172601	0.531742	-0.0112785	-1.40342	0.11801
5.2	0.32497	-0.1726	0.531739	-0.0113205	-1.40357	0.118069
5.205	0.324958	-0.172599	0.531736	-0.0113619	-1.40372	0.118128
5.21	0.324946	-0.172599	0.531733	-0.0114039	-1.40387	0.118187
5.215	0.324934	-0.172598	0.53173	-0.0114453	-1.40402	0.118246
5.22	0.324922	-0.172598	0.531728	-0.0114872	-1.40417	0.118305
5.225	0.324909	-0.172598	0.531724	-0.0115287	-1.40432	0.118363
5.23	0.324897	-0.172597	0.531722	-0.0115707	-1.40447	0.118422
5.235	0.324885	-0.172597	0.531719	-0.0116121	-1.40462	0.11848
5.24	0.324872	-0.172597	0.531716	-0.0116541	-1.40477	0.118538
5.245	0.32486	-0.172596	0.531713	-0.0116956	-1.40491	0.118597
5.25	0.324848	-0.172596	0.53171	-0.0117376	-1.40506	0.118655
5.255	0.324835	-0.172596	0.531707	-0.0117791	-1.40521	0.118713
5.26	0.324823	-0.172596	0.531705	-0.0118212	-1.40536	0.118771
5.265	0.32481	-0.172596	0.531701	-0.0118627	-1.40551	0.118829
5.27	0.324798	-0.172596	0.531699	-0.0119048	-1.40566	0.118887
5.275	0.324786	-0.172595	0.531696	-0.0119464	-1.40581	0.118945
5.28	0.324773	-0.172595	0.531693	-0.0119885	-1.40596	0.119003
5.285	0.324761	-0.172595	0.53169	-0.0120301	-1.40611	0.11906
5.29	0.324748	-0.172595	0.531687	-0.0120723	-1.40626	0.119118
5.295	0.324736	-0.172595	0.531684	-0.0121139	-1.40641	0.119176
5.3	0.324723	-0.172595	0.531681	-0.0121562	-1.40656	0.119234
5.305	0.324711	-0.172595	0.531678	-0.0121978	-1.40671	0.119292
5.31	0.324698	-0.172595	0.531675	-0.0122401	-1.40686	0.119349
5.315	0.324686	-0.172595	0.531672	-0.0122819	-1.407	0.119407
5.32	0.324673	-0.172595	0.53167	-0.0123243	-1.40716	0.119465
5.325	0.324661	-0.172595	0.531667	-0.0123662	-1.4073	0.119524
5.33	0.324648	-0.172595	0.531664	-0.0124088	-1.40745	0.119582
5.335	0.324636	-0.172595	0.531661	-0.0124506	-1.4076	0.119639
5.34	0.324624	-0.172595	0.531658	-0.0124926	-1.40775	0.119695
5.345	0.324611	-0.172596	0.531655	-0.0125339	-1.4079	0.11975
5.35	0.324599	-0.172597	0.531652	-0.0125755	-1.40805	0.119804
5.355	0.324586	-0.172598	0.531649	-0.0126164	-1.4082	0.119857
5.36	0.324574	-0.172599	0.531646	-0.0126576	-1.40835	0.11991
5.365	0.324561	-0.172601	0.531643	-0.0126982	-1.40849	0.119962
5.37	0.324549	-0.172602	0.53164	-0.0127393	-1.40864	0.120013
5.375	0.324536	-0.172604	0.531636	-0.0127798	-1.40879	0.120064
5.38	0.324524	-0.172606	0.531633	-0.0128208	-1.40894	0.120115
5.385	0.324511	-0.172608	0.53163	-0.0128615	-1.40909	0.120166
5.39	0.324499	-0.17261	0.531627	-0.0129027	-1.40924	0.120217
5.395	0.324487	-0.172611	0.531624	-0.0129435	-1.40939	0.120268
5.4	0.324475	-0.172613	0.531622	-0.0129849	-1.40954	0.120319
5.405	0.324462	-0.172615	0.531618	-0.0130259	-1.40969	0.12037
5.41	0.32445	-0.172617	0.531616	-0.0130674	-1.40984	0.120421
5.415	0.324438	-0.172618	0.531613	-0.0131084	-1.40998	0.120473
5.42	0.324426	-0.17262	0.53161	-0.01315	-1.41013	0.120525
5.425	0.324413	-0.172622	0.531607	-0.0131914	-1.41028	0.120577
5.43	0.324401	-0.172623	0.531604	-0.0132327	-1.41043	0.120629
5.435	0.324389	-0.172625	0.531601	-0.0132741	-1.41058	0.120681
5.44	0.324376	-0.172627	0.531598	-0.0133159	-1.41073	0.120734
5.445	0.324364	-0.172628	0.531595	-0.0133569	-1.41088	0.120785
5.45	0.324352	-0.17263	0.531592	-0.0133983	-1.41103	0.120837
5.455	0.324339	-0.172632	0.531589	-0.0134389	-1.41117	0.120888
5.46	0.324327	-0.172634	0.531586	-0.0134801	-1.41132	0.120938
5.465	0.324314	-0.172636	0.531582	-0.0135205	-1.41147	0.120989
5.47	0.324302	-0.172638	0.531579	-0.0135615	-1.41162	0.121039
5.475	0.324289	-0.17264	0.531575	-0.0136019	-1.41176	0.121089
5.48	0.324277	-0.172642	0.531572	-0.0136428	-1.41191	0.121138
5.485	0.324264	-0.172644	0.531568	-0.013683	-1.41206	0.121188
5.49	0.324252	-0.172646	0.531564	-0.0137239	-1.4122	0.121237
5.495	0.324239	-0.172648	0.531561	-0.0137641	-1.41235	0.121287
5.5	0.324227	-0.17265	0.531557	-0.013805	-1.4125	0.121336
5.505	0.324214	-0.172653	0.531553	-0.0138452	-1.41264	0.121385
5.51	0.324202	-0.172655	0.53155	-0.0138861	-1.41279	0.121434
5.515	0.324189	-0.172657	0.531546	-0.0139264	-1.41294	0.121483
5.52	0.324177	-0.172659	0.531543	-0.0139674	-1.41308	0.121533
5.525	0.324164	-0.172662	0.531539	-0.0140076	-1.41323	0.121582
5.53	0.324152	-0.172664	0.531535	-0.0140487	-1.41338	0.121631
5.535	0.324139	-0.172666	0.531531	-0.014089	-1.41352	0.12168
5.54	0.324127	-0.172668	0.531528	-0.0141301	-1.41367	0.121729
5.545	0.324114	-0.172671	0.531524	-0.0141705	-1.41382	0.121778
5.55	0.324101	-0.172673	0.531521	-0.0142117	-1.41396	0.121827
5.555	0.324089	-0.172675	0.531517	-0.0142521	-1.41411	0.121876
5.56	0.324076	-0.172678	0.531513	-0.0142934	-1.41426	0.121926
5.565	0.324064	-0.17268	0.531509	-0.0143339	-1.4144	0.121975
5.57	0.324051	-0.172682	0.531506	-0.0143753	-1.41455	0.122024
5.575	0.324039	-0.172684	0.531502	-0.0144159	-1.41469	0.122073
5.58	0.324026	-0.172687	0.531499	-0.0144573	-1.41484	0.122123
5.585	0.324013	-0.172689	0.531495	-0.014498	-1.41499	0.122172
5.59	0.324001	-0.172691	0.531492	-0.0145396	-1.41514	0.122222
5.595	0.323988	-0.172693	0.531488	-0.0145804	-1.41528	0.122271
5.6	0.323976	-0.172696	0.531484	-0.014622	-1.41543	0.122321
5.605	0.323963	-0.172698	0.53148	-0.0146629	-1.41557	0.12237
5.61	0.323951	-0.1727	0.531477	-0.0147046	-1.41572	0.12242
5.615	0.323938	-0.172703	0.531473	-0.0147456	-1.41587	0.12247
5.62	0.323926	-0.172705	0.53147	-0.0147874	-1.41601	0.122519
5.625	0.323913	-0.172707	0.531466	-0.0148285	-1.41616	0.122569
5.63	0.3239	-0.172709	0.531463	-0.0148704	-1.41631	0.122619
5.635	0.323888	-0.172712	0.531459	-0.0149115	-1.41645	0.122669
5.64	0.323875	-0.172714	0.531456	-0.0149536	-1.4166	0.122719
5.645	0.323862	-0.172716	0.531452	-0.0149948	-1.41675	0.122769
5.65	0.32385	-0.172718	0.531448	-0.015037	-1.41689	0.122819
5.655	0.323837	-0.172721	0.531444	-0.0150783	-1.41704	0.122869
5.66	0.323825	-0.172723	0.531441	-0.0151206	-1.41719	0.122919
5.665	0.323812	-0.172725	0.531437	-0.0151619	-1.41733	0.122969
5.67	0.3238	-0.172727	0.531434	-0.0152043	-1.41748	0.12302
5.675	0.323787	-0.172729	0.53143	-0.0152458	-1.41763	0.12307
5.68	0.323774	-0.172732	0.531427	-0.0152883	-1.41777	0.123121
5.685	0.323762	-0.172734	0.531423	-0.0153299	-1.41792	0.123171
5.69	0.323749	-0.172736	0.53142	-0.0153725	-1.41807	0.123222
5.695	0.323736	-0.172738	0.531416	-0.0154142	-1.41821	0.123273
5.7	0.323724	-0.17274	0.531413	-0.015457	-1.41836	0.123324
5.705	0.323711	-0.172742	0.531409	-0.0154988	-1.41851	0.123374
5.71	0.323699	-0.172745	0.531406	-0.0155417	-1.41865	0.123425
5.715	0.323686	-0.172747	0.531402	-0.0155836	-1.4188	0.123476
5.72	0.323673	-0.172749	0.531399	-0.0156266	-1.41895	0.123528
5.725	0.323661	-0.172751	0.531395	-0.0156686	-1.41909	0.123579
5.73	0.323648	-0.172753	0.531392	-0.0157118	-1.41924	0.123631
5.735	0.323635	-0.172755	0.531388	-0.0157539	-1.41939	0.123682
5.74	0.323623	-0.172757	0.531385	-0.0157973	-1.41953	0.123734
5.745	0.32361	-0.172759	0.531381	-0.0158395	-1.41968	0.123785
5.75	0.323598	-0.172761	0.531378	-0.015883	-1.41983	0.123837
5.755	0.323585	-0.172763	0.531374	-0.0159253	-1.41997	0.123889
5.76	0.323572	-0.172765	0.531371	-0.0159689	-1.42012	0.123941
5.765	0.32356	-0.172767	0.531367	-0.0160114	-1.42027	0.123993
5.77	0.323547	-0.172769	0.531364	-0.0160551	-1.42042	0.124046
5.775	0.323534	-0.172771	0.53136	-0.0160977	-1.42056	0.124098
5.78	0.323522	-0.172773	0.531357	-0.0161416	-1.42071	0.124151
5.785	0.323509	-0.172775	0.531353	-0.0161843	-1.42086	0.124203
5.79	0.323497	-0.172777	0.53135	-0.0162283	-1.421	0.124256
5.795	0.323484	-0.172779	0.531346	-0.0162711	-1.42115	0.124309
5.8	0.323471	-0.172781	0.531343	-0.0163153	-1.4213	0.124362
5.805	0.323459	-0.172782	0.531339	-0.0163582	-1.42144	0.124414
5.81	0.323446	-0.172784	0.531337	-0.0164026	-1.42159	0.124468
5.815	0.323433	-0.172786	0.531333	-0.0164456	-1.42174	0.124521
5.82	0.323421	-0.172788	0.53133	-0.0164901	-1.42189	0.124574
5.825	0.323408	-0.17279	0.531326	-0.0165332	-1.42203	0.124627
5.83	0.323396	-0.172792	0.531323	-0.0165778	-1.42218	0.124681
5.835	0.323383	-0.172793	0.531319	-0.0166211	-1.42233	0.124735
5.84	0.323371	-0.172795	0.531316	-0.0166658	-1.42247	0.124789
5.845	0.323358	-0.172797	0.531312	-0.0167092	-1.42262	0.124842
5.85	0.323345	-0.172799	0.53131	-0.0167541	-1.42277	0.124896
5.855	0.323333	-0.1728	0.531306	-0.0167976	-1.42291	0.12495
5.86	0.32332	-0.172802	0.531303	-0.0168426	-1.42306	0.125005
5.865	0.323307	-0.172804	0.531299	-0.0168862	-1.42321	0.125058
5.87	0.323295	-0.172805	0.531296	-0.0169314	-1.42336	0.125113
5.875	0.323282	-0.172807	0.531292	-0.0169751	-1.4235	0.125167
5.88	0.32327	-0.172809	0.53129	-0.0170204	-1.42365	0.125222
5.885	0.323257	-0.17281	0.531286	-0.0170643	-1.4238	0.125276
5.89	0.323244	-0.172812	0.531283	-0.0171097	-1.42395	0.125331
5.895	0.323232	-0.172814	0.531279	-0.0171536	-1.42409	0.125385
5.9	0.323219	-0.172815	0.531276	-0.0171992	-1.42424	0.125441
5.905	0.323206	-0.172817	0.531273	-0.0172433	-1.42439	0.125495
5.91	0.323194	-0.172819	0.53127	-0.017289	-1.42454	0.125551
5.915	0.323181	-0.17282	0.531266	-0.0173331	-1.42468	0.125605
5.92	0.323169	-0.172822	0.531263	-0.017379	-1.42483	0.125661
5.925	0.323156	-0.172823	0.531259	-0.0174233	-1.42498	0.125716
5.93	0.323144	-0.172825	0.531257	-0.0174692	-1.42512	0.125772
5.935	0.323131	-0.172826	0.531253	-0.0175138	-1.42527	0.125827
5.94	0.323118	-0.172828	0.53125	-0.0175605	-1.42542	0.125884
5.945	0.323106	-0.172829	0.531247	-0.0176057	-1.42557	0.12594
5.95	0.323094	-0.172831	0.531245	-0.017653	-1.42572	0.125997
5.955	0.323081	-0.172832	0.531242	-0.0176986	-1.42586	0.126054
5.96	0.323069	-0.172834	0.531239	-0.0177457	-1.42602	0.126111
5.965	0.323056	-0.172835	0.531236	-0.0177912	-1.42616	0.126167
5.97	0.323044	-0.172837	0.531234	-0.0178383	-1.42631	0.126225
5.975	0.323031	-0.172838	0.53123	-0.0178836	-1.42646	0.126281
