0	0.310429 	-0.173769 	0.537008 	0.180534 	-1.45468 	-0.24872 	
0.005	0.310429 	-0.173769 	0.537008 	0.180534 	-1.45468 	-0.24872 	
0.01	0.310429 	-0.173769 	0.537008 	0.180534 	-1.45468 	-0.24872 	
0.015	0.31043 	-0.173769 	0.537008 	0.180534 	-1.45468 	-0.24872 	
0.02	0.310431 	-0.173769 	0.537008 	0.180534 	-1.45468 	-0.24872 	
0.025	0.310433 	-0.173769 	0.537009 	0.180534 	-1.45468 	-0.24872 	
0.03	0.310435 	-0.173769 	0.537009 	0.180534 	-1.45468 	-0.24872 	
0.035	0.310438 	-0.173769 	0.53701 	0.180534 	-1.45468 	-0.24872 	
0.04	0.310441 	-0.173769 	0.53701 	0.180534 	-1.45468 	-0.24872 	
0.045	0.310445 	-0.173769 	0.537011 	0.180534 	-1.45468 	-0.24872 	
0.05	0.31045 	-0.173769 	0.537012 	0.180534 	-1.45468 	-0.24872 	
0.055	0.310455 	-0.17377 	0.537013 	0.180534 	-1.45468 	-0.24872 	
0.06	0.310461 	-0.17377 	0.537014 	0.180534 	-1.45468 	-0.24872 	
0.065	0.310467 	-0.17377 	0.537015 	0.180534 	-1.45468 	-0.24872 	
0.07	0.310473 	-0.17377 	0.537016 	0.180534 	-1.45468 	-0.24872 	
0.075	0.310481 	-0.17377 	0.537018 	0.180534 	-1.45468 	-0.24872 	
0.08	0.310488 	-0.17377 	0.537019 	0.180534 	-1.45468 	-0.24872 	
0.085	0.310497 	-0.17377 	0.537021 	0.180534 	-1.45468 	-0.24872 	
0.09	0.310505 	-0.173771 	0.537022 	0.180534 	-1.45468 	-0.24872 	
0.095	0.310516 	-0.173771 	0.537024 	0.180534 	-1.45468 	-0.24872 	
0.1	0.310526 	-0.173771 	0.537026 	0.180534 	-1.45468 	-0.24872 	
0.105	0.310536 	-0.173771 	0.537028 	0.180534 	-1.45468 	-0.24872 	
0.11	0.310547 	-0.173771 	0.53703 	0.180534 	-1.45468 	-0.24872 	
0.115	0.310559 	-0.173772 	0.537032 	0.180534 	-1.45468 	-0.24872 	
0.12	0.310571 	-0.173772 	0.537034 	0.180534 	-1.45468 	-0.24872 	
0.125	0.310583 	-0.173772 	0.537037 	0.180534 	-1.45468 	-0.24872 	
0.13	0.310597 	-0.173772 	0.537039 	0.180534 	-1.45468 	-0.24872 	
0.135	0.31061 	-0.173773 	0.537042 	0.180534 	-1.45468 	-0.24872 	
0.14	0.310624 	-0.173773 	0.537044 	0.180534 	-1.45468 	-0.24872 	
0.145	0.310639 	-0.173773 	0.537047 	0.180534 	-1.45468 	-0.24872 	
0.15	0.310654 	-0.173774 	0.53705 	0.180534 	-1.45468 	-0.24872 	
0.155	0.31067 	-0.173774 	0.537053 	0.180534 	-1.45468 	-0.24872 	
0.16	0.310687 	-0.173774 	0.537056 	0.180534 	-1.45468 	-0.24872 	
0.165	0.310641 	-0.173759 	0.53704 	0.178912 	-1.45354 	-0.246485 	
0.17	0.310658 	-0.173759 	0.537043 	0.178912 	-1.45354 	-0.246485 	
0.175	0.310676 	-0.17376 	0.537047 	0.178912 	-1.45354 	-0.246485 	
0.18	0.310695 	-0.17376 	0.53705 	0.178912 	-1.45354 	-0.246485 	
0.185	0.310714 	-0.17376 	0.537054 	0.178912 	-1.45354 	-0.246485 	
0.19	0.310733 	-0.173761 	0.537057 	0.178912 	-1.45354 	-0.246485 	
0.195	0.310753 	-0.173761 	0.537061 	0.178912 	-1.45354 	-0.246485 	
0.2	0.310774 	-0.173762 	0.537065 	0.178912 	-1.45354 	-0.246485 	
0.205	0.310795 	-0.173762 	0.537069 	0.178912 	-1.45354 	-0.246485 	
0.21	0.310816 	-0.173762 	0.537073 	0.178912 	-1.45354 	-0.246485 	
0.215	0.310839 	-0.173763 	0.537077 	0.178912 	-1.45354 	-0.246485 	
0.22	0.310861 	-0.173763 	0.537081 	0.178912 	-1.45354 	-0.246485 	
0.225	0.310823 	-0.173749 	0.537066 	0.177313 	-1.45242 	-0.244282 	
0.23	0.310846 	-0.173749 	0.537071 	0.177313 	-1.45242 	-0.244282 	
0.235	0.310871 	-0.173749 	0.537075 	0.177313 	-1.45242 	-0.244282 	
0.24	0.310895 	-0.17375 	0.53708 	0.177313 	-1.45242 	-0.244282 	
0.245	0.310921 	-0.17375 	0.537085 	0.177313 	-1.45242 	-0.244282 	
0.25	0.310946 	-0.173751 	0.537089 	0.177313 	-1.45242 	-0.244282 	
0.255	0.310973 	-0.173751 	0.537094 	0.177313 	-1.45242 	-0.244282 	
0.26	0.310999 	-0.173752 	0.537099 	0.177313 	-1.45242 	-0.244282 	
0.265	0.311027 	-0.173752 	0.537104 	0.177313 	-1.45242 	-0.244282 	
0.27	0.311054 	-0.173753 	0.537109 	0.177313 	-1.45242 	-0.244282 	
0.275	0.311017 	-0.173738 	0.537095 	0.175618 	-1.45123 	-0.241947 	
0.28	0.311046 	-0.173738 	0.5371 	0.175618 	-1.45123 	-0.241947 	
0.285	0.311076 	-0.173739 	0.537106 	0.175618 	-1.45123 	-0.241947 	
0.29	0.311105 	-0.173739 	0.537111 	0.175618 	-1.45123 	-0.241947 	
0.295	0.311136 	-0.17374 	0.537117 	0.175618 	-1.45123 	-0.241947 	
0.3	0.311167 	-0.17374 	0.537122 	0.175618 	-1.45123 	-0.241947 	
0.305	0.311198 	-0.173741 	0.537128 	0.175618 	-1.45123 	-0.241947 	
0.31	0.31123 	-0.173741 	0.537134 	0.175618 	-1.45123 	-0.241947 	
0.315	0.3112 	-0.173727 	0.537121 	0.174005 	-1.4501 	-0.239725 	
0.32	0.311233 	-0.173728 	0.537127 	0.174005 	-1.4501 	-0.239725 	
0.325	0.311266 	-0.173728 	0.537134 	0.174005 	-1.4501 	-0.239725 	
0.33	0.3113 	-0.173729 	0.53714 	0.174005 	-1.4501 	-0.239725 	
0.335	0.311334 	-0.173729 	0.537146 	0.174005 	-1.4501 	-0.239725 	
0.34	0.311369 	-0.17373 	0.537153 	0.174005 	-1.4501 	-0.239725 	
0.345	0.311404 	-0.17373 	0.537159 	0.174005 	-1.4501 	-0.239725 	
0.35	0.311379 	-0.173717 	0.537147 	0.172425 	-1.44899 	-0.237548 	
0.355	0.311416 	-0.173717 	0.537154 	0.172425 	-1.44899 	-0.237548 	
0.36	0.311452 	-0.173718 	0.537161 	0.172425 	-1.44899 	-0.237548 	
0.365	0.31149 	-0.173719 	0.537168 	0.172425 	-1.44899 	-0.237548 	
0.37	0.311527 	-0.173719 	0.537175 	0.172425 	-1.44899 	-0.237548 	
0.375	0.311566 	-0.17372 	0.537182 	0.172425 	-1.44899 	-0.237548 	
0.38	0.311604 	-0.17372 	0.537189 	0.172425 	-1.44899 	-0.237548 	
0.385	0.311577 	-0.173706 	0.537176 	0.170708 	-1.44779 	-0.235182 	
0.39	0.311617 	-0.173706 	0.537184 	0.170708 	-1.44779 	-0.235182 	
0.395	0.311657 	-0.173707 	0.537191 	0.170708 	-1.44779 	-0.235182 	
0.4	0.311698 	-0.173707 	0.537198 	0.170708 	-1.44779 	-0.235182 	
0.405	0.311739 	-0.173708 	0.537206 	0.170708 	-1.44779 	-0.235182 	
0.41	0.311781 	-0.173708 	0.537214 	0.170708 	-1.44779 	-0.235182 	
0.415	0.31176 	-0.173695 	0.537203 	0.169088 	-1.44665 	-0.232951 	
0.42	0.311803 	-0.173696 	0.537211 	0.169088 	-1.44665 	-0.232951 	
0.425	0.311846 	-0.173696 	0.537218 	0.169089 	-1.44665 	-0.232951 	
0.43	0.311889 	-0.173697 	0.537226 	0.169089 	-1.44665 	-0.232951 	
0.435	0.311933 	-0.173697 	0.537235 	0.169089 	-1.44665 	-0.232951 	
0.44	0.311978 	-0.173698 	0.537243 	0.169089 	-1.44665 	-0.232951 	
0.445	0.311956 	-0.173684 	0.537231 	0.16738 	-1.44546 	-0.230597 	
0.45	0.312002 	-0.173685 	0.53724 	0.16738 	-1.44546 	-0.230597 	
0.455	0.312047 	-0.173685 	0.537248 	0.16738 	-1.44546 	-0.230597 	
0.46	0.312094 	-0.173686 	0.537257 	0.16738 	-1.44546 	-0.230597 	
0.465	0.312141 	-0.173686 	0.537265 	0.16738 	-1.44546 	-0.230597 	
0.47	0.312188 	-0.173687 	0.537274 	0.16738 	-1.44546 	-0.230597 	
0.475	0.312165 	-0.173672 	0.537262 	0.165564 	-1.44418 	-0.228096 	
0.48	0.312213 	-0.173673 	0.537271 	0.165564 	-1.44418 	-0.228096 	
0.485	0.312262 	-0.173673 	0.537279 	0.165564 	-1.44418 	-0.228096 	
0.49	0.312311 	-0.173674 	0.537288 	0.165564 	-1.44418 	-0.228096 	
0.495	0.31236 	-0.173674 	0.537297 	0.165564 	-1.44418 	-0.228096 	
0.5	0.312347 	-0.173662 	0.537288 	0.163939 	-1.44304 	-0.225857 	
0.505	0.312397 	-0.173662 	0.537297 	0.163939 	-1.44304 	-0.225857 	
0.51	0.312448 	-0.173663 	0.537307 	0.163939 	-1.44304 	-0.225857 	
0.515	0.312499 	-0.173663 	0.537316 	0.163939 	-1.44304 	-0.225857 	
0.52	0.312551 	-0.173664 	0.537325 	0.163939 	-1.44304 	-0.225857 	
0.525	0.312538 	-0.173651 	0.537316 	0.162268 	-1.44187 	-0.223555 	
0.53	0.312591 	-0.173651 	0.537325 	0.162268 	-1.44187 	-0.223555 	
0.535	0.312643 	-0.173652 	0.537335 	0.162268 	-1.44187 	-0.223555 	
0.54	0.312697 	-0.173652 	0.537345 	0.162268 	-1.44187 	-0.223555 	
0.545	0.312751 	-0.173653 	0.537355 	0.162268 	-1.44187 	-0.223555 	
0.55	0.312737 	-0.17364 	0.537345 	0.16053 	-1.44065 	-0.22116 	
0.555	0.312792 	-0.17364 	0.537355 	0.16053 	-1.44065 	-0.22116 	
0.56	0.312847 	-0.17364 	0.537365 	0.16053 	-1.44065 	-0.22116 	
0.565	0.312902 	-0.173641 	0.537375 	0.16053 	-1.44065 	-0.22116 	
0.57	0.312958 	-0.173641 	0.537385 	0.16053 	-1.44065 	-0.22116 	
0.575	0.312944 	-0.173628 	0.537375 	0.158723 	-1.43939 	-0.21867 	
0.58	0.313001 	-0.173628 	0.537385 	0.158723 	-1.43939 	-0.21867 	
0.585	0.313058 	-0.173629 	0.537396 	0.158723 	-1.43939 	-0.21867 	
0.59	0.313116 	-0.173629 	0.537406 	0.158723 	-1.43939 	-0.21867 	
0.595	0.313174 	-0.173629 	0.537417 	0.158723 	-1.43939 	-0.21867 	
0.6	0.313159 	-0.173616 	0.537406 	0.156849 	-1.43807 	-0.216089 	
0.605	0.313218 	-0.173616 	0.537417 	0.156849 	-1.43807 	-0.216089 	
0.61	0.313277 	-0.173616 	0.537428 	0.156849 	-1.43807 	-0.216089 	
0.615	0.313336 	-0.173617 	0.537439 	0.156849 	-1.43807 	-0.216089 	
0.62	0.313335 	-0.173605 	0.537432 	0.155264 	-1.43696 	-0.213905 	
0.625	0.313395 	-0.173606 	0.537443 	0.155264 	-1.43696 	-0.213905 	
0.63	0.313456 	-0.173606 	0.537454 	0.155264 	-1.43696 	-0.213905 	
0.635	0.313517 	-0.173606 	0.537465 	0.155264 	-1.43696 	-0.213905 	
0.64	0.313516 	-0.173595 	0.537458 	0.153672 	-1.43585 	-0.211712 	
0.645	0.313578 	-0.173595 	0.537469 	0.153672 	-1.43585 	-0.211712 	
0.65	0.31364 	-0.173595 	0.537481 	0.153672 	-1.43585 	-0.211712 	
0.655	0.313703 	-0.173596 	0.537492 	0.153672 	-1.43585 	-0.211712 	
0.66	0.313702 	-0.173585 	0.537485 	0.152044 	-1.4347 	-0.209469 	
0.665	0.313766 	-0.173585 	0.537497 	0.152044 	-1.4347 	-0.209469 	
0.67	0.313829 	-0.173585 	0.537508 	0.152044 	-1.4347 	-0.209469 	
0.675	0.313893 	-0.173585 	0.53752 	0.152044 	-1.4347 	-0.209469 	
0.68	0.313893 	-0.173574 	0.537513 	0.150377 	-1.43353 	-0.207173 	
0.685	0.313958 	-0.173574 	0.537525 	0.150377 	-1.43353 	-0.207173 	
0.69	0.314023 	-0.173574 	0.537536 	0.150377 	-1.43353 	-0.207173 	
0.695	0.314088 	-0.173574 	0.537548 	0.150377 	-1.43353 	-0.207173 	
0.7	0.314088 	-0.173563 	0.537541 	0.148673 	-1.43234 	-0.204825 	
0.705	0.314154 	-0.173563 	0.537553 	0.148673 	-1.43234 	-0.204825 	
0.71	0.314221 	-0.173562 	0.537565 	0.148673 	-1.43234 	-0.204825 	
0.715	0.314288 	-0.173562 	0.537577 	0.148673 	-1.43234 	-0.204825 	
0.72	0.314287 	-0.173551 	0.53757 	0.146932 	-1.43112 	-0.202427 	
0.725	0.314354 	-0.173551 	0.537582 	0.146932 	-1.43112 	-0.202427 	
0.73	0.314422 	-0.173551 	0.537595 	0.146932 	-1.43112 	-0.202427 	
0.735	0.314491 	-0.173551 	0.537607 	0.146932 	-1.43112 	-0.202427 	
0.74	0.31449 	-0.17354 	0.5376 	0.145156 	-1.42987 	-0.199979 	
0.745	0.314559 	-0.17354 	0.537612 	0.145156 	-1.42987 	-0.199979 	
0.75	0.314628 	-0.173539 	0.537625 	0.145156 	-1.42987 	-0.199979 	
0.755	0.314698 	-0.173539 	0.537637 	0.145156 	-1.42987 	-0.199979 	
0.76	0.314697 	-0.173528 	0.53763 	0.143345 	-1.4286 	-0.197485 	
0.765	0.314767 	-0.173528 	0.537642 	0.143345 	-1.4286 	-0.197485 	
0.77	0.314837 	-0.173527 	0.537655 	0.143345 	-1.4286 	-0.197485 	
0.775	0.314908 	-0.173527 	0.537668 	0.143345 	-1.4286 	-0.197485 	
0.78	0.314907 	-0.173516 	0.53766 	0.141501 	-1.42731 	-0.194944 	
0.785	0.314979 	-0.173516 	0.537673 	0.141501 	-1.42731 	-0.194944 	
0.79	0.315051 	-0.173515 	0.537686 	0.141501 	-1.42731 	-0.194944 	
0.795	0.315123 	-0.173515 	0.537699 	0.141501 	-1.42731 	-0.194944 	
0.8	0.315122 	-0.173504 	0.537692 	0.139625 	-1.426 	-0.19236 	
0.805	0.315194 	-0.173503 	0.537705 	0.139625 	-1.426 	-0.19236 	
0.81	0.315267 	-0.173503 	0.537718 	0.139625 	-1.426 	-0.19236 	
0.815	0.315341 	-0.173502 	0.537731 	0.139625 	-1.426 	-0.19236 	
0.82	0.315339 	-0.173491 	0.537723 	0.137718 	-1.42466 	-0.189732 	
0.825	0.315413 	-0.173491 	0.537737 	0.137718 	-1.42466 	-0.189732 	
0.83	0.315488 	-0.17349 	0.53775 	0.137718 	-1.42466 	-0.189732 	
0.835	0.315562 	-0.17349 	0.537763 	0.137718 	-1.42466 	-0.189732 	
0.84	0.315561 	-0.173479 	0.537756 	0.135781 	-1.4233 	-0.187064 	
0.845	0.315636 	-0.173478 	0.537769 	0.135781 	-1.4233 	-0.187064 	
0.85	0.315711 	-0.173477 	0.537782 	0.135781 	-1.4233 	-0.187064 	
0.855	0.315787 	-0.173477 	0.537796 	0.135781 	-1.4233 	-0.187064 	
0.86	0.315785 	-0.173466 	0.537788 	0.133816 	-1.42192 	-0.184357 	
0.865	0.315861 	-0.173465 	0.537802 	0.133816 	-1.42192 	-0.184357 	
0.87	0.315938 	-0.173464 	0.537815 	0.133816 	-1.42192 	-0.184357 	
0.875	0.316014 	-0.173464 	0.537829 	0.133816 	-1.42192 	-0.184357 	
0.88	0.316013 	-0.173453 	0.537821 	0.131824 	-1.42053 	-0.181612 	
0.885	0.31609 	-0.173452 	0.537835 	0.131824 	-1.42053 	-0.181612 	
0.89	0.316167 	-0.173451 	0.537849 	0.131824 	-1.42053 	-0.181612 	
0.895	0.316183 	-0.173443 	0.537846 	0.130261 	-1.41943 	-0.179459 	
0.9	0.316261 	-0.173442 	0.53786 	0.130261 	-1.41943 	-0.179459 	
0.905	0.316339 	-0.173441 	0.537873 	0.130261 	-1.41943 	-0.179459 	
0.91	0.316418 	-0.17344 	0.537887 	0.130261 	-1.41943 	-0.179459 	
0.915	0.316418 	-0.17343 	0.53788 	0.12827 	-1.41803 	-0.176715 	
0.92	0.316496 	-0.173429 	0.537894 	0.12827 	-1.41803 	-0.176715 	
0.925	0.316575 	-0.173428 	0.537908 	0.12827 	-1.41803 	-0.176715 	
0.93	0.316592 	-0.17342 	0.537905 	0.126678 	-1.41692 	-0.174523 	
0.935	0.316671 	-0.173419 	0.537919 	0.126678 	-1.41692 	-0.174523 	
0.94	0.316751 	-0.173417 	0.537933 	0.126678 	-1.41692 	-0.174523 	
0.945	0.316769 	-0.17341 	0.537931 	0.125116 	-1.41582 	-0.172371 	
0.95	0.316849 	-0.173408 	0.537945 	0.125116 	-1.41582 	-0.172371 	
0.955	0.31693 	-0.173407 	0.537959 	0.125116 	-1.41582 	-0.172371 	
0.96	0.316948 	-0.173399 	0.537957 	0.123547 	-1.41472 	-0.170209 	
0.965	0.317029 	-0.173398 	0.537971 	0.123547 	-1.41472 	-0.170209 	
0.97	0.31711 	-0.173397 	0.537986 	0.123547 	-1.41472 	-0.170209 	
0.975	0.317129 	-0.173389 	0.537983 	0.121966 	-1.41361 	-0.168031 	
0.98	0.31721 	-0.173388 	0.537998 	0.121966 	-1.41361 	-0.168031 	
0.985	0.317292 	-0.173386 	0.538012 	0.121966 	-1.41361 	-0.168031 	
0.99	0.31731 	-0.173379 	0.53801 	0.120373 	-1.4125 	-0.165837 	
0.995	0.317392 	-0.173377 	0.538024 	0.120373 	-1.4125 	-0.165837 	
1	0.317474 	-0.173376 	0.538039 	0.120373 	-1.4125 	-0.165837 	
1.005	0.317493 	-0.173368 	0.538036 	0.118771 	-1.41137 	-0.163629 	
1.01	0.317576 	-0.173367 	0.538051 	0.118771 	-1.41137 	-0.163629 	
1.015	0.317658 	-0.173365 	0.538065 	0.118771 	-1.41137 	-0.163629 	
1.02	0.317677 	-0.173358 	0.538063 	0.117158 	-1.41024 	-0.161407 	
1.025	0.31776 	-0.173356 	0.538078 	0.117158 	-1.41024 	-0.161407 	
1.03	0.317843 	-0.173354 	0.538092 	0.117158 	-1.41024 	-0.161407 	
1.035	0.317862 	-0.173347 	0.53809 	0.115535 	-1.40911 	-0.159172 	
1.04	0.317946 	-0.173346 	0.538105 	0.115535 	-1.40911 	-0.159172 	
1.045	0.318029 	-0.173344 	0.538119 	0.115535 	-1.40911 	-0.159172 	
1.05	0.318048 	-0.173337 	0.538117 	0.113904 	-1.40796 	-0.156924 	
1.055	0.318132 	-0.173335 	0.538132 	0.113904 	-1.40796 	-0.156924 	
1.06	0.318216 	-0.173333 	0.538146 	0.113904 	-1.40796 	-0.156924 	
1.065	0.318235 	-0.173326 	0.538144 	0.112264 	-1.40681 	-0.154665 	
1.07	0.318319 	-0.173324 	0.538159 	0.112264 	-1.40681 	-0.154665 	
1.075	0.318404 	-0.173322 	0.538174 	0.112264 	-1.40681 	-0.154665 	
1.08	0.318423 	-0.173316 	0.538172 	0.110617 	-1.40566 	-0.152396 	
1.085	0.318508 	-0.173313 	0.538186 	0.110617 	-1.40566 	-0.152396 	
1.09	0.318592 	-0.173311 	0.538201 	0.110617 	-1.40566 	-0.152396 	
1.095	0.318612 	-0.173305 	0.538199 	0.108963 	-1.4045 	-0.150116 	
1.1	0.318697 	-0.173302 	0.538214 	0.108963 	-1.4045 	-0.150116 	
1.105	0.318782 	-0.1733 	0.538229 	0.108963 	-1.4045 	-0.150116 	
1.11	0.318801 	-0.173294 	0.538227 	0.107301 	-1.40333 	-0.147828 	
1.115	0.318886 	-0.173292 	0.538241 	0.107301 	-1.40333 	-0.147828 	
1.12	0.318972 	-0.173289 	0.538256 	0.107301 	-1.40333 	-0.147828 	
1.125	0.318991 	-0.173283 	0.538254 	0.105634 	-1.40216 	-0.145531 	
1.13	0.319077 	-0.173281 	0.538269 	0.105634 	-1.40216 	-0.145531 	
1.135	0.319162 	-0.173278 	0.538284 	0.105634 	-1.40216 	-0.145531 	
1.14	0.319182 	-0.173272 	0.538282 	0.103962 	-1.40099 	-0.143227 	
1.145	0.319268 	-0.17327 	0.538297 	0.103962 	-1.40099 	-0.143227 	
1.15	0.319354 	-0.173267 	0.538312 	0.103962 	-1.40099 	-0.143227 	
1.155	0.319373 	-0.173261 	0.53831 	0.102284 	-1.39981 	-0.140916 	
1.16	0.319459 	-0.173259 	0.538325 	0.102284 	-1.39981 	-0.140916 	
1.165	0.319545 	-0.173256 	0.538339 	0.102284 	-1.39981 	-0.140916 	
1.17	0.319565 	-0.17325 	0.538338 	0.100603 	-1.39864 	-0.138599 	
1.175	0.319651 	-0.173248 	0.538352 	0.100603 	-1.39864 	-0.138599 	
1.18	0.319737 	-0.173245 	0.538367 	0.100603 	-1.39864 	-0.138599 	
1.185	0.319757 	-0.17324 	0.538366 	0.0989176 	-1.39745 	-0.136278 	
1.19	0.319843 	-0.173237 	0.53838 	0.0989176 	-1.39745 	-0.136278 	
1.195	0.31993 	-0.173234 	0.538395 	0.0989176 	-1.39745 	-0.136278 	
1.2	0.319949 	-0.173229 	0.538393 	0.0972293 	-1.39627 	-0.133952 	
1.205	0.320036 	-0.173225 	0.538408 	0.0972293 	-1.39627 	-0.133952 	
1.21	0.320122 	-0.173222 	0.538423 	0.0972293 	-1.39627 	-0.133952 	
1.215	0.320142 	-0.173218 	0.538422 	0.0955386 	-1.39508 	-0.131622 	
1.22	0.320229 	-0.173214 	0.538436 	0.0955386 	-1.39508 	-0.131622 	
1.225	0.320315 	-0.173211 	0.538451 	0.0955386 	-1.39508 	-0.131622 	
1.23	0.320335 	-0.173207 	0.53845 	0.093846 	-1.3939 	-0.12929 	
1.235	0.320422 	-0.173203 	0.538464 	0.093846 	-1.3939 	-0.12929 	
1.24	0.320508 	-0.1732 	0.538479 	0.093846 	-1.3939 	-0.12929 	
1.245	0.320528 	-0.173196 	0.538478 	0.0921521 	-1.39271 	-0.126957 	
1.25	0.320615 	-0.173192 	0.538492 	0.0921521 	-1.39271 	-0.126957 	
1.255	0.320702 	-0.173189 	0.538507 	0.0921521 	-1.39271 	-0.126957 	
1.26	0.320721 	-0.173185 	0.538506 	0.0904576 	-1.39152 	-0.124622 	
1.265	0.320808 	-0.173181 	0.538521 	0.0904576 	-1.39152 	-0.124622 	
1.27	0.320895 	-0.173178 	0.538535 	0.0904576 	-1.39152 	-0.124622 	
1.275	0.320914 	-0.173174 	0.538534 	0.088763 	-1.39033 	-0.122288 	
1.28	0.321001 	-0.17317 	0.538549 	0.088763 	-1.39033 	-0.122288 	
1.285	0.321088 	-0.173166 	0.538563 	0.088763 	-1.39033 	-0.122288 	
1.29	0.321107 	-0.173163 	0.538562 	0.0870689 	-1.38915 	-0.119954 	
1.295	0.321194 	-0.173159 	0.538577 	0.0870689 	-1.38915 	-0.119954 	
1.3	0.321281 	-0.173155 	0.538591 	0.0870689 	-1.38915 	-0.119954 	
1.305	0.3213 	-0.173152 	0.53859 	0.085376 	-1.38796 	-0.117621 	
1.31	0.321387 	-0.173148 	0.538605 	0.085376 	-1.38796 	-0.117621 	
1.315	0.321473 	-0.173144 	0.538619 	0.085376 	-1.38796 	-0.117621 	
1.32	0.321493 	-0.173141 	0.538618 	0.0836848 	-1.38677 	-0.115291 	
1.325	0.321579 	-0.173137 	0.538633 	0.0836848 	-1.38677 	-0.115291 	
1.33	0.321666 	-0.173133 	0.538647 	0.0836848 	-1.38677 	-0.115291 	
1.335	0.321685 	-0.17313 	0.538646 	0.0819959 	-1.38559 	-0.112965 	
1.34	0.321772 	-0.173126 	0.538661 	0.0819959 	-1.38559 	-0.112965 	
1.345	0.321858 	-0.173122 	0.538675 	0.0819959 	-1.38559 	-0.112965 	
1.35	0.321877 	-0.173119 	0.538674 	0.0803099 	-1.38441 	-0.110642 	
1.355	0.321963 	-0.173115 	0.538688 	0.0803099 	-1.38441 	-0.110642 	
1.36	0.32205 	-0.17311 	0.538703 	0.0803099 	-1.38441 	-0.110642 	
1.365	0.322069 	-0.173108 	0.538702 	0.0786274 	-1.38323 	-0.108324 	
1.37	0.322155 	-0.173104 	0.538716 	0.0786274 	-1.38323 	-0.108324 	
1.375	0.322241 	-0.173099 	0.538731 	0.0786274 	-1.38323 	-0.108324 	
1.38	0.32226 	-0.173097 	0.538729 	0.076949 	-1.38205 	-0.106012 	
1.385	0.322346 	-0.173093 	0.538744 	0.076949 	-1.38205 	-0.106012 	
1.39	0.322432 	-0.173088 	0.538758 	0.076949 	-1.38205 	-0.106012 	
1.395	0.322451 	-0.173086 	0.538757 	0.0752753 	-1.38088 	-0.103706 	
1.4	0.322536 	-0.173082 	0.538772 	0.0752753 	-1.38088 	-0.103706 	
1.405	0.322622 	-0.173077 	0.538786 	0.0752753 	-1.38088 	-0.103706 	
1.41	0.322641 	-0.173075 	0.538785 	0.0736069 	-1.37971 	-0.101407 	
1.415	0.322726 	-0.173071 	0.538799 	0.0736069 	-1.37971 	-0.101407 	
1.42	0.322811 	-0.173066 	0.538813 	0.0736069 	-1.37971 	-0.101407 	
1.425	0.32283 	-0.173064 	0.538812 	0.0719444 	-1.37854 	-0.0991169 	
1.43	0.322915 	-0.17306 	0.538827 	0.0719444 	-1.37854 	-0.0991169 	
1.435	0.323 	-0.173055 	0.538841 	0.0719444 	-1.37854 	-0.0991169 	
1.44	0.323019 	-0.173054 	0.53884 	0.0702883 	-1.37738 	-0.0968353 	
1.445	0.323103 	-0.173049 	0.538854 	0.0702883 	-1.37738 	-0.0968353 	
1.45	0.323188 	-0.173044 	0.538868 	0.0702883 	-1.37738 	-0.0968353 	
1.455	0.323206 	-0.173043 	0.538867 	0.0686393 	-1.37622 	-0.0945635 	
1.46	0.323291 	-0.173038 	0.538881 	0.0686393 	-1.37622 	-0.0945635 	
1.465	0.323375 	-0.173034 	0.538895 	0.0686393 	-1.37622 	-0.0945635 	
1.47	0.323393 	-0.173032 	0.538894 	0.0669979 	-1.37507 	-0.0923021 	
1.475	0.323477 	-0.173028 	0.538908 	0.0669979 	-1.37507 	-0.0923021 	
1.48	0.323561 	-0.173023 	0.538922 	0.0669979 	-1.37507 	-0.0923021 	
1.485	0.323579 	-0.173022 	0.538921 	0.0653647 	-1.37393 	-0.0900521 	
1.49	0.323663 	-0.173017 	0.538935 	0.0653647 	-1.37393 	-0.0900521 	
1.495	0.323746 	-0.173012 	0.538949 	0.0653647 	-1.37393 	-0.0900521 	
1.5	0.323764 	-0.173011 	0.538948 	0.0637403 	-1.37279 	-0.0878141 	
1.505	0.323847 	-0.173006 	0.538962 	0.0637403 	-1.37279 	-0.0878141 	
1.51	0.32393 	-0.173001 	0.538976 	0.0637403 	-1.37279 	-0.0878141 	
1.515	0.323948 	-0.173001 	0.538975 	0.0621252 	-1.37166 	-0.085589 	
1.52	0.32403 	-0.172996 	0.538989 	0.0621252 	-1.37166 	-0.085589 	
1.525	0.324113 	-0.172991 	0.539002 	0.0621252 	-1.37166 	-0.085589 	
1.53	0.324131 	-0.17299 	0.539001 	0.06052 	-1.37053 	-0.0833776 	
1.535	0.324213 	-0.172985 	0.539015 	0.06052 	-1.37053 	-0.0833776 	
1.54	0.324294 	-0.17298 	0.539029 	0.06052 	-1.37053 	-0.0833776 	
1.545	0.324312 	-0.17298 	0.539028 	0.0589253 	-1.36941 	-0.0811806 	
1.55	0.324394 	-0.172975 	0.539041 	0.0589253 	-1.36941 	-0.0811806 	
1.555	0.324475 	-0.17297 	0.539055 	0.0589253 	-1.36941 	-0.0811806 	
1.56	0.324493 	-0.17297 	0.539054 	0.0573417 	-1.3683 	-0.0789989 	
1.565	0.324573 	-0.172965 	0.539067 	0.0573417 	-1.3683 	-0.0789989 	
1.57	0.324654 	-0.172959 	0.539081 	0.0573417 	-1.3683 	-0.0789989 	
1.575	0.324671 	-0.172959 	0.53908 	0.0557697 	-1.3672 	-0.0768331 	
1.58	0.324752 	-0.172954 	0.539093 	0.0557697 	-1.3672 	-0.0768331 	
1.585	0.324832 	-0.172949 	0.539106 	0.0557697 	-1.3672 	-0.0768331 	
1.59	0.324849 	-0.172949 	0.539106 	0.0542098 	-1.36611 	-0.0746841 	
1.595	0.324929 	-0.172944 	0.539119 	0.0542098 	-1.36611 	-0.0746841 	
1.6	0.325008 	-0.172939 	0.539132 	0.0542098 	-1.36611 	-0.0746841 	
1.605	0.325025 	-0.172939 	0.539131 	0.0526626 	-1.36502 	-0.0725526 	
1.61	0.325104 	-0.172934 	0.539144 	0.0526626 	-1.36502 	-0.0725526 	
1.615	0.325182 	-0.172929 	0.539157 	0.0526626 	-1.36502 	-0.0725526 	
1.62	0.3252 	-0.172929 	0.539157 	0.0511287 	-1.36395 	-0.0704394 	
1.625	0.325278 	-0.172924 	0.53917 	0.0511287 	-1.36395 	-0.0704394 	
1.63	0.325356 	-0.172919 	0.539182 	0.0511287 	-1.36395 	-0.0704394 	
1.635	0.325433 	-0.172914 	0.539195 	0.0511287 	-1.36395 	-0.0704394 	
1.64	0.325432 	-0.172916 	0.539191 	0.0491571 	-1.36256 	-0.067723 	
1.645	0.325509 	-0.172911 	0.539203 	0.0491571 	-1.36256 	-0.067723 	
1.65	0.325586 	-0.172905 	0.539216 	0.0491571 	-1.36256 	-0.067723 	
1.655	0.325601 	-0.172906 	0.539215 	0.0476095 	-1.36148 	-0.0655909 	
1.66	0.325677 	-0.172901 	0.539228 	0.0476095 	-1.36148 	-0.0655909 	
1.665	0.325753 	-0.172896 	0.53924 	0.0476095 	-1.36148 	-0.0655909 	
1.67	0.325829 	-0.17289 	0.539252 	0.0476095 	-1.36148 	-0.0655909 	
1.675	0.325828 	-0.172893 	0.539248 	0.0456779 	-1.36012 	-0.0629297 	
1.68	0.325903 	-0.172888 	0.539261 	0.0456779 	-1.36012 	-0.0629297 	
1.685	0.325978 	-0.172883 	0.539273 	0.0456779 	-1.36012 	-0.0629297 	
1.69	0.326053 	-0.172877 	0.539285 	0.0456779 	-1.36012 	-0.0629297 	
1.695	0.32605 	-0.172881 	0.539281 	0.0437322 	-1.35876 	-0.0602491 	
1.7	0.326124 	-0.172875 	0.539293 	0.0437322 	-1.35876 	-0.0602491 	
1.705	0.326198 	-0.17287 	0.539305 	0.0437322 	-1.35876 	-0.0602491 	
1.71	0.326271 	-0.172865 	0.539317 	0.0437322 	-1.35876 	-0.0602491 	
1.715	0.326268 	-0.172868 	0.539312 	0.0418113 	-1.35741 	-0.0576027 	
1.72	0.326341 	-0.172863 	0.539324 	0.0418113 	-1.35741 	-0.0576027 	
1.725	0.326414 	-0.172858 	0.539336 	0.0418113 	-1.35741 	-0.0576027 	
1.73	0.326486 	-0.172852 	0.539348 	0.0418113 	-1.35741 	-0.0576027 	
1.735	0.326483 	-0.172856 	0.539344 	0.0399204 	-1.35609 	-0.0549976 	
1.74	0.326555 	-0.172851 	0.539355 	0.0399204 	-1.35609 	-0.0549976 	
1.745	0.326626 	-0.172845 	0.539367 	0.0399204 	-1.35609 	-0.0549976 	
1.75	0.326698 	-0.17284 	0.539378 	0.0399204 	-1.35609 	-0.0549976 	
1.755	0.326694 	-0.172844 	0.539374 	0.0380609 	-1.35478 	-0.0524358 	
1.76	0.326765 	-0.172839 	0.539386 	0.0380609 	-1.35478 	-0.0524358 	
1.765	0.326835 	-0.172833 	0.539397 	0.0380609 	-1.35478 	-0.0524358 	
1.77	0.326905 	-0.172828 	0.539408 	0.0380609 	-1.35478 	-0.0524358 	
1.775	0.326902 	-0.172832 	0.539404 	0.0362341 	-1.3535 	-0.0499191 	
1.78	0.326971 	-0.172827 	0.539416 	0.0362341 	-1.3535 	-0.0499191 	
1.785	0.32704 	-0.172821 	0.539427 	0.0362341 	-1.3535 	-0.0499191 	
1.79	0.327109 	-0.172816 	0.539438 	0.0362341 	-1.3535 	-0.0499191 	
1.795	0.327106 	-0.172821 	0.539434 	0.0344412 	-1.35225 	-0.0474491 	
1.8	0.327174 	-0.172815 	0.539445 	0.0344412 	-1.35225 	-0.0474491 	
1.805	0.327241 	-0.17281 	0.539456 	0.0344412 	-1.35225 	-0.0474491 	
1.81	0.327308 	-0.172805 	0.539467 	0.0344412 	-1.35225 	-0.0474491 	
1.815	0.327305 	-0.172809 	0.539463 	0.0326833 	-1.35101 	-0.0450272 	
1.82	0.327372 	-0.172804 	0.539474 	0.0326833 	-1.35101 	-0.0450272 	
1.825	0.327438 	-0.172799 	0.539484 	0.0326833 	-1.35101 	-0.0450272 	
1.83	0.327504 	-0.172793 	0.539495 	0.0326833 	-1.35101 	-0.0450272 	
1.835	0.327501 	-0.172798 	0.539492 	0.0309615 	-1.34981 	-0.0426551 	
1.84	0.327566 	-0.172793 	0.539502 	0.0309615 	-1.34981 	-0.0426551 	
1.845	0.327631 	-0.172788 	0.539512 	0.0309615 	-1.34981 	-0.0426551 	
1.85	0.327695 	-0.172782 	0.539523 	0.0309615 	-1.34981 	-0.0426551 	
1.855	0.327692 	-0.172787 	0.539519 	0.0292768 	-1.34863 	-0.0403341 	
1.86	0.327756 	-0.172782 	0.53953 	0.0292768 	-1.34863 	-0.0403341 	
1.865	0.327819 	-0.172777 	0.53954 	0.0292768 	-1.34863 	-0.0403341 	
1.87	0.327882 	-0.172771 	0.53955 	0.0292768 	-1.34863 	-0.0403341 	
1.875	0.327879 	-0.172777 	0.539547 	0.0276303 	-1.34747 	-0.0380658 	
1.88	0.327941 	-0.172771 	0.539556 	0.0276303 	-1.34747 	-0.0380658 	
1.885	0.328003 	-0.172766 	0.539566 	0.0276303 	-1.34747 	-0.0380658 	
1.89	0.328065 	-0.172761 	0.539576 	0.0276303 	-1.34747 	-0.0380658 	
1.895	0.328062 	-0.172766 	0.539573 	0.0260231 	-1.34634 	-0.0358516 	
1.9	0.328122 	-0.172761 	0.539583 	0.0260231 	-1.34634 	-0.0358516 	
1.905	0.328183 	-0.172756 	0.539592 	0.0260231 	-1.34634 	-0.0358516 	
1.91	0.328242 	-0.172751 	0.539602 	0.0260231 	-1.34634 	-0.0358516 	
1.915	0.32824 	-0.172756 	0.539599 	0.0244562 	-1.34525 	-0.0336928 	
1.92	0.328299 	-0.172751 	0.539608 	0.0244562 	-1.34525 	-0.0336928 	
1.925	0.328357 	-0.172746 	0.539618 	0.0244562 	-1.34525 	-0.0336928 	
1.93	0.328415 	-0.172741 	0.539627 	0.0244562 	-1.34525 	-0.0336928 	
1.935	0.328413 	-0.172746 	0.539624 	0.0229304 	-1.34418 	-0.0315909 	
1.94	0.32847 	-0.172741 	0.539633 	0.0229304 	-1.34418 	-0.0315909 	
1.945	0.328527 	-0.172736 	0.539642 	0.0229304 	-1.34418 	-0.0315909 	
1.95	0.328584 	-0.172731 	0.539651 	0.0229304 	-1.34418 	-0.0315909 	
1.955	0.32864 	-0.172726 	0.53966 	0.0229304 	-1.34418 	-0.0315909 	
1.96	0.328624 	-0.172734 	0.539655 	0.0211211 	-1.34291 	-0.0290981 	
1.965	0.328679 	-0.172729 	0.539664 	0.0211211 	-1.34291 	-0.0290981 	
1.97	0.328734 	-0.172724 	0.539672 	0.0211211 	-1.34291 	-0.0290981 	
1.975	0.328789 	-0.172719 	0.539681 	0.0211211 	-1.34291 	-0.0290981 	
1.98	0.328843 	-0.172715 	0.53969 	0.0211211 	-1.34291 	-0.0290981 	
1.985	0.328826 	-0.172723 	0.539684 	0.0193437 	-1.34166 	-0.0266494 	
1.99	0.328879 	-0.172718 	0.539693 	0.0193437 	-1.34166 	-0.0266494 	
1.995	0.328932 	-0.172713 	0.539701 	0.0193437 	-1.34166 	-0.0266494 	
2	0.328984 	-0.172708 	0.539709 	0.0193437 	-1.34166 	-0.0266494 	
2.005	0.329036 	-0.172704 	0.539717 	0.0193437 	-1.34166 	-0.0266494 	
2.01	0.32902 	-0.172712 	0.539712 	0.017632 	-1.34046 	-0.0242913 	
2.015	0.329071 	-0.172707 	0.53972 	0.017632 	-1.34046 	-0.0242913 	
2.02	0.329121 	-0.172702 	0.539728 	0.017632 	-1.34046 	-0.0242913 	
2.025	0.329172 	-0.172698 	0.539736 	0.017632 	-1.34046 	-0.0242913 	
2.03	0.329221 	-0.172693 	0.539744 	0.017632 	-1.34046 	-0.0242913 	
2.035	0.329206 	-0.172701 	0.539739 	0.0159911 	-1.33931 	-0.0220306 	
2.04	0.329254 	-0.172697 	0.539747 	0.0159911 	-1.33931 	-0.0220306 	
2.045	0.329303 	-0.172692 	0.539755 	0.0159911 	-1.33931 	-0.0220306 	
2.05	0.329351 	-0.172688 	0.539762 	0.0159911 	-1.33931 	-0.0220306 	
2.055	0.329398 	-0.172683 	0.53977 	0.0159911 	-1.33931 	-0.0220306 	
2.06	0.329383 	-0.172691 	0.539765 	0.0144229 	-1.33821 	-0.0198701 	
2.065	0.32943 	-0.172687 	0.539772 	0.0144229 	-1.33821 	-0.0198701 	
2.07	0.329476 	-0.172682 	0.53978 	0.0144229 	-1.33821 	-0.0198701 	
2.075	0.329521 	-0.172678 	0.539787 	0.0144229 	-1.33821 	-0.0198701 	
2.08	0.329566 	-0.172674 	0.539794 	0.0144229 	-1.33821 	-0.0198701 	
2.085	0.329611 	-0.17267 	0.539801 	0.0144229 	-1.33821 	-0.0198701 	
2.09	0.329586 	-0.172679 	0.539795 	0.0126703 	-1.33698 	-0.0174556 	
2.095	0.32963 	-0.172675 	0.539802 	0.0126703 	-1.33698 	-0.0174556 	
2.1	0.329673 	-0.172671 	0.539808 	0.0126703 	-1.33698 	-0.0174556 	
2.105	0.329716 	-0.172667 	0.539815 	0.0126703 	-1.33698 	-0.0174556 	
2.11	0.329758 	-0.172663 	0.539822 	0.0126703 	-1.33698 	-0.0174556 	
2.115	0.3298 	-0.172659 	0.539828 	0.0126703 	-1.33698 	-0.0174556 	
2.12	0.329775 	-0.172668 	0.539822 	0.0109973 	-1.33581 	-0.0151507 	
2.125	0.329816 	-0.172665 	0.539829 	0.0109973 	-1.33581 	-0.0151507 	
2.13	0.329857 	-0.172661 	0.539835 	0.0109973 	-1.33581 	-0.0151507 	
2.135	0.329897 	-0.172657 	0.539841 	0.0109973 	-1.33581 	-0.0151507 	
2.14	0.329936 	-0.172653 	0.539847 	0.0109973 	-1.33581 	-0.0151507 	
2.145	0.329975 	-0.172649 	0.539854 	0.0109973 	-1.33581 	-0.0151507 	
2.15	0.329952 	-0.172659 	0.539848 	0.00943304 	-1.33471 	-0.0129956 	
2.155	0.32999 	-0.172655 	0.539854 	0.00943304 	-1.33471 	-0.0129956 	
2.16	0.330027 	-0.172651 	0.53986 	0.00943304 	-1.33471 	-0.0129956 	
2.165	0.330064 	-0.172648 	0.539865 	0.00943304 	-1.33471 	-0.0129956 	
2.17	0.330101 	-0.172644 	0.539871 	0.00943304 	-1.33471 	-0.0129956 	
2.175	0.330137 	-0.172641 	0.539877 	0.00943304 	-1.33471 	-0.0129956 	
2.18	0.330172 	-0.172637 	0.539882 	0.00943304 	-1.33471 	-0.0129956 	
2.185	0.330142 	-0.172648 	0.539876 	0.00777741 	-1.33355 	-0.0107147 	
2.19	0.330176 	-0.172644 	0.539881 	0.00777741 	-1.33355 	-0.0107147 	
2.195	0.33021 	-0.172641 	0.539886 	0.00777741 	-1.33355 	-0.0107147 	
2.2	0.330244 	-0.172638 	0.539891 	0.00777741 	-1.33355 	-0.0107147 	
2.205	0.330277 	-0.172634 	0.539897 	0.00777741 	-1.33355 	-0.0107147 	
2.21	0.33031 	-0.172631 	0.539902 	0.00777741 	-1.33355 	-0.0107147 	
2.215	0.330342 	-0.172628 	0.539907 	0.00777741 	-1.33355 	-0.0107147 	
2.22	0.330313 	-0.172638 	0.5399 	0.00625483 	-1.33248 	-0.00861705 	
2.225	0.330344 	-0.172635 	0.539905 	0.00625483 	-1.33248 	-0.00861705 	
2.23	0.330375 	-0.172632 	0.53991 	0.00625483 	-1.33248 	-0.00861705 	
2.235	0.330405 	-0.172629 	0.539915 	0.00625483 	-1.33248 	-0.00861705 	
2.24	0.330434 	-0.172626 	0.539919 	0.00625483 	-1.33248 	-0.00861705 	
2.245	0.330463 	-0.172623 	0.539924 	0.00625483 	-1.33248 	-0.00861705 	
2.25	0.330492 	-0.17262 	0.539928 	0.00625483 	-1.33248 	-0.00861705 	
2.255	0.33052 	-0.172617 	0.539933 	0.00625483 	-1.33248 	-0.00861705 	
2.26	0.330487 	-0.172628 	0.539926 	0.00473024 	-1.33141 	-0.00651664 	
2.265	0.330514 	-0.172625 	0.53993 	0.00473024 	-1.33141 	-0.00651664 	
2.27	0.33054 	-0.172623 	0.539934 	0.00473024 	-1.33141 	-0.00651664 	
2.275	0.330566 	-0.17262 	0.539938 	0.00473024 	-1.33141 	-0.00651664 	
2.28	0.330592 	-0.172618 	0.539942 	0.00473024 	-1.33141 	-0.00651664 	
2.285	0.330616 	-0.172615 	0.539946 	0.00473024 	-1.33141 	-0.00651664 	
2.29	0.330641 	-0.172613 	0.53995 	0.00473024 	-1.33141 	-0.00651664 	
2.295	0.330665 	-0.17261 	0.539953 	0.00473024 	-1.33141 	-0.00651664 	
2.3	0.330688 	-0.172608 	0.539957 	0.00473024 	-1.33141 	-0.00651664 	
2.305	0.330711 	-0.172606 	0.53996 	0.00473024 	-1.33141 	-0.00651664 	
2.31	0.33067 	-0.172618 	0.539952 	0.00313474 	-1.3303 	-0.00431852 	
2.315	0.330692 	-0.172615 	0.539956 	0.00313474 	-1.3303 	-0.00431852 	
2.32	0.330713 	-0.172613 	0.539959 	0.00313474 	-1.3303 	-0.00431852 	
2.325	0.330734 	-0.172611 	0.539962 	0.00313474 	-1.3303 	-0.00431852 	
2.33	0.330754 	-0.172609 	0.539965 	0.00313474 	-1.3303 	-0.00431852 	
2.335	0.330773 	-0.172607 	0.539968 	0.00313474 	-1.3303 	-0.00431852 	
2.34	0.330792 	-0.172605 	0.539971 	0.00313474 	-1.3303 	-0.00431852 	
2.345	0.330811 	-0.172603 	0.539974 	0.00313474 	-1.3303 	-0.00431852 	
2.35	0.330829 	-0.172601 	0.539977 	0.00313474 	-1.3303 	-0.00431852 	
2.355	0.330847 	-0.1726 	0.53998 	0.00313474 	-1.3303 	-0.00431852 	
2.36	0.330864 	-0.172598 	0.539982 	0.00313474 	-1.3303 	-0.00431852 	
2.365	0.33088 	-0.172596 	0.539985 	0.00313474 	-1.3303 	-0.00431852 	
2.37	0.330896 	-0.172595 	0.539987 	0.00313474 	-1.3303 	-0.00431852 	
2.375	0.330849 	-0.172607 	0.539978 	0.00155958 	-1.32919 	-0.00214844 	
2.38	0.330864 	-0.172606 	0.539981 	0.00155958 	-1.32919 	-0.00214844 	
2.385	0.330878 	-0.172604 	0.539983 	0.00155958 	-1.32919 	-0.00214844 	
2.39	0.330892 	-0.172603 	0.539985 	0.00155958 	-1.32919 	-0.00214844 	
2.395	0.330905 	-0.172602 	0.539987 	0.00155958 	-1.32919 	-0.00214844 	
2.4	0.330918 	-0.1726 	0.539989 	0.00155958 	-1.32919 	-0.00214844 	
2.405	0.33093 	-0.172599 	0.539991 	0.00155958 	-1.32919 	-0.00214844 	
2.41	0.330942 	-0.172598 	0.539993 	0.00155958 	-1.32919 	-0.00214844 	
2.415	0.330953 	-0.172597 	0.539994 	0.00155958 	-1.32919 	-0.00214844 	
2.42	0.330963 	-0.172596 	0.539996 	0.00155958 	-1.32919 	-0.00214844 	
2.425	0.330973 	-0.172595 	0.539998 	0.00155958 	-1.32919 	-0.00214844 	
2.43	0.330982 	-0.172594 	0.539999 	0.00155958 	-1.32919 	-0.00214844 	
2.435	0.330992 	-0.172593 	0.54 	0.00155958 	-1.32919 	-0.00214844 	
2.44	0.330999 	-0.172592 	0.540002 	0.00155958 	-1.32919 	-0.00214844 	
2.445	0.331007 	-0.172591 	0.540003 	0.00155958 	-1.32919 	-0.00214844 	
2.45	0.331015 	-0.17259 	0.540004 	0.00155958 	-1.32919 	-0.00214844 	
2.455	0.331021 	-0.17259 	0.540005 	0.00155958 	-1.32919 	-0.00214844 	
2.46	0.331028 	-0.172589 	0.540006 	0.00155958 	-1.32919 	-0.00214844 	
2.465	0.331034 	-0.172588 	0.540007 	0.00155958 	-1.32919 	-0.00214844 	
2.47	0.331039 	-0.172588 	0.540008 	0.00155958 	-1.32919 	-0.00214844 	
2.475	0.331043 	-0.172587 	0.540008 	0.00155958 	-1.32919 	-0.00214844 	
2.48	0.331048 	-0.172587 	0.540009 	0.00155958 	-1.32919 	-0.00214844 	
2.485	0.331051 	-0.172587 	0.54001 	0.00155958 	-1.32919 	-0.00214844 	
2.49	0.331054 	-0.172586 	0.54001 	0.00155958 	-1.32919 	-0.00214844 	
2.495	0.331057 	-0.172586 	0.540011 	0.00155958 	-1.32919 	-0.00214844 	
2.5	0.331059 	-0.172586 	0.540011 	0.00155958 	-1.32919 	-0.00214844 	
2.505	0.33106 	-0.172586 	0.540011 	0.00155958 	-1.32919 	-0.00214844 	
2.51	0.33106 	-0.172586 	0.540011 	0.00155958 	-1.32919 	-0.00214844 	
2.515	0.331061 	-0.172586 	0.540011 	0.00155958 	-1.32919 	-0.00214844 	
2.52	0.331061 	-0.172586 	0.540011 	0.00155958 	-1.32919 	-0.00214844 	
2.525	0.331062 	-0.172585 	0.54001 	0.00155958 	-1.32919 	-0.00214844 	
2.53	0.331062 	-0.172585 	0.540009 	0.00155958 	-1.32919 	-0.00214844 	
2.535	0.331063 	-0.172585 	0.540008 	0.00155958 	-1.32919 	-0.00214844 	
2.54	0.331065 	-0.172584 	0.540006 	0.00155958 	-1.32919 	-0.00214844 	
2.545	0.331066 	-0.172583 	0.540003 	0.00155958 	-1.32919 	-0.00214844 	
2.55	0.331068 	-0.172582 	0.54 	0.00155958 	-1.32919 	-0.00214844 	
2.555	0.33107 	-0.172581 	0.539997 	0.00155958 	-1.32919 	-0.00214844 	
2.56	0.331072 	-0.17258 	0.539993 	0.00155958 	-1.32919 	-0.00214845 	
2.565	0.331075 	-0.172579 	0.539989 	0.00155959 	-1.32919 	-0.00214845 	
2.57	0.331078 	-0.172577 	0.539984 	0.00155959 	-1.32919 	-0.00214845 	
2.575	0.331031 	-0.172581 	0.53997 	0.00051002 	-1.32831 	-0.000217335 	
2.58	0.331034 	-0.172579 	0.539965 	0.000510021 	-1.32831 	-0.000217336 	
2.585	0.331038 	-0.172577 	0.539959 	0.000510022 	-1.32831 	-0.000217337 	
2.59	0.331042 	-0.172575 	0.539952 	0.000510023 	-1.32831 	-0.000217338 	
2.595	0.331047 	-0.172573 	0.539945 	0.000510024 	-1.32831 	-0.000217339 	
2.6	0.331052 	-0.17257 	0.539937 	0.000510025 	-1.32831 	-0.000217341 	
2.605	0.331056 	-0.172568 	0.53993 	0.000510026 	-1.32831 	-0.000217342 	
2.61	0.331062 	-0.172565 	0.539921 	0.000510028 	-1.32831 	-0.000217344 	
2.615	0.331067 	-0.172562 	0.539912 	0.00051003 	-1.32831 	-0.000217345 	
2.62	0.331073 	-0.172559 	0.539903 	0.000510031 	-1.32831 	-0.000217347 	
2.625	0.331079 	-0.172556 	0.539893 	0.000510033 	-1.32831 	-0.00021735 	
2.63	0.331086 	-0.172553 	0.539883 	0.000510035 	-1.32831 	-0.000217352 	
2.635	0.331092 	-0.17255 	0.539872 	0.000510038 	-1.32831 	-0.000217354 	
2.64	0.33111 	-0.17252 	0.539864 	0.00157433 	-1.32856 	-2.10507e-05 	
2.645	0.331117 	-0.172517 	0.539852 	0.00157434 	-1.32856 	-2.10536e-05 	
2.65	0.331125 	-0.172513 	0.539841 	0.00157434 	-1.32856 	-2.10568e-05 	
2.655	0.331133 	-0.172509 	0.539828 	0.00157434 	-1.32856 	-2.10602e-05 	
2.66	0.331141 	-0.172505 	0.539815 	0.00157435 	-1.32856 	-2.10639e-05 	
2.665	0.331149 	-0.172501 	0.539802 	0.00157435 	-1.32856 	-2.10678e-05 	
2.67	0.331158 	-0.172497 	0.539788 	0.00157435 	-1.32856 	-2.1072e-05 	
2.675	0.331166 	-0.172492 	0.539774 	0.00157436 	-1.32856 	-2.10765e-05 	
2.68	0.331192 	-0.17246 	0.539764 	0.00280556 	-1.3289 	-1.21012e-06 	
2.685	0.331201 	-0.172455 	0.539749 	0.00280556 	-1.3289 	-1.21516e-06 	
2.69	0.331211 	-0.17245 	0.539733 	0.00280557 	-1.3289 	-1.2205e-06 	
2.695	0.331221 	-0.172445 	0.539717 	0.00280557 	-1.3289 	-1.22614e-06 	
2.7	0.331231 	-0.17244 	0.539701 	0.00280558 	-1.3289 	-1.2321e-06 	
2.705	0.331242 	-0.172435 	0.539684 	0.00280558 	-1.3289 	-1.23838e-06 	
2.71	0.331252 	-0.172429 	0.539667 	0.00280559 	-1.3289 	-1.24498e-06 	
2.715	0.331282 	-0.172393 	0.539654 	0.00416119 	-1.32929 	9.53072e-07 	
2.72	0.331293 	-0.172388 	0.539636 	0.00416119 	-1.32929 	9.45785e-07 	
2.725	0.331305 	-0.172382 	0.539617 	0.0041612 	-1.32929 	9.38148e-07 	
2.73	0.331317 	-0.172376 	0.539598 	0.00416121 	-1.32929 	9.30154e-07 	
2.735	0.331329 	-0.17237 	0.539579 	0.00416121 	-1.32929 	9.21795e-07 	
2.74	0.331341 	-0.172364 	0.539559 	0.00416122 	-1.32929 	9.13066e-07 	
2.745	0.331373 	-0.172326 	0.539543 	0.00553481 	-1.32969 	1.18826e-06 	
2.75	0.331386 	-0.17232 	0.539523 	0.00553482 	-1.32969 	1.17876e-06 	
2.755	0.331399 	-0.172313 	0.539502 	0.00553483 	-1.32969 	1.16887e-06 	
2.76	0.331412 	-0.172307 	0.53948 	0.00553484 	-1.32969 	1.15858e-06 	
2.765	0.331426 	-0.1723 	0.539458 	0.00553485 	-1.32969 	1.14789e-06 	
2.77	0.331458 	-0.172264 	0.53944 	0.00682992 	-1.33006 	1.07688e-06 	
2.775	0.331472 	-0.172256 	0.539417 	0.00682993 	-1.33006 	1.06535e-06 	
2.78	0.331486 	-0.172249 	0.539394 	0.00682994 	-1.33006 	1.0534e-06 	
2.785	0.331501 	-0.172242 	0.539371 	0.00682995 	-1.33006 	1.04101e-06 	
2.79	0.331516 	-0.172234 	0.539347 	0.00682996 	-1.33006 	1.0282e-06 	
2.795	0.33155 	-0.172195 	0.539327 	0.00822941 	-1.33046 	1.22776e-06 	
2.8	0.331566 	-0.172187 	0.539302 	0.00822942 	-1.33046 	1.21404e-06 	
2.805	0.331582 	-0.172179 	0.539277 	0.00822944 	-1.33046 	1.19988e-06 	
2.81	0.331598 	-0.172171 	0.539251 	0.00822945 	-1.33046 	1.18525e-06 	
2.815	0.331631 	-0.172135 	0.539229 	0.00946542 	-1.33081 	9.77121e-07 	
2.82	0.331647 	-0.172127 	0.539203 	0.00946544 	-1.33081 	9.61553e-07 	
2.825	0.331664 	-0.172119 	0.539176 	0.00946545 	-1.33081 	9.45512e-07 	
2.83	0.331681 	-0.17211 	0.539149 	0.00946547 	-1.33081 	9.28993e-07 	
2.835	0.331716 	-0.172072 	0.539125 	0.0107544 	-1.33118 	1.02672e-06 	
2.84	0.331734 	-0.172064 	0.539097 	0.0107544 	-1.33118 	1.00922e-06 	
2.845	0.331752 	-0.172055 	0.539069 	0.0107544 	-1.33118 	9.91221e-07 	
2.85	0.33177 	-0.172046 	0.53904 	0.0107545 	-1.33118 	9.72728e-07 	
2.855	0.331806 	-0.172006 	0.539015 	0.0121172 	-1.33157 	1.14332e-06 	
2.86	0.331825 	-0.171997 	0.538986 	0.0121172 	-1.33157 	1.12381e-06 	
2.865	0.331844 	-0.171987 	0.538956 	0.0121172 	-1.33157 	1.10379e-06 	
2.87	0.331863 	-0.171978 	0.538925 	0.0121172 	-1.33157 	1.08325e-06 	
2.875	0.331902 	-0.171936 	0.538899 	0.0135545 	-1.33198 	1.27493e-06 	
2.88	0.331921 	-0.171926 	0.538868 	0.0135546 	-1.33198 	1.25334e-06 	
2.885	0.331941 	-0.171916 	0.538837 	0.0135546 	-1.33198 	1.23122e-06 	
2.89	0.331961 	-0.171906 	0.538805 	0.0135546 	-1.33198 	1.20858e-06 	
2.895	0.332002 	-0.171862 	0.538777 	0.0150654 	-1.33242 	1.41297e-06 	
2.9	0.332022 	-0.171852 	0.538745 	0.0150654 	-1.33242 	1.38924e-06 	
2.905	0.332043 	-0.171841 	0.538712 	0.0150654 	-1.33242 	1.36497e-06 	
2.91	0.332064 	-0.171831 	0.538678 	0.0150654 	-1.33242 	1.34016e-06 	
2.915	0.332106 	-0.171784 	0.53865 	0.0166481 	-1.33287 	1.55583e-06 	
2.92	0.332128 	-0.171774 	0.538616 	0.0166481 	-1.33287 	1.52992e-06 	
2.925	0.332149 	-0.171763 	0.538581 	0.0166482 	-1.33287 	1.50345e-06 	
2.93	0.332188 	-0.171723 	0.538551 	0.0179223 	-1.33324 	1.03528e-06 	
2.935	0.332211 	-0.171712 	0.538515 	0.0179223 	-1.33324 	1.0077e-06 	
2.94	0.332233 	-0.171701 	0.53848 	0.0179224 	-1.33324 	9.79555e-07 	
2.945	0.332273 	-0.171661 	0.538448 	0.0192001 	-1.3336 	9.85493e-07 	
2.95	0.332295 	-0.17165 	0.538412 	0.0192001 	-1.3336 	9.56218e-07 	
2.955	0.332319 	-0.171638 	0.538375 	0.0192001 	-1.3336 	9.26384e-07 	
2.96	0.332359 	-0.171597 	0.538342 	0.0205124 	-1.33398 	1.03058e-06 	
2.965	0.332383 	-0.171585 	0.538305 	0.0205124 	-1.33398 	9.99601e-07 	
2.97	0.332407 	-0.171573 	0.538267 	0.0205124 	-1.33398 	9.68059e-07 	
2.975	0.332448 	-0.171531 	0.538234 	0.0218617 	-1.33436 	1.0907e-06 	
2.98	0.332473 	-0.171519 	0.538195 	0.0218618 	-1.33436 	1.05801e-06 	
2.985	0.332497 	-0.171507 	0.538157 	0.0218618 	-1.33436 	1.02475e-06 	
2.99	0.33254 	-0.171464 	0.538122 	0.0232477 	-1.33476 	1.15351e-06 	
2.995	0.332565 	-0.171451 	0.538083 	0.0232477 	-1.33476 	1.11909e-06 	
3	0.33259 	-0.171439 	0.538043 	0.0232478 	-1.33476 	1.08411e-06 	
3.005	0.332634 	-0.171394 	0.538008 	0.0246696 	-1.33517 	1.21722e-06 	
3.01	0.332659 	-0.171382 	0.537967 	0.0246696 	-1.33517 	1.18107e-06 	
3.015	0.332685 	-0.171369 	0.537927 	0.0246697 	-1.33517 	1.14436e-06 	
3.02	0.33273 	-0.171323 	0.537891 	0.0261265 	-1.33559 	1.28149e-06 	
3.025	0.332756 	-0.17131 	0.537849 	0.0261266 	-1.33559 	1.24361e-06 	
3.03	0.332783 	-0.171297 	0.537808 	0.0261266 	-1.33559 	1.20517e-06 	
3.035	0.332829 	-0.17125 	0.537771 	0.0276178 	-1.33601 	1.34616e-06 	
3.04	0.332855 	-0.171237 	0.537728 	0.0276178 	-1.33601 	1.30656e-06 	
3.045	0.332882 	-0.171224 	0.537686 	0.0276179 	-1.33601 	1.2664e-06 	
3.05	0.332929 	-0.171176 	0.537648 	0.0291425 	-1.33645 	1.41112e-06 	
3.055	0.332957 	-0.171163 	0.537605 	0.0291425 	-1.33645 	1.3698e-06 	
3.06	0.332984 	-0.171149 	0.537561 	0.0291425 	-1.33645 	1.32793e-06 	
3.065	0.333032 	-0.1711 	0.537523 	0.0306997 	-1.3369 	1.47623e-06 	
3.07	0.33306 	-0.171086 	0.537479 	0.0306998 	-1.3369 	1.4332e-06 	
3.075	0.333088 	-0.171072 	0.537434 	0.0306998 	-1.3369 	1.38963e-06 	
3.08	0.333137 	-0.171023 	0.537395 	0.0322887 	-1.33735 	1.54135e-06 	
3.085	0.333165 	-0.171009 	0.53735 	0.0322887 	-1.33735 	1.49664e-06 	
3.09	0.333194 	-0.170994 	0.537305 	0.0322888 	-1.33735 	1.45138e-06 	
3.095	0.333244 	-0.170944 	0.537265 	0.0339085 	-1.33782 	1.60636e-06 	
3.1	0.333273 	-0.170929 	0.537219 	0.0339085 	-1.33782 	1.55998e-06 	
3.105	0.333302 	-0.170915 	0.537173 	0.0339085 	-1.33782 	1.51305e-06 	
3.11	0.333353 	-0.170863 	0.537132 	0.0355581 	-1.33829 	1.67113e-06 	
3.115	0.333382 	-0.170849 	0.537085 	0.0355582 	-1.33829 	1.62309e-06 	
3.12	0.333412 	-0.170834 	0.537039 	0.0355582 	-1.33829 	1.57453e-06 	
3.125	0.333464 	-0.170781 	0.536997 	0.0372368 	-1.33877 	1.73551e-06 	
3.13	0.333494 	-0.170766 	0.53695 	0.0372369 	-1.33877 	1.68585e-06 	
3.135	0.333524 	-0.170751 	0.536902 	0.0372369 	-1.33877 	1.63568e-06 	
3.14	0.333576 	-0.170698 	0.53686 	0.0389435 	-1.33926 	1.79938e-06 	
3.145	0.333607 	-0.170683 	0.536812 	0.0389436 	-1.33926 	1.74814e-06 	
3.15	0.333638 	-0.170668 	0.536763 	0.0389436 	-1.33926 	1.69638e-06 	
3.155	0.333691 	-0.170614 	0.536721 	0.0406773 	-1.33976 	1.86261e-06 	
3.16	0.333722 	-0.170598 	0.536672 	0.0406774 	-1.33976 	1.8098e-06 	
3.165	0.333769 	-0.170555 	0.536627 	0.0419068 	-1.34011 	9.56382e-07 	
3.17	0.3338 	-0.17054 	0.536577 	0.0419069 	-1.34011 	9.02552e-07 	
3.175	0.333832 	-0.170524 	0.536528 	0.0419069 	-1.34011 	8.48238e-07 	
3.18	0.333885 	-0.17047 	0.536484 	0.0436306 	-1.3406 	1.75798e-06 	
3.185	0.333917 	-0.170454 	0.536434 	0.0436306 	-1.3406 	1.70265e-06 	
3.19	0.333965 	-0.17041 	0.536388 	0.0448838 	-1.34096 	9.79376e-07 	
3.195	0.333997 	-0.170394 	0.536337 	0.0448839 	-1.34096 	9.23075e-07 	
3.2	0.334029 	-0.170378 	0.536286 	0.0448839 	-1.34096 	8.66316e-07 	
3.205	0.334084 	-0.170323 	0.536242 	0.046646 	-1.34147 	1.84378e-06 	
3.21	0.334117 	-0.170307 	0.53619 	0.046646 	-1.34147 	1.78606e-06 	
3.215	0.334166 	-0.170262 	0.536143 	0.0479263 	-1.34183 	1.02764e-06 	
3.22	0.334199 	-0.170246 	0.536092 	0.0479263 	-1.34183 	9.68989e-07 	
3.225	0.334247 	-0.170202 	0.536044 	0.0491664 	-1.34219 	8.84965e-07 	
3.23	0.33428 	-0.170185 	0.535992 	0.0491664 	-1.34219 	8.25417e-07 	
3.235	0.334329 	-0.170141 	0.535944 	0.0504109 	-1.34254 	8.77069e-07 	
3.24	0.334363 	-0.170124 	0.535892 	0.0504109 	-1.34254 	8.16643e-07 	
3.245	0.334412 	-0.17008 	0.535844 	0.051664 	-1.3429 	8.89056e-07 	
3.25	0.334446 	-0.170063 	0.535791 	0.0516641 	-1.3429 	8.27776e-07 	
3.255	0.334495 	-0.170018 	0.535742 	0.052926 	-1.34327 	9.03453e-07 	
3.26	0.334529 	-0.170002 	0.535689 	0.0529261 	-1.34327 	8.41343e-07 	
3.265	0.334579 	-0.169956 	0.53564 	0.0541966 	-1.34363 	9.17898e-07 	
3.27	0.334613 	-0.16994 	0.535587 	0.0541966 	-1.34363 	8.54984e-07 	
3.275	0.334663 	-0.169894 	0.535538 	0.0554753 	-1.344 	9.32081e-07 	
3.28	0.334698 	-0.169877 	0.535484 	0.0554754 	-1.344 	8.6839e-07 	
3.285	0.334748 	-0.169831 	0.535434 	0.056762 	-1.34436 	9.45953e-07 	
3.29	0.334783 	-0.169814 	0.53538 	0.0567621 	-1.34436 	8.81512e-07 	
3.295	0.334833 	-0.169768 	0.535331 	0.0580563 	-1.34474 	9.59496e-07 	
3.3	0.334868 	-0.169751 	0.535276 	0.0580564 	-1.34474 	8.94332e-07 	
3.305	0.334919 	-0.169705 	0.535226 	0.0593579 	-1.34511 	9.72695e-07 	
3.31	0.334954 	-0.169688 	0.535171 	0.0593579 	-1.34511 	9.06836e-07 	
3.315	0.335006 	-0.169641 	0.535121 	0.0606664 	-1.34548 	9.85535e-07 	
3.32	0.335041 	-0.169624 	0.535066 	0.0606665 	-1.34548 	9.19011e-07 	
3.325	0.335092 	-0.169577 	0.535015 	0.0619815 	-1.34586 	9.98005e-07 	
3.33	0.335128 	-0.16956 	0.53496 	0.0619816 	-1.34586 	9.30845e-07 	
3.335	0.335179 	-0.169513 	0.534909 	0.063303 	-1.34624 	1.01009e-06 	
3.34	0.335215 	-0.169495 	0.534854 	0.063303 	-1.34624 	9.42325e-07 	
3.345	0.335267 	-0.169448 	0.534803 	0.0646304 	-1.34662 	1.02178e-06 	
3.35	0.335303 	-0.16943 	0.534747 	0.0646305 	-1.34662 	9.53438e-07 	
3.355	0.335355 	-0.169383 	0.534696 	0.0659634 	-1.347 	1.03306e-06 	
3.36	0.335391 	-0.169365 	0.53464 	0.0659635 	-1.347 	9.64173e-07 	
3.365	0.335443 	-0.169318 	0.534588 	0.0673018 	-1.34738 	1.04391e-06 	
3.37	0.335479 	-0.1693 	0.534532 	0.0673019 	-1.34738 	9.74517e-07 	
3.375	0.335532 	-0.169252 	0.534481 	0.0686451 	-1.34777 	1.05433e-06 	
3.38	0.335568 	-0.169235 	0.534424 	0.0686452 	-1.34777 	9.8446e-07 	
3.385	0.33562 	-0.169187 	0.534372 	0.0699931 	-1.34816 	1.06431e-06 	
3.39	0.335657 	-0.169169 	0.534316 	0.0699931 	-1.34816 	9.9399e-07 	
3.395	0.33571 	-0.169121 	0.534264 	0.0713453 	-1.34854 	1.07382e-06 	
3.4	0.335746 	-0.169103 	0.534207 	0.0713454 	-1.34854 	1.0031e-06 	
3.405	0.335799 	-0.169055 	0.534155 	0.0727016 	-1.34893 	1.08287e-06 	
3.41	0.335836 	-0.169037 	0.534098 	0.0727016 	-1.34893 	1.01177e-06 	
3.415	0.335889 	-0.168989 	0.534046 	0.0740614 	-1.34932 	1.09145e-06 	
3.42	0.335925 	-0.168971 	0.533989 	0.0740615 	-1.34932 	1.01999e-06 	
3.425	0.335979 	-0.168922 	0.533937 	0.0754246 	-1.34971 	1.09953e-06 	
3.43	0.336015 	-0.168904 	0.533879 	0.0754246 	-1.34971 	1.02777e-06 	
3.435	0.336069 	-0.168856 	0.533827 	0.0767906 	-1.3501 	1.10711e-06 	
3.44	0.336105 	-0.168838 	0.533769 	0.0767907 	-1.3501 	1.03508e-06 	
3.445	0.336159 	-0.168789 	0.533717 	0.0781593 	-1.3505 	1.11419e-06 	
3.45	0.336196 	-0.168771 	0.533659 	0.0781594 	-1.3505 	1.04191e-06 	
3.455	0.336249 	-0.168722 	0.533607 	0.0795303 	-1.35089 	1.12075e-06 	
3.46	0.336286 	-0.168704 	0.533549 	0.0795304 	-1.35089 	1.04827e-06 	
3.465	0.33634 	-0.168655 	0.533497 	0.0809032 	-1.35128 	1.12678e-06 	
3.47	0.336377 	-0.168637 	0.533439 	0.0809033 	-1.35128 	1.05413e-06 	
3.475	0.33643 	-0.168588 	0.533387 	0.0822777 	-1.35168 	1.13229e-06 	
3.48	0.336467 	-0.16857 	0.533329 	0.0822777 	-1.35168 	1.0595e-06 	
3.485	0.336521 	-0.168521 	0.533276 	0.0836534 	-1.35207 	1.13725e-06 	
3.49	0.336558 	-0.168503 	0.533218 	0.0836534 	-1.35207 	1.06437e-06 	
3.495	0.336612 	-0.168454 	0.533166 	0.08503 	-1.35246 	1.14166e-06 	
3.5	0.336649 	-0.168436 	0.533108 	0.08503 	-1.35246 	1.06872e-06 	
3.505	0.336702 	-0.168387 	0.533055 	0.0864071 	-1.35286 	1.14552e-06 	
3.51	0.33674 	-0.168369 	0.532997 	0.0864072 	-1.35286 	1.07256e-06 	
3.515	0.336793 	-0.16832 	0.532945 	0.0877845 	-1.35325 	1.14883e-06 	
3.52	0.33683 	-0.168302 	0.532887 	0.0877845 	-1.35325 	1.07587e-06 	
3.525	0.336884 	-0.168253 	0.532834 	0.0891617 	-1.35365 	1.15156e-06 	
3.53	0.336921 	-0.168235 	0.532776 	0.0891618 	-1.35365 	1.07865e-06 	
3.535	0.336975 	-0.168186 	0.532724 	0.0905385 	-1.35404 	1.15373e-06 	
3.54	0.337012 	-0.168168 	0.532666 	0.0905385 	-1.35404 	1.0809e-06 	
3.545	0.337065 	-0.168119 	0.532613 	0.0919144 	-1.35444 	1.15532e-06 	
3.55	0.337103 	-0.168101 	0.532556 	0.0919145 	-1.35444 	1.08261e-06 	
3.555	0.337156 	-0.168052 	0.532503 	0.0932892 	-1.35483 	1.15634e-06 	
3.56	0.337193 	-0.168034 	0.532445 	0.0932892 	-1.35483 	1.08378e-06 	
3.565	0.337246 	-0.167985 	0.532393 	0.0946625 	-1.35522 	1.15677e-06 	
3.57	0.337284 	-0.167967 	0.532335 	0.0946625 	-1.35522 	1.0844e-06 	
3.575	0.337337 	-0.167918 	0.532283 	0.0960339 	-1.35562 	1.15663e-06 	
3.58	0.337374 	-0.1679 	0.532225 	0.0960339 	-1.35562 	1.08448e-06 	
3.585	0.337427 	-0.167852 	0.532173 	0.0974031 	-1.35601 	1.15589e-06 	
3.59	0.337464 	-0.167833 	0.532116 	0.0974032 	-1.35601 	1.084e-06 	
3.595	0.337517 	-0.167785 	0.532063 	0.0987698 	-1.3564 	1.15457e-06 	
3.6	0.337554 	-0.167767 	0.532006 	0.0987699 	-1.3564 	1.08298e-06 	
3.605	0.337607 	-0.167719 	0.531954 	0.100134 	-1.35679 	1.15267e-06 	
3.61	0.337644 	-0.1677 	0.531897 	0.100134 	-1.35679 	1.0814e-06 	
3.615	0.337697 	-0.167652 	0.531845 	0.101494 	-1.35718 	1.15017e-06 	
3.62	0.337734 	-0.167634 	0.531788 	0.101494 	-1.35718 	1.07927e-06 	
3.625	0.337786 	-0.167586 	0.531736 	0.102851 	-1.35757 	1.14709e-06 	
3.63	0.337823 	-0.167568 	0.531679 	0.102851 	-1.35757 	1.07658e-06 	
3.635	0.337875 	-0.16752 	0.531628 	0.104205 	-1.35796 	1.14342e-06 	
3.64	0.337912 	-0.167502 	0.531571 	0.104205 	-1.35796 	1.07334e-06 	
3.645	0.337964 	-0.167455 	0.531519 	0.105553 	-1.35834 	1.13917e-06 	
3.65	0.338001 	-0.167437 	0.531463 	0.105554 	-1.35834 	1.06955e-06 	
3.655	0.338053 	-0.167389 	0.531412 	0.106898 	-1.35873 	1.13433e-06 	
3.66	0.338089 	-0.167371 	0.531355 	0.106898 	-1.35873 	1.06521e-06 	
3.665	0.338141 	-0.167324 	0.531304 	0.108237 	-1.35911 	1.12892e-06 	
3.67	0.338177 	-0.167306 	0.531248 	0.108237 	-1.35911 	1.06033e-06 	
3.675	0.338229 	-0.167259 	0.531197 	0.109572 	-1.3595 	1.12293e-06 	
3.68	0.338265 	-0.167241 	0.531141 	0.109572 	-1.3595 	1.0549e-06 	
3.685	0.338316 	-0.167194 	0.531091 	0.1109 	-1.35988 	1.11637e-06 	
3.69	0.338353 	-0.167177 	0.531035 	0.1109 	-1.35988 	1.04893e-06 	
3.695	0.338404 	-0.16713 	0.530984 	0.112223 	-1.36026 	1.10924e-06 	
3.7	0.33844 	-0.167112 	0.530929 	0.112223 	-1.36026 	1.04242e-06 	
3.705	0.33849 	-0.167066 	0.530879 	0.11354 	-1.36063 	1.10155e-06 	
3.71	0.338526 	-0.167048 	0.530824 	0.11354 	-1.36063 	1.03539e-06 	
3.715	0.338577 	-0.167002 	0.530774 	0.11485 	-1.36101 	1.09331e-06 	
3.72	0.338612 	-0.166985 	0.530719 	0.11485 	-1.36101 	1.02783e-06 	
3.725	0.338662 	-0.166938 	0.530669 	0.116153 	-1.36138 	1.08452e-06 	
3.73	0.338698 	-0.166921 	0.530615 	0.116153 	-1.36138 	1.01974e-06 	
3.735	0.338748 	-0.166875 	0.530565 	0.117449 	-1.36175 	1.07519e-06 	
3.74	0.338783 	-0.166858 	0.530511 	0.117449 	-1.36175 	1.01115e-06 	
3.745	0.338833 	-0.166813 	0.530462 	0.118737 	-1.36212 	1.06532e-06 	
3.75	0.338868 	-0.166796 	0.530408 	0.118737 	-1.36212 	1.00205e-06 	
3.755	0.338917 	-0.16675 	0.53036 	0.120018 	-1.36249 	1.05494e-06 	
3.76	0.338952 	-0.166733 	0.530306 	0.120018 	-1.36249 	9.92455e-07 	
3.765	0.339001 	-0.166688 	0.530257 	0.12129 	-1.36285 	1.04403e-06 	
3.77	0.339036 	-0.166671 	0.530204 	0.12129 	-1.36285 	9.82369e-07 	
3.775	0.327972 	-0.171347 	0.584611 	0.122608 	-1.36337 	5.92218e-06 	
3.78	0.327964 	-0.171332 	0.584616 	0.12267 	-1.36355 	2.81137e-06 	
3.785	0.327955 	-0.171317 	0.584618 	0.122729 	-1.36372 	2.00141e-06 	
3.79	0.327947 	-0.171302 	0.584623 	0.12279 	-1.3639 	-9.72668e-07 	
3.795	0.327937 	-0.171288 	0.584623 	0.122847 	-1.36406 	-1.46001e-06 	
3.8	0.327929 	-0.171274 	0.584625 	0.122907 	-1.36423 	-3.88304e-06 	
3.805	0.32792 	-0.171259 	0.584624 	0.122963 	-1.36439 	-4.0288e-06 	
3.81	0.327911 	-0.171245 	0.584625 	0.123022 	-1.36456 	-6.58684e-06 	
3.815	0.327902 	-0.171231 	0.584623 	0.123077 	-1.36471 	-6.9091e-06 	
3.82	0.327894 	-0.171217 	0.584623 	0.123136 	-1.36487 	-9.70042e-06 	
3.825	0.327884 	-0.171204 	0.58462 	0.123191 	-1.36503 	-1.01044e-05 	
3.83	0.327876 	-0.17119 	0.58462 	0.123249 	-1.36519 	-1.27199e-05 	
3.835	0.327867 	-0.171177 	0.584616 	0.123304 	-1.36534 	-1.32475e-05 	
3.84	0.327858 	-0.171163 	0.584615 	0.123361 	-1.3655 	-1.60608e-05 	
3.845	0.327849 	-0.171149 	0.584611 	0.123416 	-1.36565 	-1.68012e-05 	
3.85	0.327841 	-0.171136 	0.58461 	0.123474 	-1.3658 	-1.98607e-05 	
3.855	0.327832 	-0.171123 	0.584606 	0.123529 	-1.36595 	-2.08433e-05 	
3.86	0.327824 	-0.171109 	0.584605 	0.123586 	-1.36611 	-2.41667e-05 	
3.865	0.327814 	-0.171096 	0.5846 	0.123641 	-1.36626 	-2.54008e-05 	
3.87	0.327806 	-0.171082 	0.584599 	0.123699 	-1.36641 	-2.898e-05 	
3.875	0.327796 	-0.171069 	0.584591 	0.123751 	-1.36655 	-2.80723e-05 	
3.88	0.327785 	-0.171057 	0.584577 	0.123798 	-1.36667 	-2.2518e-05 	
3.885	0.327772 	-0.171045 	0.584558 	0.12384 	-1.36677 	-1.27153e-05 	
3.89	0.327757 	-0.171033 	0.584534 	0.123877 	-1.36685 	1.1344e-06 	
3.895	0.327742 	-0.171021 	0.584505 	0.12391 	-1.36692 	1.87068e-05 	
3.9	0.327725 	-0.17101 	0.584472 	0.12394 	-1.36698 	3.98596e-05 	
3.905	0.327707 	-0.170998 	0.584435 	0.123966 	-1.36702 	6.41551e-05 	
3.91	0.327688 	-0.170987 	0.584395 	0.123989 	-1.36705 	9.15714e-05 	
3.915	0.327668 	-0.170976 	0.584351 	0.124009 	-1.36707 	0.000121691 	
3.92	0.327647 	-0.170965 	0.584305 	0.124026 	-1.36708 	0.000154526 	
3.925	0.327626 	-0.170954 	0.584255 	0.124041 	-1.36709 	0.000189676 	
3.93	0.327604 	-0.170943 	0.584204 	0.124054 	-1.36708 	0.000227183 	
3.935	0.327582 	-0.170933 	0.58415 	0.124065 	-1.36707 	0.000266665 	
3.94	0.327559 	-0.170922 	0.584094 	0.124074 	-1.36705 	0.00030819 	
3.945	0.327535 	-0.170911 	0.584036 	0.124082 	-1.36702 	0.000351388 	
3.95	0.327511 	-0.1709 	0.583977 	0.124088 	-1.367 	0.000396356 	
3.955	0.327487 	-0.170889 	0.583916 	0.124092 	-1.36696 	0.000442734 	
3.96	0.327462 	-0.170878 	0.583854 	0.124096 	-1.36692 	0.000490642 	
3.965	0.327437 	-0.170867 	0.58379 	0.124098 	-1.36688 	0.000539732 	
3.97	0.327411 	-0.170856 	0.583725 	0.1241 	-1.36683 	0.000590143 	
3.975	0.327385 	-0.170845 	0.583659 	0.1241 	-1.36678 	0.000641536 	
3.98	0.32736 	-0.170834 	0.583592 	0.1241 	-1.36672 	0.000694069 	
3.985	0.327333 	-0.170822 	0.583524 	0.124099 	-1.36667 	0.00074741 	
3.99	0.327307 	-0.170811 	0.583456 	0.124098 	-1.36661 	0.000801736 	
3.995	0.32728 	-0.1708 	0.583386 	0.124096 	-1.36654 	0.000856536 	
4	0.327255 	-0.170788 	0.58332 	0.124097 	-1.36649 	0.000908693 	
4.005	0.327234 	-0.170775 	0.58327 	0.124111 	-1.36649 	0.000952602 	
4.01	0.327213 	-0.170762 	0.583216 	0.124123 	-1.36648 	0.000997605 	
4.015	0.32719 	-0.170749 	0.583159 	0.124133 	-1.36646 	0.0010436 	
4.02	0.327169 	-0.170737 	0.583105 	0.124144 	-1.36644 	0.00108783 	
4.025	0.327151 	-0.170722 	0.583064 	0.124167 	-1.36647 	0.00112504 	
4.03	0.327133 	-0.170708 	0.583019 	0.124187 	-1.36649 	0.00116381 	
4.035	0.327113 	-0.170695 	0.58297 	0.124204 	-1.36649 	0.00120401 	
4.04	0.327092 	-0.170683 	0.582918 	0.124218 	-1.36648 	0.00124552 	
4.045	0.32707 	-0.170671 	0.582863 	0.124229 	-1.36647 	0.00128822 	
4.05	0.327047 	-0.170659 	0.582805 	0.124238 	-1.36644 	0.00133203 	
4.055	0.327023 	-0.170648 	0.582744 	0.124246 	-1.36641 	0.00137682 	
4.06	0.326998 	-0.170637 	0.582681 	0.124251 	-1.36636 	0.00142253 	
4.065	0.326973 	-0.170627 	0.582616 	0.124254 	-1.36631 	0.00146906 	
4.07	0.326946 	-0.170616 	0.582548 	0.124256 	-1.36626 	0.00151633 	
4.075	0.32692 	-0.170607 	0.582479 	0.124256 	-1.36619 	0.00156427 	
4.08	0.326892 	-0.170597 	0.582408 	0.124255 	-1.36613 	0.00161281 	
4.085	0.326864 	-0.170588 	0.582335 	0.124253 	-1.36605 	0.0016619 	
4.09	0.326838 	-0.170578 	0.582266 	0.124254 	-1.36599 	0.0017086 	
4.095	0.326817 	-0.170566 	0.582214 	0.12427 	-1.36599 	0.00174745 	
4.1	0.326796 	-0.170554 	0.582164 	0.124287 	-1.36599 	0.00178494 	
4.105	0.32678 	-0.170539 	0.582127 	0.124315 	-1.36603 	0.00181593 	
4.11	0.326764 	-0.170525 	0.582091 	0.124344 	-1.36607 	0.00184634 	
4.115	0.326751 	-0.17051 	0.582065 	0.124381 	-1.36615 	0.00187136 	
4.12	0.326738 	-0.170494 	0.582038 	0.124418 	-1.36622 	0.00189637 	
4.125	0.326728 	-0.170478 	0.582019 	0.124461 	-1.36632 	0.00191681 	
4.13	0.326716 	-0.170463 	0.581995 	0.124501 	-1.3664 	0.00193935 	
4.135	0.326702 	-0.170448 	0.581966 	0.124537 	-1.36647 	0.00196287 	
4.14	0.326686 	-0.170435 	0.581933 	0.124569 	-1.36652 	0.00198826 	
4.145	0.32667 	-0.170422 	0.581895 	0.124598 	-1.36656 	0.00201441 	
4.15	0.326652 	-0.170409 	0.581854 	0.124623 	-1.36659 	0.00204228 	
4.155	0.326634 	-0.170398 	0.581811 	0.124647 	-1.36661 	0.00207086 	
4.16	0.326615 	-0.170386 	0.581764 	0.124668 	-1.36662 	0.00210093 	
4.165	0.326595 	-0.170375 	0.581714 	0.124688 	-1.36662 	0.00213155 	
4.17	0.326575 	-0.170365 	0.581662 	0.124705 	-1.36661 	0.0021634 	
4.175	0.326554 	-0.170355 	0.581609 	0.124721 	-1.3666 	0.00219557 	
4.18	0.326535 	-0.170344 	0.581558 	0.12474 	-1.3666 	0.00222637 	
4.185	0.32652 	-0.170331 	0.581521 	0.12477 	-1.36664 	0.00225037 	
4.19	0.326506 	-0.170318 	0.581486 	0.124802 	-1.36669 	0.00227361 	
4.195	0.326495 	-0.170304 	0.581463 	0.124844 	-1.36677 	0.00229091 	
4.2	0.326484 	-0.170289 	0.58144 	0.124886 	-1.36686 	0.00230835 	
4.205	0.326477 	-0.170274 	0.581427 	0.124936 	-1.36698 	0.00232035 	
4.21	0.326469 	-0.170258 	0.581414 	0.124987 	-1.36709 	0.00233123 	
4.215	0.326462 	-0.170243 	0.581407 	0.125043 	-1.36723 	0.00233586 	
4.22	0.326455 	-0.170228 	0.581399 	0.125098 	-1.36737 	0.00233962 	
4.225	0.326449 	-0.170213 	0.581396 	0.125159 	-1.36752 	0.00233633 	
4.23	0.326442 	-0.170199 	0.581391 	0.125218 	-1.36766 	0.00233313 	
4.235	0.326435 	-0.170186 	0.58139 	0.125281 	-1.36782 	0.0023236 	
4.24	0.326428 	-0.170173 	0.581387 	0.125343 	-1.36797 	0.00231581 	
4.245	0.326422 	-0.170159 	0.581388 	0.125408 	-1.36813 	0.002305 	
4.25	0.326415 	-0.170146 	0.581386 	0.125471 	-1.36829 	0.00229625 	
4.255	0.326409 	-0.170132 	0.581388 	0.125537 	-1.36846 	0.00228448 	
4.26	0.326403 	-0.170118 	0.581388 	0.125601 	-1.36862 	0.00227459 	
4.265	0.326397 	-0.170105 	0.581391 	0.125669 	-1.36879 	0.00226184 	
4.27	0.32639 	-0.170091 	0.581391 	0.125734 	-1.36895 	0.00225169 	
4.275	0.326384 	-0.170077 	0.581395 	0.125802 	-1.36912 	0.00224003 	
4.28	0.326378 	-0.170063 	0.581396 	0.125868 	-1.36929 	0.00222745 	
4.285	0.326371 	-0.170052 	0.581399 	0.125938 	-1.36946 	0.00220394 	
4.29	0.326362 	-0.170042 	0.5814 	0.126006 	-1.36962 	0.00217994 	
4.295	0.326354 	-0.170034 	0.581403 	0.126078 	-1.36979 	0.00214607 	
4.3	0.326344 	-0.170027 	0.581403 	0.126147 	-1.36996 	0.00211258 	
4.305	0.326334 	-0.170021 	0.581406 	0.126221 	-1.37013 	0.00207013 	
4.31	0.326323 	-0.170016 	0.581406 	0.126292 	-1.37029 	0.00202872 	
4.315	0.326313 	-0.170012 	0.581409 	0.126366 	-1.37046 	0.00197912 	
4.32	0.326301 	-0.170008 	0.581408 	0.126438 	-1.37062 	0.00193111 	
4.325	0.32629 	-0.170006 	0.581411 	0.126514 	-1.37079 	0.00187559 	
4.33	0.326278 	-0.170004 	0.581411 	0.126588 	-1.37096 	0.0018221 	
4.335	0.326266 	-0.170003 	0.581413 	0.126664 	-1.37113 	0.00176164 	
4.34	0.326253 	-0.170003 	0.581413 	0.126739 	-1.37129 	0.00170356 	
4.345	0.32624 	-0.170003 	0.581415 	0.126816 	-1.37146 	0.00163898 	
4.35	0.326227 	-0.170003 	0.581414 	0.126892 	-1.37162 	0.00157712 	
4.355	0.326214 	-0.170004 	0.581417 	0.12697 	-1.37179 	0.00150915 	
4.36	0.3262 	-0.170005 	0.581416 	0.127046 	-1.37195 	0.00144409 	
4.365	0.326187 	-0.170007 	0.581418 	0.127125 	-1.37212 	0.00137327 	
4.37	0.326173 	-0.170008 	0.581417 	0.127202 	-1.37228 	0.00130553 	
4.375	0.32616 	-0.170011 	0.581419 	0.127282 	-1.37246 	0.00123234 	
4.38	0.326146 	-0.170013 	0.581419 	0.127359 	-1.37262 	0.00116234 	
4.385	0.326132 	-0.170016 	0.581421 	0.12744 	-1.37279 	0.00108718 	
4.39	0.326117 	-0.170018 	0.58142 	0.127517 	-1.37295 	0.00101529 	
4.395	0.326104 	-0.170021 	0.581422 	0.127599 	-1.37312 	0.000938454 	
4.4	0.326089 	-0.170024 	0.581421 	0.127677 	-1.37328 	0.000864977 	
4.405	0.326075 	-0.170028 	0.581423 	0.127758 	-1.37345 	0.000786722 	
4.41	0.32606 	-0.170031 	0.581422 	0.127837 	-1.37361 	0.000711863 	
4.415	0.326046 	-0.170035 	0.581424 	0.127919 	-1.37378 	0.000632421 	
4.42	0.326031 	-0.170039 	0.581423 	0.127999 	-1.37394 	0.000556427 	
4.425	0.326017 	-0.170042 	0.581425 	0.128081 	-1.37411 	0.00047602 	
4.43	0.326002 	-0.170046 	0.581424 	0.128161 	-1.37427 	0.000399021 	
4.435	0.325988 	-0.17005 	0.581426 	0.128244 	-1.37444 	0.000317773 	
4.44	0.325973 	-0.170054 	0.581425 	0.128324 	-1.3746 	0.000239921 	
4.445	0.325959 	-0.170058 	0.581426 	0.128407 	-1.37477 	0.00015797 	
4.45	0.325944 	-0.170062 	0.581425 	0.128488 	-1.37493 	7.93966e-05 	
4.455	0.325929 	-0.170066 	0.581427 	0.128572 	-1.3751 	-3.19269e-06 	
4.46	0.325914 	-0.17007 	0.581426 	0.128653 	-1.37526 	-8.24019e-05 	
4.465	0.3259 	-0.170075 	0.581428 	0.128737 	-1.37543 	-0.000165181 	
4.47	0.325885 	-0.170078 	0.581427 	0.128817 	-1.37559 	-0.000241652 	
4.475	0.325872 	-0.170079 	0.581429 	0.128901 	-1.37576 	-0.000316005 	
4.48	0.325859 	-0.17008 	0.581429 	0.128981 	-1.37592 	-0.000384766 	
4.485	0.325847 	-0.170079 	0.581432 	0.129064 	-1.3761 	-0.00045206 	
4.49	0.325834 	-0.170078 	0.581432 	0.129144 	-1.37626 	-0.000514374 	
4.495	0.325823 	-0.170076 	0.581436 	0.129226 	-1.37643 	-0.000575813 	
4.5	0.325811 	-0.170073 	0.581436 	0.129305 	-1.3766 	-0.000632772 	
4.505	0.325801 	-0.170069 	0.581439 	0.129387 	-1.37677 	-0.000689367 	
4.51	0.325789 	-0.170065 	0.58144 	0.129466 	-1.37693 	-0.000741897 	
4.515	0.325779 	-0.17006 	0.581443 	0.129547 	-1.37711 	-0.000794152 	
4.52	0.325768 	-0.170055 	0.581442 	0.129624 	-1.37727 	-0.000844304 	
4.525	0.325757 	-0.170052 	0.581445 	0.129706 	-1.37744 	-0.000902453 	
4.53	0.325744 	-0.170049 	0.581444 	0.129785 	-1.3776 	-0.0009583 	
4.535	0.325733 	-0.170047 	0.581446 	0.129867 	-1.37777 	-0.00102154 	
4.54	0.32572 	-0.170045 	0.581444 	0.129947 	-1.37792 	-0.00108212 	
4.545	0.325707 	-0.170045 	0.581446 	0.13003 	-1.37809 	-0.00114964 	
4.55	0.325694 	-0.170044 	0.581445 	0.13011 	-1.37825 	-0.00121419 	
4.555	0.325681 	-0.170044 	0.581447 	0.130195 	-1.37842 	-0.0012853 	
4.56	0.325667 	-0.170044 	0.581445 	0.130275 	-1.37858 	-0.00135322 	
4.565	0.325654 	-0.170045 	0.581447 	0.13036 	-1.37875 	-0.00142735 	
4.57	0.32564 	-0.170046 	0.581445 	0.130442 	-1.3789 	-0.00149807 	
4.575	0.325627 	-0.170048 	0.581446 	0.130528 	-1.37907 	-0.00157471 	
4.58	0.325612 	-0.17005 	0.581444 	0.13061 	-1.37923 	-0.00164781 	
4.585	0.325598 	-0.170052 	0.581446 	0.130696 	-1.3794 	-0.00172657 	
4.59	0.325584 	-0.170054 	0.581444 	0.130779 	-1.37955 	-0.00180168 	
4.595	0.32557 	-0.170056 	0.581445 	0.130865 	-1.37972 	-0.00188227 	
4.6	0.325555 	-0.170059 	0.581443 	0.130949 	-1.37988 	-0.00195911 	
4.605	0.325541 	-0.170061 	0.581445 	0.131036 	-1.38005 	-0.00204085 	
4.61	0.325526 	-0.170063 	0.58144 	0.131116 	-1.38019 	-0.00211327 	
4.615	0.32551 	-0.170065 	0.58143 	0.131191 	-1.38032 	-0.00217782 	
4.62	0.325494 	-0.170066 	0.581414 	0.13126 	-1.38043 	-0.00223404 	
4.625	0.325476 	-0.170066 	0.581393 	0.131323 	-1.38053 	-0.00228286 	
4.63	0.325457 	-0.170066 	0.581367 	0.13138 	-1.38061 	-0.00232441 	
4.635	0.325439 	-0.170065 	0.58134 	0.131436 	-1.38068 	-0.00236277 	
4.64	0.325423 	-0.170063 	0.581323 	0.131501 	-1.38079 	-0.00240588 	
4.645	0.325408 	-0.17006 	0.581304 	0.131565 	-1.38089 	-0.00244633 	
4.65	0.325395 	-0.170056 	0.581294 	0.131637 	-1.38102 	-0.00249133 	
4.655	0.325381 	-0.170051 	0.581281 	0.131706 	-1.38114 	-0.00253222 	
4.66	0.325371 	-0.170045 	0.581276 	0.131782 	-1.38128 	-0.00257402 	
4.665	0.32536 	-0.170037 	0.581269 	0.131855 	-1.38142 	-0.00261143 	
4.67	0.325351 	-0.170029 	0.581267 	0.131933 	-1.38158 	-0.00264986 	
4.675	0.325342 	-0.17002 	0.581263 	0.132009 	-1.38172 	-0.00268413 	
4.68	0.325334 	-0.170009 	0.581264 	0.13209 	-1.38189 	-0.0027196 	
4.685	0.325326 	-0.169998 	0.581262 	0.132167 	-1.38204 	-0.00275112 	
4.69	0.325319 	-0.169987 	0.581265 	0.132249 	-1.38221 	-0.00278407 	
4.695	0.325311 	-0.169976 	0.581264 	0.132327 	-1.38237 	-0.00281678 	
4.7	0.325303 	-0.169967 	0.581267 	0.132411 	-1.38254 	-0.00286097 	
4.705	0.325293 	-0.169959 	0.581266 	0.132492 	-1.3827 	-0.00290406 	
4.71	0.325284 	-0.169953 	0.581269 	0.132578 	-1.38287 	-0.00295751 	
4.715	0.325273 	-0.169947 	0.581268 	0.13266 	-1.38303 	-0.00300915 	
4.72	0.325263 	-0.169943 	0.581271 	0.132748 	-1.3832 	-0.00307032 	
4.725	0.325251 	-0.169939 	0.58127 	0.132832 	-1.38336 	-0.0031291 	
4.73	0.32524 	-0.169937 	0.581272 	0.13292 	-1.38353 	-0.00319667 	
4.735	0.325227 	-0.169934 	0.581271 	0.133005 	-1.38369 	-0.00326135 	
4.74	0.325215 	-0.169933 	0.581274 	0.133095 	-1.38386 	-0.00333421 	
4.745	0.325202 	-0.169932 	0.581273 	0.133181 	-1.38401 	-0.00340386 	
4.75	0.32519 	-0.169932 	0.581275 	0.133272 	-1.38418 	-0.00348114 	
4.755	0.325176 	-0.169932 	0.581274 	0.133359 	-1.38434 	-0.00355491 	
4.76	0.325163 	-0.169933 	0.581276 	0.133451 	-1.38451 	-0.0036359 	
4.765	0.325149 	-0.169934 	0.581274 	0.133539 	-1.38467 	-0.00371315 	
4.77	0.325136 	-0.169936 	0.581276 	0.133631 	-1.38484 	-0.00379722 	
4.775	0.325121 	-0.169938 	0.581275 	0.13372 	-1.385 	-0.00387744 	
4.78	0.325107 	-0.16994 	0.581277 	0.133813 	-1.38517 	-0.0039641 	
4.785	0.325093 	-0.169942 	0.581276 	0.133903 	-1.38533 	-0.00404681 	
4.79	0.325079 	-0.169945 	0.581278 	0.133997 	-1.38549 	-0.00413561 	
4.795	0.325064 	-0.169948 	0.581276 	0.134087 	-1.38565 	-0.00422042 	
4.8	0.32505 	-0.169951 	0.581278 	0.134182 	-1.38582 	-0.00431101 	
4.805	0.325035 	-0.169954 	0.581277 	0.134273 	-1.38598 	-0.00439762 	
4.81	0.32502 	-0.169958 	0.581278 	0.134368 	-1.38615 	-0.00448972 	
4.815	0.325005 	-0.169961 	0.581277 	0.134459 	-1.38631 	-0.00457789 	
4.82	0.324991 	-0.169965 	0.581279 	0.134555 	-1.38648 	-0.00467132 	
4.825	0.324975 	-0.169969 	0.581277 	0.134647 	-1.38663 	-0.00476084 	
4.83	0.324961 	-0.169973 	0.581279 	0.134743 	-1.3868 	-0.00485537 	
4.835	0.324945 	-0.169977 	0.581277 	0.134835 	-1.38696 	-0.00494604 	
4.84	0.324931 	-0.169981 	0.581279 	0.134932 	-1.38713 	-0.00504153 	
4.845	0.324915 	-0.169985 	0.581275 	0.135022 	-1.38728 	-0.00512883 	
4.85	0.324899 	-0.169988 	0.581266 	0.135106 	-1.38741 	-0.00520726 	
4.855	0.324881 	-0.16999 	0.58125 	0.135182 	-1.38752 	-0.00527636 	
4.86	0.324863 	-0.169992 	0.58123 	0.135253 	-1.38762 	-0.00533717 	
4.865	0.324844 	-0.169993 	0.581205 	0.135318 	-1.3877 	-0.00539006 	
4.87	0.324826 	-0.169993 	0.58118 	0.135383 	-1.38778 	-0.00544013 	
4.875	0.32481 	-0.169991 	0.581165 	0.135458 	-1.3879 	-0.00549563 	
4.88	0.324795 	-0.169989 	0.581149 	0.135531 	-1.38801 	-0.00554793 	
4.885	0.324782 	-0.169986 	0.581141 	0.135612 	-1.38814 	-0.00560486 	
4.89	0.324768 	-0.169982 	0.58113 	0.135691 	-1.38827 	-0.00565806 	
4.895	0.324757 	-0.169977 	0.581127 	0.135777 	-1.38842 	-0.0057153 	
4.9	0.324745 	-0.169972 	0.58112 	0.13586 	-1.38856 	-0.00576877 	
4.905	0.324735 	-0.169965 	0.58112 	0.13595 	-1.38872 	-0.00582587 	
4.91	0.324724 	-0.169959 	0.581116 	0.136035 	-1.38887 	-0.00587921 	
4.915	0.324715 	-0.169952 	0.581118 	0.136127 	-1.38903 	-0.00593593 	
4.92	0.324705 	-0.169945 	0.581116 	0.136215 	-1.38919 	-0.00598891 	
4.925	0.324696 	-0.169937 	0.58112 	0.136308 	-1.38936 	-0.00604513 	
4.93	0.324687 	-0.16993 	0.581119 	0.136397 	-1.38952 	-0.00609765 	
4.935	0.324678 	-0.169921 	0.581123 	0.136491 	-1.38969 	-0.00615328 	
4.94	0.324669 	-0.169913 	0.581124 	0.13658 	-1.38986 	-0.00620447 	
4.945	0.324662 	-0.169903 	0.581129 	0.136675 	-1.39003 	-0.00625756 	
4.95	0.324654 	-0.169895 	0.58113 	0.136766 	-1.3902 	-0.00631041 	
4.955	0.324645 	-0.169888 	0.581133 	0.136861 	-1.39037 	-0.00637078 	
4.96	0.324636 	-0.169882 	0.581134 	0.136954 	-1.39053 	-0.00643265 	
4.965	0.324626 	-0.169877 	0.581137 	0.13705 	-1.3907 	-0.00650117 	
4.97	0.324615 	-0.169874 	0.581138 	0.137144 	-1.39087 	-0.00657067 	
4.975	0.324604 	-0.169871 	0.58114 	0.137241 	-1.39104 	-0.00664608 	
4.98	0.324592 	-0.169869 	0.58114 	0.137336 	-1.3912 	-0.00672076 	
4.985	0.32458 	-0.169867 	0.581141 	0.137432 	-1.39136 	-0.00679774 	
4.99	0.324568 	-0.169864 	0.581143 	0.13753 	-1.39153 	-0.0068744 	
4.995	0.324558 	-0.16986 	0.581147 	0.137629 	-1.3917 	-0.00694883 	
5	0.324548 	-0.169856 	0.581151 	0.137729 	-1.39188 	-0.00702312 	
5.005	0.324538 	-0.169851 	0.581154 	0.137826 	-1.39205 	-0.00709273 	
5.01	0.324527 	-0.169846 	0.581152 	0.137918 	-1.3922 	-0.00715571 	
5.015	0.324518 	-0.16984 	0.58115 	0.13801 	-1.39236 	-0.00721717 	
5.02	0.324508 	-0.169834 	0.581147 	0.1381 	-1.39251 	-0.00727408 	
5.025	0.3245 	-0.169827 	0.581145 	0.138191 	-1.39266 	-0.00733042 	
5.03	0.324491 	-0.169819 	0.581141 	0.13828 	-1.39281 	-0.00738279 	
5.035	0.324484 	-0.169811 	0.58114 	0.138371 	-1.39296 	-0.00743458 	
5.04	0.324477 	-0.169801 	0.581137 	0.13846 	-1.39311 	-0.00748209 	
5.045	0.32447 	-0.169791 	0.581137 	0.138552 	-1.39327 	-0.00752936 	
5.05	0.324464 	-0.16978 	0.581134 	0.138641 	-1.39342 	-0.00757273 	
5.055	0.324458 	-0.169769 	0.581134 	0.138732 	-1.39358 	-0.00761626 	
5.06	0.324452 	-0.169757 	0.581133 	0.138821 	-1.39374 	-0.00765619 	
5.065	0.324447 	-0.169744 	0.581133 	0.138913 	-1.3939 	-0.00769661 	
5.07	0.324442 	-0.169732 	0.581132 	0.139002 	-1.39405 	-0.0077337 	
5.075	0.324437 	-0.169718 	0.581132 	0.139094 	-1.39421 	-0.00777156 	
5.08	0.324432 	-0.169704 	0.581131 	0.139183 	-1.39437 	-0.0078063 	
5.085	0.324428 	-0.16969 	0.581132 	0.139275 	-1.39453 	-0.00784207 	
5.09	0.324423 	-0.169676 	0.581131 	0.139364 	-1.39468 	-0.00787487 	
5.095	0.324419 	-0.169661 	0.581132 	0.139456 	-1.39485 	-0.00790891 	
5.1	0.324414 	-0.169646 	0.581131 	0.139546 	-1.395 	-0.00794016 	
5.105	0.32441 	-0.169631 	0.581132 	0.139638 	-1.39516 	-0.0079728 	
5.11	0.324406 	-0.169616 	0.581132 	0.139728 	-1.39532 	-0.00800348 	
5.115	0.324403 	-0.1696 	0.581135 	0.139823 	-1.39549 	-0.00803861 	
5.12	0.3244 	-0.169585 	0.581138 	0.139918 	-1.39566 	-0.00807324 	
5.125	0.324398 	-0.169569 	0.581141 	0.140012 	-1.39583 	-0.00810821 	
5.13	0.324395 	-0.169554 	0.581144 	0.140107 	-1.39599 	-0.00814378 	
5.135	0.324393 	-0.169538 	0.581148 	0.140203 	-1.39616 	-0.00817978 	
5.14	0.324392 	-0.169523 	0.581151 	0.140299 	-1.39633 	-0.00821648 	
5.145	0.324391 	-0.169507 	0.581155 	0.140396 	-1.3965 	-0.00825352 	
5.15	0.32439 	-0.169492 	0.581158 	0.140493 	-1.39667 	-0.00829124 	
5.155	0.324389 	-0.169476 	0.581162 	0.14059 	-1.39684 	-0.00832925 	
5.16	0.324388 	-0.169461 	0.581166 	0.140688 	-1.39701 	-0.0083679 	
5.165	0.324388 	-0.169446 	0.58117 	0.140785 	-1.39718 	-0.0084068 	
5.17	0.324388 	-0.16943 	0.581174 	0.140884 	-1.39735 	-0.00844632 	
5.175	0.324388 	-0.169415 	0.581178 	0.140982 	-1.39752 	-0.00848604 	
5.18	0.324388 	-0.1694 	0.581183 	0.141081 	-1.39769 	-0.00852637 	
5.185	0.324388 	-0.169384 	0.581187 	0.141181 	-1.39786 	-0.00856688 	
5.19	0.324388 	-0.169369 	0.581192 	0.141281 	-1.39803 	-0.00860801 	
5.195	0.324388 	-0.169353 	0.581197 	0.141381 	-1.39821 	-0.0086488 	
5.2	0.324387 	-0.169337 	0.581202 	0.141481 	-1.39838 	-0.00868855 	
5.205	0.324386 	-0.169321 	0.581207 	0.141582 	-1.39855 	-0.00872807 	
5.21	0.324385 	-0.169305 	0.581212 	0.141682 	-1.39873 	-0.00876664 	
5.215	0.324383 	-0.169289 	0.581217 	0.141782 	-1.3989 	-0.00880522 	
5.22	0.324381 	-0.169272 	0.581221 	0.141882 	-1.39907 	-0.00884311 	
5.225	0.324379 	-0.169256 	0.581226 	0.141983 	-1.39924 	-0.00888108 	
5.23	0.324376 	-0.169239 	0.58123 	0.142083 	-1.39942 	-0.0089184 	
5.235	0.324373 	-0.169222 	0.581235 	0.142184 	-1.39959 	-0.00895588 	
5.24	0.32437 	-0.169206 	0.581239 	0.142284 	-1.39976 	-0.00899275 	
5.245	0.324366 	-0.169189 	0.581243 	0.142385 	-1.39993 	-0.00902982 	
5.25	0.324363 	-0.169172 	0.581247 	0.142485 	-1.4001 	-0.00906635 	
5.255	0.324359 	-0.169155 	0.581251 	0.142586 	-1.40027 	-0.00910311 	
5.26	0.324355 	-0.169138 	0.581255 	0.142686 	-1.40044 	-0.00913937 	
5.265	0.324351 	-0.169121 	0.581259 	0.142787 	-1.40062 	-0.00917587 	
5.27	0.324346 	-0.169104 	0.581262 	0.142887 	-1.40079 	-0.00921176 	
5.275	0.324342 	-0.169087 	0.581266 	0.142988 	-1.40096 	-0.00924791 	
5.28	0.324337 	-0.169069 	0.581269 	0.143089 	-1.40113 	-0.00928351 	
5.285	0.324332 	-0.169052 	0.581273 	0.14319 	-1.4013 	-0.00931949 	
5.29	0.324328 	-0.169035 	0.581276 	0.14329 	-1.40146 	-0.00935508 	
5.295	0.324323 	-0.169017 	0.581279 	0.143392 	-1.40163 	-0.00939108 	
5.3	0.324318 	-0.169 	0.581282 	0.143492 	-1.4018 	-0.00942671 	
5.305	0.324312 	-0.168983 	0.581285 	0.143594 	-1.40197 	-0.00946276 	
5.31	0.324307 	-0.168965 	0.581288 	0.143695 	-1.40214 	-0.00949845 	
5.315	0.324302 	-0.168948 	0.581291 	0.143797 	-1.40231 	-0.00953459 	
5.32	0.324297 	-0.168931 	0.581294 	0.143898 	-1.40247 	-0.00957039 	
5.325	0.324291 	-0.168913 	0.581297 	0.144 	-1.40264 	-0.00960664 	
5.33	0.324286 	-0.168896 	0.5813 	0.144101 	-1.40281 	-0.00964254 	
5.335	0.32428 	-0.168878 	0.581302 	0.144203 	-1.40298 	-0.00967886 	
5.34	0.324274 	-0.168861 	0.581305 	0.144305 	-1.40314 	-0.00971486 	
5.345	0.324269 	-0.168843 	0.581307 	0.144407 	-1.40331 	-0.00975133 	
5.35	0.324263 	-0.168826 	0.581309 	0.144509 	-1.40348 	-0.00978762 	
5.355	0.324257 	-0.168808 	0.581312 	0.144612 	-1.40364 	-0.00982442 	
5.36	0.324251 	-0.168791 	0.581314 	0.144714 	-1.40381 	-0.00986102 	
5.365	0.324245 	-0.168773 	0.581317 	0.144817 	-1.40398 	-0.00989791 	
5.37	0.32424 	-0.168756 	0.581318 	0.144919 	-1.40414 	-0.00993405 	
5.375	0.324234 	-0.168738 	0.581319 	0.145021 	-1.4043 	-0.00997097 	
5.38	0.324228 	-0.168721 	0.581321 	0.145124 	-1.40447 	-0.0100078 	
5.385	0.324222 	-0.168704 	0.581323 	0.145227 	-1.40463 	-0.0100453 	
5.39	0.324216 	-0.168686 	0.581324 	0.14533 	-1.40479 	-0.0100827 	
5.395	0.32421 	-0.168669 	0.581327 	0.145434 	-1.40496 	-0.0101208 	
5.4	0.324204 	-0.168652 	0.581327 	0.145535 	-1.40512 	-0.0101572 	
5.405	0.324196 	-0.168635 	0.581321 	0.14563 	-1.40526 	-0.0101887 	
5.41	0.324187 	-0.168619 	0.581311 	0.145718 	-1.40539 	-0.0102162 	
5.415	0.324177 	-0.168604 	0.581296 	0.145801 	-1.4055 	-0.0102396 	
5.42	0.324166 	-0.16859 	0.581278 	0.14588 	-1.4056 	-0.01026 	
5.425	0.324155 	-0.168576 	0.581258 	0.145957 	-1.40569 	-0.0102793 	
5.43	0.324145 	-0.168561 	0.581243 	0.14604 	-1.4058 	-0.0103027 	
5.435	0.324135 	-0.168546 	0.581226 	0.146121 	-1.4059 	-0.0103251 	
5.44	0.324127 	-0.16853 	0.581215 	0.14621 	-1.40603 	-0.010353 	
5.445	0.324119 	-0.168515 	0.581202 	0.146296 	-1.40614 	-0.0103787 	
5.45	0.32411 	-0.168499 	0.581186 	0.146379 	-1.40625 	-0.0104007 	
5.455	0.324101 	-0.168483 	0.58117 	0.146461 	-1.40636 	-0.0104214 	
5.46	0.324093 	-0.168467 	0.581157 	0.146548 	-1.40647 	-0.0104453 	
5.465	0.324086 	-0.168451 	0.581147 	0.146639 	-1.4066 	-0.0104727 	
5.47	0.32408 	-0.168433 	0.58114 	0.146733 	-1.40673 	-0.0105014 	
5.475	0.324074 	-0.168416 	0.581135 	0.14683 	-1.40687 	-0.0105329 	
5.48	0.324069 	-0.168398 	0.581131 	0.146929 	-1.40702 	-0.0105651 	
5.485	0.324064 	-0.168381 	0.581129 	0.147031 	-1.40717 	-0.0105998 	
5.49	0.324058 	-0.168363 	0.581127 	0.147133 	-1.40732 	-0.0106347 	
5.495	0.324054 	-0.168344 	0.581127 	0.147238 	-1.40748 	-0.0106713 	
5.5	0.324049 	-0.168326 	0.581127 	0.147342 	-1.40764 	-0.0107087 	
5.505	0.324044 	-0.168309 	0.581129 	0.147451 	-1.4078 	-0.0107502 	
5.51	0.324039 	-0.168291 	0.58113 	0.147559 	-1.40797 	-0.0107928 	
5.515	0.324034 	-0.168274 	0.581133 	0.147669 	-1.40813 	-0.0108385 	
5.52	0.324028 	-0.168257 	0.581135 	0.147778 	-1.4083 	-0.010883 	
5.525	0.324023 	-0.168239 	0.581138 	0.14789 	-1.40847 	-0.0109293 	
5.53	0.324018 	-0.168222 	0.581141 	0.148 	-1.40863 	-0.0109744 	
5.535	0.324012 	-0.168205 	0.581144 	0.148112 	-1.4088 	-0.0110211 	
5.54	0.324007 	-0.168187 	0.581147 	0.148223 	-1.40897 	-0.0110666 	
5.545	0.324002 	-0.16817 	0.58115 	0.148336 	-1.40914 	-0.0111137 	
5.55	0.323996 	-0.168152 	0.581153 	0.148447 	-1.40931 	-0.0111595 	
5.555	0.323991 	-0.168135 	0.581157 	0.148561 	-1.40948 	-0.011207 	
5.56	0.323985 	-0.168117 	0.581159 	0.148672 	-1.40964 	-0.0112531 	
5.565	0.323979 	-0.1681 	0.581163 	0.148786 	-1.40982 	-0.0113009 	
5.57	0.323973 	-0.168082 	0.581165 	0.148898 	-1.40998 	-0.0113474 	
5.575	0.323968 	-0.168065 	0.581169 	0.149013 	-1.41015 	-0.0113955 	
5.58	0.323962 	-0.168047 	0.581172 	0.149125 	-1.41032 	-0.0114422 	
5.585	0.323957 	-0.168029 	0.581175 	0.14924 	-1.41049 	-0.0114907 	
5.59	0.32395 	-0.168012 	0.581178 	0.149353 	-1.41066 	-0.0115376 	
5.595	0.323945 	-0.167994 	0.581181 	0.149468 	-1.41083 	-0.0115864 	
5.6	0.323939 	-0.167977 	0.581184 	0.149581 	-1.41099 	-0.0116337 	
5.605	0.323933 	-0.167959 	0.581187 	0.149697 	-1.41116 	-0.0116827 	
5.61	0.323927 	-0.167941 	0.581189 	0.149811 	-1.41133 	-0.0117303 	
5.615	0.323921 	-0.167923 	0.581193 	0.149927 	-1.4115 	-0.0117797 	
5.62	0.323915 	-0.167906 	0.581195 	0.150041 	-1.41166 	-0.0118275 	
5.625	0.323909 	-0.167888 	0.581198 	0.150157 	-1.41183 	-0.0118772 	
5.63	0.323903 	-0.16787 	0.5812 	0.150271 	-1.412 	-0.0119253 	
5.635	0.323897 	-0.167853 	0.581203 	0.150387 	-1.41216 	-0.0119745 	
5.64	0.323889 	-0.167836 	0.5812 	0.150494 	-1.41231 	-0.0120176 	
5.645	0.32388 	-0.16782 	0.581191 	0.150595 	-1.41244 	-0.0120559 	
5.65	0.323871 	-0.167804 	0.581181 	0.150693 	-1.41257 	-0.0120917 	
5.655	0.323862 	-0.167787 	0.581174 	0.150796 	-1.4127 	-0.0121317 	
5.66	0.323853 	-0.167771 	0.581165 	0.150896 	-1.41283 	-0.0121694 	
5.665	0.323845 	-0.167754 	0.58116 	0.151002 	-1.41297 	-0.0122113 	
5.67	0.323836 	-0.167738 	0.581152 	0.151105 	-1.41311 	-0.0122508 	
5.675	0.323828 	-0.167721 	0.581148 	0.151213 	-1.41325 	-0.0122943 	
5.68	0.32382 	-0.167704 	0.581142 	0.151318 	-1.41339 	-0.0123351 	
5.685	0.323812 	-0.167687 	0.581139 	0.151428 	-1.41354 	-0.0123799 	
5.69	0.323804 	-0.16767 	0.581133 	0.151534 	-1.41368 	-0.0124218 	
5.695	0.323796 	-0.167653 	0.58113 	0.151645 	-1.41383 	-0.0124675 	
5.7	0.323788 	-0.167636 	0.581125 	0.151752 	-1.41397 	-0.0125104 	
5.705	0.32378 	-0.167619 	0.581123 	0.151864 	-1.41412 	-0.012557 	
5.71	0.323772 	-0.167602 	0.581118 	0.151973 	-1.41427 	-0.0126006 	
5.715	0.323764 	-0.167585 	0.581117 	0.152086 	-1.41442 	-0.012648 	
5.72	0.323756 	-0.167568 	0.581112 	0.152195 	-1.41456 	-0.0126923 	
5.725	0.323748 	-0.16755 	0.581111 	0.152309 	-1.41472 	-0.0127404 	
5.73	0.32374 	-0.167533 	0.581106 	0.152419 	-1.41486 	-0.0127854 	
5.735	0.323732 	-0.167516 	0.581105 	0.152533 	-1.41502 	-0.0128341 	
5.74	0.323723 	-0.167499 	0.581097 	0.152639 	-1.41515 	-0.012876 	
5.745	0.323711 	-0.167483 	0.581084 	0.152736 	-1.41527 	-0.0129106 	
5.75	0.323698 	-0.167468 	0.581064 	0.152824 	-1.41536 	-0.0129384 	
5.755	0.323684 	-0.167453 	0.581039 	0.152905 	-1.41544 	-0.0129599 	
5.76	0.323668 	-0.167439 	0.581009 	0.152978 	-1.4155 	-0.0129756 	
5.765	0.32365 	-0.167426 	0.580974 	0.153044 	-1.41555 	-0.0129858 	
5.77	0.323631 	-0.167413 	0.580935 	0.153104 	-1.41558 	-0.0129911 	
5.775	0.323613 	-0.1674 	0.580896 	0.153165 	-1.41561 	-0.0129974 	
5.78	0.323597 	-0.167385 	0.580869 	0.153243 	-1.41568 	-0.0130162 	
5.785	0.323582 	-0.167371 	0.580841 	0.15332 	-1.41575 	-0.0130347 	
5.79	0.32357 	-0.167355 	0.580823 	0.153412 	-1.41585 	-0.0130636 	
5.795	0.323558 	-0.167339 	0.580803 	0.153501 	-1.41595 	-0.0130911 	
5.8	0.323547 	-0.167323 	0.580791 	0.153602 	-1.41607 	-0.0131274 	
5.805	0.323537 	-0.167306 	0.580777 	0.1537 	-1.41618 	-0.0131617 	
5.81	0.323528 	-0.167289 	0.58077 	0.153808 	-1.41632 	-0.0132036 	
5.815	0.323518 	-0.167272 	0.58076 	0.153913 	-1.41644 	-0.0132429 	
5.82	0.32351 	-0.167254 	0.580756 	0.154026 	-1.41659 	-0.0132891 	
5.825	0.323501 	-0.167236 	0.580749 	0.154136 	-1.41672 	-0.0133323 	
5.83	0.323494 	-0.167219 	0.580747 	0.154253 	-1.41687 	-0.0133817 	
5.835	0.323485 	-0.167201 	0.580741 	0.154365 	-1.41702 	-0.0134279 	
5.84	0.323478 	-0.167183 	0.580741 	0.154485 	-1.41717 	-0.0134798 	
5.845	0.32347 	-0.167165 	0.580737 	0.154601 	-1.41732 	-0.0135283 	
5.85	0.323463 	-0.167147 	0.580738 	0.154723 	-1.41748 	-0.0135823 	
5.855	0.323455 	-0.167129 	0.580735 	0.15484 	-1.41763 	-0.0136326 	
5.86	0.323448 	-0.167111 	0.580736 	0.154964 	-1.41779 	-0.0136882 	
5.865	0.323441 	-0.167093 	0.580734 	0.155083 	-1.41794 	-0.0137399 	
5.87	0.323434 	-0.167075 	0.580736 	0.155208 	-1.41811 	-0.0137968 	
5.875	0.323425 	-0.167057 	0.580731 	0.155323 	-1.41825 	-0.0138455 	
5.88	0.323414 	-0.167041 	0.580719 	0.155428 	-1.41837 	-0.0138864 	
5.885	0.323402 	-0.167025 	0.580701 	0.155524 	-1.41847 	-0.01392 	
5.89	0.323387 	-0.16701 	0.580678 	0.155611 	-1.41855 	-0.013947 	
5.895	0.323372 	-0.166995 	0.580649 	0.155691 	-1.41862 	-0.0139678 	
5.9	0.323354 	-0.166981 	0.580616 	0.155763 	-1.41867 	-0.0139827 	
5.905	0.323336 	-0.166968 	0.580578 	0.155829 	-1.41871 	-0.0139924 	
5.91	0.323316 	-0.166955 	0.580536 	0.155888 	-1.41873 	-0.013997 	
5.915	0.323297 	-0.166942 	0.580497 	0.155952 	-1.41876 	-0.0140055 	
5.92	0.323283 	-0.166928 	0.580471 	0.156037 	-1.41884 	-0.0140346 	
5.925	0.323269 	-0.166914 	0.580446 	0.156125 	-1.41892 	-0.0140652 	
5.93	0.323259 	-0.1669 	0.580433 	0.156231 	-1.41903 	-0.0141132 	
5.935	0.323249 	-0.166885 	0.580418 	0.156336 	-1.41914 	-0.0141596 	
5.94	0.323242 	-0.16687 	0.580411 	0.156452 	-1.41928 	-0.0142162 	
5.945	0.323234 	-0.166854 	0.580402 	0.156566 	-1.4194 	-0.0142703 	
5.95	0.323228 	-0.166838 	0.580399 	0.156689 	-1.41955 	-0.0143324 	
5.955	0.323222 	-0.166823 	0.580393 	0.156809 	-1.41969 	-0.0143912 	
5.96	0.323217 	-0.166807 	0.580393 	0.156936 	-1.41985 	-0.0144573 	
5.965	0.323211 	-0.166791 	0.580389 	0.15706 	-1.41999 	-0.0145197 	
5.97	0.323206 	-0.166775 	0.58039 	0.157191 	-1.42015 	-0.0145895 	
5.975	0.323201 	-0.166759 	0.580388 	0.157318 	-1.4203 	-0.0146561 	
5.98	0.323197 	-0.166743 	0.58039 	0.157451 	-1.42046 	-0.0147284 	
5.985	0.323191 	-0.166728 	0.580386 	0.157575 	-1.42061 	-0.0147922 	
5.99	0.323183 	-0.166712 	0.580378 	0.157693 	-1.42074 	-0.0148494 	
5.995	0.323175 	-0.166697 	0.580365 	0.157803 	-1.42086 	-0.0148991 	
6	0.323165 	-0.166681 	0.580349 	0.157908 	-1.42096 	-0.0149432 	
6.005	0.323154 	-0.166666 	0.580329 	0.158006 	-1.42105 	-0.0149823 	
6.01	0.323143 	-0.166652 	0.580308 	0.158103 	-1.42114 	-0.0150225 	
6.015	0.323133 	-0.166638 	0.580287 	0.158199 	-1.42123 	-0.0150607 	
6.02	0.323127 	-0.166621 	0.580274 	0.158309 	-1.42135 	-0.0151071 	
6.025	0.323121 	-0.166605 	0.58026 	0.158416 	-1.42146 	-0.0151518 	
6.03	0.323117 	-0.166587 	0.580254 	0.158536 	-1.42159 	-0.0152064 	
6.035	0.323112 	-0.16657 	0.580245 	0.158654 	-1.42172 	-0.0152585 	
6.04	0.323108 	-0.166552 	0.580244 	0.158782 	-1.42187 	-0.0153194 	
6.045	0.323103 	-0.166534 	0.580239 	0.158906 	-1.42202 	-0.0153771 	
6.05	0.3231 	-0.166515 	0.580241 	0.15904 	-1.42218 	-0.0154425 	
6.055	0.323095 	-0.166497 	0.58024 	0.159169 	-1.42233 	-0.0155043 	
6.06	0.323092 	-0.166478 	0.580243 	0.159307 	-1.4225 	-0.0155732 	
6.065	0.323086 	-0.166461 	0.58024 	0.159434 	-1.42265 	-0.015633 	
6.07	0.323078 	-0.166444 	0.58023 	0.15955 	-1.42277 	-0.0156842 	
6.075	0.323068 	-0.166427 	0.580215 	0.159658 	-1.42288 	-0.0157293 	
6.08	0.323058 	-0.166411 	0.580197 	0.159762 	-1.42298 	-0.0157721 	
6.085	0.323048 	-0.166396 	0.580179 	0.159866 	-1.42308 	-0.0158142 	
6.09	0.323041 	-0.166379 	0.58017 	0.159984 	-1.42321 	-0.0158678 	
6.095	0.323032 	-0.166362 	0.580159 	0.1601 	-1.42333 	-0.01592 	
6.1	0.323025 	-0.166345 	0.580153 	0.160225 	-1.42347 	-0.0159787 	
6.105	0.323018 	-0.166327 	0.580146 	0.160346 	-1.4236 	-0.016035 	
6.11	0.323011 	-0.16631 	0.580142 	0.160475 	-1.42375 	-0.0160974 	
6.115	0.323003 	-0.166292 	0.580136 	0.1606 	-1.42388 	-0.0161567 	
6.12	0.322997 	-0.166275 	0.580134 	0.160732 	-1.42404 	-0.0162219 	
6.125	0.322989 	-0.166257 	0.58013 	0.16086 	-1.42418 	-0.0162836 	
6.13	0.322983 	-0.166239 	0.580129 	0.160995 	-1.42433 	-0.0163509 	
6.135	0.322975 	-0.166221 	0.580125 	0.161125 	-1.42448 	-0.0164144 	
6.14	0.322969 	-0.166203 	0.580125 	0.161261 	-1.42464 	-0.0164834 	
6.145	0.322961 	-0.166186 	0.580122 	0.161393 	-1.42478 	-0.0165484 	
6.15	0.322955 	-0.166168 	0.580123 	0.161531 	-1.42494 	-0.0166188 	
6.155	0.322947 	-0.16615 	0.58012 	0.161664 	-1.42509 	-0.016685 	
6.16	0.32294 	-0.166132 	0.580121 	0.161803 	-1.42525 	-0.0167567 	
6.165	0.322932 	-0.166114 	0.580119 	0.161937 	-1.4254 	-0.0168238 	
6.17	0.322925 	-0.166096 	0.58012 	0.162077 	-1.42557 	-0.0168965 	
6.175	0.322918 	-0.166078 	0.580117 	0.162212 	-1.42572 	-0.0169646 	
6.18	0.322911 	-0.16606 	0.580119 	0.162353 	-1.42588 	-0.0170381 	
6.185	0.322903 	-0.166043 	0.580117 	0.162488 	-1.42603 	-0.0171071 	
6.19	0.322896 	-0.166025 	0.580118 	0.16263 	-1.42619 	-0.0171814 	
6.195	0.322887 	-0.166007 	0.580116 	0.162767 	-1.42634 	-0.0172511 	
6.2	0.32288 	-0.165989 	0.580117 	0.162909 	-1.4265 	-0.0173261 	
6.205	0.322872 	-0.165972 	0.580115 	0.163046 	-1.42665 	-0.0173985 	
6.21	0.322864 	-0.165956 	0.580115 	0.16319 	-1.42681 	-0.0174825 	
6.215	0.322855 	-0.165941 	0.580112 	0.163328 	-1.42696 	-0.0175624 	
6.22	0.322847 	-0.165927 	0.580111 	0.163472 	-1.42712 	-0.0176507 	
6.225	0.322837 	-0.165914 	0.580107 	0.16361 	-1.42726 	-0.0177345 	
6.23	0.322828 	-0.1659 	0.580106 	0.163755 	-1.42742 	-0.0178267 	
6.235	0.322819 	-0.165888 	0.580101 	0.163894 	-1.42756 	-0.0179142 	
6.24	0.322809 	-0.165875 	0.5801 	0.164039 	-1.42771 	-0.01801 	
6.245	0.322799 	-0.165864 	0.580095 	0.164179 	-1.42785 	-0.018101 	
6.25	0.32279 	-0.165852 	0.580093 	0.164325 	-1.42801 	-0.0182003 	
6.255	0.32278 	-0.165841 	0.580088 	0.164466 	-1.42815 	-0.0182945 	
6.26	0.322771 	-0.16583 	0.580086 	0.164613 	-1.4283 	-0.0183969 	
6.265	0.322761 	-0.165821 	0.580081 	0.164757 	-1.42844 	-0.0184987 	
6.27	0.322752 	-0.165813 	0.580082 	0.164915 	-1.42861 	-0.0186229 	
6.275	0.322744 	-0.165807 	0.580081 	0.165069 	-1.42876 	-0.0187449 	
6.28	0.322737 	-0.165802 	0.580084 	0.165233 	-1.42893 	-0.0188832 	
6.285	0.322729 	-0.165797 	0.580085 	0.165394 	-1.42909 	-0.0190178 	
6.29	0.322722 	-0.165794 	0.580089 	0.165562 	-1.42926 	-0.0191641 	
6.295	0.322714 	-0.16579 	0.580091 	0.165726 	-1.42942 	-0.0193049 	
6.3	0.322707 	-0.165787 	0.580095 	0.165896 	-1.42959 	-0.0194555 	
6.305	0.3227 	-0.165785 	0.580098 	0.166064 	-1.42976 	-0.0196046 	
6.31	0.322693 	-0.165783 	0.580102 	0.166237 	-1.42993 	-0.0197592 	
6.315	0.322686 	-0.165781 	0.580106 	0.166409 	-1.4301 	-0.0199155 	
6.32	0.32268 	-0.165781 	0.580111 	0.166585 	-1.43027 	-0.0200784 	
6.325	0.322673 	-0.16578 	0.580115 	0.166758 	-1.43044 	-0.0202385 	
6.33	0.322666 	-0.16578 	0.58012 	0.166936 	-1.43062 	-0.0204051 	
6.335	0.32266 	-0.16578 	0.580125 	0.167113 	-1.43079 	-0.0205727 	
6.34	0.322654 	-0.165782 	0.58013 	0.167293 	-1.43096 	-0.0207458 	
6.345	0.322648 	-0.165783 	0.580136 	0.167475 	-1.43114 	-0.0209223 	
6.35	0.322642 	-0.165786 	0.580141 	0.167658 	-1.43131 	-0.0211016 	
6.355	0.322636 	-0.165788 	0.580147 	0.167842 	-1.43149 	-0.021283 	
6.36	0.32263 	-0.165791 	0.580153 	0.168026 	-1.43166 	-0.0214657 	
6.365	0.322624 	-0.165795 	0.580158 	0.168211 	-1.43184 	-0.0216502 	
6.37	0.322618 	-0.165798 	0.580163 	0.168396 	-1.43201 	-0.0218358 	
6.375	0.322612 	-0.165802 	0.580168 	0.168582 	-1.43219 	-0.022023 	
6.38	0.322606 	-0.165806 	0.580173 	0.168768 	-1.43236 	-0.0222111 	
6.385	0.3226 	-0.165811 	0.580178 	0.168955 	-1.43253 	-0.0224006 	
6.39	0.322594 	-0.165815 	0.580183 	0.169143 	-1.4327 	-0.0225909 	
6.395	0.322588 	-0.16582 	0.580188 	0.169331 	-1.43288 	-0.0227825 	
6.4	0.322582 	-0.165825 	0.580192 	0.169519 	-1.43305 	-0.0229748 	
6.405	0.322576 	-0.16583 	0.580197 	0.169708 	-1.43322 	-0.0231685 	
6.41	0.322571 	-0.165835 	0.580202 	0.169898 	-1.43339 	-0.0233638 	
6.415	0.322565 	-0.16584 	0.580207 	0.17009 	-1.43356 	-0.0235604 	
6.42	0.322559 	-0.165846 	0.580212 	0.170282 	-1.43374 	-0.0237582 	
6.425	0.322553 	-0.165851 	0.580218 	0.170475 	-1.43391 	-0.0239571 	
6.43	0.322548 	-0.165857 	0.580225 	0.170672 	-1.43409 	-0.0241622 	
6.435	0.322544 	-0.165863 	0.580235 	0.170878 	-1.43428 	-0.024378 	
6.44	0.322538 	-0.165869 	0.580238 	0.171068 	-1.43445 	-0.0245734 	
6.445	0.322529 	-0.165873 	0.580235 	0.171244 	-1.43459 	-0.0247496 	
6.45	0.32252 	-0.165876 	0.580229 	0.171414 	-1.43473 	-0.0249191 	
6.455	0.322513 	-0.165881 	0.580228 	0.171596 	-1.43488 	-0.0251047 	
6.46	0.322505 	-0.165885 	0.580225 	0.171772 	-1.43503 	-0.0252823 	
6.465	0.322498 	-0.16589 	0.580226 	0.17196 	-1.43519 	-0.0254746 	
6.47	0.322491 	-0.165895 	0.580224 	0.172143 	-1.43534 	-0.0256611 	
