0	0.0375657 	-0.00170152 	-0.0284831 	4.31391e-06 	-0.00180521 	8.30314e-05 	
0.005	0.185079 	-0.00838305 	-0.140331 	2.12538e-05 	-0.00889393 	0.00040908 	
0.01	0.321796 	-0.0145756 	-0.243993 	3.69539e-05 	-0.0154638 	0.000711265 	
0.015	0.448506 	-0.0203148 	-0.340067 	5.15048e-05 	-0.0215529 	0.000991333 	
0.02	0.565943 	-0.025634 	-0.42911 	6.49904e-05 	-0.0271963 	0.0012509 	
0.025	0.674784 	-0.0305639 	-0.511635 	7.74881e-05 	-0.0324267 	0.00149147 	
0.03	0.77566 	-0.0351329 	-0.58812 	8.90701e-05 	-0.0372743 	0.00171443 	
0.035	0.869153 	-0.0393675 	-0.659006 	9.98028e-05 	-0.0417671 	0.00192107 	
0.04	0.955803 	-0.0432921 	-0.724703 	0.000109748 	-0.0459311 	0.00211258 	
0.045	1.03611 	-0.0469294 	-0.785591 	0.000118963 	-0.0497904 	0.00229008 	
0.05	1.11054 	-0.0503004 	-0.842022 	0.000127502 	-0.0533674 	0.00245457 	
0.055	1.17953 	-0.0534246 	-0.894321 	0.000135412 	-0.0566825 	0.00260703 	
0.06	1.24347 	-0.0563201 	-0.94279 	0.00014274 	-0.0597551 	0.00274832 	
0.065	1.30272 	-0.0590036 	-0.987711 	0.000149528 	-0.062603 	0.00287926 	
0.07	1.35765 	-0.0614906 	-1.02934 	0.000155814 	-0.0652424 	0.00300061 	
0.075	1.40855 	-0.0637955 	-1.06793 	0.000161637 	-0.0676888 	0.00311308 	
0.08	1.45573 	-0.0659316 	-1.10368 	0.000167028 	-0.0699562 	0.0032173 	
0.085	1.49945 	-0.0679112 	-1.13682 	0.000172019 	-0.0720578 	0.00331389 	
0.09	1.53998 	-0.0697459 	-1.16753 	0.00017664 	-0.0740057 	0.0034034 	
0.095	1.57754 	-0.0714461 	-1.19599 	0.000180916 	-0.0758111 	0.00348635 	
0.1	1.61236 	-0.0730217 	-1.22236 	0.000184873 	-0.0774846 	0.00356322 	
0.105	1.64463 	-0.0744819 	-1.24681 	0.000188533 	-0.0790357 	0.00363445 	
0.11	1.67454 	-0.0758351 	-1.26945 	0.000191918 	-0.0804734 	0.00370046 	
0.115	1.70226 	-0.0770891 	-1.29044 	0.000195048 	-0.081806 	0.00376163 	
0.12	1.72795 	-0.0782511 	-1.30989 	0.000197941 	-0.0830413 	0.0038183 	
0.125	1.75177 	-0.0793279 	-1.32792 	0.000200615 	-0.0841864 	0.00387082 	
0.13	1.77384 	-0.0803257 	-1.34462 	0.000203084 	-0.0852478 	0.00391948 	
0.135	1.7943 	-0.0812504 	-1.36009 	0.000205363 	-0.0862317 	0.00396456 	
0.14	1.81327 	-0.0821071 	-1.37443 	0.000207466 	-0.0871438 	0.00400633 	
0.145	1.83085 	-0.082901 	-1.38771 	0.000209406 	-0.0879893 	0.00404503 	
0.15	1.84714 	-0.0836365 	-1.40002 	0.000211194 	-0.0887732 	0.00408088 	
0.155	1.86225 	-0.084318 	-1.41143 	0.000212841 	-0.0894999 	0.00411409 	
0.16	1.87625 	-0.0849494 	-1.42199 	0.000214357 	-0.0901736 	0.00414485 	
0.165	1.88772 	-0.0842346 	-1.434 	0.000276399 	-0.0908017 	0.00416415 	
0.17	1.90006 	-0.084838 	-1.44324 	0.000274529 	-0.0913934 	0.00418954 	
0.175	1.91144 	-0.0854105 	-1.45173 	0.000271934 	-0.0919411 	0.00421259 	
0.18	1.92191 	-0.0859329 	-1.45953 	0.000269852 	-0.0924462 	0.0042339 	
0.185	1.93161 	-0.0864168 	-1.46675 	0.000267911 	-0.0929146 	0.00425363 	
0.19	1.94061 	-0.0868651 	-1.47345 	0.000266099 	-0.0933489 	0.0042719 	
0.195	1.94895 	-0.0872802 	-1.47964 	0.000264407 	-0.0937518 	0.00428881 	
0.2	1.95669 	-0.0876647 	-1.48538 	0.000262826 	-0.0941254 	0.00430447 	
0.205	1.96386 	-0.0880208 	-1.49069 	0.000261346 	-0.094472 	0.00431896 	
0.21	1.97051 	-0.0883505 	-1.49561 	0.000259961 	-0.0947935 	0.00433236 	
0.215	1.97668 	-0.0886558 	-1.50016 	0.000258663 	-0.0950918 	0.00434476 	
0.22	1.9824 	-0.0889384 	-1.50438 	0.000257445 	-0.0953686 	0.00435623 	
0.225	1.98613 	-0.0878582 	-1.51058 	0.000319253 	-0.0956288 	0.0043577 	
0.23	1.99135 	-0.0881661 	-1.51435 	0.000314826 	-0.0958795 	0.00436654 	
0.235	1.99615 	-0.0884645 	-1.51776 	0.000309865 	-0.0961113 	0.00437424 	
0.24	2.00051 	-0.0887328 	-1.52086 	0.000305586 	-0.0963236 	0.00438132 	
0.245	2.00456 	-0.0889811 	-1.52373 	0.000301605 	-0.0965208 	0.00438786 	
0.25	2.00832 	-0.0892109 	-1.52638 	0.000297898 	-0.0967039 	0.00439389 	
0.255	2.0118 	-0.0894235 	-1.52883 	0.000294446 	-0.096874 	0.00439946 	
0.26	2.01504 	-0.0896201 	-1.5311 	0.00029123 	-0.097032 	0.00440459 	
0.265	2.01804 	-0.089802 	-1.53319 	0.000288232 	-0.0971788 	0.00440931 	
0.27	2.02083 	-0.0899702 	-1.53512 	0.000285436 	-0.0973152 	0.00441366 	
0.275	2.02171 	-0.088685 	-1.53939 	0.00035078 	-0.0974457 	0.00440822 	
0.28	2.02445 	-0.0889011 	-1.54121 	0.000344659 	-0.0975771 	0.00441089 	
0.285	2.02693 	-0.0891148 	-1.54281 	0.000338086 	-0.0976981 	0.00441282 	
0.29	2.02914 	-0.0893037 	-1.54422 	0.000332345 	-0.0978076 	0.00441454 	
0.295	2.0312 	-0.0894784 	-1.54552 	0.000327006 	-0.0979095 	0.0044161 	
0.3	2.03311 	-0.0896398 	-1.54671 	0.000322038 	-0.0980043 	0.00441751 	
0.305	2.03488 	-0.089789 	-1.54781 	0.000317414 	-0.0980927 	0.00441879 	
0.31	2.03653 	-0.0899268 	-1.54882 	0.000313109 	-0.098175 	0.00441995 	
0.315	2.03643 	-0.0886783 	-1.55214 	0.000374337 	-0.0982551 	0.00441233 	
0.32	2.03817 	-0.0888652 	-1.55315 	0.000367056 	-0.0983393 	0.00441229 	
0.325	2.03974 	-0.0890515 	-1.55401 	0.000359433 	-0.0984168 	0.00441171 	
0.33	2.04111 	-0.0892155 	-1.55474 	0.000352697 	-0.0984862 	0.0044111 	
0.335	2.04238 	-0.0893669 	-1.5554 	0.000346432 	-0.098551 	0.0044105 	
0.34	2.04357 	-0.0895068 	-1.55601 	0.000340605 	-0.0986116 	0.00440991 	
0.345	2.04467 	-0.0896359 	-1.55656 	0.000335183 	-0.0986682 	0.00440932 	
0.35	2.04409 	-0.0884089 	-1.55941 	0.000394298 	-0.0987244 	0.00440062 	
0.355	2.04536 	-0.0885872 	-1.56002 	0.000386101 	-0.0987863 	0.00439909 	
0.36	2.04649 	-0.0887653 	-1.56051 	0.000377637 	-0.0988432 	0.00439713 	
0.365	2.04746 	-0.0889217 	-1.5609 	0.000370113 	-0.0988937 	0.00439523 	
0.37	2.04836 	-0.0890662 	-1.56125 	0.000363117 	-0.098941 	0.00439343 	
0.375	2.0492 	-0.0891995 	-1.56156 	0.000356611 	-0.0989853 	0.00439173 	
0.38	2.04999 	-0.0893225 	-1.56184 	0.000350558 	-0.099027 	0.00439011 	
0.385	2.04897 	-0.0879755 	-1.56464 	0.000414914 	-0.0990697 	0.00438014 	
0.39	2.05001 	-0.0881557 	-1.56504 	0.000405803 	-0.0991204 	0.00437763 	
0.395	2.05091 	-0.0883361 	-1.56532 	0.000396432 	-0.0991667 	0.00437469 	
0.4	2.05166 	-0.0884937 	-1.5655 	0.000388112 	-0.0992068 	0.00437187 	
0.405	2.05235 	-0.088639 	-1.56565 	0.000380378 	-0.0992446 	0.00436922 	
0.41	2.05301 	-0.0887731 	-1.56579 	0.000373186 	-0.0992801 	0.00436672 	
0.415	2.05196 	-0.0875246 	-1.56831 	0.000432625 	-0.099317 	0.00435683 	
0.42	2.05285 	-0.0877096 	-1.56857 	0.000422752 	-0.0993616 	0.0043536 	
0.425	2.05363 	-0.0878942 	-1.56872 	0.000412707 	-0.0994023 	0.00435002 	
0.43	2.05427 	-0.0880561 	-1.56879 	0.000403735 	-0.0994377 	0.00434661 	
0.435	2.05487 	-0.0882055 	-1.56884 	0.000395395 	-0.0994711 	0.0043434 	
0.44	2.05544 	-0.0883433 	-1.56888 	0.00038764 	-0.0995027 	0.00434038 	
0.445	2.05421 	-0.0870272 	-1.57146 	0.000450355 	-0.0995362 	0.00433001 	
0.45	2.05506 	-0.0872201 	-1.57164 	0.000439751 	-0.0995784 	0.00432628 	
0.455	2.05578 	-0.0874124 	-1.57173 	0.000428987 	-0.0996168 	0.00432217 	
0.46	2.05637 	-0.0875806 	-1.57172 	0.000419378 	-0.0996497 	0.00431826 	
0.465	2.05691 	-0.0877359 	-1.5717 	0.000410447 	-0.0996809 	0.00431459 	
0.47	2.05743 	-0.087879 	-1.57168 	0.000402145 	-0.0997104 	0.00431114 	
0.475	2.05605 	-0.0864844 	-1.57436 	0.000468836 	-0.0997423 	0.00430039 	
0.48	2.05689 	-0.0866874 	-1.57451 	0.000457466 	-0.0997841 	0.00429621 	
0.485	2.05759 	-0.0868896 	-1.57454 	0.000445945 	-0.0998218 	0.00429163 	
0.49	2.05815 	-0.0870661 	-1.57449 	0.000435672 	-0.0998538 	0.00428727 	
0.495	2.05867 	-0.087229 	-1.57442 	0.000426125 	-0.0998841 	0.00428317 	
0.5	2.05749 	-0.0860183 	-1.57678 	0.000483968 	-0.0999161 	0.00427304 	
0.505	2.05828 	-0.0862288 	-1.57687 	0.000471988 	-0.0999566 	0.0042684 	
0.51	2.05896 	-0.086437 	-1.57686 	0.000459971 	-0.0999935 	0.00426346 	
0.515	2.05951 	-0.0866205 	-1.57678 	0.000449178 	-0.100025 	0.00425876 	
0.52	2.06003 	-0.0867898 	-1.57668 	0.00043915 	-0.100056 	0.00425436 	
0.525	2.05878 	-0.0855525 	-1.57909 	0.000498514 	-0.100088 	0.00424419 	
0.53	2.05959 	-0.085771 	-1.57916 	0.000485986 	-0.100129 	0.00423924 	
0.535	2.06027 	-0.0859868 	-1.57913 	0.000473436 	-0.100166 	0.00423398 	
0.54	2.06082 	-0.0861769 	-1.57903 	0.000462166 	-0.100198 	0.00422898 	
0.545	2.06134 	-0.0863523 	-1.57891 	0.000451695 	-0.100229 	0.00422429 	
0.55	2.06003 	-0.0850704 	-1.5814 	0.000513536 	-0.100261 	0.00421407 	
0.555	2.06085 	-0.0852976 	-1.58147 	0.000500433 	-0.100303 	0.00420883 	
0.56	2.06155 	-0.085522 	-1.58143 	0.000487317 	-0.100342 	0.00420325 	
0.565	2.06211 	-0.0857194 	-1.5813 	0.000475548 	-0.100374 	0.00419794 	
0.57	2.06264 	-0.0859014 	-1.58117 	0.000464614 	-0.100405 	0.00419296 	
0.575	2.06125 	-0.0845758 	-1.58375 	0.000528951 	-0.100439 	0.00418275 	
0.58	2.06211 	-0.0848124 	-1.58381 	0.000515252 	-0.100482 	0.00417722 	
0.585	2.06282 	-0.0850458 	-1.58376 	0.000501549 	-0.100521 	0.00417131 	
0.59	2.06339 	-0.0852509 	-1.58363 	0.00048926 	-0.100555 	0.00416569 	
0.595	2.06393 	-0.0854401 	-1.58348 	0.000477846 	-0.100586 	0.00416041 	
0.6	2.06249 	-0.0840734 	-1.58615 	0.000544612 	-0.100621 	0.00415028 	
0.605	2.06337 	-0.0843197 	-1.58621 	0.000530302 	-0.100666 	0.00414444 	
0.61	2.06411 	-0.0845624 	-1.58616 	0.000515999 	-0.100706 	0.0041382 	
0.615	2.06469 	-0.0847757 	-1.58601 	0.00050318 	-0.10074 	0.00413226 	
0.62	2.06358 	-0.0836751 	-1.58823 	0.000556793 	-0.100776 	0.00412274 	
0.625	2.06442 	-0.0839274 	-1.58824 	0.000542007 	-0.10082 	0.00411647 	
0.63	2.06514 	-0.0841743 	-1.58815 	0.000527377 	-0.10086 	0.00410995 	
0.635	2.06574 	-0.0843936 	-1.58799 	0.000514161 	-0.100895 	0.00410377 	
0.64	2.06463 	-0.0832979 	-1.59023 	0.000567799 	-0.100932 	0.00409441 	
0.645	2.06548 	-0.083556 	-1.59023 	0.000552636 	-0.100976 	0.00408792 	
0.65	2.06622 	-0.0838082 	-1.59014 	0.000537648 	-0.101017 	0.00408118 	
0.655	2.06683 	-0.0840323 	-1.58997 	0.000524106 	-0.101053 	0.00407479 	
0.66	2.06569 	-0.0829171 	-1.59226 	0.000579035 	-0.10109 	0.00406556 	
0.665	2.06656 	-0.0831812 	-1.59226 	0.00056348 	-0.101136 	0.00405886 	
0.67	2.06732 	-0.0834393 	-1.59216 	0.000548107 	-0.101178 	0.00405189 	
0.675	2.06794 	-0.0836685 	-1.59199 	0.000534222 	-0.101214 	0.00404528 	
0.68	2.06677 	-0.082533 	-1.59433 	0.000590515 	-0.101252 	0.00403622 	
0.685	2.06766 	-0.0828035 	-1.59433 	0.000574549 	-0.101299 	0.0040293 	
0.69	2.06844 	-0.0830678 	-1.59424 	0.000558772 	-0.101342 	0.00402209 	
0.695	2.06907 	-0.0833024 	-1.59406 	0.000544527 	-0.101379 	0.00401524 	
0.7	2.06787 	-0.0821478 	-1.59645 	0.000602144 	-0.101418 	0.00400637 	
0.705	2.06879 	-0.082425 	-1.59646 	0.000585751 	-0.101466 	0.00399921 	
0.71	2.06958 	-0.0826957 	-1.59636 	0.000569556 	-0.101509 	0.00399175 	
0.715	2.07022 	-0.082936 	-1.59618 	0.000554938 	-0.101547 	0.00398467 	
0.72	2.06899 	-0.0817637 	-1.59862 	0.000613833 	-0.101587 	0.00397601 	
0.725	2.06993 	-0.0820477 	-1.59862 	0.000597004 	-0.101636 	0.00396861 	
0.73	2.07074 	-0.0823251 	-1.59852 	0.000580383 	-0.101681 	0.00396089 	
0.735	2.0714 	-0.082571 	-1.59834 	0.000565385 	-0.101719 	0.00395356 	
0.74	2.07014 	-0.0813826 	-1.60083 	0.00062551 	-0.10176 	0.00394514 	
0.745	2.0711 	-0.0816735 	-1.60084 	0.00060824 	-0.10181 	0.0039375 	
0.75	2.07193 	-0.0819574 	-1.60074 	0.000591188 	-0.101855 	0.00392952 	
0.755	2.0726 	-0.0822092 	-1.60054 	0.000575805 	-0.101895 	0.00392193 	
0.76	2.07132 	-0.0810059 	-1.60309 	0.000637118 	-0.101936 	0.00391378 	
0.765	2.0723 	-0.0813037 	-1.6031 	0.000619404 	-0.101987 	0.0039059 	
0.77	2.07314 	-0.0815943 	-1.60299 	0.000601919 	-0.102034 	0.00389765 	
0.775	2.07382 	-0.0818518 	-1.60279 	0.000586149 	-0.102074 	0.0038898 	
0.78	2.07251 	-0.0806351 	-1.60539 	0.000648608 	-0.102116 	0.00388195 	
0.785	2.07352 	-0.0809397 	-1.6054 	0.00063045 	-0.102168 	0.00387382 	
0.79	2.07438 	-0.0812369 	-1.60529 	0.000612532 	-0.102215 	0.00386529 	
0.795	2.07507 	-0.0815002 	-1.60509 	0.000596376 	-0.102256 	0.00385719 	
0.8	2.07374 	-0.0802714 	-1.60773 	0.000659938 	-0.102299 	0.00384967 	
0.805	2.07476 	-0.0805828 	-1.60774 	0.000641339 	-0.102352 	0.00384128 	
0.81	2.07564 	-0.0808865 	-1.60763 	0.00062299 	-0.1024 	0.00383248 	
0.815	2.07634 	-0.0811556 	-1.60742 	0.000606448 	-0.102442 	0.00382411 	
0.82	2.07498 	-0.0799158 	-1.61011 	0.000671073 	-0.102485 	0.00381696 	
0.825	2.07603 	-0.080234 	-1.61012 	0.000652036 	-0.102539 	0.00380831 	
0.83	2.07692 	-0.0805441 	-1.61001 	0.000633258 	-0.102589 	0.00379924 	
0.835	2.07764 	-0.0808189 	-1.60979 	0.000616334 	-0.102631 	0.0037906 	
0.84	2.07625 	-0.0795695 	-1.61252 	0.000681981 	-0.102675 	0.00378384 	
0.845	2.07732 	-0.0798943 	-1.61254 	0.000662509 	-0.10273 	0.00377494 	
0.85	2.07822 	-0.0802108 	-1.61242 	0.000643308 	-0.10278 	0.00376559 	
0.855	2.07895 	-0.0804911 	-1.61221 	0.000626004 	-0.102823 	0.00375669 	
0.86	2.07754 	-0.0792334 	-1.61498 	0.000692633 	-0.102867 	0.00375034 	
0.865	2.07863 	-0.0795646 	-1.61499 	0.000672732 	-0.102924 	0.00374118 	
0.87	2.07955 	-0.0798873 	-1.61488 	0.000653111 	-0.102974 	0.00373155 	
0.875	2.08029 	-0.0801731 	-1.61466 	0.000635432 	-0.103018 	0.00372239 	
0.88	2.07886 	-0.0789083 	-1.61747 	0.000703002 	-0.103063 	0.00371649 	
0.885	2.07996 	-0.0792459 	-1.61748 	0.000682677 	-0.10312 	0.00370708 	
0.89	2.08089 	-0.0795747 	-1.61737 	0.000662643 	-0.103172 	0.00369717 	
0.895	2.07996 	-0.0786742 	-1.61951 	0.000710533 	-0.103218 	0.00369029 	
0.9	2.08098 	-0.0790152 	-1.61945 	0.000689845 	-0.103273 	0.00368029 	
0.905	2.08188 	-0.0793447 	-1.6193 	0.000669674 	-0.103323 	0.00367011 	
0.91	2.08264 	-0.0796398 	-1.61908 	0.000651354 	-0.103368 	0.00366049 	
0.915	2.08122 	-0.0783999 	-1.62188 	0.000718558 	-0.103414 	0.00365536 	
0.92	2.08234 	-0.0787458 	-1.6219 	0.000697638 	-0.103473 	0.00364554 	
0.925	2.08329 	-0.0790824 	-1.62178 	0.000677038 	-0.103525 	0.00363521 	
0.93	2.08234 	-0.07818 	-1.62397 	0.00072582 	-0.103572 	0.00362895 	
0.935	2.08339 	-0.0785295 	-1.62391 	0.000704534 	-0.103628 	0.00361854 	
0.94	2.08431 	-0.0788671 	-1.62375 	0.000683783 	-0.10368 	0.00360793 	
0.945	2.08339 	-0.077996 	-1.6259 	0.000731153 	-0.103728 	0.00360182 	
0.95	2.08444 	-0.0783478 	-1.62584 	0.000709674 	-0.103784 	0.00359124 	
0.955	2.08536 	-0.0786875 	-1.62568 	0.000688755 	-0.103835 	0.00358049 	
0.96	2.08444 	-0.0778179 	-1.62784 	0.000736393 	-0.103884 	0.00357468 	
0.965	2.0855 	-0.0781722 	-1.62778 	0.000714724 	-0.10394 	0.00356396 	
0.97	2.08643 	-0.0785141 	-1.62762 	0.00069362 	-0.103992 	0.00355306 	
0.975	2.0855 	-0.0776439 	-1.6298 	0.000741661 	-0.104041 	0.00354758 	
0.98	2.08656 	-0.0780008 	-1.62973 	0.00071979 	-0.104098 	0.00353671 	
0.985	2.0875 	-0.0783454 	-1.62958 	0.000698486 	-0.10415 	0.00352564 	
0.99	2.08656 	-0.0774749 	-1.63177 	0.000746914 	-0.104199 	0.00352049 	
0.995	2.08763 	-0.0778347 	-1.63171 	0.000724829 	-0.104256 	0.00350946 	
1	2.08858 	-0.078182 	-1.63155 	0.000703316 	-0.104308 	0.00349824 	
1.005	2.08763 	-0.077312 	-1.63377 	0.000752101 	-0.104358 	0.00349341 	
1.01	2.08871 	-0.0776747 	-1.63371 	0.000729794 	-0.104415 	0.00348222 	
1.015	2.08966 	-0.0780249 	-1.63355 	0.000708064 	-0.104468 	0.00347083 	
1.02	2.08871 	-0.077156 	-1.63578 	0.000757178 	-0.104518 	0.00346633 	
1.025	2.0898 	-0.0775217 	-1.63571 	0.000734645 	-0.104576 	0.00345498 	
1.03	2.09075 	-0.0778748 	-1.63556 	0.000712694 	-0.104629 	0.00344341 	
1.035	2.08979 	-0.0770076 	-1.6378 	0.00076211 	-0.104679 	0.00343925 	
1.04	2.09089 	-0.0773764 	-1.63774 	0.000739348 	-0.104737 	0.00342773 	
1.045	2.09185 	-0.0777324 	-1.63758 	0.000717174 	-0.10479 	0.00341598 	
1.05	2.09088 	-0.0768674 	-1.63983 	0.000766867 	-0.10484 	0.00341216 	
1.055	2.09198 	-0.0772393 	-1.63977 	0.000743874 	-0.104899 	0.00340047 	
1.06	2.09295 	-0.0775982 	-1.63962 	0.000721476 	-0.104953 	0.00338855 	
1.065	2.09198 	-0.076736 	-1.64188 	0.000771424 	-0.105003 	0.00338507 	
1.07	2.09308 	-0.0771109 	-1.64182 	0.000748201 	-0.105062 	0.00337321 	
1.075	2.09406 	-0.0774728 	-1.64166 	0.00072558 	-0.105116 	0.00336111 	
1.08	2.09308 	-0.0766139 	-1.64394 	0.000775759 	-0.105166 	0.00335799 	
1.085	2.09419 	-0.0769918 	-1.64388 	0.000752308 	-0.105226 	0.00334595 	
1.09	2.09517 	-0.0773565 	-1.64372 	0.000729465 	-0.10528 	0.00333367 	
1.095	2.09418 	-0.0765014 	-1.64601 	0.000779854 	-0.105331 	0.00333091 	
1.1	2.0953 	-0.0768822 	-1.64595 	0.000756177 	-0.10539 	0.00331871 	
1.105	2.09628 	-0.0772497 	-1.64579 	0.000733115 	-0.105444 	0.00330625 	
1.11	2.09529 	-0.0763989 	-1.64809 	0.000783693 	-0.105495 	0.00330385 	
1.115	2.09641 	-0.0767826 	-1.64803 	0.000759794 	-0.105555 	0.00329148 	
1.12	2.0974 	-0.0771528 	-1.64787 	0.000736517 	-0.10561 	0.00327884 	
1.125	2.0964 	-0.0763067 	-1.65018 	0.000787263 	-0.105661 	0.00327682 	
1.13	2.09753 	-0.0766931 	-1.65012 	0.000763146 	-0.105721 	0.00326427 	
1.135	2.09852 	-0.0770661 	-1.64995 	0.000739657 	-0.105776 	0.00325147 	
1.14	2.09752 	-0.076225 	-1.65227 	0.000790552 	-0.105827 	0.00324981 	
1.145	2.09865 	-0.0766142 	-1.65221 	0.000766221 	-0.105887 	0.0032371 	
1.15	2.09964 	-0.0769897 	-1.65205 	0.000742525 	-0.105942 	0.00322412 	
1.155	2.09863 	-0.0761542 	-1.65437 	0.000793549 	-0.105993 	0.00322285 	
1.16	2.09977 	-0.0765459 	-1.65431 	0.00076901 	-0.106054 	0.00320997 	
1.165	2.10077 	-0.0769239 	-1.65415 	0.000745112 	-0.106109 	0.00319683 	
1.17	2.09975 	-0.0760943 	-1.65648 	0.000796244 	-0.10616 	0.00319594 	
1.175	2.10089 	-0.0764885 	-1.65642 	0.000771503 	-0.106221 	0.0031829 	
1.18	2.10189 	-0.0768689 	-1.65625 	0.000747409 	-0.106276 	0.00316959 	
1.185	2.10088 	-0.0760456 	-1.65859 	0.00079863 	-0.106327 	0.00316909 	
1.19	2.10202 	-0.0764422 	-1.65853 	0.000773693 	-0.106388 	0.00315589 	
1.195	2.10302 	-0.0768249 	-1.65836 	0.000749409 	-0.106443 	0.00314242 	
1.2	2.102 	-0.0760083 	-1.6607 	0.000800699 	-0.106495 	0.00314231 	
1.205	2.10314 	-0.0764072 	-1.66064 	0.000775572 	-0.106556 	0.00312896 	
1.21	2.10415 	-0.076792 	-1.66047 	0.000751104 	-0.106611 	0.00311532 	
1.215	2.10312 	-0.0759825 	-1.66282 	0.000802445 	-0.106663 	0.00311561 	
1.22	2.10427 	-0.0763835 	-1.66276 	0.000777134 	-0.106723 	0.00310211 	
1.225	2.10528 	-0.0767704 	-1.66259 	0.000752488 	-0.106779 	0.00308832 	
1.23	2.10425 	-0.0759682 	-1.66494 	0.000803861 	-0.10683 	0.003089 	
1.235	2.10539 	-0.0763713 	-1.66487 	0.000778374 	-0.106891 	0.00307535 	
1.24	2.1064 	-0.0767601 	-1.66471 	0.000753557 	-0.106947 	0.00306141 	
1.245	2.10537 	-0.0759657 	-1.66706 	0.000804942 	-0.106999 	0.0030625 	
1.25	2.10652 	-0.0763706 	-1.66699 	0.000779286 	-0.10706 	0.0030487 	
1.255	2.10753 	-0.0767612 	-1.66683 	0.000754305 	-0.107115 	0.00303461 	
1.26	2.10649 	-0.0759749 	-1.66918 	0.000805683 	-0.107167 	0.0030361 	
1.265	2.10764 	-0.0763816 	-1.66911 	0.000779865 	-0.107228 	0.00302217 	
1.27	2.10865 	-0.0767739 	-1.66894 	0.000754727 	-0.107283 	0.00300794 	
1.275	2.10762 	-0.0759959 	-1.67129 	0.000806079 	-0.107335 	0.00300983 	
1.28	2.10877 	-0.0764042 	-1.67123 	0.000780108 	-0.107396 	0.00299576 	
1.285	2.10978 	-0.0767981 	-1.67106 	0.000754821 	-0.107451 	0.00298139 	
1.29	2.10874 	-0.0760288 	-1.67341 	0.000806128 	-0.107503 	0.00298369 	
1.295	2.10989 	-0.0764386 	-1.67335 	0.000780011 	-0.107564 	0.00296949 	
1.3	2.1109 	-0.076834 	-1.67318 	0.000754583 	-0.107619 	0.00295498 	
1.305	2.10986 	-0.0760736 	-1.67553 	0.000805826 	-0.107671 	0.00295769 	
1.31	2.111 	-0.0764848 	-1.67547 	0.00077957 	-0.107732 	0.00294336 	
1.315	2.11201 	-0.0768815 	-1.6753 	0.000754008 	-0.107787 	0.00292873 	
1.32	2.11097 	-0.0761303 	-1.67764 	0.000805169 	-0.107838 	0.00293184 	
1.325	2.11212 	-0.0765427 	-1.67758 	0.000778784 	-0.107899 	0.00291739 	
1.33	2.11313 	-0.0769406 	-1.67741 	0.000753096 	-0.107954 	0.00290263 	
1.335	2.11209 	-0.0761989 	-1.67975 	0.000804155 	-0.108006 	0.00290615 	
1.34	2.11323 	-0.0766124 	-1.67969 	0.000777649 	-0.108066 	0.00289158 	
1.345	2.11424 	-0.0770113 	-1.67951 	0.000751845 	-0.108122 	0.0028767 	
1.35	2.1132 	-0.0762794 	-1.68185 	0.000802783 	-0.108173 	0.00288062 	
1.355	2.11434 	-0.0766939 	-1.68179 	0.000776164 	-0.108233 	0.00286594 	
1.36	2.11535 	-0.0770937 	-1.68162 	0.000750251 	-0.108288 	0.00285095 	
1.365	2.11431 	-0.0763717 	-1.68395 	0.00080105 	-0.10834 	0.00285528 	
1.37	2.11545 	-0.076787 	-1.68389 	0.000774328 	-0.1084 	0.00284049 	
1.375	2.11645 	-0.0771876 	-1.68371 	0.000748315 	-0.108455 	0.00282539 	
1.38	2.11541 	-0.0764758 	-1.68604 	0.000798955 	-0.108506 	0.00283011 	
1.385	2.11655 	-0.0768918 	-1.68598 	0.000772139 	-0.108566 	0.00281522 	
1.39	2.11755 	-0.077293 	-1.68581 	0.000746035 	-0.108621 	0.00280003 	
1.395	2.11651 	-0.0765916 	-1.68813 	0.000796499 	-0.108672 	0.00280514 	
1.4	2.11764 	-0.0770081 	-1.68806 	0.000769597 	-0.108732 	0.00279016 	
1.405	2.11864 	-0.0774098 	-1.68789 	0.000743411 	-0.108786 	0.00277487 	
1.41	2.1176 	-0.076719 	-1.6902 	0.000793679 	-0.108837 	0.00278037 	
1.415	2.11873 	-0.0771359 	-1.69014 	0.000766702 	-0.108897 	0.0027653 	
1.42	2.11973 	-0.077538 	-1.68996 	0.000740442 	-0.108951 	0.00274992 	
1.425	2.11869 	-0.076858 	-1.69227 	0.000790497 	-0.109001 	0.00275581 	
1.43	2.11982 	-0.0772751 	-1.6922 	0.000763454 	-0.109061 	0.00274065 	
1.435	2.12081 	-0.0776774 	-1.69203 	0.00073713 	-0.109115 	0.00272519 	
1.44	2.11978 	-0.0770084 	-1.69433 	0.000786953 	-0.109165 	0.00273146 	
1.445	2.1209 	-0.0774256 	-1.69426 	0.000759853 	-0.109224 	0.00271623 	
1.45	2.12188 	-0.0778279 	-1.69409 	0.000733475 	-0.109278 	0.00270069 	
1.455	2.12085 	-0.0771701 	-1.69637 	0.000783047 	-0.109328 	0.00270734 	
1.46	2.12197 	-0.0775872 	-1.6963 	0.000755902 	-0.109387 	0.00269203 	
1.465	2.12295 	-0.0779894 	-1.69613 	0.000729479 	-0.109441 	0.00267642 	
1.47	2.12192 	-0.0773429 	-1.69841 	0.000778782 	-0.109491 	0.00268344 	
1.475	2.12303 	-0.0777598 	-1.69834 	0.0007516 	-0.109549 	0.00266807 	
1.48	2.12401 	-0.0781618 	-1.69817 	0.000725142 	-0.109603 	0.0026524 	
1.485	2.12299 	-0.0775267 	-1.70043 	0.000774158 	-0.109652 	0.00265978 	
1.49	2.12409 	-0.0779432 	-1.70036 	0.00074695 	-0.10971 	0.00264435 	
1.495	2.12507 	-0.0783448 	-1.70019 	0.000720467 	-0.109763 	0.00262862 	
1.5	2.12405 	-0.0777213 	-1.70244 	0.000769178 	-0.109813 	0.00263636 	
1.505	2.12514 	-0.0781372 	-1.70237 	0.000741954 	-0.109871 	0.00262088 	
1.51	2.12611 	-0.0785383 	-1.7022 	0.000715457 	-0.109923 	0.0026051 	
1.515	2.1251 	-0.0779265 	-1.70443 	0.000763844 	-0.109972 	0.00261318 	
1.52	2.12619 	-0.0783417 	-1.70437 	0.000736616 	-0.11003 	0.00259765 	
1.525	2.12715 	-0.0787421 	-1.70419 	0.000710113 	-0.110082 	0.00258184 	
1.53	2.12614 	-0.0781421 	-1.70642 	0.00075816 	-0.110131 	0.00259026 	
1.535	2.12722 	-0.0785565 	-1.70635 	0.000730937 	-0.110188 	0.00257469 	
1.54	2.12818 	-0.0789561 	-1.70618 	0.00070444 	-0.11024 	0.00255885 	
1.545	2.12718 	-0.0783679 	-1.70838 	0.000752129 	-0.110288 	0.00256759 	
1.55	2.12825 	-0.0787813 	-1.70831 	0.000724922 	-0.110345 	0.00255199 	
1.555	2.1292 	-0.0791799 	-1.70814 	0.000698442 	-0.110397 	0.00253612 	
1.56	2.1282 	-0.0786037 	-1.71033 	0.000745754 	-0.110444 	0.00254518 	
1.565	2.12927 	-0.0790159 	-1.71026 	0.000718574 	-0.110501 	0.00252956 	
1.57	2.13021 	-0.0794134 	-1.71009 	0.000692121 	-0.110552 	0.00251367 	
1.575	2.12922 	-0.0788492 	-1.71226 	0.000739039 	-0.110599 	0.00252304 	
1.58	2.13028 	-0.0792601 	-1.71219 	0.000711898 	-0.110655 	0.0025074 	
1.585	2.13121 	-0.0796562 	-1.71202 	0.000685483 	-0.110706 	0.0024915 	
1.59	2.13023 	-0.0791041 	-1.71418 	0.00073199 	-0.110753 	0.00250117 	
1.595	2.13128 	-0.0795135 	-1.71411 	0.000704899 	-0.110809 	0.00248552 	
1.6	2.13221 	-0.0799083 	-1.71394 	0.000678532 	-0.110859 	0.00246961 	
1.605	2.13123 	-0.0793683 	-1.71608 	0.000724612 	-0.110906 	0.00247956 	
1.61	2.13227 	-0.079776 	-1.716 	0.000697581 	-0.110961 	0.00246392 	
1.615	2.13319 	-0.0801692 	-1.71584 	0.000671274 	-0.111011 	0.00244802 	
1.62	2.13222 	-0.0796414 	-1.71796 	0.000716908 	-0.111057 	0.00245824 	
1.625	2.13325 	-0.0800473 	-1.71788 	0.00068995 	-0.111112 	0.0024426 	
1.63	2.13417 	-0.0804387 	-1.71771 	0.000663714 	-0.111161 	0.00242671 	
1.635	2.13495 	-0.0807888 	-1.71747 	0.000639916 	-0.111205 	0.00241176 	
1.64	2.13343 	-0.0799883 	-1.72027 	0.000707419 	-0.11125 	0.00243103 	
1.645	2.13454 	-0.0803928 	-1.72028 	0.000680668 	-0.111307 	0.00241611 	
1.65	2.13548 	-0.0807866 	-1.72015 	0.000654299 	-0.111358 	0.00240035 	
1.655	2.13448 	-0.080262 	-1.72229 	0.000700882 	-0.111403 	0.00241189 	
1.66	2.13549 	-0.0806665 	-1.72222 	0.000673928 	-0.111456 	0.00239619 	
1.665	2.13639 	-0.0810568 	-1.72205 	0.000647669 	-0.111505 	0.00238022 	
1.67	2.13716 	-0.0814058 	-1.72181 	0.000623862 	-0.111548 	0.00236519 	
1.675	2.13567 	-0.0806441 	-1.72455 	0.000689833 	-0.111592 	0.00238509 	
1.68	2.13675 	-0.0810459 	-1.72456 	0.000663152 	-0.111648 	0.0023701 	
1.685	2.13767 	-0.0814372 	-1.72442 	0.000636855 	-0.111697 	0.00235429 	
1.69	2.13842 	-0.0817837 	-1.72418 	0.000613162 	-0.111739 	0.00233928 	
1.695	2.13691 	-0.0810216 	-1.72694 	0.000680035 	-0.111782 	0.00236023 	
1.7	2.13798 	-0.0814226 	-1.72695 	0.000653365 	-0.111838 	0.00234523 	
1.705	2.13889 	-0.0818133 	-1.72682 	0.000627058 	-0.111887 	0.00232938 	
1.71	2.13964 	-0.0821591 	-1.72657 	0.000603365 	-0.111928 	0.00231433 	
1.715	2.13814 	-0.0814197 	-1.72929 	0.000669267 	-0.111971 	0.00233555 	
1.72	2.13919 	-0.0818191 	-1.7293 	0.000642649 	-0.112025 	0.00232052 	
1.725	2.14009 	-0.0822081 	-1.72917 	0.000616398 	-0.112074 	0.00230465 	
1.73	2.14083 	-0.0825527 	-1.72892 	0.000592751 	-0.112115 	0.0022896 	
1.735	2.13935 	-0.0818376 	-1.7316 	0.000657488 	-0.112157 	0.00231102 	
1.74	2.14039 	-0.0822344 	-1.7316 	0.000630981 	-0.11221 	0.00229597 	
1.745	2.14127 	-0.082621 	-1.73147 	0.000604844 	-0.112258 	0.00228013 	
1.75	2.142 	-0.0829634 	-1.73123 	0.000581293 	-0.112298 	0.00226511 	
1.755	2.14055 	-0.0822725 	-1.73386 	0.000644833 	-0.112339 	0.00228669 	
1.76	2.14156 	-0.082666 	-1.73385 	0.000618488 	-0.112392 	0.00227168 	
1.765	2.14244 	-0.0830494 	-1.73372 	0.000592513 	-0.112439 	0.0022559 	
1.77	2.14315 	-0.0833891 	-1.73348 	0.000569104 	-0.112479 	0.00224095 	
1.775	2.14173 	-0.0827219 	-1.73606 	0.000631426 	-0.112519 	0.00226266 	
1.78	2.14272 	-0.0831115 	-1.73606 	0.000605286 	-0.112571 	0.00224771 	
1.785	2.14358 	-0.0834911 	-1.73593 	0.000579516 	-0.112617 	0.00223202 	
1.79	2.14428 	-0.0838276 	-1.73569 	0.000556286 	-0.112656 	0.00221716 	
1.795	2.14288 	-0.0831837 	-1.73822 	0.000617365 	-0.112696 	0.00223898 	
1.8	2.14386 	-0.0835689 	-1.73821 	0.000591468 	-0.112747 	0.00222411 	
1.805	2.1447 	-0.0839441 	-1.73808 	0.000565939 	-0.112792 	0.00220853 	
1.81	2.14539 	-0.0842769 	-1.73785 	0.000542922 	-0.11283 	0.0021938 	
1.815	2.14402 	-0.0836562 	-1.74033 	0.000602729 	-0.112869 	0.00221568 	
1.82	2.14497 	-0.0840364 	-1.74032 	0.00057711 	-0.112919 	0.00220093 	
1.825	2.1458 	-0.0844069 	-1.74018 	0.000551855 	-0.112963 	0.00218549 	
1.83	2.14648 	-0.0847355 	-1.73996 	0.000529081 	-0.113001 	0.00217089 	
1.835	2.14514 	-0.0841376 	-1.74238 	0.000587584 	-0.113039 	0.00219281 	
1.84	2.14607 	-0.0845125 	-1.74237 	0.000562273 	-0.113088 	0.00217818 	
1.845	2.14688 	-0.0848777 	-1.74224 	0.000537323 	-0.113131 	0.0021629 	
1.85	2.14755 	-0.0852019 	-1.74202 	0.000514818 	-0.113168 	0.00214847 	
1.855	2.14623 	-0.0846266 	-1.74439 	0.000571986 	-0.113206 	0.00217037 	
1.86	2.14714 	-0.0849957 	-1.74437 	0.000547012 	-0.113253 	0.00215589 	
1.865	2.14793 	-0.0853554 	-1.74424 	0.000522394 	-0.113295 	0.00214079 	
1.87	2.14859 	-0.0856748 	-1.74402 	0.000500185 	-0.113332 	0.00212654 	
1.875	2.14731 	-0.0851218 	-1.74634 	0.000555983 	-0.113368 	0.00214839 	
1.88	2.14819 	-0.0854847 	-1.74632 	0.000531373 	-0.113415 	0.00213408 	
1.885	2.14897 	-0.0858385 	-1.74619 	0.000507112 	-0.113456 	0.00211917 	
1.89	2.14961 	-0.0861528 	-1.74598 	0.000485223 	-0.113492 	0.00210512 	
1.895	2.14836 	-0.0856219 	-1.74824 	0.000539617 	-0.113528 	0.00212687 	
1.9	2.14922 	-0.0859784 	-1.74821 	0.000515396 	-0.113573 	0.00211274 	
1.905	2.14998 	-0.086326 	-1.74809 	0.000491519 	-0.113613 	0.00209805 	
1.91	2.15061 	-0.0866348 	-1.74788 	0.000469971 	-0.113648 	0.00208422 	
1.915	2.14939 	-0.0861258 	-1.75008 	0.000522927 	-0.113683 	0.00210582 	
1.92	2.15023 	-0.0864755 	-1.75006 	0.00049912 	-0.113727 	0.00209189 	
1.925	2.15097 	-0.0868165 	-1.74993 	0.000475651 	-0.113766 	0.00207743 	
1.93	2.15159 	-0.0871196 	-1.74973 	0.000454466 	-0.1138 	0.00206383 	
1.935	2.1504 	-0.0866322 	-1.75187 	0.000505951 	-0.113835 	0.00208523 	
1.94	2.15122 	-0.0869748 	-1.75184 	0.00048258 	-0.113877 	0.00207152 	
1.945	2.15194 	-0.087309 	-1.75172 	0.000459542 	-0.113916 	0.00205731 	
1.95	2.15254 	-0.0876062 	-1.75153 	0.000438742 	-0.113949 	0.00204395 	
1.955	2.1531 	-0.0878785 	-1.75133 	0.000419563 	-0.11398 	0.00203155 	
1.96	2.15155 	-0.0872284 	-1.75391 	0.000486236 	-0.114013 	0.00206112 	
1.965	2.1524 	-0.0875633 	-1.75394 	0.000463483 	-0.114057 	0.00204823 	
1.97	2.15312 	-0.0878931 	-1.75385 	0.000440775 	-0.114095 	0.00203439 	
1.975	2.1537 	-0.0881837 	-1.75366 	0.000420394 	-0.114127 	0.00202127 	
1.98	2.15425 	-0.0884502 	-1.75346 	0.000401602 	-0.114157 	0.0020091 	
1.985	2.15271 	-0.0878187 	-1.756 	0.000467283 	-0.114189 	0.00203884 	
1.99	2.15354 	-0.088147 	-1.75603 	0.000444946 	-0.114231 	0.00202614 	
1.995	2.15424 	-0.0884705 	-1.75594 	0.000422636 	-0.114268 	0.00201252 	
2	2.15481 	-0.0887557 	-1.75575 	0.000402611 	-0.1143 	0.00199962 	
2.005	2.15534 	-0.0890171 	-1.75556 	0.000384148 	-0.114329 	0.00198766 	
2.01	2.15386 	-0.0884211 	-1.758 	0.0004472 	-0.114359 	0.0020167 	
2.015	2.15465 	-0.0887414 	-1.75802 	0.000425359 	-0.1144 	0.00200421 	
2.02	2.15533 	-0.089057 	-1.75794 	0.00040355 	-0.114436 	0.00199086 	
2.025	2.15587 	-0.0893356 	-1.75775 	0.000383964 	-0.114466 	0.00197824 	
2.03	2.15639 	-0.089591 	-1.75757 	0.000365904 	-0.114494 	0.00196653 	
2.035	2.15497 	-0.089031 	-1.75991 	0.00042615 	-0.114524 	0.00199474 	
2.04	2.15573 	-0.089342 	-1.75992 	0.00040489 	-0.114563 	0.00198251 	
2.045	2.15638 	-0.0896486 	-1.75983 	0.000383667 	-0.114597 	0.00196948 	
2.05	2.15691 	-0.0899195 	-1.75966 	0.000364596 	-0.114626 	0.0019572 	
2.055	2.15741 	-0.0901679 	-1.75948 	0.000347011 	-0.114654 	0.0019458 	
2.06	2.15606 	-0.0896431 	-1.76171 	0.000404409 	-0.114682 	0.00197311 	
2.065	2.15678 	-0.0899438 	-1.76172 	0.0003838 	-0.114719 	0.00196118 	
2.07	2.1574 	-0.0902404 	-1.76163 	0.000363232 	-0.114752 	0.00194853 	
2.075	2.15791 	-0.0905028 	-1.76147 	0.000344739 	-0.11478 	0.00193663 	
2.08	2.15839 	-0.0907434 	-1.7613 	0.000327687 	-0.114807 	0.00192558 	
2.085	2.15884 	-0.0909638 	-1.76113 	0.00031197 	-0.114831 	0.00191533 	
2.09	2.15724 	-0.0903322 	-1.76365 	0.000379875 	-0.114858 	0.00194883 	
2.095	2.15797 	-0.0906217 	-1.7637 	0.000360117 	-0.114895 	0.00193774 	
2.1	2.15858 	-0.0909097 	-1.76364 	0.000340169 	-0.114927 	0.0019256 	
2.105	2.15907 	-0.0911625 	-1.76348 	0.000322324 	-0.114954 	0.0019141 	
2.11	2.15952 	-0.0913944 	-1.76332 	0.000305869 	-0.114979 	0.00190343 	
2.115	2.15995 	-0.0916069 	-1.76316 	0.000290701 	-0.115003 	0.00189354 	
2.12	2.15842 	-0.0910133 	-1.76556 	0.000355504 	-0.115028 	0.00192604 	
2.125	2.1591 	-0.0912913 	-1.76561 	0.000336487 	-0.115063 	0.00191528 	
2.13	2.15969 	-0.0915682 	-1.76555 	0.000317279 	-0.115093 	0.00190356 	
2.135	2.16015 	-0.0918116 	-1.7654 	0.000300086 	-0.115119 	0.00189249 	
2.14	2.16059 	-0.0920349 	-1.76525 	0.000284231 	-0.115143 	0.00188222 	
2.145	2.161 	-0.0922395 	-1.76509 	0.000269615 	-0.115165 	0.00187269 	
2.15	2.15957 	-0.0916964 	-1.76734 	0.00032993 	-0.115189 	0.00190337 	
2.155	2.1602 	-0.0919611 	-1.76737 	0.000311772 	-0.115221 	0.00189299 	
2.16	2.16075 	-0.0922249 	-1.76731 	0.000293441 	-0.11525 	0.00188178 	
2.165	2.16119 	-0.0924573 	-1.76717 	0.000277014 	-0.115274 	0.00187121 	
2.17	2.1616 	-0.0926705 	-1.76703 	0.000261865 	-0.115297 	0.00186141 	
2.175	2.16199 	-0.092866 	-1.76689 	0.000247898 	-0.115318 	0.00185231 	
2.18	2.16236 	-0.093045 	-1.76674 	0.000235028 	-0.115338 	0.00184388 	
2.185	2.16078 	-0.0924424 	-1.76914 	0.000301388 	-0.11536 	0.00187849 	
2.19	2.1614 	-0.0926918 	-1.7692 	0.000284328 	-0.115391 	0.00186897 	
2.195	2.16192 	-0.0929426 	-1.76915 	0.000266922 	-0.115419 	0.00185841 	
2.2	2.16233 	-0.0931622 	-1.76903 	0.000251386 	-0.115441 	0.00184842 	
2.205	2.16272 	-0.0933638 	-1.7689 	0.000237057 	-0.115462 	0.00183915 	
2.21	2.16308 	-0.0935487 	-1.76877 	0.000223845 	-0.115482 	0.00183056 	
2.215	2.16342 	-0.0937181 	-1.76863 	0.000211667 	-0.115501 	0.00182259 	
2.22	2.16197 	-0.0931745 	-1.77083 	0.000272494 	-0.115521 	0.00185474 	
2.225	2.16253 	-0.0934074 	-1.77088 	0.000256511 	-0.115549 	0.00184571 	
2.23	2.16302 	-0.093642 	-1.77084 	0.000240206 	-0.115574 	0.00183578 	
2.235	2.1634 	-0.093848 	-1.77072 	0.000225632 	-0.115595 	0.00182643 	
2.24	2.16376 	-0.0940372 	-1.77061 	0.000212189 	-0.115615 	0.00181775 	
2.245	2.16409 	-0.0942107 	-1.77049 	0.00019979 	-0.115633 	0.00180971 	
2.25	2.16441 	-0.0943698 	-1.77037 	0.000188361 	-0.115651 	0.00180225 	
2.255	2.16471 	-0.0945156 	-1.77025 	0.000177828 	-0.115667 	0.00179533 	
2.26	2.16321 	-0.0939551 	-1.77246 	0.00024038 	-0.115685 	0.00182904 	
2.265	2.16374 	-0.0941685 	-1.77252 	0.000225759 	-0.115711 	0.00182088 	
2.27	2.16418 	-0.0943854 	-1.77249 	0.000210699 	-0.115734 	0.00181176 	
2.275	2.16453 	-0.0945752 	-1.77239 	0.000197275 	-0.115753 	0.00180317 	
2.28	2.16486 	-0.0947496 	-1.77229 	0.000184889 	-0.115771 	0.0017952 	
2.285	2.16516 	-0.0949097 	-1.77219 	0.000173464 	-0.115788 	0.0017878 	
2.29	2.16545 	-0.0950566 	-1.77208 	0.000162927 	-0.115803 	0.00178095 	
2.295	2.16572 	-0.0951912 	-1.77198 	0.000153214 	-0.115818 	0.00177459 	
2.3	2.16597 	-0.0953145 	-1.77187 	0.000144263 	-0.115832 	0.00176869 	
2.305	2.16621 	-0.0954274 	-1.77177 	0.000136017 	-0.115845 	0.00176322 	
2.31	2.16458 	-0.0948107 	-1.77411 	0.000204157 	-0.11586 	0.00180074 	
2.315	2.16506 	-0.0950014 	-1.77419 	0.000191169 	-0.115884 	0.00179374 	
2.32	2.16547 	-0.0951984 	-1.77419 	0.000177542 	-0.115905 	0.0017856 	
2.325	2.16578 	-0.0953695 	-1.7741 	0.000165467 	-0.115922 	0.00177789 	
2.33	2.16606 	-0.0955268 	-1.77402 	0.000154321 	-0.115937 	0.00177074 	
2.335	2.16633 	-0.0956714 	-1.77393 	0.000144034 	-0.115952 	0.00176411 	
2.34	2.16659 	-0.0958042 	-1.77385 	0.000134543 	-0.115966 	0.00175797 	
2.345	2.16682 	-0.0959261 	-1.77376 	0.000125787 	-0.115979 	0.00175227 	
2.35	2.16704 	-0.096038 	-1.77368 	0.000117713 	-0.115991 	0.00174698 	
2.355	2.16725 	-0.0961405 	-1.77359 	0.000110269 	-0.116002 	0.00174208 	
2.36	2.16745 	-0.0962345 	-1.77351 	0.000103407 	-0.116013 	0.00173753 	
2.365	2.16763 	-0.0963205 	-1.77342 	9.70848e-05 	-0.116023 	0.00173332 	
2.37	2.1678 	-0.0963993 	-1.77334 	9.1261e-05 	-0.116033 	0.00172941 	
2.375	2.16613 	-0.0957665 	-1.77567 	0.000160787 	-0.116044 	0.00176841 	
2.38	2.16655 	-0.0959276 	-1.77577 	0.000149903 	-0.116065 	0.00176275 	
2.385	2.1669 	-0.0960974 	-1.77579 	0.000138221 	-0.116083 	0.00175586 	
2.39	2.16715 	-0.096244 	-1.77573 	0.000127929 	-0.116096 	0.00174934 	
2.395	2.16739 	-0.096379 	-1.77567 	0.000118421 	-0.116109 	0.00174329 	
2.4	2.16761 	-0.0965034 	-1.77561 	0.000109638 	-0.116121 	0.00173768 	
2.405	2.16782 	-0.0966178 	-1.77555 	0.000101525 	-0.116132 	0.00173248 	
2.41	2.16801 	-0.0967232 	-1.77549 	9.40332e-05 	-0.116143 	0.00172766 	
2.415	2.16819 	-0.0968201 	-1.77543 	8.71149e-05 	-0.116152 	0.00172319 	
2.42	2.16836 	-0.0969092 	-1.77537 	8.07271e-05 	-0.116162 	0.00171905 	
2.425	2.16852 	-0.0969911 	-1.77531 	7.483e-05 	-0.11617 	0.00171521 	
2.43	2.16867 	-0.0970665 	-1.77526 	6.93862e-05 	-0.116178 	0.00171164 	
2.435	2.16881 	-0.0971358 	-1.7752 	6.43606e-05 	-0.116186 	0.00170834 	
2.44	2.16894 	-0.0971994 	-1.77515 	5.97229e-05 	-0.116193 	0.00170528 	
2.445	2.16906 	-0.0972579 	-1.77509 	5.54425e-05 	-0.1162 	0.00170244 	
2.45	2.16917 	-0.0973116 	-1.77504 	5.14921e-05 	-0.116206 	0.0016998 	
2.455	2.16928 	-0.097361 	-1.77499 	4.7847e-05 	-0.116212 	0.00169736 	
2.46	2.16938 	-0.0974063 	-1.77494 	4.44837e-05 	-0.116217 	0.0016951 	
2.465	2.16947 	-0.0974479 	-1.77489 	4.13804e-05 	-0.116223 	0.001693 	
2.47	2.16956 	-0.0974861 	-1.77485 	3.85167e-05 	-0.116227 	0.00169105 	
2.475	2.16964 	-0.0975212 	-1.7748 	3.5874e-05 	-0.116232 	0.00168925 	
2.48	2.16971 	-0.0975535 	-1.77476 	3.34349e-05 	-0.116236 	0.00168758 	
2.485	2.16978 	-0.0975831 	-1.77472 	3.11833e-05 	-0.11624 	0.00168603 	
2.49	2.16985 	-0.0976104 	-1.77468 	2.91043e-05 	-0.116244 	0.00168459 	
2.495	2.16991 	-0.0976354 	-1.77464 	2.71839e-05 	-0.116248 	0.00168326 	
2.5	2.16997 	-0.0976585 	-1.77461 	2.54095e-05 	-0.116251 	0.00168202 	
2.505	2.17002 	-0.0976798 	-1.77457 	2.37692e-05 	-0.116254 	0.00168087 	
2.51	2.17007 	-0.0976994 	-1.77454 	2.22514e-05 	-0.116257 	0.00167981 	
2.515	2.17012 	-0.0977176 	-1.77451 	2.08455e-05 	-0.116259 	0.00167883 	
2.52	2.17016 	-0.0977345 	-1.77449 	1.95439e-05 	-0.116262 	0.00167792 	
2.525	2.1702 	-0.09775 	-1.77446 	1.83388e-05 	-0.116264 	0.00167707 	
2.53	2.17024 	-0.0977644 	-1.77444 	1.7225e-05 	-0.116266 	0.00167629 	
2.535	2.17028 	-0.0977776 	-1.77442 	1.61986e-05 	-0.116268 	0.00167556 	
2.54	2.17031 	-0.0977897 	-1.7744 	1.52555e-05 	-0.11627 	0.0016749 	
2.545	2.17035 	-0.0978007 	-1.77438 	1.43922e-05 	-0.116272 	0.00167428 	
2.55	2.17038 	-0.0978106 	-1.77436 	1.36054e-05 	-0.116274 	0.00167371 	
2.555	2.17041 	-0.0978195 	-1.77434 	1.28921e-05 	-0.116275 	0.00167319 	
2.56	2.17045 	-0.0978274 	-1.77433 	1.22496e-05 	-0.116277 	0.00167272 	
2.565	2.17048 	-0.0978344 	-1.77431 	1.16753e-05 	-0.116279 	0.00167228 	
2.57	2.17052 	-0.0978404 	-1.7743 	1.11668e-05 	-0.11628 	0.00167188 	
2.575	2.16913 	-0.0963396 	-1.77622 	0.000116486 	-0.116284 	0.00169994 	
2.58	2.16936 	-0.0964689 	-1.77634 	0.000108279 	-0.116297 	0.00169646 	
2.585	2.16955 	-0.0966229 	-1.77639 	9.85183e-05 	-0.116306 	0.0016916 	
2.59	2.16968 	-0.0967545 	-1.7764 	9.01618e-05 	-0.116313 	0.00168712 	
2.595	2.16981 	-0.0968759 	-1.77641 	8.24538e-05 	-0.11632 	0.00168298 	
2.6	2.16994 	-0.0969876 	-1.77641 	7.53501e-05 	-0.116326 	0.00167916 	
2.605	2.17006 	-0.0970903 	-1.77642 	6.88099e-05 	-0.116332 	0.00167563 	
2.61	2.17018 	-0.0971847 	-1.77642 	6.27935e-05 	-0.116338 	0.00167237 	
2.615	2.1703 	-0.0972712 	-1.77643 	5.72657e-05 	-0.116344 	0.00166937 	
2.62	2.17041 	-0.0973505 	-1.77643 	5.2194e-05 	-0.116349 	0.0016666 	
2.625	2.17053 	-0.0974229 	-1.77643 	4.75466e-05 	-0.116355 	0.00166405 	
2.63	2.17064 	-0.0974891 	-1.77644 	4.32949e-05 	-0.11636 	0.00166171 	
2.635	2.17075 	-0.0975493 	-1.77644 	3.94123e-05 	-0.116365 	0.00165956 	
2.64	2.17142 	-0.0945172 	-1.77593 	0.00017647 	-0.116371 	0.00162709 	
2.645	2.17153 	-0.0947265 	-1.77593 	0.000164133 	-0.116378 	0.00162175 	
2.65	2.1716 	-0.0949671 	-1.77593 	0.000150072 	-0.116383 	0.00161579 	
2.655	2.17167 	-0.0951759 	-1.77591 	0.000137877 	-0.116388 	0.00161058 	
2.66	2.17174 	-0.095368 	-1.7759 	0.000126645 	-0.116392 	0.00160577 	
2.665	2.17182 	-0.0955447 	-1.77589 	0.000116309 	-0.116397 	0.00160134 	
2.67	2.1719 	-0.0957071 	-1.77588 	0.000106805 	-0.116401 	0.00159726 	
2.675	2.17198 	-0.0958562 	-1.77587 	9.80746e-05 	-0.116406 	0.0015935 	
2.68	2.1728 	-0.092865 	-1.77514 	0.000228947 	-0.116411 	0.00155497 	
2.685	2.17288 	-0.0931489 	-1.77513 	0.000212678 	-0.116418 	0.00154842 	
2.69	2.17293 	-0.0934569 	-1.77511 	0.00019505 	-0.116422 	0.00154141 	
2.695	2.17297 	-0.0937274 	-1.77508 	0.000179561 	-0.116426 	0.00153521 	
2.7	2.17303 	-0.0939764 	-1.77506 	0.000165296 	-0.11643 	0.00152949 	
2.705	2.17309 	-0.0942054 	-1.77504 	0.000152169 	-0.116435 	0.00152422 	
2.71	2.17316 	-0.0944159 	-1.77502 	0.000140098 	-0.116439 	0.00151937 	
2.715	2.17405 	-0.0912071 	-1.77419 	0.000279742 	-0.116444 	0.00147636 	
2.72	2.17412 	-0.0915571 	-1.77418 	0.000259874 	-0.116451 	0.0014686 	
2.725	2.17415 	-0.0919298 	-1.77415 	0.000238714 	-0.116455 	0.00146039 	
2.73	2.17419 	-0.0922586 	-1.77411 	0.00022004 	-0.116459 	0.00145311 	
2.735	2.17423 	-0.0925614 	-1.77408 	0.00020284 	-0.116463 	0.0014464 	
2.74	2.17429 	-0.0928399 	-1.77405 	0.000187009 	-0.116468 	0.00144021 	
2.745	2.17518 	-0.0896523 	-1.77319 	0.000325042 	-0.116473 	0.00139553 	
2.75	2.17525 	-0.0900626 	-1.77317 	0.000301851 	-0.11648 	0.00138658 	
2.755	2.17527 	-0.0904913 	-1.77314 	0.000277595 	-0.116484 	0.00137726 	
2.76	2.1753 	-0.0908716 	-1.77309 	0.000256079 	-0.116489 	0.00136896 	
2.765	2.17535 	-0.0912217 	-1.77305 	0.00023626 	-0.116493 	0.00136131 	
2.77	2.17618 	-0.0882974 	-1.77224 	0.000361923 	-0.116498 	0.00131757 	
2.775	2.17623 	-0.0887587 	-1.77221 	0.00033589 	-0.116505 	0.00130758 	
2.78	2.17626 	-0.0892316 	-1.77216 	0.000309178 	-0.11651 	0.00129735 	
2.785	2.17629 	-0.0896535 	-1.77211 	0.000285349 	-0.116514 	0.0012882 	
2.79	2.17634 	-0.090042 	-1.77207 	0.000263398 	-0.116519 	0.00127976 	
2.795	2.17723 	-0.0868906 	-1.77118 	0.000398806 	-0.116525 	0.0012324 	
2.8	2.1773 	-0.0873982 	-1.77115 	0.000370205 	-0.116532 	0.00122143 	
2.805	2.17733 	-0.0879176 	-1.7711 	0.000340909 	-0.116537 	0.00121023 	
2.81	2.17736 	-0.088381 	-1.77105 	0.000314768 	-0.116542 	0.00120021 	
2.815	2.17814 	-0.0857092 	-1.77026 	0.000428149 	-0.116548 	0.00115607 	
2.82	2.17819 	-0.0862596 	-1.77021 	0.000397142 	-0.116555 	0.0011442 	
2.825	2.17822 	-0.0868128 	-1.77016 	0.000365964 	-0.11656 	0.00113228 	
2.83	2.17826 	-0.0873092 	-1.7701 	0.000337984 	-0.116565 	0.00112155 	
2.835	2.17907 	-0.084534 	-1.76927 	0.000455667 	-0.116571 	0.00107532 	
2.84	2.17913 	-0.0851195 	-1.76922 	0.00042271 	-0.116579 	0.00106269 	
2.845	2.17916 	-0.0857069 	-1.76916 	0.000389624 	-0.116585 	0.00105003 	
2.85	2.1792 	-0.0862342 	-1.7691 	0.00035992 	-0.11659 	0.00103864 	
2.855	2.18006 	-0.0833022 	-1.76823 	0.000484309 	-0.116597 	0.000989758 	
2.86	2.18013 	-0.0839236 	-1.76818 	0.000449351 	-0.116605 	0.000976345 	
2.865	2.18017 	-0.0845468 	-1.76812 	0.000414268 	-0.116611 	0.000962907 	
2.87	2.18021 	-0.0851062 	-1.76805 	0.000382771 	-0.116617 	0.00095081 	
2.875	2.18112 	-0.0820163 	-1.76713 	0.000513907 	-0.116624 	0.000899245 	
2.88	2.1812 	-0.082675 	-1.76708 	0.000476881 	-0.116632 	0.000885013 	
2.885	2.18124 	-0.0833351 	-1.76702 	0.000439738 	-0.116639 	0.000870764 	
2.89	2.18128 	-0.0839276 	-1.76695 	0.000406389 	-0.116645 	0.000857938 	
2.895	2.18224 	-0.0806837 	-1.76598 	0.000544097 	-0.116652 	0.000803704 	
2.9	2.18232 	-0.0813803 	-1.76593 	0.000504961 	-0.116662 	0.00078863 	
2.905	2.18237 	-0.082078 	-1.76586 	0.00046572 	-0.116669 	0.00077355 	
2.91	2.18241 	-0.0827043 	-1.76579 	0.000430485 	-0.116676 	0.000759977 	
2.915	2.18341 	-0.0793107 	-1.76477 	0.000574581 	-0.116683 	0.000703108 	
2.92	2.1835 	-0.0800456 	-1.76473 	0.000533315 	-0.116693 	0.000687177 	
2.925	2.18355 	-0.0807813 	-1.76466 	0.00049196 	-0.116701 	0.000671255 	
2.93	2.18435 	-0.078246 	-1.76381 	0.000596975 	-0.116707 	0.000621302 	
2.935	2.18441 	-0.0790178 	-1.76375 	0.000553622 	-0.116716 	0.000604579 	
2.94	2.18445 	-0.0797765 	-1.76367 	0.000510973 	-0.116724 	0.00058814 	
2.945	2.18525 	-0.0772562 	-1.76282 	0.000615115 	-0.116731 	0.000537576 	
2.95	2.18531 	-0.0780517 	-1.76276 	0.000570442 	-0.11674 	0.000520313 	
2.955	2.18536 	-0.0788325 	-1.76268 	0.000526569 	-0.116748 	0.000503371 	
2.96	2.18618 	-0.0762452 	-1.7618 	0.000633532 	-0.116756 	0.000451429 	
2.965	2.18626 	-0.077064 	-1.76174 	0.000587568 	-0.116765 	0.000433631 	
2.97	2.18631 	-0.0778675 	-1.76166 	0.000542431 	-0.116774 	0.000416168 	
2.975	2.18715 	-0.0752075 	-1.76076 	0.000652474 	-0.116781 	0.000362775 	
2.98	2.18723 	-0.0760501 	-1.7607 	0.000605186 	-0.116791 	0.000344427 	
2.985	2.18729 	-0.076877 	-1.76062 	0.000558752 	-0.1168 	0.000326427 	
2.99	2.18816 	-0.0741459 	-1.7597 	0.000671801 	-0.116808 	0.000271585 	
2.995	2.18824 	-0.0750129 	-1.75963 	0.000623163 	-0.116818 	0.000252673 	
3	2.1883 	-0.0758636 	-1.75955 	0.000575407 	-0.116827 	0.000234126 	
3.005	2.18919 	-0.0730636 	-1.75861 	0.000691366 	-0.116835 	0.00017785 	
3.01	2.18929 	-0.0739552 	-1.75854 	0.000641362 	-0.116846 	0.000158366 	
3.015	2.18935 	-0.07483 	-1.75846 	0.000592272 	-0.116855 	0.000139263 	
3.02	2.19026 	-0.0719633 	-1.75749 	0.000711044 	-0.116864 	8.15727e-05 	
3.025	2.19036 	-0.0728797 	-1.75743 	0.00065967 	-0.116875 	6.15114e-05 	
3.03	2.19043 	-0.0737786 	-1.75735 	0.00060924 	-0.116885 	4.18481e-05 	
3.035	2.19136 	-0.0708473 	-1.75636 	0.000730738 	-0.116893 	-1.72338e-05 	
3.04	2.19146 	-0.0717884 	-1.75629 	0.000677993 	-0.116905 	-3.7875e-05 	
3.045	2.19153 	-0.0727114 	-1.75621 	0.000626227 	-0.116915 	-5.80999e-05 	
3.05	2.19249 	-0.0697176 	-1.75519 	0.000750366 	-0.116923 	-0.000118548 	
3.055	2.1926 	-0.0706834 	-1.75513 	0.000696257 	-0.116935 	-0.000139769 	
3.06	2.19267 	-0.0716304 	-1.75505 	0.000643163 	-0.116945 	-0.000160555 	
3.065	2.19364 	-0.0685761 	-1.75401 	0.000769861 	-0.116954 	-0.000222341 	
3.07	2.19376 	-0.0695663 	-1.75395 	0.000714401 	-0.116967 	-0.000244141 	
3.075	2.19383 	-0.0705371 	-1.75386 	0.000659992 	-0.116977 	-0.000265485 	
3.08	2.19483 	-0.0674242 	-1.75281 	0.000789169 	-0.116986 	-0.000328579 	
3.085	2.19494 	-0.0684386 	-1.75274 	0.000732375 	-0.116999 	-0.000350953 	
3.09	2.19502 	-0.0694329 	-1.75266 	0.000676667 	-0.117009 	-0.000372853 	
3.095	2.19603 	-0.0662634 	-1.75158 	0.000808246 	-0.117018 	-0.000437222 	
3.1	2.19615 	-0.0673016 	-1.75152 	0.000750136 	-0.117031 	-0.000460167 	
3.105	2.19623 	-0.068319 	-1.75143 	0.000693149 	-0.117042 	-0.000482617 	
3.11	2.19726 	-0.0650949 	-1.75034 	0.000827052 	-0.117052 	-0.000548228 	
3.115	2.19739 	-0.0661566 	-1.75027 	0.00076765 	-0.117065 	-0.000571738 	
3.12	2.19747 	-0.0671968 	-1.75019 	0.000709407 	-0.117076 	-0.000594732 	
3.125	2.19852 	-0.0639199 	-1.74907 	0.000845557 	-0.117086 	-0.00066155 	
3.13	2.19865 	-0.0650046 	-1.74901 	0.000784887 	-0.117099 	-0.000685618 	
3.135	2.19873 	-0.0660671 	-1.74892 	0.000725413 	-0.117111 	-0.000709149 	
3.14	2.1998 	-0.0627395 	-1.74779 	0.000863734 	-0.11712 	-0.000777138 	
3.145	2.19993 	-0.0638467 	-1.74773 	0.000801824 	-0.117134 	-0.000801756 	
3.15	2.20002 	-0.0649311 	-1.74764 	0.000741145 	-0.117146 	-0.000825816 	
3.155	2.2011 	-0.0615547 	-1.74649 	0.00088156 	-0.117155 	-0.00089494 	
3.16	2.20124 	-0.062684 	-1.74643 	0.000818438 	-0.11717 	-0.000920099 	
3.165	2.20202 	-0.0607018 	-1.74558 	0.00089505 	-0.117181 	-0.000978142 	
3.17	2.2021 	-0.0618607 	-1.7455 	0.000830258 	-0.117193 	-0.00100391 	
3.175	2.20218 	-0.0629758 	-1.7454 	0.000767892 	-0.117204 	-0.00102871 	
3.18	2.20326 	-0.0596561 	-1.74425 	0.000905623 	-0.117214 	-0.00109824 	
3.185	2.2034 	-0.0608159 	-1.74419 	0.000840829 	-0.117228 	-0.00112417 	
3.19	2.2042 	-0.0588009 	-1.74333 	0.000918782 	-0.11724 	-0.00118346 	
3.195	2.20429 	-0.059989 	-1.74325 	0.000852396 	-0.117252 	-0.00120997 	
3.2	2.20438 	-0.061132 	-1.74315 	0.000788505 	-0.117264 	-0.00123548 	
3.205	2.20548 	-0.0577403 	-1.74198 	0.000929421 	-0.117274 	-0.00130656 	
3.21	2.20563 	-0.0589289 	-1.74193 	0.000863055 	-0.117289 	-0.00133323 	
3.215	2.20645 	-0.0568733 	-1.74105 	0.000942703 	-0.117301 	-0.00139386 	
3.22	2.20655 	-0.0580906 	-1.74097 	0.000874725 	-0.117314 	-0.00142112 	
3.225	2.20733 	-0.0561435 	-1.74011 	0.000949477 	-0.117325 	-0.00148083 	
3.23	2.20744 	-0.0573701 	-1.74003 	0.000880999 	-0.117338 	-0.00150833 	
3.235	2.20822 	-0.0554184 	-1.73917 	0.000955956 	-0.117349 	-0.00156832 	
3.24	2.20833 	-0.0566526 	-1.73909 	0.000887065 	-0.117362 	-0.00159604 	
3.245	2.20913 	-0.0546862 	-1.73822 	0.000962685 	-0.117373 	-0.00165643 	
3.25	2.20924 	-0.0559283 	-1.73814 	0.00089337 	-0.117387 	-0.00168437 	
3.255	2.21004 	-0.0539469 	-1.73728 	0.000969653 	-0.117398 	-0.00174516 	
3.26	2.21016 	-0.0551972 	-1.7372 	0.000899899 	-0.117412 	-0.00177333 	
3.265	2.21097 	-0.0532019 	-1.73633 	0.000976801 	-0.117423 	-0.00183452 	
3.27	2.21109 	-0.0544604 	-1.73625 	0.000906597 	-0.117437 	-0.00186293 	
3.275	2.21191 	-0.0524522 	-1.73537 	0.000984074 	-0.117449 	-0.00192452 	
3.28	2.21204 	-0.0537192 	-1.7353 	0.000913413 	-0.117463 	-0.00195316 	
3.285	2.21286 	-0.0516989 	-1.73442 	0.000991423 	-0.117475 	-0.00201514 	
3.29	2.21299 	-0.0529745 	-1.73435 	0.000920301 	-0.117489 	-0.00204402 	
3.295	2.21382 	-0.0509429 	-1.73346 	0.000998808 	-0.117501 	-0.00210638 	
3.3	2.21396 	-0.0522271 	-1.73339 	0.000927223 	-0.117515 	-0.0021355 	
3.305	2.21479 	-0.0501851 	-1.7325 	0.00100619 	-0.117527 	-0.00219824 	
3.31	2.21493 	-0.0514778 	-1.73243 	0.000934146 	-0.117542 	-0.0022276 	
3.315	2.21577 	-0.0494261 	-1.73154 	0.00101354 	-0.117554 	-0.00229071 	
3.32	2.21591 	-0.0507273 	-1.73147 	0.000941041 	-0.117568 	-0.0023203 	
3.325	2.21675 	-0.0486667 	-1.73057 	0.00102083 	-0.11758 	-0.00238376 	
3.33	2.2169 	-0.0499762 	-1.73051 	0.000947881 	-0.117595 	-0.00241359 	
3.335	2.21775 	-0.0479074 	-1.72961 	0.00102804 	-0.117607 	-0.00247739 	
3.34	2.21789 	-0.0492252 	-1.72954 	0.000954646 	-0.117622 	-0.00250745 	
3.345	2.21875 	-0.0471489 	-1.72864 	0.00103514 	-0.117634 	-0.00257158 	
3.35	2.2189 	-0.0484747 	-1.72858 	0.000961316 	-0.11765 	-0.00260187 	
3.355	2.21975 	-0.0463915 	-1.72767 	0.00104213 	-0.117662 	-0.00266632 	
3.36	2.21991 	-0.0477251 	-1.72761 	0.000967875 	-0.117677 	-0.00269684 	
3.365	2.22077 	-0.0456357 	-1.7267 	0.00104897 	-0.117689 	-0.00276159 	
3.37	2.22092 	-0.0469771 	-1.72664 	0.000974307 	-0.117705 	-0.00279233 	
3.375	2.22179 	-0.044882 	-1.72573 	0.00105566 	-0.117717 	-0.00285737 	
3.38	2.22194 	-0.0462308 	-1.72567 	0.0009806 	-0.117732 	-0.00288833 	
3.385	2.22281 	-0.0441308 	-1.72476 	0.00106219 	-0.117745 	-0.00295365 	
3.39	2.22297 	-0.0454868 	-1.7247 	0.000986743 	-0.11776 	-0.00298481 	
3.395	2.22384 	-0.0433824 	-1.72379 	0.00106854 	-0.117773 	-0.0030504 	
3.4	2.224 	-0.0447453 	-1.72373 	0.000992725 	-0.117788 	-0.00308177 	
3.405	2.22487 	-0.0426371 	-1.72281 	0.00107471 	-0.117801 	-0.0031476 	
3.41	2.22504 	-0.0440067 	-1.72276 	0.000998538 	-0.117817 	-0.00317917 	
3.415	2.22591 	-0.0418953 	-1.72184 	0.00108069 	-0.117829 	-0.00324524 	
3.42	2.22608 	-0.0432713 	-1.72179 	0.00100417 	-0.117845 	-0.003277 	
3.425	2.22696 	-0.0411572 	-1.72087 	0.00108646 	-0.117857 	-0.00334328 	
3.43	2.22712 	-0.0425393 	-1.72081 	0.00100963 	-0.117873 	-0.00337524 	
3.435	2.228 	-0.0404233 	-1.71989 	0.00109203 	-0.117886 	-0.00344172 	
3.44	2.22817 	-0.0418112 	-1.71984 	0.00101489 	-0.117902 	-0.00347385 	
3.445	2.22905 	-0.0396936 	-1.71892 	0.00109739 	-0.117914 	-0.00354053 	
3.45	2.22922 	-0.041087 	-1.71887 	0.00101996 	-0.11793 	-0.00357284 	
3.455	2.23011 	-0.0389685 	-1.71795 	0.00110253 	-0.117943 	-0.00363968 	
3.46	2.23028 	-0.0403671 	-1.71791 	0.00102482 	-0.117959 	-0.00367216 	
3.465	2.23117 	-0.0382483 	-1.71698 	0.00110745 	-0.117971 	-0.00373916 	
3.47	2.23134 	-0.0396518 	-1.71694 	0.00102948 	-0.117988 	-0.00377179 	
3.475	2.23223 	-0.0375331 	-1.71602 	0.00111214 	-0.118 	-0.00383893 	
3.48	2.2324 	-0.0389412 	-1.71597 	0.00103394 	-0.118016 	-0.00387172 	
3.485	2.23329 	-0.0368232 	-1.71505 	0.0011166 	-0.118029 	-0.00393899 	
3.49	2.23346 	-0.0382355 	-1.71501 	0.00103818 	-0.118045 	-0.00397192 	
3.495	2.23435 	-0.0361188 	-1.71409 	0.00112082 	-0.118058 	-0.0040393 	
3.5	2.23453 	-0.0375351 	-1.71404 	0.0010422 	-0.118074 	-0.00407237 	
3.505	2.23542 	-0.0354202 	-1.71312 	0.00112481 	-0.118087 	-0.00413984 	
3.51	2.2356 	-0.03684 	-1.71308 	0.001046 	-0.118103 	-0.00417304 	
3.515	2.23649 	-0.0347275 	-1.71217 	0.00112856 	-0.118115 	-0.00424058 	
3.52	2.23667 	-0.0361505 	-1.71213 	0.00104958 	-0.118132 	-0.00427391 	
3.525	2.23756 	-0.0340409 	-1.71121 	0.00113206 	-0.118144 	-0.00434151 	
3.53	2.23774 	-0.0354669 	-1.71117 	0.00105294 	-0.118161 	-0.00437496 	
3.535	2.23863 	-0.0333607 	-1.71026 	0.00113531 	-0.118173 	-0.0044426 	
3.54	2.23881 	-0.0347892 	-1.71022 	0.00105607 	-0.11819 	-0.00447615 	
3.545	2.2397 	-0.032687 	-1.7093 	0.00113832 	-0.118202 	-0.00454382 	
3.55	2.23988 	-0.0341177 	-1.70927 	0.00105897 	-0.118219 	-0.00457747 	
3.555	2.24077 	-0.0320201 	-1.70836 	0.00114108 	-0.118231 	-0.00464515 	
3.56	2.24095 	-0.0334526 	-1.70833 	0.00106163 	-0.118247 	-0.00467889 	
3.565	2.24184 	-0.03136 	-1.70741 	0.00114358 	-0.11826 	-0.00474657 	
3.57	2.24203 	-0.032794 	-1.70738 	0.00106407 	-0.118276 	-0.00478039 	
3.575	2.24292 	-0.030707 	-1.70648 	0.00114583 	-0.118289 	-0.00484804 	
3.58	2.2431 	-0.0321422 	-1.70645 	0.00106626 	-0.118305 	-0.00488194 	
3.585	2.24399 	-0.0300612 	-1.70554 	0.00114782 	-0.118318 	-0.00494956 	
3.59	2.24418 	-0.0314972 	-1.70551 	0.00106822 	-0.118334 	-0.00498352 	
3.595	2.24506 	-0.0294228 	-1.70461 	0.00114955 	-0.118347 	-0.00505108 	
3.6	2.24525 	-0.0308593 	-1.70459 	0.00106994 	-0.118363 	-0.0050851 	
3.605	2.24613 	-0.0287921 	-1.70368 	0.00115102 	-0.118376 	-0.00515259 	
3.61	2.24632 	-0.0302286 	-1.70366 	0.00107142 	-0.118392 	-0.00518666 	
3.615	2.2472 	-0.0281691 	-1.70276 	0.00115223 	-0.118404 	-0.00525406 	
3.62	2.24739 	-0.0296054 	-1.70274 	0.00107266 	-0.118421 	-0.00528817 	
3.625	2.24827 	-0.0275539 	-1.70185 	0.00115317 	-0.118433 	-0.00535546 	
3.63	2.24846 	-0.0289896 	-1.70183 	0.00107365 	-0.118449 	-0.00538961 	
3.635	2.24934 	-0.0269469 	-1.70094 	0.00115386 	-0.118462 	-0.00545677 	
3.64	2.24953 	-0.0283816 	-1.70092 	0.0010744 	-0.118478 	-0.00549094 	
3.645	2.2504 	-0.026348 	-1.70003 	0.00115427 	-0.11849 	-0.00555797 	
3.65	2.2506 	-0.0277814 	-1.70002 	0.0010749 	-0.118507 	-0.00559216 	
3.655	2.25147 	-0.0257575 	-1.69913 	0.00115442 	-0.118519 	-0.00565903 	
3.66	2.24668 	-0.0240399 	-1.68871 	0.000737707 	-0.118022 	-0.00571585 	
3.665	1.89061 	0.250111 	-0.997972 	-0.018517 	-0.0837175 	-0.0143894 	
3.67	0.852979 	1.04651 	1.0082 	-0.0745946 	0.0160598 	-0.0400436 	
3.675	0.516871 	1.30315 	1.68288 	-0.0943771 	0.0491813 	-0.0469934 	
3.68	-0.367401 	1.97434 	3.40274 	-0.143198 	0.134326 	-0.0674534 	
3.685	-0.38981 	2.00128 	3.63657 	-0.155554 	0.144018 	-0.0598711 	
3.69	-0.498788 	2.16585 	4.50232 	-0.197082 	0.18097 	-0.0387484 	
3.695	-0.312857 	2.01849 	4.07099 	-0.183165 	0.159879 	-0.0374005 	
3.7	-0.721567 	2.18483 	4.61319 	-0.196799 	0.189976 	-0.0453696 	
3.705	-2.30064 	2.96842 	7.04418 	-0.263916 	0.318544 	-0.0732265 	
3.71	-1.96689 	2.74807 	6.40459 	-0.244594 	0.286529 	-0.0683521 	
3.715	-1.663 	2.54004 	5.81189 	-0.226996 	0.256584 	-0.0638515 	
3.72	-1.37584 	2.35108 	5.26254 	-0.210376 	0.229102 	-0.0596705 	
3.725	-1.11425 	2.17316 	4.75359 	-0.195216 	0.203397 	-0.0558151 	
3.73	-0.871666 	2.01406 	4.29088 	-0.18121 	0.18027 	-0.0522741 	
3.735	-1.04255 	2.16467 	4.63105 	-0.190284 	0.197801 	-0.058291 	
3.74	-1.95845 	2.8926 	6.43868 	-0.240793 	0.290289 	-0.0822648 	
3.745	-2.06423 	2.98824 	6.64813 	-0.246389 	0.301112 	-0.0864471 	
3.75	-2.90516 	3.65482 	8.30593 	-0.29275 	0.386129 	-0.10837 	
3.755	-2.89667 	3.60613 	8.32594 	-0.29627 	0.386413 	-0.102575 	
3.76	-3.51692 	3.95147 	9.66295 	-0.342662 	0.452918 	-0.0987749 	
3.765	-3.4892 	3.9471 	9.58983 	-0.339811 	0.448843 	-0.100819 	
3.77	-4.10464 	4.44119 	10.7797 	-0.372424 	0.508862 	-0.117876 	
3.775	-4.026 	4.33958 	10.6448 	-0.371186 	0.501577 	-0.111425 	
3.78	-4.53488 	4.59516 	11.7415 	-0.410421 	0.556637 	-0.105581 	
3.785	-4.19965 	4.3965 	11.2007 	-0.396289 	0.528311 	-0.097605 	
3.79	-4.1429 	4.44237 	11.4405 	-0.41047 	0.53717 	-0.0875914 	
3.795	-3.81689 	4.23986 	10.8797 	-0.395019 	0.508187 	-0.0806568 	
3.8	-3.77731 	4.28679 	11.1033 	-0.407683 	0.516689 	-0.0723269 	
3.805	-3.48757 	4.10063 	10.5894 	-0.393204 	0.490294 	-0.0663728 	
3.81	-3.49281 	4.15292 	10.8633 	-0.407121 	0.501735 	-0.0582442 	
3.815	-3.22667 	3.98566 	10.3856 	-0.393384 	0.477234 	-0.0533883 	
3.82	-3.25766 	4.05496 	10.6929 	-0.408037 	0.490525 	-0.0463203 	
3.825	-2.99924 	3.89754 	10.2196 	-0.39395 	0.466311 	-0.0425449 	
3.83	-3.03516 	3.98098 	10.5284 	-0.407997 	0.479688 	-0.0369849 	
3.835	-2.80959 	3.83037 	10.0934 	-0.394937 	0.457692 	-0.033483 	
3.84	-2.86351 	3.9214 	10.4211 	-0.409275 	0.472177 	-0.0285438 	
3.845	-2.65201 	3.77638 	9.99775 	-0.396256 	0.450914 	-0.0256579 	
3.85	-2.72041 	3.87333 	10.3381 	-0.410681 	0.466182 	-0.0213263 	
3.855	-2.51987 	3.73217 	9.92185 	-0.397595 	0.445409 	-0.0189709 	
3.86	-2.60033 	3.8338 	10.2717 	-0.412046 	0.461289 	-0.0151702 	
3.865	-2.40864 	3.69549 	9.86012 	-0.39885 	0.440866 	-0.0132713 	
3.87	-2.49833 	3.80068 	10.2161 	-0.413253 	0.457163 	-0.00993046 	
3.875	-2.17399 	3.55204 	9.42591 	-0.385863 	0.418699 	-0.00997182 	
3.88	-1.86379 	3.32851 	8.66484 	-0.358755 	0.381632 	-0.0116558 	
3.885	-1.56935 	3.10334 	7.93548 	-0.333115 	0.346213 	-0.0123496 	
3.89	-1.30548 	2.92487 	7.29916 	-0.310227 	0.315104 	-0.0143652 	
3.895	-1.05734 	2.75169 	6.69885 	-0.288795 	0.285793 	-0.0158422 	
3.9	-0.837282 	2.6276 	6.18985 	-0.269995 	0.260658 	-0.0188393 	
3.905	-0.61967 	2.46686 	5.65825 	-0.251236 	0.234778 	-0.0195349 	
3.91	-0.432951 	2.37525 	5.23989 	-0.235535 	0.213961 	-0.0227275 	
3.915	-0.246793 	2.2429 	4.79042 	-0.21959 	0.192024 	-0.0235568 	
3.92	-0.088456 	2.17761 	4.44788 	-0.206503 	0.174829 	-0.0268507 	
3.925	0.0710689 	2.06795 	4.06673 	-0.192927 	0.156184 	-0.0277204 	
3.93	0.20523 	2.02374 	3.78737 	-0.182039 	0.142018 	-0.0310373 	
3.935	0.342177 	1.93201 	3.46292 	-0.170451 	0.126116 	-0.0318754 	
3.94	0.455713 	1.90468 	3.2363 	-0.161418 	0.11449 	-0.0351612 	
3.945	0.573479 	1.8271 	2.95895 	-0.151501 	0.100877 	-0.0359189 	
3.95	0.6694 	1.81331 	2.77643 	-0.144032 	0.0913801 	-0.0391376 	
3.955	0.770855 	1.74684 	2.53824 	-0.135521 	0.0796797 	-0.0397829 	
3.96	0.851716 	1.74393 	2.39266 	-0.129373 	0.071973 	-0.0429118 	
3.965	0.939286 	1.68616 	2.18704 	-0.122043 	0.0618709 	-0.0434253 	
3.97	1.00726 	1.69198 	2.07246 	-0.117012 	0.0556708 	-0.0464517 	
3.975	1.08301 	1.64098 	1.89393 	-0.110677 	0.0469052 	-0.0468226 	
3.98	1.13996 	1.65384 	1.80541 	-0.106592 	0.0419754 	-0.0497414 	
3.985	1.20564 	1.60807 	1.64941 	-0.101093 	0.0343277 	-0.0499654 	
3.99	1.25313 	1.62661 	1.58284 	-0.0978111 	0.0304702 	-0.0527762 	
3.995	1.31972 	1.54174 	1.39054 	-0.0917415 	0.021481 	-0.05101 	
4	1.2348 	1.70599 	1.87241 	-0.118313 	0.0439192 	-0.0423834 	
4.005	0.846334 	2.41792 	3.73304 	-0.209486 	0.13013 	-0.0236113 	
4.01	0.950782 	2.23839 	3.33623 	-0.194146 	0.111886 	-0.0224243 	
4.015	1.04764 	2.07202 	2.96844 	-0.179927 	0.0949777 	-0.021323 	
4.02	0.990251 	2.16902 	3.27056 	-0.196758 	0.110234 	-0.0157705 	
4.025	0.642523 	2.76127 	4.83661 	-0.272384 	0.18622 	-0.00156646 	
4.03	0.761874 	2.55661 	4.35899 	-0.252442 	0.163864 	-0.00199988 	
4.035	0.872575 	2.36695 	3.9163 	-0.233958 	0.143145 	-0.00239897 	
4.04	0.975247 	2.19118 	3.50598 	-0.216826 	0.123944 	-0.00276683 	
4.045	1.07047 	2.02829 	3.12565 	-0.200946 	0.106148 	-0.00310624 	
4.05	1.15879 	1.87733 	2.77313 	-0.186228 	0.0896544 	-0.0034197 	
4.055	1.2407 	1.73742 	2.44637 	-0.172586 	0.074368 	-0.00370944 	
4.06	1.31667 	1.60776 	2.14348 	-0.159942 	0.0602001 	-0.0039775 	
4.065	1.38712 	1.4876 	1.86271 	-0.148223 	0.0470685 	-0.00422567 	
4.07	1.45246 	1.37623 	1.60244 	-0.137361 	0.0348974 	-0.00445563 	
4.075	1.51305 	1.27302 	1.36118 	-0.127293 	0.0236163 	-0.00466885 	
4.08	1.56926 	1.17736 	1.13752 	-0.117962 	0.0131599 	-0.0048667 	
4.085	1.62097 	1.09081 	0.933977 	-0.109485 	0.00364149 	-0.00505842 	
4.09	1.51929 	1.30536 	1.48194 	-0.13618 	0.0298621 	0.000199682 	
4.095	1.12857 	2.07904 	3.43652 	-0.228836 	0.123026 	0.0160008 	
4.1	1.05114 	2.1835 	3.72085 	-0.242568 	0.135298 	0.0188177 	
4.105	0.655573 	2.7985 	5.30426 	-0.316283 	0.206691 	0.0304902 	
4.11	0.610566 	2.81938 	5.38457 	-0.32008 	0.210087 	0.0312272 	
4.115	0.240974 	3.29513 	6.64417 	-0.377504 	0.267763 	0.0389553 	
4.12	0.22539 	3.25759 	6.57792 	-0.374298 	0.2647 	0.038356 	
4.125	-0.118337 	3.63511 	7.6047 	-0.420178 	0.312423 	0.0434376 	
4.13	0.0626725 	3.35153 	6.93992 	-0.391125 	0.281557 	0.0423652 	
4.135	0.242524 	3.05874 	6.35568 	-0.367595 	0.254459 	0.046765 	
4.14	0.39791 	2.81721 	5.78221 	-0.342387 	0.227836 	0.0454996 	
4.145	0.554595 	2.56369 	5.28156 	-0.322348 	0.204627 	0.0496693 	
4.15	0.774601 	2.36187 	4.78119 	-0.30251 	0.179423 	0.0512552 	
4.155	1.16961 	2.15101 	4.33827 	-0.291792 	0.153035 	0.0645105 	
4.16	1.36544 	1.97888 	3.90695 	-0.27481 	0.131158 	0.0659633 	
4.165	1.74987 	1.79767 	3.52542 	-0.266847 	0.107448 	0.0792496 	
4.17	1.92377 	1.64959 	3.15529 	-0.252453 	0.0885541 	0.0807961 	
4.175	2.28426 	1.49473 	2.83855 	-0.247191 	0.0681137 	0.094117 	
4.18	2.13918 	1.66331 	3.23429 	-0.262191 	0.0913054 	0.0916592 	
4.185	1.66331 	2.35744 	4.98175 	-0.336442 	0.183572 	0.0948018 	
4.19	1.55405 	2.44165 	5.18584 	-0.342555 	0.196327 	0.0918895 	
4.195	1.11919 	3.03955 	6.70037 	-0.406598 	0.276817 	0.0939177 	
4.2	1.0386 	3.04381 	6.69448 	-0.403342 	0.279338 	0.0889326 	
4.205	0.602618 	3.53257 	7.98518 	-0.455945 	0.348319 	0.0892725 	
4.21	0.440612 	3.49697 	8.01973 	-0.447718 	0.347666 	0.0847832 	
4.215	-0.0365576 	3.69136 	8.88245 	-0.468357 	0.384528 	0.0856826 	
4.22	-0.168763 	3.57761 	8.76246 	-0.453033 	0.376244 	0.0835643 	
4.225	-0.669458 	3.66121 	9.5038 	-0.464066 	0.405224 	0.0903647 	
4.23	-0.724832 	3.53203 	9.27399 	-0.447236 	0.392536 	0.0877094 	
4.235	-1.18113 	3.6116 	9.94605 	-0.457572 	0.419193 	0.0934535 	
4.24	-1.14619 	3.51785 	9.63403 	-0.442477 	0.404839 	0.0863753 	
4.245	-1.46243 	3.71699 	10.2267 	-0.459722 	0.433076 	0.080079 	
4.25	-1.39309 	3.61125 	9.86627 	-0.443847 	0.416613 	0.0735331 	
4.255	-1.69648 	3.80106 	10.4404 	-0.460817 	0.443994 	0.0681769 	
4.26	-1.61562 	3.68469 	10.0784 	-0.445413 	0.427224 	0.0634681 	
4.265	-1.8926 	3.86516 	10.6208 	-0.461992 	0.45321 	0.0589217 	
4.27	-1.74333 	3.75668 	10.2093 	-0.448991 	0.437546 	0.0554592 	
4.275	-1.8938 	3.97492 	10.6972 	-0.472961 	0.469431 	0.0536118 	
4.28	-1.93679 	3.72069 	10.3396 	-0.446614 	0.446431 	0.0603441 	
4.285	-2.57466 	3.47712 	10.8485 	-0.429765 	0.45339 	0.0889574 	
4.29	-2.5848 	3.23652 	10.4762 	-0.404655 	0.430303 	0.0949179 	
4.295	-3.16011 	3.03692 	10.9676 	-0.391024 	0.437979 	0.12032 	
4.3	-3.1103 	2.8335 	10.5826 	-0.368896 	0.415529 	0.124099 	
4.305	-3.6308 	2.67302 	11.0605 	-0.358 	0.423894 	0.146869 	
4.31	-3.53574 	2.49945 	10.6696 	-0.338475 	0.402216 	0.14898 	
4.315	-4.00935 	2.37188 	11.1348 	-0.329912 	0.411148 	0.169463 	
4.32	-3.87904 	2.22364 	10.7397 	-0.312591 	0.390256 	0.170042 	
4.325	-4.31261 	2.12369 	11.1927 	-0.306002 	0.399656 	0.188546 	
4.33	-4.15537 	1.99649 	10.7953 	-0.290547 	0.379544 	0.187789 	
4.335	-4.55605 	1.91877 	11.2387 	-0.28565 	0.389369 	0.204735 	
4.34	-4.37876 	1.80854 	10.8409 	-0.271789 	0.37002 	0.202891 	
4.345	-4.7508 	1.75028 	11.2744 	-0.268309 	0.380186 	0.218369 	
4.35	-4.55723 	1.65482 	10.8754 	-0.255785 	0.361517 	0.21547 	
4.355	-4.90561 	1.61269 	11.3007 	-0.253529 	0.372001 	0.229725 	
4.36	-4.70135 	1.52776 	10.904 	-0.242176 	0.354011 	0.226176 	
4.365	-5.02987 	1.49954 	11.322 	-0.240957 	0.364782 	0.239335 	
4.37	-4.81697 	1.42352 	10.9266 	-0.230591 	0.347383 	0.235178 	
4.375	-5.12904 	1.40714 	11.3385 	-0.230255 	0.358418 	0.24738 	
4.38	-4.90971 	1.33805 	10.9446 	-0.220732 	0.341549 	0.242751 	
4.385	-5.20729 	1.33261 	11.3499 	-0.221132 	0.352804 	0.25399 	
4.39	-4.98383 	1.26832 	10.9586 	-0.212341 	0.336422 	0.249083 	
4.395	-5.27043 	1.27158 	11.3598 	-0.213384 	0.347914 	0.259588 	
4.4	-5.04285 	1.21173 	10.9693 	-0.2052 	0.331924 	0.254344 	
4.405	-5.32057 	1.22249 	11.3674 	-0.206806 	0.343648 	0.264213 	
4.41	-5.09093 	1.16506 	10.9791 	-0.199157 	0.328028 	0.258853 	
4.415	-5.36015 	1.18344 	11.3726 	-0.201207 	0.339924 	0.267981 	
4.42	-5.12804 	1.12835 	10.9849 	-0.193999 	0.324591 	0.262443 	
4.425	-5.39027 	1.15353 	11.3748 	-0.196443 	0.336658 	0.270904 	
4.43	-5.15844 	1.09822 	10.9908 	-0.189657 	0.321637 	0.265527 	
4.435	-5.41452 	1.12991 	11.377 	-0.192427 	0.333856 	0.273318 	
4.44	-5.1822 	1.07456 	10.995 	-0.185984 	0.319069 	0.26802 	
4.445	-5.43312 	1.11227 	11.3778 	-0.189024 	0.331428 	0.275173 	
4.45	-5.20044 	1.05638 	10.9974 	-0.182871 	0.316829 	0.269986 	
4.455	-5.44878 	1.09839 	11.3797 	-0.186167 	0.329375 	0.27674 	
4.46	-5.21495 	1.04218 	10.9993 	-0.180252 	0.314902 	0.271598 	
4.465	-5.44414 	1.10337 	11.3756 	-0.184907 	0.32813 	0.276576 	
4.47	-5.05859 	1.18273 	10.9766 	-0.19056 	0.319096 	0.260591 	
4.475	-4.99399 	1.52252 	11.3382 	-0.218474 	0.343712 	0.243991 	
4.48	-4.65995 	1.57053 	10.9492 	-0.221603 	0.33422 	0.229966 	
4.485	-4.62471 	1.87429 	11.3052 	-0.247047 	0.357412 	0.215972 	
4.49	-4.32757 	1.88816 	10.9132 	-0.247793 	0.346921 	0.204076 	
4.495	-4.32623 	2.16282 	11.2705 	-0.271192 	0.369332 	0.19205 	
4.5	-4.05421 	2.14706 	10.8728 	-0.269899 	0.357715 	0.182167 	
4.505	-4.08336 	2.39878 	11.2347 	-0.291633 	0.379621 	0.171742 	
4.51	-3.82999 	2.35799 	10.8316 	-0.288614 	0.366947 	0.163658 	
4.515	-3.8625 	2.573 	11.142 	-0.307137 	0.385929 	0.154448 	
4.52	-3.69813 	2.36657 	10.6339 	-0.290009 	0.363035 	0.156299 	
4.525	-4.17206 	2.30537 	11.1695 	-0.286805 	0.377269 	0.174224 	
4.53	-3.9958 	2.11889 	10.6778 	-0.271491 	0.355598 	0.175137 	
4.535	-4.43068 	2.08059 	11.1991 	-0.269723 	0.369814 	0.19137 	
4.54	-4.2322 	1.91257 	10.708 	-0.255789 	0.348672 	0.191149 	
4.545	-4.63819 	1.89569 	11.2245 	-0.255327 	0.363147 	0.205978 	
4.55	-4.42211 	1.74289 	10.7333 	-0.242538 	0.342482 	0.204749 	
4.555	-4.8045 	1.74395 	11.2459 	-0.243173 	0.357206 	0.218378 	
4.56	-4.57549 	1.60256 	10.756 	-0.231367 	0.336998 	0.216426 	
4.565	-4.93787 	1.61971 	11.2642 	-0.232921 	0.35195 	0.228874 	
4.57	-4.69741 	1.48816 	10.7731 	-0.221902 	0.332092 	0.22618 	
4.575	-5.04379 	1.51883 	11.2778 	-0.224206 	0.34726 	0.237615 	
4.58	-4.79536 	1.39405 	10.7873 	-0.213881 	0.327746 	0.234463 	
4.585	-5.12898 	1.43646 	11.2897 	-0.216845 	0.34315 	0.245003 	
4.59	-4.87421 	1.31677 	10.7996 	-0.207109 	0.32393 	0.241496 	
4.595	-5.1978 	1.36934 	11.3008 	-0.210656 	0.339582 	0.251259 	
4.6	-4.93765 	1.25349 	10.8101 	-0.201398 	0.320591 	0.247448 	
4.605	-5.23724 	1.33938 	11.3158 	-0.205958 	0.336794 	0.25494 	
4.61	-4.5301 	1.22591 	10.3771 	-0.196734 	0.300648 	0.244557 	
4.615	-3.66614 	1.10442 	9.52328 	-0.195824 	0.263381 	0.246519 	
4.62	-3.13663 	1.01302 	8.71132 	-0.185015 	0.233759 	0.233248 	
4.625	-2.56838 	0.921021 	7.96531 	-0.177891 	0.204947 	0.225364 	
4.63	-2.08837 	0.822555 	7.22762 	-0.167583 	0.177462 	0.215156 	
4.635	-1.80314 	0.887992 	7.06166 	-0.175779 	0.173843 	0.210378 	
4.64	-2.13631 	1.39508 	8.21553 	-0.222363 	0.230184 	0.202553 	
4.645	-2.01638 	1.44277 	8.07671 	-0.226337 	0.229625 	0.193536 	
4.65	-2.32576 	1.89539 	9.12801 	-0.26837 	0.280591 	0.187255 	
4.655	-2.1102 	1.91301 	8.82816 	-0.271651 	0.277241 	0.17847 	
4.66	-2.2075 	2.42357 	9.68261 	-0.322668 	0.33357 	0.168938 	
4.665	-2.023 	2.44955 	9.37311 	-0.321705 	0.32804 	0.157278 	
4.67	-2.14006 	2.88182 	10.1161 	-0.36532 	0.377345 	0.14858 	
4.675	-1.96443 	2.86347 	9.7566 	-0.360305 	0.367779 	0.138289 	
4.68	-2.09802 	3.23284 	10.4154 	-0.398195 	0.411631 	0.130546 	
4.685	-1.928 	3.18214 	10.023 	-0.390218 	0.399056 	0.121512 	
4.69	-2.07574 	3.50278 	10.6238 	-0.423771 	0.438779 	0.114886 	
4.695	-2.09654 	3.25918 	10.2249 	-0.398756 	0.415224 	0.118233 	
4.7	-2.77352 	3.0653 	10.8181 	-0.387009 	0.426781 	0.144509 	
4.705	-2.73493 	2.85121 	10.3953 	-0.364607 	0.403664 	0.145804 	
4.71	-3.34443 	2.69284 	10.954 	-0.355177 	0.41526 	0.169195 	
4.715	-3.25761 	2.5104 	10.5233 	-0.33523 	0.392901 	0.168685 	
4.72	-3.80448 	2.38299 	11.0606 	-0.328023 	0.404465 	0.19028 	
4.725	-3.67979 	2.22699 	10.6252 	-0.310182 	0.382879 	0.188243 	
4.73	-4.17422 	2.12681 	11.1435 	-0.304856 	0.394473 	0.208119 	
4.735	-4.01857 	1.99328 	10.7035 	-0.288791 	0.373593 	0.204682 	
4.74	-4.47055 	1.91588 	11.2069 	-0.285078 	0.385303 	0.223106 	
4.745	-4.29259 	1.7988 	10.7671 	-0.27058 	0.36515 	0.218809 	
4.75	-4.70897 	1.74192 	11.257 	-0.268234 	0.377005 	0.235784 	
4.755	-4.51238 	1.63885 	10.8163 	-0.25505 	0.35748 	0.230667 	
4.76	-4.90082 	1.59861 	11.2966 	-0.253887 	0.369546 	0.246505 	
4.765	-4.69007 	1.50636 	10.8562 	-0.24183 	0.350605 	0.240788 	
4.77	-5.0545 	1.48137 	11.327 	-0.241649 	0.362859 	0.255463 	
4.775	-4.8345 	1.39617 	10.8899 	-0.230594 	0.344499 	0.249508 	
4.78	-5.17817 	1.38528 	11.3512 	-0.231238 	0.356922 	0.263004 	
4.785	-4.95005 	1.30617 	10.9157 	-0.221017 	0.33904 	0.25677 	
4.79	-5.27592 	1.3081 	11.3681 	-0.222347 	0.351616 	0.269122 	
4.795	-5.04305 	1.2324 	10.9363 	-0.212868 	0.334202 	0.262877 	
4.8	-5.35423 	1.24562 	11.3811 	-0.214782 	0.346938 	0.274198 	
4.805	-5.11817 	1.17198 	10.953 	-0.20594 	0.32994 	0.268024 	
4.81	-5.41671 	1.19554 	11.3908 	-0.208344 	0.342821 	0.278356 	
4.815	-5.17954 	1.12216 	10.9677 	-0.200067 	0.32622 	0.272427 	
4.82	-5.4679 	1.15468 	11.3998 	-0.20289 	0.339254 	0.281899 	
4.825	-5.22962 	1.08132 	10.9802 	-0.195085 	0.322974 	0.276164 	
4.83	-5.50778 	1.12315 	11.4052 	-0.19823 	0.336102 	0.284647 	
4.835	-5.26946 	1.04878 	10.9894 	-0.190841 	0.320115 	0.279197 	
4.84	-5.54033 	1.09808 	11.4101 	-0.194289 	0.333382 	0.28693 	
4.845	-4.91665 	0.964534 	10.569 	-0.185951 	0.300587 	0.279717 	
4.85	-4.01711 	0.863414 	9.70092 	-0.185949 	0.263079 	0.279231 	
4.855	-3.45874 	0.789897 	8.87676 	-0.175948 	0.233428 	0.263675 	
4.86	-2.86232 	0.714666 	8.11929 	-0.169601 	0.204531 	0.253702 	
4.865	-2.35832 	0.648999 	7.41361 	-0.161913 	0.178641 	0.241735 	
4.87	-2.10666 	0.797105 	7.40159 	-0.176887 	0.182444 	0.233738 	
4.875	-2.58261 	1.36244 	8.64999 	-0.224846 	0.246378 	0.218189 	
4.88	-2.42722 	1.41302 	8.47846 	-0.228771 	0.24444 	0.208252 	
4.885	-2.71651 	1.87144 	9.49086 	-0.270215 	0.293971 	0.200191 	
4.89	-2.5445 	1.8553 	9.18432 	-0.268081 	0.285796 	0.190905 	
4.895	-2.82339 	2.24978 	10.0582 	-0.303232 	0.329246 	0.18271 	
4.9	-2.64395 	2.19497 	9.69131 	-0.29803 	0.317811 	0.174785 	
4.905	-2.91316 	2.54076 	10.4634 	-0.328486 	0.356623 	0.166807 	
4.91	-2.72628 	2.45514 	10.0504 	-0.320891 	0.342561 	0.160165 	
4.915	-2.98661 	2.76401 	10.7487 	-0.347879 	0.37785 	0.152647 	
4.92	-2.79339 	2.65438 	10.3025 	-0.338471 	0.361752 	0.147197 	
4.925	-3.04584 	2.9352 	10.9477 	-0.362892 	0.394361 	0.14027 	
4.93	-2.84667 	2.80621 	10.4761 	-0.35206 	0.376611 	0.135911 	
4.935	-3.08812 	3.06256 	11.0732 	-0.374252 	0.406725 	0.129594 	
4.94	-2.69839 	2.91629 	10.5056 	-0.361422 	0.397066 	0.122549 	
4.945	-2.44477 	3.17096 	10.9603 	-0.382063 	0.457313 	0.108033 	
4.95	-2.444 	2.89615 	10.5363 	-0.360439 	0.431521 	0.118094 	
4.955	-2.96419 	2.76396 	10.9008 	-0.349091 	0.435854 	0.135469 	
4.96	-3.04557 	2.52669 	10.6589 	-0.331797 	0.417392 	0.147723 	
4.965	-3.50456 	2.42878 	11.0052 	-0.322553 	0.422232 	0.162476 	
4.97	-3.5422 	2.21906 	10.7637 	-0.307415 	0.404772 	0.173174 	
4.975	-3.94469 	2.15036 	11.0933 	-0.299997 	0.409897 	0.185843 	
4.98	-3.87785 	1.95581 	10.7471 	-0.28546 	0.38988 	0.192963 	
4.985	-4.07637 	1.98151 	10.9452 	-0.284723 	0.394833 	0.195371 	
4.99	-4.04252 	2.13224 	11.1251 	-0.301398 	0.405407 	0.189857 	
4.995	-3.98359 	2.30733 	11.2019 	-0.31224 	0.412036 	0.177545 	
5	-3.96171 	2.42936 	11.3537 	-0.326464 	0.42115 	0.173082 	
5.005	-3.57051 	2.45553 	11.0171 	-0.327327 	0.408573 	0.167789 	
5.01	-2.56009 	2.21821 	10.1135 	-0.321029 	0.3767 	0.181911 	
5.015	-2.29647 	2.33787 	10.1405 	-0.332712 	0.401821 	0.173786 	
5.02	-1.67329 	2.29652 	9.69526 	-0.334662 	0.385656 	0.178405 	
5.025	-1.49035 	2.42153 	9.80307 	-0.347239 	0.413796 	0.171064 	
5.03	-1.02387 	2.4288 	9.48481 	-0.353356 	0.397981 	0.174359 	
5.035	-1.14401 	2.68796 	9.81875 	-0.378559 	0.421857 	0.163142 	
5.04	-0.710841 	2.7018 	9.49473 	-0.386069 	0.405509 	0.166392 	
5.045	-0.869934 	2.94743 	9.8351 	-0.408592 	0.429386 	0.15476 	
5.05	-0.460443 	2.93402 	9.50103 	-0.41351 	0.412129 	0.158798 	
5.055	-0.654212 	3.15962 	9.84221 	-0.433674 	0.435821 	0.147344 	
5.06	-0.262437 	3.12475 	9.50053 	-0.436456 	0.417792 	0.152047 	
5.065	-0.486003 	3.33454 	9.84444 	-0.454688 	0.441426 	0.140723 	
5.07	-0.107138 	3.28215 	9.4968 	-0.455725 	0.422728 	0.146048 	
5.075	-0.356458 	3.47967 	9.84487 	-0.472372 	0.446403 	0.134796 	
5.08	0.0133948 	3.41284 	9.49224 	-0.471973 	0.427108 	0.140703 	
5.085	-0.25864 	3.60095 	9.84548 	-0.48731 	0.450906 	0.129465 	
5.09	0.10877 	3.52102 	9.4859 	-0.485712 	0.430896 	0.136043 	
5.095	-0.177684 	3.7 	9.84047 	-0.499936 	0.454579 	0.124994 	
5.1	0.173973 	3.61351 	9.4861 	-0.497409 	0.434684 	0.131649 	
5.105	-0.118799 	3.78402 	9.83828 	-0.510682 	0.458014 	0.12092 	
5.11	0.297508 	3.67998 	9.50505 	-0.50633 	0.447254 	0.128104 	
5.115	0.0591297 	3.86441 	10.0649 	-0.516881 	0.504976 	0.113743 	
5.12	0.0987081 	3.84403 	9.98389 	-0.510535 	0.499854 	0.110434 	
5.125	0.387113 	3.76672 	9.85145 	-0.50665 	0.513383 	0.112819 	
5.13	0.602537 	3.74264 	9.81638 	-0.50455 	0.53239 	0.111779 	
5.135	0.850954 	3.68875 	9.72722 	-0.501844 	0.546919 	0.113377 	
5.14	1.02657 	3.66786 	9.70845 	-0.500289 	0.564847 	0.112494 	
5.145	1.23318 	3.62476 	9.63265 	-0.497707 	0.577283 	0.113384 	
5.15	1.36676 	3.60713 	9.62217 	-0.496237 	0.593011 	0.112258 	
5.155	1.53728 	3.57018 	9.55496 	-0.493725 	0.603455 	0.112737 	
5.16	1.63644 	3.55675 	9.55245 	-0.492355 	0.61736 	0.111344 	
5.165	1.77708 	3.52446 	9.49234 	-0.48994 	0.626093 	0.111556 	
5.17	1.84797 	3.51518 	9.49725 	-0.488695 	0.638488 	0.109942 	
5.175	1.96404 	3.48676 	9.44319 	-0.486389 	0.645764 	0.10997 	
5.18	2.0116 	3.48124 	9.45474 	-0.485282 	0.656893 	0.108187 	
5.185	2.10746 	3.45609 	9.40581 	-0.483089 	0.662923 	0.108087 	
5.19	1.98701 	3.50612 	9.51454 	-0.484853 	0.673209 	0.102431 	
5.195	1.58326 	3.64225 	9.71534 	-0.491065 	0.672017 	0.0908071 	
5.2	1.35063 	3.69503 	9.73715 	-0.493001 	0.661343 	0.0848495 	
5.205	0.992476 	3.8121 	9.91383 	-0.498286 	0.660666 	0.0745941 	
5.21	0.80552 	3.85055 	9.91575 	-0.499505 	0.65049 	0.0699139 	
5.215	0.47219 	3.95327 	10.0849 	-0.504164 	0.650558 	0.0611998 	
5.22	0.313408 	3.97219 	10.0734 	-0.504603 	0.640256 	0.0589142 	
5.225	0.0234092 	4.06304 	10.2251 	-0.508883 	0.640708 	0.0513748 	
5.23	-0.0951561 	4.07147 	10.1982 	-0.508995 	0.630791 	0.0501689 	
5.235	-0.348751 	4.15274 	10.3357 	-0.512965 	0.631627 	0.0435865 	
5.24	-0.433702 	4.15275 	10.2965 	-0.512814 	0.6221 	0.0432601 	
5.245	-0.657033 	4.22627 	10.4229 	-0.51653 	0.623323 	0.0374521 	
5.25	-0.713985 	4.21947 	10.374 	-0.516166 	0.614183 	0.0378393 	
5.255	-0.912176 	4.28668 	10.4913 	-0.519668 	0.61578 	0.0326555 	
5.26	-0.945818 	4.27436 	10.4347 	-0.519127 	0.607012 	0.0336198 	
5.265	-1.11862 	4.33739 	10.5431 	-0.522398 	0.608983 	0.0285407 	
5.27	-1.11677 	4.32304 	10.4735 	-0.521537 	0.600547 	0.02877 	
5.275	-1.26508 	4.38036 	10.5715 	-0.524593 	0.602626 	0.0240737 	
5.28	-1.25131 	4.36257 	10.4993 	-0.523652 	0.594583 	0.0248322 	
5.285	-1.39979 	4.41599 	10.6 	-0.526723 	0.597163 	0.0211467 	
5.29	-1.38907 	4.39296 	10.5313 	-0.525857 	0.589477 	0.0233884 	
5.295	-1.52527 	4.44357 	10.628 	-0.528804 	0.592336 	0.0199218 	
5.3	-1.50281 	4.41812 	10.5558 	-0.527833 	0.58491 	0.0223745 	
5.305	-1.6286 	4.46634 	10.649 	-0.53066 	0.588003 	0.0190787 	
5.31	-1.5963 	4.43892 	10.5738 	-0.529597 	0.58081 	0.0216982 	
5.315	-1.71348 	4.48515 	10.6641 	-0.532318 	0.584117 	0.0185335 	
5.32	-1.67299 	4.45614 	10.5867 	-0.531177 	0.577136 	0.0212838 	
5.325	-1.78306 	4.50074 	10.6746 	-0.533806 	0.580636 	0.0182183 	
5.33	-1.73435 	4.46845 	10.5915 	-0.532399 	0.573643 	0.0210856 	
5.335	-1.83439 	4.50569 	10.6659 	-0.534348 	0.576732 	0.0181379 	
5.34	-1.7802 	4.47267 	10.5831 	-0.532909 	0.570028 	0.0210837 	
5.345	-1.87748 	4.51173 	10.6628 	-0.535073 	0.573642 	0.0181746 	
5.35	-1.8241 	4.48432 	10.5958 	-0.534207 	0.568018 	0.0211328 	
5.355	-1.91721 	4.52164 	10.6739 	-0.536223 	0.571765 	0.0182774 	
5.36	-1.85986 	4.49343 	10.6051 	-0.535297 	0.566227 	0.0212712 	
5.365	-1.88159 	4.50871 	10.6319 	-0.53653 	0.566913 	0.0202315 	
5.37	-1.6246 	4.41547 	10.4192 	-0.53336 	0.552435 	0.0285049 	
5.375	-1.73591 	4.4494 	10.5116 	-0.53485 	0.557443 	0.0250178 	
5.38	-1.68807 	4.43204 	10.4628 	-0.534139 	0.553324 	0.0273554 	
5.385	-1.79814 	4.46948 	10.5574 	-0.536181 	0.558644 	0.0242394 	
5.39	-1.74537 	4.4509 	10.5049 	-0.5354 	0.554419 	0.0266393 	
5.395	-1.85024 	4.48558 	10.5925 	-0.537228 	0.559465 	0.0235795 	
5.4	-1.64178 	4.36823 	10.2957 	-0.527921 	0.540752 	0.0292941 	
5.405	-1.21012 	4.04804 	9.52104 	-0.499155 	0.49424 	0.0376709 	
5.41	-0.772085 	3.75323 	8.82964 	-0.475085 	0.451604 	0.0482402 	
5.415	-0.384082 	3.4864 	8.1848 	-0.451832 	0.412243 	0.0564144 	
5.42	0.0199462 	3.25013 	7.63012 	-0.433778 	0.376832 	0.0669915 	
5.425	0.158189 	3.18368 	7.45889 	-0.424721 	0.360976 	0.0655651 	
5.43	-0.1139 	3.40772 	8.00863 	-0.435646 	0.379875 	0.0480071 	
5.435	0.0834232 	3.33078 	7.81575 	-0.427649 	0.371979 	0.0501268 	
5.44	0.0603893 	3.57719 	8.44123 	-0.448144 	0.418283 	0.0444616 	
5.445	0.424274 	3.45491 	8.09525 	-0.437028 	0.401091 	0.0487778 	
5.45	0.512977 	3.4453 	7.83528 	-0.419501 	0.393509 	0.0330683 	
5.455	0.841036 	3.33841 	7.56497 	-0.413289 	0.37787 	0.039581 	
5.46	0.537881 	3.58782 	8.1038 	-0.425385 	0.422116 	0.0227992 	
5.465	0.430791 	3.74703 	8.51646 	-0.449158 	0.444296 	0.0285342 	
5.47	0.154734 	3.90653 	8.82474 	-0.459607 	0.461871 	0.0207986 	
5.475	0.0540217 	4.03074 	9.15642 	-0.478691 	0.479817 	0.0253886 	
5.48	-0.179706 	4.13333 	9.35043 	-0.484179 	0.491199 	0.0185245 	
5.485	-0.278309 	4.22603 	9.61758 	-0.499503 	0.505728 	0.0224199 	
5.49	-0.47294 	4.27795 	9.71341 	-0.500833 	0.511492 	0.0166534 	
5.495	-0.539017 	4.35051 	9.89903 	-0.511912 	0.521589 	0.0191555 	
5.5	-0.769687 	4.36694 	9.99103 	-0.509976 	0.52505 	0.0138358 	
5.505	-1.02766 	4.40309 	10.2954 	-0.514396 	0.533345 	0.0145275 	
5.51	-1.25244 	4.36246 	10.3278 	-0.506862 	0.530627 	0.0105091 	
5.515	-1.42946 	4.38895 	10.5523 	-0.511086 	0.536624 	0.0120602 	
5.52	-1.47168 	4.35215 	10.434 	-0.506429 	0.531529 	0.0105644 	
5.525	-1.57057 	4.44425 	10.6507 	-0.518134 	0.543794 	0.012401 	
5.53	-1.59634 	4.39956 	10.5138 	-0.51256 	0.537533 	0.0109483 	
5.535	-1.68561 	4.48697 	10.7211 	-0.523704 	0.549195 	0.012745 	
5.54	-1.69902 	4.43561 	10.5706 	-0.51744 	0.542077 	0.0113635 	
5.545	-1.78102 	4.51938 	10.7714 	-0.528163 	0.553311 	0.0131245 	
5.55	-1.78366 	4.46279 	10.6101 	-0.521356 	0.545499 	0.0118153 	
5.555	-1.85988 	4.54415 	10.8069 	-0.531782 	0.556448 	0.0135389 	
5.56	-1.85309 	4.48338 	10.6369 	-0.524538 	0.548065 	0.0123005 	
5.565	-1.9248 	4.56325 	10.8313 	-0.534761 	0.558836 	0.013983 	
5.57	-1.90974 	4.49906 	10.6542 	-0.527158 	0.549972 	0.0128119 	
5.575	-1.97804 	4.57811 	10.8477 	-0.537245 	0.560646 	0.0144486 	
5.58	-1.95568 	4.51107 	10.6645 	-0.529343 	0.551371 	0.0133411 	
5.585	-2.02151 	4.58978 	10.858 	-0.539345 	0.56201 	0.014927 	
5.59	-1.99269 	4.52029 	10.6695 	-0.531184 	0.552376 	0.0138794 	
5.595	-2.05683 	4.59903 	10.8638 	-0.541139 	0.563026 	0.01541 	
5.6	-2.02225 	4.52741 	10.6706 	-0.532754 	0.553072 	0.014419 	
5.605	-2.08538 	4.60645 	10.8662 	-0.54269 	0.563771 	0.0158904 	
5.61	-2.04562 	4.53293 	10.6688 	-0.534104 	0.553528 	0.0149534 	
5.615	-2.1083 	4.61248 	10.866 	-0.544045 	0.564303 	0.0163621 	
5.62	-2.06386 	4.53722 	10.6648 	-0.535278 	0.553795 	0.0154771 	
5.625	-2.12658 	4.61743 	10.864 	-0.545241 	0.564669 	0.0168204 	
5.63	-2.07751 	4.54064 	10.6592 	-0.53632 	0.553959 	0.0159917 	
5.635	-2.06687 	4.57609 	10.748 	-0.542282 	0.558265 	0.0187557 	
5.64	-1.63742 	4.24056 	9.9187 	-0.510186 	0.510143 	0.0253635 	
5.645	-1.17571 	3.93553 	9.20448 	-0.485592 	0.466768 	0.0367827 	
5.65	-1.06218 	3.82253 	8.89967 	-0.473455 	0.447487 	0.0379844 	
5.655	-1.35836 	4.03438 	9.42025 	-0.49431 	0.471114 	0.0349147 	
5.66	-1.23461 	3.94062 	9.15419 	-0.484365 	0.453892 	0.0367958 	
5.665	-1.52349 	4.15194 	9.67332 	-0.505259 	0.477878 	0.0338251 	
5.67	-1.38346 	4.04176 	9.37154 	-0.493759 	0.459354 	0.0357683 	
5.675	-1.66499 	4.24098 	9.86525 	-0.513438 	0.482601 	0.0326287 	
5.68	-1.51114 	4.11703 	9.53341 	-0.500621 	0.462988 	0.034619 	
5.685	-1.78361 	4.30671 	10.0067 	-0.519415 	0.485614 	0.0314792 	
5.69	-1.62409 	4.17442 	9.65663 	-0.505668 	0.4655 	0.0332903 	
5.695	-1.88462 	4.35609 	10.1125 	-0.523845 	0.487526 	0.0303654 	
5.7	-1.71989 	4.21777 	9.74884 	-0.509408 	0.467062 	0.0320502 	
5.705	-1.97026 	4.39356 	10.1921 	-0.527176 	0.488674 	0.0293398 	
5.71	-1.80123 	4.25029 	9.81843 	-0.512149 	0.467956 	0.0309211 	
5.715	-2.04419 	4.42061 	10.2536 	-0.529519 	0.489294 	0.0284241 	
5.72	-1.87112 	4.27428 	9.87212 	-0.514108 	0.468412 	0.0299255 	
5.725	-2.10671 	4.44174 	10.3008 	-0.531353 	0.489577 	0.0276286 	
5.73	-1.93015 	4.29315 	9.91317 	-0.515637 	0.468579 	0.0290609 	
5.735	-2.15947 	4.45859 	10.3374 	-0.532833 	0.489641 	0.026952 	
5.74	-1.79807 	4.15015 	9.52998 	-0.499073 	0.447552 	0.0285032 	
5.745	-1.5017 	3.84518 	8.71572 	-0.462474 	0.406372 	0.0257813 	
5.75	-1.22677 	3.56258 	7.96112 	-0.428549 	0.368209 	0.0232697 	
5.755	-0.971734 	3.3007 	7.26179 	-0.397103 	0.332842 	0.0209509 	
5.76	-0.735183 	3.05803 	6.61367 	-0.367956 	0.300066 	0.0188092 	
5.765	-0.515788 	2.83315 	6.013 	-0.34094 	0.269691 	0.0168303 	
5.77	-0.312318 	2.62475 	5.4563 	-0.315899 	0.241541 	0.0150011 	
5.775	-0.307888 	2.67036 	5.5613 	-0.321791 	0.2452 	0.0173282 	
5.78	-0.672484 	3.19006 	6.90048 	-0.385465 	0.308083 	0.0275153 	
5.785	-0.646091 	3.19153 	6.873 	-0.384402 	0.305758 	0.0274258 	
5.79	-0.998652 	3.66481 	8.03597 	-0.43789 	0.360874 	0.0323994 	
5.795	-0.949347 	3.6126 	7.88574 	-0.430913 	0.35301 	0.0314105 	
5.8	-1.2819 	3.99845 	8.85593 	-0.474778 	0.399657 	0.0345075 	
5.805	-1.21162 	3.90809 	8.61698 	-0.463635 	0.387727 	0.0330249 	
5.81	-1.52478 	4.2308 	9.44627 	-0.500589 	0.428121 	0.0349154 	
5.815	-1.43522 	4.11497 	9.14589 	-0.486673 	0.413306 	0.0332419 	
5.82	-1.73064 	4.39322 	9.87387 	-0.518749 	0.449152 	0.0343702 	
5.825	-1.62492 	4.25972 	9.52921 	-0.502872 	0.432227 	0.0326032 	
5.83	-1.90443 	4.50657 	10.184 	-0.531502 	0.464744 	0.0332727 	
5.835	-1.78506 	4.36074 	9.80731 	-0.514247 	0.446266 	0.0314914 	
5.84	-2.05056 	4.58541 	10.409 	-0.540445 	0.476338 	0.0319065 	
5.845	-1.91991 	4.43083 	10.009 	-0.522211 	0.456713 	0.0301551 	
5.85	-2.1734 	4.63971 	10.5718 	-0.546666 	0.484965 	0.0304254 	
5.855	-2.03335 	4.47892 	10.1545 	-0.527723 	0.464477 	0.0287192 	
5.86	-2.27701 	4.67627 	10.6878 	-0.550876 	0.491346 	0.0288835 	
5.865	-2.12891 	4.51123 	10.2581 	-0.531451 	0.47022 	0.0272531 	
5.87	-2.36387 	4.70057 	10.7701 	-0.553712 	0.496069 	0.0273984 	
5.875	-2.02422 	4.36106 	9.87635 	-0.513766 	0.451775 	0.0249734 	
5.88	-1.71132 	4.04083 	9.03706 	-0.476082 	0.4103 	0.022501 	
5.885	-1.42105 	3.74409 	8.25928 	-0.441152 	0.371865 	0.0202212 	
5.89	-1.15179 	3.46911 	7.53847 	-0.408775 	0.336246 	0.0181179 	
5.895	-0.902042 	3.2143 	6.87045 	-0.378765 	0.303237 	0.0161765 	
5.9	-0.670404 	2.97817 	6.25135 	-0.350948 	0.272646 	0.0143837 	
5.905	-0.455577 	2.75934 	5.67756 	-0.325165 	0.244296 	0.0127274 	
5.91	-0.256353 	2.55656 	5.14577 	-0.301267 	0.218022 	0.0111965 	
5.915	-0.166751 	2.5867 	5.35654 	-0.306806 	0.246677 	0.0208979 	
5.92	-0.274223 	3.05069 	6.95915 	-0.367332 	0.379236 	0.0521166 	
5.925	-0.181217 	3.03105 	6.99046 	-0.366492 	0.392828 	0.0581939 	
5.93	-0.283721 	3.42484 	8.34414 	-0.418363 	0.505806 	0.0849703 	
5.935	-0.187726 	3.36678 	8.17341 	-0.409252 	0.500079 	0.0803092 	
5.94	-0.254637 	3.67804 	9.04646 	-0.441315 	0.567225 	0.079079 	
5.945	-0.165738 	3.5916 	8.79497 	-0.429237 	0.554718 	0.0739737 	
5.95	-0.249078 	3.82593 	9.47315 	-0.453169 	0.607948 	0.0716945 	
5.955	-0.158895 	3.7063 	9.13544 	-0.437938 	0.588779 	0.0668681 	
5.96	-0.257732 	3.91046 	9.7457 	-0.459063 	0.63703 	0.0644891 	
5.965	-0.164939 	3.77169 	9.37263 	-0.443493 	0.614679 	0.0632985 	
5.97	-0.27097 	3.939 	9.93945 	-0.464957 	0.659463 	0.0700515 	
5.975	-0.220886 	3.82171 	9.62493 	-0.450774 	0.641295 	0.0673361 	
5.98	-0.278615 	3.92591 	10.0254 	-0.466445 	0.67425 	0.0752629 	
5.985	-0.122437 	3.72258 	9.31839 	-0.436091 	0.626781 	0.0641797 	
5.99	-0.0199042 	3.65792 	8.87137 	-0.413575 	0.597784 	0.0467232 	
5.995	0.118299 	3.4812 	8.25945 	-0.387415 	0.55666 	0.0374109 	
6	0.204853 	3.44512 	7.90149 	-0.368766 	0.53351 	0.0213151 	
6.005	0.443041 	3.2094 	7.34287 	-0.351534 	0.494143 	0.0276252 	
6.01	0.889218 	2.98276 	7.06214 	-0.35577 	0.471802 	0.0548912 	
6.015	1.35144 	2.96268 	6.8582 	-0.345143 	0.475135 	0.025015 	
6.02	2.45039 	3.32964 	7.48438 	-0.362989 	0.568024 	-0.0560738 	
6.025	2.19789 	3.32177 	7.42126 	-0.362641 	0.547721 	-0.0521305 	
6.03	1.48735 	3.78699 	8.56048 	-0.41477 	0.588064 	-0.047669 	
6.035	1.30601 	3.73112 	8.38846 	-0.409098 	0.565017 	-0.0446833 	
6.04	0.661247 	4.12255 	9.36762 	-0.453247 	0.600358 	-0.0417812 	
6.045	0.547117 	4.0314 	9.1136 	-0.443789 	0.575332 	-0.0391841 	
6.05	-0.0254782 	4.36551 	9.96362 	-0.481947 	0.606443 	-0.0368837 	
6.055	-0.0837368 	4.24911 	9.64934 	-0.469703 	0.580176 	-0.0346041 	
6.06	-0.596348 	4.54046 	10.4016 	-0.503338 	0.608247 	-0.0327679 	
6.065	-0.388143 	4.20742 	9.52457 	-0.466408 	0.555343 	-0.0310284 	
6.07	-0.191743 	3.89927 	8.71433 	-0.432388 	0.506479 	-0.0291921 	
6.075	0.0963097 	3.63052 	8.05134 	-0.407971 	0.466789 	-0.0204038 	
6.08	0.569433 	3.41455 	7.60822 	-0.399191 	0.440904 	0.00149029 	
6.085	0.512757 	3.40931 	7.574 	-0.399822 	0.432247 	0.00487251 	
6.09	-0.0590414 	3.8755 	8.74066 	-0.453058 	0.482557 	0.0080821 	
6.095	-0.115941 	3.80011 	8.5941 	-0.448146 	0.468743 	0.0111028 	
6.1	-0.519699 	4.10669 	9.3116 	-0.479039 	0.498133 	0.0100419 	
6.105	-0.526789 	4.00064 	9.06513 	-0.46915 	0.480402 	0.0116507 	
6.11	-0.903063 	4.26491 	9.70825 	-0.496715 	0.507348 	0.0107473 	
6.115	-0.872671 	4.14048 	9.40377 	-0.484059 	0.487536 	0.0117519 	
6.12	-1.22428 	4.38023 	10.0015 	-0.509679 	0.513133 	0.011009 	
6.125	-1.16367 	4.24252 	9.65521 	-0.495052 	0.491909 	0.0116211 	
6.13	-1.49337 	4.46447 	10.2201 	-0.51934 	0.516592 	0.0111061 	
6.135	-1.40832 	4.31726 	9.84294 	-0.503256 	0.494398 	0.0114165 	
6.14	-1.71797 	4.52569 	10.3831 	-0.526629 	0.518421 	0.011206 	
6.145	-1.61341 	4.37182 	9.98326 	-0.509452 	0.495581 	0.0112565 	
6.15	-1.90391 	4.56989 	10.5042 	-0.532202 	0.519088 	0.0114111 	
6.155	-1.78437 	4.41146 	10.0879 	-0.514194 	0.49585 	0.011211 	
6.16	-2.05677 	4.6022 	10.5941 	-0.536533 	0.518956 	0.0117231 	
6.165	-1.92601 	4.44047 	10.1657 	-0.517883 	0.495498 	0.0112837 	
6.17	-2.18181 	4.62695 	10.6623 	-0.540053 	0.518367 	0.0121524 	
6.175	-2.04138 	4.46288 	10.2268 	-0.521051 	0.494851 	0.0116456 	
6.18	-2.28521 	4.64598 	10.7139 	-0.542907 	0.517507 	0.0126029 	
6.185	-2.1365 	4.48013 	10.2733 	-0.523671 	0.493991 	0.0120786 	
6.19	-2.37094 	4.66051 	10.7525 	-0.54523 	0.516482 	0.0130533 	
6.195	-2.21535 	4.49336 	10.308 	-0.525811 	0.492991 	0.012511 	
6.2	-2.44263 	4.66983 	10.7773 	-0.546927 	0.51523 	0.0134211 	
6.205	-2.25966 	4.36657 	10.2742 	-0.507646 	0.48724 	0.00683673 	
6.21	-2.41067 	4.16419 	10.6106 	-0.472943 	0.497482 	-0.00915111 	
6.215	-2.23435 	3.94316 	10.1259 	-0.444222 	0.470876 	-0.013204 	
6.22	-2.40205 	3.90426 	10.4889 	-0.429494 	0.482479 	-0.0250577 	
6.225	-2.22998 	3.70583 	10.0176 	-0.403729 	0.457177 	-0.0284479 	
6.23	-2.39154 	3.68623 	10.3985 	-0.391943 	0.469961 	-0.0391528 	
6.235	-2.22061 	3.5056 	9.93741 	-0.368893 	0.445694 	-0.0416435 	
6.24	-2.37794 	3.50164 	10.3313 	-0.359679 	0.459426 	-0.0512451 	
6.245	-2.20693 	3.33551 	9.87665 	-0.338952 	0.435943 	-0.0528882 	
6.25	-2.36077 	3.34454 	10.2827 	-0.331954 	0.450513 	-0.0614788 	
6.255	-2.18923 	3.19019 	9.83848 	-0.313184 	0.427853 	-0.0623491 	
6.26	-2.33763 	3.20783 	10.238 	-0.307917 	0.442497 	-0.0700004 	
6.265	-2.03038 	2.91184 	9.82563 	-0.276404 	0.436363 	-0.0660912 	
6.27	-1.79446 	2.5063 	10.355 	-0.231463 	0.500291 	-0.0611695 	
6.275	-1.58185 	2.31495 	10.0002 	-0.210154 	0.491264 	-0.0591236 	
6.28	-1.38521 	2.00852 	10.3562 	-0.175692 	0.537319 	-0.0548563 	
6.285	-1.27703 	1.92653 	10.064 	-0.164768 	0.525217 	-0.0545295 	
6.29	-1.27341 	1.78137 	10.4176 	-0.146406 	0.56033 	-0.0519152 	
6.295	-1.16946 	1.73657 	10.0833 	-0.139297 	0.542925 	-0.0523213 	
6.3	-1.19901 	1.64957 	10.4202 	-0.126772 	0.572816 	-0.0509114 	
6.305	-1.11473 	1.53374 	10.1904 	-0.112546 	0.567586 	-0.0497026 	
6.31	-1.09716 	1.49836 	10.3761 	-0.10627 	0.583439 	-0.0484543 	
6.315	-0.983786 	1.32861 	10.2341 	-0.0867983 	0.587949 	-0.0459199 	
6.32	-0.864771 	1.18372 	10.3337 	-0.0694825 	0.606135 	-0.044055 	
6.325	-0.819481 	1.16519 	10.158 	-0.0650179 	0.597611 	-0.0449182 	
6.33	-0.778267 	1.05094 	10.3031 	-0.0510842 	0.616906 	-0.0423489 	
6.335	-0.654384 	0.920721 	10.1627 	-0.0359165 	0.618515 	-0.0404441 	
6.34	-0.513271 	0.773322 	10.2085 	-0.0186661 	0.633333 	-0.0386318 	
6.345	-0.453528 	0.657487 	10.2013 	-0.00480659 	0.6429 	-0.0363379 	
6.35	-0.363028 	0.552363 	10.1795 	0.00783673 	0.650415 	-0.0345722 	
6.355	-0.28472 	0.462738 	10.1412 	0.0191704 	0.655962 	-0.0332886 	
6.36	-0.188514 	0.379358 	10.0731 	0.0296693 	0.658835 	-0.0323883 	
6.365	-0.113694 	0.303865 	10.0351 	0.0395747 	0.66332 	-0.0315078 	
6.37	-0.0398627 	0.23595 	9.97849 	0.0483835 	0.66581 	-0.030654 	
6.375	0.0236257 	0.174619 	9.94832 	0.0567685 	0.669713 	-0.0299922 	
6.38	0.085265 	0.119322 	9.89965 	0.0641911 	0.671743 	-0.0293006 	
6.385	0.137965 	0.0695316 	9.87668 	0.0713021 	0.675209 	-0.0287975 	
6.39	0.189668 	0.024608 	9.83439 	0.0775572 	0.676827 	-0.0282474 	
6.395	0.233212 	-0.0156954 	9.81735 	0.0835947 	0.679918 	-0.0278764 	
6.4	0.273483 	-0.0505414 	9.78148 	0.0886787 	0.681184 	-0.0273814 	
6.405	0.293767 	-0.0788624 	9.78826 	0.0932772 	0.685069 	-0.0267466 	
6.41	0.306935 	-0.108169 	9.80169 	0.0976008 	0.689262 	-0.0257769 	
6.415	0.318021 	-0.129982 	9.80815 	0.101416 	0.692597 	-0.0252105 	
6.42	0.328395 	-0.152968 	9.81704 	0.104999 	0.695946 	-0.0244069 	
6.425	0.335489 	-0.168805 	9.81899 	0.108115 	0.698481 	-0.0239844 	
6.43	0.322344 	-0.213118 	10.017 	0.113903 	0.715777 	-0.0219654 	
6.435	0.28567 	-0.275365 	10.3891 	0.121963 	0.74605 	-0.0191475 	
6.44	0.37703 	-0.176947 	9.5865 	0.112596 	0.686957 	-0.0242595 	
6.445	0.480452 	-0.0819934 	8.84176 	0.103512 	0.631819 	-0.0284318 	
6.45	0.540352 	-0.0588322 	8.55711 	0.101562 	0.611794 	-0.0295796 	
6.455	0.510912 	-0.152163 	9.1189 	0.112605 	0.656192 	-0.0264015 	
6.46	0.578333 	-0.129078 	8.7835 	0.110285 	0.632472 	-0.0282928 	
6.465	0.611062 	-0.22008 	9.27395 	0.121204 	0.671572 	-0.0262651 	
6.47	0.65815 	-0.203725 	9.0232 	0.119726 	0.654087 	-0.0276636 	
