0.0	0.310429	-0.173769	0.537008	0.180534	-1.45468	-0.24872
0.005	0.310429	-0.173769	0.537008	0.180534	-1.45468	-0.24872
0.01	0.310429	-0.173769	0.537008	0.180534	-1.45468	-0.24872
0.015	0.31043	-0.173769	0.537008	0.180534	-1.45468	-0.24872
0.02	0.310431	-0.173769	0.537008	0.180534	-1.45468	-0.24872
0.025	0.310433	-0.173769	0.537009	0.180534	-1.45468	-0.24872
0.03	0.310435	-0.173769	0.537009	0.180534	-1.45468	-0.24872
0.035	0.310438	-0.173769	0.53701	0.180534	-1.45468	-0.24872
0.04	0.310441	-0.173769	0.53701	0.180534	-1.45468	-0.24872
0.045	0.310445	-0.173769	0.537011	0.180534	-1.45468	-0.24872
0.05	0.31045	-0.173769	0.537012	0.180534	-1.45468	-0.24872
0.055	0.310455	-0.17377	0.537013	0.180534	-1.45468	-0.24872
0.06	0.310461	-0.17377	0.537014	0.180534	-1.45468	-0.24872
0.065	0.310467	-0.17377	0.537015	0.180534	-1.45468	-0.24872
0.07	0.310473	-0.17377	0.537016	0.180534	-1.45468	-0.24872
0.075	0.310481	-0.17377	0.537018	0.180534	-1.45468	-0.24872
0.08	0.310488	-0.17377	0.537019	0.180534	-1.45468	-0.24872
0.085	0.310497	-0.17377	0.537021	0.180534	-1.45468	-0.24872
0.09	0.310505	-0.173771	0.537022	0.180534	-1.45468	-0.24872
0.095	0.310516	-0.173771	0.537024	0.180534	-1.45468	-0.24872
0.1	0.310526	-0.173771	0.537026	0.180534	-1.45468	-0.24872
0.105	0.310536	-0.173771	0.537028	0.180534	-1.45468	-0.24872
0.11	0.310547	-0.173771	0.53703	0.180534	-1.45468	-0.24872
0.115	0.310559	-0.173772	0.537032	0.180534	-1.45468	-0.24872
0.12	0.310571	-0.173772	0.537034	0.180534	-1.45468	-0.24872
0.125	0.310583	-0.173772	0.537037	0.180534	-1.45468	-0.24872
0.13	0.310597	-0.173772	0.537039	0.180534	-1.45468	-0.24872
0.135	0.31061	-0.173773	0.537042	0.180534	-1.45468	-0.24872
0.14	0.310624	-0.173773	0.537044	0.180534	-1.45468	-0.24872
0.145	0.310639	-0.173773	0.537047	0.180534	-1.45468	-0.24872
0.15	0.310654	-0.173774	0.53705	0.180534	-1.45468	-0.24872
0.155	0.31067	-0.173774	0.537053	0.180534	-1.45468	-0.24872
0.16	0.310687	-0.173774	0.537056	0.180534	-1.45468	-0.24872
0.165	0.310641	-0.173759	0.53704	0.178912	-1.45354	-0.246485
0.17	0.310658	-0.173759	0.537043	0.178912	-1.45354	-0.246485
0.175	0.310676	-0.17376	0.537047	0.178912	-1.45354	-0.246485
0.18	0.310695	-0.17376	0.53705	0.178912	-1.45354	-0.246485
0.185	0.310714	-0.17376	0.537054	0.178912	-1.45354	-0.246485
0.19	0.310733	-0.173761	0.537057	0.178912	-1.45354	-0.246485
0.195	0.310753	-0.173761	0.537061	0.178912	-1.45354	-0.246485
0.2	0.310774	-0.173762	0.537065	0.178912	-1.45354	-0.246485
0.205	0.310795	-0.173762	0.537069	0.178912	-1.45354	-0.246485
0.21	0.310816	-0.173762	0.537073	0.178912	-1.45354	-0.246485
0.215	0.310839	-0.173763	0.537077	0.178912	-1.45354	-0.246485
0.22	0.310861	-0.173763	0.537081	0.178912	-1.45354	-0.246485
0.225	0.310823	-0.173749	0.537066	0.177313	-1.45242	-0.244282
0.23	0.310846	-0.173749	0.537071	0.177313	-1.45242	-0.244282
0.235	0.310871	-0.173749	0.537075	0.177313	-1.45242	-0.244282
0.24	0.310895	-0.17375	0.53708	0.177313	-1.45242	-0.244282
0.245	0.310921	-0.17375	0.537085	0.177313	-1.45242	-0.244282
0.25	0.310946	-0.173751	0.537089	0.177313	-1.45242	-0.244282
0.255	0.310973	-0.173751	0.537094	0.177313	-1.45242	-0.244282
0.26	0.310999	-0.173752	0.537099	0.177313	-1.45242	-0.244282
0.265	0.311027	-0.173752	0.537104	0.177313	-1.45242	-0.244282
0.27	0.311054	-0.173753	0.537109	0.177313	-1.45242	-0.244282
0.275	0.311017	-0.173738	0.537095	0.175618	-1.45123	-0.241947
0.28	0.311046	-0.173738	0.5371	0.175618	-1.45123	-0.241947
0.285	0.311076	-0.173739	0.537106	0.175618	-1.45123	-0.241947
0.29	0.311105	-0.173739	0.537111	0.175618	-1.45123	-0.241947
0.295	0.311136	-0.17374	0.537117	0.175618	-1.45123	-0.241947
0.3	0.311167	-0.17374	0.537122	0.175618	-1.45123	-0.241947
0.305	0.311198	-0.173741	0.537128	0.175618	-1.45123	-0.241947
0.31	0.31123	-0.173741	0.537134	0.175618	-1.45123	-0.241947
0.315	0.3112	-0.173727	0.537121	0.174005	-1.4501	-0.239725
0.32	0.311233	-0.173728	0.537127	0.174005	-1.4501	-0.239725
0.325	0.311266	-0.173728	0.537134	0.174005	-1.4501	-0.239725
0.33	0.3113	-0.173729	0.53714	0.174005	-1.4501	-0.239725
0.335	0.311334	-0.173729	0.537146	0.174005	-1.4501	-0.239725
0.34	0.311369	-0.17373	0.537153	0.174005	-1.4501	-0.239725
0.345	0.311404	-0.17373	0.537159	0.174005	-1.4501	-0.239725
0.35	0.311379	-0.173717	0.537147	0.172425	-1.44899	-0.237548
0.355	0.311416	-0.173717	0.537154	0.172425	-1.44899	-0.237548
0.36	0.311452	-0.173718	0.537161	0.172425	-1.44899	-0.237548
0.365	0.31149	-0.173719	0.537168	0.172425	-1.44899	-0.237548
0.37	0.311527	-0.173719	0.537175	0.172425	-1.44899	-0.237548
0.375	0.311566	-0.17372	0.537182	0.172425	-1.44899	-0.237548
0.38	0.311604	-0.17372	0.537189	0.172425	-1.44899	-0.237548
0.385	0.311577	-0.173706	0.537176	0.170708	-1.44779	-0.235182
0.39	0.311617	-0.173706	0.537184	0.170708	-1.44779	-0.235182
0.395	0.311657	-0.173707	0.537191	0.170708	-1.44779	-0.235182
0.4	0.311698	-0.173707	0.537198	0.170708	-1.44779	-0.235182
0.405	0.311739	-0.173708	0.537206	0.170708	-1.44779	-0.235182
0.41	0.311781	-0.173708	0.537214	0.170708	-1.44779	-0.235182
0.415	0.31176	-0.173695	0.537203	0.169088	-1.44665	-0.232951
0.42	0.311803	-0.173696	0.537211	0.169088	-1.44665	-0.232951
0.425	0.311846	-0.173696	0.537218	0.169089	-1.44665	-0.232951
0.43	0.311889	-0.173697	0.537226	0.169089	-1.44665	-0.232951
0.435	0.311933	-0.173697	0.537235	0.169089	-1.44665	-0.232951
0.44	0.311978	-0.173698	0.537243	0.169089	-1.44665	-0.232951
0.445	0.311956	-0.173684	0.537231	0.16738	-1.44546	-0.230597
0.45	0.312002	-0.173685	0.53724	0.16738	-1.44546	-0.230597
0.455	0.312047	-0.173685	0.537248	0.16738	-1.44546	-0.230597
0.46	0.312094	-0.173686	0.537257	0.16738	-1.44546	-0.230597
0.465	0.312141	-0.173686	0.537265	0.16738	-1.44546	-0.230597
0.47	0.312188	-0.173687	0.537274	0.16738	-1.44546	-0.230597
0.475	0.312165	-0.173672	0.537262	0.165564	-1.44418	-0.228096
0.48	0.312213	-0.173673	0.537271	0.165564	-1.44418	-0.228096
0.485	0.312262	-0.173673	0.537279	0.165564	-1.44418	-0.228096
0.49	0.312311	-0.173674	0.537288	0.165564	-1.44418	-0.228096
0.495	0.31236	-0.173674	0.537297	0.165564	-1.44418	-0.228096
0.5	0.312347	-0.173662	0.537288	0.163939	-1.44304	-0.225857
0.505	0.312397	-0.173662	0.537297	0.163939	-1.44304	-0.225857
0.51	0.312448	-0.173663	0.537307	0.163939	-1.44304	-0.225857
0.515	0.312499	-0.173663	0.537316	0.163939	-1.44304	-0.225857
0.52	0.312551	-0.173664	0.537325	0.163939	-1.44304	-0.225857
0.525	0.312538	-0.173651	0.537316	0.162268	-1.44187	-0.223555
0.53	0.312591	-0.173651	0.537325	0.162268	-1.44187	-0.223555
0.535	0.312643	-0.173652	0.537335	0.162268	-1.44187	-0.223555
0.54	0.312697	-0.173652	0.537345	0.162268	-1.44187	-0.223555
0.545	0.312751	-0.173653	0.537355	0.162268	-1.44187	-0.223555
0.55	0.312737	-0.17364	0.537345	0.16053	-1.44065	-0.22116
0.555	0.312792	-0.17364	0.537355	0.16053	-1.44065	-0.22116
0.56	0.312847	-0.17364	0.537365	0.16053	-1.44065	-0.22116
0.565	0.312902	-0.173641	0.537375	0.16053	-1.44065	-0.22116
0.57	0.312958	-0.173641	0.537385	0.16053	-1.44065	-0.22116
0.575	0.312944	-0.173628	0.537375	0.158723	-1.43939	-0.21867
0.58	0.313001	-0.173628	0.537385	0.158723	-1.43939	-0.21867
0.585	0.313058	-0.173629	0.537396	0.158723	-1.43939	-0.21867
0.59	0.313116	-0.173629	0.537406	0.158723	-1.43939	-0.21867
0.595	0.313174	-0.173629	0.537417	0.158723	-1.43939	-0.21867
0.6	0.313159	-0.173616	0.537406	0.156849	-1.43807	-0.216089
0.605	0.313218	-0.173616	0.537417	0.156849	-1.43807	-0.216089
0.61	0.313277	-0.173616	0.537428	0.156849	-1.43807	-0.216089
0.615	0.313336	-0.173617	0.537439	0.156849	-1.43807	-0.216089
0.62	0.313335	-0.173605	0.537432	0.155264	-1.43696	-0.213905
0.625	0.313395	-0.173606	0.537443	0.155264	-1.43696	-0.213905
0.63	0.313456	-0.173606	0.537454	0.155264	-1.43696	-0.213905
0.635	0.313517	-0.173606	0.537465	0.155264	-1.43696	-0.213905
0.64	0.313516	-0.173595	0.537458	0.153672	-1.43585	-0.211712
0.645	0.313578	-0.173595	0.537469	0.153672	-1.43585	-0.211712
0.65	0.31364	-0.173595	0.537481	0.153672	-1.43585	-0.211712
0.655	0.313703	-0.173596	0.537492	0.153672	-1.43585	-0.211712
0.66	0.313702	-0.173585	0.537485	0.152044	-1.4347	-0.209469
0.665	0.313766	-0.173585	0.537497	0.152044	-1.4347	-0.209469
0.67	0.313829	-0.173585	0.537508	0.152044	-1.4347	-0.209469
0.675	0.313893	-0.173585	0.53752	0.152044	-1.4347	-0.209469
0.68	0.313893	-0.173574	0.537513	0.150377	-1.43353	-0.207173
0.685	0.313958	-0.173574	0.537525	0.150377	-1.43353	-0.207173
0.69	0.314023	-0.173574	0.537536	0.150377	-1.43353	-0.207173
0.695	0.314088	-0.173574	0.537548	0.150377	-1.43353	-0.207173
0.7	0.314088	-0.173563	0.537541	0.148673	-1.43234	-0.204825
0.705	0.314154	-0.173563	0.537553	0.148673	-1.43234	-0.204825
0.71	0.314221	-0.173562	0.537565	0.148673	-1.43234	-0.204825
0.715	0.314288	-0.173562	0.537577	0.148673	-1.43234	-0.204825
0.72	0.314287	-0.173551	0.53757	0.146932	-1.43112	-0.202427
0.725	0.314354	-0.173551	0.537582	0.146932	-1.43112	-0.202427
0.73	0.314422	-0.173551	0.537595	0.146932	-1.43112	-0.202427
0.735	0.314491	-0.173551	0.537607	0.146932	-1.43112	-0.202427
0.74	0.31449	-0.17354	0.5376	0.145156	-1.42987	-0.199979
0.745	0.314559	-0.17354	0.537612	0.145156	-1.42987	-0.199979
0.75	0.314628	-0.173539	0.537625	0.145156	-1.42987	-0.199979
0.755	0.314698	-0.173539	0.537637	0.145156	-1.42987	-0.199979
0.76	0.314697	-0.173528	0.53763	0.143345	-1.4286	-0.197485
0.765	0.314767	-0.173528	0.537642	0.143345	-1.4286	-0.197485
0.77	0.314837	-0.173527	0.537655	0.143345	-1.4286	-0.197485
0.775	0.314908	-0.173527	0.537668	0.143345	-1.4286	-0.197485
0.78	0.314907	-0.173516	0.53766	0.141501	-1.42731	-0.194944
0.785	0.314979	-0.173516	0.537673	0.141501	-1.42731	-0.194944
0.79	0.315051	-0.173515	0.537686	0.141501	-1.42731	-0.194944
0.795	0.315123	-0.173515	0.537699	0.141501	-1.42731	-0.194944
0.8	0.315122	-0.173504	0.537692	0.139625	-1.426	-0.19236
0.805	0.315194	-0.173503	0.537705	0.139625	-1.426	-0.19236
0.81	0.315267	-0.173503	0.537718	0.139625	-1.426	-0.19236
0.815	0.315341	-0.173502	0.537731	0.139625	-1.426	-0.19236
0.82	0.315339	-0.173491	0.537723	0.137718	-1.42466	-0.189732
0.825	0.315413	-0.173491	0.537737	0.137718	-1.42466	-0.189732
0.83	0.315488	-0.17349	0.53775	0.137718	-1.42466	-0.189732
0.835	0.315562	-0.17349	0.537763	0.137718	-1.42466	-0.189732
0.84	0.315561	-0.173479	0.537756	0.135781	-1.4233	-0.187064
0.845	0.315636	-0.173478	0.537769	0.135781	-1.4233	-0.187064
0.85	0.315711	-0.173477	0.537782	0.135781	-1.4233	-0.187064
0.855	0.315787	-0.173477	0.537796	0.135781	-1.4233	-0.187064
0.86	0.315785	-0.173466	0.537788	0.133816	-1.42192	-0.184357
0.865	0.315861	-0.173465	0.537802	0.133816	-1.42192	-0.184357
0.87	0.315938	-0.173464	0.537815	0.133816	-1.42192	-0.184357
0.875	0.316014	-0.173464	0.537829	0.133816	-1.42192	-0.184357
0.88	0.316013	-0.173453	0.537821	0.131824	-1.42053	-0.181612
0.885	0.31609	-0.173452	0.537835	0.131824	-1.42053	-0.181612
0.89	0.316167	-0.173451	0.537849	0.131824	-1.42053	-0.181612
0.895	0.316183	-0.173443	0.537846	0.130261	-1.41943	-0.179459
0.9	0.316261	-0.173442	0.53786	0.130261	-1.41943	-0.179459
0.905	0.316339	-0.173441	0.537873	0.130261	-1.41943	-0.179459
0.91	0.316418	-0.17344	0.537887	0.130261	-1.41943	-0.179459
0.915	0.316418	-0.17343	0.53788	0.12827	-1.41803	-0.176715
0.92	0.316496	-0.173429	0.537894	0.12827	-1.41803	-0.176715
0.925	0.316575	-0.173428	0.537908	0.12827	-1.41803	-0.176715
0.93	0.316592	-0.17342	0.537905	0.126678	-1.41692	-0.174523
0.935	0.316671	-0.173419	0.537919	0.126678	-1.41692	-0.174523
0.94	0.316751	-0.173417	0.537933	0.126678	-1.41692	-0.174523
0.945	0.316769	-0.17341	0.537931	0.125116	-1.41582	-0.172371
0.95	0.316849	-0.173408	0.537945	0.125116	-1.41582	-0.172371
0.955	0.31693	-0.173407	0.537959	0.125116	-1.41582	-0.172371
0.96	0.316948	-0.173399	0.537957	0.123547	-1.41472	-0.170209
0.965	0.317029	-0.173398	0.537971	0.123547	-1.41472	-0.170209
0.97	0.31711	-0.173397	0.537986	0.123547	-1.41472	-0.170209
0.975	0.317129	-0.173389	0.537983	0.121966	-1.41361	-0.168031
0.98	0.31721	-0.173388	0.537998	0.121966	-1.41361	-0.168031
0.985	0.317292	-0.173386	0.538012	0.121966	-1.41361	-0.168031
0.99	0.31731	-0.173379	0.53801	0.120373	-1.4125	-0.165837
0.995	0.317392	-0.173377	0.538024	0.120373	-1.4125	-0.165837
1.0	0.317474	-0.173376	0.538039	0.120373	-1.4125	-0.165837
1.005	0.317493	-0.173368	0.538036	0.118771	-1.41137	-0.163629
1.01	0.317576	-0.173367	0.538051	0.118771	-1.41137	-0.163629
1.015	0.317658	-0.173365	0.538065	0.118771	-1.41137	-0.163629
1.02	0.317677	-0.173358	0.538063	0.117158	-1.41024	-0.161407
1.025	0.31776	-0.173356	0.538078	0.117158	-1.41024	-0.161407
1.03	0.317843	-0.173354	0.538092	0.117158	-1.41024	-0.161407
1.035	0.317862	-0.173347	0.53809	0.115535	-1.40911	-0.159172
1.04	0.317946	-0.173346	0.538105	0.115535	-1.40911	-0.159172
1.045	0.318029	-0.173344	0.538119	0.115535	-1.40911	-0.159172
1.05	0.318048	-0.173337	0.538117	0.113904	-1.40796	-0.156924
1.055	0.318132	-0.173335	0.538132	0.113904	-1.40796	-0.156924
1.06	0.318216	-0.173333	0.538146	0.113904	-1.40796	-0.156924
1.065	0.318235	-0.173326	0.538144	0.112264	-1.40681	-0.154665
1.07	0.318319	-0.173324	0.538159	0.112264	-1.40681	-0.154665
1.075	0.318404	-0.173322	0.538174	0.112264	-1.40681	-0.154665
1.08	0.318423	-0.173316	0.538172	0.110617	-1.40566	-0.152396
1.085	0.318508	-0.173313	0.538186	0.110617	-1.40566	-0.152396
1.09	0.318592	-0.173311	0.538201	0.110617	-1.40566	-0.152396
1.095	0.318612	-0.173305	0.538199	0.108963	-1.4045	-0.150116
1.1	0.318697	-0.173302	0.538214	0.108963	-1.4045	-0.150116
1.105	0.318782	-0.1733	0.538229	0.108963	-1.4045	-0.150116
1.11	0.318801	-0.173294	0.538227	0.107301	-1.40333	-0.147828
1.115	0.318886	-0.173292	0.538241	0.107301	-1.40333	-0.147828
1.12	0.318972	-0.173289	0.538256	0.107301	-1.40333	-0.147828
1.125	0.318991	-0.173283	0.538254	0.105634	-1.40216	-0.145531
1.13	0.319077	-0.173281	0.538269	0.105634	-1.40216	-0.145531
1.135	0.319162	-0.173278	0.538284	0.105634	-1.40216	-0.145531
1.14	0.319182	-0.173272	0.538282	0.103962	-1.40099	-0.143227
1.145	0.319268	-0.17327	0.538297	0.103962	-1.40099	-0.143227
1.15	0.319354	-0.173267	0.538312	0.103962	-1.40099	-0.143227
1.155	0.319373	-0.173261	0.53831	0.102284	-1.39981	-0.140916
1.16	0.319459	-0.173259	0.538325	0.102284	-1.39981	-0.140916
1.165	0.319545	-0.173256	0.538339	0.102284	-1.39981	-0.140916
1.17	0.319565	-0.17325	0.538338	0.100603	-1.39864	-0.138599
1.175	0.319651	-0.173248	0.538352	0.100603	-1.39864	-0.138599
1.18	0.319737	-0.173245	0.538367	0.100603	-1.39864	-0.138599
1.185	0.319757	-0.17324	0.538366	0.0989176	-1.39745	-0.136278
1.19	0.319843	-0.173237	0.53838	0.0989176	-1.39745	-0.136278
1.195	0.31993	-0.173234	0.538395	0.0989176	-1.39745	-0.136278
1.2	0.319949	-0.173229	0.538393	0.0972293	-1.39627	-0.133952
1.205	0.320036	-0.173225	0.538408	0.0972293	-1.39627	-0.133952
1.21	0.320122	-0.173222	0.538423	0.0972293	-1.39627	-0.133952
1.215	0.320142	-0.173218	0.538422	0.0955386	-1.39508	-0.131622
1.22	0.320229	-0.173214	0.538436	0.0955386	-1.39508	-0.131622
1.225	0.320315	-0.173211	0.538451	0.0955386	-1.39508	-0.131622
1.23	0.320335	-0.173207	0.53845	0.093846	-1.3939	-0.12929
1.235	0.320422	-0.173203	0.538464	0.093846	-1.3939	-0.12929
1.24	0.320508	-0.1732	0.538479	0.093846	-1.3939	-0.12929
1.245	0.320528	-0.173196	0.538478	0.0921521	-1.39271	-0.126957
1.25	0.320615	-0.173192	0.538492	0.0921521	-1.39271	-0.126957
1.255	0.320702	-0.173189	0.538507	0.0921521	-1.39271	-0.126957
1.26	0.320721	-0.173185	0.538506	0.0904576	-1.39152	-0.124622
1.265	0.320808	-0.173181	0.538521	0.0904576	-1.39152	-0.124622
1.27	0.320895	-0.173178	0.538535	0.0904576	-1.39152	-0.124622
1.275	0.320914	-0.173174	0.538534	0.088763	-1.39033	-0.122288
1.28	0.321001	-0.17317	0.538549	0.088763	-1.39033	-0.122288
1.285	0.321088	-0.173166	0.538563	0.088763	-1.39033	-0.122288
1.29	0.321107	-0.173163	0.538562	0.0870689	-1.38915	-0.119954
1.295	0.321194	-0.173159	0.538577	0.0870689	-1.38915	-0.119954
1.3	0.321281	-0.173155	0.538591	0.0870689	-1.38915	-0.119954
1.305	0.3213	-0.173152	0.53859	0.085376	-1.38796	-0.117621
1.31	0.321387	-0.173148	0.538605	0.085376	-1.38796	-0.117621
1.315	0.321473	-0.173144	0.538619	0.085376	-1.38796	-0.117621
1.32	0.321493	-0.173141	0.538618	0.0836848	-1.38677	-0.115291
1.325	0.321579	-0.173137	0.538633	0.0836848	-1.38677	-0.115291
1.33	0.321666	-0.173133	0.538647	0.0836848	-1.38677	-0.115291
1.335	0.321685	-0.17313	0.538646	0.0819959	-1.38559	-0.112965
1.34	0.321772	-0.173126	0.538661	0.0819959	-1.38559	-0.112965
1.345	0.321858	-0.173122	0.538675	0.0819959	-1.38559	-0.112965
1.35	0.321877	-0.173119	0.538674	0.0803099	-1.38441	-0.110642
1.355	0.321963	-0.173115	0.538688	0.0803099	-1.38441	-0.110642
1.36	0.32205	-0.17311	0.538703	0.0803099	-1.38441	-0.110642
1.365	0.322069	-0.173108	0.538702	0.0786274	-1.38323	-0.108324
1.37	0.322155	-0.173104	0.538716	0.0786274	-1.38323	-0.108324
1.375	0.322241	-0.173099	0.538731	0.0786274	-1.38323	-0.108324
1.38	0.32226	-0.173097	0.538729	0.076949	-1.38205	-0.106012
1.385	0.322346	-0.173093	0.538744	0.076949	-1.38205	-0.106012
1.39	0.322432	-0.173088	0.538758	0.076949	-1.38205	-0.106012
1.395	0.322451	-0.173086	0.538757	0.0752753	-1.38088	-0.103706
1.4	0.322536	-0.173082	0.538772	0.0752753	-1.38088	-0.103706
1.405	0.322622	-0.173077	0.538786	0.0752753	-1.38088	-0.103706
1.41	0.322641	-0.173075	0.538785	0.0736069	-1.37971	-0.101407
1.415	0.322726	-0.173071	0.538799	0.0736069	-1.37971	-0.101407
1.42	0.322811	-0.173066	0.538813	0.0736069	-1.37971	-0.101407
1.425	0.32283	-0.173064	0.538812	0.0719444	-1.37854	-0.0991169
1.43	0.322915	-0.17306	0.538827	0.0719444	-1.37854	-0.0991169
1.435	0.323	-0.173055	0.538841	0.0719444	-1.37854	-0.0991169
1.44	0.323019	-0.173054	0.53884	0.0702883	-1.37738	-0.0968353
1.445	0.323103	-0.173049	0.538854	0.0702883	-1.37738	-0.0968353
1.45	0.323188	-0.173044	0.538868	0.0702883	-1.37738	-0.0968353
1.455	0.323206	-0.173043	0.538867	0.0686393	-1.37622	-0.0945635
1.46	0.323291	-0.173038	0.538881	0.0686393	-1.37622	-0.0945635
1.465	0.323375	-0.173034	0.538895	0.0686393	-1.37622	-0.0945635
1.47	0.323393	-0.173032	0.538894	0.0669979	-1.37507	-0.0923021
1.475	0.323477	-0.173028	0.538908	0.0669979	-1.37507	-0.0923021
1.48	0.323561	-0.173023	0.538922	0.0669979	-1.37507	-0.0923021
1.485	0.323579	-0.173022	0.538921	0.0653647	-1.37393	-0.0900521
1.49	0.323663	-0.173017	0.538935	0.0653647	-1.37393	-0.0900521
1.495	0.323746	-0.173012	0.538949	0.0653647	-1.37393	-0.0900521
1.5	0.323764	-0.173011	0.538948	0.0637403	-1.37279	-0.0878141
1.505	0.323847	-0.173006	0.538962	0.0637403	-1.37279	-0.0878141
1.51	0.32393	-0.173001	0.538976	0.0637403	-1.37279	-0.0878141
1.515	0.323948	-0.173001	0.538975	0.0621252	-1.37166	-0.085589
1.52	0.32403	-0.172996	0.538989	0.0621252	-1.37166	-0.085589
1.525	0.324113	-0.172991	0.539002	0.0621252	-1.37166	-0.085589
1.53	0.324131	-0.17299	0.539001	0.06052	-1.37053	-0.0833776
1.535	0.324213	-0.172985	0.539015	0.06052	-1.37053	-0.0833776
1.54	0.324294	-0.17298	0.539029	0.06052	-1.37053	-0.0833776
1.545	0.324312	-0.17298	0.539028	0.0589253	-1.36941	-0.0811806
1.55	0.324394	-0.172975	0.539041	0.0589253	-1.36941	-0.0811806
1.555	0.324475	-0.17297	0.539055	0.0589253	-1.36941	-0.0811806
1.56	0.324493	-0.17297	0.539054	0.0573417	-1.3683	-0.0789989
1.565	0.324573	-0.172965	0.539067	0.0573417	-1.3683	-0.0789989
1.57	0.324654	-0.172959	0.539081	0.0573417	-1.3683	-0.0789989
1.575	0.324671	-0.172959	0.53908	0.0557697	-1.3672	-0.0768331
1.58	0.324752	-0.172954	0.539093	0.0557697	-1.3672	-0.0768331
1.585	0.324832	-0.172949	0.539106	0.0557697	-1.3672	-0.0768331
1.59	0.324849	-0.172949	0.539106	0.0542098	-1.36611	-0.0746841
1.595	0.324929	-0.172944	0.539119	0.0542098	-1.36611	-0.0746841
1.6	0.325008	-0.172939	0.539132	0.0542098	-1.36611	-0.0746841
1.605	0.325025	-0.172939	0.539131	0.0526626	-1.36502	-0.0725526
1.61	0.325104	-0.172934	0.539144	0.0526626	-1.36502	-0.0725526
1.615	0.325182	-0.172929	0.539157	0.0526626	-1.36502	-0.0725526
1.62	0.3252	-0.172929	0.539157	0.0511287	-1.36395	-0.0704394
1.625	0.325278	-0.172924	0.53917	0.0511287	-1.36395	-0.0704394
1.63	0.325356	-0.172919	0.539182	0.0511287	-1.36395	-0.0704394
1.635	0.325433	-0.172914	0.539195	0.0511287	-1.36395	-0.0704394
1.64	0.325432	-0.172916	0.539191	0.0491571	-1.36256	-0.067723
1.645	0.325509	-0.172911	0.539203	0.0491571	-1.36256	-0.067723
1.65	0.325586	-0.172905	0.539216	0.0491571	-1.36256	-0.067723
1.655	0.325601	-0.172906	0.539215	0.0476095	-1.36148	-0.0655909
1.66	0.325677	-0.172901	0.539228	0.0476095	-1.36148	-0.0655909
1.665	0.325753	-0.172896	0.53924	0.0476095	-1.36148	-0.0655909
1.67	0.325829	-0.17289	0.539252	0.0476095	-1.36148	-0.0655909
1.675	0.325828	-0.172893	0.539248	0.0456779	-1.36012	-0.0629297
1.68	0.325903	-0.172888	0.539261	0.0456779	-1.36012	-0.0629297
1.685	0.325978	-0.172883	0.539273	0.0456779	-1.36012	-0.0629297
1.69	0.326053	-0.172877	0.539285	0.0456779	-1.36012	-0.0629297
1.695	0.32605	-0.172881	0.539281	0.0437322	-1.35876	-0.0602491
1.7	0.326124	-0.172875	0.539293	0.0437322	-1.35876	-0.0602491
1.705	0.326198	-0.17287	0.539305	0.0437322	-1.35876	-0.0602491
1.71	0.326271	-0.172865	0.539317	0.0437322	-1.35876	-0.0602491
1.715	0.326268	-0.172868	0.539312	0.0418113	-1.35741	-0.0576027
1.72	0.326341	-0.172863	0.539324	0.0418113	-1.35741	-0.0576027
1.725	0.326414	-0.172858	0.539336	0.0418113	-1.35741	-0.0576027
1.73	0.326486	-0.172852	0.539348	0.0418113	-1.35741	-0.0576027
1.735	0.326483	-0.172856	0.539344	0.0399204	-1.35609	-0.0549976
1.74	0.326555	-0.172851	0.539355	0.0399204	-1.35609	-0.0549976
1.745	0.326626	-0.172845	0.539367	0.0399204	-1.35609	-0.0549976
1.75	0.326698	-0.17284	0.539378	0.0399204	-1.35609	-0.0549976
1.755	0.326694	-0.172844	0.539374	0.0380609	-1.35478	-0.0524358
1.76	0.326765	-0.172839	0.539386	0.0380609	-1.35478	-0.0524358
1.765	0.326835	-0.172833	0.539397	0.0380609	-1.35478	-0.0524358
1.77	0.326905	-0.172828	0.539408	0.0380609	-1.35478	-0.0524358
1.775	0.326902	-0.172832	0.539404	0.0362341	-1.3535	-0.0499191
1.78	0.326971	-0.172827	0.539416	0.0362341	-1.3535	-0.0499191
1.785	0.32704	-0.172821	0.539427	0.0362341	-1.3535	-0.0499191
1.79	0.327109	-0.172816	0.539438	0.0362341	-1.3535	-0.0499191
1.795	0.327106	-0.172821	0.539434	0.0344412	-1.35225	-0.0474491
1.8	0.327174	-0.172815	0.539445	0.0344412	-1.35225	-0.0474491
1.805	0.327241	-0.17281	0.539456	0.0344412	-1.35225	-0.0474491
1.81	0.327308	-0.172805	0.539467	0.0344412	-1.35225	-0.0474491
1.815	0.327305	-0.172809	0.539463	0.0326833	-1.35101	-0.0450272
1.82	0.327372	-0.172804	0.539474	0.0326833	-1.35101	-0.0450272
1.825	0.327438	-0.172799	0.539484	0.0326833	-1.35101	-0.0450272
1.83	0.327504	-0.172793	0.539495	0.0326833	-1.35101	-0.0450272
1.835	0.327501	-0.172798	0.539492	0.0309615	-1.34981	-0.0426551
1.84	0.327566	-0.172793	0.539502	0.0309615	-1.34981	-0.0426551
1.845	0.327631	-0.172788	0.539512	0.0309615	-1.34981	-0.0426551
1.85	0.327695	-0.172782	0.539523	0.0309615	-1.34981	-0.0426551
1.855	0.327692	-0.172787	0.539519	0.0292768	-1.34863	-0.0403341
1.86	0.327756	-0.172782	0.53953	0.0292768	-1.34863	-0.0403341
1.865	0.327819	-0.172777	0.53954	0.0292768	-1.34863	-0.0403341
1.87	0.327882	-0.172771	0.53955	0.0292768	-1.34863	-0.0403341
1.875	0.327879	-0.172777	0.539547	0.0276303	-1.34747	-0.0380658
1.88	0.327941	-0.172771	0.539556	0.0276303	-1.34747	-0.0380658
1.885	0.328003	-0.172766	0.539566	0.0276303	-1.34747	-0.0380658
1.89	0.328065	-0.172761	0.539576	0.0276303	-1.34747	-0.0380658
1.895	0.328062	-0.172766	0.539573	0.0260231	-1.34634	-0.0358516
1.9	0.328122	-0.172761	0.539583	0.0260231	-1.34634	-0.0358516
1.905	0.328183	-0.172756	0.539592	0.0260231	-1.34634	-0.0358516
1.91	0.328242	-0.172751	0.539602	0.0260231	-1.34634	-0.0358516
1.915	0.32824	-0.172756	0.539599	0.0244562	-1.34525	-0.0336928
1.92	0.328299	-0.172751	0.539608	0.0244562	-1.34525	-0.0336928
1.925	0.328357	-0.172746	0.539618	0.0244562	-1.34525	-0.0336928
1.93	0.328415	-0.172741	0.539627	0.0244562	-1.34525	-0.0336928
1.935	0.328413	-0.172746	0.539624	0.0229304	-1.34418	-0.0315909
1.94	0.32847	-0.172741	0.539633	0.0229304	-1.34418	-0.0315909
1.945	0.328527	-0.172736	0.539642	0.0229304	-1.34418	-0.0315909
1.95	0.328584	-0.172731	0.539651	0.0229304	-1.34418	-0.0315909
1.955	0.32864	-0.172726	0.53966	0.0229304	-1.34418	-0.0315909
1.96	0.328624	-0.172734	0.539655	0.0211211	-1.34291	-0.0290981
1.965	0.328679	-0.172729	0.539664	0.0211211	-1.34291	-0.0290981
1.97	0.328734	-0.172724	0.539672	0.0211211	-1.34291	-0.0290981
1.975	0.328789	-0.172719	0.539681	0.0211211	-1.34291	-0.0290981
1.98	0.328843	-0.172715	0.53969	0.0211211	-1.34291	-0.0290981
1.985	0.328826	-0.172723	0.539684	0.0193437	-1.34166	-0.0266494
1.99	0.328879	-0.172718	0.539693	0.0193437	-1.34166	-0.0266494
1.995	0.328932	-0.172713	0.539701	0.0193437	-1.34166	-0.0266494
2.0	0.328984	-0.172708	0.539709	0.0193437	-1.34166	-0.0266494
2.005	0.329036	-0.172704	0.539717	0.0193437	-1.34166	-0.0266494
2.01	0.32902	-0.172712	0.539712	0.017632	-1.34046	-0.0242913
2.015	0.329071	-0.172707	0.53972	0.017632	-1.34046	-0.0242913
2.02	0.329121	-0.172702	0.539728	0.017632	-1.34046	-0.0242913
2.025	0.329172	-0.172698	0.539736	0.017632	-1.34046	-0.0242913
2.03	0.329221	-0.172693	0.539744	0.017632	-1.34046	-0.0242913
2.035	0.329206	-0.172701	0.539739	0.0159911	-1.33931	-0.0220306
2.04	0.329254	-0.172697	0.539747	0.0159911	-1.33931	-0.0220306
2.045	0.329303	-0.172692	0.539755	0.0159911	-1.33931	-0.0220306
2.05	0.329351	-0.172688	0.539762	0.0159911	-1.33931	-0.0220306
2.055	0.329398	-0.172683	0.53977	0.0159911	-1.33931	-0.0220306
2.06	0.329383	-0.172691	0.539765	0.0144229	-1.33821	-0.0198701
2.065	0.32943	-0.172687	0.539772	0.0144229	-1.33821	-0.0198701
2.07	0.329476	-0.172682	0.53978	0.0144229	-1.33821	-0.0198701
2.075	0.329521	-0.172678	0.539787	0.0144229	-1.33821	-0.0198701
2.08	0.329566	-0.172674	0.539794	0.0144229	-1.33821	-0.0198701
2.085	0.329611	-0.17267	0.539801	0.0144229	-1.33821	-0.0198701
2.09	0.329586	-0.172679	0.539795	0.0126703	-1.33698	-0.0174556
2.095	0.32963	-0.172675	0.539802	0.0126703	-1.33698	-0.0174556
2.1	0.329673	-0.172671	0.539808	0.0126703	-1.33698	-0.0174556
2.105	0.329716	-0.172667	0.539815	0.0126703	-1.33698	-0.0174556
2.11	0.329758	-0.172663	0.539822	0.0126703	-1.33698	-0.0174556
2.115	0.3298	-0.172659	0.539828	0.0126703	-1.33698	-0.0174556
2.12	0.329775	-0.172668	0.539822	0.0109973	-1.33581	-0.0151507
2.125	0.329816	-0.172665	0.539829	0.0109973	-1.33581	-0.0151507
2.13	0.329857	-0.172661	0.539835	0.0109973	-1.33581	-0.0151507
2.135	0.329897	-0.172657	0.539841	0.0109973	-1.33581	-0.0151507
2.14	0.329936	-0.172653	0.539847	0.0109973	-1.33581	-0.0151507
2.145	0.329975	-0.172649	0.539854	0.0109973	-1.33581	-0.0151507
2.15	0.329952	-0.172659	0.539848	0.00943304	-1.33471	-0.0129956
2.155	0.32999	-0.172655	0.539854	0.00943304	-1.33471	-0.0129956
2.16	0.330027	-0.172651	0.53986	0.00943304	-1.33471	-0.0129956
2.165	0.330064	-0.172648	0.539865	0.00943304	-1.33471	-0.0129956
2.17	0.330101	-0.172644	0.539871	0.00943304	-1.33471	-0.0129956
2.175	0.330137	-0.172641	0.539877	0.00943304	-1.33471	-0.0129956
2.18	0.330172	-0.172637	0.539882	0.00943304	-1.33471	-0.0129956
2.185	0.330142	-0.172648	0.539876	0.00777741	-1.33355	-0.0107147
2.19	0.330176	-0.172644	0.539881	0.00777741	-1.33355	-0.0107147
2.195	0.33021	-0.172641	0.539886	0.00777741	-1.33355	-0.0107147
2.2	0.330244	-0.172638	0.539891	0.00777741	-1.33355	-0.0107147
2.205	0.330277	-0.172634	0.539897	0.00777741	-1.33355	-0.0107147
2.21	0.33031	-0.172631	0.539902	0.00777741	-1.33355	-0.0107147
2.215	0.330342	-0.172628	0.539907	0.00777741	-1.33355	-0.0107147
2.22	0.330313	-0.172638	0.5399	0.00625483	-1.33248	-0.00861705
2.225	0.330344	-0.172635	0.539905	0.00625483	-1.33248	-0.00861705
2.23	0.330375	-0.172632	0.53991	0.00625483	-1.33248	-0.00861705
2.235	0.330405	-0.172629	0.539915	0.00625483	-1.33248	-0.00861705
2.24	0.330434	-0.172626	0.539919	0.00625483	-1.33248	-0.00861705
2.245	0.330463	-0.172623	0.539924	0.00625483	-1.33248	-0.00861705
2.25	0.330492	-0.17262	0.539928	0.00625483	-1.33248	-0.00861705
2.255	0.33052	-0.172617	0.539933	0.00625483	-1.33248	-0.00861705
2.26	0.330487	-0.172628	0.539926	0.00473024	-1.33141	-0.00651664
2.265	0.330514	-0.172625	0.53993	0.00473024	-1.33141	-0.00651664
2.27	0.33054	-0.172623	0.539934	0.00473024	-1.33141	-0.00651664
2.275	0.330566	-0.17262	0.539938	0.00473024	-1.33141	-0.00651664
2.28	0.330592	-0.172618	0.539942	0.00473024	-1.33141	-0.00651664
2.285	0.330616	-0.172615	0.539946	0.00473024	-1.33141	-0.00651664
2.29	0.330641	-0.172613	0.53995	0.00473024	-1.33141	-0.00651664
2.295	0.330665	-0.17261	0.539953	0.00473024	-1.33141	-0.00651664
2.3	0.330688	-0.172608	0.539957	0.00473024	-1.33141	-0.00651664
2.305	0.330711	-0.172606	0.53996	0.00473024	-1.33141	-0.00651664
2.31	0.33067	-0.172618	0.539952	0.00313474	-1.3303	-0.00431852
2.315	0.330692	-0.172615	0.539956	0.00313474	-1.3303	-0.00431852
2.32	0.330713	-0.172613	0.539959	0.00313474	-1.3303	-0.00431852
2.325	0.330734	-0.172611	0.539962	0.00313474	-1.3303	-0.00431852
2.33	0.330754	-0.172609	0.539965	0.00313474	-1.3303	-0.00431852
2.335	0.330773	-0.172607	0.539968	0.00313474	-1.3303	-0.00431852
2.34	0.330792	-0.172605	0.539971	0.00313474	-1.3303	-0.00431852
2.345	0.330811	-0.172603	0.539974	0.00313474	-1.3303	-0.00431852
2.35	0.330829	-0.172601	0.539977	0.00313474	-1.3303	-0.00431852
2.355	0.330847	-0.1726	0.53998	0.00313474	-1.3303	-0.00431852
2.36	0.330864	-0.172598	0.539982	0.00313474	-1.3303	-0.00431852
2.365	0.33088	-0.172596	0.539985	0.00313474	-1.3303	-0.00431852
2.37	0.330896	-0.172595	0.539987	0.00313474	-1.3303	-0.00431852
2.375	0.330849	-0.172607	0.539978	0.00155958	-1.32919	-0.00214844
2.38	0.330864	-0.172606	0.539981	0.00155958	-1.32919	-0.00214844
2.385	0.330878	-0.172604	0.539983	0.00155958	-1.32919	-0.00214844
2.39	0.330892	-0.172603	0.539985	0.00155958	-1.32919	-0.00214844
2.395	0.330905	-0.172602	0.539987	0.00155958	-1.32919	-0.00214844
2.4	0.330918	-0.1726	0.539989	0.00155958	-1.32919	-0.00214844
2.405	0.33093	-0.172599	0.539991	0.00155958	-1.32919	-0.00214844
2.41	0.330942	-0.172598	0.539993	0.00155958	-1.32919	-0.00214844
2.415	0.330953	-0.172597	0.539994	0.00155958	-1.32919	-0.00214844
2.42	0.330963	-0.172596	0.539996	0.00155958	-1.32919	-0.00214844
2.425	0.330973	-0.172595	0.539998	0.00155958	-1.32919	-0.00214844
2.43	0.330982	-0.172594	0.539999	0.00155958	-1.32919	-0.00214844
2.435	0.330992	-0.172593	0.54	0.00155958	-1.32919	-0.00214844
2.44	0.330999	-0.172592	0.540002	0.00155958	-1.32919	-0.00214844
2.445	0.331007	-0.172591	0.540003	0.00155958	-1.32919	-0.00214844
2.45	0.331015	-0.17259	0.540004	0.00155958	-1.32919	-0.00214844
2.455	0.331021	-0.17259	0.540005	0.00155958	-1.32919	-0.00214844
2.46	0.331028	-0.172589	0.540006	0.00155958	-1.32919	-0.00214844
2.465	0.331034	-0.172588	0.540007	0.00155958	-1.32919	-0.00214844
2.47	0.331039	-0.172588	0.540008	0.00155958	-1.32919	-0.00214844
2.475	0.331043	-0.172587	0.540008	0.00155958	-1.32919	-0.00214844
2.48	0.331048	-0.172587	0.540009	0.00155958	-1.32919	-0.00214844
2.485	0.331051	-0.172587	0.54001	0.00155958	-1.32919	-0.00214844
2.49	0.331054	-0.172586	0.54001	0.00155958	-1.32919	-0.00214844
2.495	0.331057	-0.172586	0.540011	0.00155958	-1.32919	-0.00214844
2.5	0.331059	-0.172586	0.540011	0.00155958	-1.32919	-0.00214844
2.505	0.33106	-0.172586	0.540011	0.00155958	-1.32919	-0.00214844
2.51	0.33106	-0.172586	0.540011	0.00155958	-1.32919	-0.00214844
2.515	0.331061	-0.172586	0.540011	0.00155958	-1.32919	-0.00214844
2.52	0.331061	-0.172586	0.540011	0.00155958	-1.32919	-0.00214844
2.525	0.331062	-0.172585	0.54001	0.00155958	-1.32919	-0.00214844
2.53	0.331063	-0.172585	0.540009	0.00155958	-1.32919	-0.00214844
2.535	0.331064	-0.172584	0.540008	0.00155958	-1.32919	-0.00214844
2.54	0.331065	-0.172583	0.540006	0.00155958	-1.32919	-0.00214844
2.545	0.331067	-0.172582	0.540003	0.00155958	-1.32919	-0.00214844
2.55	0.331069	-0.17258	0.54	0.00155958	-1.32919	-0.00214844
2.555	0.331071	-0.172578	0.539997	0.00155958	-1.32919	-0.00214844
2.56	0.331073	-0.172576	0.539993	0.00155958	-1.32919	-0.00214845
2.565	0.331076	-0.172574	0.539989	0.00155959	-1.32919	-0.00214845
2.57	0.33108	-0.172572	0.539984	0.00155959	-1.32919	-0.00214845
2.575	0.331083	-0.172569	0.539979	0.00155959	-1.32919	-0.00214845
2.58	0.331087	-0.172566	0.539974	0.00155959	-1.32919	-0.00214845
2.585	0.331091	-0.172563	0.539968	0.00155959	-1.32919	-0.00214845
2.59	0.331095	-0.17256	0.539961	0.00155959	-1.32919	-0.00214845
2.595	0.331101	-0.172556	0.539953	0.00155959	-1.32919	-0.00214845
2.6	0.331105	-0.172552	0.539947	0.00155959	-1.32919	-0.00214845
2.605	0.331111	-0.172548	0.539938	0.00155959	-1.32919	-0.00214846
2.61	0.331117	-0.172543	0.53993	0.0015596	-1.32919	-0.00214846
2.615	0.331082	-0.172541	0.539914	0.000645946	-1.32849	-0.000216915
2.62	0.331088	-0.172536	0.539905	0.000645948	-1.32849	-0.000216917
2.625	0.331095	-0.172531	0.539895	0.00064595	-1.32849	-0.000216919
2.63	0.331102	-0.172526	0.539885	0.000645952	-1.32849	-0.000216922
2.635	0.331109	-0.17252	0.539874	0.000645955	-1.32849	-0.000216925
2.64	0.331117	-0.172514	0.539863	0.000645957	-1.32849	-0.000216928
2.645	0.331125	-0.172509	0.539852	0.00064596	-1.32849	-0.000216931
2.65	0.331133	-0.172502	0.53984	0.000645963	-1.32849	-0.000216934
2.655	0.331141	-0.172496	0.539828	0.000645967	-1.32849	-0.000216938
2.66	0.33115	-0.172489	0.539815	0.00064597	-1.32849	-0.000216942
2.665	0.331159	-0.172482	0.539802	0.000645974	-1.32849	-0.000216947
2.67	0.331168	-0.172475	0.539788	0.000645978	-1.32849	-0.000216951
2.675	0.331178	-0.172468	0.539774	0.000645983	-1.32849	-0.000216956
2.68	0.331188	-0.17246	0.539759	0.000645987	-1.32849	-0.000216961
2.685	0.331198	-0.172453	0.539744	0.000645992	-1.32849	-0.000216967
2.69	0.331209	-0.172445	0.539729	0.000645997	-1.32849	-0.000216973
2.695	0.331247	-0.172412	0.539719	0.00163791	-1.32904	-2.04001e-05
2.7	0.331259	-0.172404	0.539703	0.00163792	-1.32904	-2.04067e-05
2.705	0.33127	-0.172395	0.539686	0.00163792	-1.32904	-2.04136e-05
2.71	0.331282	-0.172386	0.539669	0.00163793	-1.32904	-2.04209e-05
2.715	0.331294	-0.172377	0.539651	0.00163794	-1.32904	-2.04286e-05
2.72	0.331306	-0.172368	0.539633	0.00163794	-1.32904	-2.04366e-05
2.725	0.331319	-0.172358	0.539615	0.00163795	-1.32904	-2.04451e-05
2.73	0.331332	-0.172348	0.539596	0.00163796	-1.32904	-2.04539e-05
2.735	0.331345	-0.172338	0.539576	0.00163797	-1.32904	-2.04631e-05
2.74	0.331358	-0.172328	0.539557	0.00163798	-1.32904	-2.04727e-05
2.745	0.331372	-0.172318	0.539537	0.00163798	-1.32904	-2.04828e-05
2.75	0.331421	-0.17228	0.539523	0.00283339	-1.32972	-5.24886e-07
2.755	0.331436	-0.172269	0.539502	0.0028334	-1.32972	-5.35796e-07
2.76	0.33145	-0.172258	0.539481	0.00283341	-1.32972	-5.47144e-07
2.765	0.331465	-0.172247	0.539459	0.00283342	-1.32972	-5.58938e-07
2.77	0.33148	-0.172235	0.539437	0.00283343	-1.32972	-5.71184e-07
2.775	0.331496	-0.172223	0.539414	0.00283344	-1.32972	-5.8389e-07
2.78	0.331512	-0.172211	0.539391	0.00283345	-1.32972	-5.97061e-07
2.785	0.331528	-0.172199	0.539367	0.00283346	-1.32972	-6.10706e-07
2.79	0.331544	-0.172187	0.539344	0.00283347	-1.32972	-6.2483e-07
2.795	0.331597	-0.172147	0.539327	0.00405558	-1.33043	1.47251e-06
2.8	0.331613	-0.172134	0.539302	0.00405559	-1.33043	1.4574e-06
2.805	0.331631	-0.172121	0.539277	0.00405561	-1.33043	1.44178e-06
2.81	0.331648	-0.172108	0.539251	0.00405562	-1.33043	1.42566e-06
2.815	0.331666	-0.172094	0.539225	0.00405563	-1.33043	1.40904e-06
2.82	0.331684	-0.17208	0.539199	0.00405565	-1.33043	1.39189e-06
2.825	0.331702	-0.172067	0.539172	0.00405567	-1.33043	1.37423e-06
2.83	0.331721	-0.172052	0.539145	0.00405568	-1.33043	1.35604e-06
2.835	0.331776	-0.17201	0.539125	0.00530837	-1.33114	1.72596e-06
2.84	0.331796	-0.171995	0.539097	0.00530839	-1.33114	1.70668e-06
2.845	0.331815	-0.171981	0.539069	0.00530841	-1.33114	1.68686e-06
2.85	0.331835	-0.171966	0.53904	0.00530843	-1.33114	1.6665e-06
2.855	0.331854	-0.171951	0.539011	0.00530845	-1.33114	1.64558e-06
2.86	0.331875	-0.171935	0.538981	0.00530846	-1.33114	1.62411e-06
2.865	0.331895	-0.17192	0.538951	0.00530848	-1.33114	1.60207e-06
2.87	0.331952	-0.171877	0.538929	0.00653557	-1.33185	1.65906e-06
2.875	0.331973	-0.171861	0.538898	0.00653559	-1.33185	1.63587e-06
2.88	0.331994	-0.171845	0.538867	0.00653561	-1.33185	1.61211e-06
2.885	0.332016	-0.171828	0.538835	0.00653563	-1.33185	1.58777e-06
2.89	0.332037	-0.171812	0.538804	0.00653565	-1.33185	1.56286e-06
2.895	0.332059	-0.171795	0.538771	0.00653567	-1.33185	1.53736e-06
2.9	0.332115	-0.171752	0.538746	0.00768385	-1.3325	1.43058e-06
2.905	0.332138	-0.171735	0.538713	0.00768387	-1.3325	1.40388e-06
2.91	0.332161	-0.171718	0.53868	0.0076839	-1.3325	1.37659e-06
2.915	0.332184	-0.171701	0.538646	0.00768392	-1.3325	1.3487e-06
2.92	0.332207	-0.171683	0.538612	0.00768395	-1.3325	1.32021e-06
2.925	0.332231	-0.171665	0.538578	0.00768397	-1.3325	1.29112e-06
2.93	0.33229	-0.17162	0.53855	0.00889616	-1.3332	1.5563e-06
2.935	0.332314	-0.171602	0.538515	0.00889618	-1.3332	1.52597e-06
2.94	0.332338	-0.171583	0.53848	0.00889621	-1.3332	1.49504e-06
2.945	0.332363	-0.171565	0.538444	0.00889624	-1.3332	1.46349e-06
2.95	0.332387	-0.171546	0.538408	0.00889627	-1.3332	1.43134e-06
2.955	0.332412	-0.171527	0.538371	0.0088963	-1.3332	1.39857e-06
2.96	0.332475	-0.171479	0.538342	0.0101846	-1.33394	1.76125e-06
2.965	0.332501	-0.171459	0.538305	0.0101847	-1.33394	1.72721e-06
2.97	0.332527	-0.17144	0.538267	0.0101847	-1.33394	1.69256e-06
2.975	0.332553	-0.17142	0.538229	0.0101847	-1.33394	1.6573e-06
2.98	0.332579	-0.1714	0.538191	0.0101848	-1.33394	1.62142e-06
2.985	0.332639	-0.171354	0.538159	0.0113382	-1.3346	1.41069e-06
2.99	0.332666	-0.171334	0.538121	0.0113382	-1.3346	1.37353e-06
2.995	0.332692	-0.171314	0.538081	0.0113382	-1.3346	1.33575e-06
3.0	0.33272	-0.171293	0.538042	0.0113383	-1.3346	1.29735e-06
3.005	0.332747	-0.171273	0.538002	0.0113383	-1.3346	1.25834e-06
3.01	0.332809	-0.171225	0.537969	0.0125229	-1.33528	1.44407e-06
3.015	0.332837	-0.171204	0.537928	0.0125229	-1.33528	1.40377e-06
3.02	0.332865	-0.171183	0.537887	0.0125229	-1.33528	1.36286e-06
3.025	0.332893	-0.171162	0.537846	0.012523	-1.33528	1.32133e-06
3.03	0.332921	-0.17114	0.537805	0.012523	-1.33528	1.27918e-06
3.035	0.332986	-0.171091	0.53777	0.013754	-1.33598	1.55914e-06
3.04	0.333015	-0.171069	0.537728	0.0137541	-1.33598	1.51571e-06
3.045	0.333044	-0.171047	0.537686	0.0137541	-1.33598	1.47168e-06
3.05	0.333073	-0.171025	0.537643	0.0137541	-1.33598	1.42703e-06
3.055	0.333103	-0.171002	0.5376	0.0137542	-1.33598	1.38177e-06
3.06	0.33317	-0.170951	0.537565	0.0150315	-1.33672	1.68797e-06
3.065	0.3332	-0.170928	0.537521	0.0150316	-1.33672	1.64144e-06
3.07	0.33323	-0.170906	0.537477	0.0150316	-1.33672	1.59432e-06
3.075	0.33326	-0.170883	0.537433	0.0150316	-1.33672	1.54659e-06
3.08	0.33329	-0.17086	0.537388	0.0150317	-1.33672	1.49826e-06
3.085	0.33336	-0.170807	0.537352	0.0163535	-1.33747	1.8193e-06
3.09	0.333391	-0.170783	0.537306	0.0163536	-1.33747	1.76972e-06
3.095	0.333422	-0.17076	0.537261	0.0163536	-1.33747	1.71955e-06
3.1	0.333453	-0.170736	0.537215	0.0163536	-1.33747	1.6688e-06
3.105	0.333517	-0.170687	0.537177	0.0174692	-1.33811	1.27895e-06
3.11	0.333548	-0.170663	0.53713	0.0174693	-1.33811	1.22698e-06
3.115	0.33358	-0.170639	0.537084	0.0174693	-1.33811	1.17443e-06
3.12	0.333612	-0.170615	0.537037	0.0174694	-1.33811	1.12131e-06
3.125	0.333677	-0.170566	0.536997	0.0185871	-1.33875	1.22547e-06
3.13	0.333709	-0.170541	0.53695	0.0185871	-1.33875	1.17115e-06
3.135	0.333742	-0.170516	0.536902	0.0185872	-1.33875	1.11628e-06
3.14	0.333775	-0.170492	0.536854	0.0185872	-1.33875	1.06084e-06
3.145	0.333841	-0.170441	0.536814	0.0197275	-1.33941	1.27018e-06
3.15	0.333874	-0.170416	0.536765	0.0197275	-1.33941	1.21358e-06
3.155	0.333907	-0.170391	0.536717	0.0197276	-1.33941	1.15644e-06
3.16	0.33394	-0.170366	0.536668	0.0197276	-1.33941	1.09876e-06
3.165	0.334008	-0.170314	0.536626	0.0208915	-1.34007	1.32919e-06
3.17	0.334041	-0.170289	0.536577	0.0208915	-1.34007	1.27038e-06
3.175	0.334075	-0.170263	0.536528	0.0208916	-1.34007	1.21105e-06
3.18	0.334109	-0.170237	0.536478	0.0208916	-1.34007	1.15119e-06
3.185	0.334178	-0.170185	0.536436	0.0220781	-1.34075	1.38937e-06
3.19	0.334212	-0.170159	0.536385	0.0220781	-1.34075	1.32842e-06
3.195	0.334247	-0.170133	0.536335	0.0220782	-1.34075	1.26698e-06
3.2	0.334282	-0.170107	0.536284	0.0220782	-1.34075	1.20504e-06
3.205	0.334351	-0.170053	0.536241	0.0232861	-1.34145	1.44874e-06
3.21	0.334386	-0.170027	0.53619	0.0232862	-1.34145	1.38575e-06
3.215	0.334421	-0.17	0.536139	0.0232862	-1.34145	1.32229e-06
3.22	0.334457	-0.169973	0.536088	0.0232863	-1.34145	1.25836e-06
3.225	0.334528	-0.169919	0.536044	0.0245145	-1.34215	1.50686e-06
3.23	0.334563	-0.169892	0.535992	0.0245145	-1.34215	1.44193e-06
3.235	0.334599	-0.169865	0.53594	0.0245146	-1.34215	1.37654e-06
3.24	0.334635	-0.169838	0.535888	0.0245147	-1.34215	1.31071e-06
3.245	0.334707	-0.169783	0.535843	0.0257619	-1.34286	1.56348e-06
3.25	0.334743	-0.169756	0.535791	0.025762	-1.34286	1.49669e-06
3.255	0.334779	-0.169729	0.535738	0.025762	-1.34286	1.42949e-06
3.26	0.334815	-0.169701	0.535685	0.0257621	-1.34286	1.36188e-06
3.265	0.334888	-0.169645	0.53564	0.0270271	-1.34359	1.61836e-06
3.27	0.334925	-0.169618	0.535587	0.0270272	-1.34359	1.54984e-06
3.275	0.334961	-0.16959	0.535533	0.0270272	-1.34359	1.48094e-06
3.28	0.334998	-0.169562	0.53548	0.0270273	-1.34359	1.41164e-06
3.285	0.335072	-0.169505	0.535434	0.0283089	-1.34432	1.67129e-06
3.29	0.335109	-0.169478	0.53538	0.0283089	-1.34432	1.60116e-06
3.295	0.335146	-0.169449	0.535326	0.028309	-1.34432	1.53066e-06
3.3	0.335183	-0.169421	0.535272	0.028309	-1.34432	1.45981e-06
3.305	0.335258	-0.169364	0.535226	0.0296059	-1.34507	1.72205e-06
3.31	0.335295	-0.169336	0.535171	0.0296059	-1.34507	1.65043e-06
3.315	0.335333	-0.169307	0.535116	0.029606	-1.34507	1.57847e-06
3.32	0.33537	-0.169279	0.535061	0.0296061	-1.34507	1.50619e-06
3.325	0.335446	-0.169221	0.535015	0.0309169	-1.34582	1.77044e-06
3.33	0.335484	-0.169193	0.53496	0.0309169	-1.34582	1.69745e-06
3.335	0.335522	-0.169164	0.534905	0.030917	-1.34582	1.62416e-06
3.34	0.33556	-0.169135	0.534849	0.0309171	-1.34582	1.55058e-06
3.345	0.335636	-0.169077	0.534802	0.0322405	-1.34658	1.81624e-06
3.35	0.335674	-0.169048	0.534747	0.0322406	-1.34658	1.74201e-06
3.355	0.335712	-0.169019	0.534691	0.0322407	-1.34658	1.66753e-06
3.36	0.33575	-0.16899	0.534635	0.0322407	-1.34658	1.59279e-06
3.365	0.335827	-0.168931	0.534588	0.0335756	-1.34734	1.85926e-06
3.37	0.335866	-0.168902	0.534532	0.0335756	-1.34734	1.78394e-06
3.375	0.335904	-0.168873	0.534476	0.0335757	-1.34734	1.7084e-06
3.38	0.335943	-0.168844	0.534419	0.0335758	-1.34734	1.63264e-06
3.385	0.33602	-0.168785	0.534372	0.0349206	-1.34811	1.89931e-06
3.39	0.336059	-0.168756	0.534315	0.0349207	-1.34811	1.82304e-06
3.395	0.336098	-0.168726	0.534259	0.0349207	-1.34811	1.74658e-06
3.4	0.336136	-0.168697	0.534202	0.0349208	-1.34811	1.66995e-06
3.405	0.336214	-0.168637	0.534155	0.0362743	-1.34889	1.9362e-06
3.41	0.336253	-0.168608	0.534098	0.0362744	-1.34889	1.85912e-06
3.415	0.336292	-0.168579	0.534041	0.0362744	-1.34889	1.7819e-06
3.42	0.336331	-0.168549	0.533984	0.0362745	-1.34889	1.70454e-06
3.425	0.336409	-0.168489	0.533936	0.0376353	-1.34967	1.96976e-06
3.43	0.336448	-0.16846	0.533879	0.0376354	-1.34967	1.89203e-06
3.435	0.336487	-0.16843	0.533822	0.0376355	-1.34967	1.81419e-06
3.44	0.336527	-0.168401	0.533765	0.0376356	-1.34967	1.73626e-06
3.445	0.336605	-0.16834	0.533717	0.0390024	-1.35045	1.99984e-06
3.45	0.336644	-0.168311	0.533659	0.0390024	-1.35045	1.9216e-06
3.455	0.336684	-0.168281	0.533602	0.0390025	-1.35045	1.8433e-06
3.46	0.336723	-0.168251	0.533545	0.0390026	-1.35045	1.76494e-06
3.465	0.336802	-0.168191	0.533496	0.040374	-1.35124	2.02627e-06
3.47	0.336841	-0.168161	0.533439	0.0403741	-1.35124	1.94769e-06
3.475	0.336881	-0.168131	0.533381	0.0403741	-1.35124	1.86908e-06
3.48	0.33692	-0.168102	0.533324	0.0403742	-1.35124	1.79044e-06
3.485	0.336999	-0.168041	0.533276	0.0417488	-1.35203	2.04893e-06
3.49	0.337038	-0.168011	0.533218	0.0417489	-1.35203	1.97015e-06
3.495	0.337078	-0.167982	0.533161	0.041749	-1.35203	1.89138e-06
3.5	0.337117	-0.167952	0.533103	0.0417491	-1.35203	1.81263e-06
3.505	0.337196	-0.167891	0.533055	0.0431256	-1.35281	2.06769e-06
3.51	0.337235	-0.167861	0.532997	0.0431257	-1.35281	1.98887e-06
3.515	0.337275	-0.167832	0.53294	0.0431257	-1.35281	1.9101e-06
3.52	0.337315	-0.167802	0.532882	0.0431258	-1.35281	1.83138e-06
3.525	0.337393	-0.167741	0.532834	0.0445028	-1.3536	2.08244e-06
3.53	0.337433	-0.167712	0.532776	0.0445029	-1.3536	2.00373e-06
3.535	0.337472	-0.167682	0.532719	0.044503	-1.3536	1.92512e-06
3.54	0.337512	-0.167652	0.532661	0.044503	-1.3536	1.84659e-06
3.545	0.33759	-0.167591	0.532613	0.0458792	-1.35439	2.09308e-06
3.55	0.33763	-0.167562	0.532555	0.0458793	-1.35439	2.01464e-06
3.555	0.337669	-0.167532	0.532498	0.0458793	-1.35439	1.93633e-06
3.56	0.337709	-0.167502	0.53244	0.0458794	-1.35439	1.85816e-06
3.565	0.337787	-0.167442	0.532392	0.0472533	-1.35518	2.09954e-06
3.57	0.337827	-0.167412	0.532335	0.0472534	-1.35518	2.02152e-06
3.575	0.337866	-0.167383	0.532278	0.0472534	-1.35518	1.94367e-06
3.58	0.337905	-0.167353	0.53222	0.0472535	-1.35518	1.86599e-06
3.585	0.337984	-0.167293	0.532173	0.0486238	-1.35597	2.10175e-06
3.59	0.338023	-0.167263	0.532115	0.0486239	-1.35597	2.02431e-06
3.595	0.338062	-0.167234	0.532058	0.0486239	-1.35597	1.94707e-06
3.6	0.338101	-0.167204	0.532001	0.048624	-1.35597	1.87004e-06
3.605	0.338179	-0.167144	0.531954	0.0499893	-1.35675	2.09967e-06
3.61	0.338218	-0.167115	0.531897	0.0499894	-1.35675	2.02295e-06
3.615	0.338257	-0.167085	0.53184	0.0499895	-1.35675	1.94647e-06
3.62	0.338296	-0.167056	0.531783	0.0499895	-1.35675	1.87023e-06
3.625	0.338374	-0.166996	0.531736	0.0513485	-1.35753	2.09326e-06
3.63	0.338413	-0.166967	0.531679	0.0513486	-1.35753	2.01742e-06
3.635	0.338452	-0.166938	0.531622	0.0513486	-1.35753	1.94184e-06
3.64	0.33849	-0.166908	0.531566	0.0513487	-1.35753	1.86654e-06
3.645	0.338567	-0.166849	0.531519	0.0527	-1.3583	2.08253e-06
3.65	0.338606	-0.16682	0.531463	0.0527001	-1.3583	2.00769e-06
3.655	0.338645	-0.166791	0.531406	0.0527001	-1.3583	1.93316e-06
3.66	0.338683	-0.166762	0.53135	0.0527002	-1.3583	1.85895e-06
3.665	0.33876	-0.166703	0.531304	0.0540424	-1.35907	2.06748e-06
3.67	0.338798	-0.166674	0.531248	0.0540425	-1.35907	1.99379e-06
3.675	0.338836	-0.166645	0.531192	0.0540426	-1.35907	1.92045e-06
3.68	0.338875	-0.166616	0.531136	0.0540426	-1.35907	1.84745e-06
3.685	0.33895	-0.166558	0.53109	0.0553745	-1.35983	2.04814e-06
3.69	0.338988	-0.166529	0.531035	0.0553746	-1.35983	1.97573e-06
3.695	0.339026	-0.166501	0.530979	0.0553746	-1.35983	1.9037e-06
3.7	0.339064	-0.166472	0.530924	0.0553747	-1.35983	1.83205e-06
3.705	0.339139	-0.166414	0.530878	0.0566948	-1.36059	2.02455e-06
3.71	0.339177	-0.166386	0.530824	0.0566949	-1.36059	1.95356e-06
3.715	0.339215	-0.166358	0.530769	0.056695	-1.36059	1.88297e-06
3.72	0.339252	-0.166329	0.530714	0.056695	-1.36059	1.81279e-06
3.725	0.339326	-0.166272	0.530669	0.0580022	-1.36134	1.99679e-06
3.73	0.339364	-0.166244	0.530615	0.0580022	-1.36134	1.92733e-06
3.735	0.339401	-0.166216	0.53056	0.0580023	-1.36134	1.85831e-06
3.74	0.339438	-0.166188	0.530506	0.0580024	-1.36134	1.78972e-06
3.745	0.339511	-0.166131	0.530462	0.0592952	-1.36208	1.96493e-06
3.75	0.339548	-0.166104	0.530408	0.0592952	-1.36208	1.89713e-06
3.755	0.339585	-0.166076	0.530354	0.0592953	-1.36208	1.82979e-06
3.76	0.339622	-0.166049	0.530301	0.0592953	-1.36208	1.76291e-06
3.765	0.339694	-0.165993	0.530257	0.0605725	-1.36281	1.92909e-06
3.77	0.339731	-0.165965	0.530204	0.0605726	-1.36281	1.86305e-06
3.775	0.339767	-0.165938	0.530151	0.0605727	-1.36281	1.7975e-06
3.78	0.339803	-0.165911	0.530099	0.0605727	-1.36281	1.73244e-06
3.785	0.339875	-0.165855	0.530055	0.061833	-1.36354	1.88939e-06
3.79	0.339911	-0.165828	0.530003	0.0618331	-1.36354	1.82522e-06
3.795	0.339946	-0.165802	0.529951	0.0618331	-1.36354	1.76157e-06
3.8	0.339982	-0.165775	0.529899	0.0618332	-1.36354	1.69842e-06
3.805	0.340052	-0.16572	0.529856	0.0630754	-1.36425	1.84598e-06
3.81	0.340088	-0.165694	0.529805	0.0630754	-1.36425	1.78378e-06
3.815	0.340123	-0.165667	0.529753	0.0630755	-1.36425	1.72211e-06
3.82	0.340158	-0.165641	0.529702	0.0630755	-1.36425	1.66097e-06
3.825	0.340158	-0.165641	0.529702	0.064309	-1.36511	5.14414e-05
3.83	0.340151	-0.165624	0.529707	0.0643255	-1.36528	9.77398e-05
3.835	0.340142	-0.165607	0.529707	0.0643382	-1.36545	0.00014648
3.84	0.340135	-0.165589	0.529711	0.0643538	-1.36562	0.000192238
3.845	0.340127	-0.165573	0.52971	0.0643657	-1.36579	0.000240383
3.85	0.340119	-0.165556	0.529712	0.0643803	-1.36596	0.00028578
3.855	0.340111	-0.16554	0.529711	0.0643914	-1.36611	0.000333522
3.86	0.340103	-0.165524	0.529712	0.0644053	-1.36628	0.000378451
3.865	0.340095	-0.165508	0.52971	0.0644159	-1.36644	0.000425698
3.87	0.340087	-0.165492	0.529711	0.0644294	-1.3666	0.000470094
3.875	0.340079	-0.165477	0.529708	0.0644397	-1.36676	0.000516813
3.88	0.340071	-0.165461	0.529708	0.064453	-1.36692	0.000560669
3.885	0.340063	-0.165446	0.529705	0.064463	-1.36707	0.000606872
3.89	0.340055	-0.16543	0.529705	0.0644762	-1.36724	0.000650214
3.895	0.340047	-0.165415	0.529702	0.0644861	-1.36739	0.000695938
3.9	0.34004	-0.1654	0.529702	0.0644992	-1.36755	0.000738841
3.905	0.340031	-0.165385	0.529698	0.0645088	-1.3677	0.00078436
3.91	0.340024	-0.16537	0.529698	0.0645215	-1.36786	0.000827465
3.915	0.340015	-0.165355	0.529691	0.0645279	-1.368	0.000876034
3.92	0.340004	-0.165341	0.529678	0.0645287	-1.36812	0.000929743
3.925	0.339992	-0.165327	0.52966	0.0645243	-1.36823	0.000988184
3.93	0.33998	-0.165313	0.529642	0.0645196	-1.36833	0.00104688
3.935	0.33997	-0.165298	0.529632	0.0645231	-1.36846	0.00109729
3.94	0.33996	-0.165284	0.529621	0.0645253	-1.36859	0.00114886
3.945	0.339952	-0.165269	0.529618	0.0645358	-1.36874	0.00119427
3.95	0.339944	-0.165254	0.529612	0.0645441	-1.36889	0.00124137
3.955	0.339938	-0.165238	0.529614	0.0645594	-1.36906	0.00128319
3.96	0.339931	-0.165223	0.529613	0.064572	-1.36921	0.00132709
3.965	0.339926	-0.165207	0.529618	0.0645907	-1.36939	0.00136636
3.97	0.33992	-0.165191	0.529621	0.0646063	-1.36956	0.00140797
3.975	0.339915	-0.165175	0.529628	0.0646272	-1.36975	0.00144542
3.98	0.33991	-0.165159	0.529632	0.0646448	-1.36992	0.00148541
3.985	0.339905	-0.165143	0.529641	0.0646671	-1.37011	0.00152171
3.99	0.339899	-0.165127	0.529642	0.0646819	-1.37028	0.00156413
3.995	0.339891	-0.165112	0.529636	0.06469	-1.37042	0.00161197
4.0	0.33988	-0.165097	0.529625	0.0646923	-1.37055	0.00166496
4.005	0.339869	-0.165083	0.529607	0.0646889	-1.37066	0.00172267
4.01	0.339856	-0.165069	0.529585	0.0646806	-1.37075	0.00178484
4.015	0.339842	-0.165055	0.529563	0.0646721	-1.37084	0.00184715
4.02	0.339833	-0.16504	0.529554	0.0646768	-1.37097	0.00189881
4.025	0.339826	-0.165025	0.529549	0.0646862	-1.37112	0.00194548
4.03	0.339817	-0.16501	0.529542	0.0646935	-1.37126	0.00199377
4.035	0.339811	-0.164994	0.529543	0.0647084	-1.37142	0.00203636
4.04	0.339805	-0.164978	0.529542	0.0647212	-1.37158	0.0020812
4.045	0.339799	-0.164963	0.529544	0.0647364	-1.37175	0.00212369
4.05	0.339793	-0.164947	0.529545	0.0647523	-1.37192	0.00216587
4.055	0.339787	-0.164931	0.529549	0.0647701	-1.37209	0.00220614
4.06	0.339782	-0.164914	0.529553	0.0647882	-1.37227	0.00224639
4.065	0.339777	-0.164898	0.529558	0.0648069	-1.37244	0.00228569
4.07	0.33977	-0.164883	0.529557	0.0648207	-1.3726	0.00232876
4.075	0.339763	-0.164868	0.529553	0.0648308	-1.37275	0.00237458
4.08	0.339756	-0.164852	0.529553	0.0648448	-1.37291	0.0024171
4.085	0.339749	-0.164837	0.529551	0.0648578	-1.37307	0.00246025
4.09	0.339743	-0.164822	0.529553	0.0648738	-1.37324	0.00249985
4.095	0.339736	-0.164807	0.529554	0.0648892	-1.3734	0.00254029
4.1	0.339731	-0.164791	0.52956	0.0649106	-1.37358	0.00257564
4.105	0.339728	-0.164775	0.529572	0.0649367	-1.37378	0.0026073
4.11	0.339722	-0.164759	0.529575	0.0649551	-1.37396	0.00264524
4.115	0.339714	-0.164745	0.529572	0.0649662	-1.37411	0.0026889
4.12	0.339704	-0.164731	0.529562	0.0649708	-1.37424	0.00273786
4.125	0.339693	-0.164717	0.529545	0.0649691	-1.37435	0.00279175
4.13	0.33968	-0.164704	0.529523	0.0649617	-1.37444	0.00285019
4.135	0.339666	-0.164691	0.5295	0.0649539	-1.37453	0.00290908
4.14	0.339656	-0.164677	0.529487	0.0649557	-1.37465	0.00296089
4.145	0.339645	-0.164663	0.529473	0.0649565	-1.37476	0.00301362
4.15	0.339637	-0.164648	0.529468	0.064966	-1.37491	0.00305911
4.155	0.339627	-0.164634	0.529456	0.064969	-1.37503	0.00310975
4.16	0.339615	-0.16462	0.529438	0.0649659	-1.37514	0.00316519
4.165	0.339602	-0.164607	0.529414	0.0649572	-1.37522	0.00322505
4.17	0.339586	-0.164595	0.529386	0.0649434	-1.37529	0.00328901
4.175	0.339572	-0.164582	0.529358	0.0649308	-1.37537	0.0033517
4.18	0.339561	-0.164569	0.529344	0.0649318	-1.37548	0.00340283
4.185	0.339549	-0.164555	0.529329	0.0649327	-1.3756	0.0034541
4.19	0.339541	-0.164541	0.529324	0.064942	-1.37574	0.00349848
4.195	0.339532	-0.164527	0.529316	0.0649496	-1.37588	0.00354413
4.2	0.339524	-0.164512	0.529314	0.0649635	-1.37604	0.00358457
4.205	0.339516	-0.164498	0.529308	0.0649722	-1.37618	0.00362898
4.21	0.339507	-0.164484	0.529302	0.0649817	-1.37632	0.00367243
4.215	0.339499	-0.16447	0.529298	0.0649933	-1.37647	0.00371411
4.22	0.339491	-0.164456	0.52929	0.0650014	-1.37661	0.003758
4.225	0.339482	-0.164443	0.529278	0.0650052	-1.37673	0.00380487
4.23	0.339472	-0.16443	0.529263	0.0650061	-1.37684	0.00385349
4.235	0.339462	-0.164418	0.529245	0.0650035	-1.37694	0.00390459
4.24	0.339451	-0.164406	0.529224	0.0649987	-1.37704	0.00395693
4.245	0.339441	-0.164394	0.529205	0.0649958	-1.37714	0.00400784
4.25	0.339433	-0.164381	0.529198	0.0650048	-1.37728	0.00405007
4.255	0.339425	-0.164367	0.529189	0.065011	-1.37741	0.00409463
4.26	0.339418	-0.164353	0.529186	0.0650241	-1.37756	0.00413358
4.265	0.339412	-0.164339	0.529185	0.0650389	-1.37772	0.00417132
4.27	0.339406	-0.164325	0.529185	0.065055	-1.37788	0.00420791
4.275	0.339399	-0.164311	0.529185	0.065072	-1.37804	0.00424379
4.28	0.339394	-0.164297	0.529187	0.0650898	-1.37821	0.00427886
4.285	0.339388	-0.164283	0.529189	0.0651082	-1.37838	0.00431348
4.29	0.339382	-0.164268	0.529193	0.065128	-1.37855	0.00434684
4.295	0.339377	-0.164253	0.529199	0.0651506	-1.37874	0.0043781
4.3	0.339372	-0.164239	0.529206	0.0651741	-1.37892	0.00440849
4.305	0.339368	-0.164224	0.529215	0.0651999	-1.37911	0.00443718
4.31	0.339363	-0.164209	0.529225	0.065226	-1.3793	0.0044654
4.315	0.339359	-0.164194	0.529235	0.0652527	-1.3795	0.00449323
4.32	0.339353	-0.164179	0.529239	0.0652732	-1.37967	0.00452576
4.325	0.339345	-0.164166	0.529236	0.0652868	-1.37982	0.00456381
4.33	0.339336	-0.164153	0.529227	0.0652951	-1.37996	0.00460575
4.335	0.339325	-0.16414	0.529213	0.0652977	-1.38008	0.00465236
4.34	0.339314	-0.164128	0.529195	0.065296	-1.38018	0.00470207
4.345	0.339303	-0.164116	0.529178	0.0652949	-1.38028	0.00475159
4.35	0.339295	-0.164102	0.529172	0.0653063	-1.38043	0.00479162
4.355	0.339285	-0.164089	0.529163	0.0653138	-1.38056	0.00483484
4.36	0.339278	-0.164075	0.529158	0.0653255	-1.38071	0.00487449
4.365	0.33927	-0.164061	0.529155	0.0653392	-1.38086	0.00491272
4.37	0.339263	-0.164048	0.529153	0.0653542	-1.38101	0.00494978
4.375	0.339256	-0.164034	0.529153	0.0653707	-1.38117	0.00498581
4.38	0.339249	-0.164019	0.529153	0.0653879	-1.38134	0.00502102
4.385	0.339243	-0.164005	0.529154	0.0654063	-1.3815	0.0050555
4.39	0.339236	-0.163991	0.529156	0.0654251	-1.38167	0.00508937
4.395	0.33923	-0.163977	0.529158	0.0654447	-1.38184	0.00512272
4.4	0.339224	-0.163963	0.529161	0.0654647	-1.38201	0.00515562
4.405	0.339217	-0.163948	0.529164	0.0654852	-1.38218	0.00518816
4.41	0.339211	-0.163934	0.529168	0.0655067	-1.38236	0.00521971
4.415	0.339206	-0.163919	0.529175	0.0655313	-1.38254	0.00524909
4.42	0.339201	-0.163904	0.529183	0.0655564	-1.38273	0.00527783
4.425	0.339196	-0.163889	0.529192	0.0655839	-1.38292	0.00530478
4.43	0.339191	-0.163874	0.529202	0.0656115	-1.38311	0.00533152
4.435	0.339186	-0.163859	0.529213	0.0656399	-1.38331	0.00535757
4.44	0.339181	-0.163845	0.529221	0.0656657	-1.3835	0.00538543
4.445	0.339175	-0.16383	0.529229	0.0656925	-1.38369	0.00541256
4.45	0.339169	-0.163816	0.529236	0.0657168	-1.38387	0.0054414
4.455	0.339163	-0.163801	0.529243	0.0657423	-1.38406	0.00546937
4.46	0.339157	-0.163787	0.529248	0.0657656	-1.38423	0.00549884
4.465	0.339151	-0.163772	0.529255	0.0657904	-1.38442	0.00552703
4.47	0.339144	-0.163758	0.529259	0.0658133	-1.38459	0.00555646
4.475	0.339138	-0.163744	0.529265	0.0658376	-1.38478	0.00558458
4.48	0.339131	-0.16373	0.52927	0.0658602	-1.38495	0.00561402
4.485	0.339124	-0.163715	0.529274	0.0658834	-1.38513	0.00564425
4.49	0.339117	-0.163701	0.529276	0.0659034	-1.3853	0.00567823
4.495	0.339111	-0.163687	0.529283	0.0659292	-1.38548	0.00570255
4.5	0.339103	-0.163674	0.529284	0.0659489	-1.38565	0.00573413
4.505	0.339094	-0.16366	0.52928	0.065963	-1.3858	0.00577129
4.51	0.339085	-0.163646	0.529277	0.0659774	-1.38595	0.00580955
4.515	0.339077	-0.163632	0.529275	0.0659944	-1.3861	0.00584381
4.52	0.339069	-0.163618	0.529276	0.0660137	-1.38627	0.00587737
4.525	0.339061	-0.163605	0.529276	0.0660325	-1.38643	0.00590989
4.53	0.339054	-0.16359	0.529279	0.0660542	-1.3866	0.00594124
4.535	0.339047	-0.163576	0.529284	0.0660779	-1.38678	0.00596966
4.54	0.339042	-0.163561	0.529293	0.0661061	-1.38697	0.0059955
4.545	0.339037	-0.163547	0.529307	0.0661401	-1.38718	0.00601501
4.55	0.33903	-0.163532	0.529313	0.0661657	-1.38736	0.00604168
4.555	0.339022	-0.163519	0.529312	0.0661836	-1.38752	0.00607502
4.56	0.339011	-0.163506	0.529304	0.0661941	-1.38765	0.00611454
4.565	0.338999	-0.163493	0.52929	0.066198	-1.38777	0.00615981
4.57	0.338985	-0.163481	0.529269	0.0661956	-1.38787	0.00621039
4.575	0.338969	-0.16347	0.529244	0.0661875	-1.38795	0.0062659
4.58	0.338954	-0.163458	0.529218	0.066179	-1.38802	0.00632181
4.585	0.338941	-0.163445	0.529201	0.0661803	-1.38813	0.00636978
4.59	0.338928	-0.163433	0.529183	0.0661805	-1.38824	0.00641879
4.595	0.338918	-0.16342	0.529173	0.0661894	-1.38837	0.00646101
4.6	0.338907	-0.163406	0.529162	0.0661963	-1.38849	0.00650501
4.605	0.338898	-0.163393	0.529157	0.0662104	-1.38864	0.00654316
4.61	0.338889	-0.163379	0.52915	0.0662219	-1.38878	0.0065835
4.615	0.338881	-0.163365	0.529148	0.0662397	-1.38893	0.00661869
4.62	0.338872	-0.163351	0.529144	0.0662545	-1.38908	0.00665637
4.625	0.338865	-0.163336	0.529145	0.0662749	-1.38925	0.00668938
4.63	0.338857	-0.163322	0.529143	0.066292	-1.3894	0.00672511
4.635	0.338851	-0.163308	0.529146	0.0663142	-1.38957	0.00675652
4.64	0.338843	-0.163294	0.529145	0.066333	-1.38973	0.00679082
4.645	0.338837	-0.163279	0.529149	0.0663565	-1.3899	0.00682106
4.65	0.33883	-0.163265	0.529149	0.0663764	-1.39007	0.00685431
4.655	0.338823	-0.16325	0.529154	0.0664007	-1.39024	0.00688371
4.66	0.338816	-0.163236	0.529155	0.0664214	-1.39041	0.0069162
4.665	0.33881	-0.163221	0.52916	0.0664464	-1.39058	0.00694499
4.67	0.338803	-0.163207	0.529161	0.0664676	-1.39075	0.00697693
4.675	0.338797	-0.163192	0.529166	0.0664929	-1.39093	0.00700527
4.68	0.33879	-0.163178	0.529168	0.0665145	-1.3911	0.00703681
4.685	0.338784	-0.163163	0.529173	0.0665401	-1.39127	0.00706482
4.69	0.338776	-0.163149	0.529175	0.0665618	-1.39144	0.00709611
4.695	0.33877	-0.163135	0.52918	0.0665876	-1.39162	0.00712385
4.7	0.338763	-0.16312	0.529182	0.0666099	-1.39179	0.00715448
4.705	0.338757	-0.163106	0.529187	0.0666354	-1.39197	0.00718202
4.71	0.338748	-0.163092	0.529185	0.0666534	-1.39212	0.00721635
4.715	0.338738	-0.163078	0.529177	0.0666646	-1.39225	0.00725715
4.72	0.338727	-0.163065	0.529162	0.0666693	-1.39237	0.00730381
4.725	0.338714	-0.163052	0.529143	0.0666681	-1.39247	0.00735657
4.73	0.3387	-0.163039	0.529122	0.0666652	-1.39256	0.00741173
4.735	0.338689	-0.163024	0.529109	0.0666711	-1.39268	0.0074596
4.74	0.338676	-0.163011	0.52909	0.0666708	-1.39278	0.00751254
4.745	0.338663	-0.162997	0.52907	0.0666693	-1.39288	0.00756629
4.75	0.338653	-0.162983	0.529058	0.0666764	-1.393	0.00761283
4.755	0.338642	-0.162969	0.529044	0.0666819	-1.39312	0.00766067
4.76	0.338633	-0.162955	0.529038	0.0666954	-1.39326	0.00770179
4.765	0.338622	-0.162941	0.529025	0.0667019	-1.39338	0.00774853
4.77	0.338609	-0.162927	0.529007	0.0667021	-1.39348	0.0078005
4.775	0.338595	-0.162915	0.528982	0.0666962	-1.39357	0.00785733
4.78	0.338579	-0.162902	0.528953	0.0666849	-1.39363	0.00791863
4.785	0.338562	-0.16289	0.528919	0.0666685	-1.39369	0.00798408
4.79	0.338545	-0.162878	0.528885	0.0666522	-1.39374	0.0080491
4.795	0.338531	-0.162866	0.52886	0.066646	-1.39382	0.00810522
4.8	0.338517	-0.162853	0.528834	0.0666391	-1.3939	0.00816196
4.805	0.338505	-0.16284	0.528817	0.0666411	-1.394	0.00821148
4.81	0.338493	-0.162827	0.528798	0.0666416	-1.3941	0.0082623
4.815	0.338483	-0.162813	0.528787	0.0666496	-1.39423	0.00830695
4.82	0.338472	-0.1628	0.528773	0.0666554	-1.39434	0.00835339
4.825	0.338463	-0.162785	0.528765	0.0666676	-1.39448	0.00839444
4.83	0.338454	-0.162772	0.528754	0.0666771	-1.39461	0.00843763
4.835	0.338445	-0.162757	0.528749	0.0666924	-1.39475	0.00847599
4.84	0.338436	-0.162743	0.528741	0.0667047	-1.39489	0.00851676
4.845	0.338429	-0.162729	0.528738	0.0667221	-1.39504	0.0085531
4.85	0.33842	-0.162715	0.528732	0.0667364	-1.39518	0.00859203
4.855	0.338413	-0.1627	0.52873	0.0667554	-1.39533	0.00862684
4.86	0.338404	-0.162686	0.528725	0.066771	-1.39548	0.00866439
4.865	0.338397	-0.162672	0.528724	0.0667912	-1.39564	0.00869804
4.87	0.338389	-0.162658	0.528719	0.0668078	-1.39578	0.00873455
4.875	0.338382	-0.162643	0.528719	0.0668288	-1.39594	0.00876732
4.88	0.338374	-0.162629	0.528715	0.0668461	-1.39609	0.00880304
4.885	0.338367	-0.162615	0.528715	0.0668677	-1.39625	0.00883514
4.89	0.338358	-0.162601	0.528712	0.0668856	-1.3964	0.00887024
4.895	0.338351	-0.162586	0.528712	0.0669075	-1.39657	0.0089018
4.9	0.338343	-0.162572	0.528709	0.0669258	-1.39672	0.00893642
4.905	0.338336	-0.162558	0.52871	0.0669481	-1.39688	0.00896756
4.91	0.338328	-0.162544	0.528707	0.0669667	-1.39703	0.00900179
4.915	0.338321	-0.162529	0.528707	0.0669893	-1.39719	0.00903259
4.92	0.338313	-0.162515	0.528705	0.0670081	-1.39735	0.0090665
4.925	0.338306	-0.162501	0.528705	0.0670309	-1.39751	0.009097
4.93	0.338297	-0.162487	0.528703	0.0670499	-1.39766	0.00913065
4.935	0.33829	-0.162473	0.528703	0.0670728	-1.39783	0.0091609
4.94	0.338282	-0.162459	0.528701	0.067092	-1.39798	0.00919432
4.945	0.338275	-0.162444	0.528701	0.0671151	-1.39814	0.00922439
4.95	0.338266	-0.162431	0.528695	0.0671306	-1.39828	0.0092609
4.955	0.338254	-0.162417	0.528682	0.0671389	-1.3984	0.00930339
4.96	0.338242	-0.162405	0.528664	0.0671408	-1.3985	0.00935142
4.965	0.338227	-0.162393	0.528639	0.0671365	-1.39859	0.00940458
4.97	0.338212	-0.16238	0.528614	0.0671306	-1.39867	0.00946009
4.975	0.3382	-0.162367	0.528594	0.0671312	-1.39877	0.00951247
4.98	0.338185	-0.162354	0.528571	0.0671271	-1.39885	0.00956828
4.985	0.33817	-0.162341	0.528542	0.0671174	-1.39892	0.00962889
4.99	0.338153	-0.162328	0.528508	0.0671027	-1.39897	0.00969377
4.995	0.338135	-0.162316	0.52847	0.0670832	-1.39901	0.00976272
5.0	0.338116	-0.162305	0.528428	0.0670594	-1.39904	0.00983522
5.005	0.338095	-0.162294	0.528382	0.0670314	-1.39905	0.00991097
5.01	0.338074	-0.162283	0.528333	0.0669996	-1.39905	0.00998971
5.015	0.338051	-0.162272	0.52828	0.0669644	-1.39904	0.0100712
5.02	0.338027	-0.162262	0.528224	0.066926	-1.39903	0.0101552
5.025	0.338003	-0.162252	0.528166	0.0668846	-1.399	0.0102416
5.03	0.337978	-0.162242	0.528104	0.0668406	-1.39896	0.01033
5.035	0.337952	-0.162233	0.52804	0.0667941	-1.39892	0.0104204
5.04	0.337925	-0.162224	0.527974	0.0667454	-1.39887	0.0105125
5.045	0.337898	-0.162215	0.527906	0.0666946	-1.39881	0.0106063
5.05	0.33787	-0.162206	0.527836	0.0666419	-1.39874	0.0107015
5.055	0.337842	-0.162197	0.527764	0.0665875	-1.39867	0.010798
5.06	0.337815	-0.162188	0.527697	0.066538	-1.39862	0.0108915
5.065	0.337794	-0.162176	0.527646	0.0665056	-1.39862	0.010974
5.07	0.337773	-0.162164	0.527598	0.0664759	-1.39862	0.0110548
5.075	0.337757	-0.16215	0.527564	0.0664603	-1.39867	0.011127
5.08	0.337742	-0.162134	0.52753	0.0664446	-1.39872	0.0112013
5.085	0.337729	-0.162118	0.527506	0.0664402	-1.39881	0.0112677
5.09	0.337715	-0.162102	0.527478	0.0664307	-1.39888	0.0113378
5.095	0.3377	-0.162086	0.527445	0.0664165	-1.39893	0.0114118
5.1	0.337683	-0.162072	0.527408	0.0663979	-1.39898	0.0114889
5.105	0.337666	-0.162056	0.527372	0.0663804	-1.39902	0.0115655
5.11	0.337653	-0.16204	0.527347	0.066374	-1.3991	0.0116334
5.115	0.337638	-0.162024	0.527317	0.0663624	-1.39916	0.0117049
5.12	0.337622	-0.162009	0.527282	0.0663465	-1.39921	0.01178
5.125	0.337605	-0.161994	0.527244	0.0663268	-1.39925	0.0118594
5.13	0.337588	-0.161977	0.527206	0.0663063	-1.39929	0.0119441
5.135	0.33757	-0.161962	0.527165	0.0662845	-1.39932	0.0120246
5.14	0.337551	-0.161948	0.527121	0.0662589	-1.39934	0.0121076
5.145	0.337531	-0.161934	0.527073	0.0662298	-1.39934	0.0121933
5.15	0.33751	-0.16192	0.527022	0.0661975	-1.39934	0.0122811
5.155	0.337488	-0.161907	0.526968	0.0661624	-1.39933	0.0123712
5.16	0.337465	-0.161894	0.526912	0.0661244	-1.3993	0.0124629
5.165	0.337443	-0.16188	0.526858	0.0660899	-1.39929	0.012552
5.17	0.337426	-0.161865	0.526819	0.06607	-1.39933	0.012631
5.175	0.337409	-0.16185	0.526782	0.0660517	-1.39937	0.0127086
5.18	0.337396	-0.161833	0.526756	0.0660461	-1.39945	0.0127775
5.185	0.337383	-0.161817	0.526731	0.0660403	-1.39953	0.012846
5.19	0.337373	-0.161799	0.526716	0.0660446	-1.39964	0.0129073
5.195	0.337361	-0.161781	0.526695	0.0660432	-1.39973	0.0129727
5.2	0.337348	-0.161764	0.52667	0.0660371	-1.39981	0.0130425
5.205	0.337333	-0.161748	0.526639	0.0660261	-1.39987	0.0131158
5.21	0.337317	-0.161732	0.526605	0.066011	-1.39992	0.013193
5.215	0.337301	-0.161716	0.52657	0.0659956	-1.39997	0.0132694
5.22	0.337287	-0.1617	0.526543	0.0659881	-1.40004	0.0133387
5.225	0.337273	-0.161683	0.526516	0.065981	-1.40012	0.0134082
5.23	0.337261	-0.161666	0.526495	0.0659809	-1.40021	0.013471
5.235	0.337249	-0.16165	0.526475	0.0659804	-1.40031	0.0135343
5.24	0.337239	-0.161632	0.526461	0.0659867	-1.40042	0.0135923
5.245	0.337228	-0.161615	0.526445	0.0659913	-1.40053	0.0136514
5.25	0.337219	-0.161597	0.526435	0.0660014	-1.40066	0.0137058
5.255	0.33721	-0.16158	0.526422	0.066009	-1.40078	0.0137617
5.26	0.337201	-0.161562	0.526414	0.0660216	-1.40091	0.0138134
5.265	0.337191	-0.161545	0.5264	0.0660283	-1.40103	0.0138686
5.27	0.337179	-0.16153	0.526381	0.0660302	-1.40113	0.0139255
5.275	0.337165	-0.161515	0.526357	0.0660269	-1.40121	0.0139855
5.28	0.33715	-0.161501	0.526328	0.0660196	-1.40128	0.0140469
5.285	0.337134	-0.161488	0.526295	0.0660078	-1.40133	0.0141112
5.29	0.337116	-0.161476	0.526258	0.0659925	-1.40137	0.0141767
5.295	0.337097	-0.161464	0.526217	0.0659733	-1.4014	0.0142447
5.3	0.337077	-0.161454	0.526172	0.0659511	-1.40142	0.0143136
5.305	0.337056	-0.161443	0.526125	0.0659256	-1.40143	0.0143849
5.31	0.337035	-0.161433	0.526074	0.0658976	-1.40142	0.0144569
5.315	0.337012	-0.161424	0.52602	0.0658664	-1.40141	0.0145316
5.32	0.336988	-0.161414	0.525964	0.0658323	-1.40139	0.0146088
5.325	0.336963	-0.161405	0.525904	0.0657955	-1.40136	0.0146883
5.33	0.336938	-0.161396	0.525842	0.0657563	-1.40132	0.0147698
5.335	0.336911	-0.161388	0.525778	0.0657148	-1.40127	0.0148533
5.34	0.336884	-0.161379	0.525711	0.0656712	-1.40122	0.0149385
5.345	0.336857	-0.161371	0.525642	0.0656259	-1.40116	0.0150252
5.35	0.33683	-0.161362	0.525576	0.0655837	-1.40111	0.0151088
5.355	0.336808	-0.161353	0.525522	0.0655541	-1.4011	0.0151808
5.36	0.336787	-0.161343	0.525468	0.0655237	-1.40108	0.0152537
5.365	0.336767	-0.161334	0.525416	0.0654968	-1.40107	0.0153243
5.37	0.336748	-0.161325	0.525368	0.0654736	-1.40108	0.0153879
5.375	0.336733	-0.161318	0.525333	0.0654674	-1.40113	0.0154258
5.38	0.336718	-0.161311	0.525301	0.0654627	-1.40118	0.0154652
5.385	0.336708	-0.1613	0.525285	0.0654734	-1.40129	0.015498
5.39	0.3367	-0.16129	0.525274	0.0654894	-1.40142	0.015523
5.395	0.336694	-0.161284	0.52527	0.0655169	-1.40156	0.0155229
5.4	0.336689	-0.161281	0.525269	0.0655493	-1.40172	0.0155095
5.405	0.336687	-0.161282	0.525274	0.0655914	-1.40189	0.0154745
5.41	0.336683	-0.161283	0.525277	0.0656324	-1.40206	0.0154375
5.415	0.336682	-0.161289	0.525289	0.0656867	-1.40226	0.0153735
5.42	0.33668	-0.161295	0.525299	0.0657387	-1.40245	0.0153101
5.425	0.336681	-0.161305	0.525318	0.065804	-1.40267	0.0152223
5.43	0.336682	-0.161312	0.525337	0.065868	-1.40289	0.0151436
5.435	0.336682	-0.161317	0.525358	0.0659309	-1.40312	0.0150739
5.44	0.336683	-0.161319	0.525378	0.065992	-1.40334	0.0150124
5.445	0.336683	-0.16132	0.525398	0.066052	-1.40357	0.0149587
5.45	0.336683	-0.161319	0.525418	0.0661109	-1.40379	0.014909
5.455	0.336682	-0.161319	0.525436	0.0661688	-1.40401	0.0148584
5.46	0.33668	-0.161319	0.525449	0.066221	-1.40421	0.0148143
5.465	0.336678	-0.16132	0.525463	0.0662751	-1.40441	0.0147654
5.47	0.336675	-0.161321	0.525473	0.0663248	-1.40461	0.0147211
5.475	0.336672	-0.161323	0.525484	0.066377	-1.4048	0.0146717
5.48	0.336668	-0.161325	0.525492	0.0664252	-1.40499	0.0146267
5.485	0.336664	-0.161327	0.525501	0.0664765	-1.40518	0.0145762
5.49	0.33666	-0.16133	0.525509	0.0665257	-1.40536	0.0145271
5.495	0.336657	-0.161333	0.525519	0.0665789	-1.40555	0.014471
5.5	0.336651	-0.161336	0.525523	0.0666242	-1.40572	0.0144266
5.505	0.336645	-0.161337	0.525522	0.0666633	-1.40588	0.0143924
5.51	0.336637	-0.161338	0.525515	0.0666957	-1.40602	0.014368
5.515	0.336628	-0.161338	0.525505	0.0667231	-1.40614	0.0143521
5.52	0.336619	-0.161337	0.525493	0.066749	-1.40626	0.0143378
5.525	0.336612	-0.161338	0.525487	0.0667831	-1.40641	0.0143103
5.53	0.336605	-0.161339	0.52548	0.0668157	-1.40654	0.0142842
5.535	0.336599	-0.161341	0.525479	0.0668559	-1.4067	0.0142461
5.54	0.336593	-0.161344	0.525477	0.0668956	-1.40685	0.0142072
5.545	0.336589	-0.16135	0.525483	0.0669479	-1.40703	0.0141462
5.55	0.336585	-0.161356	0.525488	0.0669985	-1.40721	0.014086
5.555	0.336582	-0.161363	0.525497	0.0670546	-1.40739	0.0140149
5.56	0.336579	-0.161372	0.525507	0.0671124	-1.40758	0.0139394
5.565	0.336578	-0.161381	0.52552	0.0671762	-1.40779	0.0138528
5.57	0.336574	-0.161391	0.525529	0.0672339	-1.40797	0.0137754
5.575	0.336572	-0.161399	0.52554	0.067295	-1.40817	0.0136946
5.58	0.336568	-0.161407	0.525549	0.0673526	-1.40836	0.0136211
5.585	0.336565	-0.161415	0.525559	0.067411	-1.40855	0.0135487
5.59	0.336561	-0.161421	0.525566	0.067466	-1.40873	0.0134811
5.595	0.336557	-0.161428	0.525575	0.0675224	-1.40892	0.0134133
5.6	0.336552	-0.161434	0.52558	0.0675757	-1.40909	0.0133495
5.605	0.336548	-0.16144	0.525588	0.0676308	-1.40928	0.0132845
5.61	0.336542	-0.161446	0.525593	0.0676833	-1.40945	0.0132228
5.615	0.336538	-0.161451	0.5256	0.0677378	-1.40964	0.0131595
5.62	0.336532	-0.161456	0.525605	0.0677892	-1.40981	0.0131015
5.625	0.336527	-0.161462	0.525612	0.0678438	-1.40999	0.0130392
5.63	0.336521	-0.161466	0.525616	0.0678947	-1.41017	0.0129835
5.635	0.336516	-0.161469	0.525622	0.0679467	-1.41034	0.0129292
5.64	0.33651	-0.161473	0.525627	0.0679984	-1.41052	0.0128741
5.645	0.336504	-0.161477	0.525633	0.0680509	-1.4107	0.0128188
5.65	0.336499	-0.161481	0.525638	0.0681031	-1.41087	0.0127628
5.655	0.336493	-0.161485	0.525642	0.0681541	-1.41105	0.0127094
5.66	0.336485	-0.161488	0.525643	0.068201	-1.41121	0.0126611
5.665	0.33648	-0.161493	0.525648	0.0682537	-1.41139	0.0126037
5.67	0.336473	-0.161497	0.52565	0.0683021	-1.41155	0.0125518
5.675	0.336467	-0.161501	0.525655	0.068356	-1.41173	0.0124914
5.68	0.336461	-0.161506	0.525657	0.0684054	-1.41189	0.0124369
5.685	0.336456	-0.161511	0.525663	0.0684604	-1.41207	0.012374
5.69	0.336449	-0.161516	0.525665	0.0685109	-1.41224	0.0123171
5.695	0.336444	-0.161522	0.525671	0.0685661	-1.41242	0.0122532
5.7	0.336438	-0.161527	0.525674	0.0686184	-1.41259	0.0121929
5.705	0.336433	-0.161533	0.525679	0.0686734	-1.41276	0.0121288
5.71	0.336427	-0.161539	0.525683	0.0687271	-1.41293	0.012066
5.715	0.336422	-0.161545	0.525689	0.0687827	-1.41311	0.0120008
5.72	0.336416	-0.161551	0.525693	0.0688373	-1.41328	0.0119363
5.725	0.336411	-0.161557	0.525698	0.0688937	-1.41346	0.0118697
5.73	0.336405	-0.161563	0.525703	0.0689491	-1.41363	0.011804
5.735	0.3364	-0.161569	0.525709	0.0690061	-1.41381	0.0117363
5.74	0.336395	-0.161576	0.525715	0.0690638	-1.41399	0.011667
5.745	0.336391	-0.161583	0.525724	0.0691266	-1.41418	0.0115908
5.75	0.336386	-0.161589	0.52573	0.069184	-1.41436	0.0115219
5.755	0.336381	-0.161596	0.525739	0.0692459	-1.41455	0.0114469
5.76	0.336375	-0.161602	0.52574	0.0692981	-1.41471	0.011386
5.765	0.336366	-0.161606	0.525735	0.0693416	-1.41485	0.0113389
5.77	0.336357	-0.161609	0.525728	0.0693814	-1.41499	0.0113002
5.775	0.336351	-0.161608	0.525729	0.0694282	-1.41515	0.0112632
5.78	0.336343	-0.161607	0.525728	0.069471	-1.41531	0.0112338
5.785	0.336338	-0.161603	0.525733	0.0695205	-1.41549	0.0112049
5.79	0.336332	-0.1616	0.525735	0.0695661	-1.41565	0.0111787
5.795	0.336327	-0.161598	0.525741	0.0696183	-1.41583	0.0111397
5.8	0.336321	-0.161597	0.525744	0.0696666	-1.416	0.011105
5.805	0.336316	-0.161597	0.52575	0.0697207	-1.41618	0.0110588
5.81	0.33631	-0.161597	0.525753	0.0697708	-1.41635	0.0110175
5.815	0.336305	-0.161598	0.52576	0.0698265	-1.41653	0.0109658
5.82	0.336299	-0.161599	0.525763	0.069878	-1.4167	0.0109195
5.825	0.336294	-0.161602	0.525769	0.0699348	-1.41688	0.0108634
5.83	0.336289	-0.161604	0.525772	0.0699874	-1.41704	0.0108131
5.835	0.336284	-0.161607	0.525779	0.0700451	-1.41722	0.0107536
5.84	0.336278	-0.16161	0.525782	0.0700985	-1.41739	0.0107002
5.845	0.336273	-0.161614	0.525788	0.0701569	-1.41757	0.010638
5.85	0.336267	-0.161617	0.525791	0.0702109	-1.41774	0.0105822
5.855	0.336262	-0.161622	0.525797	0.0702702	-1.41792	0.0105175
5.86	0.336256	-0.161626	0.5258	0.0703251	-1.41809	0.0104591
5.865	0.336251	-0.161631	0.525806	0.070385	-1.41827	0.0103911
5.87	0.336246	-0.161636	0.525811	0.070444	-1.41844	0.0103258
5.875	0.336243	-0.161637	0.525823	0.0705078	-1.41864	0.0102658
5.88	0.336238	-0.161639	0.525829	0.0705644	-1.41882	0.0102127
5.885	0.336235	-0.161637	0.52584	0.0706259	-1.41901	0.0101645
5.89	0.336231	-0.161635	0.525847	0.0706811	-1.41919	0.0101236
5.895	0.336228	-0.16163	0.52586	0.0707411	-1.41939	0.010086
5.9	0.336221	-0.161627	0.525863	0.0707898	-1.41956	0.0100573
5.905	0.336213	-0.161623	0.525859	0.0708295	-1.41971	0.0100387
5.91	0.336203	-0.161619	0.525848	0.0708612	-1.41984	0.0100288
5.915	0.336193	-0.161616	0.525836	0.0708912	-1.41996	0.0100187
5.92	0.336184	-0.161615	0.525831	0.0709326	-1.4201	0.00998938
5.925	0.336175	-0.161614	0.525825	0.0709721	-1.42024	0.00996057
5.93	0.336169	-0.161616	0.525825	0.0710219	-1.4204	0.00991485
5.935	0.336161	-0.161617	0.525822	0.0710684	-1.42055	0.00987213
5.94	0.336156	-0.161621	0.525825	0.0711238	-1.42072	0.00981487
5.945	0.336149	-0.161624	0.525825	0.0711754	-1.42088	0.00976162
5.95	0.336144	-0.161629	0.52583	0.0712348	-1.42105	0.00969552
5.955	0.336138	-0.161634	0.525832	0.07129	-1.42122	0.00963447
5.96	0.336134	-0.16164	0.525838	0.0713518	-1.42139	0.00956284
5.965	0.336128	-0.161645	0.525841	0.0714094	-1.42156	0.00949628
5.97	0.336123	-0.161652	0.525847	0.0714729	-1.42174	0.00942049
5.975	0.336118	-0.161657	0.525852	0.0715326	-1.42192	0.00935355
5.98	0.336115	-0.161659	0.525862	0.0715975	-1.42211	0.00929089
5.985	0.33611	-0.161659	0.525869	0.0716568	-1.42229	0.00923808
5.99	0.336107	-0.161657	0.525881	0.0717206	-1.42249	0.00918808
5.995	0.336102	-0.161654	0.525889	0.0717788	-1.42267	0.0091469
6.0	0.336099	-0.161649	0.525901	0.071841	-1.42287	0.00910736
6.005	0.336094	-0.161646	0.525908	0.0718975	-1.42305	0.00907108
6.01	0.33609	-0.161644	0.525919	0.0719603	-1.42325	0.00902205
6.015	0.336085	-0.161643	0.525926	0.0720201	-1.42343	0.00897258
6.02	0.336081	-0.161643	0.525936	0.0720839	-1.42362	0.00891534
6.025	0.336076	-0.161644	0.525942	0.0721434	-1.4238	0.00886164
6.03	0.336071	-0.161646	0.525951	0.0722085	-1.42399	0.00879771
6.035	0.336065	-0.161648	0.525953	0.072264	-1.42415	0.00874524
6.04	0.336056	-0.161649	0.525949	0.0723097	-1.42429	0.00870498
6.045	0.336046	-0.16165	0.525937	0.0723466	-1.42442	0.00867573
6.05	0.336035	-0.161651	0.525924	0.0723814	-1.42454	0.00864801
6.055	0.336026	-0.161653	0.525919	0.0724277	-1.42468	0.00860257
6.06	0.336017	-0.161656	0.525912	0.0724727	-1.42481	0.00855775
6.065	0.33601	-0.161661	0.525911	0.0725271	-1.42497	0.00849826
6.07	0.336002	-0.161665	0.525907	0.0725785	-1.42512	0.00844196
6.075	0.335996	-0.161671	0.525909	0.0726385	-1.42528	0.00837218
6.08	0.33599	-0.161675	0.525909	0.0726945	-1.42544	0.00831146
6.085	0.335985	-0.161677	0.525915	0.0727562	-1.42562	0.0082531
6.09	0.335979	-0.161677	0.525918	0.0728125	-1.42579	0.00820386
6.095	0.335974	-0.161675	0.525926	0.0728746	-1.42597	0.00815718
6.1	0.335969	-0.161672	0.52593	0.0729304	-1.42614	0.00811778
6.105	0.335965	-0.161667	0.52594	0.0729919	-1.42633	0.00808086
6.11	0.335959	-0.161663	0.525945	0.0730481	-1.42651	0.00804419
6.115	0.335955	-0.161662	0.525955	0.073114	-1.4267	0.00799107
6.12	0.33595	-0.161662	0.525961	0.0731755	-1.42688	0.00793779
6.125	0.335947	-0.161665	0.525973	0.073248	-1.42708	0.00786364
6.13	0.335943	-0.16167	0.525983	0.0733198	-1.42727	0.00778338
6.135	0.335939	-0.161675	0.525993	0.0733925	-1.42746	0.00770183
6.14	0.335935	-0.161681	0.526001	0.0734639	-1.42764	0.00761929
6.145	0.335931	-0.161688	0.526011	0.0735372	-1.42783	0.00753317
6.15	0.335926	-0.161695	0.526018	0.0736083	-1.42802	0.0074478
6.155	0.335922	-0.161703	0.526027	0.073682	-1.4282	0.00735736
6.16	0.335917	-0.161711	0.526034	0.0737537	-1.42838	0.00727098
6.165	0.335913	-0.161715	0.526043	0.0738262	-1.42857	0.00719264
6.17	0.335907	-0.161718	0.526049	0.0738926	-1.42875	0.00712541
6.175	0.335903	-0.161718	0.52606	0.073963	-1.42894	0.00706199
6.18	0.335898	-0.161717	0.526066	0.0740272	-1.42912	0.00700846
6.185	0.335894	-0.161714	0.526077	0.0740954	-1.42932	0.0069575
6.19	0.335888	-0.161711	0.52608	0.0741529	-1.42949	0.0069189
6.195	0.335879	-0.161707	0.526076	0.0742005	-1.42963	0.00689239
6.2	0.335869	-0.161702	0.526067	0.0742396	-1.42976	0.00687816
6.205	0.335858	-0.161696	0.526052	0.0742702	-1.42987	0.00687427
6.21	0.335846	-0.161691	0.526036	0.0742999	-1.42998	0.00687184
6.215	0.335836	-0.161687	0.526027	0.0743411	-1.43011	0.00685136
6.22	0.335826	-0.161683	0.526017	0.074381	-1.43024	0.0068329
6.225	0.335818	-0.161681	0.526013	0.0744313	-1.43038	0.0067979
6.23	0.33581	-0.161679	0.526007	0.0744792	-1.43052	0.00676677
6.235	0.335803	-0.161677	0.526006	0.0745347	-1.43068	0.00672367
6.24	0.335796	-0.161676	0.526002	0.0745866	-1.43082	0.0066863
6.245	0.33579	-0.161675	0.526002	0.0746454	-1.43098	0.00663803
6.25	0.335783	-0.161673	0.526	0.0747002	-1.43113	0.00659601
6.255	0.335778	-0.161673	0.526001	0.0747613	-1.4313	0.00654398
6.26	0.335771	-0.161672	0.526	0.0748182	-1.43145	0.00649859
6.265	0.335766	-0.161672	0.526002	0.0748809	-1.43162	0.00644385
6.27	0.33576	-0.161672	0.526001	0.0749394	-1.43177	0.00639604
6.275	0.335755	-0.161672	0.526003	0.0750036	-1.43194	0.00633892
6.28	0.335749	-0.161672	0.526003	0.0750634	-1.4321	0.00628901
6.285	0.335743	-0.161672	0.526004	0.0751265	-1.43226	0.00623234
6.29	0.335738	-0.161672	0.526005	0.0751889	-1.43242	0.0061777
6.295	0.335732	-0.161673	0.526007	0.0752537	-1.43258	0.00611841
6.3	0.335727	-0.161673	0.526007	0.0753165	-1.43274	0.00606328
6.305	0.335722	-0.161674	0.526009	0.0753817	-1.43291	0.00600358
6.31	0.335716	-0.161674	0.52601	0.0754445	-1.43307	0.00594873
6.315	0.335711	-0.161675	0.526011	0.0755091	-1.43323	0.0058901
6.32	0.335705	-0.161675	0.526011	0.0755722	-1.43339	0.00583476
6.325	0.3357	-0.161676	0.526012	0.075637	-1.43355	0.00577595
6.33	0.335694	-0.161676	0.526013	0.0757004	-1.43371	0.00572043
6.335	0.335689	-0.161677	0.526013	0.0757654	-1.43387	0.00566136
6.34	0.335683	-0.161677	0.526014	0.075829	-1.43403	0.00560557
6.345	0.335678	-0.161678	0.526014	0.0758943	-1.43419	0.00554617
6.35	0.335673	-0.161678	0.526015	0.0759582	-1.43435	0.00549006
6.355	0.335667	-0.161678	0.526015	0.0760239	-1.43451	0.00543028
6.36	0.335662	-0.161679	0.526015	0.0760881	-1.43467	0.00537382
6.365	0.335657	-0.161679	0.526016	0.0761541	-1.43483	0.00531363
6.37	0.335651	-0.161679	0.526016	0.0762187	-1.43499	0.0052568
6.375	0.335646	-0.16168	0.526017	0.0762851	-1.43515	0.0051962
6.38	0.335641	-0.16168	0.526017	0.0763501	-1.43531	0.00513898
6.385	0.335635	-0.161681	0.526018	0.0764169	-1.43547	0.00507795
6.39	0.33563	-0.161681	0.526018	0.0764822	-1.43562	0.00502035
6.395	0.335625	-0.161682	0.526018	0.0765493	-1.43578	0.00495889
6.4	0.335619	-0.161682	0.526018	0.076615	-1.43594	0.0049009
6.405	0.335614	-0.161683	0.526019	0.0766826	-1.4361	0.00483901
6.41	0.335609	-0.161683	0.52602	0.0767498	-1.43626	0.00477906
6.415	0.335604	-0.161684	0.526022	0.0768209	-1.43643	0.00471227
6.42	0.335599	-0.161685	0.526023	0.0768877	-1.43659	0.00465302
6.425	0.335595	-0.161686	0.526025	0.0769583	-1.43675	0.0045872
6.43	0.335589	-0.161686	0.526023	0.0770229	-1.43691	0.00453123
6.435	0.335583	-0.161686	0.526022	0.0770875	-1.43706	0.0044741
6.44	0.335577	-0.161685	0.526017	0.0771473	-1.4372	0.00442539
6.445	0.33557	-0.161684	0.52601	0.077202	-1.43734	0.00438306
6.45	0.335564	-0.161683	0.526004	0.0772589	-1.43748	0.0043368
6.455	0.335559	-0.161688	0.526009	0.0773397	-1.43765	0.00424727
6.46	0.335555	-0.161694	0.526014	0.0774199	-1.43782	0.00415844
6.465	0.335553	-0.161705	0.52603	0.077523	-1.43803	0.00402806
6.47	0.33555	-0.161716	0.526043	0.0776232	-1.43824	0.00390219
6.475	0.335548	-0.161729	0.526064	0.077737	-1.43846	0.00375329
6.48	0.335544	-0.16174	0.526079	0.0778396	-1.43867	0.00362443
