0	0.0490075 	0.0219193 	-2.01088 	0.262299 	0.529812 	-0.011542 	
0.005	0.0490075 	0.0219193 	-2.01088 	0.262299 	0.529812 	-0.011542 	
0.01	0.0490075 	0.0219193 	-2.01088 	0.262299 	0.529812 	-0.011542 	
0.015	0.0490075 	0.0219115 	-2.01088 	0.262299 	0.529813 	-0.0115415 	
0.02	0.0490076 	0.0219047 	-2.01087 	0.2623 	0.529815 	-0.011541 	
0.025	0.0490077 	0.0218963 	-2.01086 	0.2623 	0.529817 	-0.0115404 	
0.03	0.0490078 	0.021886 	-2.01086 	0.2623 	0.52982 	-0.0115397 	
0.035	0.0490079 	0.0218738 	-2.01085 	0.262301 	0.529823 	-0.0115389 	
0.04	0.049008 	0.0218597 	-2.01084 	0.262301 	0.529826 	-0.0115379 	
0.045	0.0490081 	0.0218437 	-2.01083 	0.262302 	0.529831 	-0.0115368 	
0.05	0.0490083 	0.0218257 	-2.01081 	0.262303 	0.529835 	-0.0115356 	
0.055	0.0490085 	0.0218059 	-2.0108 	0.262303 	0.52984 	-0.0115342 	
0.06	0.0490087 	0.0217842 	-2.01078 	0.262304 	0.529845 	-0.0115328 	
0.065	0.0490089 	0.0217605 	-2.01076 	0.262305 	0.529851 	-0.0115311 	
0.07	0.0490091 	0.021735 	-2.01074 	0.262306 	0.529858 	-0.0115294 	
0.075	0.0490094 	0.0217075 	-2.01072 	0.262307 	0.529865 	-0.0115275 	
0.08	0.0490096 	0.0216781 	-2.0107 	0.262308 	0.529872 	-0.0115255 	
0.085	0.0490099 	0.0216469 	-2.01068 	0.262309 	0.52988 	-0.0115234 	
0.09	0.0490102 	0.0216137 	-2.01065 	0.262311 	0.529888 	-0.0115212 	
0.095	0.0490105 	0.0215787 	-2.01063 	0.262312 	0.529897 	-0.0115188 	
0.1	0.0490109 	0.0215417 	-2.0106 	0.262313 	0.529906 	-0.0115163 	
0.105	0.0490113 	0.021499 	-2.01057 	0.262315 	0.529917 	-0.0115134 	
0.11	0.0490116 	0.0214617 	-2.01054 	0.262316 	0.529926 	-0.0115108 	
0.115	0.049012 	0.0214152 	-2.01051 	0.262318 	0.529938 	-0.0115077 	
0.12	0.0490125 	0.0213704 	-2.01047 	0.26232 	0.529949 	-0.0115047 	
0.125	0.0490129 	0.0213238 	-2.01044 	0.262322 	0.529961 	-0.0115015 	
0.13	0.0490133 	0.0212753 	-2.0104 	0.262323 	0.529973 	-0.0114982 	
0.135	0.0490138 	0.021225 	-2.01037 	0.262325 	0.529985 	-0.0114948 	
0.14	0.0490143 	0.0211727 	-2.01033 	0.262327 	0.529999 	-0.0114913 	
0.145	0.0490148 	0.0211186 	-2.01029 	0.262329 	0.530012 	-0.0114877 	
0.15	0.0490154 	0.0210625 	-2.01025 	0.262332 	0.530026 	-0.0114839 	
0.155	0.0490159 	0.0210046 	-2.0102 	0.262334 	0.53004 	-0.01148 	
0.16	0.0491189 	0.0207203 	-2.01034 	0.262432 	0.531638 	-0.0108378 	
0.165	0.0491195 	0.0206586 	-2.01029 	0.262434 	0.531653 	-0.0108337 	
0.17	0.0491201 	0.0205951 	-2.01024 	0.262437 	0.531669 	-0.0108294 	
0.175	0.0491207 	0.0205297 	-2.0102 	0.262439 	0.531685 	-0.0108251 	
0.18	0.0491214 	0.0204625 	-2.01015 	0.262442 	0.531702 	-0.0108206 	
0.185	0.0491221 	0.0203934 	-2.01009 	0.262444 	0.531719 	-0.010816 	
0.19	0.0491228 	0.0203225 	-2.01004 	0.262447 	0.531737 	-0.0108112 	
0.195	0.0491235 	0.0202497 	-2.00999 	0.26245 	0.531755 	-0.0108064 	
0.2	0.0491243 	0.020175 	-2.00993 	0.262453 	0.531774 	-0.0108014 	
0.205	0.049125 	0.0200985 	-2.00987 	0.262456 	0.531793 	-0.0107964 	
0.21	0.0491258 	0.0200201 	-2.00982 	0.262459 	0.531812 	-0.0107912 	
0.215	0.0491267 	0.0199399 	-2.00976 	0.262462 	0.531832 	-0.0107859 	
0.22	0.0492294 	0.0196364 	-2.00987 	0.262565 	0.533411 	-0.01015 	
0.225	0.0492302 	0.0195525 	-2.00981 	0.262569 	0.533432 	-0.0101445 	
0.23	0.0492311 	0.0194668 	-2.00975 	0.262572 	0.533453 	-0.0101388 	
0.235	0.0492321 	0.0193793 	-2.00968 	0.262575 	0.533475 	-0.0101331 	
0.24	0.049233 	0.0192899 	-2.00961 	0.262578 	0.533497 	-0.0101272 	
0.245	0.049234 	0.0191987 	-2.00955 	0.262582 	0.533519 	-0.0101213 	
0.25	0.049235 	0.0191057 	-2.00948 	0.262585 	0.533542 	-0.0101152 	
0.255	0.049236 	0.0190109 	-2.00941 	0.262589 	0.533566 	-0.010109 	
0.26	0.0492371 	0.0189143 	-2.00933 	0.262593 	0.53359 	-0.0101027 	
0.265	0.0492382 	0.0188159 	-2.00926 	0.262596 	0.533614 	-0.0100963 	
0.27	0.0493483 	0.0184807 	-2.00937 	0.262713 	0.53529 	-0.00941998 	
0.275	0.0493494 	0.0183786 	-2.00929 	0.262717 	0.535315 	-0.00941337 	
0.28	0.0493506 	0.0182748 	-2.00922 	0.262721 	0.535341 	-0.00940667 	
0.285	0.0493518 	0.0181692 	-2.00914 	0.262725 	0.535367 	-0.00939986 	
0.29	0.049353 	0.0180618 	-2.00906 	0.262729 	0.535393 	-0.00939296 	
0.295	0.0493543 	0.0179526 	-2.00898 	0.262733 	0.53542 	-0.00938595 	
0.3	0.0493556 	0.0178417 	-2.00889 	0.262737 	0.535448 	-0.00937886 	
0.305	0.0493569 	0.017729 	-2.00881 	0.262741 	0.535475 	-0.00937166 	
0.31	0.0494631 	0.0173904 	-2.0089 	0.262859 	0.537076 	-0.00872466 	
0.315	0.0494645 	0.0172741 	-2.00881 	0.262864 	0.537104 	-0.00871727 	
0.32	0.0494659 	0.0171561 	-2.00872 	0.262868 	0.537133 	-0.00870978 	
0.325	0.0494673 	0.0170364 	-2.00863 	0.262873 	0.537163 	-0.00870221 	
0.33	0.0494688 	0.0169149 	-2.00854 	0.262877 	0.537192 	-0.00869454 	
0.335	0.0494703 	0.0167917 	-2.00845 	0.262882 	0.537222 	-0.00868678 	
0.34	0.0494719 	0.0166667 	-2.00836 	0.262886 	0.537253 	-0.00867894 	
0.345	0.0495771 	0.0163203 	-2.00843 	0.263008 	0.538823 	-0.00804299 	
0.35	0.0495787 	0.0161918 	-2.00834 	0.263013 	0.538855 	-0.00803496 	
0.355	0.0495804 	0.0160617 	-2.00824 	0.263018 	0.538886 	-0.00802685 	
0.36	0.0495821 	0.0159298 	-2.00814 	0.263023 	0.538918 	-0.00801865 	
0.365	0.0495838 	0.0157962 	-2.00804 	0.263028 	0.538951 	-0.00801038 	
0.37	0.0495856 	0.015661 	-2.00794 	0.263033 	0.538984 	-0.00800203 	
0.375	0.0495874 	0.015524 	-2.00784 	0.263038 	0.539017 	-0.00799359 	
0.38	0.049703 	0.0151461 	-2.00792 	0.263177 	0.540725 	-0.00730016 	
0.385	0.0497049 	0.0150057 	-2.00781 	0.263182 	0.540759 	-0.00729156 	
0.39	0.0497068 	0.0148636 	-2.0077 	0.263187 	0.540793 	-0.00728288 	
0.395	0.0497087 	0.0147199 	-2.0076 	0.263193 	0.540828 	-0.00727413 	
0.4	0.0497107 	0.0145745 	-2.00749 	0.263198 	0.540863 	-0.00726531 	
0.405	0.0497128 	0.0144274 	-2.00738 	0.263203 	0.540899 	-0.00725642 	
0.41	0.0498232 	0.0140529 	-2.00744 	0.263342 	0.542513 	-0.0065999 	
0.415	0.0498253 	0.0139025 	-2.00733 	0.263347 	0.542549 	-0.00659086 	
0.42	0.0498275 	0.0137505 	-2.00721 	0.263353 	0.542585 	-0.00658174 	
0.425	0.0498297 	0.0135969 	-2.00709 	0.263358 	0.542622 	-0.00657257 	
0.43	0.0498319 	0.0134416 	-2.00698 	0.263364 	0.54266 	-0.00656333 	
0.435	0.0498342 	0.0132847 	-2.00686 	0.26337 	0.542697 	-0.00655403 	
0.44	0.049952 	0.0128875 	-2.00692 	0.263522 	0.544401 	-0.00585915 	
0.445	0.0499544 	0.0127273 	-2.0068 	0.263528 	0.544439 	-0.00584971 	
0.45	0.0499568 	0.0125656 	-2.00668 	0.263534 	0.544478 	-0.00584021 	
0.455	0.0499593 	0.0124022 	-2.00656 	0.26354 	0.544517 	-0.00583066 	
0.46	0.0499618 	0.0122372 	-2.00643 	0.263546 	0.544556 	-0.00582105 	
0.465	0.0499644 	0.0120707 	-2.0063 	0.263552 	0.544596 	-0.00581139 	
0.47	0.0500909 	0.0116487 	-2.00637 	0.263721 	0.546405 	-0.00507111 	
0.475	0.0500936 	0.011479 	-2.00624 	0.263727 	0.546446 	-0.00506132 	
0.48	0.0500963 	0.0113078 	-2.00611 	0.263733 	0.546486 	-0.00505149 	
0.485	0.0500991 	0.0111349 	-2.00598 	0.26374 	0.546527 	-0.00504161 	
0.49	0.0501019 	0.0109606 	-2.00585 	0.263746 	0.546569 	-0.00503169 	
0.495	0.0502168 	0.0105572 	-2.00589 	0.263905 	0.548194 	-0.00436574 	
0.5	0.0502197 	0.0103797 	-2.00575 	0.263911 	0.548236 	-0.0043557 	
0.505	0.0502227 	0.0102007 	-2.00562 	0.263918 	0.548278 	-0.00434563 	
0.51	0.0502257 	0.0100202 	-2.00548 	0.263924 	0.54832 	-0.00433552 	
0.515	0.0502288 	0.0098382 	-2.00534 	0.263931 	0.548363 	-0.00432537 	
0.52	0.0503482 	0.00942049 	-2.00538 	0.2641 	0.550035 	-0.00363879 	
0.525	0.0503514 	0.00923544 	-2.00524 	0.264107 	0.550078 	-0.00362855 	
0.53	0.0503546 	0.00904892 	-2.0051 	0.264114 	0.550122 	-0.00361827 	
0.535	0.0503579 	0.00886092 	-2.00495 	0.264121 	0.550165 	-0.00360797 	
0.54	0.0503612 	0.00867145 	-2.00481 	0.264127 	0.55021 	-0.00359763 	
0.545	0.0504868 	0.00823653 	-2.00484 	0.264311 	0.551948 	-0.00288122 	
0.55	0.0504903 	0.00804408 	-2.0047 	0.264318 	0.551993 	-0.0028708 	
0.555	0.0504938 	0.00785022 	-2.00455 	0.264325 	0.552038 	-0.00286036 	
0.56	0.0504973 	0.00765492 	-2.0044 	0.264332 	0.552084 	-0.0028499 	
0.565	0.050501 	0.00745818 	-2.00425 	0.264339 	0.552129 	-0.00283942 	
0.57	0.050633 	0.00700611 	-2.00429 	0.264537 	0.553936 	-0.00209264 	
0.575	0.0506367 	0.00680648 	-2.00413 	0.264544 	0.553982 	-0.00208209 	
0.58	0.0506405 	0.00660547 	-2.00398 	0.264551 	0.554028 	-0.00207153 	
0.585	0.0506444 	0.00640306 	-2.00383 	0.264558 	0.554075 	-0.00206095 	
0.59	0.0506483 	0.00619926 	-2.00367 	0.264565 	0.554122 	-0.00205035 	
0.595	0.0507868 	0.00573044 	-2.00371 	0.264779 	0.555995 	-0.00127358 	
0.6	0.0507908 	0.00552383 	-2.00355 	0.264786 	0.556042 	-0.00126293 	
0.605	0.0507949 	0.00531589 	-2.00339 	0.264793 	0.55609 	-0.00125228 	
0.61	0.0507991 	0.00510658 	-2.00323 	0.264801 	0.556138 	-0.00124162 	
0.615	0.0509181 	0.00467283 	-2.00323 	0.264989 	0.557729 	-0.000581079 	
0.62	0.0509224 	0.0044608 	-2.00307 	0.264996 	0.557777 	-0.000570385 	
0.625	0.0509268 	0.00424746 	-2.0029 	0.265004 	0.557826 	-0.000559689 	
0.63	0.0509312 	0.00403279 	-2.00274 	0.265011 	0.557875 	-0.000548992 	
0.635	0.0510521 	0.00359242 	-2.00273 	0.265207 	0.559474 	0.000116548 	
0.64	0.0510567 	0.00337509 	-2.00257 	0.265214 	0.559523 	0.000127265 	
0.645	0.0510613 	0.0031565 	-2.0024 	0.265222 	0.559573 	0.000137979 	
0.65	0.051066 	0.00293662 	-2.00223 	0.265229 	0.559622 	0.000148686 	
0.655	0.0511909 	0.0024857 	-2.00223 	0.265435 	0.561258 	0.000831223 	
0.66	0.0511957 	0.00226324 	-2.00205 	0.265443 	0.561308 	0.000841939 	
0.665	0.0512006 	0.00203953 	-2.00188 	0.265451 	0.561358 	0.000852644 	
0.67	0.0512055 	0.00181458 	-2.00171 	0.265458 	0.561409 	0.000863337 	
0.675	0.0513347 	0.00135299 	-2.0017 	0.265675 	0.563082 	0.00156383 	
0.68	0.0513398 	0.00112552 	-2.00153 	0.265683 	0.563133 	0.00157452 	
0.685	0.0513449 	0.00089685 	-2.00135 	0.265691 	0.563184 	0.00158519 	
0.69	0.0513502 	0.00066697 	-2.00117 	0.265699 	0.563235 	0.00159584 	
0.695	0.0514836 	0.000194951 	-2.00116 	0.265927 	0.564945 	0.00231413 	
0.7	0.051489 	-3.73689e-05 	-2.00098 	0.265935 	0.564997 	0.00232477 	
0.705	0.0514944 	-0.000270846 	-2.0008 	0.265943 	0.565048 	0.00233538 	
0.71	0.0514999 	-0.0005055 	-2.00062 	0.265951 	0.5651 	0.00234597 	
0.715	0.0516377 	-0.000987654 	-2.00061 	0.266192 	0.566846 	0.00308176 	
0.72	0.0516433 	-0.00122467 	-2.00043 	0.2662 	0.566898 	0.00309232 	
0.725	0.0516491 	-0.00146281 	-2.00024 	0.266208 	0.566951 	0.00310285 	
0.73	0.0516549 	-0.00170208 	-2.00006 	0.266216 	0.567003 	0.00311335 	
0.735	0.0517969 	-0.00219406 	-2.00005 	0.266469 	0.568784 	0.00386634 	
0.74	0.0518029 	-0.00243562 	-1.99986 	0.266477 	0.568837 	0.0038768 	
0.745	0.0518089 	-0.00267826 	-1.99967 	0.266485 	0.56889 	0.00388723 	
0.75	0.051815 	-0.00292199 	-1.99948 	0.266493 	0.568943 	0.00389761 	
0.755	0.0519613 	-0.0034235 	-1.99947 	0.266759 	0.570757 	0.00466748 	
0.76	0.0519676 	-0.00366943 	-1.99927 	0.266767 	0.570811 	0.00467782 	
0.765	0.0519739 	-0.00391641 	-1.99908 	0.266775 	0.570864 	0.00468811 	
0.77	0.0519804 	-0.00416444 	-1.99889 	0.266783 	0.570918 	0.00469836 	
0.775	0.052131 	-0.00467515 	-1.99887 	0.267062 	0.572764 	0.00548478 	
0.78	0.0521376 	-0.00492531 	-1.99868 	0.26707 	0.572818 	0.00549497 	
0.785	0.0521442 	-0.00517646 	-1.99848 	0.267078 	0.572872 	0.00550511 	
0.79	0.052151 	-0.00542863 	-1.99828 	0.267086 	0.572926 	0.0055152 	
0.795	0.0523059 	-0.00594821 	-1.99827 	0.267378 	0.574803 	0.00631784 	
0.8	0.0523128 	-0.00620242 	-1.99807 	0.267386 	0.574858 	0.00632786 	
0.805	0.0523197 	-0.00645759 	-1.99787 	0.267394 	0.574912 	0.00633782 	
0.81	0.0523268 	-0.00671372 	-1.99767 	0.267403 	0.574967 	0.00634773 	
0.815	0.052486 	-0.00724185 	-1.99765 	0.267707 	0.576874 	0.00716624 	
0.82	0.0524932 	-0.00749995 	-1.99745 	0.267716 	0.576929 	0.00717606 	
0.825	0.0525005 	-0.00775896 	-1.99724 	0.267724 	0.576983 	0.00718582 	
0.83	0.0525079 	-0.00801889 	-1.99704 	0.267733 	0.577038 	0.00719552 	
0.835	0.0526714 	-0.00855522 	-1.99702 	0.268051 	0.578974 	0.00802954 	
0.84	0.052679 	-0.00881704 	-1.99681 	0.268059 	0.579029 	0.00803915 	
0.845	0.0526866 	-0.00907972 	-1.99661 	0.268068 	0.579084 	0.00804869 	
0.85	0.0526943 	-0.00934329 	-1.9964 	0.268076 	0.579139 	0.00805816 	
0.855	0.0528621 	-0.00988747 	-1.99638 	0.268408 	0.581102 	0.00890733 	
0.86	0.0528699 	-0.0101528 	-1.99617 	0.268417 	0.581157 	0.00891669 	
0.865	0.0528779 	-0.010419 	-1.99596 	0.268425 	0.581212 	0.00892599 	
0.87	0.0528859 	-0.010686 	-1.99575 	0.268434 	0.581268 	0.00893521 	
0.875	0.053058 	-0.0112377 	-1.99572 	0.26878 	0.583256 	0.00979915 	
0.88	0.0530662 	-0.0115065 	-1.99551 	0.268788 	0.583311 	0.00980826 	
0.885	0.0530744 	-0.011776 	-1.9953 	0.268797 	0.583367 	0.00981729 	
0.89	0.0532126 	-0.0122688 	-1.99523 	0.269077 	0.584937 	0.0104987 	
0.895	0.053221 	-0.01254 	-1.99501 	0.269085 	0.584992 	0.0105076 	
0.9	0.0532295 	-0.0128118 	-1.9948 	0.269094 	0.585048 	0.0105165 	
0.905	0.0532381 	-0.0130845 	-1.99458 	0.269102 	0.585104 	0.0105252 	
0.91	0.0534138 	-0.013642 	-1.99455 	0.269465 	0.58709 	0.0113945 	
0.915	0.0534226 	-0.0139163 	-1.99433 	0.269474 	0.587146 	0.0114031 	
0.92	0.0534314 	-0.0141912 	-1.99411 	0.269482 	0.587202 	0.0114116 	
0.925	0.053575 	-0.0146937 	-1.99404 	0.269781 	0.588798 	0.0121098 	
0.93	0.053584 	-0.01497 	-1.99382 	0.269789 	0.588854 	0.0121182 	
0.935	0.0535931 	-0.0152471 	-1.9936 	0.269798 	0.588909 	0.0121265 	
0.94	0.0537356 	-0.0157477 	-1.99352 	0.270097 	0.590477 	0.012814 	
0.945	0.0537449 	-0.0160262 	-1.9933 	0.270106 	0.590533 	0.0128221 	
0.95	0.0537542 	-0.0163053 	-1.99307 	0.270114 	0.590589 	0.0128302 	
0.955	0.0538987 	-0.0168092 	-1.99299 	0.270421 	0.592164 	0.0135231 	
0.96	0.0539082 	-0.0170896 	-1.99277 	0.270429 	0.592219 	0.013531 	
0.965	0.0539178 	-0.0173706 	-1.99254 	0.270438 	0.592275 	0.0135388 	
0.97	0.0540647 	-0.0178782 	-1.99246 	0.270753 	0.59386 	0.0142387 	
0.975	0.0540744 	-0.0181605 	-1.99223 	0.270761 	0.593916 	0.0142463 	
0.98	0.0540843 	-0.0184433 	-1.99201 	0.270769 	0.593972 	0.0142538 	
0.985	0.0542335 	-0.0189543 	-1.99192 	0.271093 	0.595567 	0.0149606 	
0.99	0.0542435 	-0.0192384 	-1.9917 	0.271101 	0.595622 	0.0149679 	
0.995	0.0542536 	-0.019523 	-1.99147 	0.271109 	0.595678 	0.0149751 	
1	0.0544051 	-0.0200373 	-1.99138 	0.271441 	0.597282 	0.0156886 	
1.005	0.0544154 	-0.020323 	-1.99115 	0.271449 	0.597338 	0.0156956 	
1.01	0.0544258 	-0.0206092 	-1.99092 	0.271458 	0.597394 	0.0157026 	
1.015	0.0545796 	-0.0211266 	-1.99083 	0.271798 	0.599007 	0.0164226 	
1.02	0.0545901 	-0.0214139 	-1.9906 	0.271806 	0.599062 	0.0164293 	
1.025	0.0546007 	-0.0217016 	-1.99037 	0.271814 	0.599117 	0.016436 	
1.03	0.0547568 	-0.0222219 	-1.99028 	0.272163 	0.600739 	0.0171622 	
1.035	0.0547676 	-0.0225106 	-1.99004 	0.272171 	0.600794 	0.0171687 	
1.04	0.0547784 	-0.0227998 	-1.98981 	0.272179 	0.600849 	0.0171751 	
1.045	0.0549368 	-0.0233228 	-1.98972 	0.272536 	0.602478 	0.0179074 	
1.05	0.0549478 	-0.0236129 	-1.98948 	0.272544 	0.602533 	0.0179136 	
1.055	0.0549589 	-0.0239033 	-1.98925 	0.272552 	0.602588 	0.0179196 	
1.06	0.0551195 	-0.0244289 	-1.98915 	0.272917 	0.604223 	0.0186579 	
1.065	0.0551307 	-0.0247202 	-1.98892 	0.272925 	0.604278 	0.0186637 	
1.07	0.0551421 	-0.0250119 	-1.98868 	0.272933 	0.604333 	0.0186695 	
1.075	0.0553048 	-0.0255397 	-1.98859 	0.273307 	0.605975 	0.0194134 	
1.08	0.0553163 	-0.0258322 	-1.98835 	0.273315 	0.60603 	0.0194189 	
1.085	0.0553279 	-0.0261249 	-1.98811 	0.273323 	0.606084 	0.0194243 	
1.09	0.0554928 	-0.0266549 	-1.98801 	0.273704 	0.607731 	0.0201738 	
1.095	0.0555046 	-0.0269484 	-1.98777 	0.273712 	0.607786 	0.020179 	
1.1	0.0555164 	-0.0272422 	-1.98753 	0.27372 	0.60784 	0.020184 	
1.105	0.0556835 	-0.0277741 	-1.98743 	0.27411 	0.609492 	0.0209387 	
1.11	0.0556954 	-0.0280685 	-1.98719 	0.274118 	0.609547 	0.0209436 	
1.115	0.0557075 	-0.0283631 	-1.98695 	0.274126 	0.609601 	0.0209483 	
1.12	0.0558766 	-0.0288968 	-1.98685 	0.274524 	0.611257 	0.021708 	
1.125	0.0558888 	-0.029192 	-1.98661 	0.274532 	0.611311 	0.0217125 	
1.13	0.0559012 	-0.0294874 	-1.98637 	0.27454 	0.611365 	0.0217169 	
1.135	0.0560723 	-0.0300226 	-1.98627 	0.274946 	0.613025 	0.0224815 	
1.14	0.0560847 	-0.0303185 	-1.98602 	0.274954 	0.613079 	0.0224856 	
1.145	0.0560973 	-0.0306146 	-1.98578 	0.274961 	0.613132 	0.0224897 	
1.15	0.0562704 	-0.0311511 	-1.98568 	0.275376 	0.614795 	0.0232588 	
1.155	0.0562831 	-0.0314477 	-1.98543 	0.275383 	0.614849 	0.0232626 	
1.16	0.0562959 	-0.0317443 	-1.98519 	0.275391 	0.614902 	0.0232663 	
1.165	0.056471 	-0.032282 	-1.98508 	0.275813 	0.616567 	0.0240397 	
1.17	0.0564839 	-0.032579 	-1.98484 	0.275821 	0.61662 	0.0240432 	
1.175	0.0564969 	-0.0328761 	-1.98459 	0.275828 	0.616673 	0.0240466 	
1.18	0.0566739 	-0.0334147 	-1.98448 	0.276259 	0.618341 	0.0248241 	
1.185	0.056687 	-0.0337121 	-1.98424 	0.276266 	0.618393 	0.0248272 	
1.19	0.0567002 	-0.0340096 	-1.98399 	0.276273 	0.618445 	0.0248302 	
1.195	0.056879 	-0.0345489 	-1.98388 	0.276711 	0.620114 	0.0256116 	
1.2	0.0568924 	-0.0348466 	-1.98364 	0.276719 	0.620166 	0.0256144 	
1.205	0.0569058 	-0.0351443 	-1.98339 	0.276726 	0.620218 	0.025617 	
1.21	0.0570865 	-0.0356841 	-1.98328 	0.277172 	0.621887 	0.0264021 	
1.215	0.0571 	-0.035982 	-1.98303 	0.277179 	0.621939 	0.0264045 	
1.22	0.0571137 	-0.0362798 	-1.98278 	0.277186 	0.62199 	0.0264067 	
1.225	0.0572961 	-0.03682 	-1.98267 	0.277639 	0.62366 	0.0271951 	
1.23	0.0573098 	-0.0371179 	-1.98242 	0.277647 	0.623711 	0.0271972 	
1.235	0.0573237 	-0.0374158 	-1.98218 	0.277654 	0.623762 	0.0271991 	
1.24	0.0575077 	-0.0379561 	-1.98206 	0.278114 	0.62543 	0.0279906 	
1.245	0.0575217 	-0.038254 	-1.98181 	0.278121 	0.625481 	0.0279923 	
1.25	0.0575358 	-0.0385518 	-1.98157 	0.278128 	0.625531 	0.0279938 	
1.255	0.0577215 	-0.039092 	-1.98145 	0.278596 	0.627199 	0.0287882 	
1.26	0.0577356 	-0.0393897 	-1.9812 	0.278603 	0.627249 	0.0287895 	
1.265	0.0577499 	-0.0396874 	-1.98095 	0.27861 	0.627299 	0.0287907 	
1.27	0.0579371 	-0.0402273 	-1.98084 	0.279085 	0.628964 	0.0295877 	
1.275	0.0579515 	-0.0405248 	-1.98059 	0.279092 	0.629014 	0.0295886 	
1.28	0.0579659 	-0.0408221 	-1.98034 	0.279099 	0.629063 	0.0295895 	
1.285	0.0581547 	-0.0413616 	-1.98022 	0.279581 	0.630726 	0.0303888 	
1.29	0.0581692 	-0.0416587 	-1.97997 	0.279588 	0.630775 	0.0303894 	
1.295	0.0581839 	-0.0419557 	-1.97972 	0.279594 	0.630824 	0.0303898 	
1.3	0.0583741 	-0.0424945 	-1.9796 	0.280083 	0.632484 	0.0311912 	
1.305	0.0583888 	-0.0427911 	-1.97935 	0.28009 	0.632532 	0.0311914 	
1.31	0.0584036 	-0.0430876 	-1.9791 	0.280096 	0.632581 	0.0311915 	
1.315	0.0585952 	-0.0436255 	-1.97898 	0.280592 	0.634237 	0.0319948 	
1.32	0.05861 	-0.0439216 	-1.97873 	0.280598 	0.634285 	0.0319946 	
1.325	0.058625 	-0.0442174 	-1.97848 	0.280605 	0.634333 	0.0319943 	
1.33	0.0588179 	-0.0447543 	-1.97836 	0.281107 	0.635984 	0.0327991 	
1.335	0.0588329 	-0.0450497 	-1.97811 	0.281113 	0.636032 	0.0327986 	
1.34	0.0588481 	-0.0453448 	-1.97786 	0.281119 	0.636079 	0.0327979 	
1.345	0.0590422 	-0.0458805 	-1.97774 	0.281628 	0.637725 	0.0336039 	
1.35	0.0590574 	-0.0461751 	-1.97749 	0.281634 	0.637772 	0.0336031 	
1.355	0.0590727 	-0.0464694 	-1.97724 	0.28164 	0.637819 	0.0336021 	
1.36	0.0592679 	-0.0470035 	-1.97712 	0.282154 	0.63946 	0.0344091 	
1.365	0.0592833 	-0.0472973 	-1.97687 	0.28216 	0.639506 	0.0344078 	
1.37	0.0592987 	-0.0475907 	-1.97662 	0.282166 	0.639552 	0.0344064 	
1.375	0.059495 	-0.0481231 	-1.97649 	0.282686 	0.641187 	0.0352141 	
1.38	0.0595106 	-0.0484159 	-1.97624 	0.282692 	0.641233 	0.0352125 	
1.385	0.0595261 	-0.0487083 	-1.97599 	0.282698 	0.641278 	0.0352108 	
1.39	0.0597235 	-0.0492389 	-1.97587 	0.283224 	0.642906 	0.0360189 	
1.395	0.0597391 	-0.0495305 	-1.97562 	0.283229 	0.642951 	0.036017 	
1.4	0.0597548 	-0.0498218 	-1.97537 	0.283235 	0.642996 	0.0360149 	
1.405	0.059953 	-0.0503504 	-1.97524 	0.283766 	0.644617 	0.0368231 	
1.41	0.0599688 	-0.0506408 	-1.97499 	0.283772 	0.644661 	0.0368208 	
1.415	0.0599847 	-0.0509309 	-1.97475 	0.283777 	0.644705 	0.0368184 	
1.42	0.0601837 	-0.0514572 	-1.97462 	0.284314 	0.646318 	0.0376264 	
1.425	0.0601996 	-0.0517464 	-1.97437 	0.284319 	0.646362 	0.0376238 	
1.43	0.0602156 	-0.0520351 	-1.97412 	0.284324 	0.646405 	0.037621 	
1.435	0.0604154 	-0.052559 	-1.97399 	0.284866 	0.64801 	0.0384286 	
1.44	0.0604314 	-0.0528468 	-1.97375 	0.284871 	0.648053 	0.0384256 	
1.445	0.0604474 	-0.053134 	-1.9735 	0.284876 	0.648096 	0.0384225 	
1.45	0.0606479 	-0.0536553 	-1.97337 	0.285422 	0.649691 	0.0392293 	
1.455	0.060664 	-0.0539416 	-1.97312 	0.285427 	0.649733 	0.039226 	
1.46	0.0606802 	-0.0542273 	-1.97288 	0.285432 	0.649776 	0.0392226 	
1.465	0.0608812 	-0.0547458 	-1.97275 	0.285982 	0.651361 	0.0400283 	
1.47	0.0608974 	-0.0550305 	-1.9725 	0.285987 	0.651403 	0.0400246 	
1.475	0.0609137 	-0.0553146 	-1.97226 	0.285992 	0.651445 	0.0400209 	
1.48	0.0611152 	-0.0558301 	-1.97212 	0.286546 	0.65302 	0.0408252 	
1.485	0.0611315 	-0.0561131 	-1.97188 	0.286551 	0.653061 	0.0408213 	
1.49	0.0611478 	-0.0563955 	-1.97164 	0.286556 	0.653102 	0.0408172 	
1.495	0.0613497 	-0.0569078 	-1.9715 	0.287113 	0.654667 	0.0416198 	
1.5	0.0613661 	-0.057189 	-1.97126 	0.287118 	0.654707 	0.0416155 	
1.505	0.0613825 	-0.0574695 	-1.97102 	0.287123 	0.654747 	0.0416112 	
1.51	0.0615847 	-0.0579785 	-1.97088 	0.287684 	0.656301 	0.0424118 	
1.515	0.0616011 	-0.0582578 	-1.97064 	0.287688 	0.656341 	0.0424072 	
1.52	0.0616176 	-0.0585364 	-1.9704 	0.287693 	0.65638 	0.0424025 	
1.525	0.06182 	-0.0590418 	-1.97027 	0.288257 	0.657922 	0.0432008 	
1.53	0.0618364 	-0.0593191 	-1.97003 	0.288262 	0.657961 	0.043196 	
1.535	0.061853 	-0.0595958 	-1.96979 	0.288266 	0.658 	0.043191 	
1.54	0.0620555 	-0.0600974 	-1.96965 	0.288833 	0.659529 	0.0439867 	
1.545	0.062072 	-0.0603727 	-1.96941 	0.288837 	0.659567 	0.0439815 	
1.55	0.0620885 	-0.0606472 	-1.96917 	0.288841 	0.659605 	0.0439762 	
1.555	0.0622911 	-0.061145 	-1.96904 	0.289411 	0.661122 	0.044769 	
1.56	0.0623076 	-0.061418 	-1.9688 	0.289415 	0.661159 	0.0447635 	
1.565	0.0623242 	-0.0616904 	-1.96856 	0.289419 	0.661197 	0.044758 	
1.57	0.0625266 	-0.062184 	-1.96843 	0.289991 	0.6627 	0.0455474 	
1.575	0.0625432 	-0.0624549 	-1.96819 	0.289995 	0.662737 	0.0455417 	
1.58	0.0625598 	-0.0627249 	-1.96795 	0.289999 	0.662774 	0.0455359 	
1.585	0.0627621 	-0.0632143 	-1.96782 	0.290573 	0.664263 	0.0463217 	
1.59	0.0627787 	-0.0634828 	-1.96759 	0.290576 	0.664299 	0.0463158 	
1.595	0.0627953 	-0.0637504 	-1.96735 	0.29058 	0.664335 	0.0463097 	
1.6	0.0629972 	-0.0642354 	-1.96722 	0.291155 	0.66581 	0.0470916 	
1.605	0.0630138 	-0.0645014 	-1.96698 	0.291159 	0.665846 	0.0470854 	
1.61	0.0630304 	-0.0647665 	-1.96675 	0.291162 	0.665881 	0.0470791 	
1.615	0.063232 	-0.065247 	-1.96661 	0.291739 	0.667341 	0.0478568 	
1.62	0.0632485 	-0.0655104 	-1.96638 	0.291742 	0.667376 	0.0478503 	
1.625	0.0632652 	-0.065773 	-1.96615 	0.291746 	0.66741 	0.0478437 	
1.63	0.0632818 	-0.0660347 	-1.96592 	0.291749 	0.667445 	0.0478371 	
1.635	0.0635378 	-0.0665732 	-1.96582 	0.292498 	0.669309 	0.0488425 	
1.64	0.0635544 	-0.0668332 	-1.96559 	0.292501 	0.669343 	0.0488357 	
1.645	0.063571 	-0.0670922 	-1.96536 	0.292504 	0.669377 	0.0488288 	
1.65	0.0637768 	-0.0675677 	-1.96523 	0.2931 	0.670843 	0.0496193 	
1.655	0.0637934 	-0.0678248 	-1.965 	0.293103 	0.670876 	0.0496122 	
1.66	0.0638099 	-0.0680811 	-1.96477 	0.293106 	0.670909 	0.0496052 	
1.665	0.0638265 	-0.0683364 	-1.96455 	0.293108 	0.670941 	0.049598 	
1.67	0.064081 	-0.0688621 	-1.96444 	0.29386 	0.672761 	0.0505903 	
1.675	0.0640975 	-0.0691155 	-1.96422 	0.293863 	0.672794 	0.050583 	
1.68	0.064114 	-0.0693679 	-1.96399 	0.293865 	0.672825 	0.0505757 	
1.685	0.0641305 	-0.0696193 	-1.96377 	0.293868 	0.672857 	0.0505682 	
1.69	0.0643885 	-0.0701426 	-1.96367 	0.294634 	0.674686 	0.051572 	
1.695	0.0644049 	-0.070392 	-1.96344 	0.294637 	0.674717 	0.0515645 	
1.7	0.0644213 	-0.0706404 	-1.96322 	0.29464 	0.674748 	0.0515569 	
1.705	0.0644377 	-0.0708878 	-1.963 	0.294642 	0.674778 	0.0515492 	
1.71	0.0646945 	-0.0714032 	-1.9629 	0.295408 	0.67658 	0.0525442 	
1.715	0.0647108 	-0.0716485 	-1.96268 	0.295411 	0.67661 	0.0525364 	
1.72	0.0647271 	-0.0718928 	-1.96246 	0.295413 	0.67664 	0.0525286 	
1.725	0.0647434 	-0.072136 	-1.96225 	0.295416 	0.67667 	0.0525207 	
1.73	0.0649982 	-0.0726425 	-1.96214 	0.296179 	0.67844 	0.0535043 	
1.735	0.0650144 	-0.0728837 	-1.96193 	0.296182 	0.678469 	0.0534963 	
1.74	0.0650306 	-0.0731237 	-1.96171 	0.296184 	0.678498 	0.0534882 	
1.745	0.0650467 	-0.0733626 	-1.9615 	0.296186 	0.678527 	0.0534801 	
1.75	0.0652991 	-0.07386 	-1.9614 	0.296946 	0.680264 	0.0544512 	
1.755	0.0653152 	-0.0740967 	-1.96118 	0.296948 	0.680292 	0.054443 	
1.76	0.0653313 	-0.0743323 	-1.96097 	0.29695 	0.68032 	0.0544348 	
1.765	0.0653473 	-0.0745668 	-1.96076 	0.296952 	0.680348 	0.0544265 	
1.77	0.0655971 	-0.0750547 	-1.96066 	0.297708 	0.682051 	0.0553843 	
1.775	0.0656131 	-0.0752869 	-1.96045 	0.29771 	0.682079 	0.0553759 	
1.78	0.065629 	-0.075518 	-1.96024 	0.297711 	0.682106 	0.0553675 	
1.785	0.0656448 	-0.0757479 	-1.96004 	0.297713 	0.682133 	0.0553591 	
1.79	0.0658918 	-0.0762261 	-1.95993 	0.298463 	0.683801 	0.0563028 	
1.795	0.0659076 	-0.0764537 	-1.95973 	0.298465 	0.683828 	0.0562943 	
1.8	0.0659233 	-0.07668 	-1.95953 	0.298467 	0.683854 	0.0562858 	
1.805	0.065939 	-0.0769052 	-1.95933 	0.298468 	0.68388 	0.0562772 	
1.81	0.0661829 	-0.0773734 	-1.95922 	0.299212 	0.685513 	0.0572061 	
1.815	0.0661984 	-0.0775962 	-1.95902 	0.299213 	0.685538 	0.0571975 	
1.82	0.066214 	-0.0778177 	-1.95882 	0.299215 	0.685564 	0.0571888 	
1.825	0.0662295 	-0.078038 	-1.95862 	0.299216 	0.685589 	0.0571801 	
1.83	0.06647 	-0.0784959 	-1.95852 	0.299952 	0.687185 	0.0580934 	
1.835	0.0664854 	-0.0787138 	-1.95832 	0.299954 	0.68721 	0.0580846 	
1.84	0.0665007 	-0.0789304 	-1.95813 	0.299955 	0.687234 	0.0580759 	
1.845	0.066516 	-0.0791457 	-1.95794 	0.299956 	0.687258 	0.0580671 	
1.85	0.0667529 	-0.0795931 	-1.95783 	0.300684 	0.688817 	0.058964 	
1.855	0.066768 	-0.0798059 	-1.95764 	0.300686 	0.688841 	0.0589552 	
1.86	0.0667831 	-0.0800174 	-1.95745 	0.300687 	0.688864 	0.0589464 	
1.865	0.0667981 	-0.0802277 	-1.95726 	0.300688 	0.688888 	0.0589375 	
1.87	0.0670312 	-0.0806643 	-1.95716 	0.301406 	0.690408 	0.0598172 	
1.875	0.0670461 	-0.0808719 	-1.95697 	0.301407 	0.690431 	0.0598083 	
1.88	0.0670609 	-0.0810782 	-1.95678 	0.301408 	0.690454 	0.0597995 	
1.885	0.0670757 	-0.0812832 	-1.9566 	0.301409 	0.690476 	0.0597906 	
1.89	0.0673047 	-0.0817088 	-1.9565 	0.302118 	0.691958 	0.0606524 	
1.895	0.0673193 	-0.0819112 	-1.95632 	0.302119 	0.69198 	0.0606435 	
1.9	0.0673339 	-0.0821122 	-1.95613 	0.30212 	0.692002 	0.0606346 	
1.905	0.0673484 	-0.0823118 	-1.95595 	0.30212 	0.692023 	0.0606257 	
1.91	0.067573 	-0.0827262 	-1.95585 	0.302818 	0.693465 	0.0614688 	
1.915	0.0675874 	-0.0829231 	-1.95568 	0.302818 	0.693486 	0.0614599 	
1.92	0.0676016 	-0.0831187 	-1.9555 	0.302819 	0.693507 	0.061451 	
1.925	0.0676159 	-0.0833129 	-1.95532 	0.30282 	0.693528 	0.0614421 	
1.93	0.0678359 	-0.0837157 	-1.95522 	0.303505 	0.694929 	0.0622658 	
1.935	0.0678499 	-0.0839072 	-1.95505 	0.303506 	0.694949 	0.0622569 	
1.94	0.0678639 	-0.0840972 	-1.95488 	0.303506 	0.694969 	0.0622481 	
1.945	0.0678778 	-0.0842858 	-1.95471 	0.303507 	0.694989 	0.0622392 	
1.95	0.0678917 	-0.084473 	-1.95453 	0.303507 	0.695009 	0.0622304 	
1.955	0.0681511 	-0.0849076 	-1.95446 	0.304328 	0.696664 	0.0632129 	
1.96	0.0681648 	-0.085092 	-1.95429 	0.304328 	0.696683 	0.0632041 	
1.965	0.0681784 	-0.085275 	-1.95412 	0.304329 	0.696702 	0.0631953 	
1.97	0.0681919 	-0.0854565 	-1.95396 	0.304329 	0.696721 	0.0631865 	
1.975	0.0682053 	-0.0856365 	-1.95379 	0.30433 	0.69674 	0.0631777 	
1.98	0.0684616 	-0.086059 	-1.95372 	0.305144 	0.698361 	0.0641468 	
1.985	0.0684749 	-0.0862362 	-1.95356 	0.305144 	0.698379 	0.0641381 	
1.99	0.068488 	-0.0864119 	-1.9534 	0.305144 	0.698397 	0.0641294 	
1.995	0.0685011 	-0.0865861 	-1.95324 	0.305145 	0.698415 	0.0641207 	
2	0.0685141 	-0.0867589 	-1.95308 	0.305145 	0.698432 	0.0641121 	
2.005	0.0687625 	-0.0871645 	-1.95301 	0.305937 	0.69999 	0.0650489 	
2.01	0.0687753 	-0.0873343 	-1.95285 	0.305937 	0.700007 	0.0650403 	
2.015	0.068788 	-0.0875026 	-1.9527 	0.305938 	0.700024 	0.0650318 	
2.02	0.0688006 	-0.0876695 	-1.95254 	0.305938 	0.700041 	0.0650233 	
2.025	0.0688131 	-0.0878348 	-1.95239 	0.305938 	0.700058 	0.0650148 	
2.03	0.0690528 	-0.0882228 	-1.95232 	0.306705 	0.701548 	0.0659162 	
2.035	0.0690651 	-0.0883851 	-1.95217 	0.306705 	0.701564 	0.0659078 	
2.04	0.0690773 	-0.0885459 	-1.95202 	0.306705 	0.70158 	0.0658995 	
2.045	0.0690895 	-0.0887051 	-1.95188 	0.306705 	0.701596 	0.0658912 	
2.05	0.0691015 	-0.0888628 	-1.95173 	0.306705 	0.701612 	0.0658829 	
2.055	0.0693319 	-0.0892329 	-1.95166 	0.307444 	0.703033 	0.0667475 	
2.06	0.0693437 	-0.0893875 	-1.95152 	0.307444 	0.703049 	0.0667393 	
2.065	0.0693554 	-0.0895406 	-1.95138 	0.307444 	0.703064 	0.0667311 	
2.07	0.0693671 	-0.0896922 	-1.95124 	0.307444 	0.703078 	0.066723 	
2.075	0.0693786 	-0.0898422 	-1.9511 	0.307444 	0.703093 	0.066715 	
2.08	0.06939 	-0.0899906 	-1.95097 	0.307444 	0.703107 	0.0667069 	
2.085	0.069647 	-0.0903761 	-1.95091 	0.308278 	0.704691 	0.0676783 	
2.09	0.0696582 	-0.0905214 	-1.95078 	0.308278 	0.704705 	0.0676704 	
2.095	0.0696693 	-0.0906651 	-1.95065 	0.308278 	0.704719 	0.0676625 	
2.1	0.0696803 	-0.0908072 	-1.95052 	0.308278 	0.704732 	0.0676547 	
2.105	0.0696912 	-0.0909477 	-1.95039 	0.308278 	0.704746 	0.067647 	
2.11	0.069702 	-0.0910867 	-1.95026 	0.308278 	0.704759 	0.0676393 	
2.115	0.0699486 	-0.0914513 	-1.95021 	0.309082 	0.706267 	0.0685702 	
2.12	0.0699591 	-0.091587 	-1.95008 	0.309082 	0.70628 	0.0685626 	
2.125	0.0699695 	-0.0917212 	-1.94996 	0.309082 	0.706293 	0.0685551 	
2.13	0.0699799 	-0.0918537 	-1.94984 	0.309081 	0.706305 	0.0685477 	
2.135	0.0699901 	-0.0919846 	-1.94972 	0.309081 	0.706317 	0.0685403 	
2.14	0.0700002 	-0.0921138 	-1.9496 	0.309081 	0.70633 	0.068533 	
2.145	0.0702321 	-0.0924535 	-1.94955 	0.309839 	0.707736 	0.0694066 	
2.15	0.0702419 	-0.0925796 	-1.94944 	0.309839 	0.707748 	0.0693994 	
2.155	0.0702517 	-0.092704 	-1.94932 	0.309839 	0.70776 	0.0693923 	
2.16	0.0702613 	-0.0928267 	-1.94921 	0.309839 	0.707771 	0.0693852 	
2.165	0.0702708 	-0.0929478 	-1.94909 	0.309839 	0.707782 	0.0693783 	
2.17	0.0702802 	-0.0930673 	-1.94898 	0.309838 	0.707794 	0.0693714 	
2.175	0.0702895 	-0.0931851 	-1.94888 	0.309838 	0.707804 	0.0693646 	
2.18	0.070535 	-0.0935253 	-1.94884 	0.310648 	0.709289 	0.0702936 	
2.185	0.070544 	-0.0936398 	-1.94874 	0.310648 	0.7093 	0.070287 	
2.19	0.0705529 	-0.0937526 	-1.94863 	0.310647 	0.70931 	0.0702804 	
2.195	0.0705617 	-0.0938638 	-1.94853 	0.310647 	0.70932 	0.0702739 	
2.2	0.0705703 	-0.0939733 	-1.94843 	0.310647 	0.70933 	0.0702674 	
2.205	0.0705789 	-0.0940811 	-1.94833 	0.310647 	0.70934 	0.0702611 	
2.21	0.0705873 	-0.0941872 	-1.94823 	0.310646 	0.70935 	0.0702548 	
2.215	0.0708141 	-0.0944973 	-1.9482 	0.311397 	0.710712 	0.0711123 	
2.22	0.0708222 	-0.0946 	-1.9481 	0.311397 	0.710721 	0.0711062 	
2.225	0.0708303 	-0.0947011 	-1.94801 	0.311397 	0.71073 	0.0711002 	
2.23	0.0708382 	-0.0948005 	-1.94792 	0.311397 	0.710739 	0.0710943 	
2.235	0.070846 	-0.0948982 	-1.94783 	0.311396 	0.710748 	0.0710884 	
2.24	0.0708536 	-0.0949942 	-1.94774 	0.311396 	0.710757 	0.0710826 	
2.245	0.0708611 	-0.0950884 	-1.94765 	0.311396 	0.710765 	0.071077 	
2.25	0.0708685 	-0.095181 	-1.94756 	0.311395 	0.710774 	0.0710714 	
2.255	0.0710958 	-0.0954774 	-1.94754 	0.312154 	0.712134 	0.0719339 	
2.26	0.0711029 	-0.0955666 	-1.94746 	0.312154 	0.712142 	0.0719285 	
2.265	0.0711099 	-0.095654 	-1.94738 	0.312153 	0.71215 	0.0719231 	
2.27	0.0711168 	-0.0957397 	-1.9473 	0.312153 	0.712157 	0.0719179 	
2.275	0.0711235 	-0.0958237 	-1.94722 	0.312153 	0.712165 	0.0719128 	
2.28	0.0711301 	-0.095906 	-1.94715 	0.312152 	0.712172 	0.0719077 	
2.285	0.0711366 	-0.0959866 	-1.94707 	0.312152 	0.712179 	0.0719028 	
2.29	0.0711429 	-0.0960654 	-1.947 	0.312152 	0.712186 	0.071898 	
2.295	0.0711491 	-0.0961425 	-1.94693 	0.312152 	0.712193 	0.0718932 	
2.3	0.0711552 	-0.0962178 	-1.94686 	0.312151 	0.7122 	0.0718885 	
2.305	0.0713927 	-0.0965061 	-1.94686 	0.312952 	0.713619 	0.0727957 	
2.31	0.0713984 	-0.096578 	-1.94679 	0.312952 	0.713625 	0.0727913 	
2.315	0.0714041 	-0.0966481 	-1.94672 	0.312951 	0.713631 	0.0727869 	
2.32	0.0714096 	-0.0967165 	-1.94666 	0.312951 	0.713637 	0.0727827 	
2.325	0.071415 	-0.0967832 	-1.9466 	0.312951 	0.713643 	0.0727785 	
2.33	0.0714202 	-0.0968481 	-1.94654 	0.31295 	0.713649 	0.0727745 	
2.335	0.0714253 	-0.0969112 	-1.94648 	0.31295 	0.713654 	0.0727705 	
2.34	0.0714302 	-0.0969726 	-1.94642 	0.31295 	0.71366 	0.0727667 	
2.345	0.0714351 	-0.0970322 	-1.94637 	0.31295 	0.713665 	0.0727629 	
2.35	0.0714397 	-0.0970901 	-1.94631 	0.312949 	0.71367 	0.0727593 	
2.355	0.0714443 	-0.0971462 	-1.94626 	0.312949 	0.713675 	0.0727558 	
2.36	0.0714487 	-0.0972005 	-1.94621 	0.312949 	0.713679 	0.0727523 	
2.365	0.0714529 	-0.0972531 	-1.94616 	0.312949 	0.713684 	0.072749 	
2.37	0.071687 	-0.0975154 	-1.94618 	0.313746 	0.71508 	0.0736492 	
2.375	0.0716909 	-0.0975645 	-1.94613 	0.313746 	0.715084 	0.0736461 	
2.38	0.0716948 	-0.0976118 	-1.94609 	0.313745 	0.715088 	0.0736431 	
2.385	0.0716985 	-0.0976573 	-1.94605 	0.313745 	0.715092 	0.0736403 	
2.39	0.071702 	-0.097701 	-1.94601 	0.313745 	0.715096 	0.0736375 	
2.395	0.0717054 	-0.097743 	-1.94597 	0.313745 	0.7151 	0.0736348 	
2.4	0.0717087 	-0.0977832 	-1.94593 	0.313745 	0.715103 	0.0736323 	
2.405	0.0717115 	-0.0978181 	-1.9459 	0.313744 	0.715106 	0.07363 	
2.41	0.0717148 	-0.0978582 	-1.94586 	0.313744 	0.71511 	0.0736275 	
2.415	0.0717173 	-0.0978899 	-1.94583 	0.313744 	0.715112 	0.0736255 	
2.42	0.07172 	-0.0979229 	-1.9458 	0.313744 	0.715115 	0.0736234 	
2.425	0.0717226 	-0.0979543 	-1.94577 	0.313744 	0.715118 	0.0736213 	
2.43	0.071725 	-0.097984 	-1.94574 	0.313744 	0.71512 	0.0736195 	
2.435	0.0717273 	-0.0980119 	-1.94571 	0.313743 	0.715123 	0.0736177 	
2.44	0.0717294 	-0.0980381 	-1.94569 	0.313743 	0.715125 	0.073616 	
2.445	0.0717314 	-0.0980624 	-1.94567 	0.313743 	0.715127 	0.0736144 	
2.45	0.0717332 	-0.098085 	-1.94565 	0.313743 	0.715129 	0.073613 	
2.455	0.0717349 	-0.0981058 	-1.94563 	0.313743 	0.715131 	0.0736117 	
2.46	0.0717364 	-0.0981247 	-1.94561 	0.313743 	0.715132 	0.0736104 	
2.465	0.0717378 	-0.098142 	-1.94559 	0.313743 	0.715134 	0.0736093 	
2.47	0.0717391 	-0.0981574 	-1.94558 	0.313743 	0.715135 	0.0736083 	
2.475	0.0717402 	-0.098171 	-1.94557 	0.313743 	0.715136 	0.0736075 	
2.48	0.0717412 	-0.0981828 	-1.94556 	0.313743 	0.715137 	0.0736067 	
2.485	0.071742 	-0.0981929 	-1.94555 	0.313743 	0.715138 	0.0736061 	
2.49	0.0717427 	-0.0982011 	-1.94554 	0.313743 	0.715139 	0.0736055 	
2.495	0.0717432 	-0.0982076 	-1.94553 	0.313742 	0.71514 	0.0736051 	
2.5	0.0717436 	-0.0982123 	-1.94553 	0.313742 	0.71514 	0.0736048 	
2.505	0.0717436 	-0.0982123 	-1.94553 	0.313742 	0.71514 	0.0736048 	
2.51	0.0717439 	-0.098216 	-1.94552 	0.313742 	0.71514 	0.0736046 	
2.515	0.0717439 	-0.098216 	-1.94552 	0.313742 	0.71514 	0.0736046 	
2.52	0.0717439 	-0.098216 	-1.94552 	0.313742 	0.71514 	0.0736046 	
2.525	0.0717429 	-0.098216 	-1.94552 	0.313741 	0.715135 	0.0736034 	
2.53	0.0717421 	-0.0982158 	-1.94551 	0.31374 	0.71513 	0.0736024 	
2.535	0.071741 	-0.0982155 	-1.94551 	0.313739 	0.715124 	0.0736011 	
2.54	0.0717397 	-0.0982151 	-1.9455 	0.313737 	0.715116 	0.0735995 	
2.545	0.0717381 	-0.0982146 	-1.94549 	0.313735 	0.715108 	0.0735977 	
2.55	0.0719377 	-0.0983913 	-1.94554 	0.314442 	0.716275 	0.0746511 	
2.555	0.0719357 	-0.0983908 	-1.94553 	0.314439 	0.716264 	0.0746486 	
2.56	0.0719334 	-0.0983901 	-1.94552 	0.314436 	0.716251 	0.0746458 	
2.565	0.0719309 	-0.0983894 	-1.9455 	0.314433 	0.716237 	0.0746428 	
2.57	0.0719281 	-0.0983885 	-1.94549 	0.31443 	0.716221 	0.0746396 	
2.575	0.0719251 	-0.0983876 	-1.94547 	0.314426 	0.716204 	0.074636 	
2.58	0.0719218 	-0.0983866 	-1.94545 	0.314422 	0.716186 	0.0746321 	
2.585	0.0719183 	-0.0983856 	-1.94543 	0.314418 	0.716166 	0.074628 	
2.59	0.0719145 	-0.0983845 	-1.94541 	0.314413 	0.716145 	0.0746235 	
2.595	0.0719105 	-0.0983833 	-1.94539 	0.314408 	0.716122 	0.0746188 	
2.6	0.0719063 	-0.098382 	-1.94537 	0.314403 	0.716098 	0.0746138 	
2.605	0.0719018 	-0.0983807 	-1.94535 	0.314397 	0.716073 	0.0746085 	
2.61	0.0718955 	-0.0983422 	-1.94531 	0.314428 	0.715858 	0.0760118 	
2.615	0.0718906 	-0.0983408 	-1.94529 	0.314422 	0.71583 	0.076006 	
2.62	0.0718853 	-0.0983392 	-1.94526 	0.314415 	0.715801 	0.0759998 	
2.625	0.0718799 	-0.0983376 	-1.94523 	0.314409 	0.71577 	0.0759934 	
2.63	0.0718742 	-0.098336 	-1.9452 	0.314402 	0.715738 	0.0759867 	
2.635	0.0718683 	-0.0983342 	-1.94517 	0.314394 	0.715705 	0.0759797 	
2.64	0.0718621 	-0.0983324 	-1.94513 	0.314387 	0.71567 	0.0759724 	
2.645	0.0718342 	-0.0982735 	-1.94509 	0.314348 	0.715317 	0.0773767 	
2.65	0.0718275 	-0.0982716 	-1.94505 	0.31434 	0.715279 	0.0773688 	
2.655	0.0718206 	-0.0982696 	-1.94501 	0.314331 	0.715241 	0.0773607 	
2.66	0.0718128 	-0.0982674 	-1.94497 	0.314322 	0.715197 	0.0773515 	
2.665	0.071806 	-0.0982654 	-1.94494 	0.314313 	0.715159 	0.0773435 	
2.67	0.0717765 	-0.0982098 	-1.94488 	0.314269 	0.714813 	0.0786108 	
2.675	0.0717686 	-0.0982075 	-1.94484 	0.314259 	0.714769 	0.0786016 	
2.68	0.0717605 	-0.0982052 	-1.94479 	0.314249 	0.714724 	0.078592 	
2.685	0.0717522 	-0.0982029 	-1.94475 	0.314239 	0.714677 	0.0785822 	
2.69	0.0717436 	-0.0982005 	-1.9447 	0.314229 	0.714629 	0.0785721 	
2.695	0.0717104 	-0.0981372 	-1.94464 	0.314179 	0.714238 	0.0800135 	
2.7	0.0717014 	-0.0981347 	-1.94459 	0.314167 	0.714187 	0.0800029 	
2.705	0.0716921 	-0.0981321 	-1.94454 	0.314156 	0.714135 	0.0799919 	
2.71	0.0716826 	-0.0981295 	-1.94449 	0.314144 	0.714082 	0.0799807 	
2.715	0.0716503 	-0.0980708 	-1.94442 	0.314096 	0.713712 	0.0813077 	
2.72	0.0716403 	-0.098068 	-1.94437 	0.314084 	0.713656 	0.081296 	
2.725	0.0716301 	-0.0980653 	-1.94431 	0.314071 	0.713599 	0.081284 	
2.73	0.0716197 	-0.0980624 	-1.94426 	0.314059 	0.71354 	0.0812717 	
2.735	0.0715848 	-0.0979991 	-1.94419 	0.314006 	0.713141 	0.0827043 	
2.74	0.0715739 	-0.0979962 	-1.94413 	0.313993 	0.713079 	0.0826915 	
2.745	0.0715627 	-0.0979932 	-1.94407 	0.313979 	0.713017 	0.0826784 	
2.75	0.0715514 	-0.0979902 	-1.94401 	0.313965 	0.712953 	0.082665 	
2.755	0.0715134 	-0.0979214 	-1.94393 	0.313909 	0.712518 	0.0842238 	
2.76	0.0715016 	-0.0979183 	-1.94386 	0.313894 	0.712452 	0.0842099 	
2.765	0.0714896 	-0.0979152 	-1.9438 	0.313879 	0.712384 	0.0841958 	
2.77	0.0714554 	-0.0978576 	-1.94372 	0.313829 	0.712009 	0.0854851 	
2.775	0.0714429 	-0.0978544 	-1.94365 	0.313814 	0.711938 	0.0854705 	
2.78	0.0714302 	-0.0978511 	-1.94358 	0.313798 	0.711867 	0.0854555 	
2.785	0.0713947 	-0.0977918 	-1.9435 	0.313746 	0.711479 	0.0867815 	
2.79	0.0713816 	-0.0977885 	-1.94343 	0.31373 	0.711405 	0.086766 	
2.795	0.0713682 	-0.0977852 	-1.94336 	0.313714 	0.71133 	0.0867503 	
2.8	0.071331 	-0.0977231 	-1.94327 	0.313659 	0.710922 	0.0881428 	
2.805	0.0713172 	-0.0977197 	-1.94319 	0.313642 	0.710844 	0.0881265 	
2.81	0.0713032 	-0.0977163 	-1.94312 	0.313625 	0.710765 	0.0881101 	
2.815	0.0712641 	-0.0976512 	-1.94302 	0.313568 	0.710338 	0.0895712 	
2.82	0.0712497 	-0.0976477 	-1.94294 	0.31355 	0.710256 	0.0895542 	
2.825	0.071235 	-0.0976442 	-1.94287 	0.313533 	0.710173 	0.089537 	
2.83	0.0711941 	-0.0975762 	-1.94277 	0.313473 	0.709726 	0.0910664 	
2.835	0.071179 	-0.0975727 	-1.94269 	0.313454 	0.709641 	0.0910487 	
2.84	0.0711637 	-0.0975692 	-1.9426 	0.313436 	0.709554 	0.0910307 	
2.845	0.0711211 	-0.0974983 	-1.9425 	0.313373 	0.709087 	0.0926276 	
2.85	0.0711054 	-0.0974948 	-1.94242 	0.313354 	0.708998 	0.0926091 	
2.855	0.0710894 	-0.0974912 	-1.94233 	0.313335 	0.708909 	0.0925904 	
2.86	0.0710451 	-0.0974175 	-1.94222 	0.31327 	0.708422 	0.0942537 	
2.865	0.0710287 	-0.0974139 	-1.94213 	0.31325 	0.70833 	0.0942346 	
2.87	0.0710121 	-0.0974103 	-1.94204 	0.31323 	0.708236 	0.0942151 	
2.875	0.0709661 	-0.097334 	-1.94193 	0.313163 	0.70773 	0.0959441 	
2.88	0.0709491 	-0.0973303 	-1.94184 	0.313142 	0.707634 	0.0959242 	
2.885	0.0709107 	-0.0972743 	-1.94173 	0.313087 	0.707241 	0.0971651 	
2.89	0.0708933 	-0.0972707 	-1.94164 	0.313066 	0.707143 	0.0971448 	
2.895	0.070855 	-0.0972156 	-1.94153 	0.313012 	0.706752 	0.0983624 	
2.9	0.0708372 	-0.097212 	-1.94143 	0.31299 	0.706652 	0.0983415 	
2.905	0.0707981 	-0.097156 	-1.94132 	0.312935 	0.706254 	0.0995819 	
2.91	0.0707799 	-0.0971524 	-1.94122 	0.312913 	0.706151 	0.0995607 	
2.915	0.07074 	-0.0970953 	-1.9411 	0.312856 	0.705744 	0.100828 	
2.92	0.0707214 	-0.0970917 	-1.941 	0.312834 	0.705639 	0.100806 	
2.925	0.0706806 	-0.0970335 	-1.94088 	0.312776 	0.705223 	0.102101 	
2.93	0.0706616 	-0.0970299 	-1.94078 	0.312753 	0.705116 	0.102079 	
2.935	0.07062 	-0.0969706 	-1.94066 	0.312694 	0.704692 	0.103401 	
2.94	0.0706006 	-0.0969671 	-1.94055 	0.312671 	0.704582 	0.103378 	
2.945	0.0705582 	-0.0969068 	-1.94043 	0.312611 	0.704149 	0.104727 	
2.95	0.0705385 	-0.0969033 	-1.94032 	0.312587 	0.704038 	0.104704 	
2.955	0.0704952 	-0.0968419 	-1.9402 	0.312526 	0.703596 	0.106079 	
2.96	0.0704751 	-0.0968384 	-1.94009 	0.312501 	0.703483 	0.106055 	
2.965	0.070431 	-0.0967761 	-1.93996 	0.312439 	0.703033 	0.107456 	
2.97	0.0704105 	-0.0967727 	-1.93984 	0.312414 	0.702917 	0.107432 	
2.975	0.0703657 	-0.0967093 	-1.93971 	0.312351 	0.702459 	0.108859 	
2.98	0.0703449 	-0.096706 	-1.9396 	0.312326 	0.702341 	0.108835 	
2.985	0.0702992 	-0.0966416 	-1.93947 	0.312262 	0.701875 	0.110287 	
2.99	0.070278 	-0.0966384 	-1.93935 	0.312236 	0.701755 	0.110262 	
2.995	0.0702316 	-0.0965731 	-1.93921 	0.312171 	0.701281 	0.111739 	
3	0.0702101 	-0.0965699 	-1.93909 	0.312145 	0.701159 	0.111714 	
3.005	0.0701629 	-0.0965037 	-1.93896 	0.312079 	0.700676 	0.113215 	
3.01	0.070141 	-0.0965006 	-1.93884 	0.312052 	0.700552 	0.11319 	
3.015	0.0700931 	-0.0964335 	-1.93869 	0.311985 	0.700062 	0.114716 	
3.02	0.0700709 	-0.0964305 	-1.93857 	0.311958 	0.699936 	0.11469 	
3.025	0.0700222 	-0.0963626 	-1.93843 	0.31189 	0.699439 	0.116239 	
3.03	0.0699997 	-0.0963597 	-1.9383 	0.311863 	0.699311 	0.116213 	
3.035	0.0699503 	-0.0962909 	-1.93816 	0.311794 	0.698806 	0.117786 	
3.04	0.0699275 	-0.0962881 	-1.93803 	0.311766 	0.698676 	0.117759 	
3.045	0.0698774 	-0.0962185 	-1.93788 	0.311696 	0.698163 	0.119355 	
3.05	0.0698542 	-0.0962158 	-1.93775 	0.311669 	0.698031 	0.119328 	
3.055	0.0698034 	-0.0961454 	-1.9376 	0.311597 	0.697511 	0.120947 	
3.06	0.06978 	-0.0961428 	-1.93747 	0.311569 	0.697378 	0.12092 	
3.065	0.0697285 	-0.0960717 	-1.93732 	0.311497 	0.696851 	0.122561 	
3.07	0.0697047 	-0.0960692 	-1.93719 	0.311469 	0.696715 	0.122533 	
3.075	0.0696526 	-0.0959974 	-1.93703 	0.311396 	0.696181 	0.124196 	
3.08	0.0696285 	-0.095995 	-1.9369 	0.311367 	0.696044 	0.124168 	
3.085	0.0695757 	-0.0959225 	-1.93674 	0.311294 	0.695503 	0.125853 	
3.09	0.0695513 	-0.0959202 	-1.9366 	0.311265 	0.695364 	0.125824 	
3.095	0.0694979 	-0.095847 	-1.93644 	0.31119 	0.694816 	0.12753 	
3.1	0.0694733 	-0.0958449 	-1.9363 	0.311161 	0.694675 	0.127501 	
3.105	0.0694192 	-0.095771 	-1.93614 	0.311086 	0.694121 	0.129227 	
3.11	0.0693943 	-0.0957691 	-1.936 	0.311056 	0.693978 	0.129198 	
3.115	0.0693396 	-0.0956946 	-1.93584 	0.31098 	0.693417 	0.130944 	
3.12	0.0693144 	-0.0956928 	-1.9357 	0.31095 	0.693273 	0.130915 	
3.125	0.0692592 	-0.0956177 	-1.93553 	0.310873 	0.692706 	0.132681 	
3.13	0.0692337 	-0.0956161 	-1.93539 	0.310843 	0.69256 	0.132651 	
3.135	0.0691778 	-0.0955404 	-1.93522 	0.310765 	0.691986 	0.134436 	
3.14	0.0691521 	-0.095539 	-1.93507 	0.310735 	0.691839 	0.134406 	
3.145	0.0690957 	-0.0954627 	-1.9349 	0.310657 	0.691259 	0.136211 	
3.15	0.0690697 	-0.0954615 	-1.93475 	0.310626 	0.69111 	0.13618 	
3.155	0.0690128 	-0.0953847 	-1.93458 	0.310547 	0.690525 	0.138003 	
3.16	0.0689866 	-0.0953836 	-1.93443 	0.310516 	0.690374 	0.137972 	
3.165	0.0689291 	-0.0953064 	-1.93426 	0.310436 	0.689783 	0.139813 	
3.17	0.0689026 	-0.0953055 	-1.93411 	0.310405 	0.689631 	0.139782 	
3.175	0.0688446 	-0.0952278 	-1.93393 	0.310325 	0.689034 	0.14164 	
3.18	0.0688179 	-0.0952271 	-1.93378 	0.310293 	0.68888 	0.141609 	
3.185	0.0687594 	-0.0951489 	-1.9336 	0.310212 	0.688278 	0.143484 	
3.19	0.0687325 	-0.0951484 	-1.93345 	0.310181 	0.688123 	0.143453 	
3.195	0.0686735 	-0.0950698 	-1.93327 	0.310099 	0.687515 	0.145345 	
3.2	0.0686463 	-0.0950695 	-1.93311 	0.310067 	0.687359 	0.145313 	
3.205	0.0685869 	-0.0949906 	-1.93293 	0.309985 	0.686746 	0.147221 	
3.21	0.0685595 	-0.0949905 	-1.93277 	0.309953 	0.686588 	0.147189 	
3.215	0.0684996 	-0.0949112 	-1.93259 	0.309871 	0.68597 	0.149113 	
3.22	0.068472 	-0.0949113 	-1.93243 	0.309838 	0.685811 	0.14908 	
3.225	0.0684117 	-0.0948316 	-1.93224 	0.309755 	0.685188 	0.151019 	
3.23	0.0683839 	-0.094832 	-1.93208 	0.309722 	0.685028 	0.150987 	
3.235	0.0683231 	-0.094752 	-1.9319 	0.309639 	0.6844 	0.15294 	
3.24	0.0682952 	-0.0947526 	-1.93173 	0.309606 	0.684239 	0.152908 	
3.245	0.068234 	-0.0946723 	-1.93155 	0.309522 	0.683606 	0.154875 	
3.25	0.0682059 	-0.0946732 	-1.93138 	0.309489 	0.683444 	0.154842 	
3.255	0.0681443 	-0.0945926 	-1.93119 	0.309405 	0.682807 	0.156824 	
3.26	0.068116 	-0.0945937 	-1.93103 	0.309372 	0.682643 	0.156791 	
3.265	0.068054 	-0.0945129 	-1.93083 	0.309287 	0.682002 	0.158785 	
3.27	0.0680256 	-0.0945142 	-1.93067 	0.309253 	0.681837 	0.158752 	
3.275	0.0679632 	-0.0944333 	-1.93047 	0.309168 	0.681192 	0.160759 	
3.28	0.0679346 	-0.0944348 	-1.93031 	0.309135 	0.681026 	0.160726 	
3.285	0.067872 	-0.0943537 	-1.93011 	0.309049 	0.680377 	0.162745 	
3.29	0.0678432 	-0.0943555 	-1.92994 	0.309015 	0.68021 	0.162712 	
3.295	0.0677802 	-0.0942742 	-1.92975 	0.30893 	0.679557 	0.164743 	
3.3	0.0677513 	-0.0942762 	-1.92958 	0.308896 	0.679389 	0.164709 	
3.305	0.067688 	-0.0941948 	-1.92938 	0.308809 	0.678732 	0.166752 	
3.31	0.067659 	-0.0941971 	-1.92921 	0.308775 	0.678563 	0.166718 	
3.315	0.0675954 	-0.0941156 	-1.92901 	0.308689 	0.677903 	0.168771 	
3.32	0.0675662 	-0.0941181 	-1.92884 	0.308655 	0.677733 	0.168737 	
3.325	0.0675023 	-0.0940366 	-1.92863 	0.308568 	0.67707 	0.1708 	
3.33	0.0674731 	-0.0940394 	-1.92846 	0.308534 	0.676899 	0.170766 	
3.335	0.0674089 	-0.0939577 	-1.92826 	0.308447 	0.676232 	0.172839 	
3.34	0.0673796 	-0.0939608 	-1.92808 	0.308412 	0.676061 	0.172804 	
3.345	0.0673151 	-0.0938791 	-1.92788 	0.308325 	0.675391 	0.174886 	
3.35	0.0672857 	-0.0938825 	-1.9277 	0.308291 	0.675219 	0.174852 	
3.355	0.0672211 	-0.0938008 	-1.9275 	0.308203 	0.674547 	0.176943 	
3.36	0.0671915 	-0.0938044 	-1.92732 	0.308169 	0.674374 	0.176908 	
3.365	0.0671267 	-0.0937228 	-1.92712 	0.308081 	0.673699 	0.179007 	
3.37	0.067097 	-0.0937266 	-1.92694 	0.308046 	0.673525 	0.178972 	
3.375	0.067032 	-0.093645 	-1.92673 	0.307959 	0.672847 	0.181079 	
3.38	0.0670023 	-0.0936492 	-1.92655 	0.307924 	0.672673 	0.181044 	
3.385	0.0669371 	-0.0935677 	-1.92635 	0.307836 	0.671993 	0.183157 	
3.39	0.0669073 	-0.0935721 	-1.92617 	0.307801 	0.671818 	0.183122 	
3.395	0.0668419 	-0.0934906 	-1.92596 	0.307713 	0.671136 	0.185243 	
3.4	0.0668121 	-0.0934953 	-1.92578 	0.307678 	0.670961 	0.185208 	
3.405	0.0667465 	-0.093414 	-1.92557 	0.30759 	0.670277 	0.187334 	
3.41	0.0667167 	-0.093419 	-1.92539 	0.307556 	0.670101 	0.187299 	
3.415	0.066651 	-0.0933378 	-1.92517 	0.307467 	0.669415 	0.18943 	
3.42	0.0666211 	-0.093343 	-1.92499 	0.307432 	0.669239 	0.189395 	
3.425	0.0665553 	-0.093262 	-1.92478 	0.307344 	0.668551 	0.191532 	
3.43	0.0665254 	-0.0932675 	-1.9246 	0.307309 	0.668374 	0.191496 	
3.435	0.0664595 	-0.0931867 	-1.92438 	0.307221 	0.667685 	0.193638 	
3.44	0.0664295 	-0.0931925 	-1.9242 	0.307186 	0.667508 	0.193602 	
3.445	0.0663636 	-0.0931119 	-1.92399 	0.307098 	0.666818 	0.195747 	
3.45	0.0663336 	-0.093118 	-1.9238 	0.307063 	0.66664 	0.195712 	
3.455	0.0662676 	-0.0930376 	-1.92359 	0.306975 	0.665949 	0.19786 	
3.46	0.0662376 	-0.0930439 	-1.9234 	0.30694 	0.665771 	0.197825 	
3.465	0.0661716 	-0.0929638 	-1.92319 	0.306852 	0.665078 	0.199976 	
3.47	0.0661416 	-0.0929704 	-1.923 	0.306817 	0.6649 	0.19994 	
3.475	0.0660755 	-0.0928906 	-1.92279 	0.306729 	0.664207 	0.202094 	
3.48	0.0660455 	-0.0928974 	-1.9226 	0.306694 	0.664029 	0.202058 	
3.485	0.0659794 	-0.0928179 	-1.92239 	0.306606 	0.663335 	0.204213 	
3.49	0.0659494 	-0.092825 	-1.9222 	0.306571 	0.663157 	0.204178 	
3.495	0.0658834 	-0.0927458 	-1.92198 	0.306483 	0.662462 	0.206334 	
3.5	0.0658534 	-0.0927532 	-1.9218 	0.306448 	0.662284 	0.206299 	
3.505	0.0657874 	-0.0926743 	-1.92158 	0.30636 	0.661589 	0.208456 	
3.51	0.0657574 	-0.092682 	-1.92139 	0.306326 	0.661411 	0.20842 	
3.515	0.0656915 	-0.0926034 	-1.92117 	0.306238 	0.660716 	0.210578 	
3.52	0.0656616 	-0.0926114 	-1.92099 	0.306203 	0.660537 	0.210542 	
3.525	0.0655956 	-0.0925332 	-1.92077 	0.306116 	0.659843 	0.212699 	
3.53	0.0655658 	-0.0925414 	-1.92058 	0.306081 	0.659664 	0.212663 	
3.535	0.0654999 	-0.0924637 	-1.92036 	0.305994 	0.65897 	0.214819 	
3.54	0.0654701 	-0.0924721 	-1.92018 	0.305959 	0.658791 	0.214784 	
3.545	0.0654044 	-0.0923948 	-1.91996 	0.305872 	0.658097 	0.216938 	
3.55	0.0653746 	-0.0924035 	-1.91977 	0.305838 	0.657919 	0.216903 	
3.555	0.065309 	-0.0923266 	-1.91955 	0.305751 	0.657226 	0.219055 	
3.56	0.0652793 	-0.0923356 	-1.91936 	0.305717 	0.657048 	0.21902 	
3.565	0.0652138 	-0.0922591 	-1.91914 	0.30563 	0.656355 	0.221169 	
3.57	0.0651842 	-0.0922683 	-1.91896 	0.305596 	0.656177 	0.221134 	
3.575	0.0651188 	-0.0921923 	-1.91874 	0.305509 	0.655485 	0.223281 	
3.58	0.0650893 	-0.0922018 	-1.91855 	0.305475 	0.655308 	0.223245 	
3.585	0.0650241 	-0.0921263 	-1.91833 	0.305389 	0.654617 	0.225389 	
3.59	0.0649947 	-0.092136 	-1.91814 	0.305355 	0.65444 	0.225353 	
3.595	0.0649297 	-0.092061 	-1.91792 	0.305269 	0.653751 	0.227492 	
3.6	0.0649003 	-0.0920709 	-1.91773 	0.305236 	0.653573 	0.227457 	
3.605	0.0648355 	-0.0919964 	-1.91751 	0.30515 	0.652886 	0.229592 	
3.61	0.0648285 	-0.0919116 	-1.9176 	0.305113 	0.652683 	0.229591 	
3.615	0.0648168 	-0.0918185 	-1.91767 	0.305076 	0.65248 	0.229591 	
3.62	0.0648011 	-0.0917176 	-1.91773 	0.305039 	0.652278 	0.22959 	
3.625	0.0647819 	-0.0916098 	-1.91777 	0.305002 	0.652075 	0.22959 	
3.63	0.0647596 	-0.0914957 	-1.9178 	0.304964 	0.651871 	0.22959 	
3.635	0.0647344 	-0.0913755 	-1.91782 	0.304927 	0.651668 	0.229589 	
3.64	0.0647064 	-0.0912499 	-1.91782 	0.30489 	0.651465 	0.229589 	
3.645	0.0646758 	-0.0911191 	-1.91782 	0.304852 	0.651261 	0.229589 	
3.65	0.0646429 	-0.0909836 	-1.91781 	0.304815 	0.651058 	0.229588 	
3.655	0.0646076 	-0.0908436 	-1.91779 	0.304777 	0.650854 	0.229588 	
3.66	0.0645702 	-0.0906995 	-1.91776 	0.304739 	0.65065 	0.229588 	
3.665	0.0645308 	-0.0905515 	-1.91772 	0.304702 	0.650446 	0.229588 	
3.67	0.0644901 	-0.0904076 	-1.91768 	0.304664 	0.650242 	0.229587 	
3.675	0.0644487 	-0.0902824 	-1.91766 	0.304626 	0.650039 	0.229587 	
3.68	0.0644058 	-0.090152 	-1.91764 	0.304588 	0.649835 	0.229587 	
3.685	0.0643613 	-0.0900169 	-1.91761 	0.304551 	0.649631 	0.229587 	
3.69	0.0643155 	-0.0898776 	-1.91757 	0.304513 	0.649427 	0.229587 	
3.695	0.0642684 	-0.0897341 	-1.91752 	0.304475 	0.649223 	0.229587 	
3.7	0.0642202 	-0.0895869 	-1.91747 	0.304437 	0.649019 	0.229587 	
3.705	0.0641707 	-0.089436 	-1.91741 	0.304399 	0.648815 	0.229587 	
3.71	0.0641202 	-0.0892819 	-1.91734 	0.304361 	0.648611 	0.229586 	
3.715	0.0640686 	-0.0891246 	-1.91727 	0.304323 	0.648407 	0.229586 	
3.72	0.0640161 	-0.0889645 	-1.9172 	0.304285 	0.648202 	0.229586 	
3.725	0.0639626 	-0.0888017 	-1.91712 	0.304247 	0.647998 	0.229586 	
3.73	0.0639082 	-0.0886365 	-1.91703 	0.304209 	0.647794 	0.229586 	
3.735	0.0638529 	-0.0884688 	-1.91695 	0.304171 	0.647589 	0.229586 	
3.74	0.0637969 	-0.0882991 	-1.91686 	0.304133 	0.647385 	0.229586 	
3.745	0.0637401 	-0.0881273 	-1.91676 	0.304095 	0.64718 	0.229586 	
3.75	0.0636856 	-0.0879618 	-1.91668 	0.304057 	0.646976 	0.229586 	
3.755	0.0636394 	-0.0878179 	-1.91662 	0.304019 	0.646772 	0.229586 	
3.76	0.0635952 	-0.0876774 	-1.91656 	0.303981 	0.646567 	0.229586 	
3.765	0.0635601 	-0.0875551 	-1.91653 	0.303943 	0.646363 	0.229586 	
3.77	0.0635245 	-0.0874339 	-1.9165 	0.303905 	0.646159 	0.229586 	
3.775	0.0634931 	-0.0873264 	-1.91648 	0.303867 	0.645955 	0.229586 	
3.78	0.0634605 	-0.0872192 	-1.91647 	0.303829 	0.645752 	0.229586 	
3.785	0.0634331 	-0.0871331 	-1.91646 	0.303792 	0.645548 	0.229587 	
3.79	0.0634121 	-0.0870689 	-1.91647 	0.303754 	0.645345 	0.229587 	
3.795	0.0634057 	-0.0870446 	-1.91649 	0.303716 	0.645143 	0.229587 	
3.8	0.0633983 	-0.0870192 	-1.9165 	0.303678 	0.644942 	0.229587 	
3.805	0.0633971 	-0.0869936 	-1.91653 	0.30364 	0.64474 	0.229588 	
3.81	0.0633935 	-0.0869649 	-1.91655 	0.303603 	0.644538 	0.229588 	
3.815	0.0633957 	-0.0869542 	-1.91658 	0.303565 	0.644336 	0.229588 	
3.82	0.0633989 	-0.0869327 	-1.91661 	0.303527 	0.644135 	0.229588 	
3.825	0.0634025 	-0.0869072 	-1.91664 	0.30349 	0.643933 	0.229588 	
3.83	0.063401 	-0.0868738 	-1.91667 	0.303452 	0.643732 	0.229589 	
3.835	0.0633978 	-0.0868361 	-1.91669 	0.303415 	0.64353 	0.229589 	
3.84	0.0633902 	-0.086792 	-1.91672 	0.303377 	0.643328 	0.229589 	
3.845	0.0633811 	-0.0867443 	-1.91674 	0.303339 	0.643126 	0.22959 	
3.85	0.0633704 	-0.086692 	-1.91676 	0.303301 	0.642923 	0.22959 	
3.855	0.0633585 	-0.0866378 	-1.91679 	0.303264 	0.642721 	0.22959 	
3.86	0.0633447 	-0.0865801 	-1.91681 	0.303226 	0.642519 	0.229591 	
3.865	0.0633299 	-0.0865207 	-1.91683 	0.303188 	0.642316 	0.229591 	
3.87	0.0633132 	-0.0864586 	-1.91685 	0.30315 	0.642113 	0.229591 	
3.875	0.0632958 	-0.0863953 	-1.91688 	0.303112 	0.641911 	0.229592 	
3.88	0.0632767 	-0.0863302 	-1.9169 	0.303075 	0.641708 	0.229592 	
3.885	0.0632576 	-0.0862646 	-1.91692 	0.303037 	0.641505 	0.229593 	
3.89	0.0632369 	-0.0861975 	-1.91695 	0.302999 	0.641303 	0.229593 	
3.895	0.0632153 	-0.08613 	-1.91697 	0.302961 	0.6411 	0.229594 	
3.9	0.0631931 	-0.0860599 	-1.91699 	0.302923 	0.640897 	0.229594 	
3.905	0.0631708 	-0.0859916 	-1.91702 	0.302885 	0.640694 	0.229595 	
3.91	0.0631475 	-0.08592 	-1.91704 	0.302847 	0.640491 	0.229595 	
3.915	0.0631254 	-0.08585 	-1.91706 	0.302809 	0.640288 	0.229596 	
3.92	0.0631022 	-0.0857773 	-1.91709 	0.302771 	0.640085 	0.229596 	
3.925	0.0630797 	-0.0857052 	-1.91711 	0.302733 	0.639882 	0.229597 	
3.93	0.0630569 	-0.0856306 	-1.91713 	0.302695 	0.639679 	0.229597 	
3.935	0.0630351 	-0.0855571 	-1.91716 	0.302657 	0.639476 	0.229598 	
3.94	0.0630125 	-0.0854821 	-1.91718 	0.302619 	0.639273 	0.229598 	
3.945	0.0629907 	-0.0854076 	-1.91721 	0.302581 	0.63907 	0.229599 	
3.95	0.0629681 	-0.0853326 	-1.91723 	0.302543 	0.638866 	0.229599 	
3.955	0.0629458 	-0.0852568 	-1.91726 	0.302505 	0.638663 	0.2296 	
3.96	0.0629205 	-0.0851755 	-1.91727 	0.302467 	0.63846 	0.2296 	
3.965	0.0628933 	-0.0850893 	-1.91728 	0.302429 	0.638256 	0.229601 	
3.97	0.0628633 	-0.0849975 	-1.91728 	0.302391 	0.638053 	0.229601 	
3.975	0.0628318 	-0.0849018 	-1.91727 	0.302353 	0.637849 	0.229601 	
3.98	0.0627997 	-0.084805 	-1.91726 	0.302315 	0.637646 	0.229602 	
3.985	0.0627719 	-0.0847164 	-1.91726 	0.302277 	0.637442 	0.229602 	
3.99	0.0627431 	-0.0846257 	-1.91726 	0.302239 	0.637239 	0.229603 	
3.995	0.0627182 	-0.0845421 	-1.91727 	0.3022 	0.637035 	0.229603 	
4	0.062692 	-0.0844554 	-1.91728 	0.302162 	0.636832 	0.229604 	
4.005	0.0626696 	-0.0843755 	-1.91729 	0.302124 	0.636628 	0.229604 	
4.01	0.0626455 	-0.084292 	-1.9173 	0.302086 	0.636425 	0.229605 	
4.015	0.0626252 	-0.0842146 	-1.91732 	0.302048 	0.636221 	0.229605 	
4.02	0.062603 	-0.0841331 	-1.91734 	0.30201 	0.636018 	0.229605 	
4.025	0.0625843 	-0.0840573 	-1.91736 	0.301972 	0.635815 	0.229606 	
4.03	0.0625637 	-0.083977 	-1.91738 	0.301934 	0.635611 	0.229606 	
4.035	0.0625466 	-0.083902 	-1.9174 	0.301896 	0.635408 	0.229607 	
4.04	0.0625275 	-0.0838225 	-1.91742 	0.301858 	0.635204 	0.229607 	
4.045	0.0625118 	-0.0837479 	-1.91745 	0.30182 	0.635001 	0.229608 	
4.05	0.0624931 	-0.0836681 	-1.91747 	0.301782 	0.634798 	0.229608 	
4.055	0.0624768 	-0.0835927 	-1.9175 	0.301744 	0.634594 	0.229609 	
4.06	0.0624578 	-0.0835131 	-1.91752 	0.301706 	0.634391 	0.229609 	
4.065	0.06244 	-0.0834365 	-1.91755 	0.301668 	0.634188 	0.229609 	
4.07	0.0624201 	-0.0833563 	-1.91757 	0.30163 	0.633984 	0.22961 	
4.075	0.0624012 	-0.0832789 	-1.91759 	0.301592 	0.633781 	0.22961 	
4.08	0.0623808 	-0.0831985 	-1.91761 	0.301554 	0.633577 	0.229611 	
4.085	0.0623603 	-0.0831197 	-1.91764 	0.301516 	0.633374 	0.229611 	
4.09	0.0623412 	-0.0830382 	-1.91766 	0.301478 	0.63317 	0.229612 	
4.095	0.062332 	-0.082961 	-1.91769 	0.30144 	0.632967 	0.229612 	
4.1	0.0623222 	-0.0828793 	-1.91771 	0.301402 	0.632764 	0.229613 	
4.105	0.0623214 	-0.0828019 	-1.91774 	0.301365 	0.63256 	0.229613 	
4.11	0.062319 	-0.0827197 	-1.91777 	0.301327 	0.632357 	0.229614 	
4.115	0.0623244 	-0.0826419 	-1.9178 	0.301289 	0.632154 	0.229614 	
4.12	0.062327 	-0.0825593 	-1.91783 	0.301252 	0.63195 	0.229614 	
4.125	0.0623351 	-0.082481 	-1.91787 	0.301214 	0.631747 	0.229615 	
4.13	0.0623406 	-0.0823978 	-1.91789 	0.301177 	0.631544 	0.229615 	
4.135	0.0623523 	-0.0823189 	-1.91793 	0.30114 	0.63134 	0.229616 	
4.14	0.0623587 	-0.0822347 	-1.91796 	0.301102 	0.631137 	0.229616 	
4.145	0.062365 	-0.082154 	-1.91799 	0.301065 	0.630934 	0.229617 	
4.15	0.0623677 	-0.0820702 	-1.91802 	0.301027 	0.63073 	0.229617 	
4.155	0.0623688 	-0.0819881 	-1.91805 	0.300989 	0.630527 	0.229618 	
4.16	0.0623674 	-0.0819038 	-1.91808 	0.300952 	0.630324 	0.229618 	
4.165	0.0623643 	-0.0818209 	-1.91811 	0.300914 	0.63012 	0.229619 	
4.17	0.0623578 	-0.0817356 	-1.91814 	0.300876 	0.629917 	0.229619 	
4.175	0.0623515 	-0.0816538 	-1.91817 	0.300839 	0.629713 	0.22962 	
4.18	0.0623426 	-0.0815681 	-1.9182 	0.300801 	0.62951 	0.22962 	
4.185	0.0623353 	-0.0814859 	-1.91823 	0.300763 	0.629306 	0.229621 	
4.19	0.0623259 	-0.0814012 	-1.91826 	0.300725 	0.629103 	0.229621 	
4.195	0.0623157 	-0.0813173 	-1.91829 	0.300687 	0.6289 	0.229622 	
4.2	0.0623045 	-0.0812326 	-1.91832 	0.300649 	0.628696 	0.229622 	
4.205	0.0622926 	-0.0811488 	-1.91835 	0.300611 	0.628493 	0.229623 	
4.21	0.06228 	-0.0810641 	-1.91838 	0.300573 	0.628289 	0.229623 	
4.215	0.0622668 	-0.0809804 	-1.91841 	0.300535 	0.628086 	0.229624 	
4.22	0.0622529 	-0.0808958 	-1.91844 	0.300497 	0.627882 	0.229624 	
4.225	0.0622386 	-0.0808121 	-1.91847 	0.300459 	0.627679 	0.229625 	
4.23	0.0622247 	-0.0807278 	-1.9185 	0.300421 	0.627475 	0.229625 	
4.235	0.0622123 	-0.0806442 	-1.91853 	0.300383 	0.627272 	0.229626 	
4.24	0.062197 	-0.0805588 	-1.91856 	0.300345 	0.627068 	0.229626 	
4.245	0.0621825 	-0.0804758 	-1.91859 	0.300307 	0.626865 	0.229627 	
4.25	0.0621658 	-0.08039 	-1.91862 	0.300269 	0.626661 	0.229627 	
4.255	0.0621492 	-0.0803061 	-1.91865 	0.300231 	0.626458 	0.229628 	
4.26	0.0621322 	-0.0802215 	-1.91868 	0.300193 	0.626254 	0.229628 	
4.265	0.062115 	-0.0801378 	-1.91871 	0.300155 	0.626051 	0.229629 	
4.27	0.0620976 	-0.0800533 	-1.91874 	0.300117 	0.625847 	0.229629 	
4.275	0.0620801 	-0.0799698 	-1.91877 	0.300079 	0.625644 	0.22963 	
4.28	0.0620622 	-0.0798853 	-1.9188 	0.30004 	0.62544 	0.22963 	
4.285	0.0620444 	-0.0798019 	-1.91883 	0.300002 	0.625236 	0.229631 	
4.29	0.0620262 	-0.0797175 	-1.91886 	0.299964 	0.625033 	0.229632 	
4.295	0.0620081 	-0.0796341 	-1.91889 	0.299926 	0.624829 	0.229632 	
4.3	0.0619893 	-0.0795499 	-1.91893 	0.299888 	0.624626 	0.229633 	
4.305	0.0619695 	-0.0794671 	-1.91896 	0.299849 	0.624422 	0.229633 	
4.31	0.0619491 	-0.0793834 	-1.91899 	0.299811 	0.624219 	0.229634 	
4.315	0.0619275 	-0.0793013 	-1.91902 	0.299773 	0.624015 	0.229635 	
4.32	0.0619054 	-0.0792182 	-1.91905 	0.299734 	0.623812 	0.229635 	
4.325	0.0618824 	-0.0791367 	-1.91908 	0.299696 	0.623608 	0.229636 	
4.33	0.0618588 	-0.0790541 	-1.91911 	0.299658 	0.623404 	0.229637 	
4.335	0.0618346 	-0.078973 	-1.91914 	0.299619 	0.623201 	0.229637 	
4.34	0.0618099 	-0.0788908 	-1.91917 	0.299581 	0.622997 	0.229638 	
4.345	0.0617846 	-0.0788101 	-1.9192 	0.299543 	0.622794 	0.229639 	
4.35	0.061759 	-0.0787283 	-1.91923 	0.299504 	0.62259 	0.22964 	
4.355	0.0617328 	-0.078648 	-1.91926 	0.299466 	0.622387 	0.22964 	
4.36	0.0617067 	-0.0785664 	-1.91929 	0.299427 	0.622183 	0.229641 	
4.365	0.0616809 	-0.0784863 	-1.91932 	0.299389 	0.621979 	0.229642 	
4.37	0.061655 	-0.0784049 	-1.91935 	0.29935 	0.621776 	0.229643 	
4.375	0.0616296 	-0.078325 	-1.91938 	0.299312 	0.621572 	0.229644 	
4.38	0.0616038 	-0.0782437 	-1.91941 	0.299273 	0.621369 	0.229645 	
4.385	0.0615776 	-0.078164 	-1.91944 	0.299235 	0.621165 	0.229645 	
4.39	0.0615512 	-0.0780829 	-1.91947 	0.299196 	0.620961 	0.229646 	
4.395	0.0615246 	-0.0780033 	-1.9195 	0.299158 	0.620758 	0.229647 	
4.4	0.0614979 	-0.0779223 	-1.91953 	0.299119 	0.620554 	0.229648 	
4.405	0.061471 	-0.0778429 	-1.91955 	0.299081 	0.620351 	0.229649 	
4.41	0.0614437 	-0.077762 	-1.91958 	0.299042 	0.620147 	0.22965 	
4.415	0.0614161 	-0.0776828 	-1.91961 	0.299004 	0.619943 	0.229651 	
4.42	0.0613883 	-0.077602 	-1.91964 	0.298965 	0.61974 	0.229652 	
4.425	0.0613603 	-0.0775228 	-1.91967 	0.298927 	0.619536 	0.229652 	
4.43	0.0613337 	-0.077442 	-1.9197 	0.298888 	0.619333 	0.229653 	
4.435	0.061312 	-0.0773624 	-1.91973 	0.29885 	0.619129 	0.229654 	
4.44	0.061291 	-0.0772809 	-1.91976 	0.298811 	0.618925 	0.229655 	
4.445	0.0612749 	-0.0772013 	-1.91979 	0.298773 	0.618722 	0.229656 	
4.45	0.0612588 	-0.0771193 	-1.91982 	0.298734 	0.618518 	0.229657 	
4.455	0.0612475 	-0.0770395 	-1.91985 	0.298696 	0.618315 	0.229658 	
4.46	0.0612353 	-0.0769571 	-1.91988 	0.298658 	0.618111 	0.229659 	
4.465	0.0612277 	-0.0768771 	-1.91992 	0.29862 	0.617908 	0.22966 	
4.47	0.0612186 	-0.0767944 	-1.91995 	0.298582 	0.617704 	0.229661 	
4.475	0.0612139 	-0.0767143 	-1.91998 	0.298544 	0.617501 	0.229661 	
4.48	0.0612072 	-0.0766313 	-1.92001 	0.298505 	0.617297 	0.229662 	
4.485	0.0612045 	-0.0765513 	-1.92004 	0.298467 	0.617094 	0.229663 	
4.49	0.0611994 	-0.0764681 	-1.92007 	0.298429 	0.61689 	0.229664 	
4.495	0.0611983 	-0.076388 	-1.9201 	0.298391 	0.616687 	0.229665 	
4.5	0.0611946 	-0.076304 	-1.92013 	0.298353 	0.616484 	0.229666 	
4.505	0.0611949 	-0.0762236 	-1.92017 	0.298315 	0.61628 	0.229667 	
4.51	0.0611902 	-0.0761392 	-1.9202 	0.298277 	0.616077 	0.229668 	
4.515	0.0611846 	-0.0760588 	-1.92023 	0.298239 	0.615873 	0.229669 	
4.52	0.0611752 	-0.0759743 	-1.92026 	0.298201 	0.61567 	0.22967 	
4.525	0.0611649 	-0.0758942 	-1.92029 	0.298163 	0.615466 	0.229671 	
4.53	0.061151 	-0.0758106 	-1.92032 	0.298124 	0.615263 	0.229672 	
4.535	0.0611365 	-0.0757311 	-1.92035 	0.298086 	0.615059 	0.229673 	
4.54	0.0611192 	-0.075648 	-1.92038 	0.298047 	0.614856 	0.229674 	
4.545	0.0611015 	-0.075569 	-1.92041 	0.298009 	0.614652 	0.229675 	
4.55	0.0610813 	-0.0754864 	-1.92044 	0.29797 	0.614449 	0.229676 	
4.555	0.0610611 	-0.0754079 	-1.92047 	0.297932 	0.614245 	0.229677 	
4.56	0.0610398 	-0.0753259 	-1.92049 	0.297893 	0.614042 	0.229677 	
4.565	0.0610219 	-0.0752485 	-1.92052 	0.297855 	0.613838 	0.229678 	
4.57	0.0610022 	-0.0751676 	-1.92055 	0.297816 	0.613635 	0.229679 	
4.575	0.0609862 	-0.075091 	-1.92058 	0.297778 	0.613431 	0.22968 	
4.58	0.0609682 	-0.0750108 	-1.92061 	0.297739 	0.613228 	0.22968 	
4.585	0.0609535 	-0.0749349 	-1.92064 	0.297701 	0.613024 	0.229681 	
4.59	0.0609367 	-0.0748552 	-1.92067 	0.297662 	0.612821 	0.229682 	
4.595	0.0609232 	-0.0747798 	-1.9207 	0.297624 	0.612617 	0.229682 	
4.6	0.0609073 	-0.0747005 	-1.92072 	0.297585 	0.612414 	0.229683 	
4.605	0.0608946 	-0.0746254 	-1.92075 	0.297547 	0.61221 	0.229684 	
4.61	0.0608779 	-0.0745461 	-1.92078 	0.297508 	0.612007 	0.229684 	
4.615	0.0608589 	-0.0744712 	-1.92081 	0.297469 	0.611804 	0.229685 	
4.62	0.0608369 	-0.0743916 	-1.92083 	0.297431 	0.6116 	0.229686 	
4.625	0.0608131 	-0.0743168 	-1.92085 	0.297392 	0.611397 	0.229686 	
4.63	0.060786 	-0.0742393 	-1.92088 	0.297353 	0.611193 	0.229687 	
4.635	0.0607579 	-0.0741639 	-1.9209 	0.297314 	0.61099 	0.229687 	
4.64	0.0607281 	-0.0740877 	-1.92092 	0.297275 	0.610786 	0.229688 	
4.645	0.060703 	-0.0740138 	-1.92095 	0.297236 	0.610583 	0.229689 	
4.65	0.060676 	-0.0739376 	-1.92097 	0.297198 	0.610379 	0.229689 	
4.655	0.0606541 	-0.0738643 	-1.921 	0.297159 	0.610176 	0.22969 	
4.66	0.06063 	-0.0737883 	-1.92102 	0.29712 	0.609972 	0.22969 	
4.665	0.0606108 	-0.0737151 	-1.92105 	0.297081 	0.609769 	0.229691 	
4.67	0.0605892 	-0.0736391 	-1.92107 	0.297042 	0.609566 	0.229691 	
4.675	0.0605722 	-0.0735658 	-1.9211 	0.297004 	0.609362 	0.229692 	
4.68	0.0605524 	-0.0734896 	-1.92113 	0.296965 	0.609159 	0.229692 	
4.685	0.060537 	-0.0734162 	-1.92116 	0.296926 	0.608955 	0.229693 	
4.69	0.0605188 	-0.0733399 	-1.92118 	0.296887 	0.608752 	0.229693 	
4.695	0.0605046 	-0.0732663 	-1.92121 	0.296849 	0.608549 	0.229694 	
4.7	0.0604875 	-0.0731897 	-1.92124 	0.29681 	0.608345 	0.229694 	
4.705	0.0604746 	-0.073116 	-1.92127 	0.296771 	0.608142 	0.229695 	
4.71	0.0604572 	-0.0730393 	-1.9213 	0.296733 	0.607939 	0.229695 	
4.715	0.0604381 	-0.0729662 	-1.92133 	0.296694 	0.607735 	0.229696 	
4.72	0.0604161 	-0.0728908 	-1.92135 	0.296655 	0.607532 	0.229696 	
4.725	0.0603919 	-0.0728178 	-1.92138 	0.296616 	0.607328 	0.229697 	
4.73	0.060368 	-0.0727433 	-1.9214 	0.296577 	0.607125 	0.229697 	
4.735	0.0603451 	-0.0726694 	-1.92143 	0.296538 	0.606922 	0.229698 	
4.74	0.060323 	-0.0725946 	-1.92146 	0.296499 	0.606718 	0.229698 	
4.745	0.0603018 	-0.0725203 	-1.92149 	0.29646 	0.606515 	0.229699 	
4.75	0.0602814 	-0.0724452 	-1.92151 	0.296421 	0.606311 	0.229699 	
4.755	0.0602616 	-0.0723705 	-1.92154 	0.296383 	0.606108 	0.2297 	
4.76	0.0602425 	-0.0722951 	-1.92157 	0.296344 	0.605905 	0.2297 	
4.765	0.0602238 	-0.0722201 	-1.9216 	0.296305 	0.605701 	0.2297 	
4.77	0.0602048 	-0.0721442 	-1.92162 	0.296266 	0.605498 	0.229701 	
4.775	0.060184 	-0.0720692 	-1.92165 	0.296227 	0.605295 	0.229701 	
4.78	0.0601642 	-0.0719946 	-1.92168 	0.296188 	0.605091 	0.229702 	
4.785	0.0601429 	-0.0719188 	-1.92171 	0.296149 	0.604888 	0.229702 	
4.79	0.0601237 	-0.0718447 	-1.92174 	0.29611 	0.604684 	0.229703 	
4.795	0.0601022 	-0.0717681 	-1.92177 	0.296071 	0.604481 	0.229703 	
4.8	0.0600807 	-0.0716939 	-1.92179 	0.296032 	0.604278 	0.229703 	
4.805	0.0600572 	-0.0716171 	-1.92182 	0.295993 	0.604074 	0.229704 	
4.81	0.0600333 	-0.0715427 	-1.92185 	0.295954 	0.603871 	0.229704 	
4.815	0.0600077 	-0.0714658 	-1.92188 	0.295915 	0.603668 	0.229705 	
4.82	0.059982 	-0.0713912 	-1.9219 	0.295876 	0.603464 	0.229705 	
4.825	0.0599548 	-0.0713144 	-1.92193 	0.295837 	0.603261 	0.229705 	
4.83	0.0599275 	-0.0712398 	-1.92196 	0.295798 	0.603057 	0.229706 	
4.835	0.0598985 	-0.071163 	-1.92198 	0.295759 	0.602854 	0.229706 	
4.84	0.0598691 	-0.0710886 	-1.92201 	0.29572 	0.602651 	0.229707 	
4.845	0.0598374 	-0.0710125 	-1.92204 	0.29568 	0.602447 	0.229707 	
4.85	0.0598039 	-0.0709388 	-1.92206 	0.295641 	0.602244 	0.229707 	
4.855	0.0597691 	-0.0708634 	-1.92209 	0.295602 	0.60204 	0.229708 	
4.86	0.0597327 	-0.0707905 	-1.92211 	0.295562 	0.601837 	0.229708 	
4.865	0.0596958 	-0.0707158 	-1.92214 	0.295523 	0.601634 	0.229709 	
4.87	0.0596573 	-0.0706435 	-1.92216 	0.295484 	0.60143 	0.229709 	
4.875	0.059619 	-0.0705693 	-1.92219 	0.295444 	0.601227 	0.22971 	
4.88	0.0595784 	-0.0704977 	-1.92221 	0.295405 	0.601023 	0.22971 	
4.885	0.0595368 	-0.0704244 	-1.92223 	0.295365 	0.60082 	0.229711 	
4.89	0.0594944 	-0.070353 	-1.92226 	0.295325 	0.600617 	0.229711 	
4.895	0.0594525 	-0.0702797 	-1.92228 	0.295286 	0.600413 	0.229711 	
4.9	0.0594143 	-0.0702086 	-1.92231 	0.295246 	0.60021 	0.229712 	
4.905	0.0593764 	-0.0701348 	-1.92233 	0.295207 	0.600006 	0.229712 	
4.91	0.0593424 	-0.0700635 	-1.92235 	0.295167 	0.599803 	0.229713 	
4.915	0.0593067 	-0.0699894 	-1.92238 	0.295128 	0.5996 	0.229713 	
4.92	0.0592702 	-0.0699185 	-1.9224 	0.295088 	0.599396 	0.229714 	
4.925	0.0592329 	-0.0698445 	-1.92243 	0.295049 	0.599193 	0.229714 	
4.93	0.0591973 	-0.0697729 	-1.92245 	0.295009 	0.598989 	0.229715 	
4.935	0.059161 	-0.0696986 	-1.92248 	0.29497 	0.598786 	0.229715 	
4.94	0.0591261 	-0.0696266 	-1.9225 	0.29493 	0.598583 	0.229716 	
4.945	0.0590916 	-0.069552 	-1.92253 	0.294891 	0.598379 	0.229716 	
4.95	0.0590619 	-0.0694797 	-1.92255 	0.294852 	0.598176 	0.229717 	
4.955	0.0590323 	-0.0694039 	-1.92258 	0.294812 	0.597972 	0.229717 	
4.96	0.0590082 	-0.0693312 	-1.92261 	0.294773 	0.597769 	0.229717 	
4.965	0.0589834 	-0.0692543 	-1.92264 	0.294734 	0.597566 	0.229718 	
4.97	0.0589643 	-0.0691806 	-1.92267 	0.294695 	0.597362 	0.229718 	
4.975	0.058943 	-0.0691031 	-1.9227 	0.294655 	0.597159 	0.229718 	
4.98	0.0589245 	-0.0690291 	-1.92273 	0.294616 	0.596956 	0.229719 	
4.985	0.058904 	-0.0689512 	-1.92275 	0.294577 	0.596752 	0.229719 	
4.99	0.0588863 	-0.0688769 	-1.92278 	0.294538 	0.596549 	0.229719 	
4.995	0.0588654 	-0.0687989 	-1.92281 	0.294499 	0.596346 	0.22972 	
5	0.0588434 	-0.0687249 	-1.92284 	0.294459 	0.596142 	0.22972 	
5.005	0.0588178 	-0.0686477 	-1.92287 	0.29442 	0.595939 	0.22972 	
5.01	0.0587903 	-0.0685744 	-1.92289 	0.294381 	0.595736 	0.229721 	
5.015	0.0587597 	-0.0684981 	-1.92292 	0.294341 	0.595532 	0.229721 	
5.02	0.0587277 	-0.0684257 	-1.92295 	0.294302 	0.595329 	0.229721 	
5.025	0.0586931 	-0.0683503 	-1.92297 	0.294262 	0.595125 	0.229722 	
5.03	0.058658 	-0.0682784 	-1.923 	0.294223 	0.594922 	0.229722 	
5.035	0.0586221 	-0.068203 	-1.92302 	0.294183 	0.594719 	0.229723 	
5.04	0.0585867 	-0.0681308 	-1.92305 	0.294144 	0.594515 	0.229723 	
5.045	0.0585503 	-0.0680552 	-1.92307 	0.294104 	0.594312 	0.229723 	
5.05	0.0585148 	-0.0679828 	-1.9231 	0.294064 	0.594109 	0.229724 	
5.055	0.0584782 	-0.0679071 	-1.92312 	0.294025 	0.593905 	0.229724 	
5.06	0.0584424 	-0.0678345 	-1.92315 	0.293985 	0.593702 	0.229724 	
5.065	0.0584056 	-0.0677587 	-1.92317 	0.293945 	0.593498 	0.229725 	
5.07	0.0583696 	-0.067686 	-1.9232 	0.293906 	0.593295 	0.229725 	
5.075	0.0583328 	-0.0676101 	-1.92322 	0.293866 	0.593092 	0.229726 	
5.08	0.0582973 	-0.0675373 	-1.92325 	0.293826 	0.592888 	0.229726 	
5.085	0.0582625 	-0.0674611 	-1.92327 	0.293787 	0.592685 	0.229726 	
5.09	0.0582341 	-0.0673881 	-1.9233 	0.293747 	0.592481 	0.229726 	
5.095	0.0582051 	-0.0673109 	-1.92333 	0.293708 	0.592278 	0.229727 	
5.1	0.0581824 	-0.0672371 	-1.92336 	0.293668 	0.592075 	0.229727 	
5.105	0.0581586 	-0.0671593 	-1.92338 	0.293629 	0.591871 	0.229727 	
5.11	0.0581403 	-0.0670848 	-1.92341 	0.29359 	0.591668 	0.229728 	
5.115	0.0581204 	-0.0670064 	-1.92344 	0.29355 	0.591465 	0.229728 	
5.12	0.0581054 	-0.0669312 	-1.92347 	0.293511 	0.591261 	0.229728 	
5.125	0.0580868 	-0.0668525 	-1.9235 	0.293472 	0.591058 	0.229728 	
5.13	0.0580672 	-0.0667778 	-1.92353 	0.293432 	0.590855 	0.229728 	
5.135	0.0580445 	-0.0666994 	-1.92356 	0.293393 	0.590651 	0.229729 	
5.14	0.0580212 	-0.066625 	-1.92359 	0.293354 	0.590448 	0.229729 	
5.145	0.0579952 	-0.066547 	-1.92361 	0.293314 	0.590245 	0.229729 	
5.15	0.0579691 	-0.0664729 	-1.92364 	0.293275 	0.590041 	0.229729 	
5.155	0.0579406 	-0.0663952 	-1.92367 	0.293235 	0.589838 	0.22973 	
5.16	0.0579125 	-0.0663213 	-1.9237 	0.293196 	0.589635 	0.22973 	
5.165	0.0578821 	-0.0662438 	-1.92372 	0.293156 	0.589431 	0.22973 	
5.17	0.0578524 	-0.0661702 	-1.92375 	0.293116 	0.589228 	0.22973 	
5.175	0.0578207 	-0.0660929 	-1.92378 	0.293077 	0.589025 	0.22973 	
5.18	0.05779 	-0.0660194 	-1.9238 	0.293037 	0.588821 	0.229731 	
5.185	0.0577569 	-0.0659424 	-1.92383 	0.292997 	0.588618 	0.229731 	
5.19	0.0577235 	-0.0658692 	-1.92386 	0.292958 	0.588415 	0.229731 	
5.195	0.0576877 	-0.0657928 	-1.92388 	0.292918 	0.588211 	0.229731 	
5.2	0.0576502 	-0.0657205 	-1.92391 	0.292878 	0.588008 	0.229732 	
5.205	0.0576112 	-0.0656447 	-1.92393 	0.292838 	0.587805 	0.229732 	
5.21	0.0575718 	-0.0655728 	-1.92396 	0.292798 	0.587601 	0.229732 	
5.215	0.0575309 	-0.0654975 	-1.92398 	0.292758 	0.587398 	0.229732 	
5.22	0.0574898 	-0.065426 	-1.92401 	0.292718 	0.587195 	0.229733 	
5.225	0.0574475 	-0.0653511 	-1.92403 	0.292678 	0.586991 	0.229733 	
5.23	0.0574052 	-0.0652799 	-1.92405 	0.292638 	0.586788 	0.229733 	
5.235	0.0573618 	-0.0652053 	-1.92407 	0.292598 	0.586584 	0.229734 	
5.24	0.0573185 	-0.0651344 	-1.9241 	0.292558 	0.586381 	0.229734 	
5.245	0.0572743 	-0.06506 	-1.92412 	0.292518 	0.586178 	0.229734 	
5.25	0.0572303 	-0.0649894 	-1.92415 	0.292478 	0.585974 	0.229735 	
5.255	0.0571855 	-0.0649152 	-1.92417 	0.292438 	0.585771 	0.229735 	
5.26	0.0571408 	-0.0648448 	-1.92419 	0.292398 	0.585568 	0.229736 	
5.265	0.0570955 	-0.0647708 	-1.92421 	0.292358 	0.585364 	0.229736 	
5.27	0.0570504 	-0.0647006 	-1.92424 	0.292318 	0.585161 	0.229736 	
5.275	0.0570046 	-0.0646267 	-1.92426 	0.292278 	0.584957 	0.229737 	
5.28	0.0569591 	-0.0645566 	-1.92428 	0.292238 	0.584754 	0.229737 	
5.285	0.056913 	-0.0644829 	-1.9243 	0.292198 	0.584551 	0.229737 	
5.29	0.0568671 	-0.064413 	-1.92433 	0.292157 	0.584347 	0.229738 	
5.295	0.0568207 	-0.0643393 	-1.92435 	0.292117 	0.584144 	0.229738 	
5.3	0.0567743 	-0.0642696 	-1.92437 	0.292077 	0.583941 	0.229739 	
5.305	0.0567288 	-0.0641959 	-1.92439 	0.292037 	0.583737 	0.229739 	
5.31	0.0566884 	-0.0641258 	-1.92442 	0.291997 	0.583534 	0.229739 	
5.315	0.056646 	-0.0640526 	-1.92444 	0.291957 	0.58333 	0.22974 	
5.32	0.0566083 	-0.0639818 	-1.92447 	0.291917 	0.583127 	0.22974 	
5.325	0.0565709 	-0.0639073 	-1.92449 	0.291877 	0.582924 	0.229741 	
5.33	0.0565378 	-0.0638359 	-1.92452 	0.291837 	0.58272 	0.229741 	
5.335	0.0565045 	-0.0637602 	-1.92454 	0.291797 	0.582517 	0.229741 	
5.34	0.0564751 	-0.0636881 	-1.92457 	0.291757 	0.582314 	0.229742 	
5.345	0.0564449 	-0.0636115 	-1.92459 	0.291717 	0.58211 	0.229742 	
5.35	0.0564182 	-0.0635388 	-1.92462 	0.291677 	0.581907 	0.229742 	
5.355	0.0563905 	-0.0634616 	-1.92465 	0.291638 	0.581704 	0.229743 	
5.36	0.0563659 	-0.0633883 	-1.92468 	0.291598 	0.5815 	0.229743 	
5.365	0.05634 	-0.0633105 	-1.9247 	0.291558 	0.581297 	0.229743 	
5.37	0.0563169 	-0.0632368 	-1.92473 	0.291518 	0.581094 	0.229744 	
5.375	0.0562924 	-0.0631585 	-1.92476 	0.291479 	0.580891 	0.229744 	
5.38	0.0562704 	-0.0630844 	-1.92479 	0.291439 	0.580687 	0.229744 	
5.385	0.056247 	-0.0630057 	-1.92481 	0.291399 	0.580484 	0.229744 	
5.39	0.0562258 	-0.0629313 	-1.92484 	0.29136 	0.580281 	0.229745 	
5.395	0.056203 	-0.0628523 	-1.92487 	0.29132 	0.580077 	0.229745 	
5.4	0.0561824 	-0.0627776 	-1.9249 	0.29128 	0.579874 	0.229745 	
5.405	0.0561602 	-0.0626984 	-1.92493 	0.291241 	0.579671 	0.229745 	
5.41	0.05614 	-0.0626235 	-1.92496 	0.291201 	0.579468 	0.229746 	
5.415	0.0561181 	-0.0625441 	-1.92498 	0.291161 	0.579264 	0.229746 	
5.42	0.0560981 	-0.062469 	-1.92502 	0.291122 	0.579061 	0.229746 	
5.425	0.0560764 	-0.0623894 	-1.92504 	0.291082 	0.578858 	0.229746 	
5.43	0.0560566 	-0.0623142 	-1.92507 	0.291042 	0.578654 	0.229746 	
5.435	0.0560351 	-0.0622345 	-1.9251 	0.291002 	0.578451 	0.229747 	
5.44	0.0560154 	-0.0621591 	-1.92513 	0.290963 	0.578248 	0.229747 	
5.445	0.0559939 	-0.0620792 	-1.92516 	0.290923 	0.578044 	0.229747 	
5.45	0.0559743 	-0.0620038 	-1.92519 	0.290883 	0.577841 	0.229747 	
5.455	0.0559516 	-0.0619241 	-1.92521 	0.290844 	0.577638 	0.229747 	
5.46	0.0559264 	-0.0618494 	-1.92525 	0.290804 	0.577435 	0.229748 	
5.465	0.0558987 	-0.0617705 	-1.92527 	0.290764 	0.577231 	0.229748 	
5.47	0.0558691 	-0.0616964 	-1.9253 	0.290724 	0.577028 	0.229748 	
5.475	0.0558373 	-0.0616181 	-1.92532 	0.290684 	0.576825 	0.229748 	
5.48	0.0558044 	-0.0615445 	-1.92535 	0.290644 	0.576621 	0.229749 	
5.485	0.0557711 	-0.0614664 	-1.92537 	0.290604 	0.576418 	0.229749 	
5.49	0.0557414 	-0.0613925 	-1.9254 	0.290564 	0.576215 	0.229749 	
5.495	0.0557111 	-0.061314 	-1.92543 	0.290524 	0.576011 	0.229749 	
5.5	0.0556841 	-0.0612398 	-1.92546 	0.290484 	0.575808 	0.229749 	
5.505	0.0556561 	-0.0611611 	-1.92548 	0.290444 	0.575605 	0.22975 	
5.51	0.0556311 	-0.0610865 	-1.92551 	0.290404 	0.575401 	0.22975 	
5.515	0.0556049 	-0.0610075 	-1.92554 	0.290364 	0.575198 	0.22975 	
5.52	0.0555813 	-0.0609328 	-1.92557 	0.290325 	0.574995 	0.22975 	
5.525	0.0555565 	-0.0608535 	-1.92559 	0.290285 	0.574792 	0.229751 	
5.53	0.055534 	-0.0607787 	-1.92562 	0.290245 	0.574588 	0.229751 	
5.535	0.0555107 	-0.0606999 	-1.92565 	0.290205 	0.574385 	0.229751 	
5.54	0.0554925 	-0.0606241 	-1.92568 	0.290165 	0.574182 	0.229751 	
5.545	0.0554733 	-0.0605436 	-1.92571 	0.290126 	0.573978 	0.229751 	
5.55	0.0554587 	-0.0604663 	-1.92574 	0.290086 	0.573775 	0.229751 	
5.555	0.0554414 	-0.0603846 	-1.92576 	0.290046 	0.573572 	0.229752 	
5.56	0.0554238 	-0.0603068 	-1.92579 	0.290006 	0.573368 	0.229752 	
5.565	0.0554053 	-0.0602245 	-1.92581 	0.289967 	0.573165 	0.229752 	
5.57	0.0553911 	-0.0601459 	-1.92584 	0.289927 	0.572962 	0.229752 	
5.575	0.0553755 	-0.0600628 	-1.92586 	0.289887 	0.572758 	0.229752 	
5.58	0.0553639 	-0.0599834 	-1.92589 	0.289848 	0.572555 	0.229752 	
5.585	0.0553496 	-0.0599001 	-1.92591 	0.289808 	0.572352 	0.229752 	
5.59	0.0553355 	-0.059822 	-1.92594 	0.289768 	0.572148 	0.229753 	
5.595	0.055319 	-0.0597398 	-1.92596 	0.289729 	0.571945 	0.229753 	
5.6	0.055303 	-0.0596625 	-1.92599 	0.289689 	0.571742 	0.229753 	
5.605	0.0552847 	-0.0595812 	-1.92601 	0.289649 	0.571538 	0.229753 	
5.61	0.0552671 	-0.0595046 	-1.92604 	0.289609 	0.571335 	0.229753 	
5.615	0.0552474 	-0.0594238 	-1.92606 	0.28957 	0.571132 	0.229753 	
5.62	0.0552287 	-0.0593477 	-1.9261 	0.28953 	0.570928 	0.229753 	
5.625	0.0552079 	-0.0592673 	-1.92612 	0.28949 	0.570725 	0.229753 	
5.63	0.0551883 	-0.0591915 	-1.92615 	0.28945 	0.570522 	0.229754 	
5.635	0.0551667 	-0.0591113 	-1.92617 	0.28941 	0.570318 	0.229754 	
5.64	0.0551464 	-0.0590357 	-1.9262 	0.28937 	0.570115 	0.229754 	
5.645	0.0551243 	-0.0589558 	-1.92623 	0.28933 	0.569912 	0.229754 	
5.65	0.0551034 	-0.0588803 	-1.92626 	0.28929 	0.569709 	0.229754 	
5.655	0.0550821 	-0.0587999 	-1.92628 	0.289251 	0.569505 	0.229754 	
5.66	0.0550661 	-0.0587224 	-1.92631 	0.289211 	0.569302 	0.229754 	
5.665	0.0550477 	-0.0586408 	-1.92634 	0.289171 	0.569099 	0.229755 	
5.67	0.0550299 	-0.058564 	-1.92637 	0.289131 	0.568895 	0.229755 	
5.675	0.0550098 	-0.0584831 	-1.92639 	0.289091 	0.568692 	0.229755 	
5.68	0.0549903 	-0.058407 	-1.92642 	0.289051 	0.568489 	0.229755 	
5.685	0.0549688 	-0.0583267 	-1.92644 	0.289011 	0.568285 	0.229755 	
5.69	0.0549481 	-0.058251 	-1.92647 	0.288971 	0.568082 	0.229755 	
5.695	0.0549255 	-0.0581711 	-1.9265 	0.288931 	0.567879 	0.229755 	
5.7	0.054904 	-0.0580958 	-1.92653 	0.288891 	0.567676 	0.229755 	
5.705	0.0548805 	-0.0580161 	-1.92655 	0.288851 	0.567472 	0.229756 	
5.71	0.0548583 	-0.0579409 	-1.92658 	0.288811 	0.567269 	0.229756 	
5.715	0.0548355 	-0.0578609 	-1.92661 	0.288771 	0.567066 	0.229756 	
5.72	0.0548172 	-0.0577842 	-1.92663 	0.288731 	0.566862 	0.229756 	
5.725	0.0547978 	-0.0577029 	-1.92666 	0.288692 	0.566659 	0.229756 	
5.73	0.0547826 	-0.0576251 	-1.92669 	0.288652 	0.566456 	0.229756 	
5.735	0.0547661 	-0.0575428 	-1.92671 	0.288612 	0.566252 	0.229756 	
5.74	0.0547532 	-0.0574641 	-1.92674 	0.288572 	0.566049 	0.229756 	
5.745	0.0547387 	-0.057381 	-1.92676 	0.288532 	0.565846 	0.229756 	
5.75	0.0547276 	-0.0573017 	-1.92678 	0.288492 	0.565642 	0.229756 	
5.755	0.0547147 	-0.0572182 	-1.92681 	0.288453 	0.565439 	0.229756 	
5.76	0.0547048 	-0.0571385 	-1.92683 	0.288413 	0.565236 	0.229757 	
5.765	0.0546928 	-0.0570544 	-1.92685 	0.288373 	0.565032 	0.229757 	
5.77	0.0546838 	-0.0569743 	-1.92688 	0.288333 	0.564829 	0.229757 	
5.775	0.0546733 	-0.0568896 	-1.9269 	0.288294 	0.564626 	0.229757 	
5.78	0.0546678 	-0.0568084 	-1.92693 	0.288254 	0.564422 	0.229757 	
5.785	0.0546601 	-0.0567229 	-1.92695 	0.288214 	0.564219 	0.229757 	
5.79	0.0546568 	-0.0566408 	-1.92697 	0.288175 	0.564016 	0.229757 	
5.795	0.0546513 	-0.0565546 	-1.92699 	0.288135 	0.563812 	0.229757 	
5.8	0.0546499 	-0.0564718 	-1.92702 	0.288095 	0.563609 	0.229757 	
5.805	0.0546458 	-0.0563848 	-1.92704 	0.288056 	0.563405 	0.229757 	
5.81	0.0546452 	-0.0563013 	-1.92707 	0.288016 	0.563202 	0.229757 	
5.815	0.0546417 	-0.0562151 	-1.92709 	0.287977 	0.562999 	0.229757 	
5.82	0.0546407 	-0.0561311 	-1.92711 	0.287937 	0.562795 	0.229757 	
5.825	0.0546366 	-0.0560453 	-1.92713 	0.287897 	0.562592 	0.229757 	
5.83	0.0546343 	-0.0559617 	-1.92716 	0.287858 	0.562389 	0.229757 	
5.835	0.0546294 	-0.055876 	-1.92718 	0.287818 	0.562185 	0.229758 	
5.84	0.0546232 	-0.0557937 	-1.92721 	0.287778 	0.561982 	0.229758 	
5.845	0.054617 	-0.0557088 	-1.92723 	0.287739 	0.561779 	0.229758 	
5.85	0.054609 	-0.0556275 	-1.92725 	0.287699 	0.561575 	0.229758 	
5.855	0.0546036 	-0.0555424 	-1.92727 	0.287659 	0.561372 	0.229758 	
5.86	0.0546 	-0.0554609 	-1.9273 	0.28762 	0.561169 	0.229758 	
5.865	0.0545919 	-0.0553793 	-1.92733 	0.28758 	0.560965 	0.229758 	
5.87	0.054584 	-0.0552981 	-1.92735 	0.28754 	0.560762 	0.229758 	
5.875	0.0545713 	-0.0552191 	-1.92738 	0.2875 	0.560559 	0.229759 	
5.88	0.0545581 	-0.055139 	-1.9274 	0.28746 	0.560355 	0.229759 	
5.885	0.0545403 	-0.0550621 	-1.92743 	0.28742 	0.560152 	0.229759 	
5.89	0.0545219 	-0.0549833 	-1.92745 	0.28738 	0.559949 	0.229759 	
5.895	0.0544998 	-0.0549079 	-1.92748 	0.28734 	0.559745 	0.229759 	
5.9	0.0544776 	-0.0548299 	-1.9275 	0.2873 	0.559542 	0.229759 	
5.905	0.0544522 	-0.0547553 	-1.92753 	0.28726 	0.559339 	0.22976 	
5.91	0.054427 	-0.0546781 	-1.92756 	0.28722 	0.559136 	0.22976 	
5.915	0.0543991 	-0.0546041 	-1.92759 	0.287179 	0.558932 	0.22976 	
5.92	0.0543716 	-0.0545274 	-1.92761 	0.287139 	0.558729 	0.22976 	
5.925	0.0543419 	-0.0544538 	-1.92764 	0.287099 	0.558526 	0.22976 	
5.93	0.0543128 	-0.0543775 	-1.92766 	0.287058 	0.558322 	0.22976 	
5.935	0.0542817 	-0.0543043 	-1.92769 	0.287018 	0.558119 	0.229761 	
5.94	0.0542514 	-0.0542282 	-1.92772 	0.286977 	0.557916 	0.229761 	
5.945	0.0542194 	-0.0541552 	-1.92775 	0.286937 	0.557713 	0.229761 	
5.95	0.0541882 	-0.0540793 	-1.92777 	0.286896 	0.557509 	0.229761 	
5.955	0.0541555 	-0.0540064 	-1.9278 	0.286856 	0.557306 	0.229761 	
5.96	0.0541237 	-0.0539307 	-1.92783 	0.286816 	0.557103 	0.229761 	
5.965	0.0540906 	-0.0538578 	-1.92785 	0.286775 	0.556899 	0.229762 	
5.97	0.0540584 	-0.0537822 	-1.92788 	0.286734 	0.556696 	0.229762 	
5.975	0.054025 	-0.0537093 	-1.92791 	0.286694 	0.556493 	0.229762 	
5.98	0.0539925 	-0.0536337 	-1.92793 	0.286653 	0.55629 	0.229762 	
5.985	0.0539589 	-0.0535609 	-1.92796 	0.286613 	0.556086 	0.229762 	
5.99	0.0539263 	-0.0534852 	-1.92799 	0.286572 	0.555883 	0.229762 	
5.995	0.0538926 	-0.0534124 	-1.92802 	0.286532 	0.55568 	0.229763 	
6	0.0538599 	-0.0533367 	-1.92804 	0.286491 	0.555476 	0.229763 	
6.005	0.0538262 	-0.0532639 	-1.92807 	0.286451 	0.555273 	0.229763 	
6.01	0.0537936 	-0.0531881 	-1.9281 	0.28641 	0.55507 	0.229763 	
6.015	0.0537599 	-0.0531152 	-1.92812 	0.286369 	0.554867 	0.229763 	
6.02	0.0537272 	-0.0530394 	-1.92815 	0.286329 	0.554663 	0.229763 	
6.025	0.0536937 	-0.0529665 	-1.92818 	0.286288 	0.55446 	0.229764 	
6.03	0.0536611 	-0.0528906 	-1.9282 	0.286248 	0.554257 	0.229764 	
6.035	0.0536276 	-0.0528176 	-1.92823 	0.286207 	0.554054 	0.229764 	
6.04	0.0535951 	-0.0527417 	-1.92826 	0.286166 	0.55385 	0.229764 	
6.045	0.0535618 	-0.0526686 	-1.92829 	0.286126 	0.553647 	0.229764 	
6.05	0.0535294 	-0.0525927 	-1.92831 	0.286085 	0.553444 	0.229764 	
6.055	0.0534962 	-0.0525195 	-1.92834 	0.286045 	0.55324 	0.229765 	
6.06	0.053464 	-0.0524435 	-1.92836 	0.286004 	0.553037 	0.229765 	
6.065	0.0534309 	-0.0523703 	-1.92839 	0.285963 	0.552834 	0.229765 	
6.07	0.0533988 	-0.0522941 	-1.92842 	0.285923 	0.55263 	0.229765 	
6.075	0.0533659 	-0.0522209 	-1.92845 	0.285882 	0.552427 	0.229765 	
6.08	0.053334 	-0.0521447 	-1.92847 	0.285841 	0.552224 	0.229765 	
6.085	0.0533012 	-0.0520713 	-1.9285 	0.285801 	0.552021 	0.229766 	
6.09	0.0532694 	-0.0519951 	-1.92852 	0.28576 	0.551817 	0.229766 	
6.095	0.0532369 	-0.0519217 	-1.92855 	0.285719 	0.551614 	0.229766 	
6.1	0.0532052 	-0.0518453 	-1.92858 	0.285679 	0.551411 	0.229766 	
6.105	0.0531728 	-0.0517718 	-1.92861 	0.285638 	0.551208 	0.229766 	
6.11	0.0531413 	-0.0516954 	-1.92863 	0.285597 	0.551004 	0.229766 	
