0	0.0490075 	0.0219193 	-2.01088 	0.262299 	0.529812 	-0.011542 	
0.005	0.0490075 	0.0219193 	-2.01088 	0.262299 	0.529812 	-0.011542 	
0.01	0.0490075 	0.0219151 	-2.01088 	0.262299 	0.529812 	-0.0115417 	
0.015	0.0490075 	0.0219095 	-2.01087 	0.262299 	0.529814 	-0.0115414 	
0.02	0.0490075 	0.0219017 	-2.01087 	0.2623 	0.529815 	-0.0115408 	
0.025	0.0490075 	0.0218915 	-2.01086 	0.2623 	0.529817 	-0.0115402 	
0.03	0.0490075 	0.0218791 	-2.01085 	0.2623 	0.52982 	-0.0115394 	
0.035	0.0490075 	0.0218643 	-2.01084 	0.262301 	0.529823 	-0.0115384 	
0.04	0.0490075 	0.0218473 	-2.01083 	0.262301 	0.529827 	-0.0115373 	
0.045	0.0490075 	0.0218279 	-2.01081 	0.262302 	0.529831 	-0.0115361 	
0.05	0.0490075 	0.0218062 	-2.01079 	0.262303 	0.529835 	-0.0115347 	
0.055	0.0490075 	0.0217822 	-2.01077 	0.262304 	0.52984 	-0.0115331 	
0.06	0.0490076 	0.0217559 	-2.01075 	0.262304 	0.529846 	-0.0115314 	
0.065	0.0490076 	0.0217273 	-2.01073 	0.262305 	0.529852 	-0.0115296 	
0.07	0.0490076 	0.0216964 	-2.01071 	0.262306 	0.529858 	-0.0115276 	
0.075	0.0490076 	0.0216632 	-2.01068 	0.262307 	0.529865 	-0.0115255 	
0.08	0.0490076 	0.0216277 	-2.01065 	0.262309 	0.529873 	-0.0115232 	
0.085	0.0490077 	0.0215899 	-2.01062 	0.26231 	0.52988 	-0.0115208 	
0.09	0.0490077 	0.0215458 	-2.01059 	0.262311 	0.52989 	-0.0115179 	
0.095	0.0490077 	0.0215032 	-2.01056 	0.262313 	0.529899 	-0.0115152 	
0.1	0.0490078 	0.0214583 	-2.01052 	0.262314 	0.529908 	-0.0115123 	
0.105	0.0490078 	0.0214111 	-2.01048 	0.262316 	0.529918 	-0.0115093 	
0.11	0.0490078 	0.0213616 	-2.01044 	0.262317 	0.529928 	-0.0115061 	
0.115	0.0490079 	0.0213098 	-2.0104 	0.262319 	0.529939 	-0.0115028 	
0.12	0.0490079 	0.0212557 	-2.01036 	0.262321 	0.52995 	-0.0114993 	
0.125	0.049008 	0.0211994 	-2.01032 	0.262323 	0.529962 	-0.0114957 	
0.13	0.049008 	0.0211407 	-2.01027 	0.262325 	0.529974 	-0.011492 	
0.135	0.0490081 	0.0210798 	-2.01022 	0.262326 	0.529987 	-0.0114881 	
0.14	0.0490081 	0.0210167 	-2.01017 	0.262329 	0.53 	-0.0114841 	
0.145	0.0490082 	0.0209512 	-2.01012 	0.262331 	0.530014 	-0.0114799 	
0.15	0.0490083 	0.0208835 	-2.01007 	0.262333 	0.530028 	-0.0114756 	
0.155	0.0490084 	0.0208135 	-2.01001 	0.262335 	0.530042 	-0.0114711 	
0.16	0.0491108 	0.0205167 	-2.01014 	0.262434 	0.53164 	-0.0108284 	
0.165	0.0491109 	0.0204421 	-2.01008 	0.262436 	0.531655 	-0.0108236 	
0.17	0.049111 	0.0203653 	-2.01002 	0.262439 	0.531671 	-0.0108188 	
0.175	0.0491111 	0.0202863 	-2.00996 	0.262441 	0.531688 	-0.0108138 	
0.18	0.0491112 	0.020205 	-2.00989 	0.262444 	0.531704 	-0.0108086 	
0.185	0.0491113 	0.0201215 	-2.00983 	0.262446 	0.531722 	-0.0108034 	
0.19	0.0491114 	0.0200357 	-2.00976 	0.262449 	0.531739 	-0.010798 	
0.195	0.0491115 	0.0199477 	-2.00969 	0.262452 	0.531758 	-0.0107924 	
0.2	0.0491117 	0.0198574 	-2.00962 	0.262455 	0.531776 	-0.0107867 	
0.205	0.0491118 	0.0197649 	-2.00955 	0.262458 	0.531796 	-0.0107809 	
0.21	0.049112 	0.0196702 	-2.00947 	0.262461 	0.531815 	-0.010775 	
0.215	0.0491121 	0.0195733 	-2.0094 	0.262464 	0.531835 	-0.0107689 	
0.22	0.0492141 	0.0192526 	-2.0095 	0.262568 	0.533414 	-0.0101323 	
0.225	0.0492143 	0.0191512 	-2.00942 	0.262571 	0.533435 	-0.0101259 	
0.23	0.0492144 	0.0190476 	-2.00933 	0.262575 	0.533456 	-0.0101195 	
0.235	0.0492146 	0.0189418 	-2.00925 	0.262578 	0.533478 	-0.0101129 	
0.24	0.0492148 	0.0188338 	-2.00917 	0.262582 	0.5335 	-0.0101062 	
0.245	0.0492151 	0.0187236 	-2.00908 	0.262585 	0.533523 	-0.0100993 	
0.25	0.0492153 	0.0186112 	-2.00899 	0.262589 	0.533546 	-0.0100924 	
0.255	0.0492155 	0.0184966 	-2.0089 	0.262593 	0.53357 	-0.0100853 	
0.26	0.0492158 	0.0183798 	-2.00881 	0.262596 	0.533594 	-0.0100781 	
0.265	0.0492161 	0.0182608 	-2.00871 	0.2626 	0.533618 	-0.0100708 	
0.27	0.0493253 	0.0179047 	-2.0088 	0.262717 	0.535294 	-0.00939344 	
0.275	0.0493255 	0.0177813 	-2.00871 	0.262721 	0.535319 	-0.00938587 	
0.28	0.0493258 	0.0176558 	-2.00861 	0.262725 	0.535345 	-0.00937818 	
0.285	0.0493261 	0.0175282 	-2.00851 	0.262729 	0.535371 	-0.00937038 	
0.29	0.0493265 	0.0173984 	-2.00841 	0.262734 	0.535398 	-0.00936247 	
0.295	0.0493268 	0.0172664 	-2.0083 	0.262738 	0.535424 	-0.00935444 	
0.3	0.0493272 	0.0171323 	-2.0082 	0.262742 	0.535452 	-0.0093463 	
0.305	0.0493276 	0.0169961 	-2.00809 	0.262746 	0.535479 	-0.00933805 	
0.31	0.0494327 	0.0166336 	-2.00815 	0.262865 	0.53708 	-0.00868994 	
0.315	0.0494331 	0.0164931 	-2.00804 	0.262869 	0.537109 	-0.00868145 	
0.32	0.0494335 	0.0163505 	-2.00793 	0.262874 	0.537137 	-0.00867287 	
0.325	0.0494339 	0.0162058 	-2.00782 	0.262878 	0.537167 	-0.00866417 	
0.33	0.0494344 	0.0160589 	-2.0077 	0.262883 	0.537196 	-0.00865537 	
0.335	0.0494349 	0.01591 	-2.00758 	0.262888 	0.537227 	-0.00864647 	
0.34	0.0494354 	0.0157589 	-2.00746 	0.262893 	0.537257 	-0.00863747 	
0.345	0.0495394 	0.0153861 	-2.00751 	0.263015 	0.538827 	-0.00800029 	
0.35	0.0495399 	0.0152309 	-2.00739 	0.26302 	0.538859 	-0.00799107 	
0.355	0.0495405 	0.0150736 	-2.00727 	0.263025 	0.53889 	-0.00798176 	
0.36	0.0495411 	0.0149142 	-2.00714 	0.26303 	0.538922 	-0.00797235 	
0.365	0.0495417 	0.0147527 	-2.00701 	0.263035 	0.538955 	-0.00796284 	
0.37	0.0495423 	0.0145892 	-2.00688 	0.26304 	0.538987 	-0.00795325 	
0.375	0.0495429 	0.0144237 	-2.00675 	0.263045 	0.539021 	-0.00794356 	
0.38	0.0496572 	0.0140169 	-2.0068 	0.263185 	0.540728 	-0.00724879 	
0.385	0.0496579 	0.0138473 	-2.00667 	0.26319 	0.540762 	-0.0072389 	
0.39	0.0496586 	0.0136756 	-2.00653 	0.263195 	0.540796 	-0.00722892 	
0.395	0.0496593 	0.0135019 	-2.00639 	0.263201 	0.540831 	-0.00721886 	
0.4	0.0496601 	0.0133262 	-2.00625 	0.263206 	0.540866 	-0.00720872 	
0.405	0.0496609 	0.0131485 	-2.00611 	0.263212 	0.540901 	-0.00719849 	
0.41	0.0497699 	0.012743 	-2.00614 	0.26335 	0.542515 	-0.00654055 	
0.415	0.0497707 	0.0125613 	-2.006 	0.263356 	0.54255 	-0.00653014 	
0.42	0.0497716 	0.0123776 	-2.00585 	0.263362 	0.542587 	-0.00651965 	
0.425	0.0497725 	0.0121919 	-2.0057 	0.263368 	0.542623 	-0.00650909 	
0.43	0.0497734 	0.0120042 	-2.00556 	0.263373 	0.54266 	-0.00649845 	
0.435	0.0497743 	0.0118146 	-2.0054 	0.263379 	0.542698 	-0.00648774 	
0.44	0.0498906 	0.0113845 	-2.00543 	0.263532 	0.544401 	-0.00579135 	
0.445	0.0498916 	0.0111909 	-2.00528 	0.263538 	0.544439 	-0.00578047 	
0.45	0.0498926 	0.0109955 	-2.00512 	0.263544 	0.544477 	-0.00576953 	
0.455	0.0498937 	0.0107981 	-2.00497 	0.26355 	0.544516 	-0.00575852 	
0.46	0.0498948 	0.0105988 	-2.00481 	0.263556 	0.544555 	-0.00574744 	
0.465	0.0498959 	0.0103975 	-2.00465 	0.263563 	0.544594 	-0.0057363 	
0.47	0.0500208 	0.00994062 	-2.00468 	0.263732 	0.546403 	-0.00499442 	
0.475	0.0500219 	0.00973555 	-2.00451 	0.263738 	0.546443 	-0.00498313 	
0.48	0.0500232 	0.00952862 	-2.00435 	0.263745 	0.546483 	-0.00497179 	
0.485	0.0500244 	0.00931982 	-2.00418 	0.263751 	0.546523 	-0.00496039 	
0.49	0.0500257 	0.00910914 	-2.00401 	0.263758 	0.546564 	-0.00494893 	
0.495	0.0501389 	0.00866919 	-2.00401 	0.263917 	0.548188 	-0.00428132 	
0.5	0.0501403 	0.00845476 	-2.00384 	0.263923 	0.54823 	-0.00426974 	
0.505	0.0501417 	0.00823851 	-2.00367 	0.26393 	0.548271 	-0.0042581 	
0.51	0.0501431 	0.00802043 	-2.00349 	0.263937 	0.548313 	-0.00424642 	
0.515	0.0501446 	0.00780053 	-2.00332 	0.263943 	0.548355 	-0.00423469 	
0.52	0.0502621 	0.00734472 	-2.00331 	0.264113 	0.550026 	-0.00354639 	
0.525	0.0502637 	0.00712116 	-2.00313 	0.26412 	0.550068 	-0.00353454 	
0.53	0.0502653 	0.00689582 	-2.00295 	0.264127 	0.550111 	-0.00352266 	
0.535	0.0502669 	0.00666869 	-2.00277 	0.264134 	0.550155 	-0.00351073 	
0.54	0.0502686 	0.00643978 	-2.00259 	0.264141 	0.550198 	-0.00349877 	
0.545	0.0503922 	0.00596524 	-2.00258 	0.264324 	0.551935 	-0.00278057 	
0.55	0.050394 	0.00573276 	-2.0024 	0.264332 	0.551979 	-0.00276851 	
0.555	0.0503957 	0.00549856 	-2.00221 	0.264339 	0.552024 	-0.00275642 	
0.56	0.0503976 	0.00526262 	-2.00202 	0.264346 	0.552068 	-0.00274429 	
0.565	0.0503995 	0.00502495 	-2.00182 	0.264353 	0.552113 	-0.00273214 	
0.57	0.0505294 	0.00453179 	-2.00182 	0.264551 	0.553918 	-0.00198352 	
0.575	0.0505314 	0.00429064 	-2.00162 	0.264558 	0.553963 	-0.00197129 	
0.58	0.0505334 	0.00404783 	-2.00143 	0.264566 	0.554009 	-0.00195903 	
0.585	0.0505354 	0.00380332 	-2.00123 	0.264573 	0.554054 	-0.00194675 	
0.59	0.0505375 	0.00355713 	-2.00103 	0.26458 	0.5541 	-0.00193444 	
0.595	0.0506738 	0.0030458 	-2.00103 	0.264794 	0.555971 	-0.00115577 	
0.6	0.050676 	0.00279623 	-2.00082 	0.264802 	0.556017 	-0.0011434 	
0.605	0.0506782 	0.00254505 	-2.00062 	0.264809 	0.556064 	-0.00113102 	
0.61	0.0506805 	0.00229223 	-2.00041 	0.264817 	0.556111 	-0.00111862 	
0.615	0.0507974 	0.00181482 	-2.00037 	0.265005 	0.5577 	-0.000456172 	
0.62	0.0507997 	0.00155872 	-2.00016 	0.265013 	0.557747 	-0.000443729 	
0.625	0.0508022 	0.00130104 	-1.99995 	0.26502 	0.557794 	-0.000431278 	
0.63	0.0508046 	0.00104175 	-1.99974 	0.265028 	0.557842 	-0.000418822 	
0.635	0.0509233 	0.000556639 	-1.99969 	0.265223 	0.559439 	0.000248666 	
0.64	0.0509258 	0.000294161 	-1.99948 	0.265231 	0.559487 	0.000261155 	
0.645	0.0509284 	3.01428e-05 	-1.99927 	0.265239 	0.559535 	0.000273646 	
0.65	0.0509311 	-0.00023543 	-1.99905 	0.265246 	0.559583 	0.000286135 	
0.655	0.0510537 	-0.000732132 	-1.999 	0.265452 	0.561216 	0.000970657 	
0.66	0.0510564 	-0.00100081 	-1.99878 	0.26546 	0.561265 	0.000983166 	
0.665	0.0510593 	-0.00127099 	-1.99856 	0.265468 	0.561314 	0.000995669 	
0.67	0.0510622 	-0.00154268 	-1.99834 	0.265476 	0.561363 	0.00100816 	
0.675	0.0511889 	-0.00205107 	-1.99828 	0.265693 	0.563033 	0.00171068 	
0.68	0.0511918 	-0.00232578 	-1.99806 	0.265701 	0.563082 	0.00172318 	
0.685	0.0511949 	-0.00260194 	-1.99783 	0.265709 	0.563132 	0.00173566 	
0.69	0.051198 	-0.00287956 	-1.99761 	0.265717 	0.563181 	0.00174814 	
0.695	0.0513289 	-0.00339937 	-1.99755 	0.265946 	0.564889 	0.00246847 	
0.7	0.0513321 	-0.00367992 	-1.99732 	0.265954 	0.564938 	0.00248094 	
0.705	0.0513354 	-0.00396187 	-1.99709 	0.265962 	0.564988 	0.00249338 	
0.71	0.0513387 	-0.00424524 	-1.99686 	0.26597 	0.565038 	0.0025058 	
0.715	0.0514738 	-0.00477614 	-1.9968 	0.26621 	0.566781 	0.00324368 	
0.72	0.0514772 	-0.00506235 	-1.99656 	0.266219 	0.566831 	0.00325608 	
0.725	0.0514808 	-0.00534991 	-1.99632 	0.266227 	0.566882 	0.00326845 	
0.73	0.0514843 	-0.00563885 	-1.99609 	0.266235 	0.566932 	0.0032808 	
0.735	0.0516236 	-0.0061805 	-1.99603 	0.266488 	0.56871 	0.0040359 	
0.74	0.0516273 	-0.00647218 	-1.99579 	0.266496 	0.56876 	0.00404821 	
0.745	0.051631 	-0.00676516 	-1.99554 	0.266504 	0.568811 	0.00406049 	
0.75	0.0516349 	-0.00705946 	-1.9953 	0.266512 	0.568862 	0.00407273 	
0.755	0.0517783 	-0.00761152 	-1.99524 	0.266778 	0.570673 	0.00484474 	
0.76	0.0517823 	-0.00790847 	-1.99499 	0.266786 	0.570724 	0.00485694 	
0.765	0.0517863 	-0.00820668 	-1.99475 	0.266794 	0.570775 	0.00486909 	
0.77	0.0517903 	-0.00850616 	-1.9945 	0.266803 	0.570826 	0.0048812 	
0.775	0.051938 	-0.00906828 	-1.99443 	0.267081 	0.572669 	0.0056698 	
0.78	0.0519422 	-0.00937031 	-1.99418 	0.267089 	0.57272 	0.00568185 	
0.785	0.0519465 	-0.00967355 	-1.99393 	0.267097 	0.572771 	0.00569385 	
0.79	0.0519508 	-0.00997801 	-1.99368 	0.267106 	0.572823 	0.0057058 	
0.795	0.0521027 	-0.0105498 	-1.99361 	0.267397 	0.574696 	0.00651064 	
0.8	0.0521071 	-0.0108567 	-1.99335 	0.267406 	0.574748 	0.00652252 	
0.805	0.0521116 	-0.0111648 	-1.9931 	0.267414 	0.5748 	0.00653435 	
0.81	0.0521162 	-0.011474 	-1.99284 	0.267422 	0.574851 	0.00654612 	
0.815	0.0522723 	-0.0120552 	-1.99277 	0.267727 	0.576754 	0.00736685 	
0.82	0.052277 	-0.0123668 	-1.99251 	0.267735 	0.576806 	0.00737853 	
0.825	0.0522818 	-0.0126794 	-1.99225 	0.267744 	0.576858 	0.00739016 	
0.83	0.0522867 	-0.0129933 	-1.99199 	0.267752 	0.57691 	0.00740172 	
0.835	0.0524469 	-0.0135833 	-1.99191 	0.26807 	0.57884 	0.00823798 	
0.84	0.0524519 	-0.0138994 	-1.99165 	0.268079 	0.578892 	0.00824945 	
0.845	0.052457 	-0.0142165 	-1.99138 	0.268087 	0.578944 	0.00826085 	
0.85	0.0524621 	-0.0145347 	-1.99112 	0.268095 	0.578996 	0.00827218 	
0.855	0.0526265 	-0.0151333 	-1.99104 	0.268428 	0.580954 	0.00912361 	
0.86	0.0526318 	-0.0154537 	-1.99077 	0.268436 	0.581006 	0.00913483 	
0.865	0.0526371 	-0.015775 	-1.9905 	0.268444 	0.581058 	0.00914598 	
0.87	0.0526425 	-0.0160973 	-1.99023 	0.268453 	0.58111 	0.00915705 	
0.875	0.0528111 	-0.0167042 	-1.99015 	0.268799 	0.583093 	0.0100233 	
0.88	0.0528166 	-0.0170285 	-1.98988 	0.268807 	0.583145 	0.0100342 	
0.885	0.0528222 	-0.0173539 	-1.9896 	0.268816 	0.583197 	0.0100451 	
0.89	0.052957 	-0.0179024 	-1.98948 	0.269096 	0.584761 	0.0107287 	
0.895	0.0529627 	-0.0182297 	-1.9892 	0.269104 	0.584813 	0.0107395 	
0.9	0.0529685 	-0.0185579 	-1.98893 	0.269112 	0.584865 	0.0107501 	
0.905	0.0529744 	-0.018887 	-1.98865 	0.269121 	0.584917 	0.0107607 	
0.91	0.0531465 	-0.0195008 	-1.98856 	0.269484 	0.586897 	0.0116323 	
0.915	0.0531525 	-0.0198317 	-1.98828 	0.269492 	0.586949 	0.0116427 	
0.92	0.0531586 	-0.0201636 	-1.988 	0.2695 	0.587001 	0.011653 	
0.925	0.0532987 	-0.0207228 	-1.98787 	0.269799 	0.588592 	0.0123535 	
0.93	0.0533049 	-0.0210564 	-1.98758 	0.269807 	0.588643 	0.0123636 	
0.935	0.0533112 	-0.0213908 	-1.9873 	0.269816 	0.588695 	0.0123737 	
0.94	0.0534501 	-0.0219486 	-1.98716 	0.270115 	0.590257 	0.0130635 	
0.945	0.0534565 	-0.0222847 	-1.98688 	0.270123 	0.590308 	0.0130734 	
0.95	0.053463 	-0.0226215 	-1.98659 	0.270131 	0.59036 	0.0130833 	
0.955	0.0536039 	-0.023183 	-1.98645 	0.270438 	0.591929 	0.0137784 	
0.96	0.0536105 	-0.0235214 	-1.98616 	0.270446 	0.59198 	0.0137881 	
0.965	0.0536172 	-0.0238606 	-1.98588 	0.270454 	0.592032 	0.0137977 	
0.97	0.0537604 	-0.0244261 	-1.98573 	0.270769 	0.59361 	0.0144997 	
0.975	0.0537672 	-0.0247668 	-1.98544 	0.270777 	0.593661 	0.0145091 	
0.98	0.0537742 	-0.0251082 	-1.98515 	0.270785 	0.593713 	0.0145184 	
0.985	0.0539196 	-0.0256774 	-1.985 	0.271109 	0.595301 	0.0152274 	
0.99	0.0539266 	-0.0260203 	-1.98471 	0.271117 	0.595352 	0.0152365 	
0.995	0.0539338 	-0.0263637 	-1.98442 	0.271125 	0.595403 	0.0152455 	
1	0.0540814 	-0.0269366 	-1.98427 	0.271456 	0.597 	0.0159611 	
1.005	0.0540887 	-0.0272814 	-1.98398 	0.271464 	0.597051 	0.0159699 	
1.01	0.0540961 	-0.0276269 	-1.98368 	0.271472 	0.597102 	0.0159786 	
1.015	0.054246 	-0.0282032 	-1.98353 	0.271812 	0.598707 	0.0167008 	
1.02	0.0542535 	-0.0285499 	-1.98323 	0.27182 	0.598758 	0.0167092 	
1.025	0.0542611 	-0.0288971 	-1.98294 	0.271828 	0.598808 	0.0167176 	
1.03	0.0544132 	-0.0294766 	-1.98278 	0.272176 	0.600422 	0.0174461 	
1.035	0.0544209 	-0.029825 	-1.98248 	0.272184 	0.600472 	0.0174543 	
1.04	0.0544287 	-0.030174 	-1.98218 	0.272192 	0.600522 	0.0174623 	
1.045	0.054583 	-0.0307565 	-1.98203 	0.272548 	0.602143 	0.0181969 	
1.05	0.0545909 	-0.0311065 	-1.98173 	0.272556 	0.602193 	0.0182047 	
1.055	0.0545989 	-0.0314571 	-1.98143 	0.272564 	0.602242 	0.0182124 	
1.06	0.0547553 	-0.0320423 	-1.98127 	0.272929 	0.60387 	0.0189529 	
1.065	0.0547635 	-0.0323939 	-1.98096 	0.272936 	0.603919 	0.0189604 	
1.07	0.0547717 	-0.0327458 	-1.98066 	0.272944 	0.603969 	0.0189678 	
1.075	0.0549302 	-0.0333336 	-1.9805 	0.273317 	0.605602 	0.0197139 	
1.08	0.0549386 	-0.0336865 	-1.9802 	0.273325 	0.605651 	0.019721 	
1.085	0.054947 	-0.0340398 	-1.97989 	0.273332 	0.6057 	0.0197281 	
1.09	0.0551076 	-0.03463 	-1.97973 	0.273714 	0.607339 	0.0204797 	
1.095	0.0551162 	-0.0349841 	-1.97942 	0.273721 	0.607387 	0.0204865 	
1.1	0.0551248 	-0.0353386 	-1.97912 	0.273729 	0.607436 	0.0204932 	
1.105	0.0552875 	-0.0359308 	-1.97895 	0.274118 	0.60908 	0.02125 	
1.11	0.0552963 	-0.0362861 	-1.97864 	0.274126 	0.609128 	0.0212565 	
1.115	0.0553051 	-0.0366416 	-1.97833 	0.274133 	0.609176 	0.0212628 	
1.12	0.0554698 	-0.0372357 	-1.97817 	0.274531 	0.610823 	0.0220246 	
1.125	0.0554788 	-0.037592 	-1.97786 	0.274538 	0.610871 	0.0220307 	
1.13	0.0554878 	-0.0379484 	-1.97755 	0.274545 	0.610918 	0.0220367 	
1.135	0.0556545 	-0.0385442 	-1.97738 	0.274951 	0.61257 	0.0228033 	
1.14	0.0556636 	-0.0389013 	-1.97707 	0.274958 	0.612617 	0.022809 	
1.145	0.0556729 	-0.0392586 	-1.97676 	0.274966 	0.612664 	0.0228146 	
1.15	0.0558415 	-0.0398559 	-1.97658 	0.275379 	0.614318 	0.0235858 	
1.155	0.0558508 	-0.0402136 	-1.97627 	0.275386 	0.614364 	0.0235912 	
1.16	0.0558603 	-0.0405716 	-1.97596 	0.275394 	0.614411 	0.0235964 	
1.165	0.0560307 	-0.0411701 	-1.97579 	0.275815 	0.616067 	0.0243719 	
1.17	0.0560403 	-0.0415285 	-1.97547 	0.275822 	0.616113 	0.0243769 	
1.175	0.05605 	-0.041887 	-1.97516 	0.275829 	0.616159 	0.0243817 	
1.18	0.0562222 	-0.0424865 	-1.97498 	0.276259 	0.617817 	0.0251613 	
1.185	0.056232 	-0.0428453 	-1.97467 	0.276266 	0.617862 	0.0251659 	
1.19	0.0562419 	-0.0432043 	-1.97436 	0.276272 	0.617908 	0.0251704 	
1.195	0.0564159 	-0.0438045 	-1.97418 	0.27671 	0.619566 	0.0259538 	
1.2	0.0564259 	-0.0441637 	-1.97386 	0.276717 	0.619611 	0.025958 	
1.205	0.0564359 	-0.0445229 	-1.97355 	0.276723 	0.619656 	0.0259621 	
1.21	0.0566117 	-0.0451237 	-1.97337 	0.277168 	0.621315 	0.0267492 	
1.215	0.0566218 	-0.0454831 	-1.97305 	0.277175 	0.62136 	0.026753 	
1.22	0.0566321 	-0.0458425 	-1.97273 	0.277181 	0.621404 	0.0267566 	
1.225	0.0568095 	-0.0464437 	-1.97255 	0.277634 	0.623063 	0.027547 	
1.23	0.0568199 	-0.0468031 	-1.97224 	0.27764 	0.623106 	0.0275505 	
1.235	0.0568303 	-0.0471626 	-1.97192 	0.277647 	0.62315 	0.0275537 	
1.24	0.0570093 	-0.0477638 	-1.97174 	0.278107 	0.624808 	0.0283472 	
1.245	0.0570198 	-0.0481233 	-1.97142 	0.278113 	0.624851 	0.0283503 	
1.25	0.0570304 	-0.0484826 	-1.9711 	0.278119 	0.624894 	0.0283531 	
1.255	0.0572111 	-0.0490838 	-1.97092 	0.278587 	0.62655 	0.0291495 	
1.26	0.0572218 	-0.049443 	-1.9706 	0.278593 	0.626593 	0.0291521 	
1.265	0.0572325 	-0.0498021 	-1.97028 	0.278599 	0.626635 	0.0291546 	
1.27	0.0574146 	-0.0504029 	-1.97009 	0.279073 	0.628289 	0.0299535 	
1.275	0.0574255 	-0.0507619 	-1.96978 	0.279079 	0.628331 	0.0299558 	
1.28	0.0574364 	-0.0511206 	-1.96946 	0.279085 	0.628372 	0.0299578 	
1.285	0.05762 	-0.0517209 	-1.96927 	0.279566 	0.630024 	0.0307591 	
1.29	0.057631 	-0.0520794 	-1.96895 	0.279572 	0.630065 	0.0307609 	
1.295	0.0576421 	-0.0524377 	-1.96863 	0.279578 	0.630106 	0.0307626 	
1.3	0.0578271 	-0.0530372 	-1.96844 	0.280066 	0.631754 	0.0315659 	
1.305	0.0578383 	-0.0533952 	-1.96812 	0.280072 	0.631794 	0.0315674 	
1.31	0.0578495 	-0.0537528 	-1.9678 	0.280078 	0.631835 	0.0315686 	
1.315	0.0580358 	-0.0543514 	-1.96761 	0.280572 	0.633479 	0.0323737 	
1.32	0.0580471 	-0.0547086 	-1.96729 	0.280578 	0.633519 	0.0323748 	
1.325	0.0580585 	-0.0550656 	-1.96697 	0.280583 	0.633558 	0.0323756 	
1.33	0.058246 	-0.0556629 	-1.96678 	0.281084 	0.635198 	0.0331823 	
1.335	0.0582575 	-0.0560193 	-1.96646 	0.28109 	0.635237 	0.0331829 	
1.34	0.0582691 	-0.0563754 	-1.96614 	0.281095 	0.635275 	0.0331834 	
1.345	0.0584577 	-0.0569713 	-1.96595 	0.281602 	0.63691 	0.0339912 	
1.35	0.0584693 	-0.0573268 	-1.96563 	0.281608 	0.636948 	0.0339914 	
1.355	0.058481 	-0.0576819 	-1.96531 	0.281613 	0.636986 	0.0339915 	
1.36	0.0586708 	-0.0582762 	-1.96512 	0.282126 	0.638615 	0.0348003 	
1.365	0.0586826 	-0.0586306 	-1.9648 	0.282131 	0.638652 	0.0348002 	
1.37	0.0586944 	-0.0589846 	-1.96448 	0.282136 	0.63869 	0.0347998 	
1.375	0.0588852 	-0.059577 	-1.96429 	0.282655 	0.640312 	0.0356093 	
1.38	0.0588971 	-0.0599303 	-1.96397 	0.28266 	0.640349 	0.0356087 	
1.385	0.058909 	-0.060283 	-1.96365 	0.282665 	0.640386 	0.0356081 	
1.39	0.0591007 	-0.0608734 	-1.96345 	0.28319 	0.642001 	0.0364179 	
1.395	0.0591128 	-0.0612253 	-1.96313 	0.283194 	0.642037 	0.0364169 	
1.4	0.0591248 	-0.0615767 	-1.96282 	0.283199 	0.642073 	0.0364159 	
1.405	0.0593174 	-0.0621647 	-1.96262 	0.283729 	0.643681 	0.0372258 	
1.41	0.0593296 	-0.0625152 	-1.9623 	0.283734 	0.643716 	0.0372244 	
1.415	0.0593417 	-0.0628652 	-1.96199 	0.283738 	0.643751 	0.037223 	
1.42	0.0595351 	-0.0634507 	-1.96179 	0.284273 	0.645351 	0.0380327 	
1.425	0.0595474 	-0.0637996 	-1.96147 	0.284278 	0.645386 	0.038031 	
1.43	0.0595597 	-0.064148 	-1.96115 	0.284282 	0.64542 	0.0380291 	
1.435	0.0597537 	-0.0647308 	-1.96095 	0.284822 	0.647011 	0.0388383 	
1.44	0.0597661 	-0.0650781 	-1.96064 	0.284826 	0.647045 	0.0388363 	
1.445	0.0597785 	-0.0654247 	-1.96032 	0.28483 	0.647079 	0.038834 	
1.45	0.0599732 	-0.0660046 	-1.96012 	0.285375 	0.648661 	0.0396424 	
1.455	0.0599856 	-0.06635 	-1.95981 	0.285379 	0.648694 	0.03964 	
1.46	0.0599981 	-0.0666948 	-1.9595 	0.285382 	0.648727 	0.0396374 	
1.465	0.0601933 	-0.0672716 	-1.95929 	0.285931 	0.650299 	0.0404447 	
1.47	0.0602058 	-0.0676151 	-1.95898 	0.285935 	0.650331 	0.0404419 	
1.475	0.0602184 	-0.067958 	-1.95867 	0.285939 	0.650363 	0.0404389 	
1.48	0.0604141 	-0.0685314 	-1.95847 	0.286492 	0.651925 	0.0412448 	
1.485	0.0604267 	-0.0688729 	-1.95815 	0.286495 	0.651957 	0.0412416 	
1.49	0.0604394 	-0.0692137 	-1.95784 	0.286499 	0.651988 	0.0412383 	
1.495	0.0606354 	-0.0697836 	-1.95764 	0.287055 	0.653539 	0.0420424 	
1.5	0.060648 	-0.0701229 	-1.95733 	0.287059 	0.65357 	0.0420389 	
1.505	0.0606608 	-0.0704615 	-1.95702 	0.287062 	0.6536 	0.0420353 	
1.51	0.060857 	-0.0710276 	-1.95682 	0.287622 	0.65514 	0.0428374 	
1.515	0.0608698 	-0.0713647 	-1.95651 	0.287625 	0.65517 	0.0428335 	
1.52	0.0608826 	-0.0717009 	-1.9562 	0.287628 	0.6552 	0.0428295 	
1.525	0.061079 	-0.0722632 	-1.956 	0.288191 	0.656728 	0.0436292 	
1.53	0.0610918 	-0.0725978 	-1.95569 	0.288195 	0.656757 	0.043625 	
1.535	0.0611047 	-0.0729317 	-1.95538 	0.288198 	0.656786 	0.0436207 	
1.54	0.0613012 	-0.0734897 	-1.95518 	0.288763 	0.658301 	0.0444178 	
1.545	0.061314 	-0.0738219 	-1.95487 	0.288766 	0.65833 	0.0444133 	
1.55	0.0613269 	-0.0741532 	-1.95457 	0.288769 	0.658358 	0.0444086 	
1.555	0.0615234 	-0.0747069 	-1.95437 	0.289337 	0.65986 	0.0452027 	
1.56	0.0615363 	-0.0750365 	-1.95406 	0.28934 	0.659888 	0.0451979 	
1.565	0.0615493 	-0.0753651 	-1.95376 	0.289343 	0.659916 	0.0451929 	
1.57	0.0617456 	-0.0759143 	-1.95355 	0.289913 	0.661405 	0.0459837 	
1.575	0.0617586 	-0.0762412 	-1.95325 	0.289916 	0.661432 	0.0459786 	
1.58	0.0617715 	-0.0765671 	-1.95295 	0.289918 	0.661458 	0.0459733 	
1.585	0.0619677 	-0.0771115 	-1.95275 	0.290491 	0.662934 	0.0467604 	
1.59	0.0619806 	-0.0774355 	-1.95245 	0.290493 	0.66296 	0.046755 	
1.595	0.0619936 	-0.0777585 	-1.95215 	0.290495 	0.662986 	0.0467494 	
1.6	0.0621894 	-0.0782981 	-1.95195 	0.291069 	0.664447 	0.0475326 	
1.605	0.0622024 	-0.0786191 	-1.95165 	0.291071 	0.664472 	0.0475269 	
1.61	0.0622154 	-0.0789392 	-1.95135 	0.291073 	0.664497 	0.0475211 	
1.615	0.0624108 	-0.0794736 	-1.95115 	0.291648 	0.665943 	0.0483 	
1.62	0.0624238 	-0.0797916 	-1.95085 	0.29165 	0.665968 	0.048294 	
1.625	0.0624368 	-0.0801085 	-1.95056 	0.291652 	0.665992 	0.0482879 	
1.63	0.0624498 	-0.0804244 	-1.95026 	0.291654 	0.666017 	0.0482817 	
1.635	0.062699 	-0.081016 	-1.95009 	0.292401 	0.667865 	0.0492884 	
1.64	0.062712 	-0.0813298 	-1.9498 	0.292403 	0.667889 	0.0492821 	
1.645	0.062725 	-0.0816424 	-1.94951 	0.292405 	0.667913 	0.0492756 	
1.65	0.0629245 	-0.0821707 	-1.94931 	0.292998 	0.669364 	0.0500672 	
1.655	0.0629375 	-0.0824811 	-1.94902 	0.293 	0.669387 	0.0500606 	
1.66	0.0629505 	-0.0827904 	-1.94873 	0.293002 	0.66941 	0.0500539 	
1.665	0.0629635 	-0.0830986 	-1.94844 	0.293003 	0.669433 	0.0500471 	
1.67	0.0632111 	-0.0836761 	-1.94827 	0.293752 	0.671237 	0.0510407 	
1.675	0.063224 	-0.083982 	-1.94798 	0.293754 	0.671259 	0.0510337 	
1.68	0.0632369 	-0.0842867 	-1.9477 	0.293755 	0.671281 	0.0510267 	
1.685	0.0632499 	-0.0845902 	-1.94741 	0.293757 	0.671303 	0.0510196 	
1.69	0.0635009 	-0.0851644 	-1.94724 	0.294521 	0.673115 	0.0520246 	
1.695	0.0635138 	-0.0854656 	-1.94696 	0.294522 	0.673136 	0.0520174 	
1.7	0.0635267 	-0.0857655 	-1.94668 	0.294523 	0.673157 	0.0520101 	
1.705	0.0635396 	-0.0860641 	-1.9464 	0.294525 	0.673178 	0.0520027 	
1.71	0.0637894 	-0.0866296 	-1.94623 	0.295289 	0.674963 	0.0529989 	
1.715	0.0638022 	-0.0869258 	-1.94595 	0.29529 	0.674983 	0.0529914 	
1.72	0.063815 	-0.0872207 	-1.94567 	0.295291 	0.675003 	0.0529838 	
1.725	0.0638278 	-0.0875144 	-1.9454 	0.295292 	0.675023 	0.0529762 	
1.73	0.0640756 	-0.0880702 	-1.94523 	0.296053 	0.676777 	0.0539608 	
1.735	0.0640883 	-0.0883613 	-1.94495 	0.296054 	0.676796 	0.0539531 	
1.74	0.0641011 	-0.0886511 	-1.94468 	0.296055 	0.676816 	0.0539453 	
1.745	0.0641138 	-0.0889395 	-1.94441 	0.296056 	0.676834 	0.0539374 	
1.75	0.0643592 	-0.0894854 	-1.94424 	0.296814 	0.678556 	0.0549095 	
1.755	0.0643719 	-0.0897712 	-1.94397 	0.296814 	0.678574 	0.0549015 	
1.76	0.0643845 	-0.0900556 	-1.9437 	0.296815 	0.678592 	0.0548935 	
1.765	0.0643971 	-0.0903387 	-1.94343 	0.296815 	0.67861 	0.0548854 	
1.77	0.06464 	-0.0908742 	-1.94327 	0.297569 	0.680298 	0.0558442 	
1.775	0.0646525 	-0.0911546 	-1.943 	0.297569 	0.680315 	0.055836 	
1.78	0.0646651 	-0.0914336 	-1.94274 	0.29757 	0.680332 	0.0558278 	
1.785	0.0646776 	-0.0917111 	-1.94248 	0.29757 	0.68035 	0.0558195 	
1.79	0.0649176 	-0.092236 	-1.94231 	0.298318 	0.682002 	0.0567641 	
1.795	0.0649301 	-0.0925107 	-1.94205 	0.298318 	0.682019 	0.0567558 	
1.8	0.0649425 	-0.0927841 	-1.94179 	0.298318 	0.682035 	0.0567474 	
1.805	0.0649548 	-0.0930559 	-1.94153 	0.298319 	0.682052 	0.0567389 	
1.81	0.0651918 	-0.0935698 	-1.94137 	0.29906 	0.683669 	0.0576686 	
1.815	0.0652041 	-0.0938388 	-1.94111 	0.29906 	0.683685 	0.0576601 	
1.82	0.0652164 	-0.0941063 	-1.94086 	0.29906 	0.6837 	0.0576516 	
1.825	0.0652286 	-0.0943724 	-1.94061 	0.29906 	0.683716 	0.057643 	
1.83	0.0654623 	-0.094875 	-1.94044 	0.299794 	0.685296 	0.058557 	
1.835	0.0654744 	-0.0951381 	-1.94019 	0.299794 	0.685312 	0.0585484 	
1.84	0.0654865 	-0.0953996 	-1.93994 	0.299794 	0.685326 	0.0585397 	
1.845	0.0654986 	-0.0956596 	-1.9397 	0.299794 	0.685341 	0.058531 	
1.85	0.0657287 	-0.0961507 	-1.93954 	0.300519 	0.686885 	0.0594286 	
1.855	0.0657407 	-0.0964077 	-1.93929 	0.300519 	0.686899 	0.0594198 	
1.86	0.0657526 	-0.0966631 	-1.93905 	0.300519 	0.686913 	0.059411 	
1.865	0.0657645 	-0.096917 	-1.9388 	0.300519 	0.686927 	0.0594022 	
1.87	0.0659909 	-0.0973963 	-1.93865 	0.301235 	0.688432 	0.0602826 	
1.875	0.0660026 	-0.097647 	-1.93841 	0.301235 	0.688446 	0.0602738 	
1.88	0.0660143 	-0.0978962 	-1.93817 	0.301234 	0.688459 	0.0602649 	
1.885	0.066026 	-0.0981438 	-1.93793 	0.301234 	0.688472 	0.0602561 	
1.89	0.0662484 	-0.0986109 	-1.93778 	0.30194 	0.689939 	0.0611185 	
1.895	0.0662599 	-0.0988553 	-1.93754 	0.301939 	0.689952 	0.0611096 	
1.9	0.0662715 	-0.0990981 	-1.93731 	0.301939 	0.689964 	0.0611007 	
1.905	0.0662829 	-0.0993392 	-1.93708 	0.301938 	0.689977 	0.0610918 	
1.91	0.066501 	-0.099794 	-1.93693 	0.302633 	0.691404 	0.0619355 	
1.915	0.0665124 	-0.100032 	-1.9367 	0.302632 	0.691416 	0.0619265 	
1.92	0.0665237 	-0.100268 	-1.93647 	0.302632 	0.691428 	0.0619176 	
1.925	0.0665349 	-0.100503 	-1.93625 	0.302631 	0.69144 	0.0619087 	
1.93	0.0667485 	-0.100945 	-1.9361 	0.303314 	0.692827 	0.0627329 	
1.935	0.0667596 	-0.101176 	-1.93587 	0.303313 	0.692838 	0.062724 	
1.94	0.0667706 	-0.101406 	-1.93565 	0.303312 	0.692849 	0.0627151 	
1.945	0.0667817 	-0.101634 	-1.93543 	0.303312 	0.69286 	0.0627062 	
1.95	0.0667926 	-0.10186 	-1.93522 	0.303311 	0.692871 	0.0626973 	
1.955	0.067045 	-0.102332 	-1.93509 	0.304129 	0.694511 	0.0636804 	
1.96	0.0670558 	-0.102555 	-1.93487 	0.304128 	0.694521 	0.0636715 	
1.965	0.0670666 	-0.102776 	-1.93466 	0.304127 	0.694532 	0.0636626 	
1.97	0.0670773 	-0.102995 	-1.93445 	0.304126 	0.694542 	0.0636538 	
1.975	0.0670879 	-0.103213 	-1.93424 	0.304125 	0.694552 	0.0636449 	
1.98	0.0673373 	-0.103671 	-1.93411 	0.304937 	0.696158 	0.0646145 	
1.985	0.0673477 	-0.103885 	-1.93391 	0.304936 	0.696168 	0.0646057 	
1.99	0.0673581 	-0.104098 	-1.9337 	0.304935 	0.696178 	0.0645969 	
1.995	0.0673685 	-0.104308 	-1.9335 	0.304934 	0.696187 	0.0645882 	
2	0.0673788 	-0.104517 	-1.93329 	0.304933 	0.696196 	0.0645794 	
2.005	0.0676204 	-0.104957 	-1.93317 	0.305722 	0.69774 	0.0655167 	
2.01	0.0676305 	-0.105162 	-1.93298 	0.305721 	0.697749 	0.0655081 	
2.015	0.0676406 	-0.105366 	-1.93278 	0.30572 	0.697758 	0.0654994 	
2.02	0.0676506 	-0.105567 	-1.93258 	0.305719 	0.697766 	0.0654908 	
2.025	0.0676605 	-0.105767 	-1.93239 	0.305718 	0.697775 	0.0654822 	
2.03	0.0678936 	-0.106188 	-1.93227 	0.306482 	0.699251 	0.066384 	
2.035	0.0679033 	-0.106385 	-1.93208 	0.306481 	0.69926 	0.0663755 	
2.04	0.067913 	-0.106579 	-1.93189 	0.30648 	0.699268 	0.066367 	
2.045	0.0679226 	-0.106771 	-1.93171 	0.306479 	0.699276 	0.0663586 	
2.05	0.0679322 	-0.106962 	-1.93152 	0.306478 	0.699284 	0.0663501 	
2.055	0.0681562 	-0.107364 	-1.93141 	0.307215 	0.700692 	0.0672151 	
2.06	0.0681655 	-0.10755 	-1.93123 	0.307214 	0.700699 	0.0672068 	
2.065	0.0681748 	-0.107735 	-1.93105 	0.307212 	0.700707 	0.0671985 	
2.07	0.068184 	-0.107919 	-1.93087 	0.307211 	0.700714 	0.0671902 	
2.075	0.0681932 	-0.1081 	-1.93069 	0.30721 	0.700721 	0.067182 	
2.08	0.0682022 	-0.108279 	-1.93052 	0.307209 	0.700728 	0.0671739 	
2.085	0.0684524 	-0.108694 	-1.93042 	0.30804 	0.702298 	0.0681456 	
2.09	0.0684613 	-0.10887 	-1.93025 	0.308039 	0.702305 	0.0681376 	
2.095	0.0684701 	-0.109044 	-1.93008 	0.308038 	0.702312 	0.0681296 	
2.1	0.0684788 	-0.109215 	-1.92992 	0.308037 	0.702318 	0.0681216 	
2.105	0.0684875 	-0.109385 	-1.92975 	0.308036 	0.702325 	0.0681137 	
2.11	0.068496 	-0.109553 	-1.92959 	0.308034 	0.702331 	0.0681058 	
2.115	0.0687361 	-0.109945 	-1.9295 	0.308836 	0.703825 	0.0690371 	
2.12	0.0687445 	-0.110109 	-1.92934 	0.308834 	0.703832 	0.0690294 	
2.125	0.0687527 	-0.110272 	-1.92918 	0.308833 	0.703837 	0.0690217 	
2.13	0.0687609 	-0.110432 	-1.92902 	0.308832 	0.703843 	0.0690141 	
2.135	0.068769 	-0.11059 	-1.92887 	0.308831 	0.703849 	0.0690065 	
2.14	0.068777 	-0.110746 	-1.92872 	0.308829 	0.703855 	0.0689991 	
2.145	0.0690028 	-0.111112 	-1.92863 	0.309585 	0.705249 	0.0698729 	
2.15	0.0690106 	-0.111264 	-1.92848 	0.309584 	0.705254 	0.0698656 	
2.155	0.0690183 	-0.111414 	-1.92834 	0.309583 	0.70526 	0.0698583 	
2.16	0.069026 	-0.111563 	-1.92819 	0.309582 	0.705265 	0.0698511 	
2.165	0.0690335 	-0.111709 	-1.92805 	0.30958 	0.70527 	0.069844 	
2.17	0.069041 	-0.111853 	-1.92791 	0.309579 	0.705275 	0.0698369 	
2.175	0.0690483 	-0.111996 	-1.92777 	0.309578 	0.70528 	0.0698299 	
2.18	0.0692875 	-0.112359 	-1.9277 	0.310385 	0.706752 	0.0707593 	
2.185	0.0692946 	-0.112498 	-1.92756 	0.310384 	0.706757 	0.0707525 	
2.19	0.0693017 	-0.112634 	-1.92743 	0.310383 	0.706762 	0.0707457 	
2.195	0.0693087 	-0.112769 	-1.9273 	0.310382 	0.706766 	0.070739 	
2.2	0.0693155 	-0.112901 	-1.92717 	0.31038 	0.70677 	0.0707324 	
2.205	0.0693223 	-0.113031 	-1.92704 	0.310379 	0.706775 	0.0707259 	
2.21	0.069329 	-0.113159 	-1.92692 	0.310378 	0.706779 	0.0707195 	
2.215	0.06955 	-0.113491 	-1.92685 	0.311127 	0.70813 	0.0715773 	
2.22	0.0695564 	-0.113615 	-1.92673 	0.311126 	0.708134 	0.071571 	
2.225	0.0695628 	-0.113737 	-1.92661 	0.311125 	0.708138 	0.0715648 	
2.23	0.0695691 	-0.113857 	-1.9265 	0.311124 	0.708141 	0.0715587 	
2.235	0.0695752 	-0.113975 	-1.92638 	0.311122 	0.708145 	0.0715527 	
2.24	0.0695813 	-0.114091 	-1.92627 	0.311121 	0.708149 	0.0715468 	
2.245	0.0695873 	-0.114205 	-1.92615 	0.31112 	0.708152 	0.0715409 	
2.25	0.0695931 	-0.114317 	-1.92604 	0.311119 	0.708156 	0.0715352 	
2.255	0.0698148 	-0.114632 	-1.926 	0.311875 	0.709506 	0.0723979 	
2.26	0.0698204 	-0.114739 	-1.92589 	0.311874 	0.709509 	0.0723924 	
2.265	0.069826 	-0.114845 	-1.92579 	0.311873 	0.709512 	0.0723869 	
2.27	0.0698314 	-0.114949 	-1.92569 	0.311872 	0.709515 	0.0723815 	
2.275	0.0698367 	-0.11505 	-1.92559 	0.311871 	0.709518 	0.0723762 	
2.28	0.069842 	-0.11515 	-1.92549 	0.31187 	0.709521 	0.0723711 	
2.285	0.0698471 	-0.115247 	-1.92539 	0.311869 	0.709524 	0.072366 	
2.29	0.0698521 	-0.115342 	-1.9253 	0.311868 	0.709527 	0.072361 	
2.295	0.069857 	-0.115436 	-1.92521 	0.311867 	0.70953 	0.0723561 	
2.3	0.0698619 	-0.115527 	-1.92512 	0.311866 	0.709533 	0.0723513 	
2.305	0.0700937 	-0.11583 	-1.92509 	0.312665 	0.710941 	0.0732587 	
2.31	0.0700983 	-0.115916 	-1.92501 	0.312664 	0.710944 	0.0732541 	
2.315	0.0701028 	-0.116001 	-1.92492 	0.312663 	0.710946 	0.0732497 	
2.32	0.0701071 	-0.116084 	-1.92484 	0.312662 	0.710949 	0.0732453 	
2.325	0.0701114 	-0.116164 	-1.92476 	0.312661 	0.710951 	0.073241 	
2.33	0.0701155 	-0.116243 	-1.92469 	0.31266 	0.710953 	0.0732368 	
2.335	0.0701196 	-0.116319 	-1.92461 	0.312659 	0.710956 	0.0732328 	
2.34	0.0701235 	-0.116393 	-1.92454 	0.312659 	0.710958 	0.0732288 	
2.345	0.0701273 	-0.116466 	-1.92447 	0.312658 	0.71096 	0.0732249 	
2.35	0.0701311 	-0.116536 	-1.9244 	0.312657 	0.710962 	0.0732212 	
2.355	0.0701347 	-0.116603 	-1.92433 	0.312656 	0.710964 	0.0732176 	
2.36	0.0701382 	-0.116669 	-1.92427 	0.312656 	0.710965 	0.073214 	
2.365	0.0701415 	-0.116733 	-1.9242 	0.312655 	0.710967 	0.0732106 	
2.37	0.0703703 	-0.117005 	-1.9242 	0.31345 	0.712354 	0.0741111 	
2.375	0.0703734 	-0.117064 	-1.92415 	0.313449 	0.712356 	0.0741079 	
2.38	0.0703765 	-0.117121 	-1.92409 	0.313449 	0.712358 	0.0741048 	
2.385	0.0703794 	-0.117176 	-1.92403 	0.313448 	0.712359 	0.0741018 	
2.39	0.0703822 	-0.117229 	-1.92398 	0.313447 	0.71236 	0.074099 	
2.395	0.0703849 	-0.11728 	-1.92393 	0.313447 	0.712362 	0.0740962 	
2.4	0.0703875 	-0.117329 	-1.92388 	0.313446 	0.712363 	0.0740936 	
2.405	0.07039 	-0.117375 	-1.92384 	0.313446 	0.712364 	0.0740911 	
2.41	0.0703923 	-0.117419 	-1.92379 	0.313445 	0.712366 	0.0740886 	
2.415	0.0703946 	-0.117461 	-1.92375 	0.313445 	0.712367 	0.0740863 	
2.42	0.0703967 	-0.117501 	-1.92371 	0.313444 	0.712368 	0.0740842 	
2.425	0.0703985 	-0.117536 	-1.92368 	0.313444 	0.712369 	0.0740823 	
2.43	0.0704006 	-0.117575 	-1.92364 	0.313443 	0.71237 	0.0740802 	
2.435	0.0704023 	-0.117605 	-1.92361 	0.313443 	0.712371 	0.0740785 	
2.44	0.0704039 	-0.117637 	-1.92358 	0.313443 	0.712371 	0.0740768 	
2.445	0.0704055 	-0.117666 	-1.92355 	0.313442 	0.712372 	0.0740752 	
2.45	0.070407 	-0.117693 	-1.92352 	0.313442 	0.712373 	0.0740737 	
2.455	0.0704083 	-0.117718 	-1.9235 	0.313442 	0.712374 	0.0740723 	
2.46	0.0704095 	-0.117741 	-1.92348 	0.313442 	0.712374 	0.074071 	
2.465	0.0704106 	-0.117762 	-1.92346 	0.313441 	0.712375 	0.0740699 	
2.47	0.0704116 	-0.117781 	-1.92344 	0.313441 	0.712375 	0.0740689 	
2.475	0.0704125 	-0.117797 	-1.92342 	0.313441 	0.712376 	0.074068 	
2.48	0.0704133 	-0.117812 	-1.92341 	0.313441 	0.712376 	0.0740672 	
2.485	0.0704139 	-0.117824 	-1.9234 	0.313441 	0.712376 	0.0740665 	
2.49	0.0704145 	-0.117834 	-1.92339 	0.31344 	0.712377 	0.074066 	
2.495	0.0704149 	-0.117842 	-1.92338 	0.31344 	0.712377 	0.0740655 	
2.5	0.0704152 	-0.117847 	-1.92337 	0.31344 	0.712377 	0.0740652 	
2.505	0.0704152 	-0.117847 	-1.92337 	0.31344 	0.712377 	0.0740652 	
2.51	0.0704154 	-0.117852 	-1.92337 	0.31344 	0.712377 	0.074065 	
2.515	0.0704154 	-0.117852 	-1.92337 	0.31344 	0.712377 	0.074065 	
2.52	0.0704158 	-0.117853 	-1.92336 	0.313439 	0.712373 	0.0740629 	
2.525	0.0704162 	-0.117854 	-1.92336 	0.313437 	0.712368 	0.0740601 	
2.53	0.0704168 	-0.117856 	-1.92335 	0.313435 	0.712361 	0.0740562 	
2.535	0.0704175 	-0.117859 	-1.92333 	0.313432 	0.712351 	0.0740512 	
2.54	0.0704185 	-0.117862 	-1.92332 	0.313429 	0.712339 	0.0740451 	
2.545	0.0704196 	-0.117865 	-1.9233 	0.313424 	0.712326 	0.0740378 	
2.55	0.0704208 	-0.117869 	-1.92328 	0.313419 	0.71231 	0.0740293 	
2.555	0.0704223 	-0.117873 	-1.92325 	0.313414 	0.712291 	0.0740198 	
2.56	0.0704239 	-0.117878 	-1.92323 	0.313408 	0.712271 	0.074009 	
2.565	0.0704257 	-0.117884 	-1.9232 	0.313401 	0.712249 	0.0739972 	
2.57	0.0704277 	-0.11789 	-1.92316 	0.313393 	0.712224 	0.0739842 	
2.575	0.0704298 	-0.117897 	-1.92313 	0.313385 	0.712197 	0.0739701 	
2.58	0.0704321 	-0.117904 	-1.92309 	0.313376 	0.712168 	0.0739548 	
2.585	0.0704348 	-0.117912 	-1.92305 	0.313365 	0.712134 	0.0739367 	
2.59	0.0704373 	-0.11792 	-1.92301 	0.313356 	0.712103 	0.0739207 	
2.595	0.0704403 	-0.117929 	-1.92295 	0.313344 	0.712065 	0.0739003 	
2.6	0.0704434 	-0.117939 	-1.9229 	0.313332 	0.712027 	0.0738804 	
2.605	0.0704465 	-0.117948 	-1.92285 	0.31332 	0.711987 	0.0738593 	
2.61	0.0704499 	-0.117959 	-1.9228 	0.313307 	0.711945 	0.0738372 	
2.615	0.0704534 	-0.11797 	-1.92274 	0.313293 	0.7119 	0.0738138 	
2.62	0.0704571 	-0.117981 	-1.92268 	0.313279 	0.711854 	0.0737894 	
2.625	0.070461 	-0.117993 	-1.92261 	0.313264 	0.711806 	0.0737639 	
2.63	0.070465 	-0.118006 	-1.92255 	0.313249 	0.711755 	0.0737372 	
2.635	0.0704692 	-0.118019 	-1.92248 	0.313232 	0.711702 	0.0737094 	
2.64	0.0704736 	-0.118032 	-1.9224 	0.313215 	0.711647 	0.0736805 	
2.645	0.0704782 	-0.118046 	-1.92233 	0.313198 	0.71159 	0.0736505 	
2.65	0.0704829 	-0.118061 	-1.92225 	0.31318 	0.711531 	0.0736193 	
2.655	0.0704877 	-0.118076 	-1.92217 	0.313161 	0.71147 	0.0735871 	
2.66	0.0704928 	-0.118092 	-1.92208 	0.313141 	0.711406 	0.0735537 	
2.665	0.070498 	-0.118108 	-1.922 	0.313121 	0.711341 	0.0735193 	
2.67	0.0705034 	-0.118125 	-1.92191 	0.3131 	0.711273 	0.0734837 	
2.675	0.070509 	-0.118142 	-1.92182 	0.313079 	0.711203 	0.073447 	
2.68	0.0705147 	-0.11816 	-1.92172 	0.313057 	0.711132 	0.0734093 	
2.685	0.0705206 	-0.118178 	-1.92162 	0.313034 	0.711058 	0.0733704 	
2.69	0.0705266 	-0.118197 	-1.92152 	0.313011 	0.710982 	0.0733305 	
2.695	0.0705329 	-0.118216 	-1.92142 	0.312987 	0.710904 	0.0732894 	
2.7	0.0705393 	-0.118236 	-1.92131 	0.312962 	0.710824 	0.0732473 	
2.705	0.0705458 	-0.118257 	-1.92121 	0.312937 	0.710741 	0.0732041 	
2.71	0.0705525 	-0.118277 	-1.92109 	0.312911 	0.710657 	0.0731597 	
2.715	0.0705594 	-0.118299 	-1.92098 	0.312885 	0.710571 	0.0731144 	
2.72	0.0705665 	-0.118321 	-1.92086 	0.312858 	0.710482 	0.0730679 	
2.725	0.0705737 	-0.118343 	-1.92074 	0.31283 	0.710392 	0.0730204 	
2.73	0.0705811 	-0.118366 	-1.92062 	0.312801 	0.710299 	0.0729718 	
2.735	0.0705886 	-0.11839 	-1.9205 	0.312772 	0.710205 	0.0729221 	
2.74	0.0705963 	-0.118414 	-1.92037 	0.312743 	0.710108 	0.0728714 	
2.745	0.0706042 	-0.118438 	-1.92024 	0.312713 	0.71001 	0.0728196 	
2.75	0.0706122 	-0.118463 	-1.9201 	0.312682 	0.709909 	0.0727668 	
2.755	0.0706204 	-0.118489 	-1.91997 	0.31265 	0.709806 	0.0727129 	
2.76	0.0706288 	-0.118515 	-1.91983 	0.312618 	0.709702 	0.072658 	
2.765	0.0706373 	-0.118542 	-1.91969 	0.312586 	0.709595 	0.072602 	
2.77	0.0706459 	-0.118569 	-1.91955 	0.312553 	0.709486 	0.072545 	
2.775	0.0706548 	-0.118596 	-1.9194 	0.312519 	0.709376 	0.0724869 	
2.78	0.0706638 	-0.118624 	-1.91925 	0.312484 	0.709263 	0.0724278 	
2.785	0.0706842 	-0.118359 	-1.91903 	0.312853 	0.707672 	0.0730097 	
2.79	0.0706935 	-0.118389 	-1.91888 	0.312817 	0.707556 	0.0729486 	
2.795	0.070703 	-0.118418 	-1.91872 	0.312781 	0.707437 	0.0728865 	
2.8	0.0707126 	-0.118448 	-1.91856 	0.312745 	0.707317 	0.0728234 	
2.805	0.0707224 	-0.118479 	-1.9184 	0.312707 	0.707194 	0.0727592 	
2.81	0.0707324 	-0.11851 	-1.91823 	0.312669 	0.70707 	0.072694 	
2.815	0.0707425 	-0.118542 	-1.91807 	0.312631 	0.706944 	0.0726279 	
2.82	0.0707527 	-0.118574 	-1.9179 	0.312592 	0.706815 	0.0725607 	
2.825	0.0707631 	-0.118607 	-1.91772 	0.312552 	0.706685 	0.0724926 	
2.83	0.0707737 	-0.11864 	-1.91755 	0.312512 	0.706553 	0.0724234 	
2.835	0.0707844 	-0.118674 	-1.91737 	0.312472 	0.706419 	0.0723533 	
2.84	0.0707953 	-0.118708 	-1.91719 	0.31243 	0.706284 	0.0722822 	
2.845	0.0708063 	-0.118743 	-1.91701 	0.312388 	0.706146 	0.0722102 	
2.85	0.0708175 	-0.118778 	-1.91682 	0.312346 	0.706006 	0.0721371 	
2.855	0.0707242 	-0.118517 	-1.91656 	0.312173 	0.704202 	0.0720366 	
2.86	0.0707357 	-0.118553 	-1.91637 	0.31213 	0.704058 	0.0719618 	
2.865	0.0707474 	-0.118589 	-1.91618 	0.312086 	0.703913 	0.071886 	
2.87	0.0707592 	-0.118627 	-1.91598 	0.312042 	0.703766 	0.0718092 	
2.875	0.0707712 	-0.118664 	-1.91578 	0.311997 	0.703618 	0.0717315 	
2.88	0.0707833 	-0.118703 	-1.91558 	0.311951 	0.703467 	0.0716529 	
2.885	0.0707955 	-0.118741 	-1.91538 	0.311905 	0.703315 	0.0715733 	
2.89	0.0708079 	-0.11878 	-1.91518 	0.311859 	0.70316 	0.0714929 	
2.895	0.0708205 	-0.11882 	-1.91497 	0.311812 	0.703004 	0.0714115 	
2.9	0.0708332 	-0.11886 	-1.91476 	0.311764 	0.702847 	0.0713292 	
2.905	0.070846 	-0.118901 	-1.91455 	0.311716 	0.702687 	0.071246 	
2.91	0.070859 	-0.118942 	-1.91433 	0.311668 	0.702526 	0.0711619 	
2.915	0.0707548 	-0.118682 	-1.91404 	0.311435 	0.700654 	0.0709843 	
2.92	0.0707681 	-0.118724 	-1.91382 	0.311386 	0.700489 	0.0708985 	
2.925	0.0707815 	-0.118767 	-1.9136 	0.311336 	0.700322 	0.0708119 	
2.93	0.0707951 	-0.11881 	-1.91337 	0.311286 	0.700154 	0.0707243 	
2.935	0.0708089 	-0.118853 	-1.91315 	0.311235 	0.699984 	0.0706359 	
2.94	0.0708227 	-0.118897 	-1.91292 	0.311184 	0.699812 	0.0705467 	
2.945	0.0708367 	-0.118941 	-1.91269 	0.311132 	0.699639 	0.0704565 	
2.95	0.0708509 	-0.118986 	-1.91245 	0.31108 	0.699464 	0.0703656 	
2.955	0.0708652 	-0.119032 	-1.91222 	0.311027 	0.699287 	0.0702737 	
2.96	0.0708796 	-0.119077 	-1.91198 	0.310974 	0.699109 	0.0701811 	
2.965	0.0708942 	-0.119124 	-1.91174 	0.31092 	0.698929 	0.0700876 	
2.97	0.0707869 	-0.11886 	-1.91142 	0.310674 	0.696977 	0.0698925 	
2.975	0.0708017 	-0.118907 	-1.91117 	0.31062 	0.696794 	0.0697975 	
2.98	0.0708168 	-0.118955 	-1.91093 	0.310565 	0.696609 	0.0697017 	
2.985	0.0708319 	-0.119003 	-1.91068 	0.310509 	0.696423 	0.0696051 	
2.99	0.0708472 	-0.119052 	-1.91043 	0.310454 	0.696235 	0.0695077 	
2.995	0.0708626 	-0.119101 	-1.91018 	0.310398 	0.696045 	0.0694095 	
3	0.0708781 	-0.11915 	-1.90992 	0.310341 	0.695854 	0.0693105 	
3.005	0.0708938 	-0.1192 	-1.90966 	0.310284 	0.695661 	0.0692107 	
3.01	0.0709096 	-0.11925 	-1.9094 	0.310226 	0.695467 	0.0691102 	
3.015	0.0709255 	-0.119301 	-1.90914 	0.310169 	0.695271 	0.0690089 	
3.02	0.0708198 	-0.119043 	-1.90879 	0.30992 	0.6933 	0.068807 	
3.025	0.070836 	-0.119094 	-1.90853 	0.309862 	0.693101 	0.0687043 	
3.03	0.0708523 	-0.119146 	-1.90826 	0.309803 	0.6929 	0.0686009 	
3.035	0.0708688 	-0.119199 	-1.90799 	0.309744 	0.692699 	0.0684968 	
3.04	0.0708854 	-0.119252 	-1.90772 	0.309684 	0.692495 	0.0683919 	
3.045	0.0709022 	-0.119305 	-1.90745 	0.309624 	0.692291 	0.0682863 	
3.05	0.070919 	-0.119359 	-1.90717 	0.309564 	0.692084 	0.06818 	
3.055	0.070936 	-0.119414 	-1.9069 	0.309503 	0.691877 	0.068073 	
3.06	0.070953 	-0.119468 	-1.90662 	0.309442 	0.691668 	0.0679652 	
3.065	0.0708525 	-0.119224 	-1.90625 	0.309198 	0.689734 	0.0677615 	
3.07	0.0708698 	-0.119279 	-1.90597 	0.309137 	0.689522 	0.0676525 	
3.075	0.0708873 	-0.119335 	-1.90568 	0.309075 	0.689309 	0.0675429 	
3.08	0.0709049 	-0.119392 	-1.9054 	0.309012 	0.689095 	0.0674326 	
3.085	0.0709227 	-0.119449 	-1.90511 	0.308949 	0.688879 	0.0673216 	
3.09	0.0709405 	-0.119506 	-1.90482 	0.308886 	0.688662 	0.06721 	
3.095	0.0709584 	-0.119563 	-1.90453 	0.308823 	0.688443 	0.0670978 	
3.1	0.0709765 	-0.119621 	-1.90423 	0.308759 	0.688223 	0.0669849 	
3.105	0.0709947 	-0.11968 	-1.90394 	0.308695 	0.688002 	0.0668713 	
3.11	0.0708896 	-0.119425 	-1.90355 	0.308442 	0.685967 	0.0666586 	
3.115	0.070908 	-0.119484 	-1.90325 	0.308377 	0.685743 	0.066544 	
3.12	0.0709266 	-0.119544 	-1.90295 	0.308313 	0.685518 	0.0664288 	
3.125	0.0709453 	-0.119604 	-1.90264 	0.308247 	0.685292 	0.066313 	
3.13	0.070964 	-0.119664 	-1.90234 	0.308182 	0.685065 	0.0661966 	
3.135	0.0709829 	-0.119725 	-1.90203 	0.308116 	0.684836 	0.0660796 	
3.14	0.0710018 	-0.119786 	-1.90173 	0.30805 	0.684606 	0.065962 	
3.145	0.0710209 	-0.119848 	-1.90142 	0.307984 	0.684375 	0.0658438 	
3.15	0.0709241 	-0.119615 	-1.90102 	0.307742 	0.682431 	0.0656337 	
3.155	0.0709434 	-0.119677 	-1.9007 	0.307675 	0.682198 	0.0655146 	
3.16	0.0709629 	-0.11974 	-1.90039 	0.307608 	0.681963 	0.0653949 	
3.165	0.0709824 	-0.119803 	-1.90007 	0.307541 	0.681727 	0.0652747 	
3.17	0.071002 	-0.119866 	-1.89976 	0.307473 	0.681491 	0.065154 	
3.175	0.0710217 	-0.11993 	-1.89944 	0.307405 	0.681253 	0.0650328 	
3.18	0.0710415 	-0.119994 	-1.89912 	0.307337 	0.681014 	0.064911 	
3.185	0.0710614 	-0.120059 	-1.89879 	0.307269 	0.680774 	0.0647888 	
3.19	0.0709624 	-0.119821 	-1.89838 	0.307022 	0.678769 	0.0645734 	
3.195	0.0709826 	-0.119886 	-1.89806 	0.306954 	0.678527 	0.0644503 	
3.2	0.0710028 	-0.119952 	-1.89773 	0.306885 	0.678284 	0.0643268 	
3.205	0.0710231 	-0.120018 	-1.8974 	0.306816 	0.67804 	0.0642027 	
3.21	0.0710436 	-0.120084 	-1.89707 	0.306747 	0.677795 	0.0640782 	
3.215	0.071064 	-0.120151 	-1.89674 	0.306677 	0.677549 	0.0639533 	
3.22	0.0710846 	-0.120218 	-1.89641 	0.306608 	0.677301 	0.0638279 	
3.225	0.0711053 	-0.120285 	-1.89608 	0.306538 	0.677053 	0.0637021 	
3.23	0.0710035 	-0.12004 	-1.89564 	0.306286 	0.67498 	0.0634817 	
3.235	0.0710244 	-0.120109 	-1.89531 	0.306216 	0.67473 	0.0633552 	
3.24	0.0710453 	-0.120177 	-1.89497 	0.306146 	0.674479 	0.0632282 	
3.245	0.0710664 	-0.120246 	-1.89463 	0.306075 	0.674227 	0.0631009 	
3.25	0.0710875 	-0.120315 	-1.89429 	0.306005 	0.673975 	0.0629732 	
3.255	0.0711087 	-0.120384 	-1.89395 	0.305934 	0.673722 	0.0628451 	
3.26	0.07113 	-0.120453 	-1.89361 	0.305863 	0.673467 	0.0627166 	
3.265	0.0710399 	-0.120239 	-1.89318 	0.305629 	0.671547 	0.0625033 	
3.27	0.0710614 	-0.12031 	-1.89283 	0.305558 	0.671291 	0.0623742 	
3.275	0.071083 	-0.12038 	-1.89249 	0.305486 	0.671035 	0.0622448 	
3.28	0.0711046 	-0.120451 	-1.89214 	0.305415 	0.670777 	0.062115 	
3.285	0.0711263 	-0.120522 	-1.89179 	0.305343 	0.670519 	0.0619849 	
3.29	0.071148 	-0.120594 	-1.89144 	0.305272 	0.67026 	0.0618544 	
3.295	0.0711698 	-0.120665 	-1.89109 	0.3052 	0.670001 	0.0617237 	
3.3	0.0710796 	-0.120452 	-1.89065 	0.304965 	0.668057 	0.0615087 	
3.305	0.0711016 	-0.120524 	-1.8903 	0.304893 	0.667796 	0.0613775 	
3.31	0.0711237 	-0.120596 	-1.88995 	0.304821 	0.667535 	0.061246 	
3.315	0.0711458 	-0.120669 	-1.88959 	0.304749 	0.667272 	0.0611142 	
3.32	0.071168 	-0.120742 	-1.88924 	0.304677 	0.66701 	0.0609821 	
3.325	0.0711902 	-0.120816 	-1.88888 	0.304604 	0.666746 	0.0608497 	
3.33	0.0712125 	-0.120889 	-1.88852 	0.304532 	0.666482 	0.0607171 	
3.335	0.0711212 	-0.120673 	-1.88807 	0.304297 	0.664504 	0.0605003 	
3.34	0.0711437 	-0.120748 	-1.88771 	0.304224 	0.664238 	0.0603674 	
3.345	0.0711662 	-0.120822 	-1.88735 	0.304152 	0.663972 	0.0602342 	
3.35	0.0711888 	-0.120896 	-1.88699 	0.304079 	0.663706 	0.0601008 	
3.355	0.0712114 	-0.120971 	-1.88663 	0.304006 	0.663439 	0.0599672 	
3.36	0.0712341 	-0.121046 	-1.88627 	0.303933 	0.663171 	0.0598333 	
3.365	0.0712568 	-0.121122 	-1.88591 	0.30386 	0.662903 	0.0596993 	
3.37	0.0711646 	-0.120904 	-1.88545 	0.303625 	0.660895 	0.0594813 	
3.375	0.0711875 	-0.12098 	-1.88508 	0.303552 	0.660626 	0.059347 	
3.38	0.0712104 	-0.121056 	-1.88472 	0.303479 	0.660356 	0.0592126 	
3.385	0.0712333 	-0.121132 	-1.88435 	0.303406 	0.660087 	0.059078 	
3.39	0.0712563 	-0.121209 	-1.88399 	0.303333 	0.659816 	0.0589433 	
3.395	0.0712793 	-0.121285 	-1.88362 	0.30326 	0.659546 	0.0588084 	
3.4	0.0713023 	-0.121362 	-1.88325 	0.303187 	0.659275 	0.0586733 	
3.405	0.0712096 	-0.121144 	-1.88279 	0.302952 	0.657242 	0.0584549 	
3.41	0.0712327 	-0.121221 	-1.88242 	0.302879 	0.65697 	0.0583197 	
3.415	0.071256 	-0.121298 	-1.88205 	0.302806 	0.656698 	0.0581845 	
3.42	0.0712792 	-0.121376 	-1.88168 	0.302733 	0.656425 	0.0580491 	
3.425	0.0713025 	-0.121453 	-1.88131 	0.30266 	0.656153 	0.0579137 	
3.43	0.0713258 	-0.121531 	-1.88094 	0.302587 	0.65588 	0.0577781 	
3.435	0.0713491 	-0.121609 	-1.88057 	0.302514 	0.655606 	0.0576425 	
3.44	0.071256 	-0.121391 	-1.88009 	0.30228 	0.653555 	0.0574243 	
3.445	0.0712795 	-0.121469 	-1.87972 	0.302208 	0.653281 	0.0572887 	
3.45	0.0713029 	-0.121548 	-1.87935 	0.302135 	0.653007 	0.057153 	
3.455	0.0713264 	-0.121627 	-1.87898 	0.302062 	0.652733 	0.0570173 	
3.46	0.0713499 	-0.121705 	-1.8786 	0.30199 	0.652459 	0.0568816 	
3.465	0.0713734 	-0.121784 	-1.87823 	0.301917 	0.652185 	0.0567458 	
3.47	0.071397 	-0.121864 	-1.87786 	0.301844 	0.65191 	0.05661 	
3.475	0.0713038 	-0.121645 	-1.87738 	0.301612 	0.649846 	0.0563927 	
3.48	0.0713274 	-0.121725 	-1.87701 	0.30154 	0.649571 	0.0562571 	
3.485	0.0713511 	-0.121804 	-1.87663 	0.301468 	0.649296 	0.0561214 	
3.49	0.0713747 	-0.121884 	-1.87626 	0.301396 	0.649022 	0.0559858 	
3.495	0.0713984 	-0.121964 	-1.87588 	0.301323 	0.648747 	0.0558502 	
3.5	0.0714221 	-0.122044 	-1.87551 	0.301251 	0.648471 	0.0557146 	
3.505	0.0714457 	-0.122124 	-1.87513 	0.301179 	0.648196 	0.0555791 	
3.51	0.0713528 	-0.121907 	-1.87465 	0.30095 	0.646127 	0.0553633 	
3.515	0.0713766 	-0.121987 	-1.87428 	0.300878 	0.645852 	0.055228 	
3.52	0.0714003 	-0.122067 	-1.8739 	0.300807 	0.645577 	0.0550928 	
3.525	0.071424 	-0.122148 	-1.87353 	0.300735 	0.645302 	0.0549577 	
3.53	0.0714478 	-0.122228 	-1.87315 	0.300664 	0.645027 	0.0548226 	
3.535	0.0714715 	-0.122308 	-1.87278 	0.300592 	0.644752 	0.0546876 	
3.54	0.0714952 	-0.122389 	-1.8724 	0.300521 	0.644477 	0.0545527 	
3.545	0.0714029 	-0.122174 	-1.87192 	0.300295 	0.642408 	0.0543392 	
3.55	0.0714266 	-0.122255 	-1.87155 	0.300224 	0.642133 	0.0542047 	
3.555	0.0714504 	-0.122335 	-1.87117 	0.300153 	0.641859 	0.0540703 	
3.56	0.0714742 	-0.122416 	-1.8708 	0.300083 	0.641585 	0.053936 	
3.565	0.0714979 	-0.122497 	-1.87042 	0.300012 	0.641311 	0.0538019 	
3.57	0.0715216 	-0.122578 	-1.87005 	0.299942 	0.641037 	0.0536679 	
3.575	0.0715453 	-0.122659 	-1.86968 	0.299871 	0.640763 	0.0535341 	
3.58	0.0714538 	-0.122446 	-1.86919 	0.299649 	0.638701 	0.0533233 	
3.585	0.0714775 	-0.122527 	-1.86882 	0.299579 	0.638428 	0.05319 	
3.59	0.0715012 	-0.122608 	-1.86845 	0.29951 	0.638155 	0.0530569 	
3.595	0.0715249 	-0.122689 	-1.86807 	0.29944 	0.637882 	0.0529239 	
3.6	0.0715486 	-0.12277 	-1.8677 	0.299371 	0.63761 	0.0527911 	
3.605	0.0715722 	-0.122851 	-1.86733 	0.299302 	0.637338 	0.0526585 	
3.61	0.0715959 	-0.122932 	-1.86696 	0.299232 	0.637067 	0.0525262 	
3.615	0.0715053 	-0.122722 	-1.86648 	0.299015 	0.635017 	0.0523188 	
3.62	0.0715289 	-0.122803 	-1.8661 	0.298946 	0.634746 	0.052187 	
3.625	0.0715525 	-0.122884 	-1.86573 	0.298878 	0.634476 	0.0520555 	
3.63	0.0715761 	-0.122965 	-1.86536 	0.29881 	0.634206 	0.0519242 	
3.635	0.0715996 	-0.123046 	-1.86499 	0.298741 	0.633936 	0.0517932 	
3.64	0.0716231 	-0.123127 	-1.86463 	0.298673 	0.633667 	0.0516624 	
3.645	0.0716466 	-0.123207 	-1.86426 	0.298606 	0.633398 	0.0515319 	
3.65	0.0715573 	-0.123002 	-1.86378 	0.298393 	0.631368 	0.0513284 	
3.655	0.0715808 	-0.123082 	-1.86341 	0.298326 	0.6311 	0.0511986 	
3.66	0.0716042 	-0.123163 	-1.86304 	0.298259 	0.630833 	0.0510691 	
3.665	0.0716275 	-0.123244 	-1.86268 	0.298192 	0.630566 	0.0509398 	
3.67	0.0716508 	-0.123324 	-1.86231 	0.298126 	0.6303 	0.0508109 	
3.675	0.0716741 	-0.123404 	-1.86195 	0.298059 	0.630034 	0.0506823 	
3.68	0.0716973 	-0.123485 	-1.86158 	0.297993 	0.629769 	0.050554 	
3.685	0.0716096 	-0.123283 	-1.86111 	0.297786 	0.627764 	0.0503551 	
3.69	0.0716328 	-0.123363 	-1.86075 	0.297721 	0.6275 	0.0502276 	
3.695	0.0716559 	-0.123443 	-1.86039 	0.297655 	0.627237 	0.0501004 	
3.7	0.0716789 	-0.123523 	-1.86002 	0.29759 	0.626974 	0.0499736 	
3.705	0.071702 	-0.123603 	-1.85966 	0.297525 	0.626712 	0.0498472 	
3.71	0.0717249 	-0.123683 	-1.8593 	0.29746 	0.626451 	0.0497211 	
3.715	0.0717478 	-0.123762 	-1.85895 	0.297396 	0.62619 	0.0495954 	
3.72	0.0716619 	-0.123566 	-1.85848 	0.297195 	0.624217 	0.0494014 	
3.725	0.0716847 	-0.123645 	-1.85812 	0.297131 	0.623958 	0.0492766 	
3.73	0.0717075 	-0.123724 	-1.85777 	0.297068 	0.623699 	0.0491522 	
3.735	0.0717302 	-0.123803 	-1.85741 	0.297005 	0.623441 	0.0490282 	
3.74	0.0717528 	-0.123882 	-1.85706 	0.296941 	0.623184 	0.0489046 	
3.745	0.0717754 	-0.123961 	-1.8567 	0.296879 	0.622928 	0.0487814 	
3.75	0.0717979 	-0.124039 	-1.85635 	0.296816 	0.622673 	0.0486586 	
3.755	0.071714 	-0.123848 	-1.85589 	0.296622 	0.620737 	0.0484702 	
3.76	0.0717364 	-0.123926 	-1.85554 	0.29656 	0.620484 	0.0483484 	
3.765	0.0717588 	-0.124004 	-1.85519 	0.296498 	0.620231 	0.0482271 	
3.77	0.071781 	-0.124082 	-1.85485 	0.296437 	0.619979 	0.0481062 	
3.775	0.0718032 	-0.12416 	-1.8545 	0.296376 	0.619727 	0.0479858 	
3.78	0.0718253 	-0.124237 	-1.85415 	0.296315 	0.619477 	0.0478658 	
3.785	0.0718473 	-0.124314 	-1.85381 	0.296254 	0.619228 	0.0477464 	
3.79	0.0718693 	-0.124391 	-1.85347 	0.296194 	0.618979 	0.0476274 	
3.795	0.0717745 	-0.124173 	-1.853 	0.295991 	0.616881 	0.0474374 	
3.8	0.0717964 	-0.124249 	-1.85266 	0.295932 	0.616634 	0.0473195 	
3.805	0.0718181 	-0.124326 	-1.85232 	0.295872 	0.616389 	0.0472021 	
3.81	0.0718398 	-0.124402 	-1.85199 	0.295813 	0.616144 	0.0470853 	
3.815	0.0718614 	-0.124478 	-1.85165 	0.295755 	0.6159 	0.0469689 	
3.82	0.0718829 	-0.124553 	-1.85132 	0.295696 	0.615658 	0.0468531 	
3.825	0.0719043 	-0.124629 	-1.85098 	0.295638 	0.615416 	0.0467377 	
3.83	0.0719256 	-0.124704 	-1.85065 	0.29558 	0.615176 	0.046623 	
3.835	0.0718328 	-0.12449 	-1.8502 	0.295385 	0.61312 	0.04644 	
3.84	0.071854 	-0.124565 	-1.84987 	0.295328 	0.612881 	0.0463264 	
3.845	0.071875 	-0.124639 	-1.84954 	0.295271 	0.612644 	0.0462134 	
3.85	0.071896 	-0.124713 	-1.84921 	0.295215 	0.612408 	0.046101 	
3.855	0.0719169 	-0.124787 	-1.84889 	0.295159 	0.612173 	0.0459891 	
3.86	0.0719377 	-0.124861 	-1.84856 	0.295103 	0.611939 	0.0458778 	
3.865	0.0719584 	-0.124934 	-1.84824 	0.295048 	0.611706 	0.045767 	
3.87	0.0719789 	-0.125007 	-1.84792 	0.294992 	0.611474 	0.0456569 	
3.875	0.0718897 	-0.124802 	-1.84748 	0.294807 	0.609489 	0.0454822 	
3.88	0.0719101 	-0.124874 	-1.84716 	0.294753 	0.609259 	0.0453733 	
3.885	0.0719304 	-0.124946 	-1.84685 	0.294699 	0.609031 	0.0452651 	
3.89	0.0719506 	-0.125018 	-1.84653 	0.294645 	0.608805 	0.0451575 	
3.895	0.0719713 	-0.124914 	-1.84655 	0.294638 	0.608597 	0.0451569 	
3.9	0.0719886 	-0.12481 	-1.84655 	0.294632 	0.608388 	0.0451565 	
3.905	0.0720017 	-0.124704 	-1.84655 	0.294625 	0.60818 	0.0451562 	
3.91	0.072013 	-0.124601 	-1.84654 	0.294618 	0.607971 	0.045156 	
3.915	0.0720251 	-0.1245 	-1.84653 	0.294612 	0.607763 	0.0451557 	
3.92	0.0720481 	-0.124413 	-1.84653 	0.294605 	0.607555 	0.0451555 	
3.925	0.0720679 	-0.124323 	-1.84654 	0.294599 	0.607346 	0.0451553 	
3.93	0.0720926 	-0.12424 	-1.84654 	0.294592 	0.607138 	0.0451551 	
3.935	0.072119 	-0.124158 	-1.84655 	0.294586 	0.60693 	0.0451548 	
3.94	0.0721478 	-0.124081 	-1.84657 	0.294579 	0.606722 	0.0451546 	
3.945	0.0721776 	-0.124003 	-1.84658 	0.294573 	0.606513 	0.0451544 	
3.95	0.0722092 	-0.12393 	-1.8466 	0.294566 	0.606305 	0.0451541 	
3.955	0.0722411 	-0.123855 	-1.84662 	0.29456 	0.606097 	0.0451539 	
3.96	0.0722746 	-0.123783 	-1.84664 	0.294553 	0.605889 	0.0451536 	
3.965	0.072308 	-0.123711 	-1.84666 	0.294547 	0.605681 	0.0451533 	
3.97	0.0723427 	-0.12364 	-1.84668 	0.294541 	0.605473 	0.0451531 	
3.975	0.0723771 	-0.123569 	-1.84671 	0.294534 	0.605265 	0.0451528 	
3.98	0.0724126 	-0.123499 	-1.84673 	0.294528 	0.605057 	0.0451525 	
3.985	0.0724476 	-0.123428 	-1.84676 	0.294521 	0.604849 	0.0451523 	
3.99	0.0724836 	-0.123359 	-1.84678 	0.294515 	0.604641 	0.045152 	
3.995	0.0725182 	-0.123288 	-1.8468 	0.294509 	0.604433 	0.0451517 	
4	0.0725531 	-0.123217 	-1.84683 	0.294502 	0.604225 	0.0451515 	
4.005	0.0725912 	-0.123149 	-1.84686 	0.294496 	0.604017 	0.0451511 	
4.01	0.0726293 	-0.123082 	-1.84689 	0.294489 	0.603809 	0.0451508 	
4.015	0.0726702 	-0.123017 	-1.84692 	0.294483 	0.603601 	0.0451505 	
4.02	0.0727106 	-0.122952 	-1.84696 	0.294477 	0.603393 	0.0451502 	
4.025	0.0727525 	-0.122887 	-1.847 	0.294471 	0.603185 	0.0451498 	
4.03	0.0727879 	-0.122818 	-1.84702 	0.294464 	0.602977 	0.0451496 	
4.035	0.0728168 	-0.122741 	-1.84703 	0.294458 	0.602769 	0.0451493 	
4.04	0.0728402 	-0.12266 	-1.84703 	0.294451 	0.60256 	0.0451492 	
4.045	0.0728581 	-0.122572 	-1.84702 	0.294444 	0.602352 	0.0451491 	
4.05	0.0728715 	-0.122482 	-1.84701 	0.294438 	0.602143 	0.0451491 	
4.055	0.072886 	-0.122391 	-1.84699 	0.294431 	0.601935 	0.0451491 	
4.06	0.0729138 	-0.122313 	-1.847 	0.294425 	0.601726 	0.0451489 	
4.065	0.0729401 	-0.122233 	-1.84701 	0.294418 	0.601518 	0.0451487 	
4.07	0.0729758 	-0.122164 	-1.84703 	0.294412 	0.60131 	0.0451485 	
4.075	0.0730092 	-0.122091 	-1.84705 	0.294405 	0.601102 	0.0451482 	
4.08	0.0730447 	-0.122022 	-1.84707 	0.294399 	0.600894 	0.045148 	
4.085	0.0730821 	-0.121954 	-1.8471 	0.294392 	0.600686 	0.0451477 	
4.09	0.0731212 	-0.121888 	-1.84712 	0.294386 	0.600478 	0.0451474 	
4.095	0.0731616 	-0.121822 	-1.84716 	0.29438 	0.60027 	0.0451471 	
4.1	0.0732013 	-0.121757 	-1.84719 	0.294373 	0.600062 	0.0451468 	
4.105	0.0732377 	-0.121688 	-1.84721 	0.294367 	0.599854 	0.0451465 	
4.11	0.0732766 	-0.121622 	-1.84724 	0.294361 	0.599646 	0.0451462 	
4.115	0.0733125 	-0.121551 	-1.84727 	0.294354 	0.599438 	0.0451459 	
4.12	0.0733509 	-0.121484 	-1.8473 	0.294348 	0.59923 	0.0451456 	
4.125	0.0733863 	-0.121413 	-1.84732 	0.294341 	0.599022 	0.0451453 	
4.13	0.0734244 	-0.121345 	-1.84735 	0.294335 	0.598814 	0.0451451 	
4.135	0.0734594 	-0.121274 	-1.84738 	0.294329 	0.598606 	0.0451448 	
4.14	0.0734974 	-0.121206 	-1.84741 	0.294322 	0.598398 	0.0451445 	
4.145	0.073533 	-0.121135 	-1.84743 	0.294316 	0.59819 	0.0451442 	
4.15	0.0735721 	-0.121069 	-1.84746 	0.294309 	0.597982 	0.0451439 	
4.155	0.0736062 	-0.120996 	-1.84749 	0.294303 	0.597774 	0.0451436 	
4.16	0.0736419 	-0.120925 	-1.84751 	0.294297 	0.597566 	0.0451433 	
4.165	0.0736764 	-0.120852 	-1.84754 	0.29429 	0.597358 	0.045143 	
4.17	0.073712 	-0.120781 	-1.84756 	0.294284 	0.59715 	0.0451427 	
4.175	0.0737464 	-0.120709 	-1.84758 	0.294277 	0.596942 	0.0451425 	
4.18	0.0737821 	-0.120638 	-1.84761 	0.294271 	0.596734 	0.0451422 	
4.185	0.0738162 	-0.120567 	-1.84764 	0.294264 	0.596526 	0.0451419 	
4.19	0.0738519 	-0.1205 	-1.84767 	0.294258 	0.596318 	0.0451417 	
4.195	0.0738878 	-0.120423 	-1.84769 	0.294252 	0.59611 	0.0451413 	
4.2	0.073918 	-0.120337 	-1.84769 	0.294245 	0.595902 	0.0451409 	
4.205	0.0739454 	-0.120245 	-1.84769 	0.294238 	0.595694 	0.0451406 	
4.21	0.0739705 	-0.120151 	-1.84769 	0.294232 	0.595485 	0.0451402 	
4.215	0.0740027 	-0.120065 	-1.84769 	0.294225 	0.595277 	0.0451398 	
4.22	0.0740362 	-0.119976 	-1.84769 	0.294218 	0.595069 	0.0451394 	
4.225	0.074075 	-0.119896 	-1.84771 	0.294212 	0.594861 	0.045139 	
4.23	0.0741101 	-0.119812 	-1.84771 	0.294205 	0.594652 	0.0451386 	
4.235	0.0741491 	-0.119735 	-1.84773 	0.294199 	0.594444 	0.0451381 	
4.24	0.0741859 	-0.119655 	-1.84774 	0.294192 	0.594236 	0.0451378 	
4.245	0.0742213 	-0.119576 	-1.84775 	0.294186 	0.594028 	0.0451374 	
4.25	0.0742567 	-0.119497 	-1.84776 	0.294179 	0.59382 	0.045137 	
4.255	0.0742908 	-0.119418 	-1.84777 	0.294173 	0.593612 	0.0451367 	
4.26	0.0743242 	-0.119338 	-1.84778 	0.294166 	0.593403 	0.0451364 	
4.265	0.0743572 	-0.119259 	-1.84779 	0.29416 	0.593195 	0.0451361 	
4.27	0.0743947 	-0.119186 	-1.84781 	0.294153 	0.592987 	0.0451358 	
4.275	0.0744288 	-0.119109 	-1.84782 	0.294147 	0.592779 	0.0451355 	
4.28	0.0744672 	-0.119039 	-1.84784 	0.29414 	0.592571 	0.0451352 	
4.285	0.074502 	-0.118963 	-1.84786 	0.294134 	0.592363 	0.0451349 	
4.29	0.074541 	-0.118894 	-1.84788 	0.294127 	0.592155 	0.0451346 	
4.295	0.0745765 	-0.11882 	-1.8479 	0.294121 	0.591947 	0.0451343 	
4.3	0.0746153 	-0.118751 	-1.84793 	0.294114 	0.591739 	0.045134 	
4.305	0.0746514 	-0.118678 	-1.84795 	0.294108 	0.591531 	0.0451337 	
4.31	0.0746896 	-0.11861 	-1.84797 	0.294101 	0.591323 	0.0451334 	
4.315	0.0747255 	-0.118537 	-1.84799 	0.294095 	0.591115 	0.0451331 	
4.32	0.0747638 	-0.118469 	-1.84802 	0.294088 	0.590907 	0.0451328 	
4.325	0.0748003 	-0.118398 	-1.84804 	0.294082 	0.590699 	0.0451325 	
4.33	0.074839 	-0.118329 	-1.84807 	0.294075 	0.590491 	0.0451322 	
4.335	0.0748756 	-0.118256 	-1.84809 	0.294069 	0.590283 	0.0451319 	
4.34	0.0749117 	-0.11819 	-1.84812 	0.294063 	0.590075 	0.0451316 	
4.345	0.0749417 	-0.118114 	-1.84814 	0.294056 	0.589867 	0.0451314 	
4.35	0.0749711 	-0.118035 	-1.84815 	0.294049 	0.589658 	0.0451311 	
4.355	0.0750036 	-0.117961 	-1.84817 	0.294043 	0.58945 	0.0451309 	
4.36	0.0750311 	-0.117878 	-1.84818 	0.294036 	0.589242 	0.0451306 	
4.365	0.0750549 	-0.117788 	-1.84818 	0.29403 	0.589034 	0.0451303 	
4.37	0.0750753 	-0.117691 	-1.84817 	0.294023 	0.588825 	0.0451301 	
4.375	0.0750941 	-0.117594 	-1.84816 	0.294016 	0.588617 	0.0451298 	
4.38	0.0751182 	-0.117508 	-1.84817 	0.29401 	0.588409 	0.0451296 	
4.385	0.0751402 	-0.117419 	-1.84817 	0.294003 	0.5882 	0.0451294 	
4.39	0.0751683 	-0.11734 	-1.84818 	0.293996 	0.587992 	0.0451292 	
4.395	0.0751939 	-0.117258 	-1.84819 	0.29399 	0.587784 	0.045129 	
4.4	0.0752252 	-0.117183 	-1.8482 	0.293983 	0.587576 	0.0451288 	
4.405	0.0752538 	-0.117104 	-1.84822 	0.293977 	0.587368 	0.0451285 	
4.41	0.0752874 	-0.117032 	-1.84824 	0.29397 	0.58716 	0.0451283 	
4.415	0.075318 	-0.116956 	-1.84825 	0.293963 	0.586951 	0.0451281 	
4.42	0.0753532 	-0.116886 	-1.84827 	0.293957 	0.586743 	0.0451279 	
4.425	0.0753852 	-0.116811 	-1.84829 	0.29395 	0.586535 	0.0451276 	
4.43	0.0754214 	-0.116742 	-1.84831 	0.293944 	0.586327 	0.0451274 	
4.435	0.0754542 	-0.116668 	-1.84833 	0.293937 	0.586119 	0.0451271 	
4.44	0.075491 	-0.116599 	-1.84836 	0.293931 	0.585911 	0.0451269 	
4.445	0.0755244 	-0.116526 	-1.84838 	0.293924 	0.585703 	0.0451266 	
4.45	0.0755617 	-0.116458 	-1.8484 	0.293918 	0.585495 	0.0451264 	
4.455	0.0755953 	-0.116385 	-1.84842 	0.293912 	0.585287 	0.0451261 	
4.46	0.0756327 	-0.116316 	-1.84845 	0.293905 	0.585079 	0.0451259 	
4.465	0.0756674 	-0.116242 	-1.84847 	0.293899 	0.584871 	0.0451256 	
4.47	0.0757024 	-0.116175 	-1.8485 	0.293892 	0.584663 	0.0451254 	
4.475	0.0757308 	-0.116098 	-1.84851 	0.293886 	0.584455 	0.0451252 	
4.48	0.0757542 	-0.116012 	-1.84852 	0.293879 	0.584247 	0.045125 	
4.485	0.0757726 	-0.115918 	-1.84851 	0.293872 	0.584038 	0.0451248 	
4.49	0.0757897 	-0.115823 	-1.8485 	0.293865 	0.58383 	0.0451246 	
4.495	0.0758132 	-0.115737 	-1.84851 	0.293859 	0.583622 	0.0451245 	
4.5	0.0758348 	-0.115649 	-1.84851 	0.293852 	0.583414 	0.0451243 	
4.505	0.0758631 	-0.11557 	-1.84852 	0.293846 	0.583205 	0.0451241 	
4.51	0.0758854 	-0.115482 	-1.84852 	0.293839 	0.582997 	0.0451239 	
4.515	0.0759029 	-0.115386 	-1.84851 	0.293832 	0.582789 	0.0451237 	
4.52	0.0759152 	-0.115282 	-1.84849 	0.293825 	0.58258 	0.0451235 	
4.525	0.0759235 	-0.115171 	-1.84846 	0.293818 	0.582371 	0.0451233 	
4.53	0.0759268 	-0.115054 	-1.84843 	0.293811 	0.582163 	0.0451232 	
4.535	0.0759254 	-0.11493 	-1.84838 	0.293804 	0.581954 	0.045123 	
4.54	0.0759198 	-0.1148 	-1.84833 	0.293797 	0.581745 	0.0451229 	
4.545	0.0759101 	-0.114664 	-1.84827 	0.29379 	0.581536 	0.0451227 	
4.55	0.0758968 	-0.114524 	-1.8482 	0.293783 	0.581326 	0.0451226 	
4.555	0.0758801 	-0.114378 	-1.84813 	0.293775 	0.581117 	0.0451225 	
4.56	0.0758602 	-0.114228 	-1.84806 	0.293768 	0.580908 	0.0451224 	
4.565	0.0758431 	-0.114083 	-1.84798 	0.293761 	0.580699 	0.0451223 	
4.57	0.0758402 	-0.113957 	-1.84793 	0.293754 	0.58049 	0.0451222 	
4.575	0.0758404 	-0.113835 	-1.84788 	0.293747 	0.580281 	0.0451221 	
4.58	0.0758583 	-0.113735 	-1.84786 	0.29374 	0.580072 	0.0451219 	
4.585	0.0758708 	-0.113626 	-1.84783 	0.293733 	0.579863 	0.0451218 	
4.59	0.075879 	-0.113512 	-1.84779 	0.293726 	0.579655 	0.0451216 	
4.595	0.0758826 	-0.11339 	-1.84774 	0.293719 	0.579446 	0.0451215 	
4.6	0.0758825 	-0.113263 	-1.84769 	0.293712 	0.579237 	0.0451213 	
4.605	0.0758782 	-0.11313 	-1.84763 	0.293705 	0.579028 	0.0451212 	
4.61	0.0758703 	-0.112992 	-1.84756 	0.293697 	0.578818 	0.0451211 	
4.615	0.0758585 	-0.112849 	-1.84749 	0.29369 	0.578609 	0.0451209 	
4.62	0.0758432 	-0.112702 	-1.84741 	0.293683 	0.5784 	0.0451208 	
4.625	0.0758247 	-0.11255 	-1.84733 	0.293675 	0.57819 	0.0451207 	
4.63	0.0758031 	-0.112394 	-1.84724 	0.293668 	0.577981 	0.0451206 	
4.635	0.0757787 	-0.112235 	-1.84715 	0.293661 	0.577771 	0.0451205 	
4.64	0.0757517 	-0.112072 	-1.84705 	0.293653 	0.577562 	0.0451205 	
4.645	0.0757223 	-0.111906 	-1.84695 	0.293646 	0.577352 	0.0451204 	
4.65	0.0756906 	-0.111737 	-1.84685 	0.293638 	0.577143 	0.0451203 	
4.655	0.075664 	-0.111574 	-1.84675 	0.293631 	0.576933 	0.0451203 	
4.66	0.0756562 	-0.111436 	-1.84668 	0.293623 	0.576724 	0.0451202 	
4.665	0.075651 	-0.111301 	-1.84662 	0.293616 	0.576515 	0.0451201 	
4.67	0.0756614 	-0.111186 	-1.84657 	0.293609 	0.576306 	0.04512 	
4.675	0.0756723 	-0.111071 	-1.84653 	0.293602 	0.576097 	0.0451199 	
4.68	0.075695 	-0.110971 	-1.8465 	0.293596 	0.575888 	0.0451197 	
4.685	0.0757168 	-0.11087 	-1.84647 	0.293589 	0.575679 	0.0451196 	
4.69	0.0757479 	-0.110781 	-1.84646 	0.293582 	0.575471 	0.0451195 	
4.695	0.0757771 	-0.11069 	-1.84644 	0.293576 	0.575262 	0.0451193 	
4.7	0.0758137 	-0.110608 	-1.84643 	0.293569 	0.575054 	0.0451192 	
4.705	0.0758478 	-0.110522 	-1.84643 	0.293563 	0.574846 	0.045119 	
4.71	0.0758882 	-0.110445 	-1.84643 	0.293556 	0.574637 	0.0451188 	
4.715	0.0759256 	-0.110364 	-1.84643 	0.29355 	0.574429 	0.0451187 	
4.72	0.0759686 	-0.11029 	-1.84643 	0.293543 	0.574221 	0.0451185 	
4.725	0.0760082 	-0.110211 	-1.84644 	0.293537 	0.574012 	0.0451183 	
4.73	0.0760527 	-0.110139 	-1.84645 	0.29353 	0.573804 	0.0451181 	
4.735	0.0760937 	-0.110062 	-1.84645 	0.293524 	0.573596 	0.0451179 	
4.74	0.0761392 	-0.109991 	-1.84647 	0.293518 	0.573388 	0.0451177 	
4.745	0.076181 	-0.109916 	-1.84648 	0.293511 	0.57318 	0.0451175 	
4.75	0.0762271 	-0.109845 	-1.84649 	0.293505 	0.572971 	0.0451173 	
4.755	0.0762656 	-0.109765 	-1.8465 	0.293499 	0.572763 	0.0451171 	
4.76	0.0762972 	-0.109676 	-1.84649 	0.293492 	0.572555 	0.0451169 	
4.765	0.0763234 	-0.109579 	-1.84647 	0.293485 	0.572346 	0.0451167 	
4.77	0.0763437 	-0.109474 	-1.84645 	0.293479 	0.572138 	0.0451165 	
4.775	0.0763593 	-0.109363 	-1.84641 	0.293472 	0.571929 	0.0451164 	
4.78	0.0763699 	-0.109244 	-1.84637 	0.293465 	0.57172 	0.0451162 	
4.785	0.0763767 	-0.10912 	-1.84632 	0.293458 	0.571511 	0.045116 	
4.79	0.076379 	-0.10899 	-1.84627 	0.293451 	0.571302 	0.0451158 	
4.795	0.0763781 	-0.108855 	-1.8462 	0.293444 	0.571093 	0.0451157 	
4.8	0.0763733 	-0.108715 	-1.84614 	0.293437 	0.570884 	0.0451155 	
4.805	0.0763659 	-0.108571 	-1.84606 	0.293429 	0.570675 	0.0451153 	
4.81	0.0763555 	-0.108423 	-1.84598 	0.293422 	0.570465 	0.0451152 	
4.815	0.0763439 	-0.108273 	-1.8459 	0.293415 	0.570256 	0.045115 	
4.82	0.0763296 	-0.10812 	-1.84582 	0.293408 	0.570047 	0.0451149 	
4.825	0.076313 	-0.107963 	-1.84573 	0.2934 	0.569837 	0.0451147 	
4.83	0.076294 	-0.107804 	-1.84564 	0.293393 	0.569628 	0.0451146 	
4.835	0.0762732 	-0.10764 	-1.84554 	0.293385 	0.569418 	0.0451144 	
4.84	0.0762585 	-0.107481 	-1.84544 	0.293378 	0.569209 	0.0451142 	
4.845	0.0762624 	-0.107346 	-1.84538 	0.293371 	0.568999 	0.045114 	
4.85	0.0762683 	-0.107215 	-1.84532 	0.293364 	0.56879 	0.0451138 	
4.855	0.0762897 	-0.107104 	-1.84528 	0.293357 	0.568581 	0.0451136 	
4.86	0.076311 	-0.106994 	-1.84524 	0.29335 	0.568373 	0.0451133 	
4.865	0.0763442 	-0.106899 	-1.84522 	0.293343 	0.568164 	0.0451131 	
4.87	0.0763758 	-0.106803 	-1.8452 	0.293337 	0.567955 	0.0451129 	
4.875	0.0764167 	-0.106718 	-1.84519 	0.29333 	0.567747 	0.0451127 	
4.88	0.0764543 	-0.106631 	-1.84518 	0.293324 	0.567539 	0.0451124 	
4.885	0.0764974 	-0.10655 	-1.84518 	0.293317 	0.56733 	0.0451122 	
4.89	0.0765369 	-0.106466 	-1.84517 	0.293311 	0.567122 	0.045112 	
4.895	0.076581 	-0.106388 	-1.84518 	0.293304 	0.566914 	0.0451117 	
4.9	0.0766215 	-0.106306 	-1.84517 	0.293298 	0.566705 	0.0451115 	
4.905	0.0766662 	-0.106229 	-1.84518 	0.293291 	0.566497 	0.0451113 	
4.91	0.0767072 	-0.106148 	-1.84518 	0.293285 	0.566289 	0.0451111 	
4.915	0.0767522 	-0.106073 	-1.84519 	0.293278 	0.56608 	0.0451108 	
4.92	0.0767934 	-0.105993 	-1.84519 	0.293272 	0.565872 	0.0451106 	
4.925	0.0768384 	-0.105917 	-1.8452 	0.293266 	0.565664 	0.0451104 	
4.93	0.0768796 	-0.105838 	-1.8452 	0.293259 	0.565456 	0.0451102 	
4.935	0.0769246 	-0.105763 	-1.84522 	0.293253 	0.565248 	0.0451099 	
4.94	0.0769625 	-0.105679 	-1.84521 	0.293246 	0.565039 	0.0451097 	
4.945	0.0769949 	-0.105587 	-1.8452 	0.29324 	0.564831 	0.0451095 	
4.95	0.0770212 	-0.105487 	-1.84518 	0.293233 	0.564622 	0.0451093 	
4.955	0.0770427 	-0.105379 	-1.84515 	0.293226 	0.564414 	0.0451091 	
4.96	0.0770589 	-0.105265 	-1.84512 	0.293219 	0.564205 	0.0451089 	
4.965	0.0770709 	-0.105146 	-1.84507 	0.293212 	0.563996 	0.0451087 	
4.97	0.0770766 	-0.105023 	-1.84502 	0.293205 	0.563787 	0.0451086 	
4.975	0.0770772 	-0.104894 	-1.84497 	0.293198 	0.563578 	0.0451085 	
4.98	0.0770729 	-0.104761 	-1.84491 	0.293191 	0.563369 	0.0451084 	
4.985	0.0770643 	-0.104623 	-1.84484 	0.293184 	0.56316 	0.0451083 	
4.99	0.0770513 	-0.104481 	-1.84477 	0.293177 	0.562951 	0.0451083 	
4.995	0.0770348 	-0.104336 	-1.84469 	0.29317 	0.562741 	0.0451083 	
5	0.0770145 	-0.104187 	-1.84461 	0.293162 	0.562532 	0.0451083 	
5.005	0.0769912 	-0.104034 	-1.84452 	0.293155 	0.562323 	0.0451083 	
5.01	0.0769646 	-0.103879 	-1.84443 	0.293147 	0.562113 	0.0451084 	
5.015	0.0769357 	-0.10372 	-1.84434 	0.29314 	0.561904 	0.0451084 	
5.02	0.0769049 	-0.103558 	-1.84424 	0.293132 	0.561694 	0.0451085 	
5.025	0.076872 	-0.103393 	-1.84414 	0.293125 	0.561485 	0.0451085 	
5.03	0.0768387 	-0.103238 	-1.84405 	0.293117 	0.561275 	0.0451086 	
5.035	0.0768077 	-0.103119 	-1.84399 	0.293109 	0.561066 	0.0451086 	
5.04	0.076776 	-0.103005 	-1.84393 	0.293101 	0.560857 	0.0451087 	
5.045	0.0767454 	-0.102918 	-1.84389 	0.293093 	0.560649 	0.0451088 	
5.05	0.0767119 	-0.102837 	-1.84386 	0.293085 	0.560441 	0.0451089 	
5.055	0.0766801 	-0.102775 	-1.84384 	0.293077 	0.560233 	0.045109 	
5.06	0.0766486 	-0.102711 	-1.84382 	0.293069 	0.560025 	0.0451091 	
5.065	0.0766178 	-0.102662 	-1.84382 	0.293061 	0.559817 	0.0451091 	
5.07	0.0765864 	-0.10261 	-1.84381 	0.293052 	0.559609 	0.0451092 	
5.075	0.0765558 	-0.102568 	-1.84382 	0.293044 	0.559401 	0.0451092 	
5.08	0.0765246 	-0.102523 	-1.84382 	0.293035 	0.559194 	0.0451093 	
5.085	0.076494 	-0.102487 	-1.84383 	0.293027 	0.558986 	0.0451093 	
5.09	0.0764629 	-0.102446 	-1.84383 	0.293019 	0.558779 	0.0451093 	
5.095	0.0764323 	-0.102413 	-1.84384 	0.29301 	0.558571 	0.0451093 	
5.1	0.0764011 	-0.102375 	-1.84385 	0.293002 	0.558364 	0.0451093 	
5.105	0.0763706 	-0.102343 	-1.84386 	0.292993 	0.558156 	0.0451093 	
5.11	0.0763395 	-0.102306 	-1.84387 	0.292984 	0.557949 	0.0451092 	
5.115	0.0763089 	-0.102276 	-1.84389 	0.292976 	0.557741 	0.0451092 	
5.12	0.0762778 	-0.102239 	-1.8439 	0.292967 	0.557534 	0.0451091 	
5.125	0.0762475 	-0.102209 	-1.84391 	0.292959 	0.557326 	0.0451091 	
5.13	0.0762189 	-0.102172 	-1.84392 	0.29295 	0.557119 	0.045109 	
5.135	0.0761958 	-0.102135 	-1.84394 	0.292942 	0.556911 	0.0451088 	
5.14	0.0761737 	-0.102091 	-1.84395 	0.292933 	0.556704 	0.0451087 	
5.145	0.0761566 	-0.102048 	-1.84396 	0.292925 	0.556496 	0.0451084 	
5.15	0.0761397 	-0.101999 	-1.84397 	0.292917 	0.556288 	0.0451082 	
5.155	0.076127 	-0.101953 	-1.84399 	0.292909 	0.556081 	0.0451079 	
5.16	0.0761131 	-0.101901 	-1.844 	0.292901 	0.555873 	0.0451076 	
5.165	0.0761016 	-0.101852 	-1.84401 	0.292892 	0.555665 	0.0451073 	
5.17	0.0760903 	-0.101799 	-1.84402 	0.292884 	0.555457 	0.045107 	
5.175	0.0760823 	-0.101747 	-1.84404 	0.292876 	0.55525 	0.0451067 	
5.18	0.0760728 	-0.101693 	-1.84405 	0.292868 	0.555042 	0.0451064 	
5.185	0.076067 	-0.101641 	-1.84407 	0.29286 	0.554834 	0.045106 	
5.19	0.0760598 	-0.101584 	-1.84408 	0.292852 	0.554626 	0.0451056 	
5.195	0.0760558 	-0.10153 	-1.84409 	0.292844 	0.554418 	0.0451052 	
5.2	0.0760489 	-0.101475 	-1.8441 	0.292836 	0.55421 	0.0451048 	
5.205	0.0760402 	-0.101428 	-1.84412 	0.292828 	0.554003 	0.0451045 	
5.21	0.0760298 	-0.101377 	-1.84414 	0.29282 	0.553795 	0.0451041 	
5.215	0.076018 	-0.10133 	-1.84416 	0.292812 	0.553587 	0.0451037 	
5.22	0.076005 	-0.101279 	-1.84417 	0.292804 	0.553379 	0.0451033 	
5.225	0.0759919 	-0.101232 	-1.84419 	0.292796 	0.553172 	0.0451029 	
5.23	0.0759777 	-0.10118 	-1.84421 	0.292787 	0.552964 	0.0451025 	
5.235	0.0759634 	-0.101129 	-1.84424 	0.292779 	0.552756 	0.0451021 	
5.24	0.0759479 	-0.101075 	-1.84425 	0.292771 	0.552548 	0.0451017 	
5.245	0.0759324 	-0.101022 	-1.84428 	0.292763 	0.55234 	0.0451013 	
5.25	0.0759149 	-0.100968 	-1.8443 	0.292754 	0.552132 	0.0451009 	
5.255	0.0758968 	-0.10092 	-1.84432 	0.292746 	0.551925 	0.0451005 	
5.26	0.0758772 	-0.100871 	-1.84434 	0.292738 	0.551717 	0.0451001 	
5.265	0.0758573 	-0.100827 	-1.84436 	0.292729 	0.551509 	0.0450998 	
5.27	0.0758364 	-0.10078 	-1.84438 	0.292721 	0.551301 	0.0450994 	
5.275	0.0758168 	-0.100735 	-1.8444 	0.292713 	0.551094 	0.045099 	
5.28	0.0757964 	-0.100687 	-1.84441 	0.292704 	0.550886 	0.0450986 	
5.285	0.0757771 	-0.100642 	-1.84442 	0.292696 	0.550678 	0.0450982 	
5.29	0.0757563 	-0.100595 	-1.84444 	0.292687 	0.55047 	0.0450978 	
5.295	0.0757353 	-0.100553 	-1.84445 	0.292679 	0.550263 	0.0450974 	
5.3	0.0757131 	-0.100509 	-1.84446 	0.292671 	0.550055 	0.0450971 	
5.305	0.0756908 	-0.100469 	-1.84448 	0.292662 	0.549848 	0.0450967 	
5.31	0.0756675 	-0.100428 	-1.8445 	0.292654 	0.54964 	0.0450964 	
5.315	0.0756443 	-0.10039 	-1.84451 	0.292645 	0.549432 	0.0450961 	
5.32	0.07562 	-0.10035 	-1.84453 	0.292637 	0.549225 	0.0450957 	
5.325	0.0755939 	-0.100314 	-1.84454 	0.292628 	0.549017 	0.0450954 	
5.33	0.0755666 	-0.10028 	-1.84456 	0.292619 	0.54881 	0.0450951 	
5.335	0.075552 	-0.100249 	-1.84458 	0.292611 	0.548602 	0.0450947 	
5.34	0.0755334 	-0.100209 	-1.8446 	0.292603 	0.548395 	0.0450944 	
5.345	0.0755295 	-0.100175 	-1.84463 	0.292595 	0.548187 	0.0450941 	
5.35	0.0755206 	-0.100131 	-1.84465 	0.292587 	0.54798 	0.0450938 	
5.355	0.0755256 	-0.100094 	-1.84468 	0.292579 	0.547772 	0.0450935 	
5.36	0.0755246 	-0.100048 	-1.8447 	0.292571 	0.547565 	0.0450933 	
5.365	0.0755377 	-0.100009 	-1.84473 	0.292564 	0.547357 	0.045093 	
5.37	0.0755414 	-0.0999623 	-1.84475 	0.292556 	0.547149 	0.0450927 	
5.375	0.0755427 	-0.0999264 	-1.84478 	0.292548 	0.546942 	0.0450924 	
5.38	0.0755359 	-0.0998835 	-1.8448 	0.29254 	0.546734 	0.0450922 	
5.385	0.0755285 	-0.0998497 	-1.84483 	0.292532 	0.546527 	0.0450919 	
5.39	0.0755171 	-0.0998103 	-1.84485 	0.292524 	0.546319 	0.0450916 	
5.395	0.075504 	-0.0997765 	-1.84488 	0.292516 	0.546112 	0.0450914 	
5.4	0.0754876 	-0.0997349 	-1.8449 	0.292508 	0.545905 	0.0450911 	
5.405	0.0754698 	-0.0996945 	-1.84491 	0.2925 	0.545697 	0.0450908 	
5.41	0.0754515 	-0.0996487 	-1.84492 	0.292491 	0.545489 	0.0450905 	
5.415	0.075437 	-0.0996018 	-1.84493 	0.292483 	0.545282 	0.0450902 	
5.42	0.0754184 	-0.0995555 	-1.84494 	0.292475 	0.545074 	0.04509 	
5.425	0.0754081 	-0.0995094 	-1.84496 	0.292467 	0.544867 	0.0450897 	
5.43	0.0753996 	-0.0994581 	-1.84497 	0.292459 	0.544659 	0.0450895 	
5.435	0.0753984 	-0.0994072 	-1.84498 	0.292452 	0.544451 	0.0450892 	
5.44	0.0753983 	-0.0993514 	-1.84499 	0.292444 	0.544243 	0.0450889 	
5.445	0.0754047 	-0.0992964 	-1.84501 	0.292436 	0.544036 	0.0450885 	
5.45	0.0754114 	-0.0992366 	-1.84502 	0.292429 	0.543828 	0.0450882 	
5.455	0.075424 	-0.0991781 	-1.84503 	0.292421 	0.54362 	0.0450879 	
5.46	0.0754363 	-0.0991151 	-1.84504 	0.292414 	0.543412 	0.0450876 	
5.465	0.0754536 	-0.0990539 	-1.84506 	0.292407 	0.543204 	0.0450872 	
5.47	0.0754654 	-0.0989897 	-1.84507 	0.292399 	0.542996 	0.0450869 	
5.475	0.0754733 	-0.0989276 	-1.84507 	0.292392 	0.542789 	0.0450866 	
5.48	0.075476 	-0.0988635 	-1.84507 	0.292384 	0.542581 	0.0450863 	
5.485	0.0754745 	-0.0988109 	-1.84508 	0.292377 	0.542373 	0.045086 	
5.49	0.0754688 	-0.0987553 	-1.84509 	0.292369 	0.542165 	0.0450857 	
5.495	0.0754603 	-0.0987097 	-1.8451 	0.292361 	0.541957 	0.0450854 	
5.5	0.0754483 	-0.09866 	-1.84511 	0.292353 	0.54175 	0.0450851 	
5.505	0.0754348 	-0.0986188 	-1.84513 	0.292345 	0.541542 	0.0450849 	
5.51	0.0754182 	-0.0985727 	-1.84514 	0.292337 	0.541335 	0.0450846 	
5.515	0.0754004 	-0.0985341 	-1.84516 	0.292329 	0.541127 	0.0450844 	
5.52	0.0753799 	-0.0984905 	-1.84517 	0.29232 	0.54092 	0.0450841 	
5.525	0.0753585 	-0.0984536 	-1.84519 	0.292312 	0.540712 	0.0450839 	
5.53	0.0753345 	-0.0984115 	-1.84521 	0.292304 	0.540505 	0.0450837 	
5.535	0.0753092 	-0.0983762 	-1.84523 	0.292296 	0.540297 	0.0450835 	
5.54	0.0752823 	-0.0983354 	-1.84524 	0.292287 	0.54009 	0.0450833 	
5.545	0.0752627 	-0.0982972 	-1.84526 	0.292279 	0.539883 	0.045083 	
5.55	0.0752434 	-0.0982521 	-1.84528 	0.292271 	0.539675 	0.0450828 	
5.555	0.0752305 	-0.09821 	-1.8453 	0.292263 	0.539468 	0.0450826 	
5.56	0.0752171 	-0.0981615 	-1.84531 	0.292255 	0.53926 	0.0450823 	
5.565	0.0752088 	-0.0981171 	-1.84534 	0.292247 	0.539053 	0.0450821 	
5.57	0.0751994 	-0.0980666 	-1.84535 	0.292239 	0.538845 	0.0450818 	
5.575	0.0751941 	-0.0980207 	-1.84537 	0.292231 	0.538638 	0.0450816 	
5.58	0.0751873 	-0.0979691 	-1.84539 	0.292223 	0.53843 	0.0450814 	
5.585	0.0751839 	-0.0979224 	-1.84541 	0.292215 	0.538222 	0.0450811 	
5.59	0.0751788 	-0.09787 	-1.84543 	0.292207 	0.538015 	0.0450809 	
5.595	0.0751766 	-0.0978227 	-1.84545 	0.292199 	0.537807 	0.0450806 	
5.6	0.0751728 	-0.0977683 	-1.84547 	0.292192 	0.5376 	0.0450804 	
5.605	0.0751723 	-0.0977175 	-1.84549 	0.292184 	0.537392 	0.0450801 	
5.61	0.0751683 	-0.0976673 	-1.84551 	0.292176 	0.537185 	0.0450799 	
5.615	0.0751638 	-0.0976189 	-1.84553 	0.292168 	0.536977 	0.0450797 	
5.62	0.0751562 	-0.0975711 	-1.84556 	0.29216 	0.53677 	0.0450795 	
5.625	0.0751508 	-0.097521 	-1.84558 	0.292152 	0.536562 	0.0450793 	
5.63	0.0751437 	-0.0974737 	-1.8456 	0.292144 	0.536355 	0.0450791 	
5.635	0.0751373 	-0.0974243 	-1.84561 	0.292136 	0.536147 	0.0450788 	
5.64	0.0751295 	-0.0973778 	-1.84563 	0.292128 	0.53594 	0.0450785 	
5.645	0.0751225 	-0.0973293 	-1.84564 	0.29212 	0.535732 	0.0450782 	
5.65	0.0751142 	-0.0972841 	-1.84565 	0.292112 	0.535524 	0.0450779 	
5.655	0.075107 	-0.0972361 	-1.84566 	0.292104 	0.535317 	0.0450776 	
5.66	0.0750986 	-0.0971916 	-1.84567 	0.292096 	0.535109 	0.0450772 	
5.665	0.0750914 	-0.0971441 	-1.84568 	0.292088 	0.534901 	0.0450769 	
5.67	0.0750834 	-0.0970999 	-1.84569 	0.29208 	0.534694 	0.0450766 	
5.675	0.0750767 	-0.0970523 	-1.8457 	0.292072 	0.534486 	0.0450763 	
5.68	0.0750694 	-0.0970076 	-1.84572 	0.292064 	0.534279 	0.045076 	
5.685	0.0750632 	-0.0969595 	-1.84573 	0.292056 	0.534071 	0.0450758 	
5.69	0.0750564 	-0.096914 	-1.84575 	0.292048 	0.533863 	0.0450756 	
5.695	0.0750506 	-0.0968651 	-1.84576 	0.29204 	0.533656 	0.0450754 	
5.7	0.0750439 	-0.0968189 	-1.84578 	0.292032 	0.533448 	0.0450752 	
5.705	0.0750382 	-0.0967693 	-1.8458 	0.292025 	0.533241 	0.045075 	
5.71	0.0750315 	-0.0967224 	-1.84582 	0.292017 	0.533033 	0.0450748 	
5.715	0.0750252 	-0.0966723 	-1.84584 	0.292009 	0.532826 	0.0450747 	
5.72	0.0750153 	-0.0966267 	-1.84586 	0.292001 	0.532618 	0.0450745 	
5.725	0.0750026 	-0.0965818 	-1.84588 	0.291992 	0.532411 	0.0450744 	
5.73	0.074987 	-0.0965408 	-1.8459 	0.291984 	0.532203 	0.0450743 	
5.735	0.0749692 	-0.0964995 	-1.84593 	0.291976 	0.531996 	0.0450742 	
5.74	0.0749494 	-0.0964613 	-1.84595 	0.291968 	0.531789 	0.0450741 	
5.745	0.0749281 	-0.0964223 	-1.84597 	0.291959 	0.531581 	0.0450741 	
5.75	0.0749054 	-0.0963857 	-1.84599 	0.291951 	0.531374 	0.045074 	
5.755	0.0748811 	-0.0963483 	-1.84601 	0.291943 	0.531167 	0.0450739 	
5.76	0.0748557 	-0.096314 	-1.84603 	0.291934 	0.530959 	0.0450738 	
5.765	0.0748289 	-0.0962788 	-1.84604 	0.291926 	0.530752 	0.0450736 	
5.77	0.074801 	-0.0962465 	-1.84605 	0.291917 	0.530544 	0.0450734 	
5.775	0.074772 	-0.0962141 	-1.84605 	0.291908 	0.530337 	0.0450732 	
5.78	0.0747427 	-0.096186 	-1.84605 	0.2919 	0.530129 	0.045073 	
5.785	0.0747141 	-0.0961543 	-1.84606 	0.291891 	0.529922 	0.0450728 	
5.79	0.0746858 	-0.0961284 	-1.84606 	0.291883 	0.529714 	0.0450725 	
5.795	0.0746582 	-0.0960979 	-1.84606 	0.291874 	0.529506 	0.0450722 	
5.8	0.0746309 	-0.0960729 	-1.84606 	0.291865 	0.529299 	0.0450719 	
5.805	0.0746036 	-0.0960439 	-1.84606 	0.291857 	0.529091 	0.0450716 	
5.81	0.074575 	-0.0960223 	-1.84607 	0.291848 	0.528884 	0.0450713 	
5.815	0.0745456 	-0.0959964 	-1.84608 	0.291839 	0.528676 	0.0450711 	
5.82	0.0745151 	-0.0959772 	-1.84609 	0.291831 	0.528469 	0.0450708 	
5.825	0.074484 	-0.0959529 	-1.8461 	0.291822 	0.528262 	0.0450706 	
5.83	0.0744515 	-0.0959355 	-1.84612 	0.291813 	0.528054 	0.0450703 	
5.835	0.0744177 	-0.0959129 	-1.84613 	0.291805 	0.527847 	0.0450701 	
5.84	0.0743854 	-0.0958928 	-1.84614 	0.291796 	0.52764 	0.0450699 	
5.845	0.0743596 	-0.0958681 	-1.84615 	0.291787 	0.527432 	0.0450696 	
5.85	0.074341 	-0.0958409 	-1.84616 	0.291779 	0.527225 	0.0450693 	
5.855	0.0743256 	-0.0958116 	-1.84617 	0.29177 	0.527017 	0.0450689 	
5.86	0.0743165 	-0.09578 	-1.84619 	0.291762 	0.52681 	0.0450686 	
5.865	0.0743116 	-0.0957445 	-1.84621 	0.291754 	0.526602 	0.0450682 	
5.87	0.0743125 	-0.0957067 	-1.84622 	0.291746 	0.526395 	0.0450679 	
5.875	0.0743167 	-0.0956653 	-1.84624 	0.291738 	0.526187 	0.0450675 	
5.88	0.0743246 	-0.0956228 	-1.84626 	0.29173 	0.52598 	0.0450671 	
5.885	0.0743314 	-0.0955801 	-1.84628 	0.291723 	0.525772 	0.0450668 	
5.89	0.0743397 	-0.0955381 	-1.84631 	0.291715 	0.525565 	0.0450665 	
5.895	0.0743473 	-0.0954939 	-1.84633 	0.291707 	0.525357 	0.0450662 	
5.9	0.0743517 	-0.0954441 	-1.84635 	0.291699 	0.52515 	0.0450659 	
5.905	0.0743543 	-0.0953862 	-1.84636 	0.291692 	0.524942 	0.0450656 	
5.91	0.074356 	-0.0953276 	-1.84636 	0.291684 	0.524734 	0.0450653 	
5.915	0.0743557 	-0.0952711 	-1.84637 	0.291676 	0.524527 	0.0450649 	
5.92	0.0743553 	-0.0952245 	-1.84639 	0.291668 	0.524319 	0.0450646 	
5.925	0.0743539 	-0.0951737 	-1.84641 	0.29166 	0.524112 	0.0450643 	
5.93	0.0743526 	-0.0951313 	-1.84644 	0.291651 	0.523904 	0.045064 	
5.935	0.0743496 	-0.0950838 	-1.84646 	0.291643 	0.523697 	0.0450637 	
5.94	0.0743447 	-0.0950435 	-1.84649 	0.291635 	0.52349 	0.0450635 	
5.945	0.0743389 	-0.0949971 	-1.84651 	0.291627 	0.523282 	0.0450632 	
5.95	0.0743327 	-0.0949571 	-1.84653 	0.291618 	0.523075 	0.0450629 	
5.955	0.0743248 	-0.094916 	-1.84656 	0.29161 	0.522868 	0.0450626 	
5.96	0.0743156 	-0.0948752 	-1.84658 	0.291602 	0.522661 	0.0450624 	
5.965	0.0743064 	-0.0948304 	-1.8466 	0.291593 	0.522453 	0.0450621 	
5.97	0.0742968 	-0.0947859 	-1.84662 	0.291585 	0.522246 	0.0450618 	
5.975	0.0742867 	-0.0947353 	-1.84663 	0.291577 	0.522038 	0.0450614 	
5.98	0.0742765 	-0.0946895 	-1.84664 	0.291568 	0.521831 	0.0450611 	
