0	0.0490075 	0.0219193 	-2.01088 	0.262299 	0.529812 	-0.011542 	
0.005	0.0490075 	0.0219193 	-2.01088 	0.262299 	0.529812 	-0.011542 	
0.01	0.0490075 	0.0219193 	-2.01088 	0.262299 	0.529812 	-0.011542 	
0.015	0.0490075 	0.0219115 	-2.01088 	0.262299 	0.529813 	-0.0115415 	
0.02	0.0490076 	0.0219047 	-2.01087 	0.2623 	0.529815 	-0.011541 	
0.025	0.0490077 	0.0218963 	-2.01086 	0.2623 	0.529817 	-0.0115404 	
0.03	0.0490078 	0.021886 	-2.01086 	0.2623 	0.52982 	-0.0115397 	
0.035	0.0490079 	0.0218738 	-2.01085 	0.262301 	0.529823 	-0.0115389 	
0.04	0.049008 	0.0218597 	-2.01084 	0.262301 	0.529826 	-0.0115379 	
0.045	0.0490081 	0.0218437 	-2.01083 	0.262302 	0.529831 	-0.0115368 	
0.05	0.0490083 	0.0218257 	-2.01081 	0.262303 	0.529835 	-0.0115356 	
0.055	0.0490085 	0.0218059 	-2.0108 	0.262303 	0.52984 	-0.0115342 	
0.06	0.0490087 	0.0217842 	-2.01078 	0.262304 	0.529845 	-0.0115328 	
0.065	0.0490089 	0.0217605 	-2.01076 	0.262305 	0.529851 	-0.0115311 	
0.07	0.0490091 	0.021735 	-2.01074 	0.262306 	0.529858 	-0.0115294 	
0.075	0.0490094 	0.0217075 	-2.01072 	0.262307 	0.529865 	-0.0115275 	
0.08	0.0490096 	0.0216781 	-2.0107 	0.262308 	0.529872 	-0.0115255 	
0.085	0.0490099 	0.0216469 	-2.01068 	0.262309 	0.52988 	-0.0115234 	
0.09	0.0490102 	0.0216137 	-2.01065 	0.262311 	0.529888 	-0.0115212 	
0.095	0.0490105 	0.0215787 	-2.01063 	0.262312 	0.529897 	-0.0115188 	
0.1	0.0490109 	0.0215417 	-2.0106 	0.262313 	0.529906 	-0.0115163 	
0.105	0.0490113 	0.021499 	-2.01057 	0.262315 	0.529917 	-0.0115134 	
0.11	0.0490116 	0.0214617 	-2.01054 	0.262316 	0.529926 	-0.0115108 	
0.115	0.049012 	0.0214152 	-2.01051 	0.262318 	0.529938 	-0.0115077 	
0.12	0.0490125 	0.0213704 	-2.01047 	0.26232 	0.529949 	-0.0115047 	
0.125	0.0490129 	0.0213238 	-2.01044 	0.262322 	0.529961 	-0.0115015 	
0.13	0.0490133 	0.0212753 	-2.0104 	0.262323 	0.529973 	-0.0114982 	
0.135	0.0490138 	0.021225 	-2.01037 	0.262325 	0.529985 	-0.0114948 	
0.14	0.0490143 	0.0211727 	-2.01033 	0.262327 	0.529999 	-0.0114913 	
0.145	0.0490148 	0.0211186 	-2.01029 	0.262329 	0.530012 	-0.0114877 	
0.15	0.0490154 	0.0210625 	-2.01025 	0.262332 	0.530026 	-0.0114839 	
0.155	0.0490159 	0.0210046 	-2.0102 	0.262334 	0.53004 	-0.01148 	
0.16	0.0491189 	0.0207203 	-2.01034 	0.262432 	0.531638 	-0.0108378 	
0.165	0.0491195 	0.0206586 	-2.01029 	0.262434 	0.531653 	-0.0108337 	
0.17	0.0491201 	0.0205951 	-2.01024 	0.262437 	0.531669 	-0.0108294 	
0.175	0.0491207 	0.0205297 	-2.0102 	0.262439 	0.531685 	-0.0108251 	
0.18	0.0491214 	0.0204625 	-2.01015 	0.262442 	0.531702 	-0.0108206 	
0.185	0.0491221 	0.0203934 	-2.01009 	0.262444 	0.531719 	-0.010816 	
0.19	0.0491228 	0.0203225 	-2.01004 	0.262447 	0.531737 	-0.0108112 	
0.195	0.0491235 	0.0202497 	-2.00999 	0.26245 	0.531755 	-0.0108064 	
0.2	0.0491243 	0.020175 	-2.00993 	0.262453 	0.531774 	-0.0108014 	
0.205	0.049125 	0.0200985 	-2.00987 	0.262456 	0.531793 	-0.0107964 	
0.21	0.0491258 	0.0200201 	-2.00982 	0.262459 	0.531812 	-0.0107912 	
0.215	0.0491267 	0.0199399 	-2.00976 	0.262462 	0.531832 	-0.0107859 	
0.22	0.0492294 	0.0196364 	-2.00987 	0.262565 	0.533411 	-0.01015 	
0.225	0.0492302 	0.0195525 	-2.00981 	0.262569 	0.533432 	-0.0101445 	
0.23	0.0492311 	0.0194668 	-2.00975 	0.262572 	0.533453 	-0.0101388 	
0.235	0.0492321 	0.0193793 	-2.00968 	0.262575 	0.533475 	-0.0101331 	
0.24	0.049233 	0.0192899 	-2.00961 	0.262578 	0.533497 	-0.0101272 	
0.245	0.049234 	0.0191987 	-2.00955 	0.262582 	0.533519 	-0.0101213 	
0.25	0.049235 	0.0191057 	-2.00948 	0.262585 	0.533542 	-0.0101152 	
0.255	0.049236 	0.0190109 	-2.00941 	0.262589 	0.533566 	-0.010109 	
0.26	0.0492371 	0.0189143 	-2.00933 	0.262593 	0.53359 	-0.0101027 	
0.265	0.0492382 	0.0188159 	-2.00926 	0.262596 	0.533614 	-0.0100963 	
0.27	0.0493483 	0.0184807 	-2.00937 	0.262713 	0.53529 	-0.00941998 	
0.275	0.0493494 	0.0183786 	-2.00929 	0.262717 	0.535315 	-0.00941337 	
0.28	0.0493506 	0.0182748 	-2.00922 	0.262721 	0.535341 	-0.00940667 	
0.285	0.0493518 	0.0181692 	-2.00914 	0.262725 	0.535367 	-0.00939986 	
0.29	0.049353 	0.0180618 	-2.00906 	0.262729 	0.535393 	-0.00939296 	
0.295	0.0493543 	0.0179526 	-2.00898 	0.262733 	0.53542 	-0.00938595 	
0.3	0.0493556 	0.0178417 	-2.00889 	0.262737 	0.535448 	-0.00937886 	
0.305	0.0493569 	0.017729 	-2.00881 	0.262741 	0.535475 	-0.00937166 	
0.31	0.0494631 	0.0173904 	-2.0089 	0.262859 	0.537076 	-0.00872466 	
0.315	0.0494645 	0.0172741 	-2.00881 	0.262864 	0.537104 	-0.00871727 	
0.32	0.0494659 	0.0171561 	-2.00872 	0.262868 	0.537133 	-0.00870978 	
0.325	0.0494673 	0.0170364 	-2.00863 	0.262873 	0.537163 	-0.00870221 	
0.33	0.0494688 	0.0169149 	-2.00854 	0.262877 	0.537192 	-0.00869454 	
0.335	0.0494703 	0.0167917 	-2.00845 	0.262882 	0.537222 	-0.00868678 	
0.34	0.0494719 	0.0166667 	-2.00836 	0.262886 	0.537253 	-0.00867894 	
0.345	0.0495771 	0.0163203 	-2.00843 	0.263008 	0.538823 	-0.00804299 	
0.35	0.0495787 	0.0161918 	-2.00834 	0.263013 	0.538855 	-0.00803496 	
0.355	0.0495804 	0.0160617 	-2.00824 	0.263018 	0.538886 	-0.00802685 	
0.36	0.0495821 	0.0159298 	-2.00814 	0.263023 	0.538918 	-0.00801865 	
0.365	0.0495838 	0.0157962 	-2.00804 	0.263028 	0.538951 	-0.00801038 	
0.37	0.0495856 	0.015661 	-2.00794 	0.263033 	0.538984 	-0.00800203 	
0.375	0.0495874 	0.015524 	-2.00784 	0.263038 	0.539017 	-0.00799359 	
0.38	0.049703 	0.0151461 	-2.00792 	0.263177 	0.540725 	-0.00730016 	
0.385	0.0497049 	0.0150057 	-2.00781 	0.263182 	0.540759 	-0.00729156 	
0.39	0.0497068 	0.0148636 	-2.0077 	0.263187 	0.540793 	-0.00728288 	
0.395	0.0497087 	0.0147199 	-2.0076 	0.263193 	0.540828 	-0.00727413 	
0.4	0.0497107 	0.0145745 	-2.00749 	0.263198 	0.540863 	-0.00726531 	
0.405	0.0497128 	0.0144274 	-2.00738 	0.263203 	0.540899 	-0.00725642 	
0.41	0.0498232 	0.0140529 	-2.00744 	0.263342 	0.542513 	-0.0065999 	
0.415	0.0498253 	0.0139025 	-2.00733 	0.263347 	0.542549 	-0.00659086 	
0.42	0.0498275 	0.0137505 	-2.00721 	0.263353 	0.542585 	-0.00658174 	
0.425	0.0498297 	0.0135969 	-2.00709 	0.263358 	0.542622 	-0.00657257 	
0.43	0.0498319 	0.0134416 	-2.00698 	0.263364 	0.54266 	-0.00656333 	
0.435	0.0498342 	0.0132847 	-2.00686 	0.26337 	0.542697 	-0.00655403 	
0.44	0.049952 	0.0128875 	-2.00692 	0.263522 	0.544401 	-0.00585915 	
0.445	0.0499544 	0.0127273 	-2.0068 	0.263528 	0.544439 	-0.00584971 	
0.45	0.0499568 	0.0125656 	-2.00668 	0.263534 	0.544478 	-0.00584021 	
0.455	0.0499593 	0.0124022 	-2.00656 	0.26354 	0.544517 	-0.00583066 	
0.46	0.0499618 	0.0122372 	-2.00643 	0.263546 	0.544556 	-0.00582105 	
0.465	0.0499644 	0.0120707 	-2.0063 	0.263552 	0.544596 	-0.00581139 	
0.47	0.0500909 	0.0116487 	-2.00637 	0.263721 	0.546405 	-0.00507111 	
0.475	0.0500936 	0.011479 	-2.00624 	0.263727 	0.546446 	-0.00506132 	
0.48	0.0500963 	0.0113078 	-2.00611 	0.263733 	0.546486 	-0.00505149 	
0.485	0.0500991 	0.0111349 	-2.00598 	0.26374 	0.546527 	-0.00504161 	
0.49	0.0501019 	0.0109606 	-2.00585 	0.263746 	0.546569 	-0.00503169 	
0.495	0.0502168 	0.0105572 	-2.00589 	0.263905 	0.548194 	-0.00436574 	
0.5	0.0502197 	0.0103797 	-2.00575 	0.263911 	0.548236 	-0.0043557 	
0.505	0.0502227 	0.0102007 	-2.00562 	0.263918 	0.548278 	-0.00434563 	
0.51	0.0502257 	0.0100202 	-2.00548 	0.263924 	0.54832 	-0.00433552 	
0.515	0.0502288 	0.0098382 	-2.00534 	0.263931 	0.548363 	-0.00432537 	
0.52	0.0503482 	0.00942049 	-2.00538 	0.2641 	0.550035 	-0.00363879 	
0.525	0.0503514 	0.00923544 	-2.00524 	0.264107 	0.550078 	-0.00362855 	
0.53	0.0503546 	0.00904892 	-2.0051 	0.264114 	0.550122 	-0.00361827 	
0.535	0.0503579 	0.00886092 	-2.00495 	0.264121 	0.550165 	-0.00360797 	
0.54	0.0503612 	0.00867145 	-2.00481 	0.264127 	0.55021 	-0.00359763 	
0.545	0.0504868 	0.00823653 	-2.00484 	0.264311 	0.551948 	-0.00288122 	
0.55	0.0504903 	0.00804408 	-2.0047 	0.264318 	0.551993 	-0.0028708 	
0.555	0.0504938 	0.00785022 	-2.00455 	0.264325 	0.552038 	-0.00286036 	
0.56	0.0504973 	0.00765492 	-2.0044 	0.264332 	0.552084 	-0.0028499 	
0.565	0.050501 	0.00745818 	-2.00425 	0.264339 	0.552129 	-0.00283942 	
0.57	0.050633 	0.00700611 	-2.00429 	0.264537 	0.553936 	-0.00209264 	
0.575	0.0506367 	0.00680648 	-2.00413 	0.264544 	0.553982 	-0.00208209 	
0.58	0.0506405 	0.00660547 	-2.00398 	0.264551 	0.554028 	-0.00207153 	
0.585	0.0506444 	0.00640306 	-2.00383 	0.264558 	0.554075 	-0.00206095 	
0.59	0.0506483 	0.00619926 	-2.00367 	0.264565 	0.554122 	-0.00205035 	
0.595	0.0507868 	0.00573044 	-2.00371 	0.264779 	0.555995 	-0.00127358 	
0.6	0.0507908 	0.00552383 	-2.00355 	0.264786 	0.556042 	-0.00126293 	
0.605	0.0507949 	0.00531589 	-2.00339 	0.264793 	0.55609 	-0.00125228 	
0.61	0.0507991 	0.00510658 	-2.00323 	0.264801 	0.556138 	-0.00124162 	
0.615	0.0509181 	0.00467283 	-2.00323 	0.264989 	0.557729 	-0.000581079 	
0.62	0.0509224 	0.0044608 	-2.00307 	0.264996 	0.557777 	-0.000570385 	
0.625	0.0509268 	0.00424746 	-2.0029 	0.265004 	0.557826 	-0.000559689 	
0.63	0.0509312 	0.00403279 	-2.00274 	0.265011 	0.557875 	-0.000548992 	
0.635	0.0510521 	0.00359242 	-2.00273 	0.265207 	0.559474 	0.000116548 	
0.64	0.0510567 	0.00337509 	-2.00257 	0.265214 	0.559523 	0.000127265 	
0.645	0.0510613 	0.0031565 	-2.0024 	0.265222 	0.559573 	0.000137979 	
0.65	0.051066 	0.00293662 	-2.00223 	0.265229 	0.559622 	0.000148686 	
0.655	0.0511909 	0.0024857 	-2.00223 	0.265435 	0.561258 	0.000831223 	
0.66	0.0511957 	0.00226324 	-2.00205 	0.265443 	0.561308 	0.000841939 	
0.665	0.0512006 	0.00203953 	-2.00188 	0.265451 	0.561358 	0.000852644 	
0.67	0.0512055 	0.00181458 	-2.00171 	0.265458 	0.561409 	0.000863337 	
0.675	0.0513347 	0.00135299 	-2.0017 	0.265675 	0.563082 	0.00156383 	
0.68	0.0513398 	0.00112552 	-2.00153 	0.265683 	0.563133 	0.00157452 	
0.685	0.0513449 	0.00089685 	-2.00135 	0.265691 	0.563184 	0.00158519 	
0.69	0.0513502 	0.00066697 	-2.00117 	0.265699 	0.563235 	0.00159584 	
0.695	0.0514836 	0.000194951 	-2.00116 	0.265927 	0.564945 	0.00231413 	
0.7	0.051489 	-3.73689e-05 	-2.00098 	0.265935 	0.564997 	0.00232477 	
0.705	0.0514944 	-0.000270846 	-2.0008 	0.265943 	0.565048 	0.00233538 	
0.71	0.0514999 	-0.0005055 	-2.00062 	0.265951 	0.5651 	0.00234597 	
0.715	0.0516377 	-0.000987654 	-2.00061 	0.266192 	0.566846 	0.00308176 	
0.72	0.0516433 	-0.00122467 	-2.00043 	0.2662 	0.566898 	0.00309232 	
0.725	0.0516491 	-0.00146281 	-2.00024 	0.266208 	0.566951 	0.00310285 	
0.73	0.0516549 	-0.00170208 	-2.00006 	0.266216 	0.567003 	0.00311335 	
0.735	0.0517969 	-0.00219406 	-2.00005 	0.266469 	0.568784 	0.00386634 	
0.74	0.0518029 	-0.00243562 	-1.99986 	0.266477 	0.568837 	0.0038768 	
0.745	0.0518089 	-0.00267826 	-1.99967 	0.266485 	0.56889 	0.00388723 	
0.75	0.051815 	-0.00292199 	-1.99948 	0.266493 	0.568943 	0.00389761 	
0.755	0.0519613 	-0.0034235 	-1.99947 	0.266759 	0.570757 	0.00466748 	
0.76	0.0519676 	-0.00366943 	-1.99927 	0.266767 	0.570811 	0.00467782 	
0.765	0.0519739 	-0.00391641 	-1.99908 	0.266775 	0.570864 	0.00468811 	
0.77	0.0519804 	-0.00416444 	-1.99889 	0.266783 	0.570918 	0.00469836 	
0.775	0.052131 	-0.00467515 	-1.99887 	0.267062 	0.572764 	0.00548478 	
0.78	0.0521376 	-0.00492531 	-1.99868 	0.26707 	0.572818 	0.00549497 	
0.785	0.0521442 	-0.00517646 	-1.99848 	0.267078 	0.572872 	0.00550511 	
0.79	0.052151 	-0.00542863 	-1.99828 	0.267086 	0.572926 	0.0055152 	
0.795	0.0523059 	-0.00594821 	-1.99827 	0.267378 	0.574803 	0.00631784 	
0.8	0.0523128 	-0.00620242 	-1.99807 	0.267386 	0.574858 	0.00632786 	
0.805	0.0523197 	-0.00645759 	-1.99787 	0.267394 	0.574912 	0.00633782 	
0.81	0.0523268 	-0.00671372 	-1.99767 	0.267403 	0.574967 	0.00634773 	
0.815	0.052486 	-0.00724185 	-1.99765 	0.267707 	0.576874 	0.00716624 	
0.82	0.0524932 	-0.00749995 	-1.99745 	0.267716 	0.576929 	0.00717606 	
0.825	0.0525005 	-0.00775896 	-1.99724 	0.267724 	0.576983 	0.00718582 	
0.83	0.0525079 	-0.00801889 	-1.99704 	0.267733 	0.577038 	0.00719552 	
0.835	0.0526714 	-0.00855522 	-1.99702 	0.268051 	0.578974 	0.00802954 	
0.84	0.052679 	-0.00881704 	-1.99681 	0.268059 	0.579029 	0.00803915 	
0.845	0.0526866 	-0.00907972 	-1.99661 	0.268068 	0.579084 	0.00804869 	
0.85	0.0526943 	-0.00934329 	-1.9964 	0.268076 	0.579139 	0.00805816 	
0.855	0.0528621 	-0.00988747 	-1.99638 	0.268408 	0.581102 	0.00890733 	
0.86	0.0528699 	-0.0101528 	-1.99617 	0.268417 	0.581157 	0.00891669 	
0.865	0.0528779 	-0.010419 	-1.99596 	0.268425 	0.581212 	0.00892599 	
0.87	0.0528859 	-0.010686 	-1.99575 	0.268434 	0.581268 	0.00893521 	
0.875	0.053058 	-0.0112377 	-1.99572 	0.26878 	0.583256 	0.00979915 	
0.88	0.0530662 	-0.0115065 	-1.99551 	0.268788 	0.583311 	0.00980826 	
0.885	0.0530744 	-0.011776 	-1.9953 	0.268797 	0.583367 	0.00981729 	
0.89	0.0532126 	-0.0122688 	-1.99523 	0.269077 	0.584937 	0.0104987 	
0.895	0.053221 	-0.01254 	-1.99501 	0.269085 	0.584992 	0.0105076 	
0.9	0.0532295 	-0.0128118 	-1.9948 	0.269094 	0.585048 	0.0105165 	
0.905	0.0532381 	-0.0130845 	-1.99458 	0.269102 	0.585104 	0.0105252 	
0.91	0.0534138 	-0.013642 	-1.99455 	0.269465 	0.58709 	0.0113945 	
0.915	0.0534226 	-0.0139163 	-1.99433 	0.269474 	0.587146 	0.0114031 	
0.92	0.0534314 	-0.0141912 	-1.99411 	0.269482 	0.587202 	0.0114116 	
0.925	0.053575 	-0.0146937 	-1.99404 	0.269781 	0.588798 	0.0121098 	
0.93	0.053584 	-0.01497 	-1.99382 	0.269789 	0.588854 	0.0121182 	
0.935	0.0535931 	-0.0152471 	-1.9936 	0.269798 	0.588909 	0.0121265 	
0.94	0.0537356 	-0.0157477 	-1.99352 	0.270097 	0.590477 	0.012814 	
0.945	0.0537449 	-0.0160262 	-1.9933 	0.270106 	0.590533 	0.0128221 	
0.95	0.0537542 	-0.0163053 	-1.99307 	0.270114 	0.590589 	0.0128302 	
0.955	0.0538987 	-0.0168092 	-1.99299 	0.270421 	0.592164 	0.0135231 	
0.96	0.0539082 	-0.0170896 	-1.99277 	0.270429 	0.592219 	0.013531 	
0.965	0.0539178 	-0.0173706 	-1.99254 	0.270438 	0.592275 	0.0135388 	
0.97	0.0540647 	-0.0178782 	-1.99246 	0.270753 	0.59386 	0.0142387 	
0.975	0.0540744 	-0.0181605 	-1.99223 	0.270761 	0.593916 	0.0142463 	
0.98	0.0540843 	-0.0184433 	-1.99201 	0.270769 	0.593972 	0.0142538 	
0.985	0.0542335 	-0.0189543 	-1.99192 	0.271093 	0.595567 	0.0149606 	
0.99	0.0542435 	-0.0192384 	-1.9917 	0.271101 	0.595622 	0.0149679 	
0.995	0.0542536 	-0.019523 	-1.99147 	0.271109 	0.595678 	0.0149751 	
1	0.0544051 	-0.0200373 	-1.99138 	0.271441 	0.597282 	0.0156886 	
1.005	0.0544154 	-0.020323 	-1.99115 	0.271449 	0.597338 	0.0156956 	
1.01	0.0544258 	-0.0206092 	-1.99092 	0.271458 	0.597394 	0.0157026 	
1.015	0.0545796 	-0.0211266 	-1.99083 	0.271798 	0.599007 	0.0164226 	
1.02	0.0545901 	-0.0214139 	-1.9906 	0.271806 	0.599062 	0.0164293 	
1.025	0.0546007 	-0.0217016 	-1.99037 	0.271814 	0.599117 	0.016436 	
1.03	0.0547568 	-0.0222219 	-1.99028 	0.272163 	0.600739 	0.0171622 	
1.035	0.0547676 	-0.0225106 	-1.99004 	0.272171 	0.600794 	0.0171687 	
1.04	0.0547784 	-0.0227998 	-1.98981 	0.272179 	0.600849 	0.0171751 	
1.045	0.0549368 	-0.0233228 	-1.98972 	0.272536 	0.602478 	0.0179074 	
1.05	0.0549478 	-0.0236129 	-1.98948 	0.272544 	0.602533 	0.0179136 	
1.055	0.0549589 	-0.0239033 	-1.98925 	0.272552 	0.602588 	0.0179196 	
1.06	0.0551195 	-0.0244289 	-1.98915 	0.272917 	0.604223 	0.0186579 	
1.065	0.0551307 	-0.0247202 	-1.98892 	0.272925 	0.604278 	0.0186637 	
1.07	0.0551421 	-0.0250119 	-1.98868 	0.272933 	0.604333 	0.0186695 	
1.075	0.0553048 	-0.0255397 	-1.98859 	0.273307 	0.605975 	0.0194134 	
1.08	0.0553163 	-0.0258322 	-1.98835 	0.273315 	0.60603 	0.0194189 	
1.085	0.0553279 	-0.0261249 	-1.98811 	0.273323 	0.606084 	0.0194243 	
1.09	0.0554928 	-0.0266549 	-1.98801 	0.273704 	0.607731 	0.0201738 	
1.095	0.0555046 	-0.0269484 	-1.98777 	0.273712 	0.607786 	0.020179 	
1.1	0.0555164 	-0.0272422 	-1.98753 	0.27372 	0.60784 	0.020184 	
1.105	0.0556835 	-0.0277741 	-1.98743 	0.27411 	0.609492 	0.0209387 	
1.11	0.0556954 	-0.0280685 	-1.98719 	0.274118 	0.609547 	0.0209436 	
1.115	0.0557075 	-0.0283631 	-1.98695 	0.274126 	0.609601 	0.0209483 	
1.12	0.0558766 	-0.0288968 	-1.98685 	0.274524 	0.611257 	0.021708 	
1.125	0.0558888 	-0.029192 	-1.98661 	0.274532 	0.611311 	0.0217125 	
1.13	0.0559012 	-0.0294874 	-1.98637 	0.27454 	0.611365 	0.0217169 	
1.135	0.0560723 	-0.0300226 	-1.98627 	0.274946 	0.613025 	0.0224815 	
1.14	0.0560847 	-0.0303185 	-1.98602 	0.274954 	0.613079 	0.0224856 	
1.145	0.0560973 	-0.0306146 	-1.98578 	0.274961 	0.613132 	0.0224897 	
1.15	0.0562704 	-0.0311511 	-1.98568 	0.275376 	0.614795 	0.0232588 	
1.155	0.0562831 	-0.0314477 	-1.98543 	0.275383 	0.614849 	0.0232626 	
1.16	0.0562959 	-0.0317443 	-1.98519 	0.275391 	0.614902 	0.0232663 	
1.165	0.056471 	-0.032282 	-1.98508 	0.275813 	0.616567 	0.0240397 	
1.17	0.0564839 	-0.032579 	-1.98484 	0.275821 	0.61662 	0.0240432 	
1.175	0.0564969 	-0.0328761 	-1.98459 	0.275828 	0.616673 	0.0240466 	
1.18	0.0566739 	-0.0334147 	-1.98448 	0.276259 	0.618341 	0.0248241 	
1.185	0.056687 	-0.0337121 	-1.98424 	0.276266 	0.618393 	0.0248272 	
1.19	0.0567002 	-0.0340096 	-1.98399 	0.276273 	0.618445 	0.0248302 	
1.195	0.056879 	-0.0345489 	-1.98388 	0.276711 	0.620114 	0.0256116 	
1.2	0.0568924 	-0.0348466 	-1.98364 	0.276719 	0.620166 	0.0256144 	
1.205	0.0569058 	-0.0351443 	-1.98339 	0.276726 	0.620218 	0.025617 	
1.21	0.0570865 	-0.0356841 	-1.98328 	0.277172 	0.621887 	0.0264021 	
1.215	0.0571 	-0.035982 	-1.98303 	0.277179 	0.621939 	0.0264045 	
1.22	0.0571137 	-0.0362798 	-1.98278 	0.277186 	0.62199 	0.0264067 	
1.225	0.0572961 	-0.03682 	-1.98267 	0.277639 	0.62366 	0.0271951 	
1.23	0.0573098 	-0.0371179 	-1.98242 	0.277647 	0.623711 	0.0271972 	
1.235	0.0573237 	-0.0374158 	-1.98218 	0.277654 	0.623762 	0.0271991 	
1.24	0.0575077 	-0.0379561 	-1.98206 	0.278114 	0.62543 	0.0279906 	
1.245	0.0575217 	-0.038254 	-1.98181 	0.278121 	0.625481 	0.0279923 	
1.25	0.0575358 	-0.0385518 	-1.98157 	0.278128 	0.625531 	0.0279938 	
1.255	0.0577215 	-0.039092 	-1.98145 	0.278596 	0.627199 	0.0287882 	
1.26	0.0577356 	-0.0393897 	-1.9812 	0.278603 	0.627249 	0.0287895 	
1.265	0.0577499 	-0.0396874 	-1.98095 	0.27861 	0.627299 	0.0287907 	
1.27	0.0579371 	-0.0402273 	-1.98084 	0.279085 	0.628964 	0.0295877 	
1.275	0.0579515 	-0.0405248 	-1.98059 	0.279092 	0.629014 	0.0295886 	
1.28	0.0579659 	-0.0408221 	-1.98034 	0.279099 	0.629063 	0.0295895 	
1.285	0.0581547 	-0.0413616 	-1.98022 	0.279581 	0.630726 	0.0303888 	
1.29	0.0581692 	-0.0416587 	-1.97997 	0.279588 	0.630775 	0.0303894 	
1.295	0.0581839 	-0.0419557 	-1.97972 	0.279594 	0.630824 	0.0303898 	
1.3	0.0583741 	-0.0424945 	-1.9796 	0.280083 	0.632484 	0.0311912 	
1.305	0.0583888 	-0.0427911 	-1.97935 	0.28009 	0.632532 	0.0311914 	
1.31	0.0584036 	-0.0430876 	-1.9791 	0.280096 	0.632581 	0.0311915 	
1.315	0.0585952 	-0.0436255 	-1.97898 	0.280592 	0.634237 	0.0319948 	
1.32	0.05861 	-0.0439216 	-1.97873 	0.280598 	0.634285 	0.0319946 	
1.325	0.058625 	-0.0442174 	-1.97848 	0.280605 	0.634333 	0.0319943 	
1.33	0.0588179 	-0.0447543 	-1.97836 	0.281107 	0.635984 	0.0327991 	
1.335	0.0588329 	-0.0450497 	-1.97811 	0.281113 	0.636032 	0.0327986 	
1.34	0.0588481 	-0.0453448 	-1.97786 	0.281119 	0.636079 	0.0327979 	
1.345	0.0590422 	-0.0458805 	-1.97774 	0.281628 	0.637725 	0.0336039 	
1.35	0.0590574 	-0.0461751 	-1.97749 	0.281634 	0.637772 	0.0336031 	
1.355	0.0590727 	-0.0464694 	-1.97724 	0.28164 	0.637819 	0.0336021 	
1.36	0.0592679 	-0.0470035 	-1.97712 	0.282154 	0.63946 	0.0344091 	
1.365	0.0592833 	-0.0472973 	-1.97687 	0.28216 	0.639506 	0.0344078 	
1.37	0.0592987 	-0.0475907 	-1.97662 	0.282166 	0.639552 	0.0344064 	
1.375	0.059495 	-0.0481231 	-1.97649 	0.282686 	0.641187 	0.0352141 	
1.38	0.0595106 	-0.0484159 	-1.97624 	0.282692 	0.641233 	0.0352125 	
1.385	0.0595261 	-0.0487083 	-1.97599 	0.282698 	0.641278 	0.0352108 	
1.39	0.0597235 	-0.0492389 	-1.97587 	0.283224 	0.642906 	0.0360189 	
1.395	0.0597391 	-0.0495305 	-1.97562 	0.283229 	0.642951 	0.036017 	
1.4	0.0597548 	-0.0498218 	-1.97537 	0.283235 	0.642996 	0.0360149 	
1.405	0.059953 	-0.0503504 	-1.97524 	0.283766 	0.644617 	0.0368231 	
1.41	0.0599688 	-0.0506408 	-1.97499 	0.283772 	0.644661 	0.0368208 	
1.415	0.0599847 	-0.0509309 	-1.97475 	0.283777 	0.644705 	0.0368184 	
1.42	0.0601837 	-0.0514572 	-1.97462 	0.284314 	0.646318 	0.0376264 	
1.425	0.0601996 	-0.0517464 	-1.97437 	0.284319 	0.646362 	0.0376238 	
1.43	0.0602156 	-0.0520351 	-1.97412 	0.284324 	0.646405 	0.037621 	
1.435	0.0604154 	-0.052559 	-1.97399 	0.284866 	0.64801 	0.0384286 	
1.44	0.0604314 	-0.0528468 	-1.97375 	0.284871 	0.648053 	0.0384256 	
1.445	0.0604474 	-0.053134 	-1.9735 	0.284876 	0.648096 	0.0384225 	
1.45	0.0606479 	-0.0536553 	-1.97337 	0.285422 	0.649691 	0.0392293 	
1.455	0.060664 	-0.0539416 	-1.97312 	0.285427 	0.649733 	0.039226 	
1.46	0.0606802 	-0.0542273 	-1.97288 	0.285432 	0.649776 	0.0392226 	
1.465	0.0608812 	-0.0547458 	-1.97275 	0.285982 	0.651361 	0.0400283 	
1.47	0.0608974 	-0.0550305 	-1.9725 	0.285987 	0.651403 	0.0400246 	
1.475	0.0609137 	-0.0553146 	-1.97226 	0.285992 	0.651445 	0.0400209 	
1.48	0.0611152 	-0.0558301 	-1.97212 	0.286546 	0.65302 	0.0408252 	
1.485	0.0611315 	-0.0561131 	-1.97188 	0.286551 	0.653061 	0.0408213 	
1.49	0.0611478 	-0.0563955 	-1.97164 	0.286556 	0.653102 	0.0408172 	
1.495	0.0613497 	-0.0569078 	-1.9715 	0.287113 	0.654667 	0.0416198 	
1.5	0.0613661 	-0.057189 	-1.97126 	0.287118 	0.654707 	0.0416155 	
1.505	0.0613825 	-0.0574695 	-1.97102 	0.287123 	0.654747 	0.0416112 	
1.51	0.0615847 	-0.0579785 	-1.97088 	0.287684 	0.656301 	0.0424118 	
1.515	0.0616011 	-0.0582578 	-1.97064 	0.287688 	0.656341 	0.0424072 	
1.52	0.0616176 	-0.0585364 	-1.9704 	0.287693 	0.65638 	0.0424025 	
1.525	0.06182 	-0.0590418 	-1.97027 	0.288257 	0.657922 	0.0432008 	
1.53	0.0618364 	-0.0593191 	-1.97003 	0.288262 	0.657961 	0.043196 	
1.535	0.061853 	-0.0595958 	-1.96979 	0.288266 	0.658 	0.043191 	
1.54	0.0620555 	-0.0600974 	-1.96965 	0.288833 	0.659529 	0.0439867 	
1.545	0.062072 	-0.0603727 	-1.96941 	0.288837 	0.659567 	0.0439815 	
1.55	0.0620885 	-0.0606472 	-1.96917 	0.288841 	0.659605 	0.0439762 	
1.555	0.0622911 	-0.061145 	-1.96904 	0.289411 	0.661122 	0.044769 	
1.56	0.0623076 	-0.061418 	-1.9688 	0.289415 	0.661159 	0.0447635 	
1.565	0.0623242 	-0.0616904 	-1.96856 	0.289419 	0.661197 	0.044758 	
1.57	0.0625266 	-0.062184 	-1.96843 	0.289991 	0.6627 	0.0455474 	
1.575	0.0625432 	-0.0624549 	-1.96819 	0.289995 	0.662737 	0.0455417 	
1.58	0.0625598 	-0.0627249 	-1.96795 	0.289999 	0.662774 	0.0455359 	
1.585	0.0627621 	-0.0632143 	-1.96782 	0.290573 	0.664263 	0.0463217 	
1.59	0.0627787 	-0.0634828 	-1.96759 	0.290576 	0.664299 	0.0463158 	
1.595	0.0627953 	-0.0637504 	-1.96735 	0.29058 	0.664335 	0.0463097 	
1.6	0.0629972 	-0.0642354 	-1.96722 	0.291155 	0.66581 	0.0470916 	
1.605	0.0630138 	-0.0645014 	-1.96698 	0.291159 	0.665846 	0.0470854 	
1.61	0.0630304 	-0.0647665 	-1.96675 	0.291162 	0.665881 	0.0470791 	
1.615	0.063232 	-0.065247 	-1.96661 	0.291739 	0.667341 	0.0478568 	
1.62	0.0632485 	-0.0655104 	-1.96638 	0.291742 	0.667376 	0.0478503 	
1.625	0.0632652 	-0.065773 	-1.96615 	0.291746 	0.66741 	0.0478437 	
1.63	0.0632818 	-0.0660347 	-1.96592 	0.291749 	0.667445 	0.0478371 	
1.635	0.0635378 	-0.0665732 	-1.96582 	0.292498 	0.669309 	0.0488425 	
1.64	0.0635544 	-0.0668332 	-1.96559 	0.292501 	0.669343 	0.0488357 	
1.645	0.063571 	-0.0670922 	-1.96536 	0.292504 	0.669377 	0.0488288 	
1.65	0.0637768 	-0.0675677 	-1.96523 	0.2931 	0.670843 	0.0496193 	
1.655	0.0637934 	-0.0678248 	-1.965 	0.293103 	0.670876 	0.0496122 	
1.66	0.0638099 	-0.0680811 	-1.96477 	0.293106 	0.670909 	0.0496052 	
1.665	0.0638265 	-0.0683364 	-1.96455 	0.293108 	0.670941 	0.049598 	
1.67	0.064081 	-0.0688621 	-1.96444 	0.29386 	0.672761 	0.0505903 	
1.675	0.0640975 	-0.0691155 	-1.96422 	0.293863 	0.672794 	0.050583 	
1.68	0.064114 	-0.0693679 	-1.96399 	0.293865 	0.672825 	0.0505757 	
1.685	0.0641305 	-0.0696193 	-1.96377 	0.293868 	0.672857 	0.0505682 	
1.69	0.0643885 	-0.0701426 	-1.96367 	0.294634 	0.674686 	0.051572 	
1.695	0.0644049 	-0.070392 	-1.96344 	0.294637 	0.674717 	0.0515645 	
1.7	0.0644213 	-0.0706404 	-1.96322 	0.29464 	0.674748 	0.0515569 	
1.705	0.0644377 	-0.0708878 	-1.963 	0.294642 	0.674778 	0.0515492 	
1.71	0.0646945 	-0.0714032 	-1.9629 	0.295408 	0.67658 	0.0525442 	
1.715	0.0647108 	-0.0716485 	-1.96268 	0.295411 	0.67661 	0.0525364 	
1.72	0.0647271 	-0.0718928 	-1.96246 	0.295413 	0.67664 	0.0525286 	
1.725	0.0647434 	-0.072136 	-1.96225 	0.295416 	0.67667 	0.0525207 	
1.73	0.0649982 	-0.0726425 	-1.96214 	0.296179 	0.67844 	0.0535043 	
1.735	0.0650144 	-0.0728837 	-1.96193 	0.296182 	0.678469 	0.0534963 	
1.74	0.0650306 	-0.0731237 	-1.96171 	0.296184 	0.678498 	0.0534882 	
1.745	0.0650467 	-0.0733626 	-1.9615 	0.296186 	0.678527 	0.0534801 	
1.75	0.0652991 	-0.07386 	-1.9614 	0.296946 	0.680264 	0.0544512 	
1.755	0.0653152 	-0.0740967 	-1.96118 	0.296948 	0.680292 	0.054443 	
1.76	0.0653313 	-0.0743323 	-1.96097 	0.29695 	0.68032 	0.0544348 	
1.765	0.0653473 	-0.0745668 	-1.96076 	0.296952 	0.680348 	0.0544265 	
1.77	0.0655971 	-0.0750547 	-1.96066 	0.297708 	0.682051 	0.0553843 	
1.775	0.0656131 	-0.0752869 	-1.96045 	0.29771 	0.682079 	0.0553759 	
1.78	0.065629 	-0.075518 	-1.96024 	0.297711 	0.682106 	0.0553675 	
1.785	0.0656448 	-0.0757479 	-1.96004 	0.297713 	0.682133 	0.0553591 	
1.79	0.0658918 	-0.0762261 	-1.95993 	0.298463 	0.683801 	0.0563028 	
1.795	0.0659076 	-0.0764537 	-1.95973 	0.298465 	0.683828 	0.0562943 	
1.8	0.0659233 	-0.07668 	-1.95953 	0.298467 	0.683854 	0.0562858 	
1.805	0.065939 	-0.0769052 	-1.95933 	0.298468 	0.68388 	0.0562772 	
1.81	0.0661829 	-0.0773734 	-1.95922 	0.299212 	0.685513 	0.0572061 	
1.815	0.0661984 	-0.0775962 	-1.95902 	0.299213 	0.685538 	0.0571975 	
1.82	0.066214 	-0.0778177 	-1.95882 	0.299215 	0.685564 	0.0571888 	
1.825	0.0662295 	-0.078038 	-1.95862 	0.299216 	0.685589 	0.0571801 	
1.83	0.06647 	-0.0784959 	-1.95852 	0.299952 	0.687185 	0.0580934 	
1.835	0.0664854 	-0.0787138 	-1.95832 	0.299954 	0.68721 	0.0580846 	
1.84	0.0665007 	-0.0789304 	-1.95813 	0.299955 	0.687234 	0.0580759 	
1.845	0.066516 	-0.0791457 	-1.95794 	0.299956 	0.687258 	0.0580671 	
1.85	0.0667529 	-0.0795931 	-1.95783 	0.300684 	0.688817 	0.058964 	
1.855	0.066768 	-0.0798059 	-1.95764 	0.300686 	0.688841 	0.0589552 	
1.86	0.0667831 	-0.0800174 	-1.95745 	0.300687 	0.688864 	0.0589464 	
1.865	0.0667981 	-0.0802277 	-1.95726 	0.300688 	0.688888 	0.0589375 	
1.87	0.0670312 	-0.0806643 	-1.95716 	0.301406 	0.690408 	0.0598172 	
1.875	0.0670461 	-0.0808719 	-1.95697 	0.301407 	0.690431 	0.0598083 	
1.88	0.0670609 	-0.0810782 	-1.95678 	0.301408 	0.690454 	0.0597995 	
1.885	0.0670757 	-0.0812832 	-1.9566 	0.301409 	0.690476 	0.0597906 	
1.89	0.0673047 	-0.0817088 	-1.9565 	0.302118 	0.691958 	0.0606524 	
1.895	0.0673193 	-0.0819112 	-1.95632 	0.302119 	0.69198 	0.0606435 	
1.9	0.0673339 	-0.0821122 	-1.95613 	0.30212 	0.692002 	0.0606346 	
1.905	0.0673484 	-0.0823118 	-1.95595 	0.30212 	0.692023 	0.0606257 	
1.91	0.067573 	-0.0827262 	-1.95585 	0.302818 	0.693465 	0.0614688 	
1.915	0.0675874 	-0.0829231 	-1.95568 	0.302818 	0.693486 	0.0614599 	
1.92	0.0676016 	-0.0831187 	-1.9555 	0.302819 	0.693507 	0.061451 	
1.925	0.0676159 	-0.0833129 	-1.95532 	0.30282 	0.693528 	0.0614421 	
1.93	0.0678359 	-0.0837157 	-1.95522 	0.303505 	0.694929 	0.0622658 	
1.935	0.0678499 	-0.0839072 	-1.95505 	0.303506 	0.694949 	0.0622569 	
1.94	0.0678639 	-0.0840972 	-1.95488 	0.303506 	0.694969 	0.0622481 	
1.945	0.0678778 	-0.0842858 	-1.95471 	0.303507 	0.694989 	0.0622392 	
1.95	0.0678917 	-0.084473 	-1.95453 	0.303507 	0.695009 	0.0622304 	
1.955	0.0681511 	-0.0849076 	-1.95446 	0.304328 	0.696664 	0.0632129 	
1.96	0.0681648 	-0.085092 	-1.95429 	0.304328 	0.696683 	0.0632041 	
1.965	0.0681784 	-0.085275 	-1.95412 	0.304329 	0.696702 	0.0631953 	
1.97	0.0681919 	-0.0854565 	-1.95396 	0.304329 	0.696721 	0.0631865 	
1.975	0.0682053 	-0.0856365 	-1.95379 	0.30433 	0.69674 	0.0631777 	
1.98	0.0684616 	-0.086059 	-1.95372 	0.305144 	0.698361 	0.0641468 	
1.985	0.0684749 	-0.0862362 	-1.95356 	0.305144 	0.698379 	0.0641381 	
1.99	0.068488 	-0.0864119 	-1.9534 	0.305144 	0.698397 	0.0641294 	
1.995	0.0685011 	-0.0865861 	-1.95324 	0.305145 	0.698415 	0.0641207 	
2	0.0685141 	-0.0867589 	-1.95308 	0.305145 	0.698432 	0.0641121 	
2.005	0.0687625 	-0.0871645 	-1.95301 	0.305937 	0.69999 	0.0650489 	
2.01	0.0687753 	-0.0873343 	-1.95285 	0.305937 	0.700007 	0.0650403 	
2.015	0.068788 	-0.0875026 	-1.9527 	0.305938 	0.700024 	0.0650318 	
2.02	0.0688006 	-0.0876695 	-1.95254 	0.305938 	0.700041 	0.0650233 	
2.025	0.0688131 	-0.0878348 	-1.95239 	0.305938 	0.700058 	0.0650148 	
2.03	0.0690528 	-0.0882228 	-1.95232 	0.306705 	0.701548 	0.0659162 	
2.035	0.0690651 	-0.0883851 	-1.95217 	0.306705 	0.701564 	0.0659078 	
2.04	0.0690773 	-0.0885459 	-1.95202 	0.306705 	0.70158 	0.0658995 	
2.045	0.0690895 	-0.0887051 	-1.95188 	0.306705 	0.701596 	0.0658912 	
2.05	0.0691015 	-0.0888628 	-1.95173 	0.306705 	0.701612 	0.0658829 	
2.055	0.0693319 	-0.0892329 	-1.95166 	0.307444 	0.703033 	0.0667475 	
2.06	0.0693437 	-0.0893875 	-1.95152 	0.307444 	0.703049 	0.0667393 	
2.065	0.0693554 	-0.0895406 	-1.95138 	0.307444 	0.703064 	0.0667311 	
2.07	0.0693671 	-0.0896922 	-1.95124 	0.307444 	0.703078 	0.066723 	
2.075	0.0693786 	-0.0898422 	-1.9511 	0.307444 	0.703093 	0.066715 	
2.08	0.06939 	-0.0899906 	-1.95097 	0.307444 	0.703107 	0.0667069 	
2.085	0.069647 	-0.0903761 	-1.95091 	0.308278 	0.704691 	0.0676783 	
2.09	0.0696582 	-0.0905214 	-1.95078 	0.308278 	0.704705 	0.0676704 	
2.095	0.0696693 	-0.0906651 	-1.95065 	0.308278 	0.704719 	0.0676625 	
2.1	0.0696803 	-0.0908072 	-1.95052 	0.308278 	0.704732 	0.0676547 	
2.105	0.0696912 	-0.0909477 	-1.95039 	0.308278 	0.704746 	0.067647 	
2.11	0.069702 	-0.0910867 	-1.95026 	0.308278 	0.704759 	0.0676393 	
2.115	0.0699486 	-0.0914513 	-1.95021 	0.309082 	0.706267 	0.0685702 	
2.12	0.0699591 	-0.091587 	-1.95008 	0.309082 	0.70628 	0.0685626 	
2.125	0.0699695 	-0.0917212 	-1.94996 	0.309082 	0.706293 	0.0685551 	
2.13	0.0699799 	-0.0918537 	-1.94984 	0.309081 	0.706305 	0.0685477 	
2.135	0.0699901 	-0.0919846 	-1.94972 	0.309081 	0.706317 	0.0685403 	
2.14	0.0700002 	-0.0921138 	-1.9496 	0.309081 	0.70633 	0.068533 	
2.145	0.0702321 	-0.0924535 	-1.94955 	0.309839 	0.707736 	0.0694066 	
2.15	0.0702419 	-0.0925796 	-1.94944 	0.309839 	0.707748 	0.0693994 	
2.155	0.0702517 	-0.092704 	-1.94932 	0.309839 	0.70776 	0.0693923 	
2.16	0.0702613 	-0.0928267 	-1.94921 	0.309839 	0.707771 	0.0693852 	
2.165	0.0702708 	-0.0929478 	-1.94909 	0.309839 	0.707782 	0.0693783 	
2.17	0.0702802 	-0.0930673 	-1.94898 	0.309838 	0.707794 	0.0693714 	
2.175	0.0702895 	-0.0931851 	-1.94888 	0.309838 	0.707804 	0.0693646 	
2.18	0.070535 	-0.0935253 	-1.94884 	0.310648 	0.709289 	0.0702936 	
2.185	0.070544 	-0.0936398 	-1.94874 	0.310648 	0.7093 	0.070287 	
2.19	0.0705529 	-0.0937526 	-1.94863 	0.310647 	0.70931 	0.0702804 	
2.195	0.0705617 	-0.0938638 	-1.94853 	0.310647 	0.70932 	0.0702739 	
2.2	0.0705703 	-0.0939733 	-1.94843 	0.310647 	0.70933 	0.0702674 	
2.205	0.0705789 	-0.0940811 	-1.94833 	0.310647 	0.70934 	0.0702611 	
2.21	0.0705873 	-0.0941872 	-1.94823 	0.310646 	0.70935 	0.0702548 	
2.215	0.0708141 	-0.0944973 	-1.9482 	0.311397 	0.710712 	0.0711123 	
2.22	0.0708222 	-0.0946 	-1.9481 	0.311397 	0.710721 	0.0711062 	
2.225	0.0708303 	-0.0947011 	-1.94801 	0.311397 	0.71073 	0.0711002 	
2.23	0.0708382 	-0.0948005 	-1.94792 	0.311397 	0.710739 	0.0710943 	
2.235	0.070846 	-0.0948982 	-1.94783 	0.311396 	0.710748 	0.0710884 	
2.24	0.0708536 	-0.0949942 	-1.94774 	0.311396 	0.710757 	0.0710826 	
2.245	0.0708611 	-0.0950884 	-1.94765 	0.311396 	0.710765 	0.071077 	
2.25	0.0708685 	-0.095181 	-1.94756 	0.311395 	0.710774 	0.0710714 	
2.255	0.0710958 	-0.0954774 	-1.94754 	0.312154 	0.712134 	0.0719339 	
2.26	0.0711029 	-0.0955666 	-1.94746 	0.312154 	0.712142 	0.0719285 	
2.265	0.0711099 	-0.095654 	-1.94738 	0.312153 	0.71215 	0.0719231 	
2.27	0.0711168 	-0.0957397 	-1.9473 	0.312153 	0.712157 	0.0719179 	
2.275	0.0711235 	-0.0958237 	-1.94722 	0.312153 	0.712165 	0.0719128 	
2.28	0.0711301 	-0.095906 	-1.94715 	0.312152 	0.712172 	0.0719077 	
2.285	0.0711366 	-0.0959866 	-1.94707 	0.312152 	0.712179 	0.0719028 	
2.29	0.0711429 	-0.0960654 	-1.947 	0.312152 	0.712186 	0.071898 	
2.295	0.0711491 	-0.0961425 	-1.94693 	0.312152 	0.712193 	0.0718932 	
2.3	0.0711552 	-0.0962178 	-1.94686 	0.312151 	0.7122 	0.0718885 	
2.305	0.0713927 	-0.0965061 	-1.94686 	0.312952 	0.713619 	0.0727957 	
2.31	0.0713984 	-0.096578 	-1.94679 	0.312952 	0.713625 	0.0727913 	
2.315	0.0714041 	-0.0966481 	-1.94672 	0.312951 	0.713631 	0.0727869 	
2.32	0.0714096 	-0.0967165 	-1.94666 	0.312951 	0.713637 	0.0727827 	
2.325	0.071415 	-0.0967832 	-1.9466 	0.312951 	0.713643 	0.0727785 	
2.33	0.0714202 	-0.0968481 	-1.94654 	0.31295 	0.713649 	0.0727745 	
2.335	0.0714253 	-0.0969112 	-1.94648 	0.31295 	0.713654 	0.0727705 	
2.34	0.0714302 	-0.0969726 	-1.94642 	0.31295 	0.71366 	0.0727667 	
2.345	0.0714351 	-0.0970322 	-1.94637 	0.31295 	0.713665 	0.0727629 	
2.35	0.0714397 	-0.0970901 	-1.94631 	0.312949 	0.71367 	0.0727593 	
2.355	0.0714443 	-0.0971462 	-1.94626 	0.312949 	0.713675 	0.0727558 	
2.36	0.0714487 	-0.0972005 	-1.94621 	0.312949 	0.713679 	0.0727523 	
2.365	0.0714529 	-0.0972531 	-1.94616 	0.312949 	0.713684 	0.072749 	
2.37	0.071687 	-0.0975154 	-1.94618 	0.313746 	0.71508 	0.0736492 	
2.375	0.0716909 	-0.0975645 	-1.94613 	0.313746 	0.715084 	0.0736461 	
2.38	0.0716948 	-0.0976118 	-1.94609 	0.313745 	0.715088 	0.0736431 	
2.385	0.0716985 	-0.0976573 	-1.94605 	0.313745 	0.715092 	0.0736403 	
2.39	0.071702 	-0.097701 	-1.94601 	0.313745 	0.715096 	0.0736375 	
2.395	0.0717054 	-0.097743 	-1.94597 	0.313745 	0.7151 	0.0736348 	
2.4	0.0717087 	-0.0977832 	-1.94593 	0.313745 	0.715103 	0.0736323 	
2.405	0.0717115 	-0.0978181 	-1.9459 	0.313744 	0.715106 	0.07363 	
2.41	0.0717148 	-0.0978582 	-1.94586 	0.313744 	0.71511 	0.0736275 	
2.415	0.0717173 	-0.0978899 	-1.94583 	0.313744 	0.715112 	0.0736255 	
2.42	0.07172 	-0.0979229 	-1.9458 	0.313744 	0.715115 	0.0736234 	
2.425	0.0717226 	-0.0979543 	-1.94577 	0.313744 	0.715118 	0.0736213 	
2.43	0.071725 	-0.097984 	-1.94574 	0.313744 	0.71512 	0.0736195 	
2.435	0.0717273 	-0.0980119 	-1.94571 	0.313743 	0.715123 	0.0736177 	
2.44	0.0717294 	-0.0980381 	-1.94569 	0.313743 	0.715125 	0.073616 	
2.445	0.0717314 	-0.0980624 	-1.94567 	0.313743 	0.715127 	0.0736144 	
2.45	0.0717332 	-0.098085 	-1.94565 	0.313743 	0.715129 	0.073613 	
2.455	0.0717349 	-0.0981058 	-1.94563 	0.313743 	0.715131 	0.0736117 	
2.46	0.0717364 	-0.0981247 	-1.94561 	0.313743 	0.715132 	0.0736104 	
2.465	0.0717378 	-0.098142 	-1.94559 	0.313743 	0.715134 	0.0736093 	
2.47	0.0717391 	-0.0981574 	-1.94558 	0.313743 	0.715135 	0.0736083 	
2.475	0.0717402 	-0.098171 	-1.94557 	0.313743 	0.715136 	0.0736075 	
2.48	0.0717412 	-0.0981828 	-1.94556 	0.313743 	0.715137 	0.0736067 	
2.485	0.071742 	-0.0981929 	-1.94555 	0.313743 	0.715138 	0.0736061 	
2.49	0.0717427 	-0.0982011 	-1.94554 	0.313743 	0.715139 	0.0736055 	
2.495	0.0717432 	-0.0982076 	-1.94553 	0.313742 	0.71514 	0.0736051 	
2.5	0.0717436 	-0.0982123 	-1.94553 	0.313742 	0.71514 	0.0736048 	
2.505	0.0717436 	-0.0982123 	-1.94553 	0.313742 	0.71514 	0.0736048 	
2.51	0.0717439 	-0.098216 	-1.94552 	0.313742 	0.71514 	0.0736046 	
2.515	0.0717439 	-0.098216 	-1.94552 	0.313742 	0.71514 	0.0736046 	
2.52	0.0717439 	-0.098216 	-1.94552 	0.313742 	0.71514 	0.0736046 	
2.525	0.0717459 	-0.0982147 	-1.94552 	0.31374 	0.715135 	0.0735997 	
2.53	0.0717477 	-0.0982133 	-1.94552 	0.313738 	0.71513 	0.0735955 	
2.535	0.0717499 	-0.0982115 	-1.94551 	0.313736 	0.715124 	0.0735903 	
2.54	0.0717526 	-0.0982093 	-1.9455 	0.313733 	0.715117 	0.0735839 	
2.545	0.0717558 	-0.0982067 	-1.9455 	0.313729 	0.715109 	0.0735763 	
2.55	0.0717595 	-0.0982037 	-1.94549 	0.313725 	0.715099 	0.0735675 	
2.555	0.0717637 	-0.0982003 	-1.94548 	0.313721 	0.715088 	0.0735576 	
2.56	0.0717684 	-0.0981965 	-1.94547 	0.313716 	0.715076 	0.0735464 	
2.565	0.0717736 	-0.0981923 	-1.94546 	0.31371 	0.715062 	0.0735341 	
2.57	0.0717793 	-0.0981877 	-1.94544 	0.313704 	0.715047 	0.0735206 	
2.575	0.0717855 	-0.0981826 	-1.94543 	0.313697 	0.715031 	0.0735059 	
2.58	0.0717922 	-0.0981772 	-1.94542 	0.313689 	0.715013 	0.07349 	
2.585	0.0717994 	-0.0981714 	-1.9454 	0.313681 	0.714994 	0.073473 	
2.59	0.0718071 	-0.0981652 	-1.94538 	0.313673 	0.714974 	0.0734547 	
2.595	0.0718153 	-0.0981585 	-1.94536 	0.313664 	0.714952 	0.0734353 	
2.6	0.071824 	-0.0981515 	-1.94534 	0.313654 	0.71493 	0.0734147 	
2.605	0.0718332 	-0.098144 	-1.94532 	0.313644 	0.714905 	0.073393 	
2.61	0.0718429 	-0.0981362 	-1.9453 	0.313634 	0.71488 	0.07337 	
2.615	0.071853 	-0.098128 	-1.94528 	0.313623 	0.714853 	0.0733459 	
2.62	0.0718648 	-0.0981185 	-1.94525 	0.31361 	0.714822 	0.0733181 	
2.625	0.071875 	-0.0981102 	-1.94523 	0.313599 	0.714796 	0.0732939 	
2.63	0.0718877 	-0.0980999 	-1.9452 	0.313585 	0.714762 	0.0732638 	
2.635	0.0718999 	-0.09809 	-1.94517 	0.313571 	0.71473 	0.0732349 	
2.64	0.0719126 	-0.0980798 	-1.94515 	0.313557 	0.714697 	0.0732048 	
2.645	0.0719258 	-0.0980691 	-1.94512 	0.313543 	0.714662 	0.0731736 	
2.65	0.0719395 	-0.0980581 	-1.94509 	0.313528 	0.714626 	0.0731412 	
2.655	0.0719536 	-0.0980466 	-1.94505 	0.313512 	0.714589 	0.0731077 	
2.66	0.0719683 	-0.0980348 	-1.94502 	0.313496 	0.71455 	0.073073 	
2.665	0.0719834 	-0.0980226 	-1.94499 	0.31348 	0.71451 	0.0730371 	
2.67	0.071999 	-0.0980099 	-1.94495 	0.313462 	0.714469 	0.0730001 	
2.675	0.0720151 	-0.0979969 	-1.94492 	0.313445 	0.714427 	0.072962 	
2.68	0.0720317 	-0.0979835 	-1.94488 	0.313427 	0.714383 	0.0729227 	
2.685	0.0720488 	-0.0979697 	-1.94484 	0.313408 	0.714338 	0.0728823 	
2.69	0.0720664 	-0.0979556 	-1.9448 	0.313389 	0.714292 	0.0728407 	
2.695	0.0720844 	-0.097941 	-1.94476 	0.313369 	0.714245 	0.072798 	
2.7	0.0721029 	-0.0979261 	-1.94472 	0.313348 	0.714196 	0.0727541 	
2.705	0.0721219 	-0.0979107 	-1.94468 	0.313328 	0.714146 	0.0727092 	
2.71	0.0721414 	-0.097895 	-1.94463 	0.313306 	0.714095 	0.0726631 	
2.715	0.0721613 	-0.0978789 	-1.94459 	0.313284 	0.714042 	0.0726158 	
2.72	0.0721818 	-0.0978625 	-1.94454 	0.313262 	0.713988 	0.0725675 	
2.725	0.0722027 	-0.0978456 	-1.94449 	0.313239 	0.713933 	0.072518 	
2.73	0.072224 	-0.0978284 	-1.94445 	0.313216 	0.713877 	0.0724674 	
2.735	0.0722459 	-0.0978108 	-1.9444 	0.313192 	0.71382 	0.0724157 	
2.74	0.0722682 	-0.0977929 	-1.94435 	0.313167 	0.713761 	0.0723629 	
2.745	0.072291 	-0.0977745 	-1.94429 	0.313142 	0.713701 	0.072309 	
2.75	0.0723142 	-0.0977558 	-1.94424 	0.313117 	0.71364 	0.072254 	
2.755	0.0723379 	-0.0977367 	-1.94419 	0.313091 	0.713577 	0.0721979 	
2.76	0.0723621 	-0.0977173 	-1.94413 	0.313065 	0.713514 	0.0721407 	
2.765	0.0723868 	-0.0976975 	-1.94408 	0.313038 	0.713449 	0.0720824 	
2.77	0.0724119 	-0.0976773 	-1.94402 	0.31301 	0.713383 	0.072023 	
2.775	0.0724374 	-0.0976568 	-1.94397 	0.312982 	0.713315 	0.0719625 	
2.78	0.0724635 	-0.0976359 	-1.94391 	0.312954 	0.713247 	0.0719009 	
2.785	0.0725016 	-0.0973178 	-1.94377 	0.313328 	0.711694 	0.0724795 	
2.79	0.0725285 	-0.0972962 	-1.94371 	0.313299 	0.711624 	0.0724158 	
2.795	0.0725559 	-0.0972743 	-1.94365 	0.313269 	0.711552 	0.0723511 	
2.8	0.0725838 	-0.097252 	-1.94359 	0.313238 	0.711478 	0.0722853 	
2.805	0.0726121 	-0.0972294 	-1.94353 	0.313208 	0.711404 	0.0722184 	
2.81	0.0726409 	-0.0972064 	-1.94346 	0.313176 	0.711328 	0.0721505 	
2.815	0.0726701 	-0.097183 	-1.9434 	0.313144 	0.711251 	0.0720815 	
2.82	0.0726997 	-0.0971593 	-1.94333 	0.313112 	0.711173 	0.0720115 	
2.825	0.0727298 	-0.0971353 	-1.94326 	0.313079 	0.711094 	0.0719405 	
2.83	0.0727603 	-0.0971109 	-1.94319 	0.313046 	0.711014 	0.0718684 	
2.835	0.0727913 	-0.0970862 	-1.94312 	0.313013 	0.710933 	0.0717953 	
2.84	0.0728227 	-0.0970611 	-1.94305 	0.312978 	0.71085 	0.0717212 	
2.845	0.0728545 	-0.0970357 	-1.94298 	0.312944 	0.710766 	0.071646 	
2.85	0.0728868 	-0.09701 	-1.94291 	0.312909 	0.710681 	0.0715698 	
2.855	0.0728125 	-0.0966841 	-1.94275 	0.312741 	0.708924 	0.0714652 	
2.86	0.0728457 	-0.0966578 	-1.94268 	0.312705 	0.708837 	0.0713871 	
2.865	0.0728793 	-0.0966311 	-1.9426 	0.312669 	0.708748 	0.071308 	
2.87	0.0729133 	-0.0966041 	-1.94252 	0.312632 	0.708659 	0.0712279 	
2.875	0.0729477 	-0.0965767 	-1.94245 	0.312595 	0.708569 	0.0711468 	
2.88	0.0729826 	-0.0965491 	-1.94237 	0.312557 	0.708477 	0.0710648 	
2.885	0.0730179 	-0.0965211 	-1.94229 	0.312519 	0.708384 	0.0709817 	
2.89	0.0730536 	-0.0964928 	-1.94221 	0.312481 	0.70829 	0.0708977 	
2.895	0.0730897 	-0.0964642 	-1.94212 	0.312442 	0.708195 	0.0708127 	
2.9	0.0731262 	-0.0964352 	-1.94204 	0.312402 	0.708099 	0.0707267 	
2.905	0.0731632 	-0.096406 	-1.94196 	0.312363 	0.708002 	0.0706398 	
2.91	0.0732005 	-0.0963765 	-1.94187 	0.312322 	0.707904 	0.070552 	
2.915	0.0731181 	-0.0960424 	-1.9417 	0.312096 	0.706087 	0.0703695 	
2.92	0.0731563 	-0.0960123 	-1.94162 	0.312055 	0.705987 	0.0702799 	
2.925	0.0731949 	-0.0959819 	-1.94153 	0.312014 	0.705886 	0.0701893 	
2.93	0.0732339 	-0.0959512 	-1.94144 	0.311972 	0.705783 	0.0700978 	
2.935	0.0732733 	-0.0959201 	-1.94135 	0.31193 	0.70568 	0.0700054 	
2.94	0.0733131 	-0.0958888 	-1.94126 	0.311887 	0.705575 	0.069912 	
2.945	0.0733533 	-0.0958572 	-1.94117 	0.311844 	0.70547 	0.0698178 	
2.95	0.0733938 	-0.0958253 	-1.94108 	0.311801 	0.705363 	0.0697226 	
2.955	0.0734348 	-0.0957931 	-1.94099 	0.311757 	0.705255 	0.0696266 	
2.96	0.0734761 	-0.0957607 	-1.94089 	0.311713 	0.705147 	0.0695297 	
2.965	0.0735178 	-0.0957279 	-1.9408 	0.311668 	0.705037 	0.0694319 	
2.97	0.0734349 	-0.095381 	-1.94061 	0.311429 	0.703147 	0.0692311 	
2.975	0.0734774 	-0.0953478 	-1.94052 	0.311384 	0.703036 	0.0691317 	
2.98	0.0735203 	-0.0953143 	-1.94042 	0.311338 	0.702923 	0.0690314 	
2.985	0.0735635 	-0.0952805 	-1.94032 	0.311292 	0.70281 	0.0689302 	
2.99	0.0736072 	-0.0952464 	-1.94022 	0.311246 	0.702695 	0.0688282 	
2.995	0.0736512 	-0.095212 	-1.94012 	0.311199 	0.702579 	0.0687254 	
3	0.0736955 	-0.0951774 	-1.94002 	0.311152 	0.702463 	0.0686217 	
3.005	0.0737403 	-0.0951426 	-1.93992 	0.311104 	0.702346 	0.0685171 	
3.01	0.0737853 	-0.0951075 	-1.93982 	0.311056 	0.702227 	0.0684118 	
3.015	0.0738308 	-0.0950721 	-1.93972 	0.311008 	0.702108 	0.0683057 	
3.02	0.0737516 	-0.0947228 	-1.93952 	0.310767 	0.700204 	0.0680974 	
3.025	0.0737978 	-0.094687 	-1.93942 	0.310719 	0.700083 	0.0679897 	
3.03	0.0738443 	-0.0946509 	-1.93931 	0.31067 	0.699961 	0.0678813 	
3.035	0.0738912 	-0.0946146 	-1.93921 	0.31062 	0.699838 	0.0677721 	
3.04	0.0739384 	-0.094578 	-1.9391 	0.31057 	0.699714 	0.0676621 	
3.045	0.073986 	-0.0945412 	-1.93899 	0.31052 	0.699589 	0.0675513 	
3.05	0.0740338 	-0.0945042 	-1.93888 	0.31047 	0.699463 	0.0674398 	
3.055	0.0740821 	-0.0944669 	-1.93877 	0.310419 	0.699337 	0.0673275 	
3.06	0.0741306 	-0.0944294 	-1.93866 	0.310368 	0.699209 	0.0672144 	
3.065	0.0740585 	-0.094088 	-1.93846 	0.310132 	0.697348 	0.0670037 	
3.07	0.0741078 	-0.0940501 	-1.93835 	0.310081 	0.697219 	0.0668893 	
3.075	0.0741574 	-0.0940119 	-1.93824 	0.310029 	0.697089 	0.0667742 	
3.08	0.0742072 	-0.0939736 	-1.93812 	0.309977 	0.696958 	0.0666583 	
3.085	0.0742574 	-0.093935 	-1.93801 	0.309924 	0.696827 	0.0665418 	
3.09	0.074308 	-0.0938962 	-1.93789 	0.309871 	0.696694 	0.0664245 	
3.095	0.0743588 	-0.0938572 	-1.93778 	0.309818 	0.696561 	0.0663066 	
3.1	0.0744099 	-0.093818 	-1.93766 	0.309765 	0.696427 	0.0661879 	
3.105	0.0744613 	-0.0937786 	-1.93755 	0.309711 	0.696292 	0.0660686 	
3.11	0.0743863 	-0.0934205 	-1.93733 	0.309466 	0.694333 	0.0658482 	
3.115	0.0744384 	-0.0933808 	-1.93721 	0.309412 	0.694197 	0.0657277 	
3.12	0.0744907 	-0.0933409 	-1.93709 	0.309358 	0.69406 	0.0656065 	
3.125	0.0745434 	-0.0933007 	-1.93697 	0.309303 	0.693922 	0.0654846 	
3.13	0.0745963 	-0.0932604 	-1.93685 	0.309248 	0.693783 	0.0653621 	
3.135	0.0746495 	-0.0932199 	-1.93673 	0.309193 	0.693643 	0.065239 	
3.14	0.0747031 	-0.0931792 	-1.93661 	0.309138 	0.693503 	0.0651152 	
3.145	0.0747568 	-0.0931383 	-1.93649 	0.309082 	0.693362 	0.0649909 	
3.15	0.0746916 	-0.0927973 	-1.93627 	0.308848 	0.691498 	0.0647726 	
3.155	0.0747459 	-0.0927562 	-1.93615 	0.308792 	0.691356 	0.0646472 	
3.16	0.0748006 	-0.0927148 	-1.93602 	0.308736 	0.691213 	0.0645211 	
3.165	0.0748555 	-0.0926733 	-1.9359 	0.308679 	0.691069 	0.0643945 	
3.17	0.0749106 	-0.0926316 	-1.93577 	0.308623 	0.690924 	0.0642673 	
3.175	0.0749661 	-0.0925898 	-1.93565 	0.308566 	0.690779 	0.0641395 	
3.18	0.0750217 	-0.0925478 	-1.93552 	0.308509 	0.690633 	0.0640112 	
3.185	0.0750776 	-0.0925057 	-1.93539 	0.308451 	0.690487 	0.0638823 	
3.19	0.0750113 	-0.0921552 	-1.93517 	0.308213 	0.688565 	0.0636582 	
3.195	0.0750677 	-0.0921129 	-1.93504 	0.308155 	0.688417 	0.0635284 	
3.2	0.0751244 	-0.0920703 	-1.93491 	0.308097 	0.688269 	0.063398 	
3.205	0.0751814 	-0.0920276 	-1.93478 	0.308039 	0.688119 	0.0632672 	
3.21	0.0752385 	-0.0919848 	-1.93465 	0.307981 	0.68797 	0.0631358 	
3.215	0.0752959 	-0.0919418 	-1.93452 	0.307922 	0.687819 	0.0630039 	
3.22	0.0753536 	-0.0918987 	-1.93439 	0.307864 	0.687669 	0.0628715 	
3.225	0.0754114 	-0.0918555 	-1.93425 	0.307805 	0.687517 	0.0627386 	
3.23	0.0753432 	-0.0914943 	-1.93402 	0.307561 	0.685529 	0.062509 	
3.235	0.0754015 	-0.0914509 	-1.93389 	0.307502 	0.685376 	0.0623753 	
3.24	0.07546 	-0.0914074 	-1.93375 	0.307443 	0.685223 	0.0622412 	
3.245	0.0755188 	-0.0913637 	-1.93362 	0.307384 	0.685069 	0.0621066 	
3.25	0.0755777 	-0.0913199 	-1.93348 	0.307324 	0.684915 	0.0619716 	
3.255	0.0756369 	-0.091276 	-1.93335 	0.307264 	0.68476 	0.0618362 	
3.26	0.0756962 	-0.091232 	-1.93321 	0.307204 	0.684605 	0.0617003 	
3.265	0.0756409 	-0.0908987 	-1.93298 	0.306978 	0.682773 	0.0614775 	
3.27	0.0757006 	-0.0908546 	-1.93284 	0.306918 	0.682616 	0.0613409 	
3.275	0.0757606 	-0.0908104 	-1.93271 	0.306858 	0.682459 	0.061204 	
3.28	0.0758208 	-0.090766 	-1.93257 	0.306798 	0.682302 	0.0610666 	
3.285	0.0758811 	-0.0907215 	-1.93243 	0.306737 	0.682144 	0.0609289 	
3.29	0.0759416 	-0.090677 	-1.93229 	0.306677 	0.681986 	0.0607908 	
3.295	0.0760022 	-0.0906324 	-1.93215 	0.306616 	0.681827 	0.0606523 	
3.3	0.0759474 	-0.0902964 	-1.93192 	0.30639 	0.679974 	0.0604274 	
3.305	0.0760084 	-0.0902517 	-1.93178 	0.306329 	0.679814 	0.0602884 	
3.31	0.0760696 	-0.0902068 	-1.93164 	0.306268 	0.679654 	0.060149 	
3.315	0.076131 	-0.090162 	-1.93149 	0.306207 	0.679494 	0.0600093 	
3.32	0.0761925 	-0.090117 	-1.93135 	0.306146 	0.679333 	0.0598693 	
3.325	0.0762541 	-0.090072 	-1.93121 	0.306084 	0.679172 	0.059729 	
3.33	0.0763159 	-0.0900269 	-1.93107 	0.306023 	0.67901 	0.0595884 	
3.335	0.0762605 	-0.0896861 	-1.93083 	0.305795 	0.677124 	0.0593612 	
3.34	0.0763226 	-0.089641 	-1.93069 	0.305734 	0.676961 	0.0592202 	
3.345	0.0763849 	-0.0895957 	-1.93054 	0.305672 	0.676799 	0.0590788 	
3.35	0.0764473 	-0.0895505 	-1.9304 	0.305611 	0.676636 	0.0589372 	
3.355	0.0765098 	-0.0895052 	-1.93026 	0.305549 	0.676472 	0.0587954 	
3.36	0.0765724 	-0.0894598 	-1.93011 	0.305487 	0.676308 	0.0586533 	
3.365	0.0766352 	-0.0894144 	-1.92997 	0.305426 	0.676144 	0.058511 	
3.37	0.0765792 	-0.0890696 	-1.92972 	0.305197 	0.674228 	0.0582822 	
3.375	0.0766422 	-0.0890242 	-1.92957 	0.305136 	0.674063 	0.0581395 	
3.38	0.0767054 	-0.0889787 	-1.92943 	0.305074 	0.673898 	0.0579967 	
3.385	0.0767686 	-0.0889332 	-1.92928 	0.305012 	0.673733 	0.0578536 	
3.39	0.0768319 	-0.0888877 	-1.92914 	0.30495 	0.673568 	0.0577104 	
3.395	0.0768954 	-0.0888422 	-1.92899 	0.304888 	0.673402 	0.057567 	
3.4	0.0769589 	-0.0887966 	-1.92885 	0.304826 	0.673236 	0.0574234 	
3.405	0.0769026 	-0.0884489 	-1.92859 	0.304598 	0.671296 	0.0571937 	
3.41	0.0769663 	-0.0884034 	-1.92845 	0.304536 	0.671129 	0.05705 	
3.415	0.0770301 	-0.0883578 	-1.9283 	0.304474 	0.670963 	0.056906 	
3.42	0.077094 	-0.0883122 	-1.92815 	0.304412 	0.670796 	0.056762 	
3.425	0.077158 	-0.0882667 	-1.928 	0.30435 	0.670629 	0.0566178 	
3.43	0.077222 	-0.0882211 	-1.92786 	0.304288 	0.670462 	0.0564734 	
3.435	0.0772861 	-0.0881755 	-1.92771 	0.304225 	0.670295 	0.056329 	
3.44	0.0772296 	-0.0878259 	-1.92745 	0.303998 	0.668336 	0.0560993 	
3.445	0.0772938 	-0.0877805 	-1.9273 	0.303936 	0.668168 	0.0559548 	
3.45	0.0773581 	-0.087735 	-1.92716 	0.303874 	0.668001 	0.0558102 	
3.455	0.0774225 	-0.0876895 	-1.92701 	0.303813 	0.667833 	0.0556656 	
3.46	0.0774868 	-0.087644 	-1.92686 	0.303751 	0.667665 	0.0555209 	
3.465	0.0775513 	-0.0875985 	-1.92671 	0.303689 	0.667496 	0.0553761 	
3.47	0.0776157 	-0.0875531 	-1.92656 	0.303627 	0.667328 	0.0552313 	
3.475	0.0775592 	-0.0872028 	-1.9263 	0.303401 	0.665357 	0.0550022 	
3.48	0.0776238 	-0.0871575 	-1.92615 	0.303339 	0.665189 	0.0548574 	
3.485	0.0776884 	-0.0871122 	-1.926 	0.303278 	0.665021 	0.0547127 	
3.49	0.077753 	-0.0870669 	-1.92585 	0.303216 	0.664852 	0.0545679 	
3.495	0.0778176 	-0.0870217 	-1.9257 	0.303154 	0.664684 	0.0544231 	
3.5	0.0778822 	-0.0869765 	-1.92555 	0.303093 	0.664515 	0.0542784 	
3.505	0.0779469 	-0.0869313 	-1.9254 	0.303031 	0.664346 	0.0541336 	
3.51	0.0778906 	-0.0865814 	-1.92514 	0.302808 	0.662369 	0.0539058 	
3.515	0.0779553 	-0.0865364 	-1.92499 	0.302747 	0.662201 	0.0537612 	
3.52	0.0780199 	-0.0864914 	-1.92484 	0.302686 	0.662032 	0.0536167 	
3.525	0.0780846 	-0.0864465 	-1.92469 	0.302624 	0.661864 	0.0534723 	
3.53	0.0781493 	-0.0864017 	-1.92454 	0.302563 	0.661695 	0.0533279 	
3.535	0.0782139 	-0.0863569 	-1.92439 	0.302502 	0.661526 	0.0531836 	
3.54	0.0782785 	-0.0863121 	-1.92424 	0.302441 	0.661358 	0.0530393 	
3.545	0.0782225 	-0.0859636 	-1.92398 	0.302221 	0.659381 	0.0528135 	
3.55	0.0782872 	-0.0859191 	-1.92383 	0.30216 	0.659213 	0.0526696 	
3.555	0.0783517 	-0.0858746 	-1.92368 	0.3021 	0.659044 	0.0525257 	
3.56	0.0784163 	-0.0858302 	-1.92353 	0.302039 	0.658876 	0.052382 	
3.565	0.0784808 	-0.0857858 	-1.92338 	0.301979 	0.658708 	0.0522385 	
3.57	0.0785452 	-0.0857416 	-1.92323 	0.301918 	0.65854 	0.052095 	
3.575	0.0786096 	-0.0856974 	-1.92308 	0.301858 	0.658372 	0.0519517 	
3.58	0.0785541 	-0.0853514 	-1.92282 	0.301641 	0.656401 	0.0517285 	
3.585	0.0786185 	-0.0853074 	-1.92267 	0.301581 	0.656234 	0.0515856 	
3.59	0.0786827 	-0.0852636 	-1.92252 	0.301522 	0.656066 	0.0514429 	
3.595	0.0787469 	-0.0852198 	-1.92237 	0.301462 	0.655899 	0.0513004 	
3.6	0.0788111 	-0.0851761 	-1.92222 	0.301402 	0.655732 	0.0511581 	
3.605	0.0788751 	-0.0851325 	-1.92207 	0.301343 	0.655565 	0.051016 	
3.61	0.0789391 	-0.085089 	-1.92192 	0.301283 	0.655398 	0.050874 	
3.615	0.0788843 	-0.0847465 	-1.92166 	0.301071 	0.653439 	0.0506541 	
3.62	0.0789482 	-0.0847033 	-1.92151 	0.301012 	0.653273 	0.0505127 	
3.625	0.0790119 	-0.0846601 	-1.92136 	0.300953 	0.653107 	0.0503716 	
3.63	0.0790756 	-0.0846171 	-1.92121 	0.300894 	0.652941 	0.0502307 	
3.635	0.0791392 	-0.0845741 	-1.92106 	0.300836 	0.652776 	0.05009 	
3.64	0.0792026 	-0.0845313 	-1.92092 	0.300777 	0.65261 	0.0499496 	
3.645	0.079266 	-0.0844886 	-1.92077 	0.300719 	0.652445 	0.0498095 	
3.65	0.0791946 	-0.0844228 	-1.92082 	0.30071 	0.652237 	0.04981 	
3.655	0.0791228 	-0.0843653 	-1.92089 	0.300701 	0.652029 	0.0498107 	
3.66	0.0790524 	-0.0843011 	-1.92095 	0.300692 	0.651821 	0.0498112 	
3.665	0.0789846 	-0.084239 	-1.92101 	0.300683 	0.651612 	0.0498118 	
3.67	0.078918 	-0.0841709 	-1.92106 	0.300674 	0.651404 	0.0498122 	
3.675	0.0788536 	-0.0841051 	-1.92111 	0.300665 	0.651196 	0.0498127 	
3.68	0.0787901 	-0.0840339 	-1.92115 	0.300656 	0.650987 	0.0498131 	
3.685	0.0787286 	-0.0839656 	-1.9212 	0.300647 	0.650779 	0.0498135 	
3.69	0.0786677 	-0.0838925 	-1.92123 	0.300638 	0.65057 	0.0498139 	
3.695	0.0786085 	-0.0838227 	-1.92128 	0.300629 	0.650362 	0.0498142 	
3.7	0.0785498 	-0.0837482 	-1.92131 	0.30062 	0.650153 	0.0498145 	
3.705	0.0784926 	-0.0836775 	-1.92135 	0.300611 	0.649945 	0.0498148 	
3.71	0.0784357 	-0.0836023 	-1.92138 	0.300602 	0.649736 	0.0498151 	
3.715	0.0783801 	-0.0835311 	-1.92142 	0.300593 	0.649527 	0.0498154 	
3.72	0.0783248 	-0.0834556 	-1.92145 	0.300584 	0.649319 	0.0498156 	
3.725	0.0782706 	-0.0833841 	-1.92148 	0.300574 	0.64911 	0.0498158 	
3.73	0.0782165 	-0.0833084 	-1.92151 	0.300565 	0.648902 	0.049816 	
3.735	0.0781635 	-0.083237 	-1.92154 	0.300556 	0.648693 	0.0498162 	
3.74	0.0781106 	-0.0831618 	-1.92157 	0.300547 	0.648484 	0.0498164 	
3.745	0.0780587 	-0.0830911 	-1.9216 	0.300538 	0.648276 	0.0498166 	
3.75	0.0780068 	-0.0830163 	-1.92163 	0.300529 	0.648067 	0.0498168 	
3.755	0.0779558 	-0.0829461 	-1.92166 	0.30052 	0.647859 	0.049817 	
3.76	0.0779048 	-0.0828718 	-1.92169 	0.300511 	0.64765 	0.0498171 	
3.765	0.0778545 	-0.0828019 	-1.92172 	0.300502 	0.647441 	0.0498173 	
3.77	0.0778041 	-0.082728 	-1.92174 	0.300493 	0.647233 	0.0498174 	
3.775	0.0777545 	-0.0826585 	-1.92177 	0.300484 	0.647024 	0.0498175 	
3.78	0.0777048 	-0.0825848 	-1.9218 	0.300475 	0.646815 	0.0498177 	
3.785	0.0776558 	-0.0825153 	-1.92183 	0.300466 	0.646607 	0.0498178 	
3.79	0.0776066 	-0.0824416 	-1.92186 	0.300457 	0.646398 	0.0498179 	
3.795	0.0775582 	-0.082373 	-1.92189 	0.300448 	0.646189 	0.049818 	
3.8	0.0775093 	-0.0822993 	-1.92191 	0.300439 	0.645981 	0.0498181 	
3.805	0.077461 	-0.0822302 	-1.92194 	0.30043 	0.645772 	0.0498183 	
3.81	0.0774123 	-0.0821563 	-1.92197 	0.300421 	0.645563 	0.0498184 	
3.815	0.077364 	-0.0820869 	-1.922 	0.300412 	0.645355 	0.0498185 	
3.82	0.0773153 	-0.0820127 	-1.92202 	0.300403 	0.645146 	0.0498186 	
3.825	0.0772671 	-0.0819432 	-1.92205 	0.300394 	0.644937 	0.0498187 	
3.83	0.0772184 	-0.0818689 	-1.92208 	0.300385 	0.644729 	0.0498188 	
3.835	0.0771702 	-0.0817993 	-1.92211 	0.300376 	0.64452 	0.0498189 	
3.84	0.0771216 	-0.0817248 	-1.92213 	0.300367 	0.644311 	0.049819 	
3.845	0.0770734 	-0.0816551 	-1.92216 	0.300358 	0.644103 	0.0498191 	
3.85	0.0770249 	-0.0815807 	-1.92218 	0.300349 	0.643894 	0.0498192 	
3.855	0.0769767 	-0.0815109 	-1.92221 	0.30034 	0.643685 	0.0498193 	
3.86	0.076928 	-0.0814363 	-1.92224 	0.30033 	0.643477 	0.0498194 	
3.865	0.0768796 	-0.0813663 	-1.92227 	0.300321 	0.643268 	0.0498195 	
3.87	0.0768308 	-0.0812916 	-1.92229 	0.300312 	0.643059 	0.0498196 	
3.875	0.0767822 	-0.0812214 	-1.92232 	0.300303 	0.642851 	0.0498197 	
3.88	0.0767333 	-0.0811464 	-1.92235 	0.300294 	0.642642 	0.0498198 	
3.885	0.0766846 	-0.0810762 	-1.92238 	0.300285 	0.642433 	0.0498199 	
3.89	0.0766355 	-0.0810011 	-1.9224 	0.300276 	0.642225 	0.04982 	
3.895	0.0765867 	-0.0809308 	-1.92243 	0.300267 	0.642016 	0.0498201 	
3.9	0.0765375 	-0.0808557 	-1.92245 	0.300258 	0.641807 	0.0498202 	
3.905	0.0764886 	-0.0807853 	-1.92248 	0.300249 	0.641599 	0.0498203 	
3.91	0.0764393 	-0.0807101 	-1.92251 	0.30024 	0.64139 	0.0498204 	
3.915	0.0763902 	-0.0806396 	-1.92254 	0.30023 	0.641181 	0.0498205 	
3.92	0.0763408 	-0.0805644 	-1.92256 	0.300221 	0.640973 	0.0498206 	
3.925	0.0762919 	-0.0804966 	-1.9226 	0.300212 	0.640764 	0.0498208 	
3.93	0.076243 	-0.0804278 	-1.92263 	0.300203 	0.640555 	0.0498209 	
3.935	0.0761933 	-0.0803523 	-1.92265 	0.300194 	0.640347 	0.049821 	
3.94	0.0761431 	-0.0802707 	-1.92267 	0.300185 	0.640138 	0.0498211 	
3.945	0.0760922 	-0.0801833 	-1.92269 	0.300176 	0.639929 	0.0498212 	
3.95	0.0760407 	-0.0800908 	-1.9227 	0.300167 	0.63972 	0.0498213 	
3.955	0.0759887 	-0.0799924 	-1.9227 	0.300158 	0.639512 	0.0498215 	
3.96	0.0759363 	-0.0798866 	-1.92269 	0.300149 	0.639303 	0.0498216 	
3.965	0.0758833 	-0.0797738 	-1.92267 	0.30014 	0.639094 	0.0498217 	
3.97	0.0758299 	-0.0796546 	-1.92264 	0.300131 	0.638884 	0.0498218 	
3.975	0.0757761 	-0.0795295 	-1.92261 	0.300122 	0.638675 	0.0498219 	
3.98	0.075722 	-0.0793988 	-1.92257 	0.300113 	0.638466 	0.049822 	
3.985	0.0756675 	-0.0792631 	-1.92252 	0.300105 	0.638257 	0.0498221 	
3.99	0.0756127 	-0.0791226 	-1.92246 	0.300096 	0.638047 	0.0498221 	
3.995	0.075558 	-0.0789852 	-1.92241 	0.300087 	0.637838 	0.0498222 	
4	0.0755045 	-0.0788659 	-1.92237 	0.300078 	0.637629 	0.0498223 	
4.005	0.0754509 	-0.0787475 	-1.92234 	0.300069 	0.63742 	0.0498224 	
4.01	0.0753977 	-0.0786435 	-1.92233 	0.30006 	0.637211 	0.0498225 	
4.015	0.0753445 	-0.0785388 	-1.92231 	0.300051 	0.637002 	0.0498226 	
4.02	0.0752918 	-0.078446 	-1.92231 	0.300042 	0.636793 	0.0498227 	
4.025	0.075239 	-0.0783512 	-1.92231 	0.300033 	0.636584 	0.0498228 	
4.03	0.0751866 	-0.0782665 	-1.92232 	0.300024 	0.636375 	0.0498229 	
4.035	0.075134 	-0.0781788 	-1.92233 	0.300015 	0.636166 	0.0498231 	
4.04	0.0750819 	-0.0780997 	-1.92235 	0.300006 	0.635957 	0.0498232 	
4.045	0.07503 	-0.078016 	-1.92236 	0.299997 	0.635748 	0.0498233 	
4.05	0.0749791 	-0.0779385 	-1.92238 	0.299988 	0.63554 	0.0498234 	
4.055	0.0749271 	-0.0778611 	-1.9224 	0.299979 	0.635331 	0.0498235 	
4.06	0.0748776 	-0.0777821 	-1.92241 	0.29997 	0.635122 	0.0498236 	
4.065	0.0748281 	-0.0776984 	-1.92241 	0.299961 	0.634913 	0.0498236 	
4.07	0.07478 	-0.0776184 	-1.92241 	0.299952 	0.634704 	0.0498236 	
4.075	0.0747319 	-0.0775342 	-1.9224 	0.299943 	0.634495 	0.0498236 	
4.08	0.074685 	-0.0774541 	-1.9224 	0.299934 	0.634286 	0.0498236 	
4.085	0.0746381 	-0.07737 	-1.92239 	0.299925 	0.634077 	0.0498236 	
4.09	0.0745924 	-0.0772903 	-1.92238 	0.299916 	0.633868 	0.0498235 	
4.095	0.0745465 	-0.0772066 	-1.92236 	0.299907 	0.633658 	0.0498235 	
4.1	0.0745017 	-0.0771275 	-1.92235 	0.299898 	0.633449 	0.0498234 	
4.105	0.0744568 	-0.0770444 	-1.92233 	0.299889 	0.63324 	0.0498233 	
4.11	0.0744129 	-0.076966 	-1.92231 	0.29988 	0.633031 	0.0498232 	
4.115	0.0743687 	-0.0768836 	-1.92229 	0.299871 	0.632822 	0.049823 	
4.12	0.0743256 	-0.0768059 	-1.92227 	0.299862 	0.632612 	0.0498229 	
4.125	0.0742821 	-0.0767244 	-1.92225 	0.299853 	0.632403 	0.0498228 	
4.13	0.0742396 	-0.0766475 	-1.92223 	0.299844 	0.632194 	0.0498226 	
4.135	0.0741967 	-0.0765667 	-1.92221 	0.299835 	0.631984 	0.0498225 	
4.14	0.0741548 	-0.0764906 	-1.92218 	0.299826 	0.631775 	0.0498223 	
4.145	0.0741124 	-0.0764106 	-1.92216 	0.299817 	0.631566 	0.0498221 	
4.15	0.0740709 	-0.0763351 	-1.92213 	0.299808 	0.631356 	0.0498219 	
4.155	0.0740282 	-0.0762506 	-1.9221 	0.299799 	0.631147 	0.0498218 	
4.16	0.0739843 	-0.0761576 	-1.92206 	0.29979 	0.630937 	0.0498216 	
4.165	0.0739393 	-0.0760567 	-1.92201 	0.299781 	0.630728 	0.0498215 	
4.17	0.0738933 	-0.0759486 	-1.92196 	0.299772 	0.630518 	0.0498213 	
4.175	0.0738463 	-0.0758338 	-1.9219 	0.299763 	0.630309 	0.0498212 	
4.18	0.0737985 	-0.0757127 	-1.92183 	0.299754 	0.630099 	0.0498211 	
4.185	0.0737499 	-0.0755858 	-1.92176 	0.299746 	0.629889 	0.049821 	
4.19	0.0737029 	-0.0754602 	-1.92169 	0.299737 	0.62968 	0.0498209 	
4.195	0.0736621 	-0.075349 	-1.92164 	0.299728 	0.62947 	0.0498208 	
4.2	0.0736228 	-0.0752375 	-1.92159 	0.29972 	0.629261 	0.0498207 	
4.205	0.0735901 	-0.075138 	-1.92156 	0.299711 	0.629052 	0.0498206 	
4.21	0.0735561 	-0.0750335 	-1.92153 	0.299702 	0.628842 	0.0498206 	
4.215	0.073522 	-0.0749294 	-1.9215 	0.299694 	0.628633 	0.0498205 	
4.22	0.0734891 	-0.0748236 	-1.92147 	0.299685 	0.628424 	0.0498204 	
4.225	0.0734636 	-0.0747267 	-1.92145 	0.299677 	0.628214 	0.0498204 	
4.23	0.0734384 	-0.0746274 	-1.92144 	0.299669 	0.628005 	0.0498203 	
4.235	0.0734189 	-0.074536 	-1.92143 	0.29966 	0.627796 	0.0498203 	
4.24	0.0733991 	-0.0744415 	-1.92142 	0.299652 	0.627587 	0.0498202 	
4.245	0.0733844 	-0.0743536 	-1.92142 	0.299644 	0.627378 	0.0498202 	
4.25	0.0733688 	-0.0742623 	-1.92142 	0.299636 	0.627169 	0.0498201 	
4.255	0.0733575 	-0.0741773 	-1.92142 	0.299628 	0.62696 	0.0498201 	
4.26	0.0733453 	-0.0740891 	-1.92143 	0.29962 	0.626751 	0.04982 	
4.265	0.0733365 	-0.0740067 	-1.92144 	0.299612 	0.626542 	0.04982 	
4.27	0.0733262 	-0.0739201 	-1.92145 	0.299604 	0.626334 	0.04982 	
4.275	0.0733189 	-0.0738388 	-1.92146 	0.299595 	0.626125 	0.04982 	
4.28	0.07331 	-0.0737532 	-1.92147 	0.299587 	0.625916 	0.0498201 	
4.285	0.0733038 	-0.0736725 	-1.92149 	0.299579 	0.625707 	0.0498201 	
4.29	0.0732959 	-0.0735874 	-1.92151 	0.299571 	0.625498 	0.0498202 	
4.295	0.0732904 	-0.073507 	-1.92153 	0.299563 	0.62529 	0.0498203 	
4.3	0.0732832 	-0.0734221 	-1.92154 	0.299555 	0.625081 	0.0498204 	
4.305	0.0732784 	-0.0733417 	-1.92157 	0.299547 	0.624872 	0.0498205 	
4.31	0.0732721 	-0.0732569 	-1.92159 	0.299539 	0.624663 	0.0498206 	
4.315	0.0732695 	-0.0731757 	-1.92161 	0.299532 	0.624455 	0.0498207 	
4.32	0.0732652 	-0.0730905 	-1.92163 	0.299524 	0.624246 	0.0498208 	
4.325	0.0732631 	-0.0730095 	-1.92165 	0.299516 	0.624037 	0.0498209 	
4.33	0.0732593 	-0.0729239 	-1.92167 	0.299508 	0.623828 	0.0498211 	
4.335	0.0732585 	-0.0728422 	-1.92169 	0.2995 	0.62362 	0.0498212 	
4.34	0.0732563 	-0.0727564 	-1.92171 	0.299492 	0.623411 	0.0498213 	
4.345	0.0732567 	-0.072674 	-1.92173 	0.299484 	0.623202 	0.0498214 	
4.35	0.0732553 	-0.0725879 	-1.92175 	0.299476 	0.622994 	0.0498215 	
4.355	0.0732549 	-0.0725046 	-1.92178 	0.299468 	0.622785 	0.0498216 	
4.36	0.0732537 	-0.0724184 	-1.92179 	0.299461 	0.622576 	0.0498217 	
4.365	0.0732552 	-0.0723336 	-1.92181 	0.299453 	0.622367 	0.0498217 	
4.37	0.0732555 	-0.0722466 	-1.92183 	0.299445 	0.622159 	0.0498218 	
4.375	0.073257 	-0.072161 	-1.92185 	0.299437 	0.62195 	0.0498219 	
4.38	0.0732583 	-0.0720732 	-1.92187 	0.299429 	0.621741 	0.0498219 	
4.385	0.0732609 	-0.0719881 	-1.92189 	0.299422 	0.621532 	0.049822 	
4.39	0.0732618 	-0.0718997 	-1.9219 	0.299414 	0.621324 	0.0498221 	
4.395	0.0732642 	-0.0718142 	-1.92192 	0.299406 	0.621115 	0.0498222 	
4.4	0.0732649 	-0.0717256 	-1.92193 	0.299398 	0.620906 	0.0498223 	
4.405	0.0732674 	-0.07164 	-1.92195 	0.29939 	0.620697 	0.0498224 	
4.41	0.0732682 	-0.0715514 	-1.92196 	0.299383 	0.620489 	0.0498225 	
4.415	0.0732711 	-0.0714662 	-1.92198 	0.299375 	0.62028 	0.0498227 	
4.42	0.073272 	-0.0713786 	-1.922 	0.299367 	0.620071 	0.0498228 	
4.425	0.0732734 	-0.0712943 	-1.92202 	0.299359 	0.619863 	0.0498229 	
4.43	0.073273 	-0.0712074 	-1.92204 	0.299352 	0.619654 	0.0498231 	
4.435	0.0732731 	-0.0711237 	-1.92206 	0.299344 	0.619445 	0.0498232 	
4.44	0.0732715 	-0.0710372 	-1.92208 	0.299336 	0.619236 	0.0498234 	
4.445	0.0732707 	-0.0709538 	-1.9221 	0.299328 	0.619028 	0.0498235 	
4.45	0.0732684 	-0.0708675 	-1.92213 	0.29932 	0.618819 	0.0498236 	
4.455	0.0732671 	-0.0707842 	-1.92215 	0.299312 	0.61861 	0.0498238 	
4.46	0.0732644 	-0.070698 	-1.92217 	0.299304 	0.618402 	0.0498239 	
4.465	0.0732631 	-0.0706147 	-1.9222 	0.299296 	0.618193 	0.049824 	
4.47	0.0732603 	-0.0705283 	-1.92222 	0.299289 	0.617984 	0.0498241 	
4.475	0.073259 	-0.0704449 	-1.92224 	0.299281 	0.617775 	0.0498243 	
4.48	0.0732564 	-0.0703584 	-1.92227 	0.299273 	0.617567 	0.0498244 	
4.485	0.0732561 	-0.0702746 	-1.92229 	0.299265 	0.617358 	0.0498245 	
4.49	0.0732544 	-0.0701877 	-1.92231 	0.299257 	0.617149 	0.0498246 	
4.495	0.0732549 	-0.0701036 	-1.92234 	0.299249 	0.616941 	0.0498247 	
4.5	0.0732539 	-0.0700164 	-1.92236 	0.299241 	0.616732 	0.0498247 	
4.505	0.073255 	-0.069932 	-1.92239 	0.299233 	0.616523 	0.0498248 	
4.51	0.0732544 	-0.0698447 	-1.92241 	0.299226 	0.616314 	0.0498249 	
4.515	0.073256 	-0.0697601 	-1.92244 	0.299218 	0.616106 	0.049825 	
4.52	0.0732553 	-0.0696726 	-1.92246 	0.29921 	0.615897 	0.049825 	
4.525	0.0732552 	-0.0695884 	-1.92249 	0.299202 	0.615688 	0.0498251 	
4.53	0.0732532 	-0.0695011 	-1.92251 	0.299194 	0.61548 	0.0498252 	
4.535	0.0732522 	-0.069417 	-1.92254 	0.299186 	0.615271 	0.0498253 	
4.54	0.0732494 	-0.0693297 	-1.92256 	0.299178 	0.615062 	0.0498254 	
4.545	0.0732476 	-0.0692457 	-1.92259 	0.29917 	0.614853 	0.0498255 	
4.55	0.073244 	-0.0691585 	-1.92261 	0.299162 	0.614645 	0.0498256 	
4.555	0.0732415 	-0.0690747 	-1.92264 	0.299155 	0.614436 	0.0498257 	
4.56	0.0732374 	-0.0689875 	-1.92266 	0.299147 	0.614227 	0.0498258 	
4.565	0.0732349 	-0.0689037 	-1.92269 	0.299139 	0.614018 	0.0498259 	
4.57	0.0732308 	-0.0688164 	-1.92271 	0.299131 	0.61381 	0.049826 	
4.575	0.0732284 	-0.0687325 	-1.92273 	0.299123 	0.613601 	0.0498261 	
4.58	0.0732244 	-0.0686451 	-1.92276 	0.299115 	0.613392 	0.0498262 	
4.585	0.0732221 	-0.0685611 	-1.92278 	0.299107 	0.613183 	0.0498263 	
4.59	0.0732184 	-0.0684736 	-1.92281 	0.299099 	0.612975 	0.0498265 	
4.595	0.0732164 	-0.0683894 	-1.92283 	0.299091 	0.612766 	0.0498266 	
4.6	0.073213 	-0.0683018 	-1.92286 	0.299083 	0.612557 	0.0498267 	
4.605	0.0732114 	-0.0682176 	-1.92288 	0.299075 	0.612348 	0.0498268 	
4.61	0.0732083 	-0.0681298 	-1.92291 	0.299067 	0.61214 	0.0498269 	
4.615	0.0732071 	-0.0680454 	-1.92293 	0.299059 	0.611931 	0.049827 	
4.62	0.0732044 	-0.0679575 	-1.92296 	0.299051 	0.611722 	0.0498271 	
4.625	0.0732037 	-0.067873 	-1.92298 	0.299043 	0.611513 	0.0498272 	
4.63	0.0732015 	-0.0677849 	-1.92301 	0.299035 	0.611305 	0.0498274 	
4.635	0.0732013 	-0.0677003 	-1.92303 	0.299028 	0.611096 	0.0498275 	
4.64	0.0731995 	-0.0676121 	-1.92306 	0.29902 	0.610887 	0.0498276 	
4.645	0.0731998 	-0.0675273 	-1.92308 	0.299012 	0.610678 	0.0498277 	
4.65	0.0731986 	-0.0674389 	-1.92311 	0.299004 	0.61047 	0.0498278 	
4.655	0.0731994 	-0.0673539 	-1.92313 	0.298996 	0.610261 	0.0498279 	
4.66	0.0731987 	-0.0672654 	-1.92316 	0.298988 	0.610052 	0.049828 	
4.665	0.0732001 	-0.0671803 	-1.92318 	0.29898 	0.609843 	0.0498281 	
4.67	0.0731997 	-0.0670916 	-1.92321 	0.298972 	0.609635 	0.0498282 	
4.675	0.0732012 	-0.0670065 	-1.92323 	0.298965 	0.609426 	0.0498283 	
4.68	0.0732009 	-0.0669177 	-1.92326 	0.298957 	0.609217 	0.0498284 	
4.685	0.0732024 	-0.0668326 	-1.92328 	0.298949 	0.609008 	0.0498285 	
4.69	0.073202 	-0.0667437 	-1.92331 	0.298941 	0.6088 	0.0498286 	
4.695	0.0732033 	-0.0666586 	-1.92333 	0.298933 	0.608591 	0.0498287 	
4.7	0.0732028 	-0.0665697 	-1.92336 	0.298925 	0.608382 	0.0498288 	
4.705	0.073204 	-0.0664846 	-1.92338 	0.298917 	0.608173 	0.0498289 	
4.71	0.0732033 	-0.0663958 	-1.92341 	0.298909 	0.607964 	0.0498289 	
4.715	0.0732044 	-0.0663106 	-1.92343 	0.298902 	0.607756 	0.049829 	
4.72	0.0732033 	-0.0662218 	-1.92346 	0.298894 	0.607547 	0.0498291 	
4.725	0.0732042 	-0.0661367 	-1.92348 	0.298886 	0.607338 	0.0498292 	
4.73	0.0732028 	-0.0660479 	-1.92351 	0.298878 	0.607129 	0.0498293 	
4.735	0.0732035 	-0.0659628 	-1.92353 	0.29887 	0.606921 	0.0498294 	
4.74	0.0732018 	-0.065874 	-1.92356 	0.298862 	0.606712 	0.0498295 	
4.745	0.073202 	-0.065789 	-1.92358 	0.298854 	0.606503 	0.0498296 	
4.75	0.0732003 	-0.0657002 	-1.92361 	0.298846 	0.606294 	0.0498297 	
4.755	0.0732004 	-0.0656151 	-1.92363 	0.298838 	0.606086 	0.0498298 	
4.76	0.0731986 	-0.0655262 	-1.92366 	0.29883 	0.605877 	0.0498299 	
4.765	0.0731986 	-0.0654412 	-1.92368 	0.298823 	0.605668 	0.04983 	
4.77	0.0731967 	-0.0653522 	-1.92371 	0.298815 	0.605459 	0.0498301 	
4.775	0.0731969 	-0.0652672 	-1.92373 	0.298807 	0.605251 	0.0498303 	
4.78	0.0731948 	-0.0651782 	-1.92375 	0.298799 	0.605042 	0.0498304 	
4.785	0.0731951 	-0.0650931 	-1.92378 	0.298791 	0.604833 	0.0498305 	
4.79	0.0731929 	-0.0650042 	-1.9238 	0.298783 	0.604624 	0.0498306 	
4.795	0.0731929 	-0.0649192 	-1.92383 	0.298775 	0.604416 	0.0498308 	
4.8	0.0731903 	-0.0648304 	-1.92385 	0.298767 	0.604207 	0.0498309 	
4.805	0.0731879 	-0.0647459 	-1.92388 	0.298759 	0.603998 	0.0498311 	
4.81	0.0731828 	-0.0646576 	-1.92391 	0.298751 	0.603789 	0.0498312 	
4.815	0.0731782 	-0.0645737 	-1.92394 	0.298743 	0.60358 	0.0498314 	
4.82	0.0731711 	-0.0644858 	-1.92396 	0.298735 	0.603372 	0.0498316 	
4.825	0.0731646 	-0.0644023 	-1.92399 	0.298727 	0.603163 	0.0498318 	
4.83	0.0731559 	-0.0643148 	-1.92401 	0.298719 	0.602954 	0.049832 	
4.835	0.0731479 	-0.0642316 	-1.92404 	0.298711 	0.602745 	0.0498323 	
4.84	0.073137 	-0.0641438 	-1.92406 	0.298703 	0.602537 	0.0498325 	
4.845	0.0731253 	-0.0640598 	-1.92409 	0.298694 	0.602328 	0.0498327 	
4.85	0.0731122 	-0.0639735 	-1.92411 	0.298686 	0.602119 	0.0498329 	
4.855	0.0730982 	-0.0638889 	-1.92413 	0.298678 	0.60191 	0.0498331 	
4.86	0.0730825 	-0.063803 	-1.92416 	0.29867 	0.601702 	0.0498332 	
4.865	0.0730663 	-0.063719 	-1.92418 	0.298661 	0.601493 	0.0498334 	
4.87	0.0730487 	-0.0636335 	-1.9242 	0.298653 	0.601284 	0.0498336 	
4.875	0.0730306 	-0.06355 	-1.92422 	0.298645 	0.601075 	0.0498337 	
4.88	0.0730115 	-0.063465 	-1.92424 	0.298636 	0.600866 	0.0498339 	
4.885	0.072992 	-0.0633819 	-1.92426 	0.298628 	0.600658 	0.049834 	
4.89	0.0729715 	-0.0632975 	-1.92428 	0.298619 	0.600449 	0.0498342 	
4.895	0.0729508 	-0.0632148 	-1.9243 	0.298611 	0.60024 	0.0498343 	
4.9	0.0729292 	-0.0631308 	-1.92431 	0.298602 	0.600031 	0.0498345 	
4.905	0.0729075 	-0.0630486 	-1.92433 	0.298594 	0.599822 	0.0498346 	
4.91	0.0728849 	-0.0629649 	-1.92435 	0.298585 	0.599613 	0.0498347 	
4.915	0.0728623 	-0.0628831 	-1.92437 	0.298577 	0.599405 	0.0498348 	
4.92	0.0728389 	-0.0627998 	-1.92439 	0.298568 	0.599196 	0.049835 	
4.925	0.0728155 	-0.0627184 	-1.92441 	0.29856 	0.598987 	0.0498351 	
4.93	0.0727924 	-0.0626354 	-1.92442 	0.298551 	0.598778 	0.0498352 	
4.935	0.0727725 	-0.0625543 	-1.92444 	0.298543 	0.59857 	0.0498353 	
4.94	0.0727514 	-0.0624718 	-1.92446 	0.298534 	0.598361 	0.0498355 	
4.945	0.0727266 	-0.0623921 	-1.92448 	0.298525 	0.598152 	0.0498356 	
4.95	0.0726991 	-0.0623127 	-1.9245 	0.298517 	0.597943 	0.0498358 	
4.955	0.0726708 	-0.062231 	-1.92452 	0.298508 	0.597734 	0.049836 	
4.96	0.0726413 	-0.0621438 	-1.92452 	0.298499 	0.597525 	0.0498362 	
4.965	0.0726114 	-0.0620515 	-1.92453 	0.298491 	0.597316 	0.0498364 	
4.97	0.0725815 	-0.0619566 	-1.92452 	0.298482 	0.597107 	0.0498366 	
4.975	0.0725539 	-0.0618649 	-1.92452 	0.298473 	0.596899 	0.0498368 	
4.98	0.0725264 	-0.0617716 	-1.92452 	0.298465 	0.59669 	0.049837 	
4.985	0.0725012 	-0.061684 	-1.92452 	0.298456 	0.596481 	0.0498372 	
4.99	0.0724757 	-0.0615958 	-1.92453 	0.298448 	0.596272 	0.0498375 	
4.995	0.0724522 	-0.0615168 	-1.92454 	0.298439 	0.596063 	0.049838 	
5	0.0724286 	-0.0614386 	-1.92457 	0.29843 	0.595854 	0.0498388 	
5.005	0.0724026 	-0.0613604 	-1.92459 	0.298422 	0.595646 	0.0498395 	
5.01	0.0723721 	-0.0612799 	-1.92461 	0.298413 	0.595437 	0.0498402 	
5.015	0.072342 	-0.061199 	-1.92463 	0.298404 	0.595228 	0.0498408 	
5.02	0.0723077 	-0.0611135 	-1.92465 	0.298396 	0.595019 	0.0498416 	
5.025	0.0722729 	-0.0610292 	-1.92467 	0.298387 	0.594811 	0.0498422 	
5.03	0.0722372 	-0.060944 	-1.92469 	0.298378 	0.594602 	0.049843 	
5.035	0.0722019 	-0.0608604 	-1.92472 	0.298369 	0.594393 	0.0498439 	
5.04	0.072166 	-0.0607715 	-1.92473 	0.298361 	0.594184 	0.0498448 	
5.045	0.0721307 	-0.0606812 	-1.92474 	0.298352 	0.593975 	0.0498457 	
5.05	0.0720977 	-0.0605916 	-1.92476 	0.298343 	0.593766 	0.0498467 	
5.055	0.0720614 	-0.0604923 	-1.92477 	0.298335 	0.593557 	0.0498475 	
5.06	0.072021 	-0.0603713 	-1.92478 	0.298326 	0.593347 	0.0498484 	
5.065	0.0719762 	-0.0602236 	-1.92478 	0.298317 	0.593137 	0.0498491 	
5.07	0.0719274 	-0.0600543 	-1.92478 	0.298309 	0.592925 	0.0498499 	
5.075	0.0718743 	-0.0598673 	-1.92476 	0.2983 	0.592714 	0.0498506 	
5.08	0.0718211 	-0.0596809 	-1.92474 	0.298291 	0.592502 	0.0498513 	
5.085	0.0717678 	-0.0594969 	-1.92471 	0.298283 	0.59229 	0.049852 	
5.09	0.0717051 	-0.0592741 	-1.92466 	0.298274 	0.592078 	0.0498526 	
5.095	0.0716115 	-0.058904 	-1.92459 	0.298266 	0.591861 	0.0498533 	
5.1	0.0714883 	-0.0583534 	-1.92447 	0.298258 	0.591639 	0.049854 	
5.105	0.0713289 	-0.0576561 	-1.92433 	0.29825 	0.591413 	0.0498544 	
5.11	0.071186 	-0.0570201 	-1.92421 	0.298242 	0.591188 	0.0498548 	
5.115	0.0710629 	-0.0564558 	-1.92413 	0.298234 	0.590964 	0.0498551 	
5.12	0.0709561 	-0.0559505 	-1.92405 	0.298226 	0.590741 	0.0498555 	
5.125	0.070863 	-0.0555014 	-1.92401 	0.298218 	0.59052 	0.0498559 	
5.13	0.0707812 	-0.0550985 	-1.92397 	0.29821 	0.590299 	0.0498563 	
5.135	0.0707078 	-0.0547373 	-1.92395 	0.298202 	0.59008 	0.0498567 	
5.14	0.0706274 	-0.0544125 	-1.92394 	0.298194 	0.589861 	0.0498573 	
5.145	0.0705547 	-0.0541178 	-1.92394 	0.298185 	0.589643 	0.0498578 	
5.15	0.0704895 	-0.0538476 	-1.92395 	0.298177 	0.589425 	0.0498583 	
5.155	0.0704266 	-0.0536027 	-1.92396 	0.298168 	0.589208 	0.0498588 	
5.16	0.0703587 	-0.0533788 	-1.92398 	0.29816 	0.588992 	0.0498593 	
5.165	0.0702958 	-0.0531722 	-1.92401 	0.298151 	0.588776 	0.0498598 	
5.17	0.0702377 	-0.0529813 	-1.92404 	0.298142 	0.588561 	0.0498602 	
5.175	0.0701901 	-0.0528055 	-1.92408 	0.298133 	0.588347 	0.0498606 	
5.18	0.0701447 	-0.0526399 	-1.92411 	0.298125 	0.588132 	0.049861 	
5.185	0.0700995 	-0.0524793 	-1.92415 	0.298116 	0.587919 	0.0498613 	
5.19	0.0700585 	-0.052322 	-1.92418 	0.298107 	0.587705 	0.0498615 	
5.195	0.0700337 	-0.0521969 	-1.92422 	0.298099 	0.587492 	0.0498614 	
5.2	0.0699798 	-0.0520815 	-1.92426 	0.29809 	0.58728 	0.0498616 	
5.205	0.0699336 	-0.0519696 	-1.92431 	0.298081 	0.587068 	0.0498618 	
5.21	0.0698844 	-0.0518639 	-1.92435 	0.298072 	0.586856 	0.0498621 	
5.215	0.0698334 	-0.0517699 	-1.9244 	0.298062 	0.586645 	0.0498623 	
5.22	0.0697875 	-0.0516806 	-1.92443 	0.298053 	0.586433 	0.0498624 	
5.225	0.0697496 	-0.0515927 	-1.92447 	0.298044 	0.586222 	0.0498623 	
5.23	0.069712 	-0.0515124 	-1.92451 	0.298035 	0.586012 	0.0498622 	
5.235	0.0696748 	-0.0514299 	-1.92454 	0.298026 	0.585801 	0.0498621 	
5.24	0.0696255 	-0.0513518 	-1.92458 	0.298017 	0.585591 	0.049862 	
5.245	0.0695768 	-0.0512528 	-1.9246 	0.298007 	0.58538 	0.0498619 	
5.25	0.0695069 	-0.051164 	-1.92463 	0.297998 	0.585169 	0.0498618 	
5.255	0.0694804 	-0.0510472 	-1.92464 	0.297989 	0.584958 	0.0498615 	
5.26	0.0694555 	-0.050939 	-1.92466 	0.29798 	0.584748 	0.0498612 	
5.265	0.0694326 	-0.0508278 	-1.92467 	0.297972 	0.584537 	0.0498609 	
5.27	0.069409 	-0.0507398 	-1.92469 	0.297963 	0.584327 	0.0498608 	
5.275	0.0693896 	-0.0506643 	-1.92471 	0.297954 	0.584118 	0.0498605 	
5.28	0.0693677 	-0.0505778 	-1.92473 	0.297945 	0.583908 	0.0498604 	
5.285	0.0693387 	-0.0504455 	-1.92473 	0.297937 	0.583697 	0.04986 	
5.29	0.0693041 	-0.0502869 	-1.92474 	0.297928 	0.583485 	0.0498598 	
5.295	0.0692589 	-0.0500938 	-1.92472 	0.29792 	0.583273 	0.0498596 	
5.3	0.0692092 	-0.0498703 	-1.92471 	0.297911 	0.583059 	0.0498594 	
5.305	0.069145 	-0.0495959 	-1.92468 	0.297903 	0.582844 	0.0498592 	
5.31	0.0690748 	-0.0493551 	-1.92466 	0.297894 	0.58263 	0.0498591 	
5.315	0.0690039 	-0.0491244 	-1.92464 	0.297885 	0.582416 	0.049859 	
5.32	0.0689301 	-0.0489224 	-1.92464 	0.297876 	0.582202 	0.0498589 	
5.325	0.0688571 	-0.0487311 	-1.92464 	0.297866 	0.581989 	0.049859 	
5.33	0.0687893 	-0.0485627 	-1.92465 	0.297857 	0.581776 	0.0498594 	
5.335	0.0687269 	-0.0483986 	-1.92466 	0.297848 	0.581563 	0.0498598 	
5.34	0.0686778 	-0.0482493 	-1.92468 	0.297839 	0.581351 	0.0498601 	
5.345	0.0686318 	-0.048105 	-1.9247 	0.29783 	0.581139 	0.0498603 	
5.35	0.0685961 	-0.0479824 	-1.92473 	0.297822 	0.580927 	0.0498606 	
5.355	0.0685621 	-0.0478606 	-1.92475 	0.297813 	0.580716 	0.0498608 	
5.36	0.0685361 	-0.0477515 	-1.92478 	0.297804 	0.580505 	0.049861 	
5.365	0.068507 	-0.0476418 	-1.92481 	0.297796 	0.580294 	0.0498612 	
5.37	0.0684761 	-0.047543 	-1.92484 	0.297787 	0.580083 	0.0498613 	
5.375	0.0684431 	-0.047443 	-1.92487 	0.297778 	0.579873 	0.0498615 	
5.38	0.068408 	-0.0473541 	-1.92491 	0.297769 	0.579662 	0.0498616 	
5.385	0.0683706 	-0.0472629 	-1.92494 	0.29776 	0.579452 	0.0498618 	
5.39	0.06833 	-0.047182 	-1.92498 	0.297751 	0.579242 	0.0498619 	
5.395	0.0682909 	-0.0470977 	-1.92501 	0.297742 	0.579032 	0.0498621 	
5.4	0.0682605 	-0.047016 	-1.92505 	0.297733 	0.578822 	0.0498621 	
5.405	0.0682331 	-0.0469354 	-1.92509 	0.297724 	0.578612 	0.0498622 	
5.41	0.0682087 	-0.0468531 	-1.92513 	0.297715 	0.578402 	0.0498623 	
5.415	0.0681868 	-0.046772 	-1.92516 	0.297706 	0.578193 	0.0498623 	
5.42	0.0681668 	-0.0466892 	-1.92519 	0.297698 	0.577983 	0.0498623 	
5.425	0.0681488 	-0.0466076 	-1.92523 	0.297689 	0.577774 	0.0498623 	
5.43	0.0681321 	-0.0465245 	-1.92526 	0.29768 	0.577564 	0.0498622 	
5.435	0.0681173 	-0.0464427 	-1.92529 	0.297672 	0.577355 	0.0498622 	
