0	0.0490075 	0.0219193 	-2.01088 	0.262299 	0.529812 	-0.011542 	
0.005	0.0490075 	0.0219193 	-2.01088 	0.262299 	0.529812 	-0.011542 	
0.01	0.0490075 	0.0219151 	-2.01088 	0.262299 	0.529812 	-0.0115417 	
0.015	0.0490075 	0.0219095 	-2.01087 	0.262299 	0.529814 	-0.0115414 	
0.02	0.0490075 	0.0219017 	-2.01087 	0.2623 	0.529815 	-0.0115408 	
0.025	0.0490075 	0.0218915 	-2.01086 	0.2623 	0.529817 	-0.0115402 	
0.03	0.0490075 	0.0218791 	-2.01085 	0.2623 	0.52982 	-0.0115394 	
0.035	0.0490075 	0.0218643 	-2.01084 	0.262301 	0.529823 	-0.0115384 	
0.04	0.0490075 	0.0218473 	-2.01083 	0.262301 	0.529827 	-0.0115373 	
0.045	0.0490075 	0.0218279 	-2.01081 	0.262302 	0.529831 	-0.0115361 	
0.05	0.0490075 	0.0218062 	-2.01079 	0.262303 	0.529835 	-0.0115347 	
0.055	0.0490075 	0.0217822 	-2.01077 	0.262304 	0.52984 	-0.0115331 	
0.06	0.0490076 	0.0217559 	-2.01075 	0.262304 	0.529846 	-0.0115314 	
0.065	0.0490076 	0.0217273 	-2.01073 	0.262305 	0.529852 	-0.0115296 	
0.07	0.0490076 	0.0216964 	-2.01071 	0.262306 	0.529858 	-0.0115276 	
0.075	0.0490076 	0.0216632 	-2.01068 	0.262307 	0.529865 	-0.0115255 	
0.08	0.0490076 	0.0216277 	-2.01065 	0.262309 	0.529873 	-0.0115232 	
0.085	0.0490077 	0.0215899 	-2.01062 	0.26231 	0.52988 	-0.0115208 	
0.09	0.0490077 	0.0215458 	-2.01059 	0.262311 	0.52989 	-0.0115179 	
0.095	0.0490077 	0.0215032 	-2.01056 	0.262313 	0.529899 	-0.0115152 	
0.1	0.0490078 	0.0214583 	-2.01052 	0.262314 	0.529908 	-0.0115123 	
0.105	0.0490078 	0.0214111 	-2.01048 	0.262316 	0.529918 	-0.0115093 	
0.11	0.0490078 	0.0213616 	-2.01044 	0.262317 	0.529928 	-0.0115061 	
0.115	0.0490079 	0.0213098 	-2.0104 	0.262319 	0.529939 	-0.0115028 	
0.12	0.0490079 	0.0212557 	-2.01036 	0.262321 	0.52995 	-0.0114993 	
0.125	0.049008 	0.0211994 	-2.01032 	0.262323 	0.529962 	-0.0114957 	
0.13	0.049008 	0.0211407 	-2.01027 	0.262325 	0.529974 	-0.011492 	
0.135	0.0490081 	0.0210798 	-2.01022 	0.262326 	0.529987 	-0.0114881 	
0.14	0.0490081 	0.0210167 	-2.01017 	0.262329 	0.53 	-0.0114841 	
0.145	0.0490082 	0.0209512 	-2.01012 	0.262331 	0.530014 	-0.0114799 	
0.15	0.0490083 	0.0208835 	-2.01007 	0.262333 	0.530028 	-0.0114756 	
0.155	0.0490084 	0.0208135 	-2.01001 	0.262335 	0.530042 	-0.0114711 	
0.16	0.0491108 	0.0205167 	-2.01014 	0.262434 	0.53164 	-0.0108284 	
0.165	0.0491109 	0.0204421 	-2.01008 	0.262436 	0.531655 	-0.0108236 	
0.17	0.049111 	0.0203653 	-2.01002 	0.262439 	0.531671 	-0.0108188 	
0.175	0.0491111 	0.0202863 	-2.00996 	0.262441 	0.531688 	-0.0108138 	
0.18	0.0491112 	0.020205 	-2.00989 	0.262444 	0.531704 	-0.0108086 	
0.185	0.0491113 	0.0201215 	-2.00983 	0.262446 	0.531722 	-0.0108034 	
0.19	0.0491114 	0.0200357 	-2.00976 	0.262449 	0.531739 	-0.010798 	
0.195	0.0491115 	0.0199477 	-2.00969 	0.262452 	0.531758 	-0.0107924 	
0.2	0.0491117 	0.0198574 	-2.00962 	0.262455 	0.531776 	-0.0107867 	
0.205	0.0491118 	0.0197649 	-2.00955 	0.262458 	0.531796 	-0.0107809 	
0.21	0.049112 	0.0196702 	-2.00947 	0.262461 	0.531815 	-0.010775 	
0.215	0.0491121 	0.0195733 	-2.0094 	0.262464 	0.531835 	-0.0107689 	
0.22	0.0492141 	0.0192526 	-2.0095 	0.262568 	0.533414 	-0.0101323 	
0.225	0.0492143 	0.0191512 	-2.00942 	0.262571 	0.533435 	-0.0101259 	
0.23	0.0492144 	0.0190476 	-2.00933 	0.262575 	0.533456 	-0.0101195 	
0.235	0.0492146 	0.0189418 	-2.00925 	0.262578 	0.533478 	-0.0101129 	
0.24	0.0492148 	0.0188338 	-2.00917 	0.262582 	0.5335 	-0.0101062 	
0.245	0.0492151 	0.0187236 	-2.00908 	0.262585 	0.533523 	-0.0100993 	
0.25	0.0492153 	0.0186112 	-2.00899 	0.262589 	0.533546 	-0.0100924 	
0.255	0.0492155 	0.0184966 	-2.0089 	0.262593 	0.53357 	-0.0100853 	
0.26	0.0492158 	0.0183798 	-2.00881 	0.262596 	0.533594 	-0.0100781 	
0.265	0.0492161 	0.0182608 	-2.00871 	0.2626 	0.533618 	-0.0100708 	
0.27	0.0493253 	0.0179047 	-2.0088 	0.262717 	0.535294 	-0.00939344 	
0.275	0.0493255 	0.0177813 	-2.00871 	0.262721 	0.535319 	-0.00938587 	
0.28	0.0493258 	0.0176558 	-2.00861 	0.262725 	0.535345 	-0.00937818 	
0.285	0.0493261 	0.0175282 	-2.00851 	0.262729 	0.535371 	-0.00937038 	
0.29	0.0493265 	0.0173984 	-2.00841 	0.262734 	0.535398 	-0.00936247 	
0.295	0.0493268 	0.0172664 	-2.0083 	0.262738 	0.535424 	-0.00935444 	
0.3	0.0493272 	0.0171323 	-2.0082 	0.262742 	0.535452 	-0.0093463 	
0.305	0.0493276 	0.0169961 	-2.00809 	0.262746 	0.535479 	-0.00933805 	
0.31	0.0494327 	0.0166336 	-2.00815 	0.262865 	0.53708 	-0.00868994 	
0.315	0.0494331 	0.0164931 	-2.00804 	0.262869 	0.537109 	-0.00868145 	
0.32	0.0494335 	0.0163505 	-2.00793 	0.262874 	0.537137 	-0.00867287 	
0.325	0.0494339 	0.0162058 	-2.00782 	0.262878 	0.537167 	-0.00866417 	
0.33	0.0494344 	0.0160589 	-2.0077 	0.262883 	0.537196 	-0.00865537 	
0.335	0.0494349 	0.01591 	-2.00758 	0.262888 	0.537227 	-0.00864647 	
0.34	0.0494354 	0.0157589 	-2.00746 	0.262893 	0.537257 	-0.00863747 	
0.345	0.0495394 	0.0153861 	-2.00751 	0.263015 	0.538827 	-0.00800029 	
0.35	0.0495399 	0.0152309 	-2.00739 	0.26302 	0.538859 	-0.00799107 	
0.355	0.0495405 	0.0150736 	-2.00727 	0.263025 	0.53889 	-0.00798176 	
0.36	0.0495411 	0.0149142 	-2.00714 	0.26303 	0.538922 	-0.00797235 	
0.365	0.0495417 	0.0147527 	-2.00701 	0.263035 	0.538955 	-0.00796284 	
0.37	0.0495423 	0.0145892 	-2.00688 	0.26304 	0.538987 	-0.00795325 	
0.375	0.0495429 	0.0144237 	-2.00675 	0.263045 	0.539021 	-0.00794356 	
0.38	0.0496572 	0.0140169 	-2.0068 	0.263185 	0.540728 	-0.00724879 	
0.385	0.0496579 	0.0138473 	-2.00667 	0.26319 	0.540762 	-0.0072389 	
0.39	0.0496586 	0.0136756 	-2.00653 	0.263195 	0.540796 	-0.00722892 	
0.395	0.0496593 	0.0135019 	-2.00639 	0.263201 	0.540831 	-0.00721886 	
0.4	0.0496601 	0.0133262 	-2.00625 	0.263206 	0.540866 	-0.00720872 	
0.405	0.0496609 	0.0131485 	-2.00611 	0.263212 	0.540901 	-0.00719849 	
0.41	0.0497699 	0.012743 	-2.00614 	0.26335 	0.542515 	-0.00654055 	
0.415	0.0497707 	0.0125613 	-2.006 	0.263356 	0.54255 	-0.00653014 	
0.42	0.0497716 	0.0123776 	-2.00585 	0.263362 	0.542587 	-0.00651965 	
0.425	0.0497725 	0.0121919 	-2.0057 	0.263368 	0.542623 	-0.00650909 	
0.43	0.0497734 	0.0120042 	-2.00556 	0.263373 	0.54266 	-0.00649845 	
0.435	0.0497743 	0.0118146 	-2.0054 	0.263379 	0.542698 	-0.00648774 	
0.44	0.0498906 	0.0113845 	-2.00543 	0.263532 	0.544401 	-0.00579135 	
0.445	0.0498916 	0.0111909 	-2.00528 	0.263538 	0.544439 	-0.00578047 	
0.45	0.0498926 	0.0109955 	-2.00512 	0.263544 	0.544477 	-0.00576953 	
0.455	0.0498937 	0.0107981 	-2.00497 	0.26355 	0.544516 	-0.00575852 	
0.46	0.0498948 	0.0105988 	-2.00481 	0.263556 	0.544555 	-0.00574744 	
0.465	0.0498959 	0.0103975 	-2.00465 	0.263563 	0.544594 	-0.0057363 	
0.47	0.0500208 	0.00994062 	-2.00468 	0.263732 	0.546403 	-0.00499442 	
0.475	0.0500219 	0.00973555 	-2.00451 	0.263738 	0.546443 	-0.00498313 	
0.48	0.0500232 	0.00952862 	-2.00435 	0.263745 	0.546483 	-0.00497179 	
0.485	0.0500244 	0.00931982 	-2.00418 	0.263751 	0.546523 	-0.00496039 	
0.49	0.0500257 	0.00910914 	-2.00401 	0.263758 	0.546564 	-0.00494893 	
0.495	0.0501389 	0.00866919 	-2.00401 	0.263917 	0.548188 	-0.00428132 	
0.5	0.0501403 	0.00845476 	-2.00384 	0.263923 	0.54823 	-0.00426974 	
0.505	0.0501417 	0.00823851 	-2.00367 	0.26393 	0.548271 	-0.0042581 	
0.51	0.0501431 	0.00802043 	-2.00349 	0.263937 	0.548313 	-0.00424642 	
0.515	0.0501446 	0.00780053 	-2.00332 	0.263943 	0.548355 	-0.00423469 	
0.52	0.0502621 	0.00734472 	-2.00331 	0.264113 	0.550026 	-0.00354639 	
0.525	0.0502637 	0.00712116 	-2.00313 	0.26412 	0.550068 	-0.00353454 	
0.53	0.0502653 	0.00689582 	-2.00295 	0.264127 	0.550111 	-0.00352266 	
0.535	0.0502669 	0.00666869 	-2.00277 	0.264134 	0.550155 	-0.00351073 	
0.54	0.0502686 	0.00643978 	-2.00259 	0.264141 	0.550198 	-0.00349877 	
0.545	0.0503922 	0.00596524 	-2.00258 	0.264324 	0.551935 	-0.00278057 	
0.55	0.050394 	0.00573276 	-2.0024 	0.264332 	0.551979 	-0.00276851 	
0.555	0.0503957 	0.00549856 	-2.00221 	0.264339 	0.552024 	-0.00275642 	
0.56	0.0503976 	0.00526262 	-2.00202 	0.264346 	0.552068 	-0.00274429 	
0.565	0.0503995 	0.00502495 	-2.00182 	0.264353 	0.552113 	-0.00273214 	
0.57	0.0505294 	0.00453179 	-2.00182 	0.264551 	0.553918 	-0.00198352 	
0.575	0.0505314 	0.00429064 	-2.00162 	0.264558 	0.553963 	-0.00197129 	
0.58	0.0505334 	0.00404783 	-2.00143 	0.264566 	0.554009 	-0.00195903 	
0.585	0.0505354 	0.00380332 	-2.00123 	0.264573 	0.554054 	-0.00194675 	
0.59	0.0505375 	0.00355713 	-2.00103 	0.26458 	0.5541 	-0.00193444 	
0.595	0.0506738 	0.0030458 	-2.00103 	0.264794 	0.555971 	-0.00115577 	
0.6	0.050676 	0.00279623 	-2.00082 	0.264802 	0.556017 	-0.0011434 	
0.605	0.0506782 	0.00254505 	-2.00062 	0.264809 	0.556064 	-0.00113102 	
0.61	0.0506805 	0.00229223 	-2.00041 	0.264817 	0.556111 	-0.00111862 	
0.615	0.0507974 	0.00181482 	-2.00037 	0.265005 	0.5577 	-0.000456172 	
0.62	0.0507997 	0.00155872 	-2.00016 	0.265013 	0.557747 	-0.000443729 	
0.625	0.0508022 	0.00130104 	-1.99995 	0.26502 	0.557794 	-0.000431278 	
0.63	0.0508046 	0.00104175 	-1.99974 	0.265028 	0.557842 	-0.000418822 	
0.635	0.0509233 	0.000556639 	-1.99969 	0.265223 	0.559439 	0.000248666 	
0.64	0.0509258 	0.000294161 	-1.99948 	0.265231 	0.559487 	0.000261155 	
0.645	0.0509284 	3.01428e-05 	-1.99927 	0.265239 	0.559535 	0.000273646 	
0.65	0.0509311 	-0.00023543 	-1.99905 	0.265246 	0.559583 	0.000286135 	
0.655	0.0510537 	-0.000732132 	-1.999 	0.265452 	0.561216 	0.000970657 	
0.66	0.0510564 	-0.00100081 	-1.99878 	0.26546 	0.561265 	0.000983166 	
0.665	0.0510593 	-0.00127099 	-1.99856 	0.265468 	0.561314 	0.000995669 	
0.67	0.0510622 	-0.00154268 	-1.99834 	0.265476 	0.561363 	0.00100816 	
0.675	0.0511889 	-0.00205107 	-1.99828 	0.265693 	0.563033 	0.00171068 	
0.68	0.0511918 	-0.00232578 	-1.99806 	0.265701 	0.563082 	0.00172318 	
0.685	0.0511949 	-0.00260194 	-1.99783 	0.265709 	0.563132 	0.00173566 	
0.69	0.051198 	-0.00287956 	-1.99761 	0.265717 	0.563181 	0.00174814 	
0.695	0.0513289 	-0.00339937 	-1.99755 	0.265946 	0.564889 	0.00246847 	
0.7	0.0513321 	-0.00367992 	-1.99732 	0.265954 	0.564938 	0.00248094 	
0.705	0.0513354 	-0.00396187 	-1.99709 	0.265962 	0.564988 	0.00249338 	
0.71	0.0513387 	-0.00424524 	-1.99686 	0.26597 	0.565038 	0.0025058 	
0.715	0.0514738 	-0.00477614 	-1.9968 	0.26621 	0.566781 	0.00324368 	
0.72	0.0514772 	-0.00506235 	-1.99656 	0.266219 	0.566831 	0.00325608 	
0.725	0.0514808 	-0.00534991 	-1.99632 	0.266227 	0.566882 	0.00326845 	
0.73	0.0514843 	-0.00563885 	-1.99609 	0.266235 	0.566932 	0.0032808 	
0.735	0.0516236 	-0.0061805 	-1.99603 	0.266488 	0.56871 	0.0040359 	
0.74	0.0516273 	-0.00647218 	-1.99579 	0.266496 	0.56876 	0.00404821 	
0.745	0.051631 	-0.00676516 	-1.99554 	0.266504 	0.568811 	0.00406049 	
0.75	0.0516349 	-0.00705946 	-1.9953 	0.266512 	0.568862 	0.00407273 	
0.755	0.0517783 	-0.00761152 	-1.99524 	0.266778 	0.570673 	0.00484474 	
0.76	0.0517823 	-0.00790847 	-1.99499 	0.266786 	0.570724 	0.00485694 	
0.765	0.0517863 	-0.00820668 	-1.99475 	0.266794 	0.570775 	0.00486909 	
0.77	0.0517903 	-0.00850616 	-1.9945 	0.266803 	0.570826 	0.0048812 	
0.775	0.051938 	-0.00906828 	-1.99443 	0.267081 	0.572669 	0.0056698 	
0.78	0.0519422 	-0.00937031 	-1.99418 	0.267089 	0.57272 	0.00568185 	
0.785	0.0519465 	-0.00967355 	-1.99393 	0.267097 	0.572771 	0.00569385 	
0.79	0.0519508 	-0.00997801 	-1.99368 	0.267106 	0.572823 	0.0057058 	
0.795	0.0521027 	-0.0105498 	-1.99361 	0.267397 	0.574696 	0.00651064 	
0.8	0.0521071 	-0.0108567 	-1.99335 	0.267406 	0.574748 	0.00652252 	
0.805	0.0521116 	-0.0111648 	-1.9931 	0.267414 	0.5748 	0.00653435 	
0.81	0.0521162 	-0.011474 	-1.99284 	0.267422 	0.574851 	0.00654612 	
0.815	0.0522723 	-0.0120552 	-1.99277 	0.267727 	0.576754 	0.00736685 	
0.82	0.052277 	-0.0123668 	-1.99251 	0.267735 	0.576806 	0.00737853 	
0.825	0.0522818 	-0.0126794 	-1.99225 	0.267744 	0.576858 	0.00739016 	
0.83	0.0522867 	-0.0129933 	-1.99199 	0.267752 	0.57691 	0.00740172 	
0.835	0.0524469 	-0.0135833 	-1.99191 	0.26807 	0.57884 	0.00823798 	
0.84	0.0524519 	-0.0138994 	-1.99165 	0.268079 	0.578892 	0.00824945 	
0.845	0.052457 	-0.0142165 	-1.99138 	0.268087 	0.578944 	0.00826085 	
0.85	0.0524621 	-0.0145347 	-1.99112 	0.268095 	0.578996 	0.00827218 	
0.855	0.0526265 	-0.0151333 	-1.99104 	0.268428 	0.580954 	0.00912361 	
0.86	0.0526318 	-0.0154537 	-1.99077 	0.268436 	0.581006 	0.00913483 	
0.865	0.0526371 	-0.015775 	-1.9905 	0.268444 	0.581058 	0.00914598 	
0.87	0.0526425 	-0.0160973 	-1.99023 	0.268453 	0.58111 	0.00915705 	
0.875	0.0528111 	-0.0167042 	-1.99015 	0.268799 	0.583093 	0.0100233 	
0.88	0.0528166 	-0.0170285 	-1.98988 	0.268807 	0.583145 	0.0100342 	
0.885	0.0528222 	-0.0173539 	-1.9896 	0.268816 	0.583197 	0.0100451 	
0.89	0.052957 	-0.0179024 	-1.98948 	0.269096 	0.584761 	0.0107287 	
0.895	0.0529627 	-0.0182297 	-1.9892 	0.269104 	0.584813 	0.0107395 	
0.9	0.0529685 	-0.0185579 	-1.98893 	0.269112 	0.584865 	0.0107501 	
0.905	0.0529744 	-0.018887 	-1.98865 	0.269121 	0.584917 	0.0107607 	
0.91	0.0531465 	-0.0195008 	-1.98856 	0.269484 	0.586897 	0.0116323 	
0.915	0.0531525 	-0.0198317 	-1.98828 	0.269492 	0.586949 	0.0116427 	
0.92	0.0531586 	-0.0201636 	-1.988 	0.2695 	0.587001 	0.011653 	
0.925	0.0532987 	-0.0207228 	-1.98787 	0.269799 	0.588592 	0.0123535 	
0.93	0.0533049 	-0.0210564 	-1.98758 	0.269807 	0.588643 	0.0123636 	
0.935	0.0533112 	-0.0213908 	-1.9873 	0.269816 	0.588695 	0.0123737 	
0.94	0.0534501 	-0.0219486 	-1.98716 	0.270115 	0.590257 	0.0130635 	
0.945	0.0534565 	-0.0222847 	-1.98688 	0.270123 	0.590308 	0.0130734 	
0.95	0.053463 	-0.0226215 	-1.98659 	0.270131 	0.59036 	0.0130833 	
0.955	0.0536039 	-0.023183 	-1.98645 	0.270438 	0.591929 	0.0137784 	
0.96	0.0536105 	-0.0235214 	-1.98616 	0.270446 	0.59198 	0.0137881 	
0.965	0.0536172 	-0.0238606 	-1.98588 	0.270454 	0.592032 	0.0137977 	
0.97	0.0537604 	-0.0244261 	-1.98573 	0.270769 	0.59361 	0.0144997 	
0.975	0.0537672 	-0.0247668 	-1.98544 	0.270777 	0.593661 	0.0145091 	
0.98	0.0537742 	-0.0251082 	-1.98515 	0.270785 	0.593713 	0.0145184 	
0.985	0.0539196 	-0.0256774 	-1.985 	0.271109 	0.595301 	0.0152274 	
0.99	0.0539266 	-0.0260203 	-1.98471 	0.271117 	0.595352 	0.0152365 	
0.995	0.0539338 	-0.0263637 	-1.98442 	0.271125 	0.595403 	0.0152455 	
1	0.0540814 	-0.0269366 	-1.98427 	0.271456 	0.597 	0.0159611 	
1.005	0.0540887 	-0.0272814 	-1.98398 	0.271464 	0.597051 	0.0159699 	
1.01	0.0540961 	-0.0276269 	-1.98368 	0.271472 	0.597102 	0.0159786 	
1.015	0.054246 	-0.0282032 	-1.98353 	0.271812 	0.598707 	0.0167008 	
1.02	0.0542535 	-0.0285499 	-1.98323 	0.27182 	0.598758 	0.0167092 	
1.025	0.0542611 	-0.0288971 	-1.98294 	0.271828 	0.598808 	0.0167176 	
1.03	0.0544132 	-0.0294766 	-1.98278 	0.272176 	0.600422 	0.0174461 	
1.035	0.0544209 	-0.029825 	-1.98248 	0.272184 	0.600472 	0.0174543 	
1.04	0.0544287 	-0.030174 	-1.98218 	0.272192 	0.600522 	0.0174623 	
1.045	0.054583 	-0.0307565 	-1.98203 	0.272548 	0.602143 	0.0181969 	
1.05	0.0545909 	-0.0311065 	-1.98173 	0.272556 	0.602193 	0.0182047 	
1.055	0.0545989 	-0.0314571 	-1.98143 	0.272564 	0.602242 	0.0182124 	
1.06	0.0547553 	-0.0320423 	-1.98127 	0.272929 	0.60387 	0.0189529 	
1.065	0.0547635 	-0.0323939 	-1.98096 	0.272936 	0.603919 	0.0189604 	
1.07	0.0547717 	-0.0327458 	-1.98066 	0.272944 	0.603969 	0.0189678 	
1.075	0.0549302 	-0.0333336 	-1.9805 	0.273317 	0.605602 	0.0197139 	
1.08	0.0549386 	-0.0336865 	-1.9802 	0.273325 	0.605651 	0.019721 	
1.085	0.054947 	-0.0340398 	-1.97989 	0.273332 	0.6057 	0.0197281 	
1.09	0.0551076 	-0.03463 	-1.97973 	0.273714 	0.607339 	0.0204797 	
1.095	0.0551162 	-0.0349841 	-1.97942 	0.273721 	0.607387 	0.0204865 	
1.1	0.0551248 	-0.0353386 	-1.97912 	0.273729 	0.607436 	0.0204932 	
1.105	0.0552875 	-0.0359308 	-1.97895 	0.274118 	0.60908 	0.02125 	
1.11	0.0552963 	-0.0362861 	-1.97864 	0.274126 	0.609128 	0.0212565 	
1.115	0.0553051 	-0.0366416 	-1.97833 	0.274133 	0.609176 	0.0212628 	
1.12	0.0554698 	-0.0372357 	-1.97817 	0.274531 	0.610823 	0.0220246 	
1.125	0.0554788 	-0.037592 	-1.97786 	0.274538 	0.610871 	0.0220307 	
1.13	0.0554878 	-0.0379484 	-1.97755 	0.274545 	0.610918 	0.0220367 	
1.135	0.0556545 	-0.0385442 	-1.97738 	0.274951 	0.61257 	0.0228033 	
1.14	0.0556636 	-0.0389013 	-1.97707 	0.274958 	0.612617 	0.022809 	
1.145	0.0556729 	-0.0392586 	-1.97676 	0.274966 	0.612664 	0.0228146 	
1.15	0.0558415 	-0.0398559 	-1.97658 	0.275379 	0.614318 	0.0235858 	
1.155	0.0558508 	-0.0402136 	-1.97627 	0.275386 	0.614364 	0.0235912 	
1.16	0.0558603 	-0.0405716 	-1.97596 	0.275394 	0.614411 	0.0235964 	
1.165	0.0560307 	-0.0411701 	-1.97579 	0.275815 	0.616067 	0.0243719 	
1.17	0.0560403 	-0.0415285 	-1.97547 	0.275822 	0.616113 	0.0243769 	
1.175	0.05605 	-0.041887 	-1.97516 	0.275829 	0.616159 	0.0243817 	
1.18	0.0562222 	-0.0424865 	-1.97498 	0.276259 	0.617817 	0.0251613 	
1.185	0.056232 	-0.0428453 	-1.97467 	0.276266 	0.617862 	0.0251659 	
1.19	0.0562419 	-0.0432043 	-1.97436 	0.276272 	0.617908 	0.0251704 	
1.195	0.0564159 	-0.0438045 	-1.97418 	0.27671 	0.619566 	0.0259538 	
1.2	0.0564259 	-0.0441637 	-1.97386 	0.276717 	0.619611 	0.025958 	
1.205	0.0564359 	-0.0445229 	-1.97355 	0.276723 	0.619656 	0.0259621 	
1.21	0.0566117 	-0.0451237 	-1.97337 	0.277168 	0.621315 	0.0267492 	
1.215	0.0566218 	-0.0454831 	-1.97305 	0.277175 	0.62136 	0.026753 	
1.22	0.0566321 	-0.0458425 	-1.97273 	0.277181 	0.621404 	0.0267566 	
1.225	0.0568095 	-0.0464437 	-1.97255 	0.277634 	0.623063 	0.027547 	
1.23	0.0568199 	-0.0468031 	-1.97224 	0.27764 	0.623106 	0.0275505 	
1.235	0.0568303 	-0.0471626 	-1.97192 	0.277647 	0.62315 	0.0275537 	
1.24	0.0570093 	-0.0477638 	-1.97174 	0.278107 	0.624808 	0.0283472 	
1.245	0.0570198 	-0.0481233 	-1.97142 	0.278113 	0.624851 	0.0283503 	
1.25	0.0570304 	-0.0484826 	-1.9711 	0.278119 	0.624894 	0.0283531 	
1.255	0.0572111 	-0.0490838 	-1.97092 	0.278587 	0.62655 	0.0291495 	
1.26	0.0572218 	-0.049443 	-1.9706 	0.278593 	0.626593 	0.0291521 	
1.265	0.0572325 	-0.0498021 	-1.97028 	0.278599 	0.626635 	0.0291546 	
1.27	0.0574146 	-0.0504029 	-1.97009 	0.279073 	0.628289 	0.0299535 	
1.275	0.0574255 	-0.0507619 	-1.96978 	0.279079 	0.628331 	0.0299558 	
1.28	0.0574364 	-0.0511206 	-1.96946 	0.279085 	0.628372 	0.0299578 	
1.285	0.05762 	-0.0517209 	-1.96927 	0.279566 	0.630024 	0.0307591 	
1.29	0.057631 	-0.0520794 	-1.96895 	0.279572 	0.630065 	0.0307609 	
1.295	0.0576421 	-0.0524377 	-1.96863 	0.279578 	0.630106 	0.0307626 	
1.3	0.0578271 	-0.0530372 	-1.96844 	0.280066 	0.631754 	0.0315659 	
1.305	0.0578383 	-0.0533952 	-1.96812 	0.280072 	0.631794 	0.0315674 	
1.31	0.0578495 	-0.0537528 	-1.9678 	0.280078 	0.631835 	0.0315686 	
1.315	0.0580358 	-0.0543514 	-1.96761 	0.280572 	0.633479 	0.0323737 	
1.32	0.0580471 	-0.0547086 	-1.96729 	0.280578 	0.633519 	0.0323748 	
1.325	0.0580585 	-0.0550656 	-1.96697 	0.280583 	0.633558 	0.0323756 	
1.33	0.058246 	-0.0556629 	-1.96678 	0.281084 	0.635198 	0.0331823 	
1.335	0.0582575 	-0.0560193 	-1.96646 	0.28109 	0.635237 	0.0331829 	
1.34	0.0582691 	-0.0563754 	-1.96614 	0.281095 	0.635275 	0.0331834 	
1.345	0.0584577 	-0.0569713 	-1.96595 	0.281602 	0.63691 	0.0339912 	
1.35	0.0584693 	-0.0573268 	-1.96563 	0.281608 	0.636948 	0.0339914 	
1.355	0.058481 	-0.0576819 	-1.96531 	0.281613 	0.636986 	0.0339915 	
1.36	0.0586708 	-0.0582762 	-1.96512 	0.282126 	0.638615 	0.0348003 	
1.365	0.0586826 	-0.0586306 	-1.9648 	0.282131 	0.638652 	0.0348002 	
1.37	0.0586944 	-0.0589846 	-1.96448 	0.282136 	0.63869 	0.0347998 	
1.375	0.0588852 	-0.059577 	-1.96429 	0.282655 	0.640312 	0.0356093 	
1.38	0.0588971 	-0.0599303 	-1.96397 	0.28266 	0.640349 	0.0356087 	
1.385	0.058909 	-0.060283 	-1.96365 	0.282665 	0.640386 	0.0356081 	
1.39	0.0591007 	-0.0608734 	-1.96345 	0.28319 	0.642001 	0.0364179 	
1.395	0.0591128 	-0.0612253 	-1.96313 	0.283194 	0.642037 	0.0364169 	
1.4	0.0591248 	-0.0615767 	-1.96282 	0.283199 	0.642073 	0.0364159 	
1.405	0.0593174 	-0.0621647 	-1.96262 	0.283729 	0.643681 	0.0372258 	
1.41	0.0593296 	-0.0625152 	-1.9623 	0.283734 	0.643716 	0.0372244 	
1.415	0.0593417 	-0.0628652 	-1.96199 	0.283738 	0.643751 	0.037223 	
1.42	0.0595351 	-0.0634507 	-1.96179 	0.284273 	0.645351 	0.0380327 	
1.425	0.0595474 	-0.0637996 	-1.96147 	0.284278 	0.645386 	0.038031 	
1.43	0.0595597 	-0.064148 	-1.96115 	0.284282 	0.64542 	0.0380291 	
1.435	0.0597537 	-0.0647308 	-1.96095 	0.284822 	0.647011 	0.0388383 	
1.44	0.0597661 	-0.0650781 	-1.96064 	0.284826 	0.647045 	0.0388363 	
1.445	0.0597785 	-0.0654247 	-1.96032 	0.28483 	0.647079 	0.038834 	
1.45	0.0599732 	-0.0660046 	-1.96012 	0.285375 	0.648661 	0.0396424 	
1.455	0.0599856 	-0.06635 	-1.95981 	0.285379 	0.648694 	0.03964 	
1.46	0.0599981 	-0.0666948 	-1.9595 	0.285382 	0.648727 	0.0396374 	
1.465	0.0601933 	-0.0672716 	-1.95929 	0.285931 	0.650299 	0.0404447 	
1.47	0.0602058 	-0.0676151 	-1.95898 	0.285935 	0.650331 	0.0404419 	
1.475	0.0602184 	-0.067958 	-1.95867 	0.285939 	0.650363 	0.0404389 	
1.48	0.0604141 	-0.0685314 	-1.95847 	0.286492 	0.651925 	0.0412448 	
1.485	0.0604267 	-0.0688729 	-1.95815 	0.286495 	0.651957 	0.0412416 	
1.49	0.0604394 	-0.0692137 	-1.95784 	0.286499 	0.651988 	0.0412383 	
1.495	0.0606354 	-0.0697836 	-1.95764 	0.287055 	0.653539 	0.0420424 	
1.5	0.060648 	-0.0701229 	-1.95733 	0.287059 	0.65357 	0.0420389 	
1.505	0.0606608 	-0.0704615 	-1.95702 	0.287062 	0.6536 	0.0420353 	
1.51	0.060857 	-0.0710276 	-1.95682 	0.287622 	0.65514 	0.0428374 	
1.515	0.0608698 	-0.0713647 	-1.95651 	0.287625 	0.65517 	0.0428335 	
1.52	0.0608826 	-0.0717009 	-1.9562 	0.287628 	0.6552 	0.0428295 	
1.525	0.061079 	-0.0722632 	-1.956 	0.288191 	0.656728 	0.0436292 	
1.53	0.0610918 	-0.0725978 	-1.95569 	0.288195 	0.656757 	0.043625 	
1.535	0.0611047 	-0.0729317 	-1.95538 	0.288198 	0.656786 	0.0436207 	
1.54	0.0613012 	-0.0734897 	-1.95518 	0.288763 	0.658301 	0.0444178 	
1.545	0.061314 	-0.0738219 	-1.95487 	0.288766 	0.65833 	0.0444133 	
1.55	0.0613269 	-0.0741532 	-1.95457 	0.288769 	0.658358 	0.0444086 	
1.555	0.0615234 	-0.0747069 	-1.95437 	0.289337 	0.65986 	0.0452027 	
1.56	0.0615363 	-0.0750365 	-1.95406 	0.28934 	0.659888 	0.0451979 	
1.565	0.0615493 	-0.0753651 	-1.95376 	0.289343 	0.659916 	0.0451929 	
1.57	0.0617456 	-0.0759143 	-1.95355 	0.289913 	0.661405 	0.0459837 	
1.575	0.0617586 	-0.0762412 	-1.95325 	0.289916 	0.661432 	0.0459786 	
1.58	0.0617715 	-0.0765671 	-1.95295 	0.289918 	0.661458 	0.0459733 	
1.585	0.0619677 	-0.0771115 	-1.95275 	0.290491 	0.662934 	0.0467604 	
1.59	0.0619806 	-0.0774355 	-1.95245 	0.290493 	0.66296 	0.046755 	
1.595	0.0619936 	-0.0777585 	-1.95215 	0.290495 	0.662986 	0.0467494 	
1.6	0.0621894 	-0.0782981 	-1.95195 	0.291069 	0.664447 	0.0475326 	
1.605	0.0622024 	-0.0786191 	-1.95165 	0.291071 	0.664472 	0.0475269 	
1.61	0.0622154 	-0.0789392 	-1.95135 	0.291073 	0.664497 	0.0475211 	
1.615	0.0624108 	-0.0794736 	-1.95115 	0.291648 	0.665943 	0.0483 	
1.62	0.0624238 	-0.0797916 	-1.95085 	0.29165 	0.665968 	0.048294 	
1.625	0.0624368 	-0.0801085 	-1.95056 	0.291652 	0.665992 	0.0482879 	
1.63	0.0624498 	-0.0804244 	-1.95026 	0.291654 	0.666017 	0.0482817 	
1.635	0.062699 	-0.081016 	-1.95009 	0.292401 	0.667865 	0.0492884 	
1.64	0.062712 	-0.0813298 	-1.9498 	0.292403 	0.667889 	0.0492821 	
1.645	0.062725 	-0.0816424 	-1.94951 	0.292405 	0.667913 	0.0492756 	
1.65	0.0629245 	-0.0821707 	-1.94931 	0.292998 	0.669364 	0.0500672 	
1.655	0.0629375 	-0.0824811 	-1.94902 	0.293 	0.669387 	0.0500606 	
1.66	0.0629505 	-0.0827904 	-1.94873 	0.293002 	0.66941 	0.0500539 	
1.665	0.0629635 	-0.0830986 	-1.94844 	0.293003 	0.669433 	0.0500471 	
1.67	0.0632111 	-0.0836761 	-1.94827 	0.293752 	0.671237 	0.0510407 	
1.675	0.063224 	-0.083982 	-1.94798 	0.293754 	0.671259 	0.0510337 	
1.68	0.0632369 	-0.0842867 	-1.9477 	0.293755 	0.671281 	0.0510267 	
1.685	0.0632499 	-0.0845902 	-1.94741 	0.293757 	0.671303 	0.0510196 	
1.69	0.0635009 	-0.0851644 	-1.94724 	0.294521 	0.673115 	0.0520246 	
1.695	0.0635138 	-0.0854656 	-1.94696 	0.294522 	0.673136 	0.0520174 	
1.7	0.0635267 	-0.0857655 	-1.94668 	0.294523 	0.673157 	0.0520101 	
1.705	0.0635396 	-0.0860641 	-1.9464 	0.294525 	0.673178 	0.0520027 	
1.71	0.0637894 	-0.0866296 	-1.94623 	0.295289 	0.674963 	0.0529989 	
1.715	0.0638022 	-0.0869258 	-1.94595 	0.29529 	0.674983 	0.0529914 	
1.72	0.063815 	-0.0872207 	-1.94567 	0.295291 	0.675003 	0.0529838 	
1.725	0.0638278 	-0.0875144 	-1.9454 	0.295292 	0.675023 	0.0529762 	
1.73	0.0640756 	-0.0880702 	-1.94523 	0.296053 	0.676777 	0.0539608 	
1.735	0.0640883 	-0.0883613 	-1.94495 	0.296054 	0.676796 	0.0539531 	
1.74	0.0641011 	-0.0886511 	-1.94468 	0.296055 	0.676816 	0.0539453 	
1.745	0.0641138 	-0.0889395 	-1.94441 	0.296056 	0.676834 	0.0539374 	
1.75	0.0643592 	-0.0894854 	-1.94424 	0.296814 	0.678556 	0.0549095 	
1.755	0.0643719 	-0.0897712 	-1.94397 	0.296814 	0.678574 	0.0549015 	
1.76	0.0643845 	-0.0900556 	-1.9437 	0.296815 	0.678592 	0.0548935 	
1.765	0.0643971 	-0.0903387 	-1.94343 	0.296815 	0.67861 	0.0548854 	
1.77	0.06464 	-0.0908742 	-1.94327 	0.297569 	0.680298 	0.0558442 	
1.775	0.0646525 	-0.0911546 	-1.943 	0.297569 	0.680315 	0.055836 	
1.78	0.0646651 	-0.0914336 	-1.94274 	0.29757 	0.680332 	0.0558278 	
1.785	0.0646776 	-0.0917111 	-1.94248 	0.29757 	0.68035 	0.0558195 	
1.79	0.0649176 	-0.092236 	-1.94231 	0.298318 	0.682002 	0.0567641 	
1.795	0.0649301 	-0.0925107 	-1.94205 	0.298318 	0.682019 	0.0567558 	
1.8	0.0649425 	-0.0927841 	-1.94179 	0.298318 	0.682035 	0.0567474 	
1.805	0.0649548 	-0.0930559 	-1.94153 	0.298319 	0.682052 	0.0567389 	
1.81	0.0651918 	-0.0935698 	-1.94137 	0.29906 	0.683669 	0.0576686 	
1.815	0.0652041 	-0.0938388 	-1.94111 	0.29906 	0.683685 	0.0576601 	
1.82	0.0652164 	-0.0941063 	-1.94086 	0.29906 	0.6837 	0.0576516 	
1.825	0.0652286 	-0.0943724 	-1.94061 	0.29906 	0.683716 	0.057643 	
1.83	0.0654623 	-0.094875 	-1.94044 	0.299794 	0.685296 	0.058557 	
1.835	0.0654744 	-0.0951381 	-1.94019 	0.299794 	0.685312 	0.0585484 	
1.84	0.0654865 	-0.0953996 	-1.93994 	0.299794 	0.685326 	0.0585397 	
1.845	0.0654986 	-0.0956596 	-1.9397 	0.299794 	0.685341 	0.058531 	
1.85	0.0657287 	-0.0961507 	-1.93954 	0.300519 	0.686885 	0.0594286 	
1.855	0.0657407 	-0.0964077 	-1.93929 	0.300519 	0.686899 	0.0594198 	
1.86	0.0657526 	-0.0966631 	-1.93905 	0.300519 	0.686913 	0.059411 	
1.865	0.0657645 	-0.096917 	-1.9388 	0.300519 	0.686927 	0.0594022 	
1.87	0.0659909 	-0.0973963 	-1.93865 	0.301235 	0.688432 	0.0602826 	
1.875	0.0660026 	-0.097647 	-1.93841 	0.301235 	0.688446 	0.0602738 	
1.88	0.0660143 	-0.0978962 	-1.93817 	0.301234 	0.688459 	0.0602649 	
1.885	0.066026 	-0.0981438 	-1.93793 	0.301234 	0.688472 	0.0602561 	
1.89	0.0662484 	-0.0986109 	-1.93778 	0.30194 	0.689939 	0.0611185 	
1.895	0.0662599 	-0.0988553 	-1.93754 	0.301939 	0.689952 	0.0611096 	
1.9	0.0662715 	-0.0990981 	-1.93731 	0.301939 	0.689964 	0.0611007 	
1.905	0.0662829 	-0.0993392 	-1.93708 	0.301938 	0.689977 	0.0610918 	
1.91	0.066501 	-0.099794 	-1.93693 	0.302633 	0.691404 	0.0619355 	
1.915	0.0665124 	-0.100032 	-1.9367 	0.302632 	0.691416 	0.0619265 	
1.92	0.0665237 	-0.100268 	-1.93647 	0.302632 	0.691428 	0.0619176 	
1.925	0.0665349 	-0.100503 	-1.93625 	0.302631 	0.69144 	0.0619087 	
1.93	0.0667485 	-0.100945 	-1.9361 	0.303314 	0.692827 	0.0627329 	
1.935	0.0667596 	-0.101176 	-1.93587 	0.303313 	0.692838 	0.062724 	
1.94	0.0667706 	-0.101406 	-1.93565 	0.303312 	0.692849 	0.0627151 	
1.945	0.0667817 	-0.101634 	-1.93543 	0.303312 	0.69286 	0.0627062 	
1.95	0.0667926 	-0.10186 	-1.93522 	0.303311 	0.692871 	0.0626973 	
1.955	0.067045 	-0.102332 	-1.93509 	0.304129 	0.694511 	0.0636804 	
1.96	0.0670558 	-0.102555 	-1.93487 	0.304128 	0.694521 	0.0636715 	
1.965	0.0670666 	-0.102776 	-1.93466 	0.304127 	0.694532 	0.0636626 	
1.97	0.0670773 	-0.102995 	-1.93445 	0.304126 	0.694542 	0.0636538 	
1.975	0.0670879 	-0.103213 	-1.93424 	0.304125 	0.694552 	0.0636449 	
1.98	0.0673373 	-0.103671 	-1.93411 	0.304937 	0.696158 	0.0646145 	
1.985	0.0673477 	-0.103885 	-1.93391 	0.304936 	0.696168 	0.0646057 	
1.99	0.0673581 	-0.104098 	-1.9337 	0.304935 	0.696178 	0.0645969 	
1.995	0.0673685 	-0.104308 	-1.9335 	0.304934 	0.696187 	0.0645882 	
2	0.0673788 	-0.104517 	-1.93329 	0.304933 	0.696196 	0.0645794 	
2.005	0.0676204 	-0.104957 	-1.93317 	0.305722 	0.69774 	0.0655167 	
2.01	0.0676305 	-0.105162 	-1.93298 	0.305721 	0.697749 	0.0655081 	
2.015	0.0676406 	-0.105366 	-1.93278 	0.30572 	0.697758 	0.0654994 	
2.02	0.0676506 	-0.105567 	-1.93258 	0.305719 	0.697766 	0.0654908 	
2.025	0.0676605 	-0.105767 	-1.93239 	0.305718 	0.697775 	0.0654822 	
2.03	0.0678936 	-0.106188 	-1.93227 	0.306482 	0.699251 	0.066384 	
2.035	0.0679033 	-0.106385 	-1.93208 	0.306481 	0.69926 	0.0663755 	
2.04	0.067913 	-0.106579 	-1.93189 	0.30648 	0.699268 	0.066367 	
2.045	0.0679226 	-0.106771 	-1.93171 	0.306479 	0.699276 	0.0663586 	
2.05	0.0679322 	-0.106962 	-1.93152 	0.306478 	0.699284 	0.0663501 	
2.055	0.0681562 	-0.107364 	-1.93141 	0.307215 	0.700692 	0.0672151 	
2.06	0.0681655 	-0.10755 	-1.93123 	0.307214 	0.700699 	0.0672068 	
2.065	0.0681748 	-0.107735 	-1.93105 	0.307212 	0.700707 	0.0671985 	
2.07	0.068184 	-0.107919 	-1.93087 	0.307211 	0.700714 	0.0671902 	
2.075	0.0681932 	-0.1081 	-1.93069 	0.30721 	0.700721 	0.067182 	
2.08	0.0682022 	-0.108279 	-1.93052 	0.307209 	0.700728 	0.0671739 	
2.085	0.0684524 	-0.108694 	-1.93042 	0.30804 	0.702298 	0.0681456 	
2.09	0.0684613 	-0.10887 	-1.93025 	0.308039 	0.702305 	0.0681376 	
2.095	0.0684701 	-0.109044 	-1.93008 	0.308038 	0.702312 	0.0681296 	
2.1	0.0684788 	-0.109215 	-1.92992 	0.308037 	0.702318 	0.0681216 	
2.105	0.0684875 	-0.109385 	-1.92975 	0.308036 	0.702325 	0.0681137 	
2.11	0.068496 	-0.109553 	-1.92959 	0.308034 	0.702331 	0.0681058 	
2.115	0.0687361 	-0.109945 	-1.9295 	0.308836 	0.703825 	0.0690371 	
2.12	0.0687445 	-0.110109 	-1.92934 	0.308834 	0.703832 	0.0690294 	
2.125	0.0687527 	-0.110272 	-1.92918 	0.308833 	0.703837 	0.0690217 	
2.13	0.0687609 	-0.110432 	-1.92902 	0.308832 	0.703843 	0.0690141 	
2.135	0.068769 	-0.11059 	-1.92887 	0.308831 	0.703849 	0.0690065 	
2.14	0.068777 	-0.110746 	-1.92872 	0.308829 	0.703855 	0.0689991 	
2.145	0.0690028 	-0.111112 	-1.92863 	0.309585 	0.705249 	0.0698729 	
2.15	0.0690106 	-0.111264 	-1.92848 	0.309584 	0.705254 	0.0698656 	
2.155	0.0690183 	-0.111414 	-1.92834 	0.309583 	0.70526 	0.0698583 	
2.16	0.069026 	-0.111563 	-1.92819 	0.309582 	0.705265 	0.0698511 	
2.165	0.0690335 	-0.111709 	-1.92805 	0.30958 	0.70527 	0.069844 	
2.17	0.069041 	-0.111853 	-1.92791 	0.309579 	0.705275 	0.0698369 	
2.175	0.0690483 	-0.111996 	-1.92777 	0.309578 	0.70528 	0.0698299 	
2.18	0.0692875 	-0.112359 	-1.9277 	0.310385 	0.706752 	0.0707593 	
2.185	0.0692946 	-0.112498 	-1.92756 	0.310384 	0.706757 	0.0707525 	
2.19	0.0693017 	-0.112634 	-1.92743 	0.310383 	0.706762 	0.0707457 	
2.195	0.0693087 	-0.112769 	-1.9273 	0.310382 	0.706766 	0.070739 	
2.2	0.0693155 	-0.112901 	-1.92717 	0.31038 	0.70677 	0.0707324 	
2.205	0.0693223 	-0.113031 	-1.92704 	0.310379 	0.706775 	0.0707259 	
2.21	0.069329 	-0.113159 	-1.92692 	0.310378 	0.706779 	0.0707195 	
2.215	0.06955 	-0.113491 	-1.92685 	0.311127 	0.70813 	0.0715773 	
2.22	0.0695564 	-0.113615 	-1.92673 	0.311126 	0.708134 	0.071571 	
2.225	0.0695628 	-0.113737 	-1.92661 	0.311125 	0.708138 	0.0715648 	
2.23	0.0695691 	-0.113857 	-1.9265 	0.311124 	0.708141 	0.0715587 	
2.235	0.0695752 	-0.113975 	-1.92638 	0.311122 	0.708145 	0.0715527 	
2.24	0.0695813 	-0.114091 	-1.92627 	0.311121 	0.708149 	0.0715468 	
2.245	0.0695873 	-0.114205 	-1.92615 	0.31112 	0.708152 	0.0715409 	
2.25	0.0695931 	-0.114317 	-1.92604 	0.311119 	0.708156 	0.0715352 	
2.255	0.0698148 	-0.114632 	-1.926 	0.311875 	0.709506 	0.0723979 	
2.26	0.0698204 	-0.114739 	-1.92589 	0.311874 	0.709509 	0.0723924 	
2.265	0.069826 	-0.114845 	-1.92579 	0.311873 	0.709512 	0.0723869 	
2.27	0.0698314 	-0.114949 	-1.92569 	0.311872 	0.709515 	0.0723815 	
2.275	0.0698367 	-0.11505 	-1.92559 	0.311871 	0.709518 	0.0723762 	
2.28	0.069842 	-0.11515 	-1.92549 	0.31187 	0.709521 	0.0723711 	
2.285	0.0698471 	-0.115247 	-1.92539 	0.311869 	0.709524 	0.072366 	
2.29	0.0698521 	-0.115342 	-1.9253 	0.311868 	0.709527 	0.072361 	
2.295	0.069857 	-0.115436 	-1.92521 	0.311867 	0.70953 	0.0723561 	
2.3	0.0698619 	-0.115527 	-1.92512 	0.311866 	0.709533 	0.0723513 	
2.305	0.0700937 	-0.11583 	-1.92509 	0.312665 	0.710941 	0.0732587 	
2.31	0.0700983 	-0.115916 	-1.92501 	0.312664 	0.710944 	0.0732541 	
2.315	0.0701028 	-0.116001 	-1.92492 	0.312663 	0.710946 	0.0732497 	
2.32	0.0701071 	-0.116084 	-1.92484 	0.312662 	0.710949 	0.0732453 	
2.325	0.0701114 	-0.116164 	-1.92476 	0.312661 	0.710951 	0.073241 	
2.33	0.0701155 	-0.116243 	-1.92469 	0.31266 	0.710953 	0.0732368 	
2.335	0.0701196 	-0.116319 	-1.92461 	0.312659 	0.710956 	0.0732328 	
2.34	0.0701235 	-0.116393 	-1.92454 	0.312659 	0.710958 	0.0732288 	
2.345	0.0701273 	-0.116466 	-1.92447 	0.312658 	0.71096 	0.0732249 	
2.35	0.0701311 	-0.116536 	-1.9244 	0.312657 	0.710962 	0.0732212 	
2.355	0.0701347 	-0.116603 	-1.92433 	0.312656 	0.710964 	0.0732176 	
2.36	0.0701382 	-0.116669 	-1.92427 	0.312656 	0.710965 	0.073214 	
2.365	0.0701415 	-0.116733 	-1.9242 	0.312655 	0.710967 	0.0732106 	
2.37	0.0703703 	-0.117005 	-1.9242 	0.31345 	0.712354 	0.0741111 	
2.375	0.0703734 	-0.117064 	-1.92415 	0.313449 	0.712356 	0.0741079 	
2.38	0.0703765 	-0.117121 	-1.92409 	0.313449 	0.712358 	0.0741048 	
2.385	0.0703794 	-0.117176 	-1.92403 	0.313448 	0.712359 	0.0741018 	
2.39	0.0703822 	-0.117229 	-1.92398 	0.313447 	0.71236 	0.074099 	
2.395	0.0703849 	-0.11728 	-1.92393 	0.313447 	0.712362 	0.0740962 	
2.4	0.0703875 	-0.117329 	-1.92388 	0.313446 	0.712363 	0.0740936 	
2.405	0.07039 	-0.117375 	-1.92384 	0.313446 	0.712364 	0.0740911 	
2.41	0.0703923 	-0.117419 	-1.92379 	0.313445 	0.712366 	0.0740886 	
2.415	0.0703946 	-0.117461 	-1.92375 	0.313445 	0.712367 	0.0740863 	
2.42	0.0703967 	-0.117501 	-1.92371 	0.313444 	0.712368 	0.0740842 	
2.425	0.0703985 	-0.117536 	-1.92368 	0.313444 	0.712369 	0.0740823 	
2.43	0.0704006 	-0.117575 	-1.92364 	0.313443 	0.71237 	0.0740802 	
2.435	0.0704023 	-0.117605 	-1.92361 	0.313443 	0.712371 	0.0740785 	
2.44	0.0704039 	-0.117637 	-1.92358 	0.313443 	0.712371 	0.0740768 	
2.445	0.0704055 	-0.117666 	-1.92355 	0.313442 	0.712372 	0.0740752 	
2.45	0.070407 	-0.117693 	-1.92352 	0.313442 	0.712373 	0.0740737 	
2.455	0.0704083 	-0.117718 	-1.9235 	0.313442 	0.712374 	0.0740723 	
2.46	0.0704095 	-0.117741 	-1.92348 	0.313442 	0.712374 	0.074071 	
2.465	0.0704106 	-0.117762 	-1.92346 	0.313441 	0.712375 	0.0740699 	
2.47	0.0704116 	-0.117781 	-1.92344 	0.313441 	0.712375 	0.0740689 	
2.475	0.0704125 	-0.117797 	-1.92342 	0.313441 	0.712376 	0.074068 	
2.48	0.0704133 	-0.117812 	-1.92341 	0.313441 	0.712376 	0.0740672 	
2.485	0.0704139 	-0.117824 	-1.9234 	0.313441 	0.712376 	0.0740665 	
2.49	0.0704145 	-0.117834 	-1.92339 	0.31344 	0.712377 	0.074066 	
2.495	0.0704149 	-0.117842 	-1.92338 	0.31344 	0.712377 	0.0740655 	
2.5	0.0704152 	-0.117847 	-1.92337 	0.31344 	0.712377 	0.0740652 	
2.505	0.0704152 	-0.117847 	-1.92337 	0.31344 	0.712377 	0.0740652 	
2.51	0.0704154 	-0.117852 	-1.92337 	0.31344 	0.712377 	0.074065 	
2.515	0.0704154 	-0.117852 	-1.92337 	0.31344 	0.712377 	0.074065 	
2.52	0.0704136 	-0.117854 	-1.92336 	0.31344 	0.712373 	0.0740655 	
2.525	0.0704112 	-0.117856 	-1.92335 	0.313439 	0.712368 	0.0740662 	
2.53	0.0704078 	-0.11786 	-1.92334 	0.313438 	0.71236 	0.0740671 	
2.535	0.0704034 	-0.117864 	-1.92333 	0.313437 	0.71235 	0.0740684 	
2.54	0.070398 	-0.11787 	-1.92331 	0.313436 	0.712338 	0.0740699 	
2.545	0.0703916 	-0.117876 	-1.92329 	0.313434 	0.712324 	0.0740717 	
2.55	0.0703842 	-0.117884 	-1.92327 	0.313432 	0.712308 	0.0740738 	
2.555	0.0703758 	-0.117892 	-1.92325 	0.31343 	0.712289 	0.0740762 	
2.56	0.0703664 	-0.117901 	-1.92322 	0.313427 	0.712268 	0.0740789 	
2.565	0.0705498 	-0.118079 	-1.92323 	0.314125 	0.713365 	0.0751918 	
2.57	0.0705384 	-0.118091 	-1.9232 	0.314122 	0.71334 	0.0751949 	
2.575	0.070526 	-0.118103 	-1.92316 	0.314119 	0.713312 	0.0751984 	
2.58	0.0705126 	-0.118117 	-1.92312 	0.314115 	0.713282 	0.0752022 	
2.585	0.0704982 	-0.118131 	-1.92308 	0.314111 	0.71325 	0.0752063 	
2.59	0.0704812 	-0.118148 	-1.92302 	0.314107 	0.713212 	0.0752111 	
2.595	0.0704662 	-0.118163 	-1.92298 	0.314103 	0.713179 	0.0752153 	
2.6	0.0704472 	-0.118182 	-1.92292 	0.314098 	0.713137 	0.0752206 	
2.605	0.0704287 	-0.1182 	-1.92286 	0.314093 	0.713095 	0.0752259 	
2.61	0.0704093 	-0.11822 	-1.9228 	0.314088 	0.713052 	0.0752314 	
2.615	0.0703888 	-0.11824 	-1.92274 	0.314082 	0.713006 	0.0752371 	
2.62	0.0703673 	-0.118262 	-1.92268 	0.314076 	0.712959 	0.0752432 	
2.625	0.0703449 	-0.118284 	-1.92261 	0.31407 	0.712909 	0.0752495 	
2.63	0.0703215 	-0.118308 	-1.92254 	0.314064 	0.712856 	0.0752561 	
2.635	0.0702845 	-0.118268 	-1.92245 	0.314076 	0.712457 	0.0766319 	
2.64	0.0702591 	-0.118293 	-1.92237 	0.314069 	0.712401 	0.076639 	
2.645	0.0702327 	-0.11832 	-1.92229 	0.314062 	0.712342 	0.0766465 	
2.65	0.0702054 	-0.118347 	-1.9222 	0.314054 	0.712281 	0.0766542 	
2.655	0.070177 	-0.118375 	-1.92212 	0.314047 	0.712218 	0.0766622 	
2.66	0.0701477 	-0.118405 	-1.92203 	0.314039 	0.712152 	0.0766704 	
2.665	0.0701174 	-0.118435 	-1.92194 	0.314031 	0.712085 	0.076679 	
2.67	0.0700862 	-0.118467 	-1.92184 	0.314022 	0.712015 	0.0766878 	
2.675	0.0700232 	-0.118418 	-1.92172 	0.313967 	0.711491 	0.0779852 	
2.68	0.0699901 	-0.118452 	-1.92162 	0.313958 	0.711417 	0.0779945 	
2.685	0.0699559 	-0.118486 	-1.92152 	0.313949 	0.71134 	0.0780041 	
2.69	0.0699208 	-0.118521 	-1.92141 	0.31394 	0.711262 	0.078014 	
2.695	0.0698847 	-0.118557 	-1.9213 	0.31393 	0.711182 	0.0780242 	
2.7	0.0698477 	-0.118595 	-1.92118 	0.31392 	0.711099 	0.0780346 	
2.705	0.0698097 	-0.118633 	-1.92107 	0.31391 	0.711014 	0.0780453 	
2.71	0.0697355 	-0.118583 	-1.92093 	0.313842 	0.710424 	0.0794468 	
2.715	0.0696956 	-0.118623 	-1.9208 	0.313831 	0.710335 	0.0794581 	
2.72	0.0696548 	-0.118664 	-1.92068 	0.31382 	0.710244 	0.0794696 	
2.725	0.069613 	-0.118706 	-1.92055 	0.313809 	0.710151 	0.0794813 	
2.73	0.0695703 	-0.118749 	-1.92042 	0.313798 	0.710055 	0.0794933 	
2.735	0.0695266 	-0.118793 	-1.92029 	0.313786 	0.709958 	0.0795056 	
2.74	0.0694461 	-0.118748 	-1.92013 	0.313715 	0.709348 	0.0809245 	
2.745	0.0694006 	-0.118794 	-1.91999 	0.313703 	0.709246 	0.0809373 	
2.75	0.0693542 	-0.11884 	-1.91984 	0.31369 	0.709142 	0.0809504 	
2.755	0.0693068 	-0.118888 	-1.9197 	0.313678 	0.709037 	0.0809637 	
2.76	0.0692585 	-0.118937 	-1.91955 	0.313665 	0.708929 	0.0809773 	
2.765	0.0691754 	-0.118902 	-1.91938 	0.313596 	0.708337 	0.0823168 	
2.77	0.0691253 	-0.118952 	-1.91922 	0.313582 	0.708225 	0.0823309 	
2.775	0.0690743 	-0.119004 	-1.91907 	0.313569 	0.708111 	0.0823452 	
2.78	0.0690223 	-0.119057 	-1.91891 	0.313555 	0.707995 	0.0823598 	
2.785	0.0689695 	-0.11911 	-1.91874 	0.313541 	0.707877 	0.0823747 	
2.79	0.0688791 	-0.119073 	-1.91856 	0.313466 	0.707237 	0.0838226 	
2.795	0.0688245 	-0.119128 	-1.91839 	0.313452 	0.707115 	0.083838 	
2.8	0.068769 	-0.119185 	-1.91822 	0.313437 	0.70699 	0.0838536 	
2.805	0.0687126 	-0.119242 	-1.91804 	0.313422 	0.706864 	0.0838694 	
2.81	0.0686229 	-0.119219 	-1.91784 	0.313354 	0.706277 	0.0851506 	
2.815	0.0685647 	-0.119278 	-1.91767 	0.313338 	0.706147 	0.0851669 	
2.82	0.0685057 	-0.119338 	-1.91748 	0.313322 	0.706014 	0.0851835 	
2.825	0.0684458 	-0.119399 	-1.9173 	0.313306 	0.70588 	0.0852004 	
2.83	0.0683512 	-0.119377 	-1.91709 	0.313235 	0.705265 	0.0865371 	
2.835	0.0682896 	-0.119439 	-1.9169 	0.313218 	0.705127 	0.0865545 	
2.84	0.068227 	-0.119503 	-1.91671 	0.313202 	0.704987 	0.086572 	
2.845	0.0681637 	-0.119568 	-1.91651 	0.313185 	0.704845 	0.0865898 	
2.85	0.0680638 	-0.119544 	-1.91629 	0.313109 	0.704194 	0.0880032 	
2.855	0.0679987 	-0.119611 	-1.91609 	0.313092 	0.704049 	0.0880215 	
2.86	0.0679328 	-0.119678 	-1.91588 	0.313074 	0.703901 	0.08804 	
2.865	0.067866 	-0.119746 	-1.91568 	0.313057 	0.703751 	0.0880587 	
2.87	0.0677609 	-0.119722 	-1.91544 	0.312977 	0.703065 	0.0895495 	
2.875	0.0676924 	-0.119792 	-1.91523 	0.312959 	0.702912 	0.0895687 	
2.88	0.0676232 	-0.119863 	-1.91502 	0.31294 	0.702757 	0.0895881 	
2.885	0.0675531 	-0.119935 	-1.9148 	0.312922 	0.702599 	0.0896078 	
2.89	0.0674428 	-0.119909 	-1.91456 	0.312838 	0.701879 	0.0911748 	
2.895	0.0673711 	-0.119982 	-1.91433 	0.312819 	0.701718 	0.0911949 	
2.9	0.0672986 	-0.120057 	-1.91411 	0.3128 	0.701555 	0.0912152 	
2.905	0.0671934 	-0.120053 	-1.91386 	0.312728 	0.700938 	0.0924839 	
2.91	0.0671193 	-0.120129 	-1.91363 	0.312709 	0.700771 	0.0925047 	
2.915	0.0670444 	-0.120206 	-1.9134 	0.312689 	0.700603 	0.0925256 	
2.92	0.0669367 	-0.120204 	-1.91314 	0.312616 	0.699978 	0.0938018 	
2.925	0.0668603 	-0.120283 	-1.91291 	0.312596 	0.699806 	0.0938232 	
2.93	0.0667831 	-0.120363 	-1.91267 	0.312576 	0.699632 	0.0938448 	
2.935	0.0666721 	-0.120362 	-1.9124 	0.312501 	0.698988 	0.0951583 	
2.94	0.0665934 	-0.120443 	-1.91216 	0.31248 	0.698811 	0.0951803 	
2.945	0.0665139 	-0.120525 	-1.91191 	0.312459 	0.698632 	0.0952026 	
2.95	0.0663997 	-0.120524 	-1.91164 	0.312383 	0.697969 	0.0965557 	
2.955	0.0663187 	-0.120608 	-1.91138 	0.312361 	0.697786 	0.0965784 	
2.96	0.0662369 	-0.120693 	-1.91113 	0.312339 	0.697602 	0.0966013 	
2.965	0.0661195 	-0.120692 	-1.91085 	0.312261 	0.69692 	0.0979936 	
2.97	0.0660363 	-0.120778 	-1.91059 	0.312239 	0.696733 	0.0980169 	
2.975	0.0659524 	-0.120865 	-1.91033 	0.312216 	0.696543 	0.0980404 	
2.98	0.0658319 	-0.120864 	-1.91004 	0.312136 	0.695842 	0.0994712 	
2.985	0.0657465 	-0.120953 	-1.90977 	0.312113 	0.69565 	0.0994951 	
2.99	0.0656604 	-0.121043 	-1.9095 	0.31209 	0.695456 	0.0995191 	
2.995	0.0655368 	-0.121042 	-1.90921 	0.312008 	0.694736 	0.100988 	
3	0.0654494 	-0.121134 	-1.90893 	0.311984 	0.694539 	0.101012 	
3.005	0.0653612 	-0.121226 	-1.90866 	0.311961 	0.69434 	0.101037 	
3.01	0.0652346 	-0.121226 	-1.90835 	0.311876 	0.693602 	0.102542 	
3.015	0.0651451 	-0.121319 	-1.90807 	0.311853 	0.6934 	0.102567 	
3.02	0.0650549 	-0.121414 	-1.90779 	0.311829 	0.693197 	0.102592 	
3.025	0.0649254 	-0.121414 	-1.90748 	0.311742 	0.692441 	0.104134 	
3.03	0.0648339 	-0.12151 	-1.90719 	0.311718 	0.692235 	0.104159 	
3.035	0.0647417 	-0.121607 	-1.9069 	0.311694 	0.692027 	0.104185 	
3.04	0.0646094 	-0.121607 	-1.90659 	0.311605 	0.691254 	0.105761 	
3.045	0.064516 	-0.121705 	-1.90629 	0.311581 	0.691043 	0.105787 	
3.05	0.0644219 	-0.121804 	-1.906 	0.311556 	0.69083 	0.105814 	
3.055	0.0642868 	-0.121805 	-1.90567 	0.311466 	0.690041 	0.107424 	
3.06	0.0641915 	-0.121905 	-1.90537 	0.31144 	0.689826 	0.107451 	
3.065	0.0640955 	-0.122007 	-1.90507 	0.311415 	0.689608 	0.107478 	
3.07	0.0639578 	-0.122007 	-1.90474 	0.311323 	0.688803 	0.109122 	
3.075	0.0638606 	-0.12211 	-1.90443 	0.311298 	0.688583 	0.109149 	
3.08	0.0637628 	-0.122214 	-1.90412 	0.311272 	0.688362 	0.109176 	
3.085	0.0636225 	-0.122215 	-1.90378 	0.311178 	0.687541 	0.110853 	
3.09	0.0635236 	-0.12232 	-1.90347 	0.311152 	0.687317 	0.11088 	
3.095	0.0634241 	-0.122426 	-1.90316 	0.311126 	0.687091 	0.110908 	
3.1	0.0632813 	-0.122427 	-1.90281 	0.311031 	0.686255 	0.112616 	
3.105	0.0631806 	-0.122535 	-1.90249 	0.311004 	0.686026 	0.112644 	
3.11	0.0630794 	-0.122642 	-1.90217 	0.310978 	0.685797 	0.112672 	
3.115	0.0629342 	-0.122644 	-1.90182 	0.310881 	0.684946 	0.114411 	
3.12	0.0628319 	-0.122753 	-1.9015 	0.310854 	0.684713 	0.114439 	
3.125	0.0626982 	-0.122788 	-1.90115 	0.310777 	0.68404 	0.115681 	
3.13	0.0625948 	-0.122898 	-1.90082 	0.31075 	0.683805 	0.11571 	
3.135	0.0624909 	-0.12301 	-1.90049 	0.310722 	0.683569 	0.115739 	
3.14	0.0623432 	-0.123015 	-1.90013 	0.310625 	0.682713 	0.117475 	
3.145	0.0622383 	-0.123128 	-1.8998 	0.310598 	0.682474 	0.117504 	
3.15	0.0621014 	-0.123164 	-1.89944 	0.310519 	0.681784 	0.118774 	
3.155	0.0619955 	-0.123278 	-1.8991 	0.310492 	0.681544 	0.118803 	
3.16	0.0618585 	-0.123318 	-1.89874 	0.310415 	0.680864 	0.120039 	
3.165	0.0617516 	-0.123433 	-1.8984 	0.310387 	0.680621 	0.120068 	
3.17	0.0616135 	-0.123474 	-1.89804 	0.310309 	0.679937 	0.12131 	
3.175	0.0615057 	-0.12359 	-1.89769 	0.310281 	0.679692 	0.12134 	
3.18	0.0613664 	-0.123632 	-1.89733 	0.310203 	0.679001 	0.122593 	
3.185	0.0612577 	-0.123749 	-1.89698 	0.310174 	0.678754 	0.122623 	
3.19	0.0611172 	-0.123791 	-1.89661 	0.310095 	0.678057 	0.123888 	
3.195	0.0610076 	-0.12391 	-1.89626 	0.310067 	0.677807 	0.123918 	
3.2	0.0608661 	-0.123953 	-1.89588 	0.309987 	0.677105 	0.125193 	
3.205	0.0607556 	-0.124073 	-1.89553 	0.309959 	0.676853 	0.125224 	
3.21	0.0606129 	-0.124116 	-1.89515 	0.309879 	0.676145 	0.12651 	
3.215	0.0605017 	-0.124237 	-1.8948 	0.30985 	0.675891 	0.126541 	
3.22	0.0603579 	-0.124281 	-1.89442 	0.309769 	0.675177 	0.127837 	
3.225	0.0602459 	-0.124404 	-1.89406 	0.30974 	0.674921 	0.127868 	
3.23	0.0601011 	-0.124448 	-1.89367 	0.309659 	0.674202 	0.129174 	
3.235	0.0599883 	-0.124571 	-1.89331 	0.309629 	0.673944 	0.129205 	
3.24	0.0598426 	-0.124616 	-1.89292 	0.309548 	0.673219 	0.130521 	
3.245	0.0597291 	-0.124741 	-1.89256 	0.309518 	0.672959 	0.130552 	
3.25	0.0595824 	-0.124787 	-1.89217 	0.309436 	0.67223 	0.131878 	
3.255	0.0594681 	-0.124912 	-1.8918 	0.309407 	0.671968 	0.131909 	
3.26	0.0593206 	-0.124959 	-1.89141 	0.309324 	0.671234 	0.133243 	
3.265	0.0592056 	-0.125085 	-1.89104 	0.309294 	0.67097 	0.133275 	
3.27	0.0590572 	-0.125132 	-1.89064 	0.309211 	0.670231 	0.134618 	
3.275	0.0589416 	-0.12526 	-1.89027 	0.309181 	0.669966 	0.134649 	
3.28	0.0587924 	-0.125307 	-1.88987 	0.309098 	0.669222 	0.136001 	
3.285	0.0586762 	-0.125436 	-1.88949 	0.309068 	0.668955 	0.136032 	
3.29	0.0585261 	-0.125484 	-1.88909 	0.308984 	0.668207 	0.137392 	
3.295	0.0584094 	-0.125613 	-1.88871 	0.308954 	0.667939 	0.137424 	
3.3	0.0582586 	-0.125662 	-1.88831 	0.30887 	0.667186 	0.138791 	
3.305	0.0581413 	-0.125793 	-1.88793 	0.308839 	0.666917 	0.138823 	
3.31	0.0579898 	-0.125842 	-1.88752 	0.308755 	0.66616 	0.140197 	
3.315	0.0578719 	-0.125973 	-1.88714 	0.308724 	0.66589 	0.140229 	
3.32	0.0577198 	-0.126023 	-1.88673 	0.30864 	0.665129 	0.14161 	
3.325	0.0576015 	-0.126155 	-1.88635 	0.308609 	0.664857 	0.141643 	
3.33	0.0574486 	-0.126205 	-1.88593 	0.308524 	0.664093 	0.14303 	
3.335	0.0573299 	-0.126338 	-1.88555 	0.308493 	0.663819 	0.143063 	
3.34	0.0571765 	-0.126389 	-1.88513 	0.308408 	0.663052 	0.144457 	
3.345	0.0570573 	-0.126523 	-1.88475 	0.308377 	0.662777 	0.144489 	
3.35	0.0569033 	-0.126574 	-1.88433 	0.308291 	0.662007 	0.145889 	
3.355	0.0567837 	-0.126709 	-1.88394 	0.30826 	0.661731 	0.145922 	
3.36	0.0566292 	-0.126761 	-1.88352 	0.308174 	0.660957 	0.147328 	
3.365	0.0565093 	-0.126896 	-1.88313 	0.308144 	0.66068 	0.14736 	
3.37	0.0563543 	-0.126948 	-1.88271 	0.308057 	0.659904 	0.148771 	
3.375	0.056234 	-0.127085 	-1.88232 	0.308026 	0.659626 	0.148804 	
3.38	0.0560786 	-0.127137 	-1.8819 	0.30794 	0.658846 	0.150219 	
3.385	0.055958 	-0.127274 	-1.8815 	0.307909 	0.658568 	0.150252 	
3.39	0.0558023 	-0.127328 	-1.88108 	0.307823 	0.657786 	0.151672 	
3.395	0.0556814 	-0.127465 	-1.88068 	0.307791 	0.657506 	0.151705 	
3.4	0.0555252 	-0.127519 	-1.88026 	0.307705 	0.656722 	0.15313 	
3.405	0.0554041 	-0.127657 	-1.87986 	0.307674 	0.656442 	0.153163 	
3.41	0.0552477 	-0.127711 	-1.87943 	0.307587 	0.655656 	0.154591 	
3.415	0.0551263 	-0.12785 	-1.87903 	0.307556 	0.655375 	0.154624 	
3.42	0.0549696 	-0.127904 	-1.87861 	0.307469 	0.654587 	0.156055 	
3.425	0.0548481 	-0.128044 	-1.87821 	0.307438 	0.654305 	0.156088 	
3.43	0.0546912 	-0.128099 	-1.87778 	0.307351 	0.653515 	0.157523 	
3.435	0.0545695 	-0.128238 	-1.87738 	0.307319 	0.653233 	0.157556 	
3.44	0.0544123 	-0.128294 	-1.87695 	0.307232 	0.652442 	0.158993 	
3.445	0.0542905 	-0.128434 	-1.87655 	0.307201 	0.652159 	0.159026 	
3.45	0.0541333 	-0.12849 	-1.87611 	0.307114 	0.651366 	0.160466 	
3.455	0.0540114 	-0.128631 	-1.87571 	0.307083 	0.651083 	0.160499 	
3.46	0.053854 	-0.128687 	-1.87528 	0.306996 	0.650289 	0.161941 	
3.465	0.053732 	-0.128828 	-1.87488 	0.306965 	0.650006 	0.161974 	
3.47	0.0535745 	-0.128885 	-1.87444 	0.306877 	0.649211 	0.163418 	
3.475	0.0534526 	-0.129027 	-1.87404 	0.306846 	0.648928 	0.163451 	
3.48	0.053295 	-0.129084 	-1.8736 	0.306759 	0.648132 	0.164895 	
3.485	0.0531731 	-0.129226 	-1.8732 	0.306728 	0.647848 	0.164928 	
3.49	0.0530156 	-0.129283 	-1.87276 	0.306641 	0.647052 	0.166374 	
3.495	0.0528936 	-0.129425 	-1.87236 	0.30661 	0.646768 	0.166407 	
3.5	0.0527361 	-0.129484 	-1.87192 	0.306523 	0.645972 	0.167853 	
3.505	0.0526143 	-0.129626 	-1.87152 	0.306492 	0.645688 	0.167886 	
3.51	0.0524569 	-0.129684 	-1.87108 	0.306405 	0.644892 	0.169333 	
3.515	0.0523351 	-0.129827 	-1.87068 	0.306374 	0.644607 	0.169365 	
3.52	0.0521778 	-0.129885 	-1.87024 	0.306287 	0.643811 	0.170812 	
3.525	0.0520562 	-0.130028 	-1.86984 	0.306256 	0.643527 	0.170845 	
3.53	0.0518991 	-0.130087 	-1.8694 	0.30617 	0.642731 	0.172291 	
3.535	0.0517776 	-0.13023 	-1.86899 	0.306139 	0.642447 	0.172323 	
3.54	0.0516207 	-0.130289 	-1.86856 	0.306052 	0.641652 	0.173768 	
3.545	0.0514994 	-0.130432 	-1.86815 	0.306021 	0.641368 	0.173801 	
3.55	0.0513427 	-0.130492 	-1.86772 	0.305935 	0.640573 	0.175245 	
3.555	0.0512216 	-0.130635 	-1.86731 	0.305904 	0.64029 	0.175277 	
3.56	0.0510652 	-0.130695 	-1.86687 	0.305818 	0.639496 	0.176719 	
3.565	0.0509444 	-0.130838 	-1.86647 	0.305787 	0.639212 	0.176752 	
3.57	0.0507883 	-0.130898 	-1.86603 	0.305702 	0.63842 	0.178192 	
3.575	0.0506677 	-0.131042 	-1.86563 	0.305671 	0.638137 	0.178224 	
3.58	0.050512 	-0.131102 	-1.86519 	0.305585 	0.637345 	0.179663 	
3.585	0.0503917 	-0.131245 	-1.86479 	0.305555 	0.637063 	0.179695 	
3.59	0.0502364 	-0.131306 	-1.86435 	0.305469 	0.636273 	0.18113 	
3.595	0.0501165 	-0.131449 	-1.86395 	0.305439 	0.635991 	0.181162 	
3.6	0.0499616 	-0.13151 	-1.86351 	0.305354 	0.635203 	0.182595 	
3.605	0.049842 	-0.131653 	-1.86311 	0.305324 	0.634922 	0.182626 	
3.61	0.0496876 	-0.131714 	-1.86268 	0.305239 	0.634135 	0.184055 	
3.615	0.0495684 	-0.131857 	-1.86227 	0.305209 	0.633855 	0.184087 	
3.62	0.0494145 	-0.131918 	-1.86184 	0.305124 	0.63307 	0.185512 	
3.625	0.0492958 	-0.132061 	-1.86144 	0.305094 	0.632791 	0.185544 	
3.63	0.0491424 	-0.132122 	-1.86101 	0.30501 	0.632009 	0.186965 	
3.635	0.0490241 	-0.132264 	-1.86061 	0.30498 	0.63173 	0.186997 	
3.64	0.0488713 	-0.132326 	-1.86018 	0.304896 	0.63095 	0.188414 	
3.645	0.0487535 	-0.132468 	-1.85978 	0.304867 	0.630672 	0.188445 	
3.65	0.0486013 	-0.13253 	-1.85935 	0.304783 	0.629895 	0.189857 	
3.655	0.048484 	-0.132672 	-1.85895 	0.304754 	0.629618 	0.189888 	
3.66	0.0483325 	-0.132734 	-1.85852 	0.304671 	0.628844 	0.191295 	
3.665	0.0482157 	-0.132875 	-1.85812 	0.304641 	0.628568 	0.191326 	
3.67	0.0480649 	-0.132937 	-1.85769 	0.304558 	0.627797 	0.192727 	
3.675	0.0479487 	-0.133078 	-1.8573 	0.304529 	0.627522 	0.192758 	
3.68	0.0477986 	-0.13314 	-1.85687 	0.304447 	0.626754 	0.194153 	
3.685	0.047683 	-0.133281 	-1.85648 	0.304418 	0.62648 	0.194184 	
3.69	0.0475337 	-0.133343 	-1.85605 	0.304336 	0.625716 	0.195573 	
3.695	0.0474187 	-0.133483 	-1.85566 	0.304307 	0.625443 	0.195604 	
3.7	0.0472701 	-0.133545 	-1.85524 	0.304226 	0.624682 	0.196986 	
3.705	0.0471558 	-0.133685 	-1.85485 	0.304197 	0.624412 	0.197017 	
3.71	0.0470081 	-0.133747 	-1.85443 	0.304117 	0.623654 	0.198393 	
3.715	0.0468944 	-0.133887 	-1.85404 	0.304088 	0.623385 	0.198422 	
3.72	0.0467476 	-0.133948 	-1.85362 	0.304008 	0.622631 	0.199791 	
3.725	0.0466347 	-0.134087 	-1.85323 	0.303979 	0.622363 	0.199821 	
3.73	0.0464888 	-0.134149 	-1.85281 	0.3039 	0.621614 	0.201182 	
3.735	0.0463765 	-0.134287 	-1.85243 	0.303872 	0.621348 	0.201212 	
3.74	0.0462316 	-0.134349 	-1.85201 	0.303792 	0.620603 	0.202565 	
3.745	0.0461201 	-0.134487 	-1.85163 	0.303764 	0.620338 	0.202594 	
3.75	0.0459761 	-0.134549 	-1.85122 	0.303686 	0.619598 	0.203939 	
3.755	0.0458654 	-0.134686 	-1.85083 	0.303658 	0.619334 	0.203968 	
3.76	0.0457225 	-0.134747 	-1.85042 	0.30358 	0.618599 	0.205304 	
3.765	0.0456126 	-0.134884 	-1.85005 	0.303553 	0.618337 	0.205333 	
3.77	0.0454707 	-0.134945 	-1.84964 	0.303475 	0.617607 	0.206661 	
3.775	0.0453616 	-0.135081 	-1.84926 	0.303448 	0.617347 	0.206689 	
3.78	0.0452208 	-0.135142 	-1.84886 	0.303371 	0.616621 	0.208008 	
3.785	0.0451126 	-0.135277 	-1.84848 	0.303344 	0.616364 	0.208036 	
3.79	0.0449729 	-0.135338 	-1.84808 	0.303268 	0.615643 	0.209344 	
3.795	0.0448656 	-0.135472 	-1.84771 	0.303241 	0.615387 	0.209373 	
3.8	0.044727 	-0.135533 	-1.84731 	0.303166 	0.614673 	0.210671 	
3.805	0.0446206 	-0.135666 	-1.84694 	0.303139 	0.614419 	0.210699 	
3.81	0.0444832 	-0.135727 	-1.84654 	0.303064 	0.613709 	0.211988 	
3.815	0.0443778 	-0.135859 	-1.84617 	0.303038 	0.613457 	0.212015 	
3.82	0.0442416 	-0.13592 	-1.84578 	0.302964 	0.612754 	0.213293 	
3.825	0.0441371 	-0.136051 	-1.84542 	0.302938 	0.612504 	0.21332 	
3.83	0.0440022 	-0.136111 	-1.84503 	0.302864 	0.611807 	0.214587 	
3.835	0.0438986 	-0.136242 	-1.84467 	0.302839 	0.611559 	0.214614 	
3.84	0.043765 	-0.136302 	-1.84428 	0.302766 	0.610868 	0.21587 	
3.845	0.0436625 	-0.136431 	-1.84392 	0.30274 	0.610623 	0.215897 	
3.85	0.0435301 	-0.136491 	-1.84354 	0.302668 	0.609938 	0.217141 	
3.855	0.0434287 	-0.136619 	-1.84318 	0.302643 	0.609695 	0.217168 	
3.86	0.0432977 	-0.136678 	-1.8428 	0.302572 	0.609016 	0.2184 	
3.865	0.0431972 	-0.136806 	-1.84245 	0.302547 	0.608775 	0.218427 	
3.87	0.0430974 	-0.136932 	-1.8421 	0.302522 	0.608536 	0.218452 	
3.875	0.043055 	-0.136867 	-1.84212 	0.302485 	0.608332 	0.218453 	
3.88	0.0430107 	-0.136793 	-1.84214 	0.302447 	0.608129 	0.218453 	
3.885	0.0429658 	-0.136711 	-1.84214 	0.30241 	0.607925 	0.218453 	
3.89	0.0429201 	-0.136623 	-1.84213 	0.302373 	0.607721 	0.218453 	
3.895	0.0428747 	-0.136531 	-1.84212 	0.302335 	0.607518 	0.218453 	
3.9	0.0428296 	-0.136436 	-1.8421 	0.302298 	0.607314 	0.218452 	
3.905	0.042785 	-0.136337 	-1.84207 	0.302261 	0.60711 	0.218452 	
3.91	0.0427409 	-0.136236 	-1.84205 	0.302224 	0.606906 	0.218452 	
3.915	0.0426973 	-0.136133 	-1.84201 	0.302186 	0.606702 	0.218452 	
3.92	0.0426542 	-0.136028 	-1.84198 	0.302149 	0.606497 	0.218452 	
3.925	0.0426118 	-0.135921 	-1.84194 	0.302112 	0.606293 	0.218451 	
3.93	0.0425696 	-0.135812 	-1.84189 	0.302074 	0.606089 	0.218451 	
3.935	0.0425277 	-0.1357 	-1.84184 	0.302037 	0.605885 	0.21845 	
3.94	0.0424896 	-0.135591 	-1.8418 	0.302 	0.60568 	0.21845 	
3.945	0.0424597 	-0.135491 	-1.84176 	0.301963 	0.605476 	0.21845 	
3.95	0.04243 	-0.13539 	-1.84171 	0.301926 	0.605272 	0.218449 	
3.955	0.042399 	-0.135285 	-1.84167 	0.301889 	0.605068 	0.218449 	
3.96	0.0423658 	-0.135177 	-1.84161 	0.301851 	0.604863 	0.218449 	
3.965	0.0423316 	-0.135065 	-1.84155 	0.301814 	0.604659 	0.218448 	
3.97	0.0422955 	-0.134951 	-1.84148 	0.301777 	0.604454 	0.218448 	
3.975	0.0422587 	-0.134834 	-1.84141 	0.30174 	0.60425 	0.218448 	
3.98	0.0422203 	-0.134715 	-1.84133 	0.301703 	0.604045 	0.218448 	
3.985	0.0421815 	-0.134595 	-1.84125 	0.301666 	0.60384 	0.218447 	
3.99	0.0421413 	-0.134473 	-1.84117 	0.301628 	0.603636 	0.218447 	
3.995	0.0421008 	-0.13435 	-1.84108 	0.301591 	0.603431 	0.218447 	
4	0.0420593 	-0.134226 	-1.84099 	0.301554 	0.603226 	0.218447 	
4.005	0.0420176 	-0.134101 	-1.84089 	0.301516 	0.603021 	0.218447 	
4.01	0.0419749 	-0.133975 	-1.8408 	0.301479 	0.602816 	0.218446 	
4.015	0.0419322 	-0.13385 	-1.8407 	0.301442 	0.602611 	0.218446 	
4.02	0.0418889 	-0.133722 	-1.84059 	0.301404 	0.602406 	0.218446 	
4.025	0.0418515 	-0.133601 	-1.8405 	0.301367 	0.602201 	0.218446 	
4.03	0.0418282 	-0.133496 	-1.84043 	0.30133 	0.601996 	0.218446 	
4.035	0.041809 	-0.133394 	-1.84036 	0.301293 	0.601792 	0.218446 	
4.04	0.0418015 	-0.133306 	-1.84031 	0.301256 	0.601587 	0.218445 	
4.045	0.0417955 	-0.133218 	-1.84027 	0.30122 	0.601383 	0.218445 	
4.05	0.0417989 	-0.133141 	-1.84024 	0.301183 	0.601179 	0.218445 	
4.055	0.041802 	-0.133062 	-1.84021 	0.301146 	0.600975 	0.218445 	
4.06	0.0418129 	-0.132991 	-1.84019 	0.30111 	0.600771 	0.218444 	
4.065	0.0418223 	-0.132917 	-1.84017 	0.301073 	0.600567 	0.218444 	
4.07	0.0418382 	-0.132851 	-1.84016 	0.301037 	0.600363 	0.218444 	
4.075	0.041852 	-0.132781 	-1.84015 	0.301001 	0.600159 	0.218444 	
4.08	0.0418714 	-0.132716 	-1.84015 	0.300964 	0.599956 	0.218443 	
4.085	0.0418883 	-0.132648 	-1.84015 	0.300928 	0.599752 	0.218443 	
4.09	0.0419101 	-0.132585 	-1.84015 	0.300891 	0.599548 	0.218443 	
4.095	0.0419283 	-0.132517 	-1.84016 	0.300855 	0.599345 	0.218442 	
4.1	0.0419484 	-0.132455 	-1.84017 	0.300819 	0.599141 	0.218442 	
4.105	0.0419614 	-0.132385 	-1.84017 	0.300782 	0.598937 	0.218442 	
4.11	0.0419663 	-0.13231 	-1.84016 	0.300746 	0.598734 	0.218442 	
4.115	0.04197 	-0.132231 	-1.84015 	0.300709 	0.59853 	0.218441 	
4.12	0.04198 	-0.132158 	-1.84015 	0.300673 	0.598326 	0.218441 	
4.125	0.0419888 	-0.132083 	-1.84015 	0.300636 	0.598123 	0.218441 	
4.13	0.0420037 	-0.132014 	-1.84016 	0.3006 	0.597919 	0.218441 	
4.135	0.0420166 	-0.131941 	-1.84016 	0.300563 	0.597715 	0.218441 	
4.14	0.0420349 	-0.131874 	-1.84017 	0.300527 	0.597512 	0.21844 	
4.145	0.0420508 	-0.131802 	-1.84018 	0.30049 	0.597308 	0.21844 	
4.15	0.0420717 	-0.131736 	-1.8402 	0.300454 	0.597105 	0.21844 	
4.155	0.0420898 	-0.131665 	-1.84021 	0.300418 	0.596901 	0.21844 	
4.16	0.0421125 	-0.131599 	-1.84022 	0.300382 	0.596698 	0.218439 	
4.165	0.0421321 	-0.131529 	-1.84023 	0.300345 	0.596495 	0.218439 	
4.17	0.0421561 	-0.131463 	-1.84025 	0.300309 	0.596291 	0.218439 	
4.175	0.042177 	-0.131392 	-1.84027 	0.300273 	0.596088 	0.218439 	
4.18	0.042202 	-0.131327 	-1.84029 	0.300236 	0.595884 	0.218438 	
4.185	0.0422236 	-0.131256 	-1.8403 	0.3002 	0.595681 	0.218438 	
4.19	0.0422493 	-0.13119 	-1.84032 	0.300164 	0.595478 	0.218438 	
4.195	0.0422716 	-0.131119 	-1.84034 	0.300127 	0.595274 	0.218438 	
4.2	0.0422978 	-0.131052 	-1.84036 	0.300091 	0.595071 	0.218437 	
4.205	0.0423207 	-0.130981 	-1.84038 	0.300055 	0.594867 	0.218437 	
4.21	0.0423475 	-0.130914 	-1.8404 	0.300019 	0.594664 	0.218437 	
4.215	0.0423708 	-0.130843 	-1.84041 	0.299982 	0.594461 	0.218437 	
4.22	0.0423978 	-0.130776 	-1.84044 	0.299946 	0.594257 	0.218436 	
4.225	0.0424214 	-0.130703 	-1.84045 	0.29991 	0.594054 	0.218436 	
4.23	0.0424487 	-0.130636 	-1.84048 	0.299874 	0.593851 	0.218436 	
4.235	0.0424725 	-0.130563 	-1.84049 	0.299837 	0.593647 	0.218436 	
4.24	0.0424999 	-0.130495 	-1.84052 	0.299801 	0.593444 	0.218435 	
4.245	0.0425234 	-0.130422 	-1.84053 	0.299765 	0.593241 	0.218435 	
4.25	0.0425498 	-0.13035 	-1.84055 	0.299728 	0.593037 	0.218435 	
4.255	0.0425726 	-0.130274 	-1.84056 	0.299692 	0.592834 	0.218435 	
4.26	0.0425985 	-0.1302 	-1.84058 	0.299656 	0.59263 	0.218434 	
4.265	0.0426176 	-0.130118 	-1.84058 	0.299619 	0.592427 	0.218434 	
4.27	0.0426304 	-0.130028 	-1.84057 	0.299583 	0.592223 	0.218434 	
4.275	0.0426371 	-0.129932 	-1.84056 	0.299546 	0.592019 	0.218434 	
4.28	0.0426385 	-0.12983 	-1.84053 	0.299509 	0.591815 	0.218433 	
4.285	0.042635 	-0.129722 	-1.8405 	0.299473 	0.591611 	0.218433 	
4.29	0.042627 	-0.129611 	-1.84046 	0.299436 	0.591407 	0.218433 	
4.295	0.0426151 	-0.129495 	-1.84041 	0.299399 	0.591203 	0.218433 	
4.3	0.0425992 	-0.129376 	-1.84036 	0.299362 	0.590998 	0.218433 	
4.305	0.0425796 	-0.129254 	-1.8403 	0.299325 	0.590794 	0.218433 	
4.31	0.0425575 	-0.12913 	-1.84023 	0.299288 	0.59059 	0.218433 	
4.315	0.0425323 	-0.129003 	-1.84016 	0.299251 	0.590385 	0.218433 	
4.32	0.0425051 	-0.128875 	-1.84009 	0.299213 	0.59018 	0.218434 	
4.325	0.0424755 	-0.128745 	-1.84001 	0.299176 	0.589976 	0.218434 	
4.33	0.0424443 	-0.128614 	-1.83992 	0.299139 	0.589771 	0.218434 	
4.335	0.0424109 	-0.128482 	-1.83984 	0.299102 	0.589566 	0.218434 	
4.34	0.0423765 	-0.128349 	-1.83974 	0.299064 	0.589361 	0.218434 	
4.345	0.0423401 	-0.128215 	-1.83965 	0.299027 	0.589156 	0.218434 	
4.35	0.0423029 	-0.128081 	-1.83955 	0.298989 	0.588951 	0.218434 	
4.355	0.0422642 	-0.127946 	-1.83945 	0.298952 	0.588746 	0.218435 	
4.36	0.0422248 	-0.127811 	-1.83935 	0.298915 	0.588541 	0.218435 	
4.365	0.042184 	-0.127676 	-1.83924 	0.298877 	0.588336 	0.218435 	
4.37	0.0421429 	-0.127541 	-1.83913 	0.29884 	0.588131 	0.218435 	
4.375	0.0421005 	-0.127404 	-1.83902 	0.298802 	0.587926 	0.218435 	
4.38	0.0420579 	-0.127268 	-1.83891 	0.298764 	0.58772 	0.218435 	
4.385	0.0420143 	-0.127133 	-1.83879 	0.298727 	0.587515 	0.218436 	
4.39	0.0419714 	-0.126999 	-1.83868 	0.298689 	0.58731 	0.218436 	
4.395	0.04193 	-0.126872 	-1.83857 	0.298652 	0.587105 	0.218436 	
4.4	0.0418898 	-0.126748 	-1.83846 	0.298614 	0.5869 	0.218436 	
4.405	0.0418508 	-0.126629 	-1.83836 	0.298577 	0.586695 	0.218436 	
4.41	0.0418127 	-0.126512 	-1.83826 	0.298539 	0.586489 	0.218436 	
4.415	0.0417748 	-0.126397 	-1.83816 	0.298501 	0.586284 	0.218436 	
4.42	0.0417332 	-0.126285 	-1.83807 	0.298464 	0.586079 	0.218436 	
4.425	0.0416859 	-0.126191 	-1.83799 	0.298426 	0.585875 	0.218436 	
4.43	0.0416399 	-0.126098 	-1.83792 	0.298388 	0.58567 	0.218436 	
4.435	0.0416009 	-0.126025 	-1.83787 	0.29835 	0.585466 	0.218437 	
4.44	0.0415634 	-0.125953 	-1.83782 	0.298312 	0.585261 	0.218437 	
4.445	0.041534 	-0.125904 	-1.8378 	0.298275 	0.585058 	0.218437 	
4.45	0.0415032 	-0.125859 	-1.83777 	0.298237 	0.584854 	0.218437 	
4.455	0.0414786 	-0.12583 	-1.83776 	0.298199 	0.584651 	0.218437 	
4.46	0.0414559 	-0.125802 	-1.83775 	0.298161 	0.584448 	0.218437 	
4.465	0.0414382 	-0.125787 	-1.83775 	0.298123 	0.584245 	0.218437 	
4.47	0.0414256 	-0.125761 	-1.83775 	0.298086 	0.584043 	0.218437 	
4.475	0.0414161 	-0.125735 	-1.83776 	0.298048 	0.58384 	0.218437 	
4.48	0.0414057 	-0.125701 	-1.83776 	0.29801 	0.583637 	0.218437 	
4.485	0.0414004 	-0.12567 	-1.83777 	0.297973 	0.583434 	0.218437 	
4.49	0.0413957 	-0.125634 	-1.83777 	0.297936 	0.583232 	0.218437 	
4.495	0.0413949 	-0.1256 	-1.83777 	0.297898 	0.583029 	0.218437 	
4.5	0.0413918 	-0.125559 	-1.83777 	0.297861 	0.582826 	0.218437 	
4.505	0.0413902 	-0.125519 	-1.83777 	0.297823 	0.582623 	0.218437 	
4.51	0.0413868 	-0.125475 	-1.83777 	0.297786 	0.58242 	0.218437 	
4.515	0.0413855 	-0.125432 	-1.83777 	0.297749 	0.582217 	0.218437 	
4.52	0.0413845 	-0.125386 	-1.83777 	0.297711 	0.582015 	0.218437 	
4.525	0.0413869 	-0.125343 	-1.83777 	0.297674 	0.581812 	0.218437 	
4.53	0.04139 	-0.125296 	-1.83777 	0.297637 	0.581609 	0.218437 	
4.535	0.0413967 	-0.125252 	-1.83777 	0.2976 	0.581406 	0.218437 	
4.54	0.0414028 	-0.125204 	-1.83777 	0.297563 	0.581203 	0.218437 	
4.545	0.041405 	-0.125154 	-1.83777 	0.297525 	0.581 	0.218437 	
4.55	0.0414016 	-0.125107 	-1.83777 	0.297488 	0.580797 	0.218437 	
4.555	0.0413939 	-0.125058 	-1.83777 	0.29745 	0.580595 	0.218437 	
4.56	0.0413818 	-0.125013 	-1.83778 	0.297413 	0.580392 	0.218437 	
4.565	0.0413664 	-0.124964 	-1.83779 	0.297375 	0.580189 	0.218437 	
4.57	0.0413475 	-0.124919 	-1.83781 	0.297337 	0.579986 	0.218437 	
4.575	0.0413259 	-0.12487 	-1.83782 	0.2973 	0.579783 	0.218437 	
4.58	0.0413018 	-0.124824 	-1.83784 	0.297262 	0.57958 	0.218437 	
4.585	0.0412752 	-0.124775 	-1.83785 	0.297224 	0.579377 	0.218437 	
4.59	0.0412466 	-0.124729 	-1.83787 	0.297186 	0.579174 	0.218437 	
4.595	0.0412157 	-0.124678 	-1.83789 	0.297148 	0.578971 	0.218437 	
4.6	0.0411833 	-0.124631 	-1.83791 	0.29711 	0.578768 	0.218437 	
4.605	0.0411488 	-0.12458 	-1.83792 	0.297071 	0.578565 	0.218437 	
4.61	0.0411133 	-0.124532 	-1.83794 	0.297033 	0.578362 	0.218437 	
4.615	0.0410759 	-0.12448 	-1.83796 	0.296995 	0.578158 	0.218437 	
4.62	0.0410374 	-0.124431 	-1.83798 	0.296957 	0.577955 	0.218437 	
4.625	0.0409965 	-0.124379 	-1.838 	0.296918 	0.577752 	0.218437 	
4.63	0.040957 	-0.124331 	-1.83803 	0.29688 	0.577549 	0.218437 	
4.635	0.0409201 	-0.124282 	-1.83805 	0.296842 	0.577346 	0.218437 	
4.64	0.0408824 	-0.124234 	-1.83807 	0.296803 	0.577143 	0.218437 	
4.645	0.040843 	-0.124184 	-1.83809 	0.296765 	0.57694 	0.218437 	
4.65	0.040803 	-0.124135 	-1.83812 	0.296727 	0.576737 	0.218437 	
4.655	0.0407614 	-0.124083 	-1.83814 	0.296688 	0.576533 	0.218437 	
4.66	0.0407194 	-0.124033 	-1.83816 	0.29665 	0.57633 	0.218437 	
4.665	0.0406761 	-0.12398 	-1.83818 	0.296611 	0.576127 	0.218437 	
4.67	0.0406324 	-0.123929 	-1.83821 	0.296573 	0.575924 	0.218437 	
4.675	0.0405876 	-0.123875 	-1.83823 	0.296534 	0.575721 	0.218437 	
4.68	0.0405425 	-0.123824 	-1.83825 	0.296496 	0.575517 	0.218437 	
4.685	0.0404965 	-0.123769 	-1.83827 	0.296457 	0.575314 	0.218437 	
4.69	0.0404503 	-0.123717 	-1.83829 	0.296419 	0.575111 	0.218437 	
4.695	0.0404033 	-0.123663 	-1.83831 	0.29638 	0.574908 	0.218437 	
4.7	0.0403563 	-0.12361 	-1.83833 	0.296341 	0.574704 	0.218437 	
4.705	0.0403084 	-0.123555 	-1.83835 	0.296303 	0.574501 	0.218437 	
4.71	0.0402606 	-0.123502 	-1.83838 	0.296264 	0.574298 	0.218437 	
4.715	0.0402121 	-0.123447 	-1.83839 	0.296225 	0.574094 	0.218437 	
4.72	0.0401636 	-0.123395 	-1.83842 	0.296187 	0.573891 	0.218437 	
4.725	0.0401133 	-0.123341 	-1.83843 	0.296148 	0.573688 	0.218438 	
4.73	0.0400634 	-0.12329 	-1.83845 	0.296109 	0.573485 	0.218438 	
4.735	0.0400116 	-0.123237 	-1.83847 	0.296071 	0.573281 	0.218438 	
4.74	0.0399602 	-0.123186 	-1.83849 	0.296032 	0.573078 	0.218438 	
4.745	0.0399071 	-0.123134 	-1.83851 	0.295993 	0.572875 	0.218438 	
4.75	0.0398545 	-0.123084 	-1.83853 	0.295954 	0.572671 	0.218438 	
4.755	0.0398004 	-0.123032 	-1.83854 	0.295915 	0.572468 	0.218438 	
4.76	0.039747 	-0.122983 	-1.83856 	0.295876 	0.572265 	0.218438 	
4.765	0.0396921 	-0.122932 	-1.83857 	0.295837 	0.572061 	0.218439 	
4.77	0.0396387 	-0.122883 	-1.83859 	0.295799 	0.571858 	0.218439 	
4.775	0.0395861 	-0.122833 	-1.83861 	0.29576 	0.571655 	0.218439 	
4.78	0.0395337 	-0.122786 	-1.83862 	0.295721 	0.571451 	0.218439 	
4.785	0.0394801 	-0.122736 	-1.83864 	0.295682 	0.571248 	0.21844 	
4.79	0.0394266 	-0.122689 	-1.83865 	0.295643 	0.571045 	0.21844 	
4.795	0.0393713 	-0.122639 	-1.83866 	0.295604 	0.570841 	0.21844 	
4.8	0.039314 	-0.122591 	-1.83868 	0.295565 	0.570638 	0.21844 	
4.805	0.039255 	-0.12254 	-1.83869 	0.295526 	0.570435 	0.21844 	
4.81	0.0391942 	-0.122491 	-1.83871 	0.295487 	0.570231 	0.218441 	
4.815	0.0391321 	-0.122439 	-1.83872 	0.295448 	0.570028 	0.218441 	
4.82	0.0390685 	-0.122389 	-1.83874 	0.295408 	0.569825 	0.218441 	
4.825	0.0390043 	-0.122337 	-1.83875 	0.295369 	0.569621 	0.218441 	
4.83	0.0389424 	-0.12229 	-1.83876 	0.29533 	0.569418 	0.218441 	
4.835	0.0388858 	-0.122235 	-1.83877 	0.295291 	0.569215 	0.218441 	
4.84	0.0388304 	-0.122179 	-1.83877 	0.295252 	0.569011 	0.218442 	
4.845	0.0387783 	-0.122122 	-1.83877 	0.295213 	0.568808 	0.218442 	
4.85	0.0387272 	-0.122066 	-1.83877 	0.295174 	0.568604 	0.218442 	
4.855	0.0386793 	-0.122008 	-1.83876 	0.295136 	0.568401 	0.218442 	
4.86	0.0386318 	-0.121951 	-1.83876 	0.295097 	0.568197 	0.218442 	
4.865	0.038587 	-0.121891 	-1.83875 	0.295058 	0.567994 	0.218442 	
4.87	0.0385405 	-0.121824 	-1.83873 	0.29502 	0.56779 	0.218442 	
4.875	0.0384936 	-0.121748 	-1.8387 	0.294981 	0.567586 	0.218442 	
4.88	0.0384453 	-0.121667 	-1.83866 	0.294942 	0.567382 	0.218442 	
4.885	0.0383969 	-0.12158 	-1.83861 	0.294904 	0.567178 	0.218442 	
4.89	0.0383475 	-0.121488 	-1.83856 	0.294865 	0.566974 	0.218442 	
4.895	0.0382982 	-0.121392 	-1.8385 	0.294826 	0.56677 	0.218442 	
4.9	0.038248 	-0.121294 	-1.83844 	0.294788 	0.566565 	0.218442 	
4.905	0.0381983 	-0.121193 	-1.83838 	0.294749 	0.566361 	0.218442 	
4.91	0.0381482 	-0.121095 	-1.83831 	0.294711 	0.566156 	0.218442 	
4.915	0.0380986 	-0.120996 	-1.83824 	0.294672 	0.565952 	0.218442 	
4.92	0.0380487 	-0.120899 	-1.83817 	0.294634 	0.565748 	0.218442 	
4.925	0.037999 	-0.120798 	-1.8381 	0.294595 	0.565543 	0.218442 	
4.93	0.0379486 	-0.120695 	-1.83802 	0.294557 	0.565339 	0.218442 	
4.935	0.037901 	-0.120593 	-1.83794 	0.294518 	0.565134 	0.218442 	
4.94	0.0378605 	-0.120499 	-1.83787 	0.29448 	0.564929 	0.218442 	
4.945	0.0378221 	-0.120404 	-1.83779 	0.294441 	0.564725 	0.218442 	
4.95	0.0377899 	-0.120317 	-1.83771 	0.294403 	0.564521 	0.218442 	
4.955	0.0377577 	-0.120231 	-1.83764 	0.294365 	0.564316 	0.218442 	
4.96	0.0377277 	-0.120158 	-1.83759 	0.294327 	0.564112 	0.218443 	
4.965	0.0376979 	-0.120084 	-1.83754 	0.294288 	0.563908 	0.218443 	
4.97	0.0376742 	-0.120021 	-1.83751 	0.29425 	0.563704 	0.218443 	
4.975	0.037649 	-0.119954 	-1.83748 	0.294212 	0.5635 	0.218443 	
4.98	0.0376275 	-0.119895 	-1.83746 	0.294174 	0.563296 	0.218444 	
4.985	0.0376059 	-0.119832 	-1.83744 	0.294135 	0.563092 	0.218444 	
4.99	0.0375896 	-0.119775 	-1.83743 	0.294097 	0.562888 	0.218444 	
4.995	0.0375718 	-0.119713 	-1.83741 	0.294059 	0.562685 	0.218445 	
5	0.0375568 	-0.119656 	-1.83741 	0.294021 	0.562481 	0.218445 	
5.005	0.037542 	-0.119596 	-1.8374 	0.293983 	0.562277 	0.218445 	
5.01	0.0375304 	-0.119539 	-1.8374 	0.293945 	0.562073 	0.218445 	
5.015	0.037517 	-0.119478 	-1.8374 	0.293907 	0.56187 	0.218446 	
5.02	0.0375043 	-0.119421 	-1.8374 	0.293869 	0.561666 	0.218446 	
5.025	0.0374906 	-0.11936 	-1.83741 	0.293831 	0.561462 	0.218446 	
5.03	0.0374798 	-0.119304 	-1.83742 	0.293793 	0.561259 	0.218446 	
5.035	0.0374676 	-0.119243 	-1.83742 	0.293755 	0.561055 	0.218447 	
5.04	0.037458 	-0.119187 	-1.83743 	0.293717 	0.560852 	0.218447 	
5.045	0.0374471 	-0.119127 	-1.83744 	0.293679 	0.560648 	0.218447 	
5.05	0.0374382 	-0.11907 	-1.83745 	0.293641 	0.560444 	0.218447 	
5.055	0.0374281 	-0.119011 	-1.83747 	0.293603 	0.560241 	0.218447 	
5.06	0.0374192 	-0.118962 	-1.83748 	0.293565 	0.560038 	0.218447 	
5.065	0.0374102 	-0.118918 	-1.8375 	0.293527 	0.559835 	0.218447 	
5.07	0.0374031 	-0.11888 	-1.83752 	0.293488 	0.559632 	0.218448 	
5.075	0.0373945 	-0.118849 	-1.83754 	0.29345 	0.559429 	0.218448 	
5.08	0.0373849 	-0.11884 	-1.83757 	0.293412 	0.559227 	0.218448 	
5.085	0.0373715 	-0.118843 	-1.8376 	0.293373 	0.559025 	0.218448 	
5.09	0.0373471 	-0.118856 	-1.83763 	0.293335 	0.558824 	0.218448 	
5.095	0.0373165 	-0.118861 	-1.83766 	0.293296 	0.558622 	0.218448 	
5.1	0.0372794 	-0.118868 	-1.8377 	0.293257 	0.55842 	0.218448 	
5.105	0.0372373 	-0.118865 	-1.83772 	0.293218 	0.558218 	0.218448 	
5.11	0.0371906 	-0.11886 	-1.83775 	0.293179 	0.558017 	0.218449 	
5.115	0.0371406 	-0.118846 	-1.83778 	0.293139 	0.557814 	0.218449 	
5.12	0.0370876 	-0.118831 	-1.83781 	0.2931 	0.557612 	0.218449 	
5.125	0.0370323 	-0.118809 	-1.83783 	0.293061 	0.55741 	0.218449 	
5.13	0.036977 	-0.118791 	-1.83786 	0.293021 	0.557208 	0.218449 	
5.135	0.0369258 	-0.118777 	-1.83788 	0.292982 	0.557006 	0.218449 	
5.14	0.0368768 	-0.11877 	-1.83791 	0.292943 	0.556804 	0.218449 	
5.145	0.036831 	-0.118764 	-1.83794 	0.292904 	0.556602 	0.218449 	
5.15	0.0367869 	-0.118764 	-1.83797 	0.292864 	0.556401 	0.218449 	
5.155	0.036745 	-0.118763 	-1.838 	0.292825 	0.556199 	0.218449 	
5.16	0.0367029 	-0.118765 	-1.83803 	0.292786 	0.555998 	0.218449 	
5.165	0.0366569 	-0.118759 	-1.83805 	0.292747 	0.555796 	0.218449 	
5.17	0.0366098 	-0.118751 	-1.83808 	0.292707 	0.555594 	0.218449 	
5.175	0.0365593 	-0.118735 	-1.83811 	0.292668 	0.555392 	0.218449 	
5.18	0.0365089 	-0.118719 	-1.83814 	0.292629 	0.55519 	0.218449 	
5.185	0.0364564 	-0.118696 	-1.83817 	0.292589 	0.554988 	0.218449 	
5.19	0.0364031 	-0.118675 	-1.8382 	0.29255 	0.554786 	0.218449 	
5.195	0.0363489 	-0.118654 	-1.83823 	0.292511 	0.554584 	0.21845 	
5.2	0.0362946 	-0.118627 	-1.83826 	0.292471 	0.554382 	0.21845 	
5.205	0.0362399 	-0.1186 	-1.83829 	0.292432 	0.55418 	0.21845 	
5.21	0.0361852 	-0.118567 	-1.83832 	0.292392 	0.553978 	0.21845 	
5.215	0.0361301 	-0.118536 	-1.83835 	0.292353 	0.553775 	0.21845 	
5.22	0.0360745 	-0.118501 	-1.83838 	0.292314 	0.553573 	0.21845 	
5.225	0.0360197 	-0.118469 	-1.83841 	0.292274 	0.55337 	0.21845 	
5.23	0.0359632 	-0.118433 	-1.83844 	0.292235 	0.553168 	0.218451 	
5.235	0.03591 	-0.118398 	-1.83848 	0.292195 	0.552966 	0.218451 	
5.24	0.0358619 	-0.11836 	-1.83851 	0.292156 	0.552763 	0.218451 	
5.245	0.0358185 	-0.118326 	-1.83854 	0.292117 	0.552561 	0.218451 	
5.25	0.0357854 	-0.118296 	-1.83857 	0.292078 	0.552359 	0.218451 	
5.255	0.0357525 	-0.118269 	-1.8386 	0.292039 	0.552157 	0.218452 	
5.26	0.0357246 	-0.118239 	-1.83862 	0.292 	0.551954 	0.218452 	
5.265	0.0356946 	-0.118216 	-1.83865 	0.291961 	0.551752 	0.218452 	
5.27	0.035669 	-0.118195 	-1.83868 	0.291922 	0.55155 	0.218452 	
5.275	0.0356409 	-0.118179 	-1.83871 	0.291883 	0.551349 	0.218452 	
5.28	0.035617 	-0.118164 	-1.83873 	0.291844 	0.551147 	0.218452 	
5.285	0.035591 	-0.118152 	-1.83876 	0.291805 	0.550945 	0.218452 	
5.29	0.0355689 	-0.118139 	-1.83878 	0.291766 	0.550743 	0.218452 	
5.295	0.0355445 	-0.118129 	-1.8388 	0.291727 	0.550542 	0.218452 	
5.3	0.0355239 	-0.118117 	-1.83882 	0.291689 	0.55034 	0.218451 	
5.305	0.0355011 	-0.118107 	-1.83885 	0.29165 	0.550138 	0.218451 	
5.31	0.0354817 	-0.118096 	-1.83887 	0.291611 	0.549937 	0.218451 	
5.315	0.0354602 	-0.118088 	-1.83889 	0.291572 	0.549735 	0.218451 	
5.32	0.0354434 	-0.118076 	-1.83891 	0.291533 	0.549534 	0.218451 	
5.325	0.0354263 	-0.118062 	-1.83894 	0.291494 	0.549332 	0.218451 	
5.33	0.0354061 	-0.118047 	-1.83896 	0.291455 	0.54913 	0.218451 	
5.335	0.0353881 	-0.118033 	-1.83898 	0.291417 	0.548929 	0.218451 	
5.34	0.0353691 	-0.118027 	-1.83901 	0.291378 	0.548727 	0.21845 	
5.345	0.0353472 	-0.118015 	-1.83903 	0.291339 	0.548525 	0.21845 	
5.35	0.0353194 	-0.118 	-1.83906 	0.2913 	0.548324 	0.21845 	
5.355	0.0352779 	-0.117978 	-1.83908 	0.29126 	0.548122 	0.21845 	
5.36	0.0352326 	-0.117955 	-1.83911 	0.291221 	0.54792 	0.21845 	
5.365	0.035176 	-0.117929 	-1.83914 	0.291181 	0.547718 	0.21845 	
5.37	0.0351174 	-0.117903 	-1.83917 	0.291142 	0.547516 	0.21845 	
5.375	0.03505 	-0.117874 	-1.8392 	0.291102 	0.547313 	0.21845 	
5.38	0.0349821 	-0.117846 	-1.83924 	0.291062 	0.547111 	0.21845 	
5.385	0.0349073 	-0.117816 	-1.83928 	0.291022 	0.546909 	0.218451 	
5.39	0.0348329 	-0.117786 	-1.83931 	0.290982 	0.546706 	0.218451 	
5.395	0.0347532 	-0.117755 	-1.83935 	0.290942 	0.546504 	0.218451 	
5.4	0.0346778 	-0.117724 	-1.83939 	0.290902 	0.546301 	0.218451 	
5.405	0.0346055 	-0.117693 	-1.83943 	0.290862 	0.546099 	0.218451 	
5.41	0.0345321 	-0.117668 	-1.83947 	0.290821 	0.545897 	0.218452 	
5.415	0.0344582 	-0.117641 	-1.83952 	0.290781 	0.545694 	0.218452 	
5.42	0.0343821 	-0.117615 	-1.83956 	0.290741 	0.545492 	0.218452 	
5.425	0.0343045 	-0.117584 	-1.8396 	0.290701 	0.545289 	0.218453 	
5.43	0.0342252 	-0.117554 	-1.83965 	0.290661 	0.545087 	0.218453 	
5.435	0.0341492 	-0.117509 	-1.83969 	0.290621 	0.544884 	0.218453 	
5.44	0.0340818 	-0.117428 	-1.83973 	0.290581 	0.544681 	0.218454 	
5.445	0.0340158 	-0.117309 	-1.83976 	0.290541 	0.544476 	0.218454 	
5.45	0.0339573 	-0.11716 	-1.83978 	0.290502 	0.544271 	0.218454 	
5.455	0.0339007 	-0.116983 	-1.8398 	0.290463 	0.544064 	0.218454 	
5.46	0.0338498 	-0.116784 	-1.83981 	0.290424 	0.543857 	0.218455 	
5.465	0.0338018 	-0.116566 	-1.83982 	0.290386 	0.54365 	0.218455 	
5.47	0.0337608 	-0.116372 	-1.83984 	0.290347 	0.543443 	0.218455 	
5.475	0.0337236 	-0.116191 	-1.83986 	0.290309 	0.543236 	0.218455 	
5.48	0.0336846 	-0.116018 	-1.83987 	0.29027 	0.54303 	0.218455 	
5.485	0.0336402 	-0.115867 	-1.8399 	0.290231 	0.542823 	0.218455 	
5.49	0.0335955 	-0.115723 	-1.83991 	0.290192 	0.542617 	0.218455 	
5.495	0.0335498 	-0.115596 	-1.83994 	0.290153 	0.542411 	0.218456 	
5.5	0.0335038 	-0.115474 	-1.83996 	0.290114 	0.542206 	0.218456 	
5.505	0.0334569 	-0.115366 	-1.83999 	0.290075 	0.542 	0.218456 	
5.51	0.0334096 	-0.11526 	-1.84001 	0.290036 	0.541795 	0.218456 	
5.515	0.0333616 	-0.115165 	-1.84003 	0.289997 	0.54159 	0.218456 	
5.52	0.0333133 	-0.115071 	-1.84006 	0.289958 	0.541385 	0.218456 	
5.525	0.0332643 	-0.114986 	-1.84008 	0.289918 	0.54118 	0.218456 	
5.53	0.033215 	-0.114901 	-1.84011 	0.289879 	0.540975 	0.218456 	
5.535	0.033165 	-0.114824 	-1.84013 	0.28984 	0.540771 	0.218456 	
5.54	0.0331147 	-0.114745 	-1.84015 	0.2898 	0.540566 	0.218456 	
5.545	0.0330637 	-0.114674 	-1.84018 	0.289761 	0.540362 	0.218456 	
5.55	0.0330113 	-0.114601 	-1.8402 	0.289721 	0.540157 	0.218456 	
5.555	0.0329555 	-0.114533 	-1.84022 	0.289682 	0.539953 	0.218456 	
5.56	0.0328985 	-0.114462 	-1.84024 	0.289642 	0.539749 	0.218456 	
5.565	0.0328385 	-0.114397 	-1.84026 	0.289602 	0.539545 	0.218456 	
5.57	0.0327777 	-0.114328 	-1.84028 	0.289563 	0.53934 	0.218457 	
5.575	0.0327142 	-0.114265 	-1.8403 	0.289523 	0.539136 	0.218457 	
5.58	0.0326498 	-0.114198 	-1.84031 	0.289483 	0.538932 	0.218457 	
5.585	0.0325833 	-0.114137 	-1.84033 	0.289443 	0.538728 	0.218457 	
5.59	0.0325161 	-0.114071 	-1.84034 	0.289403 	0.538524 	0.218457 	
5.595	0.0324471 	-0.114011 	-1.84036 	0.289363 	0.53832 	0.218457 	
5.6	0.0323776 	-0.113947 	-1.84037 	0.289323 	0.538116 	0.218457 	
5.605	0.0323137 	-0.113902 	-1.84039 	0.289283 	0.537913 	0.218457 	
5.61	0.0322729 	-0.113888 	-1.8404 	0.289243 	0.53771 	0.218456 	
5.615	0.0322412 	-0.11388 	-1.84042 	0.289204 	0.537507 	0.218456 	
5.62	0.0322245 	-0.113892 	-1.84043 	0.289165 	0.537305 	0.218456 	
5.625	0.0322098 	-0.113905 	-1.84043 	0.289125 	0.537103 	0.218455 	
5.63	0.0322065 	-0.113927 	-1.84042 	0.289086 	0.536901 	0.218455 	
5.635	0.0322047 	-0.113954 	-1.84042 	0.289047 	0.536699 	0.218454 	
5.64	0.0322014 	-0.113993 	-1.84041 	0.289008 	0.536498 	0.218453 	
5.645	0.0321983 	-0.11403 	-1.84039 	0.288969 	0.536296 	0.218452 	
5.65	0.0321952 	-0.114079 	-1.84038 	0.28893 	0.536095 	0.218451 	
5.655	0.0321931 	-0.114129 	-1.84037 	0.28889 	0.535894 	0.21845 	
5.66	0.0321887 	-0.114182 	-1.84035 	0.288851 	0.535693 	0.218449 	
5.665	0.0321859 	-0.114226 	-1.84033 	0.288812 	0.535492 	0.218448 	
5.67	0.0321807 	-0.11428 	-1.84031 	0.288773 	0.535291 	0.218447 	
5.675	0.03215 	-0.114338 	-1.8403 	0.288733 	0.535091 	0.218446 	
5.68	0.032114 	-0.114386 	-1.84028 	0.288693 	0.53489 	0.218445 	
5.685	0.0320734 	-0.114426 	-1.84027 	0.288653 	0.534689 	0.218444 	
5.69	0.0320286 	-0.114457 	-1.84027 	0.288613 	0.534487 	0.218444 	
5.695	0.0319798 	-0.114483 	-1.84026 	0.288573 	0.534286 	0.218443 	
5.7	0.0319278 	-0.114501 	-1.84026 	0.288533 	0.534084 	0.218443 	
5.705	0.0318735 	-0.114513 	-1.84025 	0.288493 	0.533882 	0.218442 	
5.71	0.0318231 	-0.114517 	-1.84025 	0.288453 	0.533681 	0.218442 	
5.715	0.0317779 	-0.114516 	-1.84024 	0.288413 	0.533479 	0.218442 	
5.72	0.0317351 	-0.114508 	-1.84024 	0.288373 	0.533277 	0.218441 	
5.725	0.0316934 	-0.114497 	-1.84023 	0.288333 	0.533074 	0.218441 	
5.73	0.0316525 	-0.114481 	-1.84022 	0.288293 	0.532872 	0.218441 	
5.735	0.0316124 	-0.114463 	-1.84022 	0.288253 	0.53267 	0.218441 	
5.74	0.0315728 	-0.11444 	-1.84022 	0.288214 	0.532467 	0.21844 	
5.745	0.0315338 	-0.114417 	-1.84021 	0.288174 	0.532265 	0.21844 	
5.75	0.0314927 	-0.114401 	-1.84021 	0.288134 	0.532063 	0.21844 	
5.755	0.0314365 	-0.114431 	-1.84021 	0.288094 	0.531861 	0.218439 	
5.76	0.0313546 	-0.114505 	-1.84018 	0.288053 	0.53166 	0.218438 	
5.765	0.0312658 	-0.114597 	-1.84016 	0.288011 	0.531459 	0.218436 	
5.77	0.0311784 	-0.114671 	-1.84014 	0.28797 	0.531258 	0.218434 	
5.775	0.0310914 	-0.114739 	-1.84013 	0.287929 	0.531057 	0.218433 	
5.78	0.0310026 	-0.114799 	-1.8401 	0.287887 	0.530856 	0.218431 	
5.785	0.0309125 	-0.11486 	-1.84009 	0.287846 	0.530654 	0.218429 	
5.79	0.0308239 	-0.114908 	-1.84006 	0.287805 	0.530453 	0.218428 	
5.795	0.0307351 	-0.114951 	-1.84005 	0.287764 	0.530251 	0.218426 	
5.8	0.0306479 	-0.114984 	-1.84004 	0.287723 	0.53005 	0.218425 	
5.805	0.0305617 	-0.115012 	-1.84003 	0.287681 	0.529848 	0.218424 	
5.81	0.0304786 	-0.115032 	-1.84002 	0.28764 	0.529646 	0.218423 	
5.815	0.0303955 	-0.115048 	-1.84002 	0.287599 	0.529444 	0.218422 	
5.82	0.0303146 	-0.115057 	-1.84002 	0.287559 	0.529242 	0.218421 	
5.825	0.0302335 	-0.115063 	-1.84002 	0.287518 	0.52904 	0.21842 	
5.83	0.0301544 	-0.115063 	-1.84002 	0.287477 	0.528838 	0.21842 	
5.835	0.0300749 	-0.115062 	-1.84003 	0.287436 	0.528636 	0.218419 	
5.84	0.0299973 	-0.115054 	-1.84003 	0.287395 	0.528434 	0.218418 	
5.845	0.0299193 	-0.115046 	-1.84004 	0.287354 	0.528231 	0.218418 	
5.85	0.0298427 	-0.115033 	-1.84005 	0.287314 	0.528029 	0.218417 	
5.855	0.029765 	-0.115019 	-1.84006 	0.287273 	0.527827 	0.218417 	
5.86	0.0296887 	-0.115001 	-1.84007 	0.287232 	0.527624 	0.218417 	
5.865	0.0296118 	-0.114984 	-1.84008 	0.287191 	0.527422 	0.218417 	
5.87	0.0295388 	-0.114962 	-1.84009 	0.287151 	0.527219 	0.218416 	
5.875	0.0294671 	-0.11494 	-1.84011 	0.28711 	0.527016 	0.218416 	
5.88	0.0293959 	-0.114914 	-1.84012 	0.287069 	0.526814 	0.218416 	
5.885	0.0293236 	-0.11489 	-1.84013 	0.287029 	0.526611 	0.218416 	
5.89	0.0292519 	-0.114861 	-1.84014 	0.286988 	0.526408 	0.218416 	
5.895	0.029179 	-0.114834 	-1.84016 	0.286947 	0.526205 	0.218416 	
5.9	0.0291064 	-0.114803 	-1.84017 	0.286907 	0.526002 	0.218416 	
5.905	0.029033 	-0.114774 	-1.84019 	0.286866 	0.5258 	0.218416 	
5.91	0.0289602 	-0.114742 	-1.8402 	0.286825 	0.525597 	0.218416 	
5.915	0.0288866 	-0.114711 	-1.84022 	0.286785 	0.525394 	0.218416 	
5.92	0.0288136 	-0.114677 	-1.84023 	0.286744 	0.525191 	0.218416 	
5.925	0.02874 	-0.114644 	-1.84025 	0.286704 	0.524988 	0.218417 	
5.93	0.0286677 	-0.114606 	-1.84026 	0.286663 	0.524785 	0.218417 	
5.935	0.0285961 	-0.114566 	-1.84026 	0.286622 	0.524582 	0.218417 	
5.94	0.0285253 	-0.114523 	-1.84027 	0.286582 	0.524379 	0.218417 	
5.945	0.0284535 	-0.114484 	-1.84028 	0.286541 	0.524176 	0.218417 	
5.95	0.0283825 	-0.114442 	-1.84029 	0.2865 	0.523972 	0.218417 	
5.955	0.0283105 	-0.114403 	-1.8403 	0.28646 	0.523769 	0.218418 	
5.96	0.0282393 	-0.114362 	-1.84031 	0.286419 	0.523566 	0.218418 	
5.965	0.0281672 	-0.114323 	-1.84032 	0.286379 	0.523363 	0.218418 	
5.97	0.0280958 	-0.114283 	-1.84033 	0.286338 	0.52316 	0.218418 	
5.975	0.028023 	-0.114247 	-1.84035 	0.286297 	0.522957 	0.218419 	
5.98	0.0279515 	-0.114205 	-1.84036 	0.286257 	0.522753 	0.218419 	
5.985	0.0278807 	-0.114162 	-1.84037 	0.286216 	0.52255 	0.218419 	
5.99	0.027811 	-0.114115 	-1.84037 	0.286175 	0.522347 	0.218419 	
5.995	0.0277405 	-0.114071 	-1.84038 	0.286135 	0.522144 	0.21842 	
6	0.0276717 	-0.114022 	-1.84038 	0.286094 	0.52194 	0.21842 	
6.005	0.027604 	-0.113978 	-1.84039 	0.286054 	0.521737 	0.21842 	
6.01	0.0275383 	-0.11393 	-1.84039 	0.286013 	0.521534 	0.21842 	
6.015	0.0274748 	-0.113886 	-1.8404 	0.285973 	0.52133 	0.218421 	
6.02	0.0274129 	-0.113839 	-1.8404 	0.285932 	0.521127 	0.218421 	
6.025	0.0273527 	-0.113795 	-1.8404 	0.285892 	0.520924 	0.218421 	
6.03	0.0272937 	-0.113748 	-1.84041 	0.285851 	0.520721 	0.218422 	
6.035	0.027236 	-0.113705 	-1.84041 	0.285811 	0.520517 	0.218422 	
6.04	0.0271792 	-0.113658 	-1.84041 	0.285771 	0.520314 	0.218422 	
6.045	0.0271234 	-0.113616 	-1.84042 	0.28573 	0.520111 	0.218423 	
6.05	0.0270677 	-0.113569 	-1.84042 	0.28569 	0.519907 	0.218423 	
6.055	0.0270103 	-0.113524 	-1.84043 	0.28565 	0.519704 	0.218423 	
6.06	0.0269525 	-0.113476 	-1.84043 	0.285609 	0.519501 	0.218424 	
6.065	0.026893 	-0.113431 	-1.84043 	0.285569 	0.519298 	0.218424 	
6.07	0.0268334 	-0.113382 	-1.84043 	0.285529 	0.519094 	0.218424 	
6.075	0.0267721 	-0.113336 	-1.84043 	0.285488 	0.518891 	0.218425 	
6.08	0.0267109 	-0.113287 	-1.84043 	0.285448 	0.518688 	0.218425 	
6.085	0.0266482 	-0.113242 	-1.84044 	0.285407 	0.518484 	0.218426 	
6.09	0.0265869 	-0.113189 	-1.84043 	0.285367 	0.518281 	0.218426 	
6.095	0.0265282 	-0.113131 	-1.84042 	0.285326 	0.518077 	0.218426 	
6.1	0.0264713 	-0.113068 	-1.84039 	0.285286 	0.517873 	0.218427 	
6.105	0.0264168 	-0.113 	-1.84036 	0.285246 	0.51767 	0.218427 	
6.11	0.026364 	-0.112927 	-1.84033 	0.285206 	0.517466 	0.218427 	
6.115	0.0263136 	-0.112851 	-1.84029 	0.285166 	0.517262 	0.218428 	
6.12	0.0262646 	-0.112772 	-1.84024 	0.285126 	0.517058 	0.218428 	
6.125	0.0262179 	-0.11269 	-1.84019 	0.285086 	0.516854 	0.218428 	
6.13	0.0261725 	-0.112606 	-1.84013 	0.285046 	0.516649 	0.218429 	
6.135	0.0261301 	-0.112522 	-1.84007 	0.285006 	0.516445 	0.218429 	
6.14	0.0260921 	-0.11244 	-1.84 	0.284967 	0.516241 	0.218429 	
6.145	0.0260601 	-0.112363 	-1.83994 	0.284927 	0.516037 	0.21843 	
6.15	0.0260386 	-0.112295 	-1.8399 	0.284888 	0.515833 	0.21843 	
6.155	0.0260216 	-0.11223 	-1.83986 	0.284848 	0.515629 	0.21843 	
6.16	0.0260124 	-0.112171 	-1.83984 	0.284809 	0.515425 	0.218431 	
6.165	0.026006 	-0.112113 	-1.83981 	0.28477 	0.515221 	0.218431 	
6.17	0.0260057 	-0.11206 	-1.8398 	0.284731 	0.515018 	0.218431 	
6.175	0.0260068 	-0.112006 	-1.83978 	0.284692 	0.514814 	0.218431 	
6.18	0.0260123 	-0.111955 	-1.83978 	0.284653 	0.514611 	0.218432 	
6.185	0.0260141 	-0.111896 	-1.83976 	0.284614 	0.514407 	0.218432 	
6.19	0.0260118 	-0.111836 	-1.83974 	0.284575 	0.514203 	0.218432 	
6.195	0.0260019 	-0.111784 	-1.83973 	0.284536 	0.514 	0.218432 	
6.2	0.0259866 	-0.11173 	-1.83972 	0.284496 	0.513796 	0.218433 	
6.205	0.0259649 	-0.111683 	-1.83973 	0.284457 	0.513593 	0.218433 	
6.21	0.0259387 	-0.111634 	-1.83972 	0.284417 	0.513389 	0.218433 	
6.215	0.0259069 	-0.111592 	-1.83973 	0.284377 	0.513186 	0.218433 	
6.22	0.0258715 	-0.111547 	-1.83974 	0.284337 	0.512983 	0.218434 	
6.225	0.0258316 	-0.111509 	-1.83975 	0.284297 	0.512779 	0.218434 	
6.23	0.0257905 	-0.111462 	-1.83976 	0.284257 	0.512576 	0.218434 	
6.235	0.0257504 	-0.11141 	-1.83975 	0.284217 	0.512373 	0.218434 	
6.24	0.02571 	-0.11135 	-1.83974 	0.284177 	0.512169 	0.218435 	
6.245	0.0256706 	-0.111286 	-1.83972 	0.284138 	0.511965 	0.218435 	
6.25	0.0256312 	-0.111216 	-1.83969 	0.284098 	0.511761 	0.218435 	
6.255	0.025593 	-0.111142 	-1.83965 	0.284058 	0.511557 	0.218435 	
6.26	0.025555 	-0.111064 	-1.83961 	0.284018 	0.511353 	0.218436 	
6.265	0.0255184 	-0.110983 	-1.83956 	0.283978 	0.511149 	0.218436 	
6.27	0.025482 	-0.110899 	-1.83951 	0.283939 	0.510945 	0.218436 	
6.275	0.025447 	-0.110814 	-1.83945 	0.283899 	0.510741 	0.218436 	
6.28	0.0254161 	-0.11073 	-1.83939 	0.283859 	0.510536 	0.218437 	
6.285	0.0253975 	-0.110659 	-1.83935 	0.28382 	0.510332 	0.218437 	
6.29	0.0253804 	-0.110585 	-1.83931 	0.28378 	0.510128 	0.218437 	
6.295	0.0253753 	-0.110525 	-1.8393 	0.283741 	0.509925 	0.218438 	
6.3	0.0253671 	-0.110462 	-1.83928 	0.283702 	0.509721 	0.218438 	
6.305	0.0253599 	-0.110414 	-1.83927 	0.283663 	0.509518 	0.218438 	
6.31	0.0253497 	-0.110361 	-1.83927 	0.283623 	0.509314 	0.218438 	
6.315	0.0253404 	-0.110319 	-1.83928 	0.283584 	0.509111 	0.218439 	
6.32	0.0253256 	-0.110272 	-1.83929 	0.283544 	0.508907 	0.218439 	
6.325	0.0253038 	-0.110233 	-1.8393 	0.283505 	0.508704 	0.218439 	
6.33	0.0252776 	-0.110189 	-1.83932 	0.283465 	0.508501 	0.218439 	
6.335	0.0252454 	-0.110153 	-1.83934 	0.283425 	0.508297 	0.21844 	
6.34	0.0252096 	-0.110111 	-1.83935 	0.283385 	0.508094 	0.21844 	
6.345	0.0251689 	-0.110076 	-1.83938 	0.283345 	0.507891 	0.21844 	
6.35	0.0251255 	-0.110035 	-1.83939 	0.283305 	0.507688 	0.21844 	
6.355	0.0250781 	-0.110001 	-1.83942 	0.283264 	0.507485 	0.218441 	
6.36	0.0250305 	-0.109957 	-1.83943 	0.283224 	0.507281 	0.218441 	
6.365	0.0249846 	-0.109907 	-1.83944 	0.283184 	0.507078 	0.218441 	
6.37	0.0249387 	-0.109849 	-1.83943 	0.283144 	0.506874 	0.218441 	
6.375	0.0248946 	-0.109786 	-1.83942 	0.283104 	0.506671 	0.218442 	
6.38	0.0248506 	-0.109718 	-1.8394 	0.283063 	0.506467 	0.218442 	
6.385	0.0248086 	-0.109646 	-1.83937 	0.283023 	0.506263 	0.218442 	
6.39	0.0247667 	-0.109569 	-1.83933 	0.282983 	0.506059 	0.218442 	
6.395	0.0247269 	-0.10949 	-1.83929 	0.282943 	0.505855 	0.218443 	
6.4	0.0246873 	-0.109407 	-1.83924 	0.282903 	0.505651 	0.218443 	
6.405	0.0246497 	-0.109323 	-1.83919 	0.282864 	0.505446 	0.218443 	
6.41	0.0246123 	-0.109235 	-1.83913 	0.282824 	0.505242 	0.218443 	
6.415	0.0245763 	-0.109147 	-1.83906 	0.282784 	0.505038 	0.218444 	
6.42	0.0245437 	-0.109058 	-1.839 	0.282744 	0.504834 	0.218444 	
6.425	0.0245264 	-0.108986 	-1.83896 	0.282705 	0.50463 	0.218444 	
6.43	0.0245108 	-0.108912 	-1.83892 	0.282665 	0.504425 	0.218445 	
6.435	0.0245088 	-0.108853 	-1.83891 	0.282626 	0.504222 	0.218445 	
6.44	0.0245037 	-0.108787 	-1.83888 	0.282587 	0.504018 	0.218445 	
6.445	0.0244963 	-0.108713 	-1.83884 	0.282547 	0.503814 	0.218445 	
6.45	0.0244861 	-0.108632 	-1.8388 	0.282508 	0.50361 	0.218445 	
6.455	0.024474 	-0.108546 	-1.83875 	0.282468 	0.503406 	0.218445 	
6.46	0.0244588 	-0.108459 	-1.8387 	0.282429 	0.503202 	0.218446 	
6.465	0.0244407 	-0.108383 	-1.83866 	0.282389 	0.502998 	0.218446 	
6.47	0.0244187 	-0.108306 	-1.83863 	0.28235 	0.502794 	0.218446 	
6.475	0.0243916 	-0.108246 	-1.83861 	0.28231 	0.50259 	0.218446 	
6.48	0.0243617 	-0.108183 	-1.83859 	0.28227 	0.502387 	0.218446 	
6.485	0.0243289 	-0.108133 	-1.83859 	0.28223 	0.502183 	0.218446 	
6.49	0.024294 	-0.10808 	-1.83858 	0.28219 	0.50198 	0.218446 	
6.495	0.0242571 	-0.108039 	-1.83859 	0.282149 	0.501776 	0.218446 	
6.5	0.0242184 	-0.107992 	-1.83859 	0.282109 	0.501573 	0.218446 	
6.505	0.0241784 	-0.107955 	-1.83861 	0.282069 	0.50137 	0.218446 	
6.51	0.0241372 	-0.107913 	-1.83862 	0.282028 	0.501166 	0.218446 	
6.515	0.024095 	-0.107879 	-1.83864 	0.281988 	0.500963 	0.218446 	
6.52	0.0240561 	-0.107839 	-1.83865 	0.281947 	0.50076 	0.218446 	
6.525	0.0240292 	-0.107807 	-1.83868 	0.281907 	0.500557 	0.218446 	
6.53	0.0240042 	-0.107769 	-1.8387 	0.281867 	0.500355 	0.218446 	
6.535	0.0239895 	-0.107737 	-1.83872 	0.281827 	0.500152 	0.218446 	
6.54	0.0239756 	-0.107699 	-1.83874 	0.281787 	0.499949 	0.218446 	
6.545	0.0239706 	-0.107667 	-1.83877 	0.281747 	0.499747 	0.218446 	
6.55	0.0239644 	-0.107627 	-1.83879 	0.281707 	0.499544 	0.218446 	
6.555	0.023963 	-0.107589 	-1.83881 	0.281668 	0.499341 	0.218445 	
6.56	0.0239599 	-0.107545 	-1.83882 	0.281628 	0.499139 	0.218445 	
6.565	0.0239615 	-0.107504 	-1.83884 	0.281588 	0.498936 	0.218445 	
6.57	0.0239617 	-0.107457 	-1.83885 	0.281549 	0.498733 	0.218445 	
6.575	0.0239656 	-0.107413 	-1.83887 	0.281509 	0.498531 	0.218445 	
6.58	0.0239653 	-0.107365 	-1.83888 	0.28147 	0.498328 	0.218445 	
6.585	0.0239572 	-0.107318 	-1.8389 	0.28143 	0.498125 	0.218445 	
6.59	0.0239443 	-0.107265 	-1.8389 	0.281391 	0.497922 	0.218445 	
6.595	0.0239246 	-0.107216 	-1.83892 	0.281351 	0.49772 	0.218445 	
6.6	0.0239011 	-0.107163 	-1.83892 	0.281311 	0.497517 	0.218445 	
6.605	0.0238719 	-0.107112 	-1.83893 	0.281271 	0.497314 	0.218445 	
6.61	0.0238422 	-0.107059 	-1.83894 	0.281231 	0.497111 	0.218445 	
6.615	0.0238152 	-0.10701 	-1.83895 	0.281191 	0.496908 	0.218445 	
6.62	0.023789 	-0.10696 	-1.83896 	0.28115 	0.496705 	0.218446 	
6.625	0.0237639 	-0.106913 	-1.83898 	0.28111 	0.496502 	0.218446 	
6.63	0.0237416 	-0.106863 	-1.83899 	0.281071 	0.496299 	0.218446 	
6.635	0.0237252 	-0.106816 	-1.839 	0.281031 	0.496096 	0.218446 	
6.64	0.0237102 	-0.106766 	-1.83901 	0.280991 	0.495893 	0.218446 	
6.645	0.0237003 	-0.106718 	-1.83903 	0.280951 	0.49569 	0.218446 	
6.65	0.0236912 	-0.106667 	-1.83904 	0.280912 	0.495488 	0.218446 	
6.655	0.0236864 	-0.106618 	-1.83905 	0.280872 	0.495285 	0.218446 	
6.66	0.0236799 	-0.106566 	-1.83906 	0.280832 	0.495082 	0.218446 	
6.665	0.0236712 	-0.106518 	-1.83907 	0.280793 	0.494879 	0.218446 	
6.67	0.0236609 	-0.106466 	-1.83908 	0.280753 	0.494676 	0.218446 	
6.675	0.0236489 	-0.106418 	-1.83909 	0.280713 	0.494473 	0.218446 	
6.68	0.0236357 	-0.106367 	-1.8391 	0.280674 	0.49427 	0.218446 	
6.685	0.0236214 	-0.106319 	-1.83911 	0.280634 	0.494068 	0.218446 	
6.69	0.0236049 	-0.106267 	-1.83912 	0.280594 	0.493865 	0.218447 	
6.695	0.0235832 	-0.106215 	-1.83913 	0.280554 	0.493662 	0.218447 	
6.7	0.0235585 	-0.106162 	-1.83914 	0.280514 	0.493459 	0.218447 	
6.705	0.0235293 	-0.10611 	-1.83914 	0.280474 	0.493256 	0.218447 	
6.71	0.0235001 	-0.106057 	-1.83915 	0.280434 	0.493052 	0.218447 	
6.715	0.0234736 	-0.106006 	-1.83916 	0.280394 	0.492849 	0.218448 	
6.72	0.0234472 	-0.105955 	-1.83917 	0.280354 	0.492646 	0.218448 	
6.725	0.0234234 	-0.105906 	-1.83918 	0.280314 	0.492443 	0.218448 	
6.73	0.0233972 	-0.105855 	-1.83918 	0.280274 	0.49224 	0.218448 	
6.735	0.0233664 	-0.105805 	-1.83919 	0.280234 	0.492037 	0.218449 	
6.74	0.023335 	-0.105751 	-1.8392 	0.280194 	0.491834 	0.218449 	
6.745	0.0233032 	-0.10569 	-1.83919 	0.280153 	0.491631 	0.218449 	
6.75	0.0232717 	-0.105625 	-1.83917 	0.280113 	0.491427 	0.218449 	
6.755	0.0232402 	-0.105555 	-1.83915 	0.280073 	0.491224 	0.21845 	
6.76	0.0232092 	-0.105482 	-1.83912 	0.280033 	0.49102 	0.21845 	
6.765	0.0231812 	-0.105408 	-1.83909 	0.279993 	0.490816 	0.21845 	
6.77	0.0231626 	-0.105344 	-1.83906 	0.279953 	0.490613 	0.218451 	
6.775	0.0231446 	-0.10528 	-1.83904 	0.279913 	0.490409 	0.218451 	
6.78	0.0231281 	-0.105225 	-1.83903 	0.279874 	0.490206 	0.218451 	
6.785	0.0231121 	-0.105169 	-1.83902 	0.279834 	0.490003 	0.218451 	
6.79	0.023097 	-0.10512 	-1.83902 	0.279794 	0.4898 	0.218452 	
6.795	0.0230821 	-0.105069 	-1.83902 	0.279754 	0.489596 	0.218452 	
6.8	0.0230681 	-0.105024 	-1.83902 	0.279714 	0.489393 	0.218452 	
6.805	0.0230537 	-0.104976 	-1.83902 	0.279674 	0.48919 	0.218452 	
6.81	0.0230405 	-0.104934 	-1.83903 	0.279634 	0.488987 	0.218453 	
6.815	0.0230239 	-0.104887 	-1.83904 	0.279595 	0.488784 	0.218453 	
6.82	0.0230009 	-0.104842 	-1.83904 	0.279554 	0.488581 	0.218453 	
6.825	0.0229741 	-0.104793 	-1.83905 	0.279514 	0.488378 	0.218453 	
6.83	0.0229418 	-0.104746 	-1.83906 	0.279474 	0.488175 	0.218454 	
6.835	0.0229064 	-0.104695 	-1.83906 	0.279434 	0.487972 	0.218454 	
6.84	0.0228663 	-0.104646 	-1.83907 	0.279393 	0.487769 	0.218454 	
6.845	0.0228238 	-0.104594 	-1.83907 	0.279353 	0.487566 	0.218454 	
