0.0	0.310429	-0.173769	0.537008	0.180534	-1.45468	-0.24872
0.005	0.310429	-0.173769	0.537008	0.180534	-1.45468	-0.24872
0.01	0.310429	-0.173769	0.537008	0.180534	-1.45468	-0.24872
0.015	0.31043	-0.173769	0.537008	0.180534	-1.45468	-0.24872
0.02	0.310431	-0.173769	0.537008	0.180534	-1.45468	-0.24872
0.025	0.310433	-0.173769	0.537009	0.180534	-1.45468	-0.24872
0.03	0.310435	-0.173769	0.537009	0.180534	-1.45468	-0.24872
0.035	0.310438	-0.173769	0.53701	0.180534	-1.45468	-0.24872
0.04	0.310441	-0.173769	0.53701	0.180534	-1.45468	-0.24872
0.045	0.310445	-0.173769	0.537011	0.180534	-1.45468	-0.24872
0.05	0.31045	-0.173769	0.537012	0.180534	-1.45468	-0.24872
0.055	0.310455	-0.17377	0.537013	0.180534	-1.45468	-0.24872
0.06	0.310461	-0.17377	0.537014	0.180534	-1.45468	-0.24872
0.065	0.310467	-0.17377	0.537015	0.180534	-1.45468	-0.24872
0.07	0.310473	-0.17377	0.537016	0.180534	-1.45468	-0.24872
0.075	0.310481	-0.17377	0.537018	0.180534	-1.45468	-0.24872
0.08	0.310488	-0.17377	0.537019	0.180534	-1.45468	-0.24872
0.085	0.310497	-0.17377	0.537021	0.180534	-1.45468	-0.24872
0.09	0.310505	-0.173771	0.537022	0.180534	-1.45468	-0.24872
0.095	0.310516	-0.173771	0.537024	0.180534	-1.45468	-0.24872
0.1	0.310526	-0.173771	0.537026	0.180534	-1.45468	-0.24872
0.105	0.310536	-0.173771	0.537028	0.180534	-1.45468	-0.24872
0.11	0.310547	-0.173771	0.53703	0.180534	-1.45468	-0.24872
0.115	0.310559	-0.173772	0.537032	0.180534	-1.45468	-0.24872
0.12	0.310571	-0.173772	0.537034	0.180534	-1.45468	-0.24872
0.125	0.310583	-0.173772	0.537037	0.180534	-1.45468	-0.24872
0.13	0.310597	-0.173772	0.537039	0.180534	-1.45468	-0.24872
0.135	0.31061	-0.173773	0.537042	0.180534	-1.45468	-0.24872
0.14	0.310624	-0.173773	0.537044	0.180534	-1.45468	-0.24872
0.145	0.310639	-0.173773	0.537047	0.180534	-1.45468	-0.24872
0.15	0.310654	-0.173774	0.53705	0.180534	-1.45468	-0.24872
0.155	0.31067	-0.173774	0.537053	0.180534	-1.45468	-0.24872
0.16	0.310687	-0.173774	0.537056	0.180534	-1.45468	-0.24872
0.165	0.310641	-0.173759	0.53704	0.178912	-1.45354	-0.246485
0.17	0.310658	-0.173759	0.537043	0.178912	-1.45354	-0.246485
0.175	0.310676	-0.17376	0.537047	0.178912	-1.45354	-0.246485
0.18	0.310695	-0.17376	0.53705	0.178912	-1.45354	-0.246485
0.185	0.310714	-0.17376	0.537054	0.178912	-1.45354	-0.246485
0.19	0.310733	-0.173761	0.537057	0.178912	-1.45354	-0.246485
0.195	0.310753	-0.173761	0.537061	0.178912	-1.45354	-0.246485
0.2	0.310774	-0.173762	0.537065	0.178912	-1.45354	-0.246485
0.205	0.310795	-0.173762	0.537069	0.178912	-1.45354	-0.246485
0.21	0.310816	-0.173762	0.537073	0.178912	-1.45354	-0.246485
0.215	0.310839	-0.173763	0.537077	0.178912	-1.45354	-0.246485
0.22	0.310861	-0.173763	0.537081	0.178912	-1.45354	-0.246485
0.225	0.310823	-0.173749	0.537066	0.177313	-1.45242	-0.244282
0.23	0.310846	-0.173749	0.537071	0.177313	-1.45242	-0.244282
0.235	0.310871	-0.173749	0.537075	0.177313	-1.45242	-0.244282
0.24	0.310895	-0.17375	0.53708	0.177313	-1.45242	-0.244282
0.245	0.310921	-0.17375	0.537085	0.177313	-1.45242	-0.244282
0.25	0.310946	-0.173751	0.537089	0.177313	-1.45242	-0.244282
0.255	0.310973	-0.173751	0.537094	0.177313	-1.45242	-0.244282
0.26	0.310999	-0.173752	0.537099	0.177313	-1.45242	-0.244282
0.265	0.311027	-0.173752	0.537104	0.177313	-1.45242	-0.244282
0.27	0.311054	-0.173753	0.537109	0.177313	-1.45242	-0.244282
0.275	0.311017	-0.173738	0.537095	0.175618	-1.45123	-0.241947
0.28	0.311046	-0.173738	0.5371	0.175618	-1.45123	-0.241947
0.285	0.311076	-0.173739	0.537106	0.175618	-1.45123	-0.241947
0.29	0.311105	-0.173739	0.537111	0.175618	-1.45123	-0.241947
0.295	0.311136	-0.17374	0.537117	0.175618	-1.45123	-0.241947
0.3	0.311167	-0.17374	0.537122	0.175618	-1.45123	-0.241947
0.305	0.311198	-0.173741	0.537128	0.175618	-1.45123	-0.241947
0.31	0.31123	-0.173741	0.537134	0.175618	-1.45123	-0.241947
0.315	0.3112	-0.173727	0.537121	0.174005	-1.4501	-0.239725
0.32	0.311233	-0.173728	0.537127	0.174005	-1.4501	-0.239725
0.325	0.311266	-0.173728	0.537134	0.174005	-1.4501	-0.239725
0.33	0.3113	-0.173729	0.53714	0.174005	-1.4501	-0.239725
0.335	0.311334	-0.173729	0.537146	0.174005	-1.4501	-0.239725
0.34	0.311369	-0.17373	0.537153	0.174005	-1.4501	-0.239725
0.345	0.311404	-0.17373	0.537159	0.174005	-1.4501	-0.239725
0.35	0.311379	-0.173717	0.537147	0.172425	-1.44899	-0.237548
0.355	0.311416	-0.173717	0.537154	0.172425	-1.44899	-0.237548
0.36	0.311452	-0.173718	0.537161	0.172425	-1.44899	-0.237548
0.365	0.31149	-0.173719	0.537168	0.172425	-1.44899	-0.237548
0.37	0.311527	-0.173719	0.537175	0.172425	-1.44899	-0.237548
0.375	0.311566	-0.17372	0.537182	0.172425	-1.44899	-0.237548
0.38	0.311604	-0.17372	0.537189	0.172425	-1.44899	-0.237548
0.385	0.311577	-0.173706	0.537176	0.170708	-1.44779	-0.235182
0.39	0.311617	-0.173706	0.537184	0.170708	-1.44779	-0.235182
0.395	0.311657	-0.173707	0.537191	0.170708	-1.44779	-0.235182
0.4	0.311698	-0.173707	0.537198	0.170708	-1.44779	-0.235182
0.405	0.311739	-0.173708	0.537206	0.170708	-1.44779	-0.235182
0.41	0.311781	-0.173708	0.537214	0.170708	-1.44779	-0.235182
0.415	0.31176	-0.173695	0.537203	0.169088	-1.44665	-0.232951
0.42	0.311803	-0.173696	0.537211	0.169088	-1.44665	-0.232951
0.425	0.311846	-0.173696	0.537218	0.169089	-1.44665	-0.232951
0.43	0.311889	-0.173697	0.537226	0.169089	-1.44665	-0.232951
0.435	0.311933	-0.173697	0.537235	0.169089	-1.44665	-0.232951
0.44	0.311978	-0.173698	0.537243	0.169089	-1.44665	-0.232951
0.445	0.311956	-0.173684	0.537231	0.16738	-1.44546	-0.230597
0.45	0.312002	-0.173685	0.53724	0.16738	-1.44546	-0.230597
0.455	0.312047	-0.173685	0.537248	0.16738	-1.44546	-0.230597
0.46	0.312094	-0.173686	0.537257	0.16738	-1.44546	-0.230597
0.465	0.312141	-0.173686	0.537265	0.16738	-1.44546	-0.230597
0.47	0.312188	-0.173687	0.537274	0.16738	-1.44546	-0.230597
0.475	0.312165	-0.173672	0.537262	0.165564	-1.44418	-0.228096
0.48	0.312213	-0.173673	0.537271	0.165564	-1.44418	-0.228096
0.485	0.312262	-0.173673	0.537279	0.165564	-1.44418	-0.228096
0.49	0.312311	-0.173674	0.537288	0.165564	-1.44418	-0.228096
0.495	0.31236	-0.173674	0.537297	0.165564	-1.44418	-0.228096
0.5	0.312347	-0.173662	0.537288	0.163939	-1.44304	-0.225857
0.505	0.312397	-0.173662	0.537297	0.163939	-1.44304	-0.225857
0.51	0.312448	-0.173663	0.537307	0.163939	-1.44304	-0.225857
0.515	0.312499	-0.173663	0.537316	0.163939	-1.44304	-0.225857
0.52	0.312551	-0.173664	0.537325	0.163939	-1.44304	-0.225857
0.525	0.312538	-0.173651	0.537316	0.162268	-1.44187	-0.223555
0.53	0.312591	-0.173651	0.537325	0.162268	-1.44187	-0.223555
0.535	0.312643	-0.173652	0.537335	0.162268	-1.44187	-0.223555
0.54	0.312697	-0.173652	0.537345	0.162268	-1.44187	-0.223555
0.545	0.312751	-0.173653	0.537355	0.162268	-1.44187	-0.223555
0.55	0.312737	-0.17364	0.537345	0.16053	-1.44065	-0.22116
0.555	0.312792	-0.17364	0.537355	0.16053	-1.44065	-0.22116
0.56	0.312847	-0.17364	0.537365	0.16053	-1.44065	-0.22116
0.565	0.312902	-0.173641	0.537375	0.16053	-1.44065	-0.22116
0.57	0.312958	-0.173641	0.537385	0.16053	-1.44065	-0.22116
0.575	0.312944	-0.173628	0.537375	0.158723	-1.43939	-0.21867
0.58	0.313001	-0.173628	0.537385	0.158723	-1.43939	-0.21867
0.585	0.313058	-0.173629	0.537396	0.158723	-1.43939	-0.21867
0.59	0.313116	-0.173629	0.537406	0.158723	-1.43939	-0.21867
0.595	0.313174	-0.173629	0.537417	0.158723	-1.43939	-0.21867
0.6	0.313159	-0.173616	0.537406	0.156849	-1.43807	-0.216089
0.605	0.313218	-0.173616	0.537417	0.156849	-1.43807	-0.216089
0.61	0.313277	-0.173616	0.537428	0.156849	-1.43807	-0.216089
0.615	0.313336	-0.173617	0.537439	0.156849	-1.43807	-0.216089
0.62	0.313335	-0.173605	0.537432	0.155264	-1.43696	-0.213905
0.625	0.313395	-0.173606	0.537443	0.155264	-1.43696	-0.213905
0.63	0.313456	-0.173606	0.537454	0.155264	-1.43696	-0.213905
0.635	0.313517	-0.173606	0.537465	0.155264	-1.43696	-0.213905
0.64	0.313516	-0.173595	0.537458	0.153672	-1.43585	-0.211712
0.645	0.313578	-0.173595	0.537469	0.153672	-1.43585	-0.211712
0.65	0.31364	-0.173595	0.537481	0.153672	-1.43585	-0.211712
0.655	0.313703	-0.173596	0.537492	0.153672	-1.43585	-0.211712
0.66	0.313702	-0.173585	0.537485	0.152044	-1.4347	-0.209469
0.665	0.313766	-0.173585	0.537497	0.152044	-1.4347	-0.209469
0.67	0.313829	-0.173585	0.537508	0.152044	-1.4347	-0.209469
0.675	0.313893	-0.173585	0.53752	0.152044	-1.4347	-0.209469
0.68	0.313893	-0.173574	0.537513	0.150377	-1.43353	-0.207173
0.685	0.313958	-0.173574	0.537525	0.150377	-1.43353	-0.207173
0.69	0.314023	-0.173574	0.537536	0.150377	-1.43353	-0.207173
0.695	0.314088	-0.173574	0.537548	0.150377	-1.43353	-0.207173
0.7	0.314088	-0.173563	0.537541	0.148673	-1.43234	-0.204825
0.705	0.314154	-0.173563	0.537553	0.148673	-1.43234	-0.204825
0.71	0.314221	-0.173562	0.537565	0.148673	-1.43234	-0.204825
0.715	0.314288	-0.173562	0.537577	0.148673	-1.43234	-0.204825
0.72	0.314287	-0.173551	0.53757	0.146932	-1.43112	-0.202427
0.725	0.314354	-0.173551	0.537582	0.146932	-1.43112	-0.202427
0.73	0.314422	-0.173551	0.537595	0.146932	-1.43112	-0.202427
0.735	0.314491	-0.173551	0.537607	0.146932	-1.43112	-0.202427
0.74	0.31449	-0.17354	0.5376	0.145156	-1.42987	-0.199979
0.745	0.314559	-0.17354	0.537612	0.145156	-1.42987	-0.199979
0.75	0.314628	-0.173539	0.537625	0.145156	-1.42987	-0.199979
0.755	0.314698	-0.173539	0.537637	0.145156	-1.42987	-0.199979
0.76	0.314697	-0.173528	0.53763	0.143345	-1.4286	-0.197485
0.765	0.314767	-0.173528	0.537642	0.143345	-1.4286	-0.197485
0.77	0.314837	-0.173527	0.537655	0.143345	-1.4286	-0.197485
0.775	0.314908	-0.173527	0.537668	0.143345	-1.4286	-0.197485
0.78	0.314907	-0.173516	0.53766	0.141501	-1.42731	-0.194944
0.785	0.314979	-0.173516	0.537673	0.141501	-1.42731	-0.194944
0.79	0.315051	-0.173515	0.537686	0.141501	-1.42731	-0.194944
0.795	0.315123	-0.173515	0.537699	0.141501	-1.42731	-0.194944
0.8	0.315122	-0.173504	0.537692	0.139625	-1.426	-0.19236
0.805	0.315194	-0.173503	0.537705	0.139625	-1.426	-0.19236
0.81	0.315267	-0.173503	0.537718	0.139625	-1.426	-0.19236
0.815	0.315341	-0.173502	0.537731	0.139625	-1.426	-0.19236
0.82	0.315339	-0.173491	0.537723	0.137718	-1.42466	-0.189732
0.825	0.315413	-0.173491	0.537737	0.137718	-1.42466	-0.189732
0.83	0.315488	-0.17349	0.53775	0.137718	-1.42466	-0.189732
0.835	0.315562	-0.17349	0.537763	0.137718	-1.42466	-0.189732
0.84	0.315561	-0.173479	0.537756	0.135781	-1.4233	-0.187064
0.845	0.315636	-0.173478	0.537769	0.135781	-1.4233	-0.187064
0.85	0.315711	-0.173477	0.537782	0.135781	-1.4233	-0.187064
0.855	0.315787	-0.173477	0.537796	0.135781	-1.4233	-0.187064
0.86	0.315785	-0.173466	0.537788	0.133816	-1.42192	-0.184357
0.865	0.315861	-0.173465	0.537802	0.133816	-1.42192	-0.184357
0.87	0.315938	-0.173464	0.537815	0.133816	-1.42192	-0.184357
0.875	0.316014	-0.173464	0.537829	0.133816	-1.42192	-0.184357
0.88	0.316013	-0.173453	0.537821	0.131824	-1.42053	-0.181612
0.885	0.31609	-0.173452	0.537835	0.131824	-1.42053	-0.181612
0.89	0.316167	-0.173451	0.537849	0.131824	-1.42053	-0.181612
0.895	0.316183	-0.173443	0.537846	0.130261	-1.41943	-0.179459
0.9	0.316261	-0.173442	0.53786	0.130261	-1.41943	-0.179459
0.905	0.316339	-0.173441	0.537873	0.130261	-1.41943	-0.179459
0.91	0.316418	-0.17344	0.537887	0.130261	-1.41943	-0.179459
0.915	0.316418	-0.17343	0.53788	0.12827	-1.41803	-0.176715
0.92	0.316496	-0.173429	0.537894	0.12827	-1.41803	-0.176715
0.925	0.316575	-0.173428	0.537908	0.12827	-1.41803	-0.176715
0.93	0.316592	-0.17342	0.537905	0.126678	-1.41692	-0.174523
0.935	0.316671	-0.173419	0.537919	0.126678	-1.41692	-0.174523
0.94	0.316751	-0.173417	0.537933	0.126678	-1.41692	-0.174523
0.945	0.316769	-0.17341	0.537931	0.125116	-1.41582	-0.172371
0.95	0.316849	-0.173408	0.537945	0.125116	-1.41582	-0.172371
0.955	0.31693	-0.173407	0.537959	0.125116	-1.41582	-0.172371
0.96	0.316948	-0.173399	0.537957	0.123547	-1.41472	-0.170209
0.965	0.317029	-0.173398	0.537971	0.123547	-1.41472	-0.170209
0.97	0.31711	-0.173397	0.537986	0.123547	-1.41472	-0.170209
0.975	0.317129	-0.173389	0.537983	0.121966	-1.41361	-0.168031
0.98	0.31721	-0.173388	0.537998	0.121966	-1.41361	-0.168031
0.985	0.317292	-0.173386	0.538012	0.121966	-1.41361	-0.168031
0.99	0.31731	-0.173379	0.53801	0.120373	-1.4125	-0.165837
0.995	0.317392	-0.173377	0.538024	0.120373	-1.4125	-0.165837
1.0	0.317474	-0.173376	0.538039	0.120373	-1.4125	-0.165837
1.005	0.317493	-0.173368	0.538036	0.118771	-1.41137	-0.163629
1.01	0.317576	-0.173367	0.538051	0.118771	-1.41137	-0.163629
1.015	0.317658	-0.173365	0.538065	0.118771	-1.41137	-0.163629
1.02	0.317677	-0.173358	0.538063	0.117158	-1.41024	-0.161407
1.025	0.31776	-0.173356	0.538078	0.117158	-1.41024	-0.161407
1.03	0.317843	-0.173354	0.538092	0.117158	-1.41024	-0.161407
1.035	0.317862	-0.173347	0.53809	0.115535	-1.40911	-0.159172
1.04	0.317946	-0.173346	0.538105	0.115535	-1.40911	-0.159172
1.045	0.318029	-0.173344	0.538119	0.115535	-1.40911	-0.159172
1.05	0.318048	-0.173337	0.538117	0.113904	-1.40796	-0.156924
1.055	0.318132	-0.173335	0.538132	0.113904	-1.40796	-0.156924
1.06	0.318216	-0.173333	0.538146	0.113904	-1.40796	-0.156924
1.065	0.318235	-0.173326	0.538144	0.112264	-1.40681	-0.154665
1.07	0.318319	-0.173324	0.538159	0.112264	-1.40681	-0.154665
1.075	0.318404	-0.173322	0.538174	0.112264	-1.40681	-0.154665
1.08	0.318423	-0.173316	0.538172	0.110617	-1.40566	-0.152396
1.085	0.318508	-0.173313	0.538186	0.110617	-1.40566	-0.152396
1.09	0.318592	-0.173311	0.538201	0.110617	-1.40566	-0.152396
1.095	0.318612	-0.173305	0.538199	0.108963	-1.4045	-0.150116
1.1	0.318697	-0.173302	0.538214	0.108963	-1.4045	-0.150116
1.105	0.318782	-0.1733	0.538229	0.108963	-1.4045	-0.150116
1.11	0.318801	-0.173294	0.538227	0.107301	-1.40333	-0.147828
1.115	0.318886	-0.173292	0.538241	0.107301	-1.40333	-0.147828
1.12	0.318972	-0.173289	0.538256	0.107301	-1.40333	-0.147828
1.125	0.318991	-0.173283	0.538254	0.105634	-1.40216	-0.145531
1.13	0.319077	-0.173281	0.538269	0.105634	-1.40216	-0.145531
1.135	0.319162	-0.173278	0.538284	0.105634	-1.40216	-0.145531
1.14	0.319182	-0.173272	0.538282	0.103962	-1.40099	-0.143227
1.145	0.319268	-0.17327	0.538297	0.103962	-1.40099	-0.143227
1.15	0.319354	-0.173267	0.538312	0.103962	-1.40099	-0.143227
1.155	0.319373	-0.173261	0.53831	0.102284	-1.39981	-0.140916
1.16	0.319459	-0.173259	0.538325	0.102284	-1.39981	-0.140916
1.165	0.319545	-0.173256	0.538339	0.102284	-1.39981	-0.140916
1.17	0.319565	-0.17325	0.538338	0.100603	-1.39864	-0.138599
1.175	0.319651	-0.173248	0.538352	0.100603	-1.39864	-0.138599
1.18	0.319737	-0.173245	0.538367	0.100603	-1.39864	-0.138599
1.185	0.319757	-0.17324	0.538366	0.0989176	-1.39745	-0.136278
1.19	0.319843	-0.173237	0.53838	0.0989176	-1.39745	-0.136278
1.195	0.31993	-0.173234	0.538395	0.0989176	-1.39745	-0.136278
1.2	0.319949	-0.173229	0.538393	0.0972293	-1.39627	-0.133952
1.205	0.320036	-0.173225	0.538408	0.0972293	-1.39627	-0.133952
1.21	0.320122	-0.173222	0.538423	0.0972293	-1.39627	-0.133952
1.215	0.320142	-0.173218	0.538422	0.0955386	-1.39508	-0.131622
1.22	0.320229	-0.173214	0.538436	0.0955386	-1.39508	-0.131622
1.225	0.320315	-0.173211	0.538451	0.0955386	-1.39508	-0.131622
1.23	0.320335	-0.173207	0.53845	0.093846	-1.3939	-0.12929
1.235	0.320422	-0.173203	0.538464	0.093846	-1.3939	-0.12929
1.24	0.320508	-0.1732	0.538479	0.093846	-1.3939	-0.12929
1.245	0.320528	-0.173196	0.538478	0.0921521	-1.39271	-0.126957
1.25	0.320615	-0.173192	0.538492	0.0921521	-1.39271	-0.126957
1.255	0.320702	-0.173189	0.538507	0.0921521	-1.39271	-0.126957
1.26	0.320721	-0.173185	0.538506	0.0904576	-1.39152	-0.124622
1.265	0.320808	-0.173181	0.538521	0.0904576	-1.39152	-0.124622
1.27	0.320895	-0.173178	0.538535	0.0904576	-1.39152	-0.124622
1.275	0.320914	-0.173174	0.538534	0.088763	-1.39033	-0.122288
1.28	0.321001	-0.17317	0.538549	0.088763	-1.39033	-0.122288
1.285	0.321088	-0.173166	0.538563	0.088763	-1.39033	-0.122288
1.29	0.321107	-0.173163	0.538562	0.0870689	-1.38915	-0.119954
1.295	0.321194	-0.173159	0.538577	0.0870689	-1.38915	-0.119954
1.3	0.321281	-0.173155	0.538591	0.0870689	-1.38915	-0.119954
1.305	0.3213	-0.173152	0.53859	0.085376	-1.38796	-0.117621
1.31	0.321387	-0.173148	0.538605	0.085376	-1.38796	-0.117621
1.315	0.321473	-0.173144	0.538619	0.085376	-1.38796	-0.117621
1.32	0.321493	-0.173141	0.538618	0.0836848	-1.38677	-0.115291
1.325	0.321579	-0.173137	0.538633	0.0836848	-1.38677	-0.115291
1.33	0.321666	-0.173133	0.538647	0.0836848	-1.38677	-0.115291
1.335	0.321685	-0.17313	0.538646	0.0819959	-1.38559	-0.112965
1.34	0.321772	-0.173126	0.538661	0.0819959	-1.38559	-0.112965
1.345	0.321858	-0.173122	0.538675	0.0819959	-1.38559	-0.112965
1.35	0.321877	-0.173119	0.538674	0.0803099	-1.38441	-0.110642
1.355	0.321963	-0.173115	0.538688	0.0803099	-1.38441	-0.110642
1.36	0.32205	-0.17311	0.538703	0.0803099	-1.38441	-0.110642
1.365	0.322069	-0.173108	0.538702	0.0786274	-1.38323	-0.108324
1.37	0.322155	-0.173104	0.538716	0.0786274	-1.38323	-0.108324
1.375	0.322241	-0.173099	0.538731	0.0786274	-1.38323	-0.108324
1.38	0.32226	-0.173097	0.538729	0.076949	-1.38205	-0.106012
1.385	0.322346	-0.173093	0.538744	0.076949	-1.38205	-0.106012
1.39	0.322432	-0.173088	0.538758	0.076949	-1.38205	-0.106012
1.395	0.322451	-0.173086	0.538757	0.0752753	-1.38088	-0.103706
1.4	0.322536	-0.173082	0.538772	0.0752753	-1.38088	-0.103706
1.405	0.322622	-0.173077	0.538786	0.0752753	-1.38088	-0.103706
1.41	0.322641	-0.173075	0.538785	0.0736069	-1.37971	-0.101407
1.415	0.322726	-0.173071	0.538799	0.0736069	-1.37971	-0.101407
1.42	0.322811	-0.173066	0.538813	0.0736069	-1.37971	-0.101407
1.425	0.32283	-0.173064	0.538812	0.0719444	-1.37854	-0.0991169
1.43	0.322915	-0.17306	0.538827	0.0719444	-1.37854	-0.0991169
1.435	0.323	-0.173055	0.538841	0.0719444	-1.37854	-0.0991169
1.44	0.323019	-0.173054	0.53884	0.0702883	-1.37738	-0.0968353
1.445	0.323103	-0.173049	0.538854	0.0702883	-1.37738	-0.0968353
1.45	0.323188	-0.173044	0.538868	0.0702883	-1.37738	-0.0968353
1.455	0.323206	-0.173043	0.538867	0.0686393	-1.37622	-0.0945635
1.46	0.323291	-0.173038	0.538881	0.0686393	-1.37622	-0.0945635
1.465	0.323375	-0.173034	0.538895	0.0686393	-1.37622	-0.0945635
1.47	0.323393	-0.173032	0.538894	0.0669979	-1.37507	-0.0923021
1.475	0.323477	-0.173028	0.538908	0.0669979	-1.37507	-0.0923021
1.48	0.323561	-0.173023	0.538922	0.0669979	-1.37507	-0.0923021
1.485	0.323579	-0.173022	0.538921	0.0653647	-1.37393	-0.0900521
1.49	0.323663	-0.173017	0.538935	0.0653647	-1.37393	-0.0900521
1.495	0.323746	-0.173012	0.538949	0.0653647	-1.37393	-0.0900521
1.5	0.323764	-0.173011	0.538948	0.0637403	-1.37279	-0.0878141
1.505	0.323847	-0.173006	0.538962	0.0637403	-1.37279	-0.0878141
1.51	0.32393	-0.173001	0.538976	0.0637403	-1.37279	-0.0878141
1.515	0.323948	-0.173001	0.538975	0.0621252	-1.37166	-0.085589
1.52	0.32403	-0.172996	0.538989	0.0621252	-1.37166	-0.085589
1.525	0.324113	-0.172991	0.539002	0.0621252	-1.37166	-0.085589
1.53	0.324131	-0.17299	0.539001	0.06052	-1.37053	-0.0833776
1.535	0.324213	-0.172985	0.539015	0.06052	-1.37053	-0.0833776
1.54	0.324294	-0.17298	0.539029	0.06052	-1.37053	-0.0833776
1.545	0.324312	-0.17298	0.539028	0.0589253	-1.36941	-0.0811806
1.55	0.324394	-0.172975	0.539041	0.0589253	-1.36941	-0.0811806
1.555	0.324475	-0.17297	0.539055	0.0589253	-1.36941	-0.0811806
1.56	0.324493	-0.17297	0.539054	0.0573417	-1.3683	-0.0789989
1.565	0.324573	-0.172965	0.539067	0.0573417	-1.3683	-0.0789989
1.57	0.324654	-0.172959	0.539081	0.0573417	-1.3683	-0.0789989
1.575	0.324671	-0.172959	0.53908	0.0557697	-1.3672	-0.0768331
1.58	0.324752	-0.172954	0.539093	0.0557697	-1.3672	-0.0768331
1.585	0.324832	-0.172949	0.539106	0.0557697	-1.3672	-0.0768331
1.59	0.324849	-0.172949	0.539106	0.0542098	-1.36611	-0.0746841
1.595	0.324929	-0.172944	0.539119	0.0542098	-1.36611	-0.0746841
1.6	0.325008	-0.172939	0.539132	0.0542098	-1.36611	-0.0746841
1.605	0.325025	-0.172939	0.539131	0.0526626	-1.36502	-0.0725526
1.61	0.325104	-0.172934	0.539144	0.0526626	-1.36502	-0.0725526
1.615	0.325182	-0.172929	0.539157	0.0526626	-1.36502	-0.0725526
1.62	0.3252	-0.172929	0.539157	0.0511287	-1.36395	-0.0704394
1.625	0.325278	-0.172924	0.53917	0.0511287	-1.36395	-0.0704394
1.63	0.325356	-0.172919	0.539182	0.0511287	-1.36395	-0.0704394
1.635	0.325433	-0.172914	0.539195	0.0511287	-1.36395	-0.0704394
1.64	0.325432	-0.172916	0.539191	0.0491571	-1.36256	-0.067723
1.645	0.325509	-0.172911	0.539203	0.0491571	-1.36256	-0.067723
1.65	0.325586	-0.172905	0.539216	0.0491571	-1.36256	-0.067723
1.655	0.325601	-0.172906	0.539215	0.0476095	-1.36148	-0.0655909
1.66	0.325677	-0.172901	0.539228	0.0476095	-1.36148	-0.0655909
1.665	0.325753	-0.172896	0.53924	0.0476095	-1.36148	-0.0655909
1.67	0.325829	-0.17289	0.539252	0.0476095	-1.36148	-0.0655909
1.675	0.325828	-0.172893	0.539248	0.0456779	-1.36012	-0.0629297
1.68	0.325903	-0.172888	0.539261	0.0456779	-1.36012	-0.0629297
1.685	0.325978	-0.172883	0.539273	0.0456779	-1.36012	-0.0629297
1.69	0.326053	-0.172877	0.539285	0.0456779	-1.36012	-0.0629297
1.695	0.32605	-0.172881	0.539281	0.0437322	-1.35876	-0.0602491
1.7	0.326124	-0.172875	0.539293	0.0437322	-1.35876	-0.0602491
1.705	0.326198	-0.17287	0.539305	0.0437322	-1.35876	-0.0602491
1.71	0.326271	-0.172865	0.539317	0.0437322	-1.35876	-0.0602491
1.715	0.326268	-0.172868	0.539312	0.0418113	-1.35741	-0.0576027
1.72	0.326341	-0.172863	0.539324	0.0418113	-1.35741	-0.0576027
1.725	0.326414	-0.172858	0.539336	0.0418113	-1.35741	-0.0576027
1.73	0.326486	-0.172852	0.539348	0.0418113	-1.35741	-0.0576027
1.735	0.326483	-0.172856	0.539344	0.0399204	-1.35609	-0.0549976
1.74	0.326555	-0.172851	0.539355	0.0399204	-1.35609	-0.0549976
1.745	0.326626	-0.172845	0.539367	0.0399204	-1.35609	-0.0549976
1.75	0.326698	-0.17284	0.539378	0.0399204	-1.35609	-0.0549976
1.755	0.326694	-0.172844	0.539374	0.0380609	-1.35478	-0.0524358
1.76	0.326765	-0.172839	0.539386	0.0380609	-1.35478	-0.0524358
1.765	0.326835	-0.172833	0.539397	0.0380609	-1.35478	-0.0524358
1.77	0.326905	-0.172828	0.539408	0.0380609	-1.35478	-0.0524358
1.775	0.326902	-0.172832	0.539404	0.0362341	-1.3535	-0.0499191
1.78	0.326971	-0.172827	0.539416	0.0362341	-1.3535	-0.0499191
1.785	0.32704	-0.172821	0.539427	0.0362341	-1.3535	-0.0499191
1.79	0.327109	-0.172816	0.539438	0.0362341	-1.3535	-0.0499191
1.795	0.327106	-0.172821	0.539434	0.0344412	-1.35225	-0.0474491
1.8	0.327174	-0.172815	0.539445	0.0344412	-1.35225	-0.0474491
1.805	0.327241	-0.17281	0.539456	0.0344412	-1.35225	-0.0474491
1.81	0.327308	-0.172805	0.539467	0.0344412	-1.35225	-0.0474491
1.815	0.327305	-0.172809	0.539463	0.0326833	-1.35101	-0.0450272
1.82	0.327372	-0.172804	0.539474	0.0326833	-1.35101	-0.0450272
1.825	0.327438	-0.172799	0.539484	0.0326833	-1.35101	-0.0450272
1.83	0.327504	-0.172793	0.539495	0.0326833	-1.35101	-0.0450272
1.835	0.327501	-0.172798	0.539492	0.0309615	-1.34981	-0.0426551
1.84	0.327566	-0.172793	0.539502	0.0309615	-1.34981	-0.0426551
1.845	0.327631	-0.172788	0.539512	0.0309615	-1.34981	-0.0426551
1.85	0.327695	-0.172782	0.539523	0.0309615	-1.34981	-0.0426551
1.855	0.327692	-0.172787	0.539519	0.0292768	-1.34863	-0.0403341
1.86	0.327756	-0.172782	0.53953	0.0292768	-1.34863	-0.0403341
1.865	0.327819	-0.172777	0.53954	0.0292768	-1.34863	-0.0403341
1.87	0.327882	-0.172771	0.53955	0.0292768	-1.34863	-0.0403341
1.875	0.327879	-0.172777	0.539547	0.0276303	-1.34747	-0.0380658
1.88	0.327941	-0.172771	0.539556	0.0276303	-1.34747	-0.0380658
1.885	0.328003	-0.172766	0.539566	0.0276303	-1.34747	-0.0380658
1.89	0.328065	-0.172761	0.539576	0.0276303	-1.34747	-0.0380658
1.895	0.328062	-0.172766	0.539573	0.0260231	-1.34634	-0.0358516
1.9	0.328122	-0.172761	0.539583	0.0260231	-1.34634	-0.0358516
1.905	0.328183	-0.172756	0.539592	0.0260231	-1.34634	-0.0358516
1.91	0.328242	-0.172751	0.539602	0.0260231	-1.34634	-0.0358516
1.915	0.32824	-0.172756	0.539599	0.0244562	-1.34525	-0.0336928
1.92	0.328299	-0.172751	0.539608	0.0244562	-1.34525	-0.0336928
1.925	0.328357	-0.172746	0.539618	0.0244562	-1.34525	-0.0336928
1.93	0.328415	-0.172741	0.539627	0.0244562	-1.34525	-0.0336928
1.935	0.328413	-0.172746	0.539624	0.0229304	-1.34418	-0.0315909
1.94	0.32847	-0.172741	0.539633	0.0229304	-1.34418	-0.0315909
1.945	0.328527	-0.172736	0.539642	0.0229304	-1.34418	-0.0315909
1.95	0.328584	-0.172731	0.539651	0.0229304	-1.34418	-0.0315909
1.955	0.32864	-0.172726	0.53966	0.0229304	-1.34418	-0.0315909
1.96	0.328624	-0.172734	0.539655	0.0211211	-1.34291	-0.0290981
1.965	0.328679	-0.172729	0.539664	0.0211211	-1.34291	-0.0290981
1.97	0.328734	-0.172724	0.539672	0.0211211	-1.34291	-0.0290981
1.975	0.328789	-0.172719	0.539681	0.0211211	-1.34291	-0.0290981
1.98	0.328843	-0.172715	0.53969	0.0211211	-1.34291	-0.0290981
1.985	0.328826	-0.172723	0.539684	0.0193437	-1.34166	-0.0266494
1.99	0.328879	-0.172718	0.539693	0.0193437	-1.34166	-0.0266494
1.995	0.328932	-0.172713	0.539701	0.0193437	-1.34166	-0.0266494
2.0	0.328984	-0.172708	0.539709	0.0193437	-1.34166	-0.0266494
2.005	0.329036	-0.172704	0.539717	0.0193437	-1.34166	-0.0266494
2.01	0.32902	-0.172712	0.539712	0.017632	-1.34046	-0.0242913
2.015	0.329071	-0.172707	0.53972	0.017632	-1.34046	-0.0242913
2.02	0.329121	-0.172702	0.539728	0.017632	-1.34046	-0.0242913
2.025	0.329172	-0.172698	0.539736	0.017632	-1.34046	-0.0242913
2.03	0.329221	-0.172693	0.539744	0.017632	-1.34046	-0.0242913
2.035	0.329206	-0.172701	0.539739	0.0159911	-1.33931	-0.0220306
2.04	0.329254	-0.172697	0.539747	0.0159911	-1.33931	-0.0220306
2.045	0.329303	-0.172692	0.539755	0.0159911	-1.33931	-0.0220306
2.05	0.329351	-0.172688	0.539762	0.0159911	-1.33931	-0.0220306
2.055	0.329398	-0.172683	0.53977	0.0159911	-1.33931	-0.0220306
2.06	0.329383	-0.172691	0.539765	0.0144229	-1.33821	-0.0198701
2.065	0.32943	-0.172687	0.539772	0.0144229	-1.33821	-0.0198701
2.07	0.329476	-0.172682	0.53978	0.0144229	-1.33821	-0.0198701
2.075	0.329521	-0.172678	0.539787	0.0144229	-1.33821	-0.0198701
2.08	0.329566	-0.172674	0.539794	0.0144229	-1.33821	-0.0198701
2.085	0.329611	-0.17267	0.539801	0.0144229	-1.33821	-0.0198701
2.09	0.329586	-0.172679	0.539795	0.0126703	-1.33698	-0.0174556
2.095	0.32963	-0.172675	0.539802	0.0126703	-1.33698	-0.0174556
2.1	0.329673	-0.172671	0.539808	0.0126703	-1.33698	-0.0174556
2.105	0.329716	-0.172667	0.539815	0.0126703	-1.33698	-0.0174556
2.11	0.329758	-0.172663	0.539822	0.0126703	-1.33698	-0.0174556
2.115	0.3298	-0.172659	0.539828	0.0126703	-1.33698	-0.0174556
2.12	0.329775	-0.172668	0.539822	0.0109973	-1.33581	-0.0151507
2.125	0.329816	-0.172665	0.539829	0.0109973	-1.33581	-0.0151507
2.13	0.329857	-0.172661	0.539835	0.0109973	-1.33581	-0.0151507
2.135	0.329897	-0.172657	0.539841	0.0109973	-1.33581	-0.0151507
2.14	0.329936	-0.172653	0.539847	0.0109973	-1.33581	-0.0151507
2.145	0.329975	-0.172649	0.539854	0.0109973	-1.33581	-0.0151507
2.15	0.329952	-0.172659	0.539848	0.00943304	-1.33471	-0.0129956
2.155	0.32999	-0.172655	0.539854	0.00943304	-1.33471	-0.0129956
2.16	0.330027	-0.172651	0.53986	0.00943304	-1.33471	-0.0129956
2.165	0.330064	-0.172648	0.539865	0.00943304	-1.33471	-0.0129956
2.17	0.330101	-0.172644	0.539871	0.00943304	-1.33471	-0.0129956
2.175	0.330137	-0.172641	0.539877	0.00943304	-1.33471	-0.0129956
2.18	0.330172	-0.172637	0.539882	0.00943304	-1.33471	-0.0129956
2.185	0.330142	-0.172648	0.539876	0.00777741	-1.33355	-0.0107147
2.19	0.330176	-0.172644	0.539881	0.00777741	-1.33355	-0.0107147
2.195	0.33021	-0.172641	0.539886	0.00777741	-1.33355	-0.0107147
2.2	0.330244	-0.172638	0.539891	0.00777741	-1.33355	-0.0107147
2.205	0.330277	-0.172634	0.539897	0.00777741	-1.33355	-0.0107147
2.21	0.33031	-0.172631	0.539902	0.00777741	-1.33355	-0.0107147
2.215	0.330342	-0.172628	0.539907	0.00777741	-1.33355	-0.0107147
2.22	0.330313	-0.172638	0.5399	0.00625483	-1.33248	-0.00861705
2.225	0.330344	-0.172635	0.539905	0.00625483	-1.33248	-0.00861705
2.23	0.330375	-0.172632	0.53991	0.00625483	-1.33248	-0.00861705
2.235	0.330405	-0.172629	0.539915	0.00625483	-1.33248	-0.00861705
2.24	0.330434	-0.172626	0.539919	0.00625483	-1.33248	-0.00861705
2.245	0.330463	-0.172623	0.539924	0.00625483	-1.33248	-0.00861705
2.25	0.330492	-0.17262	0.539928	0.00625483	-1.33248	-0.00861705
2.255	0.33052	-0.172617	0.539933	0.00625483	-1.33248	-0.00861705
2.26	0.330487	-0.172628	0.539926	0.00473024	-1.33141	-0.00651664
2.265	0.330514	-0.172625	0.53993	0.00473024	-1.33141	-0.00651664
2.27	0.33054	-0.172623	0.539934	0.00473024	-1.33141	-0.00651664
2.275	0.330566	-0.17262	0.539938	0.00473024	-1.33141	-0.00651664
2.28	0.330592	-0.172618	0.539942	0.00473024	-1.33141	-0.00651664
2.285	0.330616	-0.172615	0.539946	0.00473024	-1.33141	-0.00651664
2.29	0.330641	-0.172613	0.53995	0.00473024	-1.33141	-0.00651664
2.295	0.330665	-0.17261	0.539953	0.00473024	-1.33141	-0.00651664
2.3	0.330688	-0.172608	0.539957	0.00473024	-1.33141	-0.00651664
2.305	0.330711	-0.172606	0.53996	0.00473024	-1.33141	-0.00651664
2.31	0.33067	-0.172618	0.539952	0.00313474	-1.3303	-0.00431852
2.315	0.330692	-0.172615	0.539956	0.00313474	-1.3303	-0.00431852
2.32	0.330713	-0.172613	0.539959	0.00313474	-1.3303	-0.00431852
2.325	0.330734	-0.172611	0.539962	0.00313474	-1.3303	-0.00431852
2.33	0.330754	-0.172609	0.539965	0.00313474	-1.3303	-0.00431852
2.335	0.330773	-0.172607	0.539968	0.00313474	-1.3303	-0.00431852
2.34	0.330792	-0.172605	0.539971	0.00313474	-1.3303	-0.00431852
2.345	0.330811	-0.172603	0.539974	0.00313474	-1.3303	-0.00431852
2.35	0.330829	-0.172601	0.539977	0.00313474	-1.3303	-0.00431852
2.355	0.330847	-0.1726	0.53998	0.00313474	-1.3303	-0.00431852
2.36	0.330864	-0.172598	0.539982	0.00313474	-1.3303	-0.00431852
2.365	0.33088	-0.172596	0.539985	0.00313474	-1.3303	-0.00431852
2.37	0.330896	-0.172595	0.539987	0.00313474	-1.3303	-0.00431852
2.375	0.330849	-0.172607	0.539978	0.00155958	-1.32919	-0.00214844
2.38	0.330864	-0.172606	0.539981	0.00155958	-1.32919	-0.00214844
2.385	0.330878	-0.172604	0.539983	0.00155958	-1.32919	-0.00214844
2.39	0.330892	-0.172603	0.539985	0.00155958	-1.32919	-0.00214844
2.395	0.330905	-0.172602	0.539987	0.00155958	-1.32919	-0.00214844
2.4	0.330918	-0.1726	0.539989	0.00155958	-1.32919	-0.00214844
2.405	0.33093	-0.172599	0.539991	0.00155958	-1.32919	-0.00214844
2.41	0.330942	-0.172598	0.539993	0.00155958	-1.32919	-0.00214844
2.415	0.330953	-0.172597	0.539994	0.00155958	-1.32919	-0.00214844
2.42	0.330963	-0.172596	0.539996	0.00155958	-1.32919	-0.00214844
2.425	0.330973	-0.172595	0.539998	0.00155958	-1.32919	-0.00214844
2.43	0.330982	-0.172594	0.539999	0.00155958	-1.32919	-0.00214844
2.435	0.330992	-0.172593	0.54	0.00155958	-1.32919	-0.00214844
2.44	0.330999	-0.172592	0.540002	0.00155958	-1.32919	-0.00214844
2.445	0.331007	-0.172591	0.540003	0.00155958	-1.32919	-0.00214844
2.45	0.331015	-0.17259	0.540004	0.00155958	-1.32919	-0.00214844
2.455	0.331021	-0.17259	0.540005	0.00155958	-1.32919	-0.00214844
2.46	0.331028	-0.172589	0.540006	0.00155958	-1.32919	-0.00214844
2.465	0.331034	-0.172588	0.540007	0.00155958	-1.32919	-0.00214844
2.47	0.331039	-0.172588	0.540008	0.00155958	-1.32919	-0.00214844
2.475	0.331043	-0.172587	0.540008	0.00155958	-1.32919	-0.00214844
2.48	0.331048	-0.172587	0.540009	0.00155958	-1.32919	-0.00214844
2.485	0.331051	-0.172587	0.54001	0.00155958	-1.32919	-0.00214844
2.49	0.331054	-0.172586	0.54001	0.00155958	-1.32919	-0.00214844
2.495	0.331057	-0.172586	0.540011	0.00155958	-1.32919	-0.00214844
2.5	0.331059	-0.172586	0.540011	0.00155958	-1.32919	-0.00214844
2.505	0.33106	-0.172586	0.540011	0.00155958	-1.32919	-0.00214844
2.51	0.33106	-0.172586	0.540011	0.00155958	-1.32919	-0.00214844
2.515	0.331061	-0.172586	0.540011	0.00155958	-1.32919	-0.00214844
2.52	0.331061	-0.172586	0.540011	0.00155958	-1.32919	-0.00214844
2.525	0.331062	-0.172586	0.54001	0.00155958	-1.32919	-0.00214844
2.53	0.331063	-0.172586	0.540009	0.00155958	-1.32919	-0.00214844
2.535	0.331064	-0.172587	0.540008	0.00155958	-1.32919	-0.00214844
2.54	0.331066	-0.172587	0.540006	0.00155958	-1.32919	-0.00214844
2.545	0.331068	-0.172588	0.540003	0.00155958	-1.32919	-0.00214844
2.55	0.33107	-0.172589	0.54	0.00155958	-1.32919	-0.00214844
2.555	0.331073	-0.17259	0.539997	0.00155958	-1.32919	-0.00214844
2.56	0.331076	-0.172591	0.539993	0.00155958	-1.32919	-0.00214844
2.565	0.331079	-0.172592	0.539989	0.00155958	-1.32919	-0.00214844
2.57	0.331032	-0.172599	0.539975	0.000467566	-1.32829	-0.000217347
2.575	0.331036	-0.172601	0.53997	0.000467566	-1.32829	-0.000217347
2.58	0.33104	-0.172602	0.539964	0.000467567	-1.32829	-0.000217348
2.585	0.331045	-0.172604	0.539958	0.000467568	-1.32829	-0.000217348
2.59	0.33105	-0.172606	0.539952	0.000467568	-1.32829	-0.000217349
2.595	0.331056	-0.172608	0.539944	0.000467569	-1.32829	-0.00021735
2.6	0.331062	-0.17261	0.539937	0.00046757	-1.32829	-0.000217351
2.605	0.331069	-0.172612	0.539929	0.000467571	-1.32829	-0.000217352
2.61	0.331075	-0.172615	0.53992	0.000467572	-1.32829	-0.000217353
2.615	0.331082	-0.172617	0.539912	0.000467573	-1.32829	-0.000217354
2.62	0.33109	-0.17262	0.539902	0.000467575	-1.32829	-0.000217355
2.625	0.331097	-0.172622	0.539893	0.000467576	-1.32829	-0.000217357
2.63	0.331106	-0.172625	0.539882	0.000467577	-1.32829	-0.000217358
2.635	0.331114	-0.172628	0.539872	0.000467579	-1.32829	-0.00021736
2.64	0.331134	-0.172603	0.539864	0.0016407	-1.32856	-2.09218e-05
2.645	0.331144	-0.172606	0.539852	0.00164071	-1.32856	-2.09238e-05
2.65	0.331153	-0.17261	0.53984	0.00164071	-1.32856	-2.09259e-05
2.655	0.331163	-0.172613	0.539828	0.00164071	-1.32856	-2.09282e-05
2.66	0.331173	-0.172617	0.539815	0.00164071	-1.32856	-2.09306e-05
2.665	0.331184	-0.172621	0.539802	0.00164072	-1.32856	-2.09332e-05
2.67	0.331195	-0.172624	0.539788	0.00164072	-1.32856	-2.0936e-05
2.675	0.331206	-0.172628	0.539774	0.00164072	-1.32856	-2.09389e-05
2.68	0.331234	-0.172603	0.539764	0.00293506	-1.3289	-1.09759e-06
2.685	0.331246	-0.172607	0.539749	0.00293506	-1.3289	-1.10093e-06
2.69	0.331259	-0.172612	0.539733	0.00293507	-1.3289	-1.10446e-06
2.695	0.331271	-0.172616	0.539717	0.00293507	-1.3289	-1.1082e-06
2.7	0.331284	-0.172621	0.539701	0.00293508	-1.3289	-1.11215e-06
2.705	0.331298	-0.172626	0.539684	0.00293508	-1.3289	-1.11631e-06
2.71	0.331311	-0.17263	0.539667	0.00293508	-1.3289	-1.12068e-06
2.715	0.331344	-0.172604	0.539654	0.0043542	-1.32929	1.08275e-06
2.72	0.331358	-0.172609	0.539636	0.00435421	-1.32929	1.07791e-06
2.725	0.331373	-0.172614	0.539617	0.00435421	-1.32929	1.07285e-06
2.73	0.331388	-0.172619	0.539598	0.00435422	-1.32929	1.06754e-06
2.735	0.331404	-0.172625	0.539579	0.00435422	-1.32929	1.062e-06
2.74	0.331419	-0.17263	0.539559	0.00435423	-1.32929	1.05621e-06
2.745	0.331454	-0.172604	0.539543	0.00579164	-1.32969	1.33056e-06
2.75	0.331471	-0.172609	0.539523	0.00579165	-1.32969	1.32425e-06
2.755	0.331487	-0.172615	0.539502	0.00579165	-1.32969	1.31768e-06
2.76	0.331505	-0.172621	0.53948	0.00579166	-1.32969	1.31085e-06
2.765	0.331522	-0.172628	0.539458	0.00579167	-1.32969	1.30374e-06
2.77	0.331557	-0.172603	0.53944	0.00714687	-1.33006	1.21731e-06
2.775	0.331576	-0.17261	0.539417	0.00714688	-1.33006	1.20964e-06
2.78	0.331594	-0.172616	0.539394	0.00714688	-1.33006	1.20169e-06
2.785	0.331613	-0.172623	0.539371	0.00714689	-1.33006	1.19346e-06
2.79	0.331632	-0.17263	0.539347	0.0071469	-1.33006	1.18493e-06
2.795	0.331671	-0.172604	0.539327	0.00861131	-1.33046	1.39022e-06
2.8	0.33169	-0.172611	0.539302	0.00861132	-1.33046	1.38109e-06
2.805	0.33171	-0.172618	0.539277	0.00861132	-1.33046	1.37165e-06
2.81	0.331731	-0.172625	0.539251	0.00861133	-1.33046	1.36191e-06
2.815	0.331768	-0.172603	0.539229	0.0099047	-1.33081	1.12412e-06
2.82	0.33179	-0.172611	0.539203	0.00990471	-1.33081	1.11375e-06
2.825	0.331811	-0.172618	0.539176	0.00990472	-1.33081	1.10305e-06
2.83	0.331833	-0.172626	0.539149	0.00990473	-1.33081	1.09203e-06
2.835	0.331872	-0.172603	0.539125	0.0112535	-1.33118	1.18541e-06
2.84	0.331895	-0.172611	0.539097	0.0112535	-1.33118	1.17373e-06
2.845	0.331917	-0.172619	0.539069	0.0112535	-1.33118	1.16171e-06
2.85	0.33194	-0.172627	0.53904	0.0112535	-1.33118	1.14936e-06
2.855	0.331982	-0.172603	0.539015	0.0126795	-1.33157	1.32007e-06
2.86	0.332006	-0.172612	0.538986	0.0126795	-1.33157	1.30703e-06
2.865	0.33203	-0.17262	0.538956	0.0126795	-1.33157	1.29365e-06
2.87	0.332054	-0.172629	0.538925	0.0126795	-1.33157	1.27992e-06
2.875	0.332098	-0.172604	0.538899	0.0141836	-1.33198	1.47132e-06
2.88	0.332123	-0.172612	0.538868	0.0141836	-1.33198	1.45687e-06
2.885	0.332148	-0.172621	0.538837	0.0141836	-1.33198	1.44207e-06
2.89	0.332174	-0.17263	0.538805	0.0141836	-1.33198	1.4269e-06
2.895	0.33222	-0.172604	0.538777	0.0157645	-1.33242	1.62975e-06
2.9	0.332246	-0.172613	0.538745	0.0157645	-1.33242	1.61384e-06
2.905	0.332272	-0.172622	0.538712	0.0157646	-1.33242	1.59757e-06
2.91	0.332315	-0.172603	0.538682	0.0170406	-1.33277	1.11964e-06
2.915	0.332342	-0.172613	0.538649	0.0170406	-1.33277	1.10262e-06
2.92	0.33237	-0.172622	0.538614	0.0170406	-1.33277	1.08523e-06
2.925	0.332414	-0.172603	0.538584	0.018323	-1.33312	1.0791e-06
2.93	0.332442	-0.172613	0.538549	0.018323	-1.33312	1.06094e-06
2.935	0.33247	-0.172623	0.538514	0.0183231	-1.33312	1.04241e-06
2.94	0.332515	-0.172603	0.538483	0.0196428	-1.33348	1.13392e-06
2.945	0.332544	-0.172613	0.538447	0.0196428	-1.33348	1.11461e-06
2.95	0.332573	-0.172624	0.53841	0.0196429	-1.33348	1.09491e-06
2.955	0.33262	-0.172603	0.538378	0.0210024	-1.33385	1.20413e-06
2.96	0.332649	-0.172614	0.538341	0.0210024	-1.33385	1.18365e-06
2.965	0.332679	-0.172624	0.538303	0.0210025	-1.33385	1.16279e-06
2.97	0.332727	-0.172603	0.53827	0.0224014	-1.33423	1.2773e-06
2.975	0.332758	-0.172614	0.538232	0.0224014	-1.33423	1.25564e-06
2.98	0.332789	-0.172625	0.538194	0.0224014	-1.33423	1.23359e-06
2.985	0.332838	-0.172603	0.53816	0.023839	-1.33463	1.35161e-06
2.99	0.332869	-0.172614	0.538121	0.023839	-1.33463	1.32876e-06
2.995	0.332901	-0.172626	0.538081	0.0238391	-1.33463	1.30552e-06
3.0	0.332951	-0.172604	0.538046	0.0253145	-1.33503	1.42671e-06
3.005	0.332983	-0.172615	0.538006	0.0253145	-1.33503	1.40265e-06
3.01	0.333016	-0.172626	0.537966	0.0253145	-1.33503	1.37821e-06
3.015	0.333067	-0.172604	0.53793	0.0268269	-1.33545	1.5024e-06
3.02	0.3331	-0.172615	0.537889	0.0268269	-1.33545	1.47715e-06
3.025	0.333134	-0.172627	0.537848	0.026827	-1.33545	1.45151e-06
3.03	0.333186	-0.172604	0.537811	0.0283755	-1.33587	1.57855e-06
3.035	0.33322	-0.172616	0.537769	0.0283755	-1.33587	1.55209e-06
3.04	0.333254	-0.172627	0.537727	0.0283755	-1.33587	1.52524e-06
3.045	0.333308	-0.172604	0.537689	0.0299594	-1.3363	1.65499e-06
3.05	0.333343	-0.172616	0.537646	0.0299594	-1.3363	1.62733e-06
3.055	0.333377	-0.172628	0.537603	0.0299594	-1.3363	1.59927e-06
3.06	0.333432	-0.172604	0.537565	0.0315776	-1.33675	1.73158e-06
3.065	0.333468	-0.172616	0.537521	0.0315777	-1.33675	1.70271e-06
3.07	0.333503	-0.172629	0.537477	0.0315777	-1.33675	1.67345e-06
3.075	0.333559	-0.172604	0.537438	0.0332294	-1.3372	1.80814e-06
3.08	0.333595	-0.172617	0.537393	0.0332294	-1.3372	1.77807e-06
3.085	0.333631	-0.172629	0.537348	0.0332294	-1.3372	1.74762e-06
3.09	0.333689	-0.172604	0.537308	0.0349137	-1.33766	1.88454e-06
3.095	0.333725	-0.172617	0.537263	0.0349137	-1.33766	1.85328e-06
3.1	0.333762	-0.17263	0.537217	0.0349138	-1.33766	1.82164e-06
3.105	0.33382	-0.172604	0.537177	0.0366296	-1.33813	1.9606e-06
3.11	0.333858	-0.172617	0.53713	0.0366297	-1.33813	1.92816e-06
3.115	0.333895	-0.17263	0.537083	0.0366297	-1.33813	1.89534e-06
3.12	0.333955	-0.172604	0.537042	0.0383762	-1.33861	2.03617e-06
3.125	0.333993	-0.172617	0.536995	0.0383763	-1.33861	2.00256e-06
3.13	0.334046	-0.172603	0.536952	0.0396167	-1.33895	1.10892e-06
3.135	0.334084	-0.172616	0.536904	0.0396167	-1.33895	1.07453e-06
3.14	0.334123	-0.17263	0.536856	0.0396167	-1.33895	1.03979e-06
3.145	0.334183	-0.172604	0.536814	0.0413587	-1.33943	1.94702e-06
3.15	0.334222	-0.172618	0.536765	0.0413588	-1.33943	1.9115e-06
3.155	0.334277	-0.172603	0.536721	0.0426271	-1.33977	1.14472e-06
3.16	0.334317	-0.172617	0.536672	0.0426271	-1.33977	1.10844e-06
3.165	0.334371	-0.172603	0.536627	0.0438581	-1.34011	1.00818e-06
3.17	0.334411	-0.172617	0.536577	0.0438582	-1.34011	9.71162e-07
3.175	0.334466	-0.172603	0.536532	0.045096	-1.34045	1.00572e-06
3.18	0.334506	-0.172617	0.536482	0.045096	-1.34045	9.67976e-07
3.185	0.334562	-0.172603	0.536436	0.0463449	-1.34079	1.02313e-06
3.19	0.334603	-0.172617	0.536386	0.0463449	-1.34079	9.84661e-07
3.195	0.334659	-0.172603	0.536339	0.0476049	-1.34114	1.04296e-06
3.2	0.3347	-0.172617	0.536288	0.0476049	-1.34114	1.00378e-06
3.205	0.334756	-0.172603	0.536242	0.0488758	-1.34148	1.06284e-06
3.21	0.334798	-0.172617	0.53619	0.0488759	-1.34148	1.02297e-06
3.215	0.334854	-0.172603	0.536143	0.0501573	-1.34183	1.08247e-06
3.22	0.334896	-0.172617	0.536092	0.0501573	-1.34183	1.04191e-06
3.225	0.334954	-0.172603	0.536044	0.051449	-1.34219	1.10179e-06
3.23	0.334996	-0.172618	0.535992	0.0514491	-1.34219	1.06056e-06
3.235	0.335053	-0.172603	0.535944	0.0527507	-1.34254	1.12077e-06
3.24	0.335096	-0.172618	0.535892	0.0527508	-1.34254	1.07888e-06
3.245	0.335154	-0.172603	0.535844	0.054062	-1.3429	1.13939e-06
3.25	0.335197	-0.172618	0.535791	0.054062	-1.3429	1.09686e-06
3.255	0.335255	-0.172603	0.535742	0.0553826	-1.34327	1.15764e-06
3.26	0.335298	-0.172618	0.535689	0.0553826	-1.34327	1.11449e-06
3.265	0.335357	-0.172603	0.53564	0.0567121	-1.34363	1.17551e-06
3.27	0.335401	-0.172618	0.535587	0.0567121	-1.34363	1.13174e-06
3.275	0.33546	-0.172603	0.535538	0.0580502	-1.344	1.19296e-06
3.28	0.335504	-0.172618	0.535484	0.0580502	-1.344	1.14859e-06
3.285	0.335563	-0.172603	0.535434	0.0593966	-1.34436	1.20998e-06
3.29	0.335607	-0.172618	0.53538	0.0593967	-1.34436	1.16504e-06
3.295	0.335667	-0.172603	0.535331	0.060751	-1.34474	1.22657e-06
3.3	0.335711	-0.172618	0.535276	0.060751	-1.34474	1.18106e-06
3.305	0.335772	-0.172603	0.535226	0.062113	-1.34511	1.24269e-06
3.31	0.335816	-0.172619	0.535171	0.062113	-1.34511	1.19664e-06
3.315	0.335877	-0.172603	0.535121	0.0634822	-1.34548	1.25833e-06
3.32	0.335921	-0.172619	0.535066	0.0634823	-1.34548	1.21177e-06
3.325	0.335982	-0.172603	0.535015	0.0648584	-1.34586	1.27348e-06
3.33	0.336027	-0.172619	0.53496	0.0648585	-1.34586	1.22641e-06
3.335	0.336088	-0.172603	0.534909	0.0662412	-1.34624	1.28813e-06
3.34	0.336134	-0.172619	0.534854	0.0662412	-1.34624	1.24057e-06
3.345	0.336195	-0.172603	0.534803	0.0676302	-1.34662	1.30224e-06
3.35	0.33624	-0.172619	0.534747	0.0676303	-1.34662	1.25423e-06
3.355	0.336302	-0.172603	0.534696	0.0690251	-1.347	1.31582e-06
3.36	0.336348	-0.172619	0.53464	0.0690252	-1.347	1.26736e-06
3.365	0.336409	-0.172603	0.534588	0.0704256	-1.34738	1.32885e-06
3.37	0.336455	-0.172619	0.534532	0.0704257	-1.34738	1.27997e-06
3.375	0.336517	-0.172603	0.534481	0.0718313	-1.34777	1.3413e-06
3.38	0.336563	-0.172619	0.534424	0.0718313	-1.34777	1.29202e-06
3.385	0.336625	-0.172603	0.534372	0.0732418	-1.34816	1.35318e-06
3.39	0.336671	-0.172619	0.534316	0.0732419	-1.34816	1.30352e-06
3.395	0.336734	-0.172603	0.534264	0.0746568	-1.34854	1.36446e-06
3.4	0.33678	-0.172619	0.534207	0.0746569	-1.34854	1.31445e-06
3.405	0.336843	-0.172603	0.534155	0.076076	-1.34893	1.37513e-06
3.41	0.336889	-0.172619	0.534098	0.0760761	-1.34893	1.32479e-06
3.415	0.336952	-0.172603	0.534046	0.077499	-1.34932	1.38519e-06
3.42	0.336998	-0.172619	0.533989	0.0774991	-1.34932	1.33454e-06
3.425	0.337061	-0.172603	0.533936	0.0789254	-1.34971	1.39461e-06
3.43	0.337108	-0.172619	0.533879	0.0789255	-1.34971	1.34368e-06
3.435	0.337171	-0.172603	0.533827	0.0803549	-1.3501	1.4034e-06
3.44	0.337218	-0.172619	0.533769	0.080355	-1.3501	1.3522e-06
3.445	0.337281	-0.172603	0.533717	0.0817871	-1.3505	1.41153e-06
3.45	0.337328	-0.172619	0.533659	0.0817872	-1.3505	1.3601e-06
3.455	0.337391	-0.172603	0.533607	0.0832217	-1.35089	1.419e-06
3.46	0.337438	-0.172619	0.533549	0.0832218	-1.35089	1.36735e-06
3.465	0.337501	-0.172603	0.533497	0.0846583	-1.35128	1.42579e-06
3.47	0.337548	-0.172619	0.533439	0.0846584	-1.35128	1.37396e-06
3.475	0.337611	-0.172603	0.533387	0.0860966	-1.35168	1.43191e-06
3.48	0.337658	-0.172619	0.533329	0.0860967	-1.35168	1.37992e-06
3.485	0.337722	-0.172603	0.533276	0.0875362	-1.35207	1.43734e-06
3.49	0.337769	-0.172619	0.533218	0.0875362	-1.35207	1.38522e-06
3.495	0.337832	-0.172603	0.533166	0.0889767	-1.35246	1.44208e-06
3.5	0.337879	-0.172619	0.533108	0.0889767	-1.35246	1.38984e-06
3.505	0.337942	-0.172603	0.533055	0.0904178	-1.35286	1.44612e-06
3.51	0.33799	-0.172619	0.532997	0.0904178	-1.35286	1.39379e-06
3.515	0.338053	-0.172603	0.532945	0.0918591	-1.35325	1.44944e-06
3.52	0.3381	-0.172619	0.532887	0.0918591	-1.35325	1.39706e-06
3.525	0.338164	-0.172603	0.532834	0.0933002	-1.35365	1.45206e-06
3.53	0.338211	-0.172619	0.532776	0.0933003	-1.35365	1.39964e-06
3.535	0.338274	-0.172603	0.532724	0.0947409	-1.35404	1.45396e-06
3.54	0.338321	-0.172619	0.532666	0.0947409	-1.35404	1.40153e-06
3.545	0.338384	-0.172603	0.532613	0.0961807	-1.35444	1.45513e-06
3.55	0.338432	-0.172619	0.532555	0.0961807	-1.35444	1.40272e-06
3.555	0.338495	-0.172603	0.532503	0.0976193	-1.35483	1.45558e-06
3.56	0.338542	-0.172619	0.532445	0.0976193	-1.35483	1.40322e-06
3.565	0.338605	-0.172603	0.532393	0.0990563	-1.35522	1.45531e-06
3.57	0.338652	-0.172619	0.532335	0.0990563	-1.35522	1.40301e-06
3.575	0.338715	-0.172603	0.532283	0.100491	-1.35562	1.4543e-06
3.58	0.338762	-0.172619	0.532225	0.100491	-1.35562	1.4021e-06
3.585	0.338825	-0.172603	0.532173	0.101924	-1.35601	1.45257e-06
3.59	0.338872	-0.172619	0.532115	0.101924	-1.35601	1.40049e-06
3.595	0.338934	-0.172603	0.532063	0.103354	-1.3564	1.4501e-06
3.6	0.338981	-0.172619	0.532006	0.103354	-1.3564	1.39817e-06
3.605	0.339044	-0.172603	0.531954	0.104781	-1.35679	1.44691e-06
3.61	0.339091	-0.172619	0.531897	0.104782	-1.35679	1.39515e-06
3.615	0.339153	-0.172603	0.531845	0.106205	-1.35718	1.44298e-06
3.62	0.3392	-0.172619	0.531788	0.106205	-1.35718	1.39142e-06
3.625	0.339262	-0.172603	0.531736	0.107625	-1.35757	1.43833e-06
3.63	0.339309	-0.172619	0.531679	0.107625	-1.35757	1.38699e-06
3.635	0.33937	-0.172603	0.531628	0.109041	-1.35796	1.43296e-06
3.64	0.339417	-0.172619	0.531571	0.109041	-1.35796	1.38187e-06
3.645	0.339478	-0.172603	0.531519	0.110453	-1.35834	1.42686e-06
3.65	0.339525	-0.172619	0.531463	0.110453	-1.35834	1.37604e-06
3.655	0.339586	-0.172603	0.531412	0.11186	-1.35873	1.42004e-06
3.66	0.339633	-0.172619	0.531355	0.11186	-1.35873	1.36953e-06
3.665	0.339694	-0.172603	0.531304	0.113261	-1.35911	1.41252e-06
3.67	0.33974	-0.172619	0.531248	0.113261	-1.35911	1.36233e-06
3.675	0.339801	-0.172603	0.531197	0.114658	-1.3595	1.40428e-06
3.68	0.339847	-0.172619	0.531141	0.114658	-1.3595	1.35444e-06
3.685	0.339907	-0.172603	0.531091	0.116048	-1.35988	1.39535e-06
3.69	0.339953	-0.172619	0.531035	0.116048	-1.35988	1.34588e-06
3.695	0.340013	-0.172603	0.530984	0.117432	-1.36026	1.38573e-06
3.7	0.340059	-0.172619	0.530929	0.117432	-1.36026	1.33665e-06
3.705	0.340119	-0.172603	0.530879	0.11881	-1.36063	1.37541e-06
3.71	0.340164	-0.172618	0.530824	0.11881	-1.36063	1.32676e-06
3.715	0.340224	-0.172603	0.530774	0.120181	-1.36101	1.36443e-06
3.72	0.340269	-0.172618	0.530719	0.120181	-1.36101	1.31622e-06
3.725	0.340329	-0.172603	0.530669	0.121544	-1.36138	1.35277e-06
3.73	0.340374	-0.172618	0.530615	0.121544	-1.36138	1.30503e-06
3.735	0.340432	-0.172603	0.530565	0.122901	-1.36175	1.34046e-06
3.74	0.340477	-0.172618	0.530511	0.122901	-1.36175	1.2932e-06
3.745	0.340536	-0.172603	0.530462	0.124249	-1.36212	1.32751e-06
3.75	0.34058	-0.172618	0.530408	0.124249	-1.36212	1.28076e-06
3.755	0.340638	-0.172603	0.530359	0.125589	-1.36249	1.31392e-06
3.76	0.340683	-0.172618	0.530306	0.125589	-1.36249	1.2677e-06
3.765	0.340741	-0.172603	0.530257	0.12692	-1.36285	1.29971e-06
3.77	0.340785	-0.172618	0.530204	0.12692	-1.36285	1.25404e-06
3.775	0.340842	-0.172603	0.530156	0.128243	-1.36322	1.28489e-06
3.78	0.340886	-0.172618	0.530103	0.128243	-1.36322	1.23979e-06
3.785	0.340942	-0.172603	0.530056	0.129556	-1.36358	1.26947e-06
3.79	0.340986	-0.172617	0.530003	0.129556	-1.36358	1.22497e-06
3.795	0.341042	-0.172603	0.529956	0.13086	-1.36393	1.25348e-06
3.8	0.341086	-0.172617	0.529903	0.13086	-1.36393	1.20959e-06
3.805	0.341142	-0.172603	0.529857	0.132154	-1.36429	1.23692e-06
3.81	0.341184	-0.172617	0.529805	0.132154	-1.36429	1.19366e-06
3.815	0.34124	-0.172603	0.529758	0.133438	-1.36464	1.21981e-06
3.82	0.341282	-0.172617	0.529707	0.133438	-1.36464	1.1772e-06
3.825	0.341337	-0.172603	0.529661	0.134711	-1.36499	1.20217e-06
3.83	0.34138	-0.172617	0.52961	0.134711	-1.36499	1.16022e-06
3.835	0.341434	-0.172603	0.529564	0.135974	-1.36533	1.18402e-06
3.84	0.341476	-0.172617	0.529513	0.135974	-1.36533	1.14275e-06
3.845	0.34153	-0.172603	0.529468	0.137225	-1.36568	1.16537e-06
3.85	0.341571	-0.172617	0.529418	0.137225	-1.36568	1.12479e-06
3.855	0.341625	-0.172603	0.529373	0.138465	-1.36602	1.14624e-06
3.86	0.341666	-0.172616	0.529323	0.138465	-1.36602	1.10638e-06
3.865	0.341719	-0.172603	0.529279	0.139693	-1.36635	1.12665e-06
3.87	0.34176	-0.172616	0.52923	0.139693	-1.36635	1.08751e-06
3.875	0.34176	-0.172616	0.52923	0.139776	-1.3665	-9.1315e-05
3.88	0.341747	-0.172624	0.529221	0.139854	-1.36664	-0.00017659
3.885	0.341734	-0.17263	0.529207	0.139929	-1.36675	-0.000254662
3.89	0.341719	-0.172636	0.529188	0.140001	-1.36686	-0.000326733
3.895	0.341704	-0.17264	0.529166	0.14007	-1.36695	-0.000392986
3.9	0.341689	-0.172644	0.529142	0.140137	-1.36703	-0.00045529
3.905	0.341673	-0.172647	0.529115	0.140202	-1.36711	-0.000512713
3.91	0.341657	-0.172649	0.529087	0.140266	-1.36718	-0.000567053
3.915	0.341641	-0.17265	0.529056	0.140329	-1.36724	-0.000617261
3.92	0.341624	-0.172651	0.529024	0.14039	-1.3673	-0.000665101
3.925	0.341607	-0.172652	0.52899	0.140451	-1.36735	-0.000709432
3.93	0.34159	-0.172652	0.528955	0.14051	-1.3674	-0.000751631
3.935	0.341573	-0.172651	0.528917	0.140567	-1.36744	-0.000789244
3.94	0.341556	-0.172649	0.528881	0.140625	-1.36749	-0.000825109
3.945	0.341542	-0.172646	0.528851	0.140687	-1.36755	-0.000860895
3.95	0.341527	-0.172642	0.528819	0.140747	-1.36761	-0.000894072
3.955	0.341512	-0.172639	0.528785	0.140806	-1.36766	-0.000924121
3.96	0.341497	-0.172635	0.528747	0.140862	-1.3677	-0.000951393
3.965	0.34148	-0.17263	0.528706	0.140917	-1.36773	-0.000976033
3.97	0.341464	-0.172626	0.528663	0.14097	-1.36775	-0.0009984
3.975	0.341447	-0.172621	0.528618	0.141022	-1.36777	-0.0010186
3.98	0.341429	-0.172617	0.528571	0.141072	-1.36777	-0.00103696
3.985	0.341411	-0.172612	0.528522	0.141122	-1.36778	-0.00105353
3.99	0.341393	-0.172607	0.528471	0.14117	-1.36777	-0.00106862
3.995	0.341375	-0.172602	0.528419	0.141217	-1.36777	-0.00108226
4.0	0.341357	-0.172596	0.528365	0.141264	-1.36775	-0.00109471
4.005	0.341339	-0.172591	0.52831	0.14131	-1.36774	-0.00110597
4.01	0.34132	-0.172585	0.528254	0.141356	-1.36772	-0.0011163
4.015	0.341302	-0.17258	0.528198	0.141401	-1.3677	-0.00112564
4.02	0.341283	-0.172574	0.52814	0.141445	-1.36767	-0.00113395
4.025	0.341266	-0.172567	0.528087	0.141492	-1.36766	-0.00114247
4.03	0.341252	-0.172559	0.528046	0.141546	-1.36769	-0.00115507
4.035	0.341239	-0.172551	0.528009	0.141602	-1.36773	-0.0011675
4.04	0.34123	-0.172541	0.527982	0.141665	-1.3678	-0.00118354
4.045	0.34122	-0.17253	0.527955	0.141727	-1.36787	-0.00119902
4.05	0.341213	-0.172519	0.527938	0.141796	-1.36798	-0.00121762
4.055	0.341205	-0.172508	0.52792	0.141863	-1.36808	-0.00123532
4.06	0.341199	-0.172496	0.527909	0.141935	-1.3682	-0.00125585
4.065	0.341193	-0.172484	0.527896	0.142006	-1.36832	-0.00127521
4.07	0.341188	-0.172471	0.527889	0.142081	-1.36846	-0.0012971
4.075	0.341182	-0.172459	0.52788	0.142154	-1.36859	-0.00131775
4.08	0.341177	-0.172446	0.527877	0.142231	-1.36874	-0.00134069
4.085	0.341172	-0.172433	0.527871	0.142306	-1.36888	-0.00136231
4.09	0.341168	-0.17242	0.527869	0.142384	-1.36903	-0.00138606
4.095	0.341162	-0.172407	0.527865	0.142461	-1.36918	-0.00140962
4.1	0.341158	-0.172395	0.527865	0.142541	-1.36934	-0.00143866
4.105	0.341151	-0.172384	0.527859	0.142618	-1.36948	-0.00146645
4.11	0.341144	-0.172374	0.527849	0.142693	-1.36961	-0.00149709
4.115	0.341135	-0.172364	0.527837	0.142767	-1.36973	-0.00152606
4.12	0.341128	-0.172354	0.527831	0.142844	-1.36987	-0.00155621
4.125	0.34112	-0.172343	0.527822	0.142919	-1.37001	-0.0015848
4.13	0.341114	-0.172332	0.527819	0.142998	-1.37016	-0.00161464
4.135	0.341107	-0.17232	0.527813	0.143075	-1.3703	-0.00164291
4.14	0.341101	-0.172309	0.527811	0.143156	-1.37045	-0.00167247
4.145	0.341095	-0.172297	0.527807	0.143234	-1.3706	-0.00170045
4.15	0.341089	-0.172284	0.527807	0.143315	-1.37076	-0.00172976
4.155	0.341083	-0.172272	0.527804	0.143395	-1.37091	-0.00175748
4.16	0.341078	-0.172259	0.527805	0.143477	-1.37108	-0.00178658
4.165	0.341071	-0.172247	0.527803	0.143557	-1.37123	-0.00181407
4.17	0.341066	-0.172233	0.527805	0.14364	-1.3714	-0.00184301
4.175	0.34106	-0.172221	0.527803	0.14372	-1.37155	-0.00187032
4.18	0.341055	-0.172207	0.527805	0.143803	-1.37172	-0.00189915
4.185	0.341048	-0.172194	0.527804	0.143885	-1.37187	-0.00192635
4.19	0.341043	-0.172181	0.527806	0.143968	-1.37204	-0.00195511
4.195	0.341037	-0.172168	0.527805	0.14405	-1.3722	-0.00198222
4.2	0.341031	-0.172154	0.527808	0.144133	-1.37237	-0.00201085
4.205	0.341025	-0.172141	0.527807	0.144215	-1.37253	-0.00203786
4.21	0.34102	-0.172127	0.527809	0.144299	-1.3727	-0.0020664
4.215	0.341013	-0.172114	0.527808	0.144382	-1.37285	-0.00209333
4.22	0.341008	-0.1721	0.527811	0.144466	-1.37302	-0.00212182
4.225	0.341001	-0.172086	0.52781	0.144548	-1.37318	-0.00214871
4.23	0.340996	-0.172072	0.527813	0.144633	-1.37335	-0.00217719
4.235	0.340989	-0.172059	0.527812	0.144716	-1.37351	-0.00220409
4.24	0.340983	-0.172045	0.527814	0.144801	-1.37368	-0.0022326
4.245	0.340977	-0.172031	0.527812	0.144883	-1.37383	-0.00225891
4.25	0.34097	-0.172016	0.527812	0.144967	-1.37399	-0.00228503
4.255	0.340963	-0.172002	0.527808	0.145048	-1.37414	-0.00230916
4.26	0.340956	-0.171988	0.527807	0.14513	-1.37429	-0.00233328
4.265	0.340948	-0.171974	0.527798	0.145209	-1.37443	-0.00235485
4.27	0.340938	-0.171961	0.527784	0.145284	-1.37454	-0.00237448
4.275	0.340926	-0.171948	0.527765	0.145356	-1.37464	-0.00239222
4.28	0.340913	-0.171936	0.52774	0.145425	-1.37473	-0.00240848
4.285	0.340899	-0.171924	0.527712	0.145491	-1.37479	-0.00242344
4.29	0.340884	-0.171913	0.527679	0.145555	-1.37485	-0.00243743
4.295	0.340868	-0.171903	0.527644	0.145617	-1.3749	-0.00245049
4.3	0.340851	-0.171893	0.527605	0.145677	-1.37493	-0.0024629
4.305	0.340833	-0.171883	0.527562	0.145735	-1.37496	-0.00247467
4.31	0.340815	-0.171874	0.527518	0.145792	-1.37498	-0.00248618
4.315	0.340796	-0.171865	0.527471	0.145848	-1.37499	-0.00249687
4.32	0.340778	-0.171856	0.527422	0.145902	-1.37499	-0.00250672
4.325	0.340758	-0.171848	0.527371	0.145956	-1.37499	-0.00251591
4.33	0.340739	-0.171839	0.527319	0.146008	-1.37498	-0.00252445
4.335	0.340719	-0.171831	0.527264	0.146059	-1.37496	-0.00253249
4.34	0.340699	-0.171823	0.527209	0.14611	-1.37494	-0.00254002
4.345	0.340679	-0.171815	0.527151	0.146159	-1.37492	-0.00254718
4.35	0.340659	-0.171807	0.527093	0.146208	-1.37489	-0.00255396
4.355	0.340639	-0.171799	0.527034	0.146257	-1.37486	-0.00256048
4.36	0.340618	-0.171792	0.526974	0.146305	-1.37483	-0.00256671
4.365	0.340598	-0.171784	0.526913	0.146353	-1.37479	-0.00257278
4.37	0.340578	-0.171777	0.526851	0.1464	-1.37475	-0.00257863
4.375	0.340557	-0.171769	0.526788	0.146447	-1.37471	-0.00258425
4.38	0.340537	-0.171762	0.526725	0.146494	-1.37466	-0.00258945
4.385	0.340516	-0.171755	0.526661	0.14654	-1.37462	-0.00259503
4.39	0.340496	-0.171747	0.526598	0.146587	-1.37458	-0.0026014
4.395	0.340478	-0.17174	0.526539	0.146637	-1.37454	-0.00261187
4.4	0.340459	-0.171733	0.526481	0.146688	-1.37452	-0.00262349
4.405	0.340442	-0.171727	0.526426	0.146741	-1.3745	-0.00263879
4.41	0.340426	-0.17172	0.526372	0.146795	-1.37449	-0.00265477
4.415	0.340409	-0.171714	0.52632	0.146851	-1.37448	-0.00267381
4.42	0.340393	-0.17171	0.52627	0.146908	-1.37448	-0.00269969
4.425	0.340379	-0.17171	0.52623	0.146975	-1.37451	-0.00274974
4.43	0.340366	-0.17171	0.526191	0.147043	-1.37454	-0.00280129
4.435	0.340356	-0.171711	0.526166	0.147121	-1.37462	-0.00286632
4.44	0.340347	-0.171712	0.526142	0.1472	-1.3747	-0.00293222
4.445	0.340343	-0.171713	0.526132	0.147289	-1.37483	-0.00301115
4.45	0.340339	-0.171716	0.526123	0.14738	-1.37495	-0.00309367
4.455	0.340338	-0.171719	0.526124	0.147478	-1.37512	-0.00318653
4.46	0.340338	-0.171721	0.526125	0.147576	-1.37528	-0.00327766
4.465	0.34034	-0.171724	0.526135	0.147681	-1.37547	-0.00337747
4.47	0.340341	-0.171724	0.52614	0.147781	-1.37564	-0.00346384
4.475	0.340341	-0.171723	0.526149	0.147884	-1.37582	-0.00355144
4.48	0.34034	-0.171722	0.526153	0.147983	-1.376	-0.00363352
4.485	0.34034	-0.17172	0.526159	0.148083	-1.37617	-0.00371329
4.49	0.340339	-0.171717	0.526163	0.148182	-1.37634	-0.00378896
4.495	0.340339	-0.171713	0.526168	0.148281	-1.37652	-0.00386229
4.5	0.340337	-0.171709	0.52617	0.148379	-1.37668	-0.00393305
4.505	0.340336	-0.171705	0.526173	0.148476	-1.37685	-0.00400367
4.51	0.340333	-0.1717	0.526173	0.148572	-1.37701	-0.00407233
4.515	0.340331	-0.171695	0.526175	0.148669	-1.37717	-0.00414092
4.52	0.340329	-0.17169	0.526175	0.148765	-1.37733	-0.00420657
4.525	0.340327	-0.171684	0.526176	0.148862	-1.37749	-0.00427084
4.53	0.340324	-0.171678	0.526176	0.148957	-1.37765	-0.00433272
4.535	0.340323	-0.17167	0.526179	0.149054	-1.37782	-0.00439381
4.54	0.34032	-0.171663	0.526179	0.14915	-1.37798	-0.00445247
4.545	0.340317	-0.171656	0.526178	0.149245	-1.37813	-0.00451297
4.55	0.340314	-0.171652	0.526179	0.149344	-1.37829	-0.00458542
4.555	0.34031	-0.171649	0.526179	0.149442	-1.37845	-0.00466038
4.56	0.340306	-0.171649	0.526182	0.149543	-1.37862	-0.00474555
4.565	0.340301	-0.171648	0.526183	0.149644	-1.37878	-0.00483175
4.57	0.340296	-0.17165	0.526186	0.149747	-1.37895	-0.00492659
4.575	0.340291	-0.171652	0.526187	0.149849	-1.37911	-0.00502138
4.58	0.340286	-0.171656	0.526191	0.149955	-1.37929	-0.00512357
4.585	0.34028	-0.17166	0.526192	0.150058	-1.37945	-0.00522509
4.59	0.340274	-0.171665	0.526195	0.150165	-1.37962	-0.00533302
4.595	0.340267	-0.17167	0.526197	0.15027	-1.37978	-0.00543994
4.6	0.340261	-0.171676	0.5262	0.150377	-1.37995	-0.00555253
4.605	0.340253	-0.171683	0.526201	0.150483	-1.38012	-0.00566376
4.61	0.340247	-0.17169	0.526204	0.150591	-1.38029	-0.00578026
4.615	0.340239	-0.171698	0.526204	0.150697	-1.38045	-0.00589503
4.62	0.340232	-0.171706	0.526207	0.150806	-1.38062	-0.00601513
4.625	0.340224	-0.171714	0.526208	0.150913	-1.38078	-0.00613397
4.63	0.340216	-0.171723	0.526211	0.151023	-1.38095	-0.00625625
4.635	0.340209	-0.171731	0.526214	0.151133	-1.38112	-0.00637548
4.64	0.340202	-0.171739	0.526217	0.151243	-1.38129	-0.00649764
4.645	0.340194	-0.171748	0.52622	0.151353	-1.38146	-0.00661882
4.65	0.340187	-0.171756	0.526223	0.151464	-1.38163	-0.00674294
4.655	0.340179	-0.171765	0.526224	0.151573	-1.3818	-0.00686583
4.66	0.340171	-0.171775	0.526226	0.151685	-1.38196	-0.00699163
4.665	0.340162	-0.171784	0.526227	0.151795	-1.38213	-0.00711608
4.67	0.340154	-0.171794	0.526229	0.151906	-1.38229	-0.00724341
4.675	0.340145	-0.171804	0.526229	0.152016	-1.38245	-0.00736929
4.68	0.340137	-0.171814	0.526231	0.152128	-1.38262	-0.007498
4.685	0.340128	-0.171824	0.526231	0.152239	-1.38278	-0.00762519
4.69	0.340119	-0.171834	0.526232	0.152351	-1.38294	-0.00775515
4.695	0.34011	-0.171845	0.526231	0.152462	-1.3831	-0.0078835
4.7	0.340101	-0.171856	0.526232	0.152574	-1.38327	-0.00801456
4.705	0.340092	-0.171866	0.526231	0.152686	-1.38342	-0.00814394
4.71	0.340083	-0.171877	0.526232	0.152799	-1.38359	-0.00827601
4.715	0.340073	-0.171888	0.526231	0.152911	-1.38375	-0.00840635
4.72	0.340064	-0.171899	0.526232	0.153024	-1.38391	-0.00853977
4.725	0.340055	-0.17191	0.526231	0.153137	-1.38407	-0.00867234
4.73	0.340046	-0.171922	0.526232	0.153251	-1.38423	-0.0088077
4.735	0.340037	-0.171933	0.52623	0.153364	-1.38438	-0.00894233
4.74	0.340028	-0.171945	0.526231	0.153479	-1.38455	-0.0090797
4.745	0.340019	-0.171958	0.52623	0.153593	-1.3847	-0.0092161
4.75	0.340011	-0.17197	0.52623	0.153708	-1.38486	-0.00935517
4.755	0.340002	-0.171982	0.526229	0.153823	-1.38502	-0.00949308
4.76	0.339993	-0.171995	0.526229	0.153939	-1.38518	-0.0096336
4.765	0.339984	-0.172008	0.526227	0.154054	-1.38534	-0.0097728
4.77	0.339976	-0.17202	0.526228	0.15417	-1.3855	-0.0099137
4.775	0.339967	-0.172032	0.526227	0.154285	-1.38565	-0.010051
4.78	0.339959	-0.172045	0.526227	0.154403	-1.38582	-0.0101919
4.785	0.339951	-0.172057	0.526226	0.154519	-1.38597	-0.0103306
4.79	0.339943	-0.17207	0.526226	0.154636	-1.38613	-0.010473
4.795	0.339934	-0.172082	0.526225	0.154753	-1.38629	-0.0106136
4.8	0.339925	-0.172096	0.526224	0.154871	-1.38645	-0.0107596
4.805	0.339916	-0.17211	0.526222	0.154987	-1.3866	-0.0109037
4.81	0.339907	-0.172125	0.526221	0.155106	-1.38676	-0.0110529
4.815	0.339897	-0.17214	0.526218	0.155223	-1.38691	-0.0112001
4.82	0.339888	-0.172155	0.526216	0.155342	-1.38706	-0.0113522
4.825	0.339878	-0.17217	0.526213	0.155459	-1.38721	-0.0115023
4.83	0.339869	-0.172186	0.526213	0.155579	-1.38737	-0.0116548
4.835	0.33986	-0.172198	0.526207	0.155694	-1.38751	-0.0117921
4.84	0.33985	-0.17221	0.526201	0.155808	-1.38765	-0.0119271
4.845	0.339841	-0.17222	0.526194	0.15592	-1.38779	-0.0120555
4.85	0.339832	-0.17223	0.526187	0.156031	-1.38793	-0.0121829
4.855	0.339823	-0.172238	0.526178	0.156142	-1.38806	-0.0123045
4.86	0.339814	-0.172246	0.52617	0.156252	-1.38819	-0.0124258
4.865	0.339805	-0.172253	0.526159	0.15636	-1.38831	-0.0125396
4.87	0.339794	-0.172259	0.526143	0.156463	-1.38842	-0.0126461
4.875	0.339783	-0.172264	0.526122	0.156561	-1.38851	-0.0127442
4.88	0.33977	-0.172268	0.526096	0.156656	-1.38859	-0.0128362
4.885	0.339756	-0.172272	0.526067	0.156747	-1.38866	-0.0129211
4.89	0.339742	-0.172274	0.526035	0.156834	-1.38871	-0.0130013
4.895	0.339727	-0.172276	0.525999	0.156919	-1.38876	-0.0130762
4.9	0.339711	-0.172278	0.525961	0.157002	-1.3888	-0.0131474
4.905	0.339695	-0.172279	0.525922	0.157083	-1.38883	-0.0132153
4.91	0.33968	-0.17228	0.525883	0.157165	-1.38886	-0.0132853
4.915	0.339664	-0.172281	0.525843	0.157246	-1.38889	-0.0133524
4.92	0.339649	-0.172282	0.525804	0.157328	-1.38893	-0.0134216
4.925	0.339634	-0.172283	0.525763	0.157407	-1.38895	-0.0134856
4.93	0.339618	-0.172283	0.525719	0.157485	-1.38897	-0.0135473
4.935	0.339602	-0.172282	0.525676	0.157562	-1.38899	-0.0136057
4.94	0.339589	-0.17228	0.525636	0.157642	-1.38902	-0.0136632
4.945	0.339575	-0.172277	0.525597	0.157722	-1.38905	-0.0137178
4.95	0.339564	-0.172273	0.525561	0.157805	-1.38909	-0.0137718
4.955	0.339553	-0.172269	0.525526	0.157889	-1.38914	-0.0138284
4.96	0.339544	-0.172267	0.525501	0.157982	-1.38922	-0.0139002
4.965	0.339535	-0.172265	0.525476	0.158076	-1.3893	-0.0139726
4.97	0.339527	-0.172263	0.52546	0.158178	-1.3894	-0.0140539
4.975	0.339519	-0.172262	0.525443	0.158279	-1.38951	-0.0141355
4.98	0.339513	-0.17226	0.525432	0.158386	-1.38963	-0.0142239
4.985	0.339505	-0.172259	0.52542	0.158491	-1.38975	-0.0143095
4.99	0.339499	-0.172257	0.525413	0.158602	-1.38989	-0.0143997
4.995	0.339492	-0.172255	0.525403	0.15871	-1.39001	-0.014487
5.0	0.339486	-0.172253	0.525398	0.158822	-1.39016	-0.0145791
5.005	0.339479	-0.172251	0.525391	0.158933	-1.39029	-0.0146688
5.01	0.339473	-0.172248	0.525387	0.159046	-1.39044	-0.0147603
5.015	0.339466	-0.172246	0.525382	0.159158	-1.39058	-0.0148507
5.02	0.33946	-0.172244	0.52538	0.159274	-1.39073	-0.0149467
5.025	0.339453	-0.172242	0.525375	0.159387	-1.39088	-0.0150399
5.03	0.339446	-0.17224	0.525375	0.159505	-1.39104	-0.0151377
5.035	0.339439	-0.172238	0.525371	0.15962	-1.39119	-0.0152321
5.04	0.339433	-0.172235	0.525371	0.159738	-1.39134	-0.0153295
5.045	0.339426	-0.172233	0.525369	0.159855	-1.3915	-0.0154248
5.05	0.33942	-0.172231	0.525369	0.159973	-1.39166	-0.015522
5.055	0.339413	-0.172228	0.525368	0.160092	-1.39181	-0.0156198
5.06	0.339408	-0.172227	0.525372	0.160215	-1.39198	-0.0157241
5.065	0.339404	-0.172226	0.525377	0.16034	-1.39216	-0.0158327
5.07	0.339402	-0.172225	0.525386	0.160468	-1.39235	-0.0159447
5.075	0.3394	-0.172225	0.525397	0.1606	-1.39254	-0.0160643
5.08	0.339403	-0.172227	0.525416	0.160741	-1.39276	-0.0162007
5.085	0.339409	-0.172232	0.52544	0.160888	-1.39299	-0.0163499
5.09	0.339415	-0.172242	0.525467	0.16104	-1.39323	-0.016519
5.095	0.339419	-0.172252	0.525489	0.16119	-1.39346	-0.0166884
5.1	0.339423	-0.172265	0.525513	0.161342	-1.39369	-0.0168671
5.105	0.339424	-0.172278	0.525532	0.16149	-1.39391	-0.0170434
5.11	0.339425	-0.172293	0.525549	0.161638	-1.39412	-0.017224
5.115	0.339423	-0.172308	0.525563	0.161783	-1.39433	-0.0174015
5.12	0.339422	-0.172324	0.525577	0.161929	-1.39453	-0.0175831
5.125	0.339418	-0.17234	0.525588	0.162073	-1.39472	-0.0177616
5.13	0.339415	-0.172356	0.525601	0.162218	-1.39492	-0.0179442
5.135	0.339414	-0.172371	0.525615	0.162365	-1.39512	-0.0181248
5.14	0.339414	-0.172387	0.525632	0.162515	-1.39533	-0.0183091
5.145	0.339415	-0.172401	0.525649	0.162666	-1.39554	-0.0184899
5.15	0.339416	-0.172415	0.525668	0.162819	-1.39576	-0.0186742
5.155	0.339418	-0.172428	0.525687	0.162971	-1.39598	-0.0188547
5.16	0.339421	-0.172442	0.525708	0.163126	-1.3962	-0.0190397
5.165	0.339421	-0.172457	0.525725	0.163278	-1.39642	-0.019223
5.17	0.339421	-0.172471	0.525742	0.163431	-1.39663	-0.0194075
5.175	0.339419	-0.172486	0.525756	0.16358	-1.39683	-0.0195901
5.18	0.339417	-0.172501	0.52577	0.163731	-1.39703	-0.0197737
5.185	0.339414	-0.172516	0.525781	0.163879	-1.39723	-0.0199547
5.19	0.33941	-0.172532	0.525794	0.164029	-1.39742	-0.0201399
5.195	0.339407	-0.172548	0.525808	0.164181	-1.39763	-0.0203286
5.2	0.339402	-0.172564	0.525818	0.164329	-1.39782	-0.0205104
5.205	0.339397	-0.172579	0.525829	0.164479	-1.39801	-0.0206954
5.21	0.339391	-0.172594	0.525836	0.164625	-1.39819	-0.0208736
5.215	0.339386	-0.17261	0.525846	0.164774	-1.39838	-0.0210568
5.22	0.339379	-0.172625	0.525854	0.164921	-1.39857	-0.0212375
5.225	0.339373	-0.172641	0.525864	0.165071	-1.39876	-0.0214221
5.23	0.339366	-0.172657	0.525872	0.16522	-1.39895	-0.0216054
5.235	0.33936	-0.172672	0.525883	0.16537	-1.39914	-0.0217889
5.24	0.339353	-0.172684	0.52589	0.165517	-1.39932	-0.0219613
5.245	0.339348	-0.172696	0.5259	0.165667	-1.39951	-0.0221334
5.25	0.339345	-0.172704	0.525911	0.165815	-1.3997	-0.0222937
5.255	0.339342	-0.172713	0.525924	0.165967	-1.3999	-0.0224611
5.26	0.339339	-0.17272	0.525934	0.166115	-1.40009	-0.0226155
5.265	0.339337	-0.172728	0.525948	0.166268	-1.4003	-0.0227802
5.27	0.339336	-0.172734	0.525961	0.166419	-1.40049	-0.0229384
5.275	0.339336	-0.172742	0.525977	0.166575	-1.4007	-0.023106
5.28	0.339337	-0.172749	0.525992	0.166729	-1.40091	-0.0232666
5.285	0.339338	-0.172756	0.526009	0.166886	-1.40112	-0.0234346
5.29	0.339339	-0.172762	0.526025	0.167042	-1.40132	-0.0235951
5.295	0.33934	-0.172769	0.526042	0.1672	-1.40154	-0.0237625
5.3	0.339342	-0.172774	0.526058	0.167356	-1.40174	-0.0239226
5.305	0.339343	-0.172781	0.526075	0.167515	-1.40196	-0.0240894
5.31	0.339345	-0.172786	0.526091	0.167672	-1.40216	-0.0242492
5.315	0.339347	-0.172792	0.526109	0.167832	-1.40238	-0.0244155
5.32	0.339349	-0.172796	0.526124	0.167988	-1.40258	-0.0245721
5.325	0.339351	-0.1728	0.52614	0.168146	-1.40279	-0.0247303
5.33	0.339352	-0.172806	0.526156	0.168304	-1.40299	-0.0248917
5.335	0.339353	-0.17281	0.526172	0.168463	-1.4032	-0.0250522
5.34	0.339356	-0.172816	0.526191	0.168625	-1.40342	-0.0252196
5.345	0.339357	-0.172822	0.526207	0.168786	-1.40363	-0.0253855
5.35	0.339357	-0.172829	0.526222	0.168946	-1.40383	-0.025557
5.355	0.339355	-0.172841	0.526234	0.169106	-1.40403	-0.0257398
5.36	0.339352	-0.172854	0.526246	0.169267	-1.40422	-0.0259275
5.365	0.339347	-0.17287	0.526257	0.169429	-1.40442	-0.0261264
5.37	0.339342	-0.172887	0.526268	0.169592	-1.40461	-0.0263287
5.375	0.339335	-0.172907	0.526278	0.169756	-1.4048	-0.0265399
5.38	0.339329	-0.172927	0.526289	0.169921	-1.40499	-0.0267532
5.385	0.339321	-0.172949	0.526298	0.170086	-1.40518	-0.0269734
5.39	0.339314	-0.172972	0.526309	0.170253	-1.40538	-0.0271948
5.395	0.339306	-0.172995	0.526318	0.17042	-1.40557	-0.0274218
5.4	0.339298	-0.173018	0.526328	0.170588	-1.40576	-0.0276456
5.405	0.339291	-0.17304	0.526339	0.170756	-1.40595	-0.0278665
5.41	0.339284	-0.173062	0.526353	0.170929	-1.40615	-0.0280967
5.415	0.339277	-0.173085	0.526365	0.171101	-1.40635	-0.0283248
5.42	0.33927	-0.173109	0.526379	0.171276	-1.40656	-0.0285593
5.425	0.339262	-0.173133	0.526391	0.171448	-1.40675	-0.0287902
5.43	0.339253	-0.173157	0.526403	0.171622	-1.40695	-0.0290259
5.435	0.339242	-0.173179	0.52641	0.171789	-1.40713	-0.0292465
5.44	0.339225	-0.173195	0.526404	0.171938	-1.40728	-0.0294302
5.445	0.3392	-0.173207	0.526384	0.172066	-1.40738	-0.0295804
5.45	0.33917	-0.173214	0.526354	0.172181	-1.40745	-0.0297016
5.455	0.339134	-0.173217	0.526314	0.172281	-1.40749	-0.0297971
5.46	0.339094	-0.173218	0.526267	0.172372	-1.4075	-0.0298715
5.465	0.339051	-0.173215	0.526213	0.172452	-1.4075	-0.0299283
5.47	0.339012	-0.173213	0.52617	0.172546	-1.40753	-0.0299992
5.475	0.338977	-0.17321	0.52613	0.172644	-1.40757	-0.0300732
5.48	0.338944	-0.173208	0.526092	0.172743	-1.40762	-0.0301519
5.485	0.338914	-0.17321	0.526062	0.172856	-1.40769	-0.030256
5.49	0.338886	-0.173213	0.526034	0.17297	-1.40776	-0.0303636
5.495	0.338862	-0.173218	0.526012	0.173095	-1.40786	-0.0304882
5.5	0.338838	-0.173223	0.525992	0.17322	-1.40796	-0.0306138
5.505	0.338817	-0.173229	0.525976	0.173353	-1.40807	-0.0307536
5.51	0.338796	-0.173236	0.525961	0.173486	-1.40819	-0.0308926
5.515	0.338778	-0.173244	0.52595	0.173627	-1.40831	-0.0310436
5.52	0.33876	-0.173252	0.525938	0.173765	-1.40844	-0.0311925
5.525	0.338744	-0.173261	0.525931	0.17391	-1.40858	-0.031352
5.53	0.338727	-0.17327	0.525921	0.174053	-1.40871	-0.0315084
5.535	0.338713	-0.17328	0.525916	0.174202	-1.40885	-0.0316744
5.54	0.338698	-0.17329	0.525908	0.174349	-1.40899	-0.0318366
5.545	0.338684	-0.1733	0.525904	0.1745	-1.40914	-0.0320076
5.55	0.33867	-0.173311	0.525898	0.174649	-1.40928	-0.0321752
5.555	0.338657	-0.173323	0.525894	0.174802	-1.40943	-0.0323526
5.56	0.338643	-0.173335	0.525887	0.174953	-1.40957	-0.0325259
5.565	0.33863	-0.173349	0.525883	0.175107	-1.40971	-0.0327087
5.57	0.338616	-0.173362	0.525876	0.175258	-1.40985	-0.032887
5.575	0.338603	-0.173377	0.525872	0.175414	-1.41	-0.0330743
5.58	0.33859	-0.173391	0.525865	0.175566	-1.41014	-0.0332565
5.585	0.338577	-0.173407	0.52586	0.175722	-1.41028	-0.0334479
5.59	0.338564	-0.173422	0.525853	0.175875	-1.41042	-0.0336339
5.595	0.338551	-0.173439	0.525848	0.176033	-1.41057	-0.0338289
5.6	0.338538	-0.173455	0.525841	0.176187	-1.4107	-0.0340182
5.605	0.338529	-0.173471	0.525842	0.176353	-1.41086	-0.0342204
5.61	0.338528	-0.173483	0.525855	0.176531	-1.41106	-0.0344213
5.615	0.33853	-0.173491	0.525869	0.176708	-1.41126	-0.0346123
5.62	0.338537	-0.173496	0.525889	0.176893	-1.41148	-0.0348012
5.625	0.338545	-0.1735	0.525907	0.177076	-1.41169	-0.0349838
5.63	0.338556	-0.173501	0.525929	0.177261	-1.41192	-0.0351599
5.635	0.338569	-0.173501	0.52595	0.177445	-1.41214	-0.0353334
5.64	0.338583	-0.173503	0.525976	0.177636	-1.41237	-0.0355189
5.645	0.338598	-0.173503	0.525998	0.177824	-1.41259	-0.0356978
5.65	0.338615	-0.173505	0.526025	0.178019	-1.41283	-0.0358882
5.655	0.338632	-0.173507	0.526051	0.178212	-1.41306	-0.0360746
5.66	0.33865	-0.173509	0.526078	0.178409	-1.4133	-0.0362682
5.665	0.338666	-0.17351	0.526101	0.178599	-1.41352	-0.0364498
5.67	0.338684	-0.173513	0.526128	0.178796	-1.41376	-0.0366439
5.675	0.338701	-0.173524	0.526154	0.178998	-1.41399	-0.0368691
5.68	0.338714	-0.173536	0.526178	0.179198	-1.41422	-0.0370953
5.685	0.338726	-0.173549	0.5262	0.179396	-1.41444	-0.0373236
5.69	0.338736	-0.173563	0.526219	0.179592	-1.41466	-0.037551
5.695	0.338743	-0.173578	0.526237	0.179787	-1.41487	-0.0377809
5.7	0.338749	-0.173594	0.526252	0.17998	-1.41507	-0.0380098
5.705	0.338754	-0.17361	0.526266	0.180172	-1.41527	-0.0382389
5.71	0.338757	-0.173624	0.526277	0.180359	-1.41546	-0.0384559
5.715	0.33876	-0.173636	0.526286	0.180543	-1.41564	-0.0386643
5.72	0.338761	-0.173646	0.526294	0.180724	-1.41582	-0.0388645
5.725	0.338762	-0.173656	0.526301	0.180905	-1.416	-0.0390639
5.73	0.338762	-0.173666	0.526305	0.181083	-1.41617	-0.0392575
5.735	0.338761	-0.173675	0.526311	0.181262	-1.41634	-0.0394523
5.74	0.338759	-0.173683	0.526314	0.181438	-1.4165	-0.0396416
5.745	0.338758	-0.173692	0.526318	0.181616	-1.41667	-0.0398331
5.75	0.338757	-0.173702	0.526325	0.181798	-1.41685	-0.0400319
5.755	0.338765	-0.17372	0.526344	0.182004	-1.41707	-0.0402824
5.76	0.338781	-0.173747	0.526368	0.182221	-1.41729	-0.0405729
5.765	0.3388	-0.173779	0.5264	0.182452	-1.41754	-0.0408914
5.77	0.338815	-0.173809	0.526425	0.182673	-1.41777	-0.0411927
5.775	0.338829	-0.173839	0.52645	0.182895	-1.418	-0.041495
5.78	0.338841	-0.173868	0.52647	0.18311	-1.41822	-0.0417882
5.785	0.338853	-0.173898	0.526492	0.183329	-1.41844	-0.0420883
5.79	0.338863	-0.173926	0.526508	0.183539	-1.41864	-0.0423742
5.795	0.338871	-0.173954	0.526526	0.183753	-1.41885	-0.0426643
5.8	0.338877	-0.173981	0.52654	0.183961	-1.41905	-0.0429438
5.805	0.338882	-0.174009	0.526556	0.184172	-1.41925	-0.043226
5.81	0.338886	-0.174034	0.526568	0.184377	-1.41944	-0.0434974
5.815	0.338889	-0.174059	0.526581	0.184586	-1.41964	-0.0437724
5.82	0.33889	-0.174084	0.526592	0.184789	-1.41983	-0.0440379
5.825	0.338891	-0.174108	0.526603	0.184995	-1.42002	-0.0443075
5.83	0.33889	-0.174131	0.526612	0.185197	-1.4202	-0.0445682
5.835	0.338889	-0.174155	0.526622	0.185402	-1.42039	-0.0448333
5.84	0.338887	-0.174177	0.526629	0.185602	-1.42057	-0.0450892
5.845	0.338885	-0.1742	0.526639	0.185806	-1.42075	-0.0453512
5.85	0.338882	-0.174222	0.526645	0.186005	-1.42093	-0.0456046
5.855	0.338878	-0.174245	0.526653	0.186209	-1.42111	-0.0458646
5.86	0.338874	-0.174266	0.526658	0.186408	-1.42129	-0.0461162
5.865	0.338869	-0.174288	0.526665	0.186611	-1.42147	-0.046375
5.87	0.338864	-0.174308	0.52667	0.18681	-1.42164	-0.0466232
5.875	0.338859	-0.174329	0.526677	0.187013	-1.42182	-0.0468754
5.88	0.338854	-0.174348	0.526682	0.187211	-1.42199	-0.0471208
5.885	0.338848	-0.174368	0.526688	0.187413	-1.42216	-0.0473722
5.89	0.338842	-0.174388	0.526691	0.187611	-1.42233	-0.047617
5.895	0.338836	-0.174408	0.526696	0.187813	-1.42251	-0.0478684
5.9	0.338829	-0.174428	0.5267	0.188012	-1.42267	-0.0481142
5.905	0.338822	-0.174448	0.526704	0.188214	-1.42285	-0.0483658
5.91	0.338815	-0.174468	0.526707	0.188413	-1.42301	-0.0486113
5.915	0.338808	-0.174488	0.526711	0.188615	-1.42318	-0.0488629
5.92	0.3388	-0.174507	0.526713	0.188814	-1.42335	-0.0491085
5.925	0.338793	-0.174528	0.526717	0.189017	-1.42352	-0.0493598
5.93	0.338785	-0.174546	0.526717	0.189213	-1.42368	-0.0496006
5.935	0.338776	-0.174565	0.526716	0.189408	-1.42383	-0.0498389
5.94	0.338767	-0.174582	0.526714	0.1896	-1.42398	-0.0500713
5.945	0.338759	-0.174601	0.526714	0.189798	-1.42414	-0.0503125
5.95	0.33875	-0.174619	0.526712	0.189992	-1.42429	-0.0505481
5.955	0.338741	-0.174638	0.526713	0.190192	-1.42445	-0.0507925
5.96	0.338733	-0.174656	0.526711	0.190388	-1.4246	-0.0510309
5.965	0.338724	-0.174675	0.526713	0.19059	-1.42477	-0.0512779
5.97	0.338716	-0.174693	0.526712	0.190788	-1.42492	-0.0515196
5.975	0.338707	-0.174713	0.526715	0.190994	-1.42509	-0.0517724
5.98	0.338698	-0.174731	0.526714	0.191193	-1.42524	-0.0520136
5.985	0.338689	-0.174749	0.526713	0.191392	-1.4254	-0.0522544
5.99	0.33868	-0.174766	0.526709	0.191585	-1.42554	-0.0524858
5.995	0.33867	-0.174783	0.526706	0.191782	-1.42569	-0.0527236
6.0	0.338661	-0.174799	0.526701	0.191975	-1.42583	-0.0529523
6.005	0.338651	-0.174816	0.526699	0.192172	-1.42598	-0.0531873
6.01	0.338642	-0.174831	0.526694	0.192366	-1.42613	-0.0534144
6.015	0.338633	-0.174847	0.526693	0.192564	-1.42628	-0.0536465
6.02	0.338624	-0.174861	0.526688	0.192759	-1.42642	-0.053871
6.025	0.338616	-0.174875	0.526687	0.192958	-1.42657	-0.0541011
6.03	0.338608	-0.174888	0.526683	0.193153	-1.42672	-0.0543236
6.035	0.3386	-0.174902	0.526682	0.193354	-1.42687	-0.0545523
6.04	0.338591	-0.174914	0.526678	0.19355	-1.42702	-0.0547735
6.045	0.338583	-0.174927	0.526677	0.193751	-1.42717	-0.0550013
6.05	0.338575	-0.17494	0.526674	0.193948	-1.42732	-0.0552219
6.055	0.338567	-0.174953	0.526672	0.194149	-1.42747	-0.0554502
6.06	0.338558	-0.174966	0.526667	0.194345	-1.42761	-0.0556716
6.065	0.33855	-0.174979	0.526665	0.194545	-1.42776	-0.0559015
6.07	0.338541	-0.174992	0.52666	0.194741	-1.4279	-0.0561244
6.075	0.338532	-0.175007	0.526657	0.194943	-1.42805	-0.0563561
6.08	0.338523	-0.17502	0.526652	0.195139	-1.42819	-0.0565808
6.085	0.338514	-0.175035	0.526648	0.195341	-1.42834	-0.0568146
6.09	0.338504	-0.175048	0.526641	0.195534	-1.42847	-0.0570334
6.095	0.338494	-0.175059	0.526629	0.195719	-1.42859	-0.0572387
6.1	0.338483	-0.175068	0.526613	0.195895	-1.4287	-0.0574305
6.105	0.338471	-0.175076	0.526594	0.196066	-1.4288	-0.0576109
6.11	0.338459	-0.175083	0.526572	0.196229	-1.42888	-0.05778
6.115	0.338447	-0.175087	0.526548	0.196388	-1.42896	-0.0579394
6.12	0.338435	-0.175091	0.52652	0.19654	-1.42903	-0.0580893
6.125	0.338422	-0.175094	0.526491	0.196689	-1.42909	-0.0582312
6.13	0.338409	-0.175095	0.526459	0.196833	-1.42915	-0.0583649
6.135	0.338396	-0.175095	0.526427	0.196975	-1.4292	-0.0584933
6.14	0.338385	-0.175094	0.526396	0.197119	-1.42926	-0.0586194
6.145	0.338375	-0.175092	0.526368	0.197267	-1.42933	-0.058747
6.15	0.338367	-0.175088	0.526348	0.19743	-1.42942	-0.058885
6.155	0.338359	-0.175084	0.526331	0.197598	-1.42952	-0.0590247
6.16	0.338354	-0.175078	0.526319	0.197776	-1.42964	-0.0591729
6.165	0.338348	-0.175072	0.526309	0.197956	-1.42976	-0.059321
6.17	0.338344	-0.175065	0.526304	0.198146	-1.4299	-0.0594761
6.175	0.338339	-0.175057	0.526298	0.198335	-1.43004	-0.0596297
6.18	0.338336	-0.175049	0.526296	0.198531	-1.43019	-0.0597881
6.185	0.338331	-0.175041	0.526288	0.198716	-1.43032	-0.0599359
6.19	0.338325	-0.175034	0.52628	0.198901	-1.43045	-0.0600855
6.195	0.33832	-0.175031	0.526276	0.199097	-1.43059	-0.0602588
6.2	0.338314	-0.175029	0.526271	0.199293	-1.43073	-0.0604357
6.205	0.338308	-0.17503	0.52627	0.199499	-1.43089	-0.0606342
6.21	0.338302	-0.175033	0.526268	0.199704	-1.43104	-0.0608343
6.215	0.338296	-0.175039	0.52627	0.199919	-1.4312	-0.0610541
6.22	0.33829	-0.175045	0.52627	0.200132	-1.43136	-0.0612729
6.225	0.338284	-0.175054	0.526273	0.200353	-1.43153	-0.0615093
6.23	0.338277	-0.175062	0.526272	0.200565	-1.43168	-0.0617328
6.235	0.338269	-0.175068	0.526267	0.200769	-1.43182	-0.0619431
6.24	0.33826	-0.175073	0.526256	0.200962	-1.43194	-0.0621393
6.245	0.33825	-0.175077	0.526242	0.201148	-1.43205	-0.0623239
6.25	0.338239	-0.17508	0.526224	0.201325	-1.43215	-0.0624963
6.255	0.338228	-0.175082	0.526203	0.201496	-1.43224	-0.0626591
6.26	0.338216	-0.175082	0.526178	0.20166	-1.43232	-0.0628117
6.265	0.338205	-0.175082	0.526152	0.20182	-1.43239	-0.0629565
6.27	0.338192	-0.175081	0.526122	0.201973	-1.43245	-0.0630926
6.275	0.33818	-0.175079	0.526091	0.202123	-1.43251	-0.0632223
6.28	0.338168	-0.175076	0.526062	0.202276	-1.43257	-0.0633522
6.285	0.338159	-0.175072	0.526042	0.202448	-1.43267	-0.0634976
6.29	0.33815	-0.175066	0.526022	0.202619	-1.43276	-0.063639
6.295	0.338144	-0.17506	0.526013	0.202811	-1.43289	-0.063799
6.3	0.338137	-0.175054	0.526002	0.203001	-1.43301	-0.0639582
6.305	0.338133	-0.175051	0.526002	0.203213	-1.43316	-0.0641473
6.31	0.338127	-0.175048	0.525998	0.20342	-1.43331	-0.0643329
6.315	0.338124	-0.175047	0.526003	0.203647	-1.43348	-0.0645435
6.32	0.338118	-0.175047	0.526005	0.203866	-1.43364	-0.0647495
6.325	0.338114	-0.17505	0.526011	0.204098	-1.43382	-0.06498
6.33	0.338108	-0.175054	0.526014	0.204325	-1.43398	-0.0652061
6.335	0.338103	-0.175061	0.526021	0.204564	-1.43416	-0.0654545
6.34	0.338097	-0.175068	0.526025	0.204795	-1.43433	-0.0656965
6.345	0.338091	-0.175079	0.526033	0.205038	-1.43452	-0.0659586
6.35	0.338084	-0.175089	0.526037	0.205274	-1.43469	-0.0662133
6.355	0.338078	-0.175101	0.526045	0.205521	-1.43487	-0.0664862
6.36	0.338071	-0.175112	0.526047	0.205754	-1.43503	-0.06674
6.365	0.338062	-0.175121	0.526044	0.205977	-1.43518	-0.0669783
6.37	0.338052	-0.175129	0.526036	0.206188	-1.43531	-0.0672001
6.375	0.338042	-0.175135	0.526025	0.206391	-1.43543	-0.067409
6.38	0.338031	-0.17514	0.526008	0.206584	-1.43554	-0.0676039
6.385	0.33802	-0.175144	0.52599	0.20677	-1.43563	-0.0677883
6.39	0.338008	-0.175146	0.525967	0.206949	-1.43572	-0.0679608
6.395	0.337995	-0.175148	0.525942	0.207122	-1.4358	-0.0681247
6.4	0.337983	-0.175148	0.525915	0.207288	-1.43586	-0.0682784
6.405	0.33797	-0.175147	0.525885	0.207451	-1.43593	-0.0684252
6.41	0.337957	-0.175146	0.525853	0.207607	-1.43598	-0.0685633
6.415	0.337944	-0.175143	0.525819	0.207759	-1.43603	-0.0686944
6.42	0.337931	-0.17514	0.525786	0.207913	-1.43608	-0.0688239
6.425	0.337922	-0.175135	0.525767	0.208095	-1.43617	-0.0689772
6.43	0.337913	-0.175129	0.525747	0.208275	-1.43626	-0.0691269
6.435	0.337908	-0.175122	0.525739	0.208481	-1.43639	-0.0692988
6.44	0.337901	-0.175115	0.525725	0.208676	-1.43651	-0.0694577
6.445	0.337892	-0.175107	0.525707	0.20886	-1.43661	-0.0696046
6.45	0.337882	-0.175099	0.525684	0.209034	-1.43669	-0.0697401
6.455	0.337871	-0.17509	0.525657	0.209199	-1.43676	-0.0698657
6.46	0.33786	-0.175082	0.52563	0.209365	-1.43683	-0.0699945
6.465	0.33785	-0.175078	0.525609	0.209548	-1.43692	-0.0701494
6.47	0.337839	-0.175074	0.525589	0.209731	-1.43701	-0.0703086
6.475	0.337831	-0.175074	0.525578	0.209938	-1.43713	-0.0705048
6.48	0.337822	-0.175076	0.525565	0.210144	-1.43725	-0.0707014
6.485	0.337815	-0.17508	0.525562	0.210372	-1.43739	-0.0709303
6.49	0.337808	-0.175085	0.525556	0.210595	-1.43753	-0.0711552
6.495	0.337802	-0.175092	0.525557	0.210837	-1.43769	-0.0714074
6.5	0.337794	-0.175099	0.525556	0.211073	-1.43784	-0.0716531
6.505	0.337789	-0.175108	0.525561	0.211326	-1.43801	-0.0719222
6.51	0.337782	-0.175117	0.525563	0.211572	-1.43818	-0.072183
6.515	0.337776	-0.175127	0.52557	0.211833	-1.43836	-0.0724644
6.52	0.33777	-0.175136	0.525575	0.212086	-1.43853	-0.0727318
6.525	0.337766	-0.175142	0.525585	0.212352	-1.43872	-0.0730047
6.53	0.337762	-0.175146	0.525591	0.212609	-1.43889	-0.0732638
6.535	0.337759	-0.175149	0.525603	0.212878	-1.43909	-0.0735282
6.54	0.337755	-0.17515	0.525611	0.213137	-1.43927	-0.0737797
6.545	0.337753	-0.175149	0.525623	0.213408	-1.43946	-0.0740364
6.55	0.337749	-0.175148	0.525631	0.213667	-1.43964	-0.0742798
6.555	0.337746	-0.175145	0.525641	0.213932	-1.43983	-0.0745254
6.56	0.337742	-0.175142	0.525647	0.214187	-1.44	-0.0747592
6.565	0.337739	-0.175138	0.525655	0.214447	-1.44019	-0.0749959
6.57	0.337735	-0.175134	0.52566	0.214699	-1.44036	-0.0752219
6.575	0.337732	-0.175129	0.525666	0.214957	-1.44053	-0.0754525
6.58	0.337727	-0.175124	0.52567	0.215208	-1.4407	-0.0756778
6.585	0.337722	-0.175122	0.525674	0.215462	-1.44087	-0.0759145
6.59	0.337716	-0.175121	0.525674	0.215709	-1.44103	-0.076146
6.595	0.337709	-0.175123	0.525676	0.215961	-1.44119	-0.0763914
6.6	0.337702	-0.175125	0.525675	0.216207	-1.44134	-0.0766313
6.605	0.337695	-0.175129	0.525675	0.216459	-1.4415	-0.0768847
6.61	0.337687	-0.175133	0.525673	0.216706	-1.44165	-0.0771314
6.615	0.33768	-0.175137	0.525675	0.216963	-1.44181	-0.077389
6.62	0.337672	-0.17514	0.525675	0.217215	-1.44197	-0.0776378
6.625	0.337666	-0.175144	0.525678	0.217476	-1.44213	-0.0778981
6.63	0.337659	-0.175146	0.525679	0.217731	-1.44229	-0.0781479
6.635	0.337653	-0.175147	0.525683	0.217993	-1.44246	-0.0784016
6.64	0.337647	-0.175147	0.525684	0.218249	-1.44262	-0.0786452
6.645	0.337642	-0.175145	0.525688	0.218512	-1.44279	-0.078893
6.65	0.337636	-0.175143	0.52569	0.218768	-1.44295	-0.0791305
6.655	0.337631	-0.17514	0.525693	0.219029	-1.44311	-0.0793705
6.66	0.337625	-0.175137	0.525694	0.219285	-1.44327	-0.0796044
6.665	0.33762	-0.175135	0.525697	0.219548	-1.44344	-0.0798506
6.67	0.337614	-0.175133	0.525698	0.219806	-1.4436	-0.0800905
6.675	0.337608	-0.175133	0.525702	0.220071	-1.44376	-0.0803423
6.68	0.337602	-0.175132	0.525703	0.220331	-1.44392	-0.0805873
6.685	0.337596	-0.175132	0.525706	0.220599	-1.44409	-0.0808436
6.69	0.33759	-0.175132	0.525706	0.220858	-1.44425	-0.0810911
6.695	0.337583	-0.175134	0.525706	0.22112	-1.4444	-0.0813464
6.7	0.337575	-0.175136	0.525705	0.221378	-1.44455	-0.0815999
6.705	0.337567	-0.17514	0.525704	0.22164	-1.44471	-0.0818612
6.71	0.337559	-0.175144	0.525702	0.221899	-1.44486	-0.0821195
6.715	0.337552	-0.175147	0.525702	0.222164	-1.44501	-0.082383
6.72	0.337545	-0.17515	0.525701	0.222428	-1.44517	-0.082644
6.725	0.337538	-0.175153	0.525703	0.222697	-1.44533	-0.0829101
6.73	0.337531	-0.175156	0.525702	0.222963	-1.44548	-0.0831738
6.735	0.337523	-0.175161	0.525702	0.223231	-1.44564	-0.0834444
6.74	0.337515	-0.175165	0.525699	0.223492	-1.44578	-0.0837051
6.745	0.337506	-0.175168	0.525691	0.223739	-1.44591	-0.0839493
6.75	0.337496	-0.17517	0.525679	0.223976	-1.44603	-0.0841791
6.755	0.337486	-0.17517	0.525663	0.224202	-1.44613	-0.0843949
6.76	0.337475	-0.17517	0.525644	0.224419	-1.44623	-0.0845989
6.765	0.337464	-0.175169	0.525625	0.224636	-1.44632	-0.0847993
6.77	0.337456	-0.175166	0.525613	0.224871	-1.44644	-0.0850138
6.775	0.337448	-0.175164	0.525601	0.225106	-1.44656	-0.0852279
6.78	0.337441	-0.175162	0.525595	0.225359	-1.44669	-0.0854644
6.785	0.337435	-0.17516	0.525588	0.225611	-1.44683	-0.085698
6.79	0.337429	-0.175159	0.525587	0.225879	-1.44698	-0.0859511
6.795	0.337423	-0.175158	0.525584	0.226143	-1.44712	-0.0861989
6.8	0.337418	-0.175157	0.525586	0.226421	-1.44729	-0.0864638
6.805	0.337413	-0.175156	0.525585	0.226694	-1.44744	-0.0867218
6.81	0.337409	-0.175156	0.525589	0.22698	-1.44761	-0.0869954
6.815	0.337403	-0.175156	0.52559	0.227257	-1.44776	-0.0872612
6.82	0.337397	-0.175159	0.525592	0.227541	-1.44793	-0.0875419
6.825	0.337391	-0.175162	0.525591	0.227817	-1.44808	-0.0878153
6.83	0.337384	-0.175168	0.525591	0.228101	-1.44823	-0.0881031
6.835	0.337376	-0.175173	0.525589	0.228376	-1.44838	-0.0883834
6.84	0.337368	-0.175181	0.525588	0.228658	-1.44854	-0.0886777
6.845	0.337359	-0.175189	0.525584	0.228933	-1.44868	-0.0889642
