0.0	0.310429	-0.173769	0.537008	0.180534	-1.45468	-0.24872
0.005	0.310429	-0.173769	0.537008	0.180534	-1.45468	-0.24872
0.01	0.310429	-0.173769	0.537008	0.180534	-1.45468	-0.24872
0.015	0.31043	-0.173769	0.537008	0.180534	-1.45468	-0.24872
0.02	0.310431	-0.173769	0.537008	0.180534	-1.45468	-0.24872
0.025	0.310433	-0.173769	0.537009	0.180534	-1.45468	-0.24872
0.03	0.310435	-0.173769	0.537009	0.180534	-1.45468	-0.24872
0.035	0.310438	-0.173769	0.53701	0.180534	-1.45468	-0.24872
0.04	0.310441	-0.173769	0.53701	0.180534	-1.45468	-0.24872
0.045	0.310445	-0.173769	0.537011	0.180534	-1.45468	-0.24872
0.05	0.31045	-0.173769	0.537012	0.180534	-1.45468	-0.24872
0.055	0.310455	-0.17377	0.537013	0.180534	-1.45468	-0.24872
0.06	0.310461	-0.17377	0.537014	0.180534	-1.45468	-0.24872
0.065	0.310467	-0.17377	0.537015	0.180534	-1.45468	-0.24872
0.07	0.310473	-0.17377	0.537016	0.180534	-1.45468	-0.24872
0.075	0.310481	-0.17377	0.537018	0.180534	-1.45468	-0.24872
0.08	0.310488	-0.17377	0.537019	0.180534	-1.45468	-0.24872
0.085	0.310497	-0.17377	0.537021	0.180534	-1.45468	-0.24872
0.09	0.310505	-0.173771	0.537022	0.180534	-1.45468	-0.24872
0.095	0.310516	-0.173771	0.537024	0.180534	-1.45468	-0.24872
0.1	0.310526	-0.173771	0.537026	0.180534	-1.45468	-0.24872
0.105	0.310536	-0.173771	0.537028	0.180534	-1.45468	-0.24872
0.11	0.310547	-0.173771	0.53703	0.180534	-1.45468	-0.24872
0.115	0.310559	-0.173772	0.537032	0.180534	-1.45468	-0.24872
0.12	0.310571	-0.173772	0.537034	0.180534	-1.45468	-0.24872
0.125	0.310583	-0.173772	0.537037	0.180534	-1.45468	-0.24872
0.13	0.310597	-0.173772	0.537039	0.180534	-1.45468	-0.24872
0.135	0.31061	-0.173773	0.537042	0.180534	-1.45468	-0.24872
0.14	0.310624	-0.173773	0.537044	0.180534	-1.45468	-0.24872
0.145	0.310639	-0.173773	0.537047	0.180534	-1.45468	-0.24872
0.15	0.310654	-0.173774	0.53705	0.180534	-1.45468	-0.24872
0.155	0.31067	-0.173774	0.537053	0.180534	-1.45468	-0.24872
0.16	0.310687	-0.173774	0.537056	0.180534	-1.45468	-0.24872
0.165	0.310641	-0.173759	0.53704	0.178912	-1.45354	-0.246485
0.17	0.310658	-0.173759	0.537043	0.178912	-1.45354	-0.246485
0.175	0.310676	-0.17376	0.537047	0.178912	-1.45354	-0.246485
0.18	0.310695	-0.17376	0.53705	0.178912	-1.45354	-0.246485
0.185	0.310714	-0.17376	0.537054	0.178912	-1.45354	-0.246485
0.19	0.310733	-0.173761	0.537057	0.178912	-1.45354	-0.246485
0.195	0.310753	-0.173761	0.537061	0.178912	-1.45354	-0.246485
0.2	0.310774	-0.173762	0.537065	0.178912	-1.45354	-0.246485
0.205	0.310795	-0.173762	0.537069	0.178912	-1.45354	-0.246485
0.21	0.310816	-0.173762	0.537073	0.178912	-1.45354	-0.246485
0.215	0.310839	-0.173763	0.537077	0.178912	-1.45354	-0.246485
0.22	0.310861	-0.173763	0.537081	0.178912	-1.45354	-0.246485
0.225	0.310823	-0.173749	0.537066	0.177313	-1.45242	-0.244282
0.23	0.310846	-0.173749	0.537071	0.177313	-1.45242	-0.244282
0.235	0.310871	-0.173749	0.537075	0.177313	-1.45242	-0.244282
0.24	0.310895	-0.17375	0.53708	0.177313	-1.45242	-0.244282
0.245	0.310921	-0.17375	0.537085	0.177313	-1.45242	-0.244282
0.25	0.310946	-0.173751	0.537089	0.177313	-1.45242	-0.244282
0.255	0.310973	-0.173751	0.537094	0.177313	-1.45242	-0.244282
0.26	0.310999	-0.173752	0.537099	0.177313	-1.45242	-0.244282
0.265	0.311027	-0.173752	0.537104	0.177313	-1.45242	-0.244282
0.27	0.311054	-0.173753	0.537109	0.177313	-1.45242	-0.244282
0.275	0.311017	-0.173738	0.537095	0.175618	-1.45123	-0.241947
0.28	0.311046	-0.173738	0.5371	0.175618	-1.45123	-0.241947
0.285	0.311076	-0.173739	0.537106	0.175618	-1.45123	-0.241947
0.29	0.311105	-0.173739	0.537111	0.175618	-1.45123	-0.241947
0.295	0.311136	-0.17374	0.537117	0.175618	-1.45123	-0.241947
0.3	0.311167	-0.17374	0.537122	0.175618	-1.45123	-0.241947
0.305	0.311198	-0.173741	0.537128	0.175618	-1.45123	-0.241947
0.31	0.31123	-0.173741	0.537134	0.175618	-1.45123	-0.241947
0.315	0.3112	-0.173727	0.537121	0.174005	-1.4501	-0.239725
0.32	0.311233	-0.173728	0.537127	0.174005	-1.4501	-0.239725
0.325	0.311266	-0.173728	0.537134	0.174005	-1.4501	-0.239725
0.33	0.3113	-0.173729	0.53714	0.174005	-1.4501	-0.239725
0.335	0.311334	-0.173729	0.537146	0.174005	-1.4501	-0.239725
0.34	0.311369	-0.17373	0.537153	0.174005	-1.4501	-0.239725
0.345	0.311404	-0.17373	0.537159	0.174005	-1.4501	-0.239725
0.35	0.311379	-0.173717	0.537147	0.172425	-1.44899	-0.237548
0.355	0.311416	-0.173717	0.537154	0.172425	-1.44899	-0.237548
0.36	0.311452	-0.173718	0.537161	0.172425	-1.44899	-0.237548
0.365	0.31149	-0.173719	0.537168	0.172425	-1.44899	-0.237548
0.37	0.311527	-0.173719	0.537175	0.172425	-1.44899	-0.237548
0.375	0.311566	-0.17372	0.537182	0.172425	-1.44899	-0.237548
0.38	0.311604	-0.17372	0.537189	0.172425	-1.44899	-0.237548
0.385	0.311577	-0.173706	0.537176	0.170708	-1.44779	-0.235182
0.39	0.311617	-0.173706	0.537184	0.170708	-1.44779	-0.235182
0.395	0.311657	-0.173707	0.537191	0.170708	-1.44779	-0.235182
0.4	0.311698	-0.173707	0.537198	0.170708	-1.44779	-0.235182
0.405	0.311739	-0.173708	0.537206	0.170708	-1.44779	-0.235182
0.41	0.311781	-0.173708	0.537214	0.170708	-1.44779	-0.235182
0.415	0.31176	-0.173695	0.537203	0.169088	-1.44665	-0.232951
0.42	0.311803	-0.173696	0.537211	0.169088	-1.44665	-0.232951
0.425	0.311846	-0.173696	0.537218	0.169089	-1.44665	-0.232951
0.43	0.311889	-0.173697	0.537226	0.169089	-1.44665	-0.232951
0.435	0.311933	-0.173697	0.537235	0.169089	-1.44665	-0.232951
0.44	0.311978	-0.173698	0.537243	0.169089	-1.44665	-0.232951
0.445	0.311956	-0.173684	0.537231	0.16738	-1.44546	-0.230597
0.45	0.312002	-0.173685	0.53724	0.16738	-1.44546	-0.230597
0.455	0.312047	-0.173685	0.537248	0.16738	-1.44546	-0.230597
0.46	0.312094	-0.173686	0.537257	0.16738	-1.44546	-0.230597
0.465	0.312141	-0.173686	0.537265	0.16738	-1.44546	-0.230597
0.47	0.312188	-0.173687	0.537274	0.16738	-1.44546	-0.230597
0.475	0.312165	-0.173672	0.537262	0.165564	-1.44418	-0.228096
0.48	0.312213	-0.173673	0.537271	0.165564	-1.44418	-0.228096
0.485	0.312262	-0.173673	0.537279	0.165564	-1.44418	-0.228096
0.49	0.312311	-0.173674	0.537288	0.165564	-1.44418	-0.228096
0.495	0.31236	-0.173674	0.537297	0.165564	-1.44418	-0.228096
0.5	0.312347	-0.173662	0.537288	0.163939	-1.44304	-0.225857
0.505	0.312397	-0.173662	0.537297	0.163939	-1.44304	-0.225857
0.51	0.312448	-0.173663	0.537307	0.163939	-1.44304	-0.225857
0.515	0.312499	-0.173663	0.537316	0.163939	-1.44304	-0.225857
0.52	0.312551	-0.173664	0.537325	0.163939	-1.44304	-0.225857
0.525	0.312538	-0.173651	0.537316	0.162268	-1.44187	-0.223555
0.53	0.312591	-0.173651	0.537325	0.162268	-1.44187	-0.223555
0.535	0.312643	-0.173652	0.537335	0.162268	-1.44187	-0.223555
0.54	0.312697	-0.173652	0.537345	0.162268	-1.44187	-0.223555
0.545	0.312751	-0.173653	0.537355	0.162268	-1.44187	-0.223555
0.55	0.312737	-0.17364	0.537345	0.16053	-1.44065	-0.22116
0.555	0.312792	-0.17364	0.537355	0.16053	-1.44065	-0.22116
0.56	0.312847	-0.17364	0.537365	0.16053	-1.44065	-0.22116
0.565	0.312902	-0.173641	0.537375	0.16053	-1.44065	-0.22116
0.57	0.312958	-0.173641	0.537385	0.16053	-1.44065	-0.22116
0.575	0.312944	-0.173628	0.537375	0.158723	-1.43939	-0.21867
0.58	0.313001	-0.173628	0.537385	0.158723	-1.43939	-0.21867
0.585	0.313058	-0.173629	0.537396	0.158723	-1.43939	-0.21867
0.59	0.313116	-0.173629	0.537406	0.158723	-1.43939	-0.21867
0.595	0.313174	-0.173629	0.537417	0.158723	-1.43939	-0.21867
0.6	0.313159	-0.173616	0.537406	0.156849	-1.43807	-0.216089
0.605	0.313218	-0.173616	0.537417	0.156849	-1.43807	-0.216089
0.61	0.313277	-0.173616	0.537428	0.156849	-1.43807	-0.216089
0.615	0.313336	-0.173617	0.537439	0.156849	-1.43807	-0.216089
0.62	0.313335	-0.173605	0.537432	0.155264	-1.43696	-0.213905
0.625	0.313395	-0.173606	0.537443	0.155264	-1.43696	-0.213905
0.63	0.313456	-0.173606	0.537454	0.155264	-1.43696	-0.213905
0.635	0.313517	-0.173606	0.537465	0.155264	-1.43696	-0.213905
0.64	0.313516	-0.173595	0.537458	0.153672	-1.43585	-0.211712
0.645	0.313578	-0.173595	0.537469	0.153672	-1.43585	-0.211712
0.65	0.31364	-0.173595	0.537481	0.153672	-1.43585	-0.211712
0.655	0.313703	-0.173596	0.537492	0.153672	-1.43585	-0.211712
0.66	0.313702	-0.173585	0.537485	0.152044	-1.4347	-0.209469
0.665	0.313766	-0.173585	0.537497	0.152044	-1.4347	-0.209469
0.67	0.313829	-0.173585	0.537508	0.152044	-1.4347	-0.209469
0.675	0.313893	-0.173585	0.53752	0.152044	-1.4347	-0.209469
0.68	0.313893	-0.173574	0.537513	0.150377	-1.43353	-0.207173
0.685	0.313958	-0.173574	0.537525	0.150377	-1.43353	-0.207173
0.69	0.314023	-0.173574	0.537536	0.150377	-1.43353	-0.207173
0.695	0.314088	-0.173574	0.537548	0.150377	-1.43353	-0.207173
0.7	0.314088	-0.173563	0.537541	0.148673	-1.43234	-0.204825
0.705	0.314154	-0.173563	0.537553	0.148673	-1.43234	-0.204825
0.71	0.314221	-0.173562	0.537565	0.148673	-1.43234	-0.204825
0.715	0.314288	-0.173562	0.537577	0.148673	-1.43234	-0.204825
0.72	0.314287	-0.173551	0.53757	0.146932	-1.43112	-0.202427
0.725	0.314354	-0.173551	0.537582	0.146932	-1.43112	-0.202427
0.73	0.314422	-0.173551	0.537595	0.146932	-1.43112	-0.202427
0.735	0.314491	-0.173551	0.537607	0.146932	-1.43112	-0.202427
0.74	0.31449	-0.17354	0.5376	0.145156	-1.42987	-0.199979
0.745	0.314559	-0.17354	0.537612	0.145156	-1.42987	-0.199979
0.75	0.314628	-0.173539	0.537625	0.145156	-1.42987	-0.199979
0.755	0.314698	-0.173539	0.537637	0.145156	-1.42987	-0.199979
0.76	0.314697	-0.173528	0.53763	0.143345	-1.4286	-0.197485
0.765	0.314767	-0.173528	0.537642	0.143345	-1.4286	-0.197485
0.77	0.314837	-0.173527	0.537655	0.143345	-1.4286	-0.197485
0.775	0.314908	-0.173527	0.537668	0.143345	-1.4286	-0.197485
0.78	0.314907	-0.173516	0.53766	0.141501	-1.42731	-0.194944
0.785	0.314979	-0.173516	0.537673	0.141501	-1.42731	-0.194944
0.79	0.315051	-0.173515	0.537686	0.141501	-1.42731	-0.194944
0.795	0.315123	-0.173515	0.537699	0.141501	-1.42731	-0.194944
0.8	0.315122	-0.173504	0.537692	0.139625	-1.426	-0.19236
0.805	0.315194	-0.173503	0.537705	0.139625	-1.426	-0.19236
0.81	0.315267	-0.173503	0.537718	0.139625	-1.426	-0.19236
0.815	0.315341	-0.173502	0.537731	0.139625	-1.426	-0.19236
0.82	0.315339	-0.173491	0.537723	0.137718	-1.42466	-0.189732
0.825	0.315413	-0.173491	0.537737	0.137718	-1.42466	-0.189732
0.83	0.315488	-0.17349	0.53775	0.137718	-1.42466	-0.189732
0.835	0.315562	-0.17349	0.537763	0.137718	-1.42466	-0.189732
0.84	0.315561	-0.173479	0.537756	0.135781	-1.4233	-0.187064
0.845	0.315636	-0.173478	0.537769	0.135781	-1.4233	-0.187064
0.85	0.315711	-0.173477	0.537782	0.135781	-1.4233	-0.187064
0.855	0.315787	-0.173477	0.537796	0.135781	-1.4233	-0.187064
0.86	0.315785	-0.173466	0.537788	0.133816	-1.42192	-0.184357
0.865	0.315861	-0.173465	0.537802	0.133816	-1.42192	-0.184357
0.87	0.315938	-0.173464	0.537815	0.133816	-1.42192	-0.184357
0.875	0.316014	-0.173464	0.537829	0.133816	-1.42192	-0.184357
0.88	0.316013	-0.173453	0.537821	0.131824	-1.42053	-0.181612
0.885	0.31609	-0.173452	0.537835	0.131824	-1.42053	-0.181612
0.89	0.316167	-0.173451	0.537849	0.131824	-1.42053	-0.181612
0.895	0.316183	-0.173443	0.537846	0.130261	-1.41943	-0.179459
0.9	0.316261	-0.173442	0.53786	0.130261	-1.41943	-0.179459
0.905	0.316339	-0.173441	0.537873	0.130261	-1.41943	-0.179459
0.91	0.316418	-0.17344	0.537887	0.130261	-1.41943	-0.179459
0.915	0.316418	-0.17343	0.53788	0.12827	-1.41803	-0.176715
0.92	0.316496	-0.173429	0.537894	0.12827	-1.41803	-0.176715
0.925	0.316575	-0.173428	0.537908	0.12827	-1.41803	-0.176715
0.93	0.316592	-0.17342	0.537905	0.126678	-1.41692	-0.174523
0.935	0.316671	-0.173419	0.537919	0.126678	-1.41692	-0.174523
0.94	0.316751	-0.173417	0.537933	0.126678	-1.41692	-0.174523
0.945	0.316769	-0.17341	0.537931	0.125116	-1.41582	-0.172371
0.95	0.316849	-0.173408	0.537945	0.125116	-1.41582	-0.172371
0.955	0.31693	-0.173407	0.537959	0.125116	-1.41582	-0.172371
0.96	0.316948	-0.173399	0.537957	0.123547	-1.41472	-0.170209
0.965	0.317029	-0.173398	0.537971	0.123547	-1.41472	-0.170209
0.97	0.31711	-0.173397	0.537986	0.123547	-1.41472	-0.170209
0.975	0.317129	-0.173389	0.537983	0.121966	-1.41361	-0.168031
0.98	0.31721	-0.173388	0.537998	0.121966	-1.41361	-0.168031
0.985	0.317292	-0.173386	0.538012	0.121966	-1.41361	-0.168031
0.99	0.31731	-0.173379	0.53801	0.120373	-1.4125	-0.165837
0.995	0.317392	-0.173377	0.538024	0.120373	-1.4125	-0.165837
1.0	0.317474	-0.173376	0.538039	0.120373	-1.4125	-0.165837
1.005	0.317493	-0.173368	0.538036	0.118771	-1.41137	-0.163629
1.01	0.317576	-0.173367	0.538051	0.118771	-1.41137	-0.163629
1.015	0.317658	-0.173365	0.538065	0.118771	-1.41137	-0.163629
1.02	0.317677	-0.173358	0.538063	0.117158	-1.41024	-0.161407
1.025	0.31776	-0.173356	0.538078	0.117158	-1.41024	-0.161407
1.03	0.317843	-0.173354	0.538092	0.117158	-1.41024	-0.161407
1.035	0.317862	-0.173347	0.53809	0.115535	-1.40911	-0.159172
1.04	0.317946	-0.173346	0.538105	0.115535	-1.40911	-0.159172
1.045	0.318029	-0.173344	0.538119	0.115535	-1.40911	-0.159172
1.05	0.318048	-0.173337	0.538117	0.113904	-1.40796	-0.156924
1.055	0.318132	-0.173335	0.538132	0.113904	-1.40796	-0.156924
1.06	0.318216	-0.173333	0.538146	0.113904	-1.40796	-0.156924
1.065	0.318235	-0.173326	0.538144	0.112264	-1.40681	-0.154665
1.07	0.318319	-0.173324	0.538159	0.112264	-1.40681	-0.154665
1.075	0.318404	-0.173322	0.538174	0.112264	-1.40681	-0.154665
1.08	0.318423	-0.173316	0.538172	0.110617	-1.40566	-0.152396
1.085	0.318508	-0.173313	0.538186	0.110617	-1.40566	-0.152396
1.09	0.318592	-0.173311	0.538201	0.110617	-1.40566	-0.152396
1.095	0.318612	-0.173305	0.538199	0.108963	-1.4045	-0.150116
1.1	0.318697	-0.173302	0.538214	0.108963	-1.4045	-0.150116
1.105	0.318782	-0.1733	0.538229	0.108963	-1.4045	-0.150116
1.11	0.318801	-0.173294	0.538227	0.107301	-1.40333	-0.147828
1.115	0.318886	-0.173292	0.538241	0.107301	-1.40333	-0.147828
1.12	0.318972	-0.173289	0.538256	0.107301	-1.40333	-0.147828
1.125	0.318991	-0.173283	0.538254	0.105634	-1.40216	-0.145531
1.13	0.319077	-0.173281	0.538269	0.105634	-1.40216	-0.145531
1.135	0.319162	-0.173278	0.538284	0.105634	-1.40216	-0.145531
1.14	0.319182	-0.173272	0.538282	0.103962	-1.40099	-0.143227
1.145	0.319268	-0.17327	0.538297	0.103962	-1.40099	-0.143227
1.15	0.319354	-0.173267	0.538312	0.103962	-1.40099	-0.143227
1.155	0.319373	-0.173261	0.53831	0.102284	-1.39981	-0.140916
1.16	0.319459	-0.173259	0.538325	0.102284	-1.39981	-0.140916
1.165	0.319545	-0.173256	0.538339	0.102284	-1.39981	-0.140916
1.17	0.319565	-0.17325	0.538338	0.100603	-1.39864	-0.138599
1.175	0.319651	-0.173248	0.538352	0.100603	-1.39864	-0.138599
1.18	0.319737	-0.173245	0.538367	0.100603	-1.39864	-0.138599
1.185	0.319757	-0.17324	0.538366	0.0989176	-1.39745	-0.136278
1.19	0.319843	-0.173237	0.53838	0.0989176	-1.39745	-0.136278
1.195	0.31993	-0.173234	0.538395	0.0989176	-1.39745	-0.136278
1.2	0.319949	-0.173229	0.538393	0.0972293	-1.39627	-0.133952
1.205	0.320036	-0.173225	0.538408	0.0972293	-1.39627	-0.133952
1.21	0.320122	-0.173222	0.538423	0.0972293	-1.39627	-0.133952
1.215	0.320142	-0.173218	0.538422	0.0955386	-1.39508	-0.131622
1.22	0.320229	-0.173214	0.538436	0.0955386	-1.39508	-0.131622
1.225	0.320315	-0.173211	0.538451	0.0955386	-1.39508	-0.131622
1.23	0.320335	-0.173207	0.53845	0.093846	-1.3939	-0.12929
1.235	0.320422	-0.173203	0.538464	0.093846	-1.3939	-0.12929
1.24	0.320508	-0.1732	0.538479	0.093846	-1.3939	-0.12929
1.245	0.320528	-0.173196	0.538478	0.0921521	-1.39271	-0.126957
1.25	0.320615	-0.173192	0.538492	0.0921521	-1.39271	-0.126957
1.255	0.320702	-0.173189	0.538507	0.0921521	-1.39271	-0.126957
1.26	0.320721	-0.173185	0.538506	0.0904576	-1.39152	-0.124622
1.265	0.320808	-0.173181	0.538521	0.0904576	-1.39152	-0.124622
1.27	0.320895	-0.173178	0.538535	0.0904576	-1.39152	-0.124622
1.275	0.320914	-0.173174	0.538534	0.088763	-1.39033	-0.122288
1.28	0.321001	-0.17317	0.538549	0.088763	-1.39033	-0.122288
1.285	0.321088	-0.173166	0.538563	0.088763	-1.39033	-0.122288
1.29	0.321107	-0.173163	0.538562	0.0870689	-1.38915	-0.119954
1.295	0.321194	-0.173159	0.538577	0.0870689	-1.38915	-0.119954
1.3	0.321281	-0.173155	0.538591	0.0870689	-1.38915	-0.119954
1.305	0.3213	-0.173152	0.53859	0.085376	-1.38796	-0.117621
1.31	0.321387	-0.173148	0.538605	0.085376	-1.38796	-0.117621
1.315	0.321473	-0.173144	0.538619	0.085376	-1.38796	-0.117621
1.32	0.321493	-0.173141	0.538618	0.0836848	-1.38677	-0.115291
1.325	0.321579	-0.173137	0.538633	0.0836848	-1.38677	-0.115291
1.33	0.321666	-0.173133	0.538647	0.0836848	-1.38677	-0.115291
1.335	0.321685	-0.17313	0.538646	0.0819959	-1.38559	-0.112965
1.34	0.321772	-0.173126	0.538661	0.0819959	-1.38559	-0.112965
1.345	0.321858	-0.173122	0.538675	0.0819959	-1.38559	-0.112965
1.35	0.321877	-0.173119	0.538674	0.0803099	-1.38441	-0.110642
1.355	0.321963	-0.173115	0.538688	0.0803099	-1.38441	-0.110642
1.36	0.32205	-0.17311	0.538703	0.0803099	-1.38441	-0.110642
1.365	0.322069	-0.173108	0.538702	0.0786274	-1.38323	-0.108324
1.37	0.322155	-0.173104	0.538716	0.0786274	-1.38323	-0.108324
1.375	0.322241	-0.173099	0.538731	0.0786274	-1.38323	-0.108324
1.38	0.32226	-0.173097	0.538729	0.076949	-1.38205	-0.106012
1.385	0.322346	-0.173093	0.538744	0.076949	-1.38205	-0.106012
1.39	0.322432	-0.173088	0.538758	0.076949	-1.38205	-0.106012
1.395	0.322451	-0.173086	0.538757	0.0752753	-1.38088	-0.103706
1.4	0.322536	-0.173082	0.538772	0.0752753	-1.38088	-0.103706
1.405	0.322622	-0.173077	0.538786	0.0752753	-1.38088	-0.103706
1.41	0.322641	-0.173075	0.538785	0.0736069	-1.37971	-0.101407
1.415	0.322726	-0.173071	0.538799	0.0736069	-1.37971	-0.101407
1.42	0.322811	-0.173066	0.538813	0.0736069	-1.37971	-0.101407
1.425	0.32283	-0.173064	0.538812	0.0719444	-1.37854	-0.0991169
1.43	0.322915	-0.17306	0.538827	0.0719444	-1.37854	-0.0991169
1.435	0.323	-0.173055	0.538841	0.0719444	-1.37854	-0.0991169
1.44	0.323019	-0.173054	0.53884	0.0702883	-1.37738	-0.0968353
1.445	0.323103	-0.173049	0.538854	0.0702883	-1.37738	-0.0968353
1.45	0.323188	-0.173044	0.538868	0.0702883	-1.37738	-0.0968353
1.455	0.323206	-0.173043	0.538867	0.0686393	-1.37622	-0.0945635
1.46	0.323291	-0.173038	0.538881	0.0686393	-1.37622	-0.0945635
1.465	0.323375	-0.173034	0.538895	0.0686393	-1.37622	-0.0945635
1.47	0.323393	-0.173032	0.538894	0.0669979	-1.37507	-0.0923021
1.475	0.323477	-0.173028	0.538908	0.0669979	-1.37507	-0.0923021
1.48	0.323561	-0.173023	0.538922	0.0669979	-1.37507	-0.0923021
1.485	0.323579	-0.173022	0.538921	0.0653647	-1.37393	-0.0900521
1.49	0.323663	-0.173017	0.538935	0.0653647	-1.37393	-0.0900521
1.495	0.323746	-0.173012	0.538949	0.0653647	-1.37393	-0.0900521
1.5	0.323764	-0.173011	0.538948	0.0637403	-1.37279	-0.0878141
1.505	0.323847	-0.173006	0.538962	0.0637403	-1.37279	-0.0878141
1.51	0.32393	-0.173001	0.538976	0.0637403	-1.37279	-0.0878141
1.515	0.323948	-0.173001	0.538975	0.0621252	-1.37166	-0.085589
1.52	0.32403	-0.172996	0.538989	0.0621252	-1.37166	-0.085589
1.525	0.324113	-0.172991	0.539002	0.0621252	-1.37166	-0.085589
1.53	0.324131	-0.17299	0.539001	0.06052	-1.37053	-0.0833776
1.535	0.324213	-0.172985	0.539015	0.06052	-1.37053	-0.0833776
1.54	0.324294	-0.17298	0.539029	0.06052	-1.37053	-0.0833776
1.545	0.324312	-0.17298	0.539028	0.0589253	-1.36941	-0.0811806
1.55	0.324394	-0.172975	0.539041	0.0589253	-1.36941	-0.0811806
1.555	0.324475	-0.17297	0.539055	0.0589253	-1.36941	-0.0811806
1.56	0.324493	-0.17297	0.539054	0.0573417	-1.3683	-0.0789989
1.565	0.324573	-0.172965	0.539067	0.0573417	-1.3683	-0.0789989
1.57	0.324654	-0.172959	0.539081	0.0573417	-1.3683	-0.0789989
1.575	0.324671	-0.172959	0.53908	0.0557697	-1.3672	-0.0768331
1.58	0.324752	-0.172954	0.539093	0.0557697	-1.3672	-0.0768331
1.585	0.324832	-0.172949	0.539106	0.0557697	-1.3672	-0.0768331
1.59	0.324849	-0.172949	0.539106	0.0542098	-1.36611	-0.0746841
1.595	0.324929	-0.172944	0.539119	0.0542098	-1.36611	-0.0746841
1.6	0.325008	-0.172939	0.539132	0.0542098	-1.36611	-0.0746841
1.605	0.325025	-0.172939	0.539131	0.0526626	-1.36502	-0.0725526
1.61	0.325104	-0.172934	0.539144	0.0526626	-1.36502	-0.0725526
1.615	0.325182	-0.172929	0.539157	0.0526626	-1.36502	-0.0725526
1.62	0.3252	-0.172929	0.539157	0.0511287	-1.36395	-0.0704394
1.625	0.325278	-0.172924	0.53917	0.0511287	-1.36395	-0.0704394
1.63	0.325356	-0.172919	0.539182	0.0511287	-1.36395	-0.0704394
1.635	0.325433	-0.172914	0.539195	0.0511287	-1.36395	-0.0704394
1.64	0.325432	-0.172916	0.539191	0.0491571	-1.36256	-0.067723
1.645	0.325509	-0.172911	0.539203	0.0491571	-1.36256	-0.067723
1.65	0.325586	-0.172905	0.539216	0.0491571	-1.36256	-0.067723
1.655	0.325601	-0.172906	0.539215	0.0476095	-1.36148	-0.0655909
1.66	0.325677	-0.172901	0.539228	0.0476095	-1.36148	-0.0655909
1.665	0.325753	-0.172896	0.53924	0.0476095	-1.36148	-0.0655909
1.67	0.325829	-0.17289	0.539252	0.0476095	-1.36148	-0.0655909
1.675	0.325828	-0.172893	0.539248	0.0456779	-1.36012	-0.0629297
1.68	0.325903	-0.172888	0.539261	0.0456779	-1.36012	-0.0629297
1.685	0.325978	-0.172883	0.539273	0.0456779	-1.36012	-0.0629297
1.69	0.326053	-0.172877	0.539285	0.0456779	-1.36012	-0.0629297
1.695	0.32605	-0.172881	0.539281	0.0437322	-1.35876	-0.0602491
1.7	0.326124	-0.172875	0.539293	0.0437322	-1.35876	-0.0602491
1.705	0.326198	-0.17287	0.539305	0.0437322	-1.35876	-0.0602491
1.71	0.326271	-0.172865	0.539317	0.0437322	-1.35876	-0.0602491
1.715	0.326268	-0.172868	0.539312	0.0418113	-1.35741	-0.0576027
1.72	0.326341	-0.172863	0.539324	0.0418113	-1.35741	-0.0576027
1.725	0.326414	-0.172858	0.539336	0.0418113	-1.35741	-0.0576027
1.73	0.326486	-0.172852	0.539348	0.0418113	-1.35741	-0.0576027
1.735	0.326483	-0.172856	0.539344	0.0399204	-1.35609	-0.0549976
1.74	0.326555	-0.172851	0.539355	0.0399204	-1.35609	-0.0549976
1.745	0.326626	-0.172845	0.539367	0.0399204	-1.35609	-0.0549976
1.75	0.326698	-0.17284	0.539378	0.0399204	-1.35609	-0.0549976
1.755	0.326694	-0.172844	0.539374	0.0380609	-1.35478	-0.0524358
1.76	0.326765	-0.172839	0.539386	0.0380609	-1.35478	-0.0524358
1.765	0.326835	-0.172833	0.539397	0.0380609	-1.35478	-0.0524358
1.77	0.326905	-0.172828	0.539408	0.0380609	-1.35478	-0.0524358
1.775	0.326902	-0.172832	0.539404	0.0362341	-1.3535	-0.0499191
1.78	0.326971	-0.172827	0.539416	0.0362341	-1.3535	-0.0499191
1.785	0.32704	-0.172821	0.539427	0.0362341	-1.3535	-0.0499191
1.79	0.327109	-0.172816	0.539438	0.0362341	-1.3535	-0.0499191
1.795	0.327106	-0.172821	0.539434	0.0344412	-1.35225	-0.0474491
1.8	0.327174	-0.172815	0.539445	0.0344412	-1.35225	-0.0474491
1.805	0.327241	-0.17281	0.539456	0.0344412	-1.35225	-0.0474491
1.81	0.327308	-0.172805	0.539467	0.0344412	-1.35225	-0.0474491
1.815	0.327305	-0.172809	0.539463	0.0326833	-1.35101	-0.0450272
1.82	0.327372	-0.172804	0.539474	0.0326833	-1.35101	-0.0450272
1.825	0.327438	-0.172799	0.539484	0.0326833	-1.35101	-0.0450272
1.83	0.327504	-0.172793	0.539495	0.0326833	-1.35101	-0.0450272
1.835	0.327501	-0.172798	0.539492	0.0309615	-1.34981	-0.0426551
1.84	0.327566	-0.172793	0.539502	0.0309615	-1.34981	-0.0426551
1.845	0.327631	-0.172788	0.539512	0.0309615	-1.34981	-0.0426551
1.85	0.327695	-0.172782	0.539523	0.0309615	-1.34981	-0.0426551
1.855	0.327692	-0.172787	0.539519	0.0292768	-1.34863	-0.0403341
1.86	0.327756	-0.172782	0.53953	0.0292768	-1.34863	-0.0403341
1.865	0.327819	-0.172777	0.53954	0.0292768	-1.34863	-0.0403341
1.87	0.327882	-0.172771	0.53955	0.0292768	-1.34863	-0.0403341
1.875	0.327879	-0.172777	0.539547	0.0276303	-1.34747	-0.0380658
1.88	0.327941	-0.172771	0.539556	0.0276303	-1.34747	-0.0380658
1.885	0.328003	-0.172766	0.539566	0.0276303	-1.34747	-0.0380658
1.89	0.328065	-0.172761	0.539576	0.0276303	-1.34747	-0.0380658
1.895	0.328062	-0.172766	0.539573	0.0260231	-1.34634	-0.0358516
1.9	0.328122	-0.172761	0.539583	0.0260231	-1.34634	-0.0358516
1.905	0.328183	-0.172756	0.539592	0.0260231	-1.34634	-0.0358516
1.91	0.328242	-0.172751	0.539602	0.0260231	-1.34634	-0.0358516
1.915	0.32824	-0.172756	0.539599	0.0244562	-1.34525	-0.0336928
1.92	0.328299	-0.172751	0.539608	0.0244562	-1.34525	-0.0336928
1.925	0.328357	-0.172746	0.539618	0.0244562	-1.34525	-0.0336928
1.93	0.328415	-0.172741	0.539627	0.0244562	-1.34525	-0.0336928
1.935	0.328413	-0.172746	0.539624	0.0229304	-1.34418	-0.0315909
1.94	0.32847	-0.172741	0.539633	0.0229304	-1.34418	-0.0315909
1.945	0.328527	-0.172736	0.539642	0.0229304	-1.34418	-0.0315909
1.95	0.328584	-0.172731	0.539651	0.0229304	-1.34418	-0.0315909
1.955	0.32864	-0.172726	0.53966	0.0229304	-1.34418	-0.0315909
1.96	0.328624	-0.172734	0.539655	0.0211211	-1.34291	-0.0290981
1.965	0.328679	-0.172729	0.539664	0.0211211	-1.34291	-0.0290981
1.97	0.328734	-0.172724	0.539672	0.0211211	-1.34291	-0.0290981
1.975	0.328789	-0.172719	0.539681	0.0211211	-1.34291	-0.0290981
1.98	0.328843	-0.172715	0.53969	0.0211211	-1.34291	-0.0290981
1.985	0.328826	-0.172723	0.539684	0.0193437	-1.34166	-0.0266494
1.99	0.328879	-0.172718	0.539693	0.0193437	-1.34166	-0.0266494
1.995	0.328932	-0.172713	0.539701	0.0193437	-1.34166	-0.0266494
2.0	0.328984	-0.172708	0.539709	0.0193437	-1.34166	-0.0266494
2.005	0.329036	-0.172704	0.539717	0.0193437	-1.34166	-0.0266494
2.01	0.32902	-0.172712	0.539712	0.017632	-1.34046	-0.0242913
2.015	0.329071	-0.172707	0.53972	0.017632	-1.34046	-0.0242913
2.02	0.329121	-0.172702	0.539728	0.017632	-1.34046	-0.0242913
2.025	0.329172	-0.172698	0.539736	0.017632	-1.34046	-0.0242913
2.03	0.329221	-0.172693	0.539744	0.017632	-1.34046	-0.0242913
2.035	0.329206	-0.172701	0.539739	0.0159911	-1.33931	-0.0220306
2.04	0.329254	-0.172697	0.539747	0.0159911	-1.33931	-0.0220306
2.045	0.329303	-0.172692	0.539755	0.0159911	-1.33931	-0.0220306
2.05	0.329351	-0.172688	0.539762	0.0159911	-1.33931	-0.0220306
2.055	0.329398	-0.172683	0.53977	0.0159911	-1.33931	-0.0220306
2.06	0.329383	-0.172691	0.539765	0.0144229	-1.33821	-0.0198701
2.065	0.32943	-0.172687	0.539772	0.0144229	-1.33821	-0.0198701
2.07	0.329476	-0.172682	0.53978	0.0144229	-1.33821	-0.0198701
2.075	0.329521	-0.172678	0.539787	0.0144229	-1.33821	-0.0198701
2.08	0.329566	-0.172674	0.539794	0.0144229	-1.33821	-0.0198701
2.085	0.329611	-0.17267	0.539801	0.0144229	-1.33821	-0.0198701
2.09	0.329586	-0.172679	0.539795	0.0126703	-1.33698	-0.0174556
2.095	0.32963	-0.172675	0.539802	0.0126703	-1.33698	-0.0174556
2.1	0.329673	-0.172671	0.539808	0.0126703	-1.33698	-0.0174556
2.105	0.329716	-0.172667	0.539815	0.0126703	-1.33698	-0.0174556
2.11	0.329758	-0.172663	0.539822	0.0126703	-1.33698	-0.0174556
2.115	0.3298	-0.172659	0.539828	0.0126703	-1.33698	-0.0174556
2.12	0.329775	-0.172668	0.539822	0.0109973	-1.33581	-0.0151507
2.125	0.329816	-0.172665	0.539829	0.0109973	-1.33581	-0.0151507
2.13	0.329857	-0.172661	0.539835	0.0109973	-1.33581	-0.0151507
2.135	0.329897	-0.172657	0.539841	0.0109973	-1.33581	-0.0151507
2.14	0.329936	-0.172653	0.539847	0.0109973	-1.33581	-0.0151507
2.145	0.329975	-0.172649	0.539854	0.0109973	-1.33581	-0.0151507
2.15	0.329952	-0.172659	0.539848	0.00943304	-1.33471	-0.0129956
2.155	0.32999	-0.172655	0.539854	0.00943304	-1.33471	-0.0129956
2.16	0.330027	-0.172651	0.53986	0.00943304	-1.33471	-0.0129956
2.165	0.330064	-0.172648	0.539865	0.00943304	-1.33471	-0.0129956
2.17	0.330101	-0.172644	0.539871	0.00943304	-1.33471	-0.0129956
2.175	0.330137	-0.172641	0.539877	0.00943304	-1.33471	-0.0129956
2.18	0.330172	-0.172637	0.539882	0.00943304	-1.33471	-0.0129956
2.185	0.330142	-0.172648	0.539876	0.00777741	-1.33355	-0.0107147
2.19	0.330176	-0.172644	0.539881	0.00777741	-1.33355	-0.0107147
2.195	0.33021	-0.172641	0.539886	0.00777741	-1.33355	-0.0107147
2.2	0.330244	-0.172638	0.539891	0.00777741	-1.33355	-0.0107147
2.205	0.330277	-0.172634	0.539897	0.00777741	-1.33355	-0.0107147
2.21	0.33031	-0.172631	0.539902	0.00777741	-1.33355	-0.0107147
2.215	0.330342	-0.172628	0.539907	0.00777741	-1.33355	-0.0107147
2.22	0.330313	-0.172638	0.5399	0.00625483	-1.33248	-0.00861705
2.225	0.330344	-0.172635	0.539905	0.00625483	-1.33248	-0.00861705
2.23	0.330375	-0.172632	0.53991	0.00625483	-1.33248	-0.00861705
2.235	0.330405	-0.172629	0.539915	0.00625483	-1.33248	-0.00861705
2.24	0.330434	-0.172626	0.539919	0.00625483	-1.33248	-0.00861705
2.245	0.330463	-0.172623	0.539924	0.00625483	-1.33248	-0.00861705
2.25	0.330492	-0.17262	0.539928	0.00625483	-1.33248	-0.00861705
2.255	0.33052	-0.172617	0.539933	0.00625483	-1.33248	-0.00861705
2.26	0.330487	-0.172628	0.539926	0.00473024	-1.33141	-0.00651664
2.265	0.330514	-0.172625	0.53993	0.00473024	-1.33141	-0.00651664
2.27	0.33054	-0.172623	0.539934	0.00473024	-1.33141	-0.00651664
2.275	0.330566	-0.17262	0.539938	0.00473024	-1.33141	-0.00651664
2.28	0.330592	-0.172618	0.539942	0.00473024	-1.33141	-0.00651664
2.285	0.330616	-0.172615	0.539946	0.00473024	-1.33141	-0.00651664
2.29	0.330641	-0.172613	0.53995	0.00473024	-1.33141	-0.00651664
2.295	0.330665	-0.17261	0.539953	0.00473024	-1.33141	-0.00651664
2.3	0.330688	-0.172608	0.539957	0.00473024	-1.33141	-0.00651664
2.305	0.330711	-0.172606	0.53996	0.00473024	-1.33141	-0.00651664
2.31	0.33067	-0.172618	0.539952	0.00313474	-1.3303	-0.00431852
2.315	0.330692	-0.172615	0.539956	0.00313474	-1.3303	-0.00431852
2.32	0.330713	-0.172613	0.539959	0.00313474	-1.3303	-0.00431852
2.325	0.330734	-0.172611	0.539962	0.00313474	-1.3303	-0.00431852
2.33	0.330754	-0.172609	0.539965	0.00313474	-1.3303	-0.00431852
2.335	0.330773	-0.172607	0.539968	0.00313474	-1.3303	-0.00431852
2.34	0.330792	-0.172605	0.539971	0.00313474	-1.3303	-0.00431852
2.345	0.330811	-0.172603	0.539974	0.00313474	-1.3303	-0.00431852
2.35	0.330829	-0.172601	0.539977	0.00313474	-1.3303	-0.00431852
2.355	0.330847	-0.1726	0.53998	0.00313474	-1.3303	-0.00431852
2.36	0.330864	-0.172598	0.539982	0.00313474	-1.3303	-0.00431852
2.365	0.33088	-0.172596	0.539985	0.00313474	-1.3303	-0.00431852
2.37	0.330896	-0.172595	0.539987	0.00313474	-1.3303	-0.00431852
2.375	0.330849	-0.172607	0.539978	0.00155958	-1.32919	-0.00214844
2.38	0.330864	-0.172606	0.539981	0.00155958	-1.32919	-0.00214844
2.385	0.330878	-0.172604	0.539983	0.00155958	-1.32919	-0.00214844
2.39	0.330892	-0.172603	0.539985	0.00155958	-1.32919	-0.00214844
2.395	0.330905	-0.172602	0.539987	0.00155958	-1.32919	-0.00214844
2.4	0.330918	-0.1726	0.539989	0.00155958	-1.32919	-0.00214844
2.405	0.33093	-0.172599	0.539991	0.00155958	-1.32919	-0.00214844
2.41	0.330942	-0.172598	0.539993	0.00155958	-1.32919	-0.00214844
2.415	0.330953	-0.172597	0.539994	0.00155958	-1.32919	-0.00214844
2.42	0.330963	-0.172596	0.539996	0.00155958	-1.32919	-0.00214844
2.425	0.330973	-0.172595	0.539998	0.00155958	-1.32919	-0.00214844
2.43	0.330982	-0.172594	0.539999	0.00155958	-1.32919	-0.00214844
2.435	0.330992	-0.172593	0.54	0.00155958	-1.32919	-0.00214844
2.44	0.330999	-0.172592	0.540002	0.00155958	-1.32919	-0.00214844
2.445	0.331007	-0.172591	0.540003	0.00155958	-1.32919	-0.00214844
2.45	0.331015	-0.17259	0.540004	0.00155958	-1.32919	-0.00214844
2.455	0.331021	-0.17259	0.540005	0.00155958	-1.32919	-0.00214844
2.46	0.331028	-0.172589	0.540006	0.00155958	-1.32919	-0.00214844
2.465	0.331034	-0.172588	0.540007	0.00155958	-1.32919	-0.00214844
2.47	0.331039	-0.172588	0.540008	0.00155958	-1.32919	-0.00214844
2.475	0.331043	-0.172587	0.540008	0.00155958	-1.32919	-0.00214844
2.48	0.331048	-0.172587	0.540009	0.00155958	-1.32919	-0.00214844
2.485	0.331051	-0.172587	0.54001	0.00155958	-1.32919	-0.00214844
2.49	0.331054	-0.172586	0.54001	0.00155958	-1.32919	-0.00214844
2.495	0.331057	-0.172586	0.540011	0.00155958	-1.32919	-0.00214844
2.5	0.331059	-0.172586	0.540011	0.00155958	-1.32919	-0.00214844
2.505	0.33106	-0.172586	0.540011	0.00155958	-1.32919	-0.00214844
2.51	0.33106	-0.172586	0.540011	0.00155958	-1.32919	-0.00214844
2.515	0.331061	-0.172586	0.540011	0.00155958	-1.32919	-0.00214844
2.52	0.331061	-0.172586	0.540011	0.00155958	-1.32919	-0.00214844
2.525	0.331062	-0.172586	0.54001	0.00155958	-1.32919	-0.00214844
2.53	0.331063	-0.172587	0.540009	0.00155958	-1.32919	-0.00214844
2.535	0.331064	-0.172588	0.540008	0.00155958	-1.32919	-0.00214844
2.54	0.331065	-0.172589	0.540006	0.00155958	-1.32919	-0.00214844
2.545	0.331067	-0.17259	0.540003	0.00155958	-1.32919	-0.00214844
2.55	0.331069	-0.172592	0.540001	0.00155958	-1.32919	-0.00214844
2.555	0.331072	-0.172594	0.539997	0.00155958	-1.32919	-0.00214844
2.56	0.331074	-0.172596	0.539993	0.00155958	-1.32919	-0.00214844
2.565	0.331078	-0.172599	0.539989	0.00155958	-1.32919	-0.00214844
2.57	0.331081	-0.172601	0.539984	0.00155958	-1.32919	-0.00214844
2.575	0.331085	-0.172604	0.539979	0.00155958	-1.32919	-0.00214845
2.58	0.331089	-0.172608	0.539974	0.00155959	-1.32919	-0.00214845
2.585	0.331094	-0.172611	0.539968	0.00155959	-1.32919	-0.00214845
2.59	0.331098	-0.172615	0.539961	0.00155959	-1.32919	-0.00214845
2.595	0.331104	-0.172619	0.539954	0.00155959	-1.32919	-0.00214845
2.6	0.33111	-0.172624	0.539946	0.00155959	-1.32919	-0.00214845
2.605	0.331115	-0.172628	0.539938	0.00155959	-1.32919	-0.00214845
2.61	0.331122	-0.172633	0.53993	0.00155959	-1.32919	-0.00214845
2.615	0.331128	-0.172638	0.539921	0.00155959	-1.32919	-0.00214845
2.62	0.331135	-0.172644	0.539912	0.00155959	-1.32919	-0.00214845
2.625	0.331142	-0.172649	0.539902	0.00155959	-1.32919	-0.00214845
2.63	0.33115	-0.172655	0.539892	0.00155959	-1.32919	-0.00214845
2.635	0.331157	-0.172662	0.539882	0.00155959	-1.32919	-0.00214845
2.64	0.331166	-0.172668	0.539871	0.00155959	-1.32919	-0.00214845
2.645	0.331174	-0.172675	0.539859	0.0015596	-1.32919	-0.00214846
2.65	0.331183	-0.172682	0.539848	0.0015596	-1.32919	-0.00214846
2.655	0.331192	-0.172689	0.539835	0.0015596	-1.32919	-0.00214846
2.66	0.331201	-0.172696	0.539823	0.0015596	-1.32919	-0.00214846
2.665	0.331211	-0.172704	0.539809	0.0015596	-1.32919	-0.00214846
2.67	0.331221	-0.172712	0.539796	0.0015596	-1.32919	-0.00214846
2.675	0.331232	-0.17272	0.539782	0.00155961	-1.32919	-0.00214846
2.68	0.331243	-0.172729	0.539767	0.00155961	-1.32919	-0.00214847
2.685	0.331254	-0.172738	0.539752	0.00155961	-1.32919	-0.00214847
2.69	0.331265	-0.172747	0.539737	0.00155961	-1.32919	-0.00214847
2.695	0.331277	-0.172756	0.539721	0.00155962	-1.32919	-0.00214847
2.7	0.331289	-0.172766	0.539705	0.00155962	-1.32919	-0.00214848
2.705	0.331301	-0.172775	0.539688	0.00155962	-1.32919	-0.00214848
2.71	0.331314	-0.172785	0.539671	0.00155962	-1.32919	-0.00214848
2.715	0.331327	-0.172796	0.539654	0.00155963	-1.32919	-0.00214848
2.72	0.33134	-0.172806	0.539636	0.00155963	-1.32919	-0.00214849
2.725	0.331354	-0.172817	0.539617	0.00155963	-1.32919	-0.00214849
2.73	0.331368	-0.172828	0.539598	0.00155964	-1.32919	-0.00214849
2.735	0.331382	-0.172839	0.539579	0.00155964	-1.32919	-0.0021485
2.74	0.331397	-0.172851	0.539559	0.00155964	-1.32919	-0.0021485
2.745	0.331412	-0.172863	0.539539	0.00155965	-1.32919	-0.0021485
2.75	0.331427	-0.172875	0.539519	0.00155965	-1.32919	-0.00214851
2.755	0.331442	-0.172887	0.539498	0.00155966	-1.32919	-0.00214851
2.76	0.331458	-0.172899	0.539477	0.00155966	-1.32919	-0.00214852
2.765	0.331474	-0.172912	0.539455	0.00155967	-1.32919	-0.00214852
2.77	0.331491	-0.172925	0.539433	0.00155967	-1.32919	-0.00214852
2.775	0.331508	-0.172939	0.53941	0.00155968	-1.32919	-0.00214853
2.78	0.331525	-0.172952	0.539387	0.00155968	-1.32919	-0.00214853
2.785	0.331542	-0.172966	0.539364	0.00155969	-1.32919	-0.00214854
2.79	0.331619	-0.172993	0.53935	0.000154826	-1.3303	-0.000213268
2.795	0.331637	-0.173007	0.539325	0.000154832	-1.3303	-0.000213273
2.8	0.331656	-0.173021	0.539301	0.000154838	-1.3303	-0.000213279
2.805	0.331674	-0.173036	0.539276	0.000154845	-1.3303	-0.000213285
2.81	0.331693	-0.173051	0.53925	0.000154851	-1.3303	-0.000213291
2.815	0.331712	-0.173066	0.539224	0.000154858	-1.3303	-0.000213297
2.82	0.331732	-0.173082	0.539198	0.000154865	-1.3303	-0.000213304
2.825	0.331752	-0.173097	0.539171	0.000154872	-1.3303	-0.00021331
2.83	0.331772	-0.173113	0.539144	0.000154879	-1.3303	-0.000213317
2.835	0.331792	-0.173129	0.539117	0.000154887	-1.3303	-0.000213324
2.84	0.331813	-0.173146	0.539089	0.000154895	-1.3303	-0.000213331
2.845	0.331834	-0.173162	0.539061	0.000154903	-1.3303	-0.000213339
2.85	0.331855	-0.173179	0.539032	0.000154911	-1.3303	-0.000213347
2.855	0.331877	-0.173196	0.539003	0.000154919	-1.3303	-0.000213354
2.86	0.331969	-0.173215	0.538986	1.58863e-05	-1.33158	-2.18035e-05
2.865	0.331991	-0.173232	0.538956	1.58952e-05	-1.33158	-2.18119e-05
2.87	0.332013	-0.17325	0.538926	1.59044e-05	-1.33158	-2.18204e-05
2.875	0.332036	-0.173268	0.538895	1.59138e-05	-1.33158	-2.18292e-05
2.88	0.332059	-0.173286	0.538865	1.59235e-05	-1.33158	-2.18383e-05
2.885	0.332082	-0.173304	0.538833	1.59334e-05	-1.33158	-2.18475e-05
2.89	0.332106	-0.173323	0.538801	1.59435e-05	-1.33158	-2.1857e-05
2.895	0.33213	-0.173342	0.538769	1.59539e-05	-1.33158	-2.18667e-05
2.9	0.332154	-0.173361	0.538737	1.59645e-05	-1.33158	-2.18766e-05
2.905	0.332178	-0.17338	0.538704	1.59754e-05	-1.33158	-2.18868e-05
2.91	0.332203	-0.1734	0.538671	1.59865e-05	-1.33158	-2.18972e-05
2.915	0.332228	-0.173419	0.538637	1.59979e-05	-1.33158	-2.19078e-05
2.92	0.332325	-0.173439	0.538616	2.17355e-06	-1.33289	-2.90261e-06
2.925	0.33235	-0.173459	0.538582	2.18548e-06	-1.33289	-2.91377e-06
2.93	0.332376	-0.17348	0.538547	2.19765e-06	-1.33289	-2.92516e-06
2.935	0.332402	-0.1735	0.538512	2.21008e-06	-1.33289	-2.93679e-06
2.94	0.332428	-0.173521	0.538477	2.22277e-06	-1.33289	-2.94866e-06
2.945	0.332455	-0.173542	0.538441	2.2357e-06	-1.33289	-2.96076e-06
2.95	0.332482	-0.173563	0.538405	2.2489e-06	-1.33289	-2.97311e-06
2.955	0.332509	-0.173585	0.538369	2.26235e-06	-1.33289	-2.9857e-06
2.96	0.332536	-0.173606	0.538332	2.27607e-06	-1.33289	-2.99853e-06
2.965	0.332564	-0.173628	0.538295	2.29004e-06	-1.33289	-3.01161e-06
2.97	0.332592	-0.17365	0.538257	2.30427e-06	-1.33289	-3.02493e-06
2.975	0.332694	-0.173672	0.538233	8.53915e-07	-1.33426	-1.08163e-06
2.98	0.332723	-0.173694	0.538195	8.68749e-07	-1.33426	-1.09553e-06
2.985	0.332751	-0.173717	0.538156	8.83842e-07	-1.33426	-1.10967e-06
2.99	0.33278	-0.17374	0.538117	8.99199e-07	-1.33426	-1.12407e-06
2.995	0.332809	-0.173763	0.538078	9.1482e-07	-1.33426	-1.13871e-06
3.0	0.332838	-0.173786	0.538039	9.30705e-07	-1.33426	-1.1536e-06
3.005	0.332868	-0.173809	0.537999	9.46855e-07	-1.33426	-1.16874e-06
3.01	0.332898	-0.173833	0.537959	9.6327e-07	-1.33426	-1.18412e-06
3.015	0.332928	-0.173856	0.537918	9.79949e-07	-1.33426	-1.19976e-06
3.02	0.332958	-0.17388	0.537877	9.96894e-07	-1.33426	-1.21565e-06
3.025	0.333063	-0.173904	0.53785	7.15822e-07	-1.33562	-8.96194e-07
3.03	0.333094	-0.173929	0.537809	7.33391e-07	-1.33562	-9.12688e-07
3.035	0.333125	-0.173953	0.537767	7.51223e-07	-1.33562	-9.29428e-07
3.04	0.333156	-0.173978	0.537725	7.6932e-07	-1.33562	-9.46419e-07
3.045	0.333188	-0.174003	0.537683	7.87683e-07	-1.33562	-9.6366e-07
3.05	0.333219	-0.174028	0.53764	8.06311e-07	-1.33562	-9.8115e-07
3.055	0.333251	-0.174053	0.537597	8.25204e-07	-1.33562	-9.98891e-07
3.06	0.333283	-0.174078	0.537554	8.44362e-07	-1.33562	-1.01688e-06
3.065	0.333316	-0.174104	0.53751	8.63784e-07	-1.33562	-1.03512e-06
3.07	0.333421	-0.174129	0.53748	6.53584e-07	-1.33695	-8.21958e-07
3.075	0.333454	-0.174155	0.537436	6.73638e-07	-1.33695	-8.40815e-07
3.08	0.333487	-0.174181	0.537391	6.9395e-07	-1.33695	-8.59915e-07
3.085	0.33352	-0.174207	0.537346	7.14525e-07	-1.33695	-8.79263e-07
3.09	0.333553	-0.174234	0.537301	7.35362e-07	-1.33695	-8.98858e-07
3.095	0.333587	-0.17426	0.537256	7.5646e-07	-1.33695	-9.18699e-07
3.1	0.33362	-0.174287	0.537211	7.77817e-07	-1.33695	-9.38786e-07
3.105	0.333654	-0.174314	0.537165	7.99433e-07	-1.33695	-9.59117e-07
3.11	0.333689	-0.174341	0.537119	8.21307e-07	-1.33695	-9.79691e-07
3.115	0.333799	-0.174368	0.537087	7.09752e-07	-1.33835	-8.93887e-07
3.12	0.333834	-0.174395	0.53704	7.32263e-07	-1.33835	-9.15089e-07
3.125	0.333869	-0.174423	0.536993	7.55024e-07	-1.33835	-9.36527e-07
3.13	0.333904	-0.17445	0.536946	7.78039e-07	-1.33835	-9.58205e-07
3.135	0.333939	-0.174478	0.536899	8.01306e-07	-1.33835	-9.80123e-07
3.14	0.333974	-0.174506	0.536851	8.24824e-07	-1.33835	-1.00228e-06
3.145	0.33401	-0.174534	0.536803	8.48592e-07	-1.33835	-1.02467e-06
3.15	0.334045	-0.174562	0.536755	8.72608e-07	-1.33835	-1.0473e-06
3.155	0.334154	-0.174591	0.53672	6.30815e-07	-1.33966	-8.00274e-07
3.16	0.33419	-0.174619	0.536671	6.55451e-07	-1.33966	-8.23513e-07
3.165	0.334226	-0.174648	0.536622	6.80326e-07	-1.33966	-8.46979e-07
3.17	0.334262	-0.174676	0.536573	7.05443e-07	-1.33966	-8.70674e-07
3.175	0.334299	-0.174705	0.536524	7.308e-07	-1.33966	-8.94597e-07
3.18	0.334336	-0.174734	0.536474	7.56395e-07	-1.33966	-9.18745e-07
3.185	0.334373	-0.174764	0.536425	7.82226e-07	-1.33966	-9.43118e-07
3.19	0.33441	-0.174793	0.536375	8.08291e-07	-1.33966	-9.67713e-07
3.195	0.334521	-0.174822	0.536338	6.57389e-07	-1.34102	-8.35644e-07
3.2	0.334559	-0.174852	0.536288	6.8406e-07	-1.34102	-8.60844e-07
3.205	0.334596	-0.174881	0.536237	7.10955e-07	-1.34102	-8.86254e-07
3.21	0.334634	-0.174911	0.536186	7.38075e-07	-1.34102	-9.1188e-07
3.215	0.334672	-0.174941	0.536135	7.6542e-07	-1.34102	-9.37718e-07
3.22	0.33471	-0.174971	0.536084	7.92985e-07	-1.34102	-9.63767e-07
3.225	0.334748	-0.175001	0.536032	8.2077e-07	-1.34102	-9.90024e-07
3.23	0.334786	-0.175032	0.535981	8.4877e-07	-1.34102	-1.01649e-06
3.235	0.334902	-0.175062	0.535943	7.03195e-07	-1.34243	-8.94558e-07
3.24	0.33494	-0.175092	0.535891	7.31781e-07	-1.34243	-9.21609e-07
3.245	0.334979	-0.175123	0.535839	7.60571e-07	-1.34243	-9.48854e-07
3.25	0.335018	-0.175154	0.535787	7.89567e-07	-1.34243	-9.76296e-07
3.255	0.335057	-0.175185	0.535734	8.18767e-07	-1.34243	-1.00393e-06
3.26	0.335096	-0.175216	0.535681	8.48168e-07	-1.34243	-1.03176e-06
3.265	0.335135	-0.175247	0.535628	8.77766e-07	-1.34243	-1.05978e-06
3.27	0.335245	-0.175278	0.535588	5.83274e-07	-1.34371	-7.49062e-07
3.275	0.335285	-0.175309	0.535535	6.13415e-07	-1.34371	-7.77625e-07
3.28	0.335324	-0.17534	0.535481	6.4374e-07	-1.34371	-8.06364e-07
3.285	0.335364	-0.175372	0.535428	6.74251e-07	-1.34371	-8.35281e-07
3.29	0.335404	-0.175403	0.535374	7.04946e-07	-1.34371	-8.64373e-07
3.295	0.335444	-0.175435	0.53532	7.35821e-07	-1.34371	-8.93638e-07
3.3	0.335484	-0.175466	0.535266	7.66872e-07	-1.34371	-9.23071e-07
3.305	0.335595	-0.175498	0.535225	5.81337e-07	-1.34501	-7.48532e-07
3.31	0.335635	-0.17553	0.535171	6.12896e-07	-1.34501	-7.78483e-07
3.315	0.335676	-0.175562	0.535116	6.44619e-07	-1.34501	-8.08589e-07
3.32	0.335716	-0.175594	0.535061	6.76505e-07	-1.34501	-8.38852e-07
3.325	0.335757	-0.175626	0.535007	7.08551e-07	-1.34501	-8.69269e-07
3.33	0.335798	-0.175658	0.534952	7.40754e-07	-1.34501	-8.99836e-07
3.335	0.335839	-0.17569	0.534897	7.73111e-07	-1.34501	-9.3055e-07
3.34	0.335952	-0.175723	0.534855	6.01111e-07	-1.34632	-7.74695e-07
3.345	0.335993	-0.175755	0.5348	6.33939e-07	-1.34632	-8.05893e-07
3.35	0.336034	-0.175788	0.534744	6.66904e-07	-1.34632	-8.37223e-07
3.355	0.336075	-0.17582	0.534689	7.00008e-07	-1.34632	-8.68687e-07
3.36	0.336116	-0.175853	0.534633	7.33248e-07	-1.34632	-9.00282e-07
3.365	0.336158	-0.175885	0.534577	7.66619e-07	-1.34632	-9.32002e-07
3.37	0.336199	-0.175918	0.534521	8.00117e-07	-1.34632	-9.63846e-07
3.375	0.336314	-0.175951	0.53448	6.2143e-07	-1.34766	-8.014e-07
3.38	0.336355	-0.175984	0.534423	6.55357e-07	-1.34766	-8.3369e-07
3.385	0.336397	-0.176016	0.534367	6.89395e-07	-1.34766	-8.66086e-07
3.39	0.336439	-0.176049	0.534311	7.23545e-07	-1.34766	-8.98591e-07
3.395	0.33648	-0.176082	0.534255	7.57804e-07	-1.34766	-9.312e-07
3.4	0.336522	-0.176115	0.534198	7.92167e-07	-1.34766	-9.63911e-07
3.405	0.336564	-0.176148	0.534142	8.2663e-07	-1.34766	-9.96718e-07
3.41	0.33668	-0.176181	0.534099	6.38807e-07	-1.34902	-8.24321e-07
3.415	0.336722	-0.176215	0.534043	6.73652e-07	-1.34902	-8.5753e-07
3.42	0.336764	-0.176248	0.533986	7.08579e-07	-1.34902	-8.9082e-07
3.425	0.336806	-0.176281	0.533929	7.4359e-07	-1.34902	-9.24191e-07
3.43	0.336848	-0.176314	0.533872	7.7868e-07	-1.34902	-9.57639e-07
3.435	0.336891	-0.176348	0.533815	8.13846e-07	-1.34902	-9.91161e-07
3.44	0.336933	-0.176381	0.533758	8.49083e-07	-1.34902	-1.02475e-06
3.445	0.33705	-0.176414	0.533716	6.52587e-07	-1.35039	-8.42619e-07
3.45	0.337092	-0.176448	0.533659	6.88154e-07	-1.35039	-8.76565e-07
3.455	0.337134	-0.176481	0.533602	7.23773e-07	-1.35039	-9.10562e-07
3.46	0.337177	-0.176515	0.533545	7.59447e-07	-1.35039	-9.44612e-07
3.465	0.337219	-0.176548	0.533487	7.95169e-07	-1.35039	-9.78712e-07
3.47	0.337262	-0.176581	0.53343	8.30938e-07	-1.35039	-1.01286e-06
3.475	0.337304	-0.176615	0.533373	8.66746e-07	-1.35039	-1.04704e-06
3.48	0.337422	-0.176648	0.53333	6.62538e-07	-1.35176	-8.55989e-07
3.485	0.337464	-0.176682	0.533273	6.98621e-07	-1.35176	-8.90476e-07
3.49	0.337507	-0.176715	0.533216	7.34726e-07	-1.35176	-9.24984e-07
3.495	0.337549	-0.176749	0.533158	7.70854e-07	-1.35176	-9.59516e-07
3.5	0.337592	-0.176783	0.533101	8.07001e-07	-1.35176	-9.94068e-07
3.505	0.337634	-0.176816	0.533043	8.43162e-07	-1.35176	-1.02863e-06
3.51	0.337677	-0.17685	0.532986	8.79332e-07	-1.35176	-1.06321e-06
3.515	0.337794	-0.176883	0.532944	6.68521e-07	-1.35314	-8.64239e-07
3.52	0.337837	-0.176917	0.532886	7.04907e-07	-1.35314	-8.99063e-07
3.525	0.337879	-0.17695	0.532829	7.41283e-07	-1.35314	-9.33878e-07
3.53	0.337922	-0.176984	0.532771	7.77651e-07	-1.35314	-9.68687e-07
3.535	0.337964	-0.177017	0.532714	8.14006e-07	-1.35314	-1.00349e-06
3.54	0.338007	-0.177051	0.532657	8.50343e-07	-1.35314	-1.03827e-06
3.545	0.338049	-0.177084	0.532599	8.86658e-07	-1.35314	-1.07303e-06
3.55	0.338167	-0.177118	0.532557	6.70454e-07	-1.35452	-8.67248e-07
3.555	0.33821	-0.177151	0.5325	7.06923e-07	-1.35452	-9.02199e-07
3.56	0.338252	-0.177185	0.532443	7.4335e-07	-1.35452	-9.3711e-07
3.565	0.338294	-0.177218	0.532385	7.79737e-07	-1.35452	-9.71984e-07
3.57	0.338337	-0.177252	0.532328	8.16079e-07	-1.35452	-1.00682e-06
3.575	0.338379	-0.177285	0.532271	8.52372e-07	-1.35452	-1.0416e-06
3.58	0.338421	-0.177318	0.532214	8.88611e-07	-1.35452	-1.07634e-06
3.585	0.338539	-0.177352	0.532172	6.683e-07	-1.3559	-8.6496e-07
3.59	0.338581	-0.177385	0.532115	7.0463e-07	-1.3559	-8.99823e-07
3.595	0.338623	-0.177418	0.532058	7.40885e-07	-1.3559	-9.34616e-07
3.6	0.338665	-0.177451	0.532001	7.77069e-07	-1.3559	-9.69341e-07
3.605	0.338707	-0.177485	0.531944	8.13176e-07	-1.3559	-1.00399e-06
3.61	0.338749	-0.177518	0.531887	8.49202e-07	-1.3559	-1.03857e-06
3.615	0.338791	-0.177551	0.531831	8.85143e-07	-1.3559	-1.07307e-06
3.62	0.338908	-0.177584	0.531789	6.62076e-07	-1.35727	-8.57382e-07
3.625	0.338949	-0.177617	0.531733	6.98042e-07	-1.35727	-8.91941e-07
3.63	0.338991	-0.17765	0.531676	7.33904e-07	-1.35727	-9.264e-07
3.635	0.339033	-0.177683	0.53162	7.69662e-07	-1.35727	-9.60761e-07
3.64	0.339075	-0.177716	0.531564	8.05312e-07	-1.35727	-9.9502e-07
3.645	0.339116	-0.177749	0.531507	8.40851e-07	-1.35727	-1.02917e-06
3.65	0.339158	-0.177781	0.531451	8.76273e-07	-1.35727	-1.06322e-06
3.655	0.339273	-0.177814	0.53141	6.51846e-07	-1.35862	-8.44588e-07
3.66	0.339314	-0.177847	0.531355	6.87229e-07	-1.35862	-8.78629e-07
3.665	0.339356	-0.177879	0.531299	7.22475e-07	-1.35862	-9.1254e-07
3.67	0.339397	-0.177912	0.531243	7.57589e-07	-1.35862	-9.46323e-07
3.675	0.339438	-0.177944	0.531187	7.92564e-07	-1.35862	-9.79975e-07
3.68	0.339479	-0.177977	0.531132	8.27397e-07	-1.35862	-1.01349e-06
3.685	0.33952	-0.178009	0.531077	8.62084e-07	-1.35862	-1.04687e-06
3.69	0.339634	-0.178041	0.531036	6.37725e-07	-1.35996	-8.26716e-07
3.695	0.339675	-0.178073	0.530981	6.72308e-07	-1.35996	-8.60027e-07
3.7	0.339715	-0.178105	0.530926	7.06725e-07	-1.35996	-8.93181e-07
3.705	0.339756	-0.178137	0.530871	7.4098e-07	-1.35996	-9.26179e-07
3.71	0.339796	-0.178169	0.530817	7.75068e-07	-1.35996	-9.59017e-07
3.715	0.339837	-0.178201	0.530762	8.08985e-07	-1.35996	-9.91692e-07
3.72	0.339877	-0.178233	0.530708	8.42728e-07	-1.35996	-1.0242e-06
3.725	0.339989	-0.178265	0.530668	6.19875e-07	-1.36128	-8.03968e-07
3.73	0.340029	-0.178296	0.530614	6.5345e-07	-1.36128	-8.36346e-07
3.735	0.340069	-0.178328	0.53056	6.86832e-07	-1.36128	-8.6854e-07
3.74	0.340109	-0.178359	0.530506	7.20024e-07	-1.36128	-9.00551e-07
3.745	0.340148	-0.17839	0.530453	7.53021e-07	-1.36128	-9.32377e-07
3.75	0.340188	-0.178422	0.530399	7.85822e-07	-1.36128	-9.64013e-07
3.755	0.340227	-0.178453	0.530346	8.18421e-07	-1.36128	-9.95457e-07
3.76	0.340337	-0.178484	0.530307	5.98506e-07	-1.36257	-7.76607e-07
3.765	0.340376	-0.178515	0.530254	6.30876e-07	-1.36257	-8.07859e-07
3.77	0.340415	-0.178546	0.530202	6.63027e-07	-1.36257	-8.38901e-07
3.775	0.340454	-0.178576	0.530149	6.94962e-07	-1.36257	-8.69736e-07
3.78	0.340493	-0.178607	0.530096	7.26679e-07	-1.36257	-9.0036e-07
3.785	0.340532	-0.178637	0.530044	7.58173e-07	-1.36257	-9.30771e-07
3.79	0.34057	-0.178668	0.529992	7.89441e-07	-1.36257	-9.60965e-07
3.795	0.340609	-0.178698	0.52994	8.20482e-07	-1.36257	-9.9094e-07
3.8	0.340724	-0.178728	0.529905	7.36386e-07	-1.36399	-9.46209e-07
3.805	0.340763	-0.178758	0.529853	7.67153e-07	-1.36399	-9.7595e-07
3.81	0.3408	-0.178788	0.529802	7.97674e-07	-1.36399	-1.00545e-06
3.815	0.340838	-0.178818	0.529751	8.27953e-07	-1.36399	-1.03473e-06
3.82	0.340876	-0.178848	0.5297	8.57988e-07	-1.36399	-1.06376e-06
3.825	0.340913	-0.178877	0.529649	8.87774e-07	-1.36399	-1.09256e-06
3.83	0.340951	-0.178907	0.529599	9.17311e-07	-1.36399	-1.12112e-06
3.835	0.340988	-0.178936	0.529549	9.46595e-07	-1.36399	-1.14943e-06
3.84	0.341101	-0.178965	0.529515	7.28581e-07	-1.36539	-9.35019e-07
3.845	0.341138	-0.178994	0.529465	7.57531e-07	-1.36539	-9.63037e-07
3.85	0.341174	-0.179023	0.529415	7.86212e-07	-1.36539	-9.90796e-07
3.855	0.341211	-0.179052	0.529366	8.14629e-07	-1.36539	-1.0183e-06
3.86	0.341247	-0.17908	0.529317	8.42779e-07	-1.36539	-1.04555e-06
3.865	0.341283	-0.179109	0.529268	8.70659e-07	-1.36539	-1.07253e-06
3.87	0.341319	-0.179137	0.529219	8.98269e-07	-1.36539	-1.09926e-06
3.875	0.341355	-0.179165	0.529171	9.25605e-07	-1.36539	-1.12572e-06
3.88	0.341464	-0.179193	0.529139	6.85964e-07	-1.36674	-8.80405e-07
3.885	0.341499	-0.179221	0.529091	7.12909e-07	-1.36674	-9.06512e-07
3.89	0.341534	-0.179249	0.529043	7.39568e-07	-1.36674	-9.32342e-07
3.895	0.341569	-0.179277	0.528996	7.65943e-07	-1.36674	-9.57899e-07
3.9	0.341604	-0.179304	0.528948	7.92034e-07	-1.36674	-9.8318e-07
3.905	0.341639	-0.179331	0.528902	8.17838e-07	-1.36674	-1.00818e-06
3.91	0.341673	-0.179359	0.528855	8.43354e-07	-1.36674	-1.03291e-06
3.915	0.341708	-0.179386	0.528809	8.6858e-07	-1.36674	-1.05736e-06
3.92	0.341812	-0.179412	0.528778	6.34955e-07	-1.36803	-8.1514e-07
3.925	0.341846	-0.179439	0.528732	6.59741e-07	-1.36803	-8.39181e-07
3.93	0.34188	-0.179466	0.528686	6.84227e-07	-1.36803	-8.62931e-07
3.935	0.341913	-0.179492	0.528641	7.08415e-07	-1.36803	-8.86393e-07
3.94	0.341946	-0.179518	0.528596	7.32305e-07	-1.36803	-9.09567e-07
3.945	0.341979	-0.179544	0.528552	7.55895e-07	-1.36803	-9.3245e-07
3.95	0.342012	-0.17957	0.528507	7.79185e-07	-1.36803	-9.55042e-07
3.955	0.342045	-0.179596	0.528463	8.02173e-07	-1.36803	-9.77343e-07
3.96	0.342077	-0.179621	0.528419	8.24859e-07	-1.36803	-9.9935e-07
3.965	0.342184	-0.179647	0.528392	7.17156e-07	-1.3694	-9.13743e-07
3.97	0.342216	-0.179672	0.528349	7.39372e-07	-1.3694	-9.35316e-07
3.975	0.342247	-0.179697	0.528306	7.61277e-07	-1.3694	-9.56586e-07
3.98	0.342279	-0.179722	0.528263	7.82874e-07	-1.3694	-9.77557e-07
3.985	0.34231	-0.179746	0.528221	8.04163e-07	-1.3694	-9.9823e-07
3.99	0.342341	-0.179771	0.528179	8.25143e-07	-1.3694	-1.0186e-06
3.995	0.342372	-0.179795	0.528137	8.45815e-07	-1.3694	-1.03868e-06
4.0	0.342402	-0.179819	0.528096	8.66178e-07	-1.3694	-1.05845e-06
4.005	0.342433	-0.179843	0.528055	8.86232e-07	-1.3694	-1.07793e-06
4.01	0.342534	-0.179867	0.528029	6.65771e-07	-1.3707	-8.47271e-07
4.015	0.342534	-0.179867	0.528029	-1.46238e-05	-1.37087	-4.59521e-05
4.02	0.342519	-0.17989	0.528031	-2.92601e-05	-1.37105	-9.32715e-05
4.025	0.342505	-0.179914	0.528034	-4.39358e-05	-1.37122	-0.000140337
4.03	0.342491	-0.179936	0.528035	-5.95633e-05	-1.37139	-0.000184496
4.035	0.342478	-0.179958	0.528035	-7.59482e-05	-1.37155	-0.000226188
4.04	0.342464	-0.17998	0.528034	-9.31175e-05	-1.37172	-0.000265515
4.045	0.34245	-0.180001	0.528033	-0.000110828	-1.37188	-0.000303066
4.05	0.342436	-0.180022	0.52803	-0.000129127	-1.37203	-0.000338864
4.055	0.342423	-0.180042	0.528027	-0.000147816	-1.37219	-0.000373339
4.06	0.342409	-0.180062	0.528024	-0.000166926	-1.37234	-0.00040657
4.065	0.342396	-0.180082	0.52802	-0.000186293	-1.37249	-0.000438903
4.07	0.342383	-0.180102	0.528016	-0.000205972	-1.37264	-0.000470345
4.075	0.34237	-0.180122	0.528011	-0.000225814	-1.37279	-0.000501193
4.08	0.342357	-0.180141	0.528007	-0.000245891	-1.37294	-0.0005314
4.085	0.342344	-0.180161	0.528002	-0.000266066	-1.37309	-0.000561229
4.09	0.342331	-0.18018	0.527997	-0.000286423	-1.37324	-0.000590593
4.095	0.342319	-0.180199	0.527993	-0.000306831	-1.37339	-0.000619735
4.1	0.342306	-0.180218	0.527988	-0.000327384	-1.37354	-0.000648535
4.105	0.342294	-0.180238	0.527983	-0.000347956	-1.37368	-0.000677225
4.11	0.342282	-0.180257	0.527978	-0.000368648	-1.37383	-0.000705659
4.115	0.342269	-0.180276	0.527972	-0.000389883	-1.37398	-0.000733387
4.12	0.342256	-0.180294	0.527961	-0.000413809	-1.3741	-0.000756377
4.125	0.342242	-0.180311	0.527948	-0.000439211	-1.37423	-0.000773852
4.13	0.34223	-0.18033	0.527944	-0.000460902	-1.37438	-0.000799147
4.135	0.342219	-0.18035	0.527939	-0.000482583	-1.37453	-0.00082809
4.14	0.34221	-0.180366	0.52794	-0.000503419	-1.37469	-0.000848541
4.145	0.342201	-0.180381	0.527939	-0.000525307	-1.37485	-0.000862402
4.15	0.342194	-0.180393	0.527944	-0.000546149	-1.37503	-0.000871016
4.155	0.342187	-0.180405	0.527946	-0.00056792	-1.3752	-0.000876336
4.16	0.342181	-0.180415	0.527953	-0.00058861	-1.37538	-0.000879039
4.165	0.342175	-0.180425	0.527957	-0.000610417	-1.37556	-0.000878366
4.17	0.34217	-0.180433	0.527965	-0.000631177	-1.37575	-0.000876181
4.175	0.342165	-0.180441	0.527971	-0.00065316	-1.37593	-0.000870816
4.18	0.34216	-0.180449	0.52798	-0.00067415	-1.37612	-0.000864409
4.185	0.342155	-0.180455	0.527986	-0.000696518	-1.3763	-0.000854206
4.19	0.342151	-0.180462	0.527996	-0.000717775	-1.37649	-0.00084413
4.195	0.342146	-0.180467	0.528003	-0.000740383	-1.37667	-0.000830583
4.2	0.342143	-0.180472	0.528012	-0.000762017	-1.37687	-0.000817179
4.205	0.342138	-0.180477	0.52802	-0.000784946	-1.37705	-0.000800673
4.21	0.342134	-0.180482	0.528029	-0.0008069	-1.37724	-0.000784599
4.215	0.34213	-0.180486	0.528037	-0.00083017	-1.37743	-0.000765549
4.22	0.342126	-0.180489	0.528047	-0.000852494	-1.37762	-0.000747008
4.225	0.342122	-0.180493	0.528054	-0.000876099	-1.37781	-0.000725936
4.23	0.342118	-0.180496	0.528063	-0.000898782	-1.378	-0.000705552
4.235	0.342113	-0.1805	0.528069	-0.000923028	-1.37818	-0.000684957
4.24	0.342107	-0.180505	0.528075	-0.000946515	-1.37836	-0.000670162
4.245	0.342101	-0.180511	0.528077	-0.000971371	-1.37853	-0.000655025
4.25	0.342094	-0.180519	0.52808	-0.0009953	-1.3787	-0.000645577
4.255	0.342086	-0.180526	0.52808	-0.00102047	-1.37886	-0.000635553
4.26	0.342078	-0.180536	0.528081	-0.0010446	-1.37903	-0.000631029
4.265	0.34207	-0.180544	0.52808	-0.00106979	-1.37919	-0.000623222
4.27	0.342064	-0.180551	0.528084	-0.00109356	-1.37936	-0.000613518
4.275	0.342057	-0.180558	0.528085	-0.0011184	-1.37953	-0.000600949
4.28	0.342052	-0.180564	0.528091	-0.00114187	-1.37971	-0.000587202
4.285	0.342046	-0.180569	0.528095	-0.00116654	-1.37988	-0.000570449
4.29	0.342042	-0.180574	0.528103	-0.00118993	-1.38007	-0.000553344
4.295	0.342036	-0.180578	0.528108	-0.00121461	-1.38025	-0.000533227
4.3	0.342032	-0.180582	0.528116	-0.00123808	-1.38043	-0.000513932
4.305	0.342027	-0.180585	0.528122	-0.0012629	-1.38061	-0.000492164
4.31	0.342024	-0.180588	0.528131	-0.00128648	-1.3808	-0.000470515
4.315	0.342018	-0.180592	0.528136	-0.00131167	-1.38098	-0.000448167
4.32	0.342013	-0.180597	0.528141	-0.00133595	-1.38116	-0.000432224
4.325	0.342006	-0.180603	0.528142	-0.00136179	-1.38133	-0.000415128
4.33	0.341999	-0.18061	0.528145	-0.00138656	-1.3815	-0.000404258
4.335	0.341991	-0.180618	0.528144	-0.00141277	-1.38165	-0.000392045
4.34	0.341983	-0.180627	0.528144	-0.00143754	-1.38182	-0.000386568
4.345	0.341975	-0.180635	0.528144	-0.00146306	-1.38198	-0.000378728
4.35	0.341969	-0.180643	0.528147	-0.00148745	-1.38215	-0.000369081
4.355	0.341962	-0.18065	0.528149	-0.00151267	-1.38232	-0.000357097
4.36	0.341957	-0.180656	0.528155	-0.00153676	-1.3825	-0.000343161
4.365	0.341951	-0.180661	0.528159	-0.00156175	-1.38267	-0.000326788
4.37	0.341946	-0.180667	0.528166	-0.00158559	-1.38286	-0.000311627
4.375	0.341941	-0.180671	0.528172	-0.00161033	-1.38304	-0.000292376
4.38	0.341937	-0.180675	0.52818	-0.0016345	-1.38322	-0.000272771
4.385	0.341932	-0.180679	0.528186	-0.00165955	-1.3834	-0.000251849
4.39	0.341928	-0.180683	0.528195	-0.0016835	-1.3836	-0.000231909
4.395	0.341923	-0.180688	0.528199	-0.00170947	-1.38377	-0.00021333
4.4	0.341915	-0.180693	0.528196	-0.00173838	-1.38392	-0.000190765
4.405	0.341906	-0.1807	0.52819	-0.00176828	-1.38407	-0.000172942
4.41	0.341897	-0.180709	0.528183	-0.00179813	-1.38421	-0.000161688
4.415	0.341888	-0.18072	0.528181	-0.00182521	-1.38436	-0.000160706
4.42	0.341881	-0.180731	0.528182	-0.00185084	-1.38452	-0.000160251
4.425	0.341874	-0.180742	0.528183	-0.00187641	-1.38469	-0.000158808
4.43	0.341867	-0.180752	0.528187	-0.00190095	-1.38486	-0.000158522
4.435	0.34186	-0.180764	0.52819	-0.00192543	-1.38504	-0.000159681
4.44	0.341854	-0.180775	0.528195	-0.00194904	-1.38521	-0.000162034
4.445	0.341847	-0.180786	0.528199	-0.00197279	-1.38539	-0.000165276
4.45	0.341841	-0.180798	0.528205	-0.00199578	-1.38557	-0.000169697
4.455	0.341834	-0.18081	0.52821	-0.00201905	-1.38575	-0.000174364
4.46	0.341828	-0.180822	0.528216	-0.00204162	-1.38593	-0.000180146
4.465	0.341821	-0.180834	0.528221	-0.00206456	-1.38611	-0.000185869
4.47	0.341814	-0.180846	0.528228	-0.00208686	-1.38629	-0.000192618
4.475	0.341807	-0.180858	0.528233	-0.00210958	-1.38647	-0.000199065
4.48	0.341801	-0.18087	0.52824	-0.0021317	-1.38665	-0.000206507
4.485	0.341794	-0.180883	0.528246	-0.00215429	-1.38683	-0.000213453
4.49	0.341787	-0.180895	0.528253	-0.00217629	-1.38702	-0.000221329
4.495	0.34178	-0.180907	0.528258	-0.00219876	-1.3872	-0.000228393
4.5	0.341774	-0.18092	0.528266	-0.00222056	-1.38738	-0.000235995
4.505	0.341767	-0.180932	0.528271	-0.00224306	-1.38756	-0.00024405
4.51	0.341759	-0.180946	0.528277	-0.00226504	-1.38774	-0.000254736
4.515	0.341751	-0.180959	0.528281	-0.00228773	-1.38792	-0.000265483
4.52	0.341744	-0.180974	0.528286	-0.00230981	-1.38809	-0.000278829
4.525	0.341735	-0.180988	0.528289	-0.00233257	-1.38827	-0.000292084
4.53	0.341727	-0.181003	0.528292	-0.00235466	-1.38844	-0.000307731
4.535	0.341718	-0.181018	0.528295	-0.0023774	-1.38861	-0.000322809
4.54	0.341709	-0.181033	0.528298	-0.00239941	-1.38878	-0.000339218
4.545	0.3417	-0.181049	0.5283	-0.00242208	-1.38895	-0.000355248
4.55	0.341692	-0.181065	0.528303	-0.00244428	-1.38913	-0.000372686
4.555	0.341682	-0.18108	0.528304	-0.00246734	-1.38929	-0.0003889
4.56	0.341674	-0.181097	0.528308	-0.00248863	-1.38947	-0.000410117
4.565	0.341664	-0.181112	0.528309	-0.00251216	-1.38963	-0.000424763
4.57	0.341655	-0.181126	0.528312	-0.0025349	-1.3898	-0.000438077
4.575	0.341646	-0.181141	0.528313	-0.00255825	-1.38997	-0.000450685
4.58	0.341638	-0.181156	0.528316	-0.00258075	-1.39014	-0.000465949
4.585	0.341628	-0.181171	0.528318	-0.00260391	-1.39031	-0.000480574
4.59	0.34162	-0.181186	0.528321	-0.00262623	-1.39048	-0.0004974
4.595	0.34161	-0.181202	0.528322	-0.00264925	-1.39065	-0.000513368
4.6	0.341601	-0.181218	0.528325	-0.00267146	-1.39082	-0.000531311
4.605	0.341592	-0.181234	0.528328	-0.0026938	-1.39099	-0.000550401
4.61	0.341584	-0.181252	0.528333	-0.0027142	-1.39117	-0.000576004
4.615	0.341573	-0.181267	0.528332	-0.00273832	-1.39133	-0.000591105
4.62	0.341562	-0.181281	0.528326	-0.00276553	-1.39147	-0.000596045
4.625	0.341551	-0.181293	0.528317	-0.00279407	-1.39161	-0.000597902
4.63	0.34154	-0.181308	0.528315	-0.00281886	-1.39176	-0.00061091
4.635	0.34153	-0.181324	0.528313	-0.00284335	-1.39192	-0.000625833
4.64	0.34152	-0.18134	0.528313	-0.00286708	-1.39208	-0.000642059
4.645	0.34151	-0.181356	0.528313	-0.00289084	-1.39224	-0.000659044
4.65	0.341501	-0.181372	0.528314	-0.002914	-1.39241	-0.000676683
4.655	0.341491	-0.181388	0.528314	-0.00293732	-1.39257	-0.00069459
4.66	0.341482	-0.181404	0.528317	-0.0029601	-1.39274	-0.000712735
4.665	0.341473	-0.18142	0.528318	-0.00298311	-1.39291	-0.000730717
4.67	0.341465	-0.181437	0.528323	-0.00300464	-1.39309	-0.000751286
4.675	0.341457	-0.181455	0.528332	-0.00302412	-1.39328	-0.000779727
4.68	0.341449	-0.181475	0.528342	-0.00304189	-1.39347	-0.000814351
4.685	0.341442	-0.181497	0.528358	-0.0030565	-1.39369	-0.000860152
4.69	0.341435	-0.181517	0.528372	-0.00307309	-1.39389	-0.000898347
4.695	0.341428	-0.181536	0.528383	-0.00309107	-1.39409	-0.000929531
4.7	0.341419	-0.181552	0.528388	-0.00311279	-1.39427	-0.000950522
4.705	0.341409	-0.181567	0.528386	-0.00313821	-1.39443	-0.000961764
4.71	0.341399	-0.181581	0.528381	-0.00316534	-1.39457	-0.000968259
4.715	0.341388	-0.181596	0.528378	-0.00319128	-1.39472	-0.000979238
4.72	0.341378	-0.18161	0.528372	-0.00321848	-1.39487	-0.000986983
4.725	0.341367	-0.181626	0.528368	-0.00324431	-1.39502	-0.000999575
4.73	0.341356	-0.18164	0.528362	-0.0032714	-1.39516	-0.00100885
4.735	0.341346	-0.181656	0.528358	-0.00329711	-1.39531	-0.00102292
4.74	0.341335	-0.181671	0.528352	-0.00332408	-1.39545	-0.00103353
4.745	0.341325	-0.181688	0.528348	-0.00334967	-1.3956	-0.0010489
4.75	0.341314	-0.181703	0.528342	-0.00337666	-1.39574	-0.00106025
4.755	0.341304	-0.181719	0.528337	-0.00340255	-1.39589	-0.00107513
4.76	0.341293	-0.181735	0.528331	-0.00342953	-1.39603	-0.00108698
4.765	0.341283	-0.181751	0.528326	-0.00345545	-1.39618	-0.00110223
4.77	0.341272	-0.181767	0.528319	-0.00348249	-1.39632	-0.00111433
4.775	0.341261	-0.181783	0.528314	-0.00350882	-1.39646	-0.00112867
4.78	0.341251	-0.181799	0.528308	-0.00353522	-1.3966	-0.00114284
4.785	0.341243	-0.18182	0.528313	-0.00355538	-1.39678	-0.00117697
4.79	0.341234	-0.181841	0.528319	-0.00357509	-1.39696	-0.00121366
4.795	0.341227	-0.181863	0.528328	-0.00359323	-1.39715	-0.00125518
4.8	0.341218	-0.181884	0.528331	-0.0036142	-1.39733	-0.00128892
4.805	0.341209	-0.181905	0.528335	-0.00363479	-1.3975	-0.00132321
4.81	0.341199	-0.181924	0.528335	-0.00365768	-1.39766	-0.00135104
4.815	0.341189	-0.181944	0.528336	-0.00367993	-1.39783	-0.00138018
4.82	0.341179	-0.181962	0.528334	-0.00370422	-1.39798	-0.00140368
4.825	0.341169	-0.181981	0.528333	-0.0037276	-1.39814	-0.00142935
4.83	0.341158	-0.181999	0.528329	-0.00375292	-1.39829	-0.0014497
4.835	0.341148	-0.182017	0.528327	-0.00377707	-1.39845	-0.00147311
4.84	0.341137	-0.182034	0.528323	-0.00380307	-1.3986	-0.00148845
4.845	0.341129	-0.182048	0.528325	-0.00382761	-1.39877	-0.00149895
4.85	0.341121	-0.182061	0.528325	-0.00385372	-1.39893	-0.00150276
4.855	0.341115	-0.182071	0.52833	-0.00387885	-1.39911	-0.00150237
4.86	0.341109	-0.182081	0.528333	-0.00390557	-1.39928	-0.00149631
4.865	0.341104	-0.182088	0.52834	-0.00393145	-1.39946	-0.0014866
4.87	0.341099	-0.182095	0.528344	-0.00395921	-1.39963	-0.00147087
4.875	0.341094	-0.182101	0.528352	-0.00398574	-1.39982	-0.00145531
4.88	0.34109	-0.182106	0.528358	-0.00401355	-1.4	-0.00143666
4.885	0.341086	-0.182112	0.528367	-0.00404029	-1.40019	-0.00141881
4.89	0.341081	-0.182118	0.528375	-0.00406712	-1.40037	-0.00140442
4.895	0.341076	-0.182126	0.52838	-0.00409452	-1.40055	-0.00139176
4.9	0.341068	-0.182132	0.528378	-0.00412524	-1.40071	-0.00137179
4.905	0.34106	-0.182137	0.528371	-0.00415889	-1.40084	-0.00134513
4.91	0.341049	-0.182141	0.528357	-0.00419526	-1.40096	-0.00131227
4.915	0.341039	-0.182145	0.528343	-0.00423174	-1.40108	-0.00128116
4.92	0.34103	-0.182154	0.528336	-0.00426355	-1.40122	-0.00126743
4.925	0.341019	-0.182162	0.528325	-0.00429729	-1.40134	-0.00124949
4.93	0.341008	-0.182169	0.528309	-0.00433342	-1.40145	-0.00122484
4.935	0.340996	-0.182176	0.528292	-0.0043702	-1.40156	-0.00119975
4.94	0.340985	-0.182185	0.528279	-0.00440391	-1.40168	-0.00118607
4.945	0.340974	-0.182195	0.528266	-0.00443762	-1.4018	-0.00117368
4.95	0.340964	-0.182209	0.528262	-0.00446599	-1.40195	-0.00117986
4.955	0.340954	-0.182223	0.528257	-0.00449489	-1.40209	-0.00118523
4.96	0.340944	-0.182239	0.528255	-0.0045215	-1.40225	-0.00119904
4.965	0.340935	-0.182254	0.528252	-0.00454905	-1.4024	-0.00121052
4.97	0.340925	-0.182272	0.528252	-0.00457461	-1.40256	-0.00122935
4.975	0.340915	-0.182288	0.52825	-0.00460125	-1.40272	-0.00124526
4.98	0.340906	-0.182307	0.528251	-0.00462605	-1.40288	-0.00126788
4.985	0.340896	-0.182324	0.528249	-0.00465238	-1.40303	-0.00128613
4.99	0.340886	-0.182342	0.528248	-0.00467762	-1.4032	-0.00130864
4.995	0.340876	-0.18236	0.528247	-0.00470334	-1.40335	-0.00132986
5.0	0.340866	-0.18238	0.528248	-0.00472766	-1.40352	-0.00135626
5.005	0.340857	-0.182399	0.528249	-0.00475182	-1.40368	-0.00138328
5.01	0.340847	-0.182419	0.52825	-0.00477587	-1.40385	-0.00141138
5.015	0.340837	-0.182439	0.528251	-0.00479985	-1.40402	-0.00143975
5.02	0.340827	-0.182459	0.528253	-0.00482378	-1.40418	-0.00146892
5.025	0.340817	-0.182479	0.528254	-0.00484766	-1.40435	-0.00149825
5.03	0.340807	-0.182499	0.528255	-0.00487152	-1.40451	-0.00152826
5.035	0.340797	-0.182519	0.528257	-0.00489534	-1.40468	-0.00155837
5.04	0.340787	-0.18254	0.528258	-0.00491914	-1.40485	-0.00158906
5.045	0.340777	-0.18256	0.528259	-0.00494292	-1.40501	-0.00161979
5.05	0.340767	-0.182581	0.52826	-0.00496671	-1.40518	-0.00165102
5.055	0.340757	-0.182602	0.528262	-0.00499047	-1.40534	-0.00168226
5.06	0.340746	-0.182622	0.528263	-0.00501424	-1.40551	-0.00171392
5.065	0.340736	-0.182643	0.528264	-0.005038	-1.40568	-0.00174557
5.07	0.340726	-0.182664	0.528265	-0.00506178	-1.40584	-0.00177757
5.075	0.340715	-0.182685	0.528266	-0.00508555	-1.40601	-0.00180955
5.08	0.340705	-0.182706	0.528268	-0.00510935	-1.40617	-0.00184183
5.085	0.340694	-0.182726	0.528267	-0.00513403	-1.40633	-0.0018713
5.09	0.340683	-0.182746	0.528263	-0.00516041	-1.40648	-0.00189594
5.095	0.340672	-0.182767	0.528264	-0.00518467	-1.40665	-0.00192706
5.1	0.340661	-0.182786	0.528261	-0.00521081	-1.4068	-0.00195264
5.105	0.340651	-0.182807	0.528262	-0.00523464	-1.40697	-0.00198546
5.11	0.340639	-0.182827	0.528259	-0.00526056	-1.40712	-0.00201177
5.115	0.340629	-0.182849	0.528262	-0.00528398	-1.40729	-0.00204652
5.12	0.340618	-0.182869	0.528259	-0.00530971	-1.40744	-0.00207362
5.125	0.340608	-0.182889	0.528263	-0.00533332	-1.40762	-0.00210385
5.13	0.3406	-0.182903	0.528264	-0.0053604	-1.40778	-0.00211253
5.135	0.340591	-0.182918	0.528265	-0.00538778	-1.40795	-0.00212158
5.14	0.340582	-0.182932	0.528263	-0.00541585	-1.4081	-0.00212951
5.145	0.340572	-0.182947	0.528262	-0.00544404	-1.40826	-0.00213844
5.15	0.340562	-0.182962	0.528259	-0.00547276	-1.40841	-0.00214665
5.155	0.340552	-0.182977	0.528255	-0.00550147	-1.40856	-0.00215605
5.16	0.340541	-0.182992	0.528251	-0.0055306	-1.40871	-0.00216489
5.165	0.34053	-0.183008	0.528246	-0.00555961	-1.40886	-0.00217519
5.17	0.340519	-0.183023	0.528241	-0.00558894	-1.409	-0.00218492
5.175	0.340508	-0.183038	0.528235	-0.0056191	-1.40914	-0.00219178
5.18	0.340496	-0.183051	0.528224	-0.00565155	-1.40927	-0.00219112
5.185	0.340484	-0.183064	0.528214	-0.0056838	-1.4094	-0.00219044
5.19	0.340473	-0.183077	0.528206	-0.00571563	-1.40953	-0.00218945
5.195	0.340462	-0.18309	0.5282	-0.00574642	-1.40968	-0.00219098
5.2	0.340452	-0.183106	0.528199	-0.00577462	-1.40983	-0.00220229
5.205	0.340443	-0.183121	0.528197	-0.00580308	-1.40999	-0.00221284
5.21	0.340433	-0.183136	0.528196	-0.00583179	-1.41015	-0.00222149
5.215	0.340423	-0.183151	0.528193	-0.00586078	-1.4103	-0.00223021
5.22	0.340413	-0.183166	0.52819	-0.00588996	-1.41045	-0.00223928
5.225	0.340402	-0.183181	0.528187	-0.00591935	-1.4106	-0.0022485
5.23	0.340392	-0.183197	0.528183	-0.00594885	-1.41075	-0.00225817
5.235	0.340381	-0.183212	0.528178	-0.0059785	-1.4109	-0.00226806
5.24	0.34037	-0.183228	0.528173	-0.0060082	-1.41104	-0.00227844
5.245	0.340359	-0.183244	0.528168	-0.00603801	-1.41119	-0.00228907
5.25	0.340348	-0.18326	0.528163	-0.00606784	-1.41133	-0.00230022
5.255	0.340336	-0.183276	0.528157	-0.00609774	-1.41148	-0.00231162
5.26	0.340325	-0.183293	0.528151	-0.00612763	-1.41162	-0.00232353
5.265	0.340314	-0.183309	0.528146	-0.0061576	-1.41176	-0.00233562
5.27	0.340302	-0.183326	0.528139	-0.0061876	-1.41191	-0.00234804
5.275	0.340291	-0.183342	0.528133	-0.00621762	-1.41205	-0.00236074
5.28	0.340279	-0.183359	0.528127	-0.00624767	-1.41219	-0.00237372
5.285	0.340268	-0.183376	0.52812	-0.00627776	-1.41233	-0.00238688
5.29	0.340256	-0.183393	0.528114	-0.00630789	-1.41247	-0.00240022
5.295	0.340244	-0.18341	0.528107	-0.00633812	-1.41261	-0.00241345
5.3	0.340233	-0.183427	0.5281	-0.00636836	-1.41275	-0.00242688
5.305	0.340221	-0.183444	0.528093	-0.00639869	-1.41289	-0.00244025
5.31	0.340209	-0.183461	0.528086	-0.00642901	-1.41303	-0.00245387
5.315	0.340197	-0.183478	0.528078	-0.00646013	-1.41316	-0.00246499
5.32	0.340184	-0.183493	0.528064	-0.0064938	-1.41328	-0.00246838
5.325	0.34017	-0.183507	0.528047	-0.00652931	-1.41339	-0.00246768
5.33	0.340156	-0.18352	0.528025	-0.00656697	-1.41348	-0.00246025
5.335	0.340141	-0.183533	0.528001	-0.00660588	-1.41356	-0.00245135
5.34	0.340125	-0.183546	0.527974	-0.00664603	-1.41363	-0.00244112
5.345	0.340109	-0.183558	0.527944	-0.00668743	-1.4137	-0.00242766
5.35	0.340092	-0.183569	0.52791	-0.00673079	-1.41375	-0.00240875
5.355	0.340074	-0.183581	0.527877	-0.00677367	-1.41381	-0.00239273
5.36	0.340059	-0.183595	0.527851	-0.00681287	-1.41389	-0.00238792
5.365	0.340043	-0.18361	0.527826	-0.00685222	-1.41396	-0.00238261
5.37	0.34003	-0.183626	0.527806	-0.0068883	-1.41406	-0.00238729
5.375	0.340015	-0.183642	0.527786	-0.00692503	-1.41416	-0.00238981
5.38	0.340002	-0.183659	0.527772	-0.00695886	-1.41427	-0.00240129
5.385	0.339989	-0.183676	0.527755	-0.00699371	-1.41438	-0.00240938
5.39	0.339977	-0.183695	0.527744	-0.00702603	-1.41451	-0.00242529
5.395	0.339964	-0.183713	0.52773	-0.00705952	-1.41463	-0.00243733
5.4	0.339952	-0.183732	0.527721	-0.00709077	-1.41476	-0.00245631
5.405	0.33994	-0.18375	0.52771	-0.00712329	-1.41488	-0.00247114
5.41	0.339928	-0.18377	0.527703	-0.00715377	-1.41502	-0.00249227
5.415	0.339916	-0.183788	0.527693	-0.00718561	-1.41515	-0.00250902
5.42	0.339904	-0.183808	0.527687	-0.00721555	-1.41529	-0.00253161
5.425	0.339892	-0.183827	0.527678	-0.00724693	-1.41543	-0.00254962
5.43	0.339881	-0.183847	0.527673	-0.00727653	-1.41557	-0.00257317
5.435	0.339869	-0.183865	0.527666	-0.00730771	-1.41571	-0.00258818
5.44	0.339862	-0.18388	0.527669	-0.00733721	-1.41588	-0.00259764
5.445	0.339854	-0.183894	0.52767	-0.00736756	-1.41604	-0.00260295
5.45	0.339846	-0.183909	0.527673	-0.00739735	-1.41621	-0.00261049
5.455	0.339837	-0.183923	0.527672	-0.00742831	-1.41637	-0.00261536
5.46	0.339829	-0.183939	0.527673	-0.00745843	-1.41654	-0.00262424
5.465	0.339819	-0.183953	0.527671	-0.00748966	-1.41669	-0.00263037
5.47	0.33981	-0.183969	0.527671	-0.00752	-1.41685	-0.00264038
5.475	0.3398	-0.183984	0.527668	-0.00755141	-1.417	-0.0026476
5.48	0.33979	-0.184001	0.527666	-0.00758188	-1.41716	-0.00265871
5.485	0.33978	-0.184016	0.527663	-0.00761339	-1.41731	-0.00266698
5.49	0.33977	-0.184033	0.527661	-0.00764392	-1.41746	-0.00267914
5.495	0.339759	-0.184049	0.527656	-0.0076755	-1.41761	-0.00268837
5.5	0.339749	-0.184066	0.527654	-0.00770606	-1.41776	-0.00270148
5.505	0.339738	-0.184082	0.527649	-0.00773767	-1.41791	-0.00271158
5.51	0.339727	-0.184099	0.527647	-0.00776825	-1.41806	-0.00272554
5.515	0.339716	-0.184115	0.527642	-0.00779987	-1.41821	-0.00273642
5.52	0.339706	-0.184133	0.527639	-0.00783045	-1.41836	-0.00275112
5.525	0.339695	-0.18415	0.527634	-0.00786208	-1.41851	-0.00276267
5.53	0.339684	-0.184167	0.527631	-0.00789267	-1.41866	-0.00277803
5.535	0.339673	-0.184184	0.527626	-0.0079243	-1.4188	-0.00279016
5.54	0.339662	-0.184202	0.527623	-0.00795489	-1.41895	-0.00280609
5.545	0.339651	-0.184219	0.527617	-0.00798654	-1.4191	-0.0028187
5.55	0.33964	-0.184237	0.527614	-0.00801713	-1.41925	-0.00283512
5.555	0.339629	-0.184254	0.527609	-0.00804882	-1.41939	-0.00284803
5.56	0.339618	-0.184272	0.527605	-0.00807953	-1.41954	-0.0028644
5.565	0.339606	-0.18429	0.5276	-0.00811133	-1.41969	-0.00287717
5.57	0.339596	-0.184308	0.527596	-0.00814217	-1.41984	-0.00289313
5.575	0.339584	-0.184325	0.527591	-0.00817407	-1.41998	-0.00290567
5.58	0.339574	-0.184343	0.527588	-0.00820479	-1.42013	-0.00292247
5.585	0.339562	-0.18436	0.527582	-0.00823686	-1.42027	-0.00293487
5.59	0.339551	-0.184378	0.527579	-0.00826756	-1.42042	-0.00295212
5.595	0.33954	-0.184396	0.527573	-0.00829964	-1.42057	-0.00296477
5.6	0.339529	-0.184414	0.52757	-0.00833037	-1.42072	-0.0029822
5.605	0.339518	-0.184431	0.527564	-0.0083625	-1.42086	-0.00299486
5.61	0.339507	-0.18445	0.527562	-0.00839327	-1.42101	-0.00301221
5.615	0.339496	-0.184467	0.527556	-0.00842543	-1.42116	-0.00302481
5.62	0.339485	-0.184485	0.527553	-0.00845626	-1.42131	-0.00304205
5.625	0.339474	-0.184503	0.527548	-0.00848847	-1.42145	-0.00305468
5.63	0.339463	-0.184521	0.527545	-0.00851935	-1.42161	-0.00307221
5.635	0.339452	-0.184538	0.527539	-0.00855163	-1.42175	-0.00308504
5.64	0.339441	-0.184557	0.527537	-0.00858259	-1.4219	-0.00310239
5.645	0.339429	-0.184573	0.527529	-0.00861615	-1.42204	-0.00311011
5.65	0.339417	-0.184587	0.527516	-0.00865186	-1.42216	-0.00310852
5.655	0.339403	-0.184599	0.527499	-0.00868976	-1.42226	-0.00309867
5.66	0.33939	-0.184609	0.527478	-0.00872935	-1.42236	-0.00308074
5.665	0.339375	-0.184617	0.527452	-0.00877099	-1.42243	-0.00305593
5.67	0.33936	-0.184624	0.527424	-0.00881418	-1.4225	-0.00302428
5.675	0.339345	-0.184629	0.527391	-0.00885908	-1.42256	-0.00298684
5.68	0.339329	-0.184633	0.527356	-0.00890522	-1.42261	-0.00294378
5.685	0.339315	-0.184637	0.527322	-0.00895133	-1.42266	-0.00289822
5.69	0.339304	-0.184639	0.527302	-0.00899437	-1.42275	-0.0028544
5.695	0.339294	-0.184641	0.527283	-0.00903769	-1.42285	-0.00280812
5.7	0.339288	-0.184643	0.527275	-0.00907842	-1.42298	-0.00276349
5.705	0.33928	-0.184643	0.527261	-0.00912112	-1.4231	-0.00271427
5.71	0.339271	-0.184643	0.527242	-0.0091654	-1.4232	-0.00266093
5.715	0.339261	-0.184642	0.527219	-0.00921134	-1.42328	-0.0026037
5.72	0.339249	-0.184641	0.527191	-0.00925858	-1.42335	-0.00254301
5.725	0.339236	-0.184639	0.527159	-0.00930717	-1.42341	-0.00247905
5.73	0.339223	-0.184636	0.527124	-0.00935676	-1.42346	-0.00241221
5.735	0.339209	-0.184633	0.527086	-0.00940743	-1.42349	-0.00234263
5.74	0.339194	-0.184629	0.527045	-0.00945887	-1.42352	-0.00227066
5.745	0.339179	-0.184625	0.527001	-0.00951117	-1.42354	-0.00219639
5.75	0.339163	-0.184621	0.526956	-0.00956403	-1.42355	-0.00212015
5.755	0.339147	-0.184616	0.526908	-0.00961756	-1.42356	-0.00204198
5.76	0.339131	-0.184611	0.526858	-0.00967153	-1.42356	-0.00196225
5.765	0.339114	-0.184608	0.52681	-0.00972438	-1.42356	-0.00188814
5.77	0.3391	-0.184608	0.526773	-0.00977262	-1.42361	-0.00183319
5.775	0.339086	-0.184609	0.526733	-0.00982193	-1.42364	-0.00177472
5.78	0.339071	-0.184608	0.526692	-0.00987184	-1.42366	-0.00171324
5.785	0.339055	-0.184607	0.526647	-0.00992263	-1.42368	-0.0016489
5.79	0.33904	-0.184605	0.526601	-0.0099739	-1.42369	-0.00158195
5.795	0.339025	-0.184604	0.526557	-0.0100243	-1.42371	-0.00151935
5.8	0.339012	-0.184608	0.526523	-0.0100704	-1.42376	-0.00147481
5.805	0.338999	-0.184611	0.526491	-0.0101163	-1.42381	-0.00142872
5.81	0.338991	-0.184614	0.526473	-0.0101595	-1.42391	-0.00138615
5.815	0.338982	-0.184616	0.526454	-0.010203	-1.42401	-0.0013413
5.82	0.338977	-0.184619	0.526446	-0.0102445	-1.42415	-0.00129874
5.825	0.338971	-0.18462	0.526435	-0.0102868	-1.42427	-0.00125251
5.83	0.338967	-0.184621	0.526433	-0.0103281	-1.42442	-0.00120467
5.835	0.338963	-0.18462	0.526429	-0.0103702	-1.42457	-0.00115367
5.84	0.338961	-0.184619	0.526429	-0.0104119	-1.42473	-0.00110076
5.845	0.338957	-0.184617	0.526429	-0.0104541	-1.42488	-0.00104516
5.85	0.338955	-0.184615	0.526432	-0.0104962	-1.42505	-0.000987988
5.855	0.338953	-0.184612	0.526433	-0.0105389	-1.42522	-0.000928402
5.86	0.338951	-0.184608	0.526438	-0.0105814	-1.42539	-0.000867507
5.865	0.338949	-0.184604	0.52644	-0.0106246	-1.42555	-0.000804431
5.87	0.338947	-0.184599	0.526446	-0.0106676	-1.42573	-0.000740249
5.875	0.338944	-0.184594	0.526448	-0.0107114	-1.4259	-0.00067389
5.88	0.338943	-0.184589	0.526454	-0.0107549	-1.42608	-0.000607922
5.885	0.33894	-0.184585	0.526459	-0.0107981	-1.42625	-0.000545661
5.89	0.338938	-0.184582	0.526465	-0.0108412	-1.42643	-0.000484007
5.895	0.338934	-0.184579	0.52647	-0.010884	-1.4266	-0.000425993
5.9	0.338931	-0.184576	0.526475	-0.0109268	-1.42678	-0.000367879
