0	0.0375657 	-0.00170152 	-0.0284831 	4.31391e-06 	-0.00180521 	8.30314e-05 	
0.005	0.185079 	-0.00838305 	-0.140331 	2.12538e-05 	-0.00889393 	0.00040908 	
0.01	0.321796 	-0.0145756 	-0.243993 	3.69539e-05 	-0.0154638 	0.000711265 	
0.015	0.448506 	-0.0203148 	-0.340067 	5.15048e-05 	-0.0215529 	0.000991333 	
0.02	0.565943 	-0.025634 	-0.42911 	6.49904e-05 	-0.0271963 	0.0012509 	
0.025	0.674784 	-0.0305639 	-0.511635 	7.74881e-05 	-0.0324267 	0.00149147 	
0.03	0.77566 	-0.0351329 	-0.58812 	8.90701e-05 	-0.0372743 	0.00171443 	
0.035	0.869153 	-0.0393675 	-0.659006 	9.98028e-05 	-0.0417671 	0.00192107 	
0.04	0.955803 	-0.0432921 	-0.724703 	0.000109748 	-0.0459311 	0.00211258 	
0.045	1.03611 	-0.0469294 	-0.785591 	0.000118963 	-0.0497904 	0.00229008 	
0.05	1.11054 	-0.0503004 	-0.842022 	0.000127502 	-0.0533674 	0.00245457 	
0.055	1.17953 	-0.0534246 	-0.894321 	0.000135412 	-0.0566825 	0.00260703 	
0.06	1.24347 	-0.0563201 	-0.94279 	0.00014274 	-0.0597551 	0.00274832 	
0.065	1.30272 	-0.0590036 	-0.987711 	0.000149528 	-0.062603 	0.00287926 	
0.07	1.35765 	-0.0614906 	-1.02934 	0.000155814 	-0.0652424 	0.00300061 	
0.075	1.40855 	-0.0637955 	-1.06793 	0.000161637 	-0.0676888 	0.00311308 	
0.08	1.45573 	-0.0659316 	-1.10368 	0.000167028 	-0.0699562 	0.0032173 	
0.085	1.49945 	-0.0679112 	-1.13682 	0.000172019 	-0.0720578 	0.00331389 	
0.09	1.53998 	-0.0697459 	-1.16753 	0.00017664 	-0.0740057 	0.0034034 	
0.095	1.57754 	-0.0714461 	-1.19599 	0.000180916 	-0.0758111 	0.00348635 	
0.1	1.61236 	-0.0730217 	-1.22236 	0.000184873 	-0.0774846 	0.00356322 	
0.105	1.64463 	-0.0744819 	-1.24681 	0.000188533 	-0.0790357 	0.00363445 	
0.11	1.67454 	-0.0758351 	-1.26945 	0.000191918 	-0.0804734 	0.00370046 	
0.115	1.70226 	-0.0770891 	-1.29044 	0.000195048 	-0.081806 	0.00376163 	
0.12	1.72795 	-0.0782511 	-1.30989 	0.000197941 	-0.0830413 	0.0038183 	
0.125	1.75177 	-0.0793279 	-1.32792 	0.000200615 	-0.0841864 	0.00387082 	
0.13	1.77384 	-0.0803257 	-1.34462 	0.000203084 	-0.0852478 	0.00391948 	
0.135	1.7943 	-0.0812504 	-1.36009 	0.000205363 	-0.0862317 	0.00396456 	
0.14	1.81327 	-0.0821071 	-1.37443 	0.000207466 	-0.0871438 	0.00400633 	
0.145	1.83085 	-0.082901 	-1.38771 	0.000209406 	-0.0879893 	0.00404503 	
0.15	1.84714 	-0.0836365 	-1.40002 	0.000211194 	-0.0887732 	0.00408088 	
0.155	1.86225 	-0.084318 	-1.41143 	0.000212841 	-0.0894999 	0.00411409 	
0.16	1.87625 	-0.0849494 	-1.42199 	0.000214357 	-0.0901736 	0.00414485 	
0.165	1.88772 	-0.0842346 	-1.434 	0.000276399 	-0.0908017 	0.00416415 	
0.17	1.90006 	-0.084838 	-1.44324 	0.000274529 	-0.0913934 	0.00418954 	
0.175	1.91144 	-0.0854105 	-1.45173 	0.000271934 	-0.0919411 	0.00421259 	
0.18	1.92191 	-0.0859329 	-1.45953 	0.000269852 	-0.0924462 	0.0042339 	
0.185	1.93161 	-0.0864168 	-1.46675 	0.000267911 	-0.0929146 	0.00425363 	
0.19	1.94061 	-0.0868651 	-1.47345 	0.000266099 	-0.0933489 	0.0042719 	
0.195	1.94895 	-0.0872802 	-1.47964 	0.000264407 	-0.0937518 	0.00428881 	
0.2	1.95669 	-0.0876647 	-1.48538 	0.000262826 	-0.0941254 	0.00430447 	
0.205	1.96386 	-0.0880208 	-1.49069 	0.000261346 	-0.094472 	0.00431896 	
0.21	1.97051 	-0.0883505 	-1.49561 	0.000259961 	-0.0947935 	0.00433236 	
0.215	1.97668 	-0.0886558 	-1.50016 	0.000258663 	-0.0950918 	0.00434476 	
0.22	1.9824 	-0.0889384 	-1.50438 	0.000257445 	-0.0953686 	0.00435623 	
0.225	1.98613 	-0.0878582 	-1.51058 	0.000319253 	-0.0956288 	0.0043577 	
0.23	1.99135 	-0.0881661 	-1.51435 	0.000314826 	-0.0958795 	0.00436654 	
0.235	1.99615 	-0.0884645 	-1.51776 	0.000309865 	-0.0961113 	0.00437424 	
0.24	2.00051 	-0.0887328 	-1.52086 	0.000305586 	-0.0963236 	0.00438132 	
0.245	2.00456 	-0.0889811 	-1.52373 	0.000301605 	-0.0965208 	0.00438786 	
0.25	2.00832 	-0.0892109 	-1.52638 	0.000297898 	-0.0967039 	0.00439389 	
0.255	2.0118 	-0.0894235 	-1.52883 	0.000294446 	-0.096874 	0.00439946 	
0.26	2.01504 	-0.0896201 	-1.5311 	0.00029123 	-0.097032 	0.00440459 	
0.265	2.01804 	-0.089802 	-1.53319 	0.000288232 	-0.0971788 	0.00440931 	
0.27	2.02083 	-0.0899702 	-1.53512 	0.000285436 	-0.0973152 	0.00441366 	
0.275	2.02171 	-0.088685 	-1.53939 	0.00035078 	-0.0974457 	0.00440822 	
0.28	2.02445 	-0.0889011 	-1.54121 	0.000344659 	-0.0975771 	0.00441089 	
0.285	2.02693 	-0.0891148 	-1.54281 	0.000338086 	-0.0976981 	0.00441282 	
0.29	2.02914 	-0.0893037 	-1.54422 	0.000332345 	-0.0978076 	0.00441454 	
0.295	2.0312 	-0.0894784 	-1.54552 	0.000327006 	-0.0979095 	0.0044161 	
0.3	2.03311 	-0.0896398 	-1.54671 	0.000322038 	-0.0980043 	0.00441751 	
0.305	2.03488 	-0.089789 	-1.54781 	0.000317414 	-0.0980927 	0.00441879 	
0.31	2.03653 	-0.0899268 	-1.54882 	0.000313109 	-0.098175 	0.00441995 	
0.315	2.03643 	-0.0886783 	-1.55214 	0.000374337 	-0.0982551 	0.00441233 	
0.32	2.03817 	-0.0888652 	-1.55315 	0.000367056 	-0.0983393 	0.00441229 	
0.325	2.03974 	-0.0890515 	-1.55401 	0.000359433 	-0.0984168 	0.00441171 	
0.33	2.04111 	-0.0892155 	-1.55474 	0.000352697 	-0.0984862 	0.0044111 	
0.335	2.04238 	-0.0893669 	-1.5554 	0.000346432 	-0.098551 	0.0044105 	
0.34	2.04357 	-0.0895068 	-1.55601 	0.000340605 	-0.0986116 	0.00440991 	
0.345	2.04467 	-0.0896359 	-1.55656 	0.000335183 	-0.0986682 	0.00440932 	
0.35	2.04409 	-0.0884089 	-1.55941 	0.000394298 	-0.0987244 	0.00440062 	
0.355	2.04536 	-0.0885872 	-1.56002 	0.000386101 	-0.0987863 	0.00439909 	
0.36	2.04649 	-0.0887653 	-1.56051 	0.000377637 	-0.0988432 	0.00439713 	
0.365	2.04746 	-0.0889217 	-1.5609 	0.000370113 	-0.0988937 	0.00439523 	
0.37	2.04836 	-0.0890662 	-1.56125 	0.000363117 	-0.098941 	0.00439343 	
0.375	2.0492 	-0.0891995 	-1.56156 	0.000356611 	-0.0989853 	0.00439173 	
0.38	2.04999 	-0.0893225 	-1.56184 	0.000350558 	-0.099027 	0.00439011 	
0.385	2.04897 	-0.0879755 	-1.56464 	0.000414914 	-0.0990697 	0.00438014 	
0.39	2.05001 	-0.0881557 	-1.56504 	0.000405803 	-0.0991204 	0.00437763 	
0.395	2.05091 	-0.0883361 	-1.56532 	0.000396432 	-0.0991667 	0.00437469 	
0.4	2.05166 	-0.0884937 	-1.5655 	0.000388112 	-0.0992068 	0.00437187 	
0.405	2.05235 	-0.088639 	-1.56565 	0.000380378 	-0.0992446 	0.00436922 	
0.41	2.05301 	-0.0887731 	-1.56579 	0.000373186 	-0.0992801 	0.00436672 	
0.415	2.05196 	-0.0875246 	-1.56831 	0.000432625 	-0.099317 	0.00435683 	
0.42	2.05285 	-0.0877096 	-1.56857 	0.000422752 	-0.0993616 	0.0043536 	
0.425	2.05363 	-0.0878942 	-1.56872 	0.000412707 	-0.0994023 	0.00435002 	
0.43	2.05427 	-0.0880561 	-1.56879 	0.000403735 	-0.0994377 	0.00434661 	
0.435	2.05487 	-0.0882055 	-1.56884 	0.000395395 	-0.0994711 	0.0043434 	
0.44	2.05544 	-0.0883433 	-1.56888 	0.00038764 	-0.0995027 	0.00434038 	
0.445	2.05421 	-0.0870272 	-1.57146 	0.000450355 	-0.0995362 	0.00433001 	
0.45	2.05506 	-0.0872201 	-1.57164 	0.000439751 	-0.0995784 	0.00432628 	
0.455	2.05578 	-0.0874124 	-1.57173 	0.000428987 	-0.0996168 	0.00432217 	
0.46	2.05637 	-0.0875806 	-1.57172 	0.000419378 	-0.0996497 	0.00431826 	
0.465	2.05691 	-0.0877359 	-1.5717 	0.000410447 	-0.0996809 	0.00431459 	
0.47	2.05743 	-0.087879 	-1.57168 	0.000402145 	-0.0997104 	0.00431114 	
0.475	2.05605 	-0.0864844 	-1.57436 	0.000468836 	-0.0997423 	0.00430039 	
0.48	2.05689 	-0.0866874 	-1.57451 	0.000457466 	-0.0997841 	0.00429621 	
0.485	2.05759 	-0.0868896 	-1.57454 	0.000445945 	-0.0998218 	0.00429163 	
0.49	2.05815 	-0.0870661 	-1.57449 	0.000435672 	-0.0998538 	0.00428727 	
0.495	2.05867 	-0.087229 	-1.57442 	0.000426125 	-0.0998841 	0.00428317 	
0.5	2.05749 	-0.0860183 	-1.57678 	0.000483968 	-0.0999161 	0.00427304 	
0.505	2.05828 	-0.0862288 	-1.57687 	0.000471988 	-0.0999566 	0.0042684 	
0.51	2.05896 	-0.086437 	-1.57686 	0.000459971 	-0.0999935 	0.00426346 	
0.515	2.05951 	-0.0866205 	-1.57678 	0.000449178 	-0.100025 	0.00425876 	
0.52	2.06003 	-0.0867898 	-1.57668 	0.00043915 	-0.100056 	0.00425436 	
0.525	2.05878 	-0.0855525 	-1.57909 	0.000498514 	-0.100088 	0.00424419 	
0.53	2.05959 	-0.085771 	-1.57916 	0.000485986 	-0.100129 	0.00423924 	
0.535	2.06027 	-0.0859868 	-1.57913 	0.000473436 	-0.100166 	0.00423398 	
0.54	2.06082 	-0.0861769 	-1.57903 	0.000462166 	-0.100198 	0.00422898 	
0.545	2.06134 	-0.0863523 	-1.57891 	0.000451695 	-0.100229 	0.00422429 	
0.55	2.06003 	-0.0850704 	-1.5814 	0.000513536 	-0.100261 	0.00421407 	
0.555	2.06085 	-0.0852976 	-1.58147 	0.000500433 	-0.100303 	0.00420883 	
0.56	2.06155 	-0.085522 	-1.58143 	0.000487317 	-0.100342 	0.00420325 	
0.565	2.06211 	-0.0857194 	-1.5813 	0.000475548 	-0.100374 	0.00419794 	
0.57	2.06264 	-0.0859014 	-1.58117 	0.000464614 	-0.100405 	0.00419296 	
0.575	2.06125 	-0.0845758 	-1.58375 	0.000528951 	-0.100439 	0.00418275 	
0.58	2.06211 	-0.0848124 	-1.58381 	0.000515252 	-0.100482 	0.00417722 	
0.585	2.06282 	-0.0850458 	-1.58376 	0.000501549 	-0.100521 	0.00417131 	
0.59	2.06339 	-0.0852509 	-1.58363 	0.00048926 	-0.100555 	0.00416569 	
0.595	2.06393 	-0.0854401 	-1.58348 	0.000477846 	-0.100586 	0.00416041 	
0.6	2.06249 	-0.0840734 	-1.58615 	0.000544612 	-0.100621 	0.00415028 	
0.605	2.06337 	-0.0843197 	-1.58621 	0.000530302 	-0.100666 	0.00414444 	
0.61	2.06411 	-0.0845624 	-1.58616 	0.000515999 	-0.100706 	0.0041382 	
0.615	2.06469 	-0.0847757 	-1.58601 	0.00050318 	-0.10074 	0.00413226 	
0.62	2.06358 	-0.0836751 	-1.58823 	0.000556793 	-0.100776 	0.00412274 	
0.625	2.06442 	-0.0839274 	-1.58824 	0.000542007 	-0.10082 	0.00411647 	
0.63	2.06514 	-0.0841743 	-1.58815 	0.000527377 	-0.10086 	0.00410995 	
0.635	2.06574 	-0.0843936 	-1.58799 	0.000514161 	-0.100895 	0.00410377 	
0.64	2.06463 	-0.0832979 	-1.59023 	0.000567799 	-0.100932 	0.00409441 	
0.645	2.06548 	-0.083556 	-1.59023 	0.000552636 	-0.100976 	0.00408792 	
0.65	2.06622 	-0.0838082 	-1.59014 	0.000537648 	-0.101017 	0.00408118 	
0.655	2.06683 	-0.0840323 	-1.58997 	0.000524106 	-0.101053 	0.00407479 	
0.66	2.06569 	-0.0829171 	-1.59226 	0.000579035 	-0.10109 	0.00406556 	
0.665	2.06656 	-0.0831812 	-1.59226 	0.00056348 	-0.101136 	0.00405886 	
0.67	2.06732 	-0.0834393 	-1.59216 	0.000548107 	-0.101178 	0.00405189 	
0.675	2.06794 	-0.0836685 	-1.59199 	0.000534222 	-0.101214 	0.00404528 	
0.68	2.06677 	-0.082533 	-1.59433 	0.000590515 	-0.101252 	0.00403622 	
0.685	2.06766 	-0.0828035 	-1.59433 	0.000574549 	-0.101299 	0.0040293 	
0.69	2.06844 	-0.0830678 	-1.59424 	0.000558772 	-0.101342 	0.00402209 	
0.695	2.06907 	-0.0833024 	-1.59406 	0.000544527 	-0.101379 	0.00401524 	
0.7	2.06787 	-0.0821478 	-1.59645 	0.000602144 	-0.101418 	0.00400637 	
0.705	2.06879 	-0.082425 	-1.59646 	0.000585751 	-0.101466 	0.00399921 	
0.71	2.06958 	-0.0826957 	-1.59636 	0.000569556 	-0.101509 	0.00399175 	
0.715	2.07022 	-0.082936 	-1.59618 	0.000554938 	-0.101547 	0.00398467 	
0.72	2.06899 	-0.0817637 	-1.59862 	0.000613833 	-0.101587 	0.00397601 	
0.725	2.06993 	-0.0820477 	-1.59862 	0.000597004 	-0.101636 	0.00396861 	
0.73	2.07074 	-0.0823251 	-1.59852 	0.000580383 	-0.101681 	0.00396089 	
0.735	2.0714 	-0.082571 	-1.59834 	0.000565385 	-0.101719 	0.00395356 	
0.74	2.07014 	-0.0813826 	-1.60083 	0.00062551 	-0.10176 	0.00394514 	
0.745	2.0711 	-0.0816735 	-1.60084 	0.00060824 	-0.10181 	0.0039375 	
0.75	2.07193 	-0.0819574 	-1.60074 	0.000591188 	-0.101855 	0.00392952 	
0.755	2.0726 	-0.0822092 	-1.60054 	0.000575805 	-0.101895 	0.00392193 	
0.76	2.07132 	-0.0810059 	-1.60309 	0.000637118 	-0.101936 	0.00391378 	
0.765	2.0723 	-0.0813037 	-1.6031 	0.000619404 	-0.101987 	0.0039059 	
0.77	2.07314 	-0.0815943 	-1.60299 	0.000601919 	-0.102034 	0.00389765 	
0.775	2.07382 	-0.0818518 	-1.60279 	0.000586149 	-0.102074 	0.0038898 	
0.78	2.07251 	-0.0806351 	-1.60539 	0.000648608 	-0.102116 	0.00388195 	
0.785	2.07352 	-0.0809397 	-1.6054 	0.00063045 	-0.102168 	0.00387382 	
0.79	2.07438 	-0.0812369 	-1.60529 	0.000612532 	-0.102215 	0.00386529 	
0.795	2.07507 	-0.0815002 	-1.60509 	0.000596376 	-0.102256 	0.00385719 	
0.8	2.07374 	-0.0802714 	-1.60773 	0.000659938 	-0.102299 	0.00384967 	
0.805	2.07476 	-0.0805828 	-1.60774 	0.000641339 	-0.102352 	0.00384128 	
0.81	2.07564 	-0.0808865 	-1.60763 	0.00062299 	-0.1024 	0.00383248 	
0.815	2.07634 	-0.0811556 	-1.60742 	0.000606448 	-0.102442 	0.00382411 	
0.82	2.07498 	-0.0799158 	-1.61011 	0.000671073 	-0.102485 	0.00381696 	
0.825	2.07603 	-0.080234 	-1.61012 	0.000652036 	-0.102539 	0.00380831 	
0.83	2.07692 	-0.0805441 	-1.61001 	0.000633258 	-0.102589 	0.00379924 	
0.835	2.07764 	-0.0808189 	-1.60979 	0.000616334 	-0.102631 	0.0037906 	
0.84	2.07625 	-0.0795695 	-1.61252 	0.000681981 	-0.102675 	0.00378384 	
0.845	2.07732 	-0.0798943 	-1.61254 	0.000662509 	-0.10273 	0.00377494 	
0.85	2.07822 	-0.0802108 	-1.61242 	0.000643308 	-0.10278 	0.00376559 	
0.855	2.07895 	-0.0804911 	-1.61221 	0.000626004 	-0.102823 	0.00375669 	
0.86	2.07754 	-0.0792334 	-1.61498 	0.000692633 	-0.102867 	0.00375034 	
0.865	2.07863 	-0.0795646 	-1.61499 	0.000672732 	-0.102924 	0.00374118 	
0.87	2.07955 	-0.0798873 	-1.61488 	0.000653111 	-0.102974 	0.00373155 	
0.875	2.08029 	-0.0801731 	-1.61466 	0.000635432 	-0.103018 	0.00372239 	
0.88	2.07886 	-0.0789083 	-1.61747 	0.000703002 	-0.103063 	0.00371649 	
0.885	2.07996 	-0.0792459 	-1.61748 	0.000682677 	-0.10312 	0.00370708 	
0.89	2.08089 	-0.0795747 	-1.61737 	0.000662643 	-0.103172 	0.00369717 	
0.895	2.07996 	-0.0786742 	-1.61951 	0.000710533 	-0.103218 	0.00369029 	
0.9	2.08098 	-0.0790152 	-1.61945 	0.000689845 	-0.103273 	0.00368029 	
0.905	2.08188 	-0.0793447 	-1.6193 	0.000669674 	-0.103323 	0.00367011 	
0.91	2.08264 	-0.0796398 	-1.61908 	0.000651354 	-0.103368 	0.00366049 	
0.915	2.08122 	-0.0783999 	-1.62188 	0.000718558 	-0.103414 	0.00365536 	
0.92	2.08234 	-0.0787458 	-1.6219 	0.000697638 	-0.103473 	0.00364554 	
0.925	2.08329 	-0.0790824 	-1.62178 	0.000677038 	-0.103525 	0.00363521 	
0.93	2.08234 	-0.07818 	-1.62397 	0.00072582 	-0.103572 	0.00362895 	
0.935	2.08339 	-0.0785295 	-1.62391 	0.000704534 	-0.103628 	0.00361854 	
0.94	2.08431 	-0.0788671 	-1.62375 	0.000683783 	-0.10368 	0.00360793 	
0.945	2.08339 	-0.077996 	-1.6259 	0.000731153 	-0.103728 	0.00360182 	
0.95	2.08444 	-0.0783478 	-1.62584 	0.000709674 	-0.103784 	0.00359124 	
0.955	2.08536 	-0.0786875 	-1.62568 	0.000688755 	-0.103835 	0.00358049 	
0.96	2.08444 	-0.0778179 	-1.62784 	0.000736393 	-0.103884 	0.00357468 	
0.965	2.0855 	-0.0781722 	-1.62778 	0.000714724 	-0.10394 	0.00356396 	
0.97	2.08643 	-0.0785141 	-1.62762 	0.00069362 	-0.103992 	0.00355306 	
0.975	2.0855 	-0.0776439 	-1.6298 	0.000741661 	-0.104041 	0.00354758 	
0.98	2.08656 	-0.0780008 	-1.62973 	0.00071979 	-0.104098 	0.00353671 	
0.985	2.0875 	-0.0783454 	-1.62958 	0.000698486 	-0.10415 	0.00352564 	
0.99	2.08656 	-0.0774749 	-1.63177 	0.000746914 	-0.104199 	0.00352049 	
0.995	2.08763 	-0.0778347 	-1.63171 	0.000724829 	-0.104256 	0.00350946 	
1	2.08858 	-0.078182 	-1.63155 	0.000703316 	-0.104308 	0.00349824 	
1.005	2.08763 	-0.077312 	-1.63377 	0.000752101 	-0.104358 	0.00349341 	
1.01	2.08871 	-0.0776747 	-1.63371 	0.000729794 	-0.104415 	0.00348222 	
1.015	2.08966 	-0.0780249 	-1.63355 	0.000708064 	-0.104468 	0.00347083 	
1.02	2.08871 	-0.077156 	-1.63578 	0.000757178 	-0.104518 	0.00346633 	
1.025	2.0898 	-0.0775217 	-1.63571 	0.000734645 	-0.104576 	0.00345498 	
1.03	2.09075 	-0.0778748 	-1.63556 	0.000712694 	-0.104629 	0.00344341 	
1.035	2.08979 	-0.0770076 	-1.6378 	0.00076211 	-0.104679 	0.00343925 	
1.04	2.09089 	-0.0773764 	-1.63774 	0.000739348 	-0.104737 	0.00342773 	
1.045	2.09185 	-0.0777324 	-1.63758 	0.000717174 	-0.10479 	0.00341598 	
1.05	2.09088 	-0.0768674 	-1.63983 	0.000766867 	-0.10484 	0.00341216 	
1.055	2.09198 	-0.0772393 	-1.63977 	0.000743874 	-0.104899 	0.00340047 	
1.06	2.09295 	-0.0775982 	-1.63962 	0.000721476 	-0.104953 	0.00338855 	
1.065	2.09198 	-0.076736 	-1.64188 	0.000771424 	-0.105003 	0.00338507 	
1.07	2.09308 	-0.0771109 	-1.64182 	0.000748201 	-0.105062 	0.00337321 	
1.075	2.09406 	-0.0774728 	-1.64166 	0.00072558 	-0.105116 	0.00336111 	
1.08	2.09308 	-0.0766139 	-1.64394 	0.000775759 	-0.105166 	0.00335799 	
1.085	2.09419 	-0.0769918 	-1.64388 	0.000752308 	-0.105226 	0.00334595 	
1.09	2.09517 	-0.0773565 	-1.64372 	0.000729465 	-0.10528 	0.00333367 	
1.095	2.09418 	-0.0765014 	-1.64601 	0.000779854 	-0.105331 	0.00333091 	
1.1	2.0953 	-0.0768822 	-1.64595 	0.000756177 	-0.10539 	0.00331871 	
1.105	2.09628 	-0.0772497 	-1.64579 	0.000733115 	-0.105444 	0.00330625 	
1.11	2.09529 	-0.0763989 	-1.64809 	0.000783693 	-0.105495 	0.00330385 	
1.115	2.09641 	-0.0767826 	-1.64803 	0.000759794 	-0.105555 	0.00329148 	
1.12	2.0974 	-0.0771528 	-1.64787 	0.000736517 	-0.10561 	0.00327884 	
1.125	2.0964 	-0.0763067 	-1.65018 	0.000787263 	-0.105661 	0.00327682 	
1.13	2.09753 	-0.0766931 	-1.65012 	0.000763146 	-0.105721 	0.00326427 	
1.135	2.09852 	-0.0770661 	-1.64995 	0.000739657 	-0.105776 	0.00325147 	
1.14	2.09752 	-0.076225 	-1.65227 	0.000790552 	-0.105827 	0.00324981 	
1.145	2.09865 	-0.0766142 	-1.65221 	0.000766221 	-0.105887 	0.0032371 	
1.15	2.09964 	-0.0769897 	-1.65205 	0.000742525 	-0.105942 	0.00322412 	
1.155	2.09863 	-0.0761542 	-1.65437 	0.000793549 	-0.105993 	0.00322285 	
1.16	2.09977 	-0.0765459 	-1.65431 	0.00076901 	-0.106054 	0.00320997 	
1.165	2.10077 	-0.0769239 	-1.65415 	0.000745112 	-0.106109 	0.00319683 	
1.17	2.09975 	-0.0760943 	-1.65648 	0.000796244 	-0.10616 	0.00319594 	
1.175	2.10089 	-0.0764885 	-1.65642 	0.000771503 	-0.106221 	0.0031829 	
1.18	2.10189 	-0.0768689 	-1.65625 	0.000747409 	-0.106276 	0.00316959 	
1.185	2.10088 	-0.0760456 	-1.65859 	0.00079863 	-0.106327 	0.00316909 	
1.19	2.10202 	-0.0764422 	-1.65853 	0.000773693 	-0.106388 	0.00315589 	
1.195	2.10302 	-0.0768249 	-1.65836 	0.000749409 	-0.106443 	0.00314242 	
1.2	2.102 	-0.0760083 	-1.6607 	0.000800699 	-0.106495 	0.00314231 	
1.205	2.10314 	-0.0764072 	-1.66064 	0.000775572 	-0.106556 	0.00312896 	
1.21	2.10415 	-0.076792 	-1.66047 	0.000751104 	-0.106611 	0.00311532 	
1.215	2.10312 	-0.0759825 	-1.66282 	0.000802445 	-0.106663 	0.00311561 	
1.22	2.10427 	-0.0763835 	-1.66276 	0.000777134 	-0.106723 	0.00310211 	
1.225	2.10528 	-0.0767704 	-1.66259 	0.000752488 	-0.106779 	0.00308832 	
1.23	2.10425 	-0.0759682 	-1.66494 	0.000803861 	-0.10683 	0.003089 	
1.235	2.10539 	-0.0763713 	-1.66487 	0.000778374 	-0.106891 	0.00307535 	
1.24	2.1064 	-0.0767601 	-1.66471 	0.000753557 	-0.106947 	0.00306141 	
1.245	2.10537 	-0.0759657 	-1.66706 	0.000804942 	-0.106999 	0.0030625 	
1.25	2.10652 	-0.0763706 	-1.66699 	0.000779286 	-0.10706 	0.0030487 	
1.255	2.10753 	-0.0767612 	-1.66683 	0.000754305 	-0.107115 	0.00303461 	
1.26	2.10649 	-0.0759749 	-1.66918 	0.000805683 	-0.107167 	0.0030361 	
1.265	2.10764 	-0.0763816 	-1.66911 	0.000779865 	-0.107228 	0.00302217 	
1.27	2.10865 	-0.0767739 	-1.66894 	0.000754727 	-0.107283 	0.00300794 	
1.275	2.10762 	-0.0759959 	-1.67129 	0.000806079 	-0.107335 	0.00300983 	
1.28	2.10877 	-0.0764042 	-1.67123 	0.000780108 	-0.107396 	0.00299576 	
1.285	2.10978 	-0.0767981 	-1.67106 	0.000754821 	-0.107451 	0.00298139 	
1.29	2.10874 	-0.0760288 	-1.67341 	0.000806128 	-0.107503 	0.00298369 	
1.295	2.10989 	-0.0764386 	-1.67335 	0.000780011 	-0.107564 	0.00296949 	
1.3	2.1109 	-0.076834 	-1.67318 	0.000754583 	-0.107619 	0.00295498 	
1.305	2.10986 	-0.0760736 	-1.67553 	0.000805826 	-0.107671 	0.00295769 	
1.31	2.111 	-0.0764848 	-1.67547 	0.00077957 	-0.107732 	0.00294336 	
1.315	2.11201 	-0.0768815 	-1.6753 	0.000754008 	-0.107787 	0.00292873 	
1.32	2.11097 	-0.0761303 	-1.67764 	0.000805169 	-0.107838 	0.00293184 	
1.325	2.11212 	-0.0765427 	-1.67758 	0.000778784 	-0.107899 	0.00291739 	
1.33	2.11313 	-0.0769406 	-1.67741 	0.000753096 	-0.107954 	0.00290263 	
1.335	2.11209 	-0.0761989 	-1.67975 	0.000804155 	-0.108006 	0.00290615 	
1.34	2.11323 	-0.0766124 	-1.67969 	0.000777649 	-0.108066 	0.00289158 	
1.345	2.11424 	-0.0770113 	-1.67951 	0.000751845 	-0.108122 	0.0028767 	
1.35	2.1132 	-0.0762794 	-1.68185 	0.000802783 	-0.108173 	0.00288062 	
1.355	2.11434 	-0.0766939 	-1.68179 	0.000776164 	-0.108233 	0.00286594 	
1.36	2.11535 	-0.0770937 	-1.68162 	0.000750251 	-0.108288 	0.00285095 	
1.365	2.11431 	-0.0763717 	-1.68395 	0.00080105 	-0.10834 	0.00285528 	
1.37	2.11545 	-0.076787 	-1.68389 	0.000774328 	-0.1084 	0.00284049 	
1.375	2.11645 	-0.0771876 	-1.68371 	0.000748315 	-0.108455 	0.00282539 	
1.38	2.11541 	-0.0764758 	-1.68604 	0.000798955 	-0.108506 	0.00283011 	
1.385	2.11655 	-0.0768918 	-1.68598 	0.000772139 	-0.108566 	0.00281522 	
1.39	2.11755 	-0.077293 	-1.68581 	0.000746035 	-0.108621 	0.00280003 	
1.395	2.11651 	-0.0765916 	-1.68813 	0.000796499 	-0.108672 	0.00280514 	
1.4	2.11764 	-0.0770081 	-1.68806 	0.000769597 	-0.108732 	0.00279016 	
1.405	2.11864 	-0.0774098 	-1.68789 	0.000743411 	-0.108786 	0.00277487 	
1.41	2.1176 	-0.076719 	-1.6902 	0.000793679 	-0.108837 	0.00278037 	
1.415	2.11873 	-0.0771359 	-1.69014 	0.000766702 	-0.108897 	0.0027653 	
1.42	2.11973 	-0.077538 	-1.68996 	0.000740442 	-0.108951 	0.00274992 	
1.425	2.11869 	-0.076858 	-1.69227 	0.000790497 	-0.109001 	0.00275581 	
1.43	2.11982 	-0.0772751 	-1.6922 	0.000763454 	-0.109061 	0.00274065 	
1.435	2.12081 	-0.0776774 	-1.69203 	0.00073713 	-0.109115 	0.00272519 	
1.44	2.11978 	-0.0770084 	-1.69433 	0.000786953 	-0.109165 	0.00273146 	
1.445	2.1209 	-0.0774256 	-1.69426 	0.000759853 	-0.109224 	0.00271623 	
1.45	2.12188 	-0.0778279 	-1.69409 	0.000733475 	-0.109278 	0.00270069 	
1.455	2.12085 	-0.0771701 	-1.69637 	0.000783047 	-0.109328 	0.00270734 	
1.46	2.12197 	-0.0775872 	-1.6963 	0.000755902 	-0.109387 	0.00269203 	
1.465	2.12295 	-0.0779894 	-1.69613 	0.000729479 	-0.109441 	0.00267642 	
1.47	2.12192 	-0.0773429 	-1.69841 	0.000778782 	-0.109491 	0.00268344 	
1.475	2.12303 	-0.0777598 	-1.69834 	0.0007516 	-0.109549 	0.00266807 	
1.48	2.12401 	-0.0781618 	-1.69817 	0.000725142 	-0.109603 	0.0026524 	
1.485	2.12299 	-0.0775267 	-1.70043 	0.000774158 	-0.109652 	0.00265978 	
1.49	2.12409 	-0.0779432 	-1.70036 	0.00074695 	-0.10971 	0.00264435 	
1.495	2.12507 	-0.0783448 	-1.70019 	0.000720467 	-0.109763 	0.00262862 	
1.5	2.12405 	-0.0777213 	-1.70244 	0.000769178 	-0.109813 	0.00263636 	
1.505	2.12514 	-0.0781372 	-1.70237 	0.000741954 	-0.109871 	0.00262088 	
1.51	2.12611 	-0.0785383 	-1.7022 	0.000715457 	-0.109923 	0.0026051 	
1.515	2.1251 	-0.0779265 	-1.70443 	0.000763844 	-0.109972 	0.00261318 	
1.52	2.12619 	-0.0783417 	-1.70437 	0.000736616 	-0.11003 	0.00259765 	
1.525	2.12715 	-0.0787421 	-1.70419 	0.000710113 	-0.110082 	0.00258184 	
1.53	2.12614 	-0.0781421 	-1.70642 	0.00075816 	-0.110131 	0.00259026 	
1.535	2.12722 	-0.0785565 	-1.70635 	0.000730937 	-0.110188 	0.00257469 	
1.54	2.12818 	-0.0789561 	-1.70618 	0.00070444 	-0.11024 	0.00255885 	
1.545	2.12718 	-0.0783679 	-1.70838 	0.000752129 	-0.110288 	0.00256759 	
1.55	2.12825 	-0.0787813 	-1.70831 	0.000724922 	-0.110345 	0.00255199 	
1.555	2.1292 	-0.0791799 	-1.70814 	0.000698442 	-0.110397 	0.00253612 	
1.56	2.1282 	-0.0786037 	-1.71033 	0.000745754 	-0.110444 	0.00254518 	
1.565	2.12927 	-0.0790159 	-1.71026 	0.000718574 	-0.110501 	0.00252956 	
1.57	2.13021 	-0.0794134 	-1.71009 	0.000692121 	-0.110552 	0.00251367 	
1.575	2.12922 	-0.0788492 	-1.71226 	0.000739039 	-0.110599 	0.00252304 	
1.58	2.13028 	-0.0792601 	-1.71219 	0.000711898 	-0.110655 	0.0025074 	
1.585	2.13121 	-0.0796562 	-1.71202 	0.000685483 	-0.110706 	0.0024915 	
1.59	2.13023 	-0.0791041 	-1.71418 	0.00073199 	-0.110753 	0.00250117 	
1.595	2.13128 	-0.0795135 	-1.71411 	0.000704899 	-0.110809 	0.00248552 	
1.6	2.13221 	-0.0799083 	-1.71394 	0.000678532 	-0.110859 	0.00246961 	
1.605	2.13123 	-0.0793683 	-1.71608 	0.000724612 	-0.110906 	0.00247956 	
1.61	2.13227 	-0.079776 	-1.716 	0.000697581 	-0.110961 	0.00246392 	
1.615	2.13319 	-0.0801692 	-1.71584 	0.000671274 	-0.111011 	0.00244802 	
1.62	2.13222 	-0.0796414 	-1.71796 	0.000716908 	-0.111057 	0.00245824 	
1.625	2.13325 	-0.0800473 	-1.71788 	0.00068995 	-0.111112 	0.0024426 	
1.63	2.13417 	-0.0804387 	-1.71771 	0.000663714 	-0.111161 	0.00242671 	
1.635	2.13495 	-0.0807888 	-1.71747 	0.000639916 	-0.111205 	0.00241176 	
1.64	2.13343 	-0.0799883 	-1.72027 	0.000707419 	-0.11125 	0.00243103 	
1.645	2.13454 	-0.0803928 	-1.72028 	0.000680668 	-0.111307 	0.00241611 	
1.65	2.13548 	-0.0807866 	-1.72015 	0.000654299 	-0.111358 	0.00240035 	
1.655	2.13448 	-0.080262 	-1.72229 	0.000700882 	-0.111403 	0.00241189 	
1.66	2.13549 	-0.0806665 	-1.72222 	0.000673928 	-0.111456 	0.00239619 	
1.665	2.13639 	-0.0810568 	-1.72205 	0.000647669 	-0.111505 	0.00238022 	
1.67	2.13716 	-0.0814058 	-1.72181 	0.000623862 	-0.111548 	0.00236519 	
1.675	2.13567 	-0.0806441 	-1.72455 	0.000689833 	-0.111592 	0.00238509 	
1.68	2.13675 	-0.0810459 	-1.72456 	0.000663152 	-0.111648 	0.0023701 	
1.685	2.13767 	-0.0814372 	-1.72442 	0.000636855 	-0.111697 	0.00235429 	
1.69	2.13842 	-0.0817837 	-1.72418 	0.000613162 	-0.111739 	0.00233928 	
1.695	2.13691 	-0.0810216 	-1.72694 	0.000680035 	-0.111782 	0.00236023 	
1.7	2.13798 	-0.0814226 	-1.72695 	0.000653365 	-0.111838 	0.00234523 	
1.705	2.13889 	-0.0818133 	-1.72682 	0.000627058 	-0.111887 	0.00232938 	
1.71	2.13964 	-0.0821591 	-1.72657 	0.000603365 	-0.111928 	0.00231433 	
1.715	2.13814 	-0.0814197 	-1.72929 	0.000669267 	-0.111971 	0.00233555 	
1.72	2.13919 	-0.0818191 	-1.7293 	0.000642649 	-0.112025 	0.00232052 	
1.725	2.14009 	-0.0822081 	-1.72917 	0.000616398 	-0.112074 	0.00230465 	
1.73	2.14083 	-0.0825527 	-1.72892 	0.000592751 	-0.112115 	0.0022896 	
1.735	2.13935 	-0.0818376 	-1.7316 	0.000657488 	-0.112157 	0.00231102 	
1.74	2.14039 	-0.0822344 	-1.7316 	0.000630981 	-0.11221 	0.00229597 	
1.745	2.14127 	-0.082621 	-1.73147 	0.000604844 	-0.112258 	0.00228013 	
1.75	2.142 	-0.0829634 	-1.73123 	0.000581293 	-0.112298 	0.00226511 	
1.755	2.14055 	-0.0822725 	-1.73386 	0.000644833 	-0.112339 	0.00228669 	
1.76	2.14156 	-0.082666 	-1.73385 	0.000618488 	-0.112392 	0.00227168 	
1.765	2.14244 	-0.0830494 	-1.73372 	0.000592513 	-0.112439 	0.0022559 	
1.77	2.14315 	-0.0833891 	-1.73348 	0.000569104 	-0.112479 	0.00224095 	
1.775	2.14173 	-0.0827219 	-1.73606 	0.000631426 	-0.112519 	0.00226266 	
1.78	2.14272 	-0.0831115 	-1.73606 	0.000605286 	-0.112571 	0.00224771 	
1.785	2.14358 	-0.0834911 	-1.73593 	0.000579516 	-0.112617 	0.00223202 	
1.79	2.14428 	-0.0838276 	-1.73569 	0.000556286 	-0.112656 	0.00221716 	
1.795	2.14288 	-0.0831837 	-1.73822 	0.000617365 	-0.112696 	0.00223898 	
1.8	2.14386 	-0.0835689 	-1.73821 	0.000591468 	-0.112747 	0.00222411 	
1.805	2.1447 	-0.0839441 	-1.73808 	0.000565939 	-0.112792 	0.00220853 	
1.81	2.14539 	-0.0842769 	-1.73785 	0.000542922 	-0.11283 	0.0021938 	
1.815	2.14402 	-0.0836562 	-1.74033 	0.000602729 	-0.112869 	0.00221568 	
1.82	2.14497 	-0.0840364 	-1.74032 	0.00057711 	-0.112919 	0.00220093 	
1.825	2.1458 	-0.0844069 	-1.74018 	0.000551855 	-0.112963 	0.00218549 	
1.83	2.14648 	-0.0847355 	-1.73996 	0.000529081 	-0.113001 	0.00217089 	
1.835	2.14514 	-0.0841376 	-1.74238 	0.000587584 	-0.113039 	0.00219281 	
1.84	2.14607 	-0.0845125 	-1.74237 	0.000562273 	-0.113088 	0.00217818 	
1.845	2.14688 	-0.0848777 	-1.74224 	0.000537323 	-0.113131 	0.0021629 	
1.85	2.14755 	-0.0852019 	-1.74202 	0.000514818 	-0.113168 	0.00214847 	
1.855	2.14623 	-0.0846266 	-1.74439 	0.000571986 	-0.113206 	0.00217037 	
1.86	2.14714 	-0.0849957 	-1.74437 	0.000547012 	-0.113253 	0.00215589 	
1.865	2.14793 	-0.0853554 	-1.74424 	0.000522394 	-0.113295 	0.00214079 	
1.87	2.14859 	-0.0856748 	-1.74402 	0.000500185 	-0.113332 	0.00212654 	
1.875	2.14731 	-0.0851218 	-1.74634 	0.000555983 	-0.113368 	0.00214839 	
1.88	2.14819 	-0.0854847 	-1.74632 	0.000531373 	-0.113415 	0.00213408 	
1.885	2.14897 	-0.0858385 	-1.74619 	0.000507112 	-0.113456 	0.00211917 	
1.89	2.14961 	-0.0861528 	-1.74598 	0.000485223 	-0.113492 	0.00210512 	
1.895	2.14836 	-0.0856219 	-1.74824 	0.000539617 	-0.113528 	0.00212687 	
1.9	2.14922 	-0.0859784 	-1.74821 	0.000515396 	-0.113573 	0.00211274 	
1.905	2.14998 	-0.086326 	-1.74809 	0.000491519 	-0.113613 	0.00209805 	
1.91	2.15061 	-0.0866348 	-1.74788 	0.000469971 	-0.113648 	0.00208422 	
1.915	2.14939 	-0.0861258 	-1.75008 	0.000522927 	-0.113683 	0.00210582 	
1.92	2.15023 	-0.0864755 	-1.75006 	0.00049912 	-0.113727 	0.00209189 	
1.925	2.15097 	-0.0868165 	-1.74993 	0.000475651 	-0.113766 	0.00207743 	
1.93	2.15159 	-0.0871196 	-1.74973 	0.000454466 	-0.1138 	0.00206383 	
1.935	2.1504 	-0.0866322 	-1.75187 	0.000505951 	-0.113835 	0.00208523 	
1.94	2.15122 	-0.0869748 	-1.75184 	0.00048258 	-0.113877 	0.00207152 	
1.945	2.15194 	-0.087309 	-1.75172 	0.000459542 	-0.113916 	0.00205731 	
1.95	2.15254 	-0.0876062 	-1.75153 	0.000438742 	-0.113949 	0.00204395 	
1.955	2.1531 	-0.0878785 	-1.75133 	0.000419563 	-0.11398 	0.00203155 	
1.96	2.15155 	-0.0872284 	-1.75391 	0.000486236 	-0.114013 	0.00206112 	
1.965	2.1524 	-0.0875633 	-1.75394 	0.000463483 	-0.114057 	0.00204823 	
1.97	2.15312 	-0.0878931 	-1.75385 	0.000440775 	-0.114095 	0.00203439 	
1.975	2.1537 	-0.0881837 	-1.75366 	0.000420394 	-0.114127 	0.00202127 	
1.98	2.15425 	-0.0884502 	-1.75346 	0.000401602 	-0.114157 	0.0020091 	
1.985	2.15271 	-0.0878187 	-1.756 	0.000467283 	-0.114189 	0.00203884 	
1.99	2.15354 	-0.088147 	-1.75603 	0.000444946 	-0.114231 	0.00202614 	
1.995	2.15424 	-0.0884705 	-1.75594 	0.000422636 	-0.114268 	0.00201252 	
2	2.15481 	-0.0887557 	-1.75575 	0.000402611 	-0.1143 	0.00199962 	
2.005	2.15534 	-0.0890171 	-1.75556 	0.000384148 	-0.114329 	0.00198766 	
2.01	2.15386 	-0.0884211 	-1.758 	0.0004472 	-0.114359 	0.0020167 	
2.015	2.15465 	-0.0887414 	-1.75802 	0.000425359 	-0.1144 	0.00200421 	
2.02	2.15533 	-0.089057 	-1.75794 	0.00040355 	-0.114436 	0.00199086 	
2.025	2.15587 	-0.0893356 	-1.75775 	0.000383964 	-0.114466 	0.00197824 	
2.03	2.15639 	-0.089591 	-1.75757 	0.000365904 	-0.114494 	0.00196653 	
2.035	2.15497 	-0.089031 	-1.75991 	0.00042615 	-0.114524 	0.00199474 	
2.04	2.15573 	-0.089342 	-1.75992 	0.00040489 	-0.114563 	0.00198251 	
2.045	2.15638 	-0.0896486 	-1.75983 	0.000383667 	-0.114597 	0.00196948 	
2.05	2.15691 	-0.0899195 	-1.75966 	0.000364596 	-0.114626 	0.0019572 	
2.055	2.15741 	-0.0901679 	-1.75948 	0.000347011 	-0.114654 	0.0019458 	
2.06	2.15606 	-0.0896431 	-1.76171 	0.000404409 	-0.114682 	0.00197311 	
2.065	2.15678 	-0.0899438 	-1.76172 	0.0003838 	-0.114719 	0.00196118 	
2.07	2.1574 	-0.0902404 	-1.76163 	0.000363232 	-0.114752 	0.00194853 	
2.075	2.15791 	-0.0905028 	-1.76147 	0.000344739 	-0.11478 	0.00193663 	
2.08	2.15839 	-0.0907434 	-1.7613 	0.000327687 	-0.114807 	0.00192558 	
2.085	2.15884 	-0.0909638 	-1.76113 	0.00031197 	-0.114831 	0.00191533 	
2.09	2.15724 	-0.0903322 	-1.76365 	0.000379875 	-0.114858 	0.00194883 	
2.095	2.15797 	-0.0906217 	-1.7637 	0.000360117 	-0.114895 	0.00193774 	
2.1	2.15858 	-0.0909097 	-1.76364 	0.000340169 	-0.114927 	0.0019256 	
2.105	2.15907 	-0.0911625 	-1.76348 	0.000322324 	-0.114954 	0.0019141 	
2.11	2.15952 	-0.0913944 	-1.76332 	0.000305869 	-0.114979 	0.00190343 	
2.115	2.15995 	-0.0916069 	-1.76316 	0.000290701 	-0.115003 	0.00189354 	
2.12	2.15842 	-0.0910133 	-1.76556 	0.000355504 	-0.115028 	0.00192604 	
2.125	2.1591 	-0.0912913 	-1.76561 	0.000336487 	-0.115063 	0.00191528 	
2.13	2.15969 	-0.0915682 	-1.76555 	0.000317279 	-0.115093 	0.00190356 	
2.135	2.16015 	-0.0918116 	-1.7654 	0.000300086 	-0.115119 	0.00189249 	
2.14	2.16059 	-0.0920349 	-1.76525 	0.000284231 	-0.115143 	0.00188222 	
2.145	2.161 	-0.0922395 	-1.76509 	0.000269615 	-0.115165 	0.00187269 	
2.15	2.15957 	-0.0916964 	-1.76734 	0.00032993 	-0.115189 	0.00190337 	
2.155	2.1602 	-0.0919611 	-1.76737 	0.000311772 	-0.115221 	0.00189299 	
2.16	2.16075 	-0.0922249 	-1.76731 	0.000293441 	-0.11525 	0.00188178 	
2.165	2.16119 	-0.0924573 	-1.76717 	0.000277014 	-0.115274 	0.00187121 	
2.17	2.1616 	-0.0926705 	-1.76703 	0.000261865 	-0.115297 	0.00186141 	
2.175	2.16199 	-0.092866 	-1.76689 	0.000247898 	-0.115318 	0.00185231 	
2.18	2.16236 	-0.093045 	-1.76674 	0.000235028 	-0.115338 	0.00184388 	
2.185	2.16078 	-0.0924424 	-1.76914 	0.000301388 	-0.11536 	0.00187849 	
2.19	2.1614 	-0.0926918 	-1.7692 	0.000284328 	-0.115391 	0.00186897 	
2.195	2.16192 	-0.0929426 	-1.76915 	0.000266922 	-0.115419 	0.00185841 	
2.2	2.16233 	-0.0931622 	-1.76903 	0.000251386 	-0.115441 	0.00184842 	
2.205	2.16272 	-0.0933638 	-1.7689 	0.000237057 	-0.115462 	0.00183915 	
2.21	2.16308 	-0.0935487 	-1.76877 	0.000223845 	-0.115482 	0.00183056 	
2.215	2.16342 	-0.0937181 	-1.76863 	0.000211667 	-0.115501 	0.00182259 	
2.22	2.16197 	-0.0931745 	-1.77083 	0.000272494 	-0.115521 	0.00185474 	
2.225	2.16253 	-0.0934074 	-1.77088 	0.000256511 	-0.115549 	0.00184571 	
2.23	2.16302 	-0.093642 	-1.77084 	0.000240206 	-0.115574 	0.00183578 	
2.235	2.1634 	-0.093848 	-1.77072 	0.000225632 	-0.115595 	0.00182643 	
2.24	2.16376 	-0.0940372 	-1.77061 	0.000212189 	-0.115615 	0.00181775 	
2.245	2.16409 	-0.0942107 	-1.77049 	0.00019979 	-0.115633 	0.00180971 	
2.25	2.16441 	-0.0943698 	-1.77037 	0.000188361 	-0.115651 	0.00180225 	
2.255	2.16471 	-0.0945156 	-1.77025 	0.000177828 	-0.115667 	0.00179533 	
2.26	2.16321 	-0.0939551 	-1.77246 	0.00024038 	-0.115685 	0.00182904 	
2.265	2.16374 	-0.0941685 	-1.77252 	0.000225759 	-0.115711 	0.00182088 	
2.27	2.16418 	-0.0943854 	-1.77249 	0.000210699 	-0.115734 	0.00181176 	
2.275	2.16453 	-0.0945752 	-1.77239 	0.000197275 	-0.115753 	0.00180317 	
2.28	2.16486 	-0.0947496 	-1.77229 	0.000184889 	-0.115771 	0.0017952 	
2.285	2.16516 	-0.0949097 	-1.77219 	0.000173464 	-0.115788 	0.0017878 	
2.29	2.16545 	-0.0950566 	-1.77208 	0.000162927 	-0.115803 	0.00178095 	
2.295	2.16572 	-0.0951912 	-1.77198 	0.000153214 	-0.115818 	0.00177459 	
2.3	2.16597 	-0.0953145 	-1.77187 	0.000144263 	-0.115832 	0.00176869 	
2.305	2.16621 	-0.0954274 	-1.77177 	0.000136017 	-0.115845 	0.00176322 	
2.31	2.16458 	-0.0948107 	-1.77411 	0.000204157 	-0.11586 	0.00180074 	
2.315	2.16506 	-0.0950014 	-1.77419 	0.000191169 	-0.115884 	0.00179374 	
2.32	2.16547 	-0.0951984 	-1.77419 	0.000177542 	-0.115905 	0.0017856 	
2.325	2.16578 	-0.0953695 	-1.7741 	0.000165467 	-0.115922 	0.00177789 	
2.33	2.16606 	-0.0955268 	-1.77402 	0.000154321 	-0.115937 	0.00177074 	
2.335	2.16633 	-0.0956714 	-1.77393 	0.000144034 	-0.115952 	0.00176411 	
2.34	2.16659 	-0.0958042 	-1.77385 	0.000134543 	-0.115966 	0.00175797 	
2.345	2.16682 	-0.0959261 	-1.77376 	0.000125787 	-0.115979 	0.00175227 	
2.35	2.16704 	-0.096038 	-1.77368 	0.000117713 	-0.115991 	0.00174698 	
2.355	2.16725 	-0.0961405 	-1.77359 	0.000110269 	-0.116002 	0.00174208 	
2.36	2.16745 	-0.0962345 	-1.77351 	0.000103407 	-0.116013 	0.00173753 	
2.365	2.16763 	-0.0963205 	-1.77342 	9.70848e-05 	-0.116023 	0.00173332 	
2.37	2.1678 	-0.0963993 	-1.77334 	9.1261e-05 	-0.116033 	0.00172941 	
2.375	2.16613 	-0.0957665 	-1.77567 	0.000160787 	-0.116044 	0.00176841 	
2.38	2.16655 	-0.0959276 	-1.77577 	0.000149903 	-0.116065 	0.00176275 	
2.385	2.1669 	-0.0960974 	-1.77579 	0.000138221 	-0.116083 	0.00175586 	
2.39	2.16715 	-0.096244 	-1.77573 	0.000127929 	-0.116096 	0.00174934 	
2.395	2.16739 	-0.096379 	-1.77567 	0.000118421 	-0.116109 	0.00174329 	
2.4	2.16761 	-0.0965034 	-1.77561 	0.000109638 	-0.116121 	0.00173768 	
2.405	2.16782 	-0.0966178 	-1.77555 	0.000101525 	-0.116132 	0.00173248 	
2.41	2.16801 	-0.0967232 	-1.77549 	9.40332e-05 	-0.116143 	0.00172766 	
2.415	2.16819 	-0.0968201 	-1.77543 	8.71149e-05 	-0.116152 	0.00172319 	
2.42	2.16836 	-0.0969092 	-1.77537 	8.07271e-05 	-0.116162 	0.00171905 	
2.425	2.16852 	-0.0969911 	-1.77531 	7.483e-05 	-0.11617 	0.00171521 	
2.43	2.16867 	-0.0970665 	-1.77526 	6.93862e-05 	-0.116178 	0.00171164 	
2.435	2.16881 	-0.0971358 	-1.7752 	6.43606e-05 	-0.116186 	0.00170834 	
2.44	2.16894 	-0.0971994 	-1.77515 	5.97229e-05 	-0.116193 	0.00170528 	
2.445	2.16906 	-0.0972579 	-1.77509 	5.54425e-05 	-0.1162 	0.00170244 	
2.45	2.16917 	-0.0973116 	-1.77504 	5.14921e-05 	-0.116206 	0.0016998 	
2.455	2.16928 	-0.097361 	-1.77499 	4.7847e-05 	-0.116212 	0.00169736 	
2.46	2.16938 	-0.0974063 	-1.77494 	4.44837e-05 	-0.116217 	0.0016951 	
2.465	2.16947 	-0.0974479 	-1.77489 	4.13804e-05 	-0.116223 	0.001693 	
2.47	2.16956 	-0.0974861 	-1.77485 	3.85167e-05 	-0.116227 	0.00169105 	
2.475	2.16964 	-0.0975212 	-1.7748 	3.5874e-05 	-0.116232 	0.00168925 	
2.48	2.16971 	-0.0975535 	-1.77476 	3.34349e-05 	-0.116236 	0.00168758 	
2.485	2.16978 	-0.0975831 	-1.77472 	3.11833e-05 	-0.11624 	0.00168603 	
2.49	2.16985 	-0.0976104 	-1.77468 	2.91043e-05 	-0.116244 	0.00168459 	
2.495	2.16991 	-0.0976354 	-1.77464 	2.71839e-05 	-0.116248 	0.00168326 	
2.5	2.16997 	-0.0976585 	-1.77461 	2.54095e-05 	-0.116251 	0.00168202 	
2.505	2.17002 	-0.0976798 	-1.77457 	2.37692e-05 	-0.116254 	0.00168087 	
2.51	2.17007 	-0.0976994 	-1.77454 	2.22514e-05 	-0.116257 	0.00167981 	
2.515	2.17012 	-0.0977176 	-1.77451 	2.08455e-05 	-0.116259 	0.00167883 	
2.52	2.17016 	-0.0977345 	-1.77449 	1.95439e-05 	-0.116262 	0.00167792 	
2.525	2.1702 	-0.09775 	-1.77446 	1.83385e-05 	-0.116264 	0.00167707 	
2.53	2.17024 	-0.0977644 	-1.77444 	1.72229e-05 	-0.116266 	0.00167629 	
2.535	2.17028 	-0.0977777 	-1.77442 	1.61924e-05 	-0.116268 	0.00167556 	
2.54	2.17031 	-0.0977899 	-1.7744 	1.52423e-05 	-0.11627 	0.00167489 	
2.545	2.17035 	-0.0978011 	-1.77438 	1.43684e-05 	-0.116272 	0.00167427 	
2.55	2.17038 	-0.0978112 	-1.77436 	1.35667e-05 	-0.116274 	0.0016737 	
2.555	2.17041 	-0.0978205 	-1.77434 	1.28336e-05 	-0.116275 	0.00167317 	
2.56	2.16894 	-0.0964607 	-1.77635 	0.000111892 	-0.116279 	0.00170265 	
2.565	2.16918 	-0.0965874 	-1.77648 	0.000103838 	-0.116292 	0.00169923 	
2.57	2.16938 	-0.0967368 	-1.77654 	9.43189e-05 	-0.116302 	0.00169443 	
2.575	2.16951 	-0.0968645 	-1.77654 	8.61423e-05 	-0.116309 	0.00168998 	
2.58	2.16964 	-0.0969826 	-1.77655 	7.85826e-05 	-0.116316 	0.00168586 	
2.585	2.16977 	-0.0970916 	-1.77655 	7.15965e-05 	-0.116322 	0.00168205 	
2.59	2.16988 	-0.0971922 	-1.77655 	6.51436e-05 	-0.116328 	0.00167852 	
2.595	2.17 	-0.097285 	-1.77656 	5.91867e-05 	-0.116334 	0.00167526 	
2.6	2.17011 	-0.0973705 	-1.77656 	5.36912e-05 	-0.116339 	0.00167224 	
2.605	2.17022 	-0.0974492 	-1.77656 	4.8625e-05 	-0.116345 	0.00166944 	
2.61	2.17033 	-0.0975215 	-1.77656 	4.39594e-05 	-0.11635 	0.00166686 	
2.615	2.17044 	-0.097588 	-1.77657 	3.96671e-05 	-0.116355 	0.00166448 	
2.62	2.17096 	-0.094211 	-1.77625 	0.000192055 	-0.116361 	0.00162776 	
2.625	2.17108 	-0.0944441 	-1.77626 	0.000178291 	-0.116369 	0.00162186 	
2.63	2.17115 	-0.0947129 	-1.77626 	0.000162575 	-0.116375 	0.00161524 	
2.635	2.17122 	-0.0949472 	-1.77624 	0.000148896 	-0.11638 	0.00160942 	
2.64	2.17129 	-0.0951635 	-1.77623 	0.000136258 	-0.116385 	0.00160404 	
2.645	2.17136 	-0.0953632 	-1.77622 	0.000124584 	-0.11639 	0.00159907 	
2.65	2.17144 	-0.0955475 	-1.77621 	0.000113808 	-0.116394 	0.00159446 	
2.655	2.1721 	-0.0922393 	-1.77568 	0.000258452 	-0.1164 	0.00155112 	
2.66	2.17219 	-0.0925719 	-1.77568 	0.00023935 	-0.116407 	0.00154347 	
2.665	2.17223 	-0.0929314 	-1.77566 	0.000218749 	-0.116413 	0.00153529 	
2.67	2.17228 	-0.0932493 	-1.77563 	0.000200538 	-0.116417 	0.00152803 	
2.675	2.17232 	-0.093543 	-1.77561 	0.000183711 	-0.116422 	0.0015213 	
2.68	2.17238 	-0.0938142 	-1.77559 	0.000168167 	-0.116426 	0.00151508 	
2.685	2.17308 	-0.0903295 	-1.77499 	0.000319487 	-0.116432 	0.00146696 	
2.69	2.17316 	-0.0907493 	-1.77498 	0.000295601 	-0.116439 	0.00145766 	
2.695	2.17319 	-0.091193 	-1.77494 	0.000270374 	-0.116445 	0.00144789 	
2.7	2.17321 	-0.0915876 	-1.77491 	0.00024795 	-0.116449 	0.00143917 	
2.705	2.17325 	-0.0919521 	-1.77488 	0.000227227 	-0.116454 	0.0014311 	
2.71	2.17393 	-0.0886041 	-1.77427 	0.000371537 	-0.11646 	0.00138185 	
2.715	2.17399 	-0.0891013 	-1.77425 	0.000343365 	-0.116467 	0.00137101 	
2.72	2.17401 	-0.0896158 	-1.77421 	0.000314217 	-0.116473 	0.00135983 	
2.725	2.17403 	-0.0900761 	-1.77417 	0.000288155 	-0.116478 	0.0013498 	
2.73	2.17463 	-0.0871678 	-1.7736 	0.00041199 	-0.116483 	0.00130277 	
2.735	2.17468 	-0.0877289 	-1.77357 	0.000380252 	-0.11649 	0.00129063 	
2.74	2.17469 	-0.0882976 	-1.77352 	0.000348098 	-0.116496 	0.00127835 	
2.745	2.17471 	-0.0888094 	-1.77347 	0.000319168 	-0.116501 	0.00126727 	
2.75	2.17535 	-0.0857063 	-1.77287 	0.000451175 	-0.116507 	0.00121656 	
2.755	2.1754 	-0.0863241 	-1.77283 	0.000416289 	-0.116515 	0.00120325 	
2.76	2.17541 	-0.0869487 	-1.77278 	0.000381023 	-0.116522 	0.00118981 	
2.765	2.17543 	-0.0875111 	-1.77273 	0.000349277 	-0.116527 	0.00117768 	
2.77	2.17612 	-0.0841559 	-1.77207 	0.00049201 	-0.116533 	0.00112266 	
2.775	2.17618 	-0.0848324 	-1.77203 	0.000453857 	-0.116542 	0.00110811 	
2.78	2.17619 	-0.0855155 	-1.77198 	0.000415323 	-0.116549 	0.00109344 	
2.785	2.17675 	-0.0829269 	-1.77141 	0.000522946 	-0.116555 	0.00104404 	
2.79	2.17678 	-0.0836574 	-1.77136 	0.000481766 	-0.116563 	0.00102836 	
2.795	2.17679 	-0.0843808 	-1.7713 	0.000440987 	-0.11657 	0.00101283 	
2.8	2.17736 	-0.0817487 	-1.77072 	0.00055014 	-0.116577 	0.000961673 	
2.805	2.17739 	-0.0825208 	-1.77066 	0.000506644 	-0.116585 	0.000945101 	
2.81	2.1774 	-0.0832838 	-1.77059 	0.000463654 	-0.116593 	0.000928729 	
2.815	2.178 	-0.0805304 	-1.76999 	0.000577844 	-0.1166 	0.000875052 	
2.82	2.17804 	-0.0813442 	-1.76993 	0.000532025 	-0.116609 	0.000857579 	
2.825	2.17805 	-0.0821481 	-1.76986 	0.000486755 	-0.116616 	0.000840326 	
2.83	2.17868 	-0.0792684 	-1.76922 	0.000606197 	-0.116624 	0.00078405 	
2.835	2.17872 	-0.0801249 	-1.76916 	0.000557996 	-0.116633 	0.000765648 	
2.84	2.17874 	-0.0809708 	-1.76909 	0.000510388 	-0.116642 	0.000747488 	
2.845	2.17939 	-0.0779671 	-1.76842 	0.000634982 	-0.116649 	0.000688609 	
2.85	2.17944 	-0.0788672 	-1.76837 	0.000584353 	-0.116659 	0.000669255 	
2.855	2.17946 	-0.0797557 	-1.76829 	0.000534366 	-0.116668 	0.000650166 	
2.86	2.18014 	-0.0766306 	-1.76759 	0.000663993 	-0.116676 	0.000588693 	
2.865	2.18019 	-0.0775748 	-1.76753 	0.000610906 	-0.116687 	0.000568371 	
2.87	2.18021 	-0.0785065 	-1.76745 	0.000558513 	-0.116696 	0.000548339 	
2.875	2.18092 	-0.0752627 	-1.76673 	0.000693062 	-0.116704 	0.000484289 	
2.88	2.18097 	-0.0762514 	-1.76667 	0.000637501 	-0.116715 	0.000462986 	
2.885	2.181 	-0.0772265 	-1.76659 	0.000582688 	-0.116725 	0.000442001 	
2.89	2.18173 	-0.0738665 	-1.76583 	0.000722054 	-0.116733 	0.000375396 	
2.895	2.18179 	-0.0748997 	-1.76577 	0.000664011 	-0.116745 	0.000353105 	
2.9	2.18181 	-0.0759184 	-1.76568 	0.000606774 	-0.116755 	0.000331161 	
2.905	2.18256 	-0.0724446 	-1.7649 	0.000750859 	-0.116764 	0.000262028 	
2.91	2.18263 	-0.0735225 	-1.76484 	0.000690337 	-0.116777 	0.000238745 	
2.915	2.18317 	-0.0714203 	-1.76425 	0.000771742 	-0.116787 	0.000180482 	
2.92	2.1832 	-0.072544 	-1.76416 	0.000708652 	-0.116798 	0.000156244 	
2.925	2.18321 	-0.0736307 	-1.76406 	0.000647634 	-0.116807 	0.000132801 	
2.93	2.18398 	-0.0701084 	-1.76326 	0.000793312 	-0.116817 	6.09837e-05 	
2.935	2.18406 	-0.0712551 	-1.76319 	0.000728966 	-0.11683 	3.61553e-05 	
2.94	2.18462 	-0.0690592 	-1.76257 	0.000813964 	-0.116841 	-2.52686e-05 	
2.945	2.18465 	-0.0702512 	-1.76248 	0.000747086 	-0.116852 	-5.10394e-05 	
2.95	2.1852 	-0.0681414 	-1.76186 	0.000828039 	-0.116863 	-0.000112272 	
2.955	2.18523 	-0.0693585 	-1.76177 	0.000759772 	-0.116875 	-0.00013861 	
2.96	2.18579 	-0.0672201 	-1.76114 	0.00084182 	-0.116885 	-0.000200883 	
2.965	2.18582 	-0.0684608 	-1.76105 	0.00077225 	-0.116897 	-0.000227761 	
2.97	2.18639 	-0.0662836 	-1.76041 	0.000855849 	-0.116908 	-0.000291198 	
2.975	2.18643 	-0.0675482 	-1.76031 	0.000784962 	-0.11692 	-0.000318624 	
2.98	2.18701 	-0.0653322 	-1.75966 	0.000870107 	-0.116931 	-0.000383237 	
2.985	2.18705 	-0.066621 	-1.75957 	0.000797884 	-0.116944 	-0.000411219 	
2.99	2.18764 	-0.0643673 	-1.75891 	0.000884528 	-0.116955 	-0.000477007 	
2.995	2.18769 	-0.0656806 	-1.75881 	0.000810955 	-0.116968 	-0.000505553 	
3	2.18829 	-0.0633903 	-1.75814 	0.000899051 	-0.11698 	-0.00057251 	
3.005	2.18834 	-0.0647282 	-1.75805 	0.000824118 	-0.116993 	-0.000601624 	
3.01	2.18895 	-0.0624024 	-1.75737 	0.000913621 	-0.117005 	-0.000669744 	
3.015	2.18901 	-0.0637651 	-1.75727 	0.000837324 	-0.117019 	-0.00069943 	
3.02	2.18963 	-0.0614047 	-1.75658 	0.000928195 	-0.117031 	-0.000768704 	
3.025	2.18968 	-0.0627922 	-1.75648 	0.00085053 	-0.117045 	-0.000798965 	
3.03	2.19032 	-0.0603981 	-1.75578 	0.00094273 	-0.117057 	-0.000869382 	
3.035	2.19038 	-0.0618104 	-1.75568 	0.000863701 	-0.117071 	-0.00090022 	
3.04	2.19102 	-0.0593836 	-1.75497 	0.000957194 	-0.117083 	-0.000971769 	
3.045	2.19108 	-0.0608207 	-1.75487 	0.000876804 	-0.117098 	-0.00100318 	
3.05	2.19173 	-0.058362 	-1.75415 	0.000971556 	-0.11711 	-0.00107585 	
3.055	2.1918 	-0.0598236 	-1.75405 	0.000889812 	-0.117126 	-0.00110784 	
3.06	2.19246 	-0.0573339 	-1.75332 	0.000985791 	-0.117138 	-0.00118162 	
3.065	2.19252 	-0.0588201 	-1.75322 	0.000902702 	-0.117153 	-0.00121418 	
3.07	2.19319 	-0.0563001 	-1.75248 	0.000999876 	-0.117166 	-0.00128905 	
3.075	2.19326 	-0.0578106 	-1.75238 	0.000915453 	-0.117182 	-0.00132218 	
3.08	2.19394 	-0.0552612 	-1.75163 	0.00101379 	-0.117195 	-0.00139813 	
3.085	2.19401 	-0.0567958 	-1.75153 	0.000928048 	-0.11721 	-0.00143183 	
3.09	2.19469 	-0.0542178 	-1.75076 	0.00102753 	-0.117223 	-0.00150884 	
3.095	2.19477 	-0.0557763 	-1.75067 	0.000940472 	-0.11724 	-0.00154311 	
3.1	2.19546 	-0.0531703 	-1.74989 	0.00104106 	-0.117253 	-0.00162116 	
3.105	2.19554 	-0.0547525 	-1.7498 	0.000952712 	-0.117269 	-0.00165599 	
3.11	2.19624 	-0.0521194 	-1.74901 	0.00105438 	-0.117282 	-0.00173507 	
3.115	2.19632 	-0.053725 	-1.74892 	0.000964756 	-0.117299 	-0.00177046 	
3.12	2.19703 	-0.0510655 	-1.74812 	0.00106748 	-0.117312 	-0.00185055 	
3.125	2.19711 	-0.0526941 	-1.74803 	0.000976594 	-0.117329 	-0.00188649 	
3.13	2.19782 	-0.0500091 	-1.74723 	0.00108034 	-0.117343 	-0.00196757 	
3.135	2.19791 	-0.0516605 	-1.74713 	0.000988219 	-0.11736 	-0.00200405 	
3.14	2.19863 	-0.0489506 	-1.74632 	0.00109297 	-0.117373 	-0.00208611 	
3.145	2.19871 	-0.0506244 	-1.74622 	0.000999622 	-0.117391 	-0.00212314 	
3.15	2.19944 	-0.0478904 	-1.7454 	0.00110535 	-0.117405 	-0.00220615 	
3.155	2.19953 	-0.0495863 	-1.7453 	0.0010108 	-0.117422 	-0.00224371 	
3.16	2.20026 	-0.046829 	-1.74448 	0.00111747 	-0.117436 	-0.00232766 	
3.165	2.20036 	-0.0485466 	-1.74438 	0.00102174 	-0.117454 	-0.00236574 	
3.17	2.2011 	-0.0457666 	-1.74355 	0.00112933 	-0.117468 	-0.00245061 	
3.175	2.20119 	-0.0475056 	-1.74345 	0.00103244 	-0.117486 	-0.00248921 	
3.18	2.20194 	-0.0447038 	-1.74261 	0.00114093 	-0.1175 	-0.00257498 	
3.185	2.20203 	-0.0464638 	-1.74251 	0.0010429 	-0.117518 	-0.0026141 	
3.19	2.20278 	-0.0436408 	-1.74166 	0.00115226 	-0.117532 	-0.00270074 	
3.195	2.20288 	-0.0454214 	-1.74157 	0.00105311 	-0.11755 	-0.00274036 	
3.2	2.20364 	-0.042578 	-1.74071 	0.00116331 	-0.117565 	-0.00282786 	
3.205	2.20374 	-0.0443789 	-1.74061 	0.00106307 	-0.117583 	-0.00286798 	
3.21	2.2045 	-0.0415159 	-1.73975 	0.00117409 	-0.117598 	-0.00295631 	
3.215	2.2046 	-0.0433365 	-1.73965 	0.00107277 	-0.117616 	-0.00299693 	
3.22	2.20537 	-0.0404546 	-1.73878 	0.00118458 	-0.117631 	-0.00308607 	
3.225	2.20548 	-0.0422947 	-1.73869 	0.00108222 	-0.11765 	-0.00312717 	
3.23	2.20625 	-0.0393947 	-1.73781 	0.0011948 	-0.117664 	-0.00321711 	
3.235	2.07946 	-0.0978192 	-1.26164 	0.0101658 	-0.0999229 	-0.00364731 	
3.24	1.70859 	-0.262159 	0.132346 	0.0367114 	-0.0478898 	-0.0048331 	
3.245	1.47711 	-0.323449 	0.58412 	0.0435522 	-0.0275174 	-0.00156392 	
3.25	0.726542 	-0.531563 	2.17997 	0.0688913 	0.042486 	0.00791116 	
3.255	0.896859 	-0.506986 	1.99707 	0.0668514 	0.0318538 	0.00431134 	
3.26	1.17843 	-0.502435 	2.03511 	0.0709469 	0.0243568 	-0.00443836 	
3.265	1.30052 	-0.477587 	1.8372 	0.0680176 	0.0148014 	-0.00647688 	
3.27	1.50697 	-0.467379 	1.81005 	0.0698454 	0.00781131 	-0.0124517 	
3.275	1.55852 	-0.437676 	1.55075 	0.0647165 	-0.00140154 	-0.0118584 	
3.28	1.60657 	-0.407829 	1.31088 	0.0599786 	-0.00982326 	-0.0112936 	
3.285	1.65091 	-0.382425 	1.0882 	0.0555715 	-0.0177487 	-0.0107956 	
3.29	1.69233 	-0.356198 	0.882314 	0.051531 	-0.0249923 	-0.0103286 	
3.295	1.73046 	-0.334513 	0.691074 	0.0477419 	-0.0318101 	-0.00991179 	
3.3	1.76618 	-0.311416 	0.514373 	0.0442988 	-0.0380408 	-0.00952839 	
3.305	1.79897 	-0.292948 	0.350136 	0.0410388 	-0.0439063 	-0.0091807 	
3.31	1.8298 	-0.272556 	0.198506 	0.0381077 	-0.049266 	-0.00886864 	
3.315	1.858 	-0.256872 	0.0574601 	0.0353006 	-0.0543126 	-0.00857989 	
3.32	1.88462 	-0.238818 	-0.0726378 	0.0328079 	-0.0589233 	-0.00832873 	
3.325	1.90888 	-0.225542 	-0.193765 	0.0303885 	-0.0632659 	-0.00809022 	
3.33	1.93187 	-0.209509 	-0.305369 	0.0282715 	-0.0672326 	-0.00789104 	
3.335	1.95275 	-0.198317 	-0.409389 	0.0261838 	-0.0709697 	-0.00769535 	
3.34	1.97263 	-0.184031 	-0.505108 	0.0243887 	-0.0743828 	-0.00754055 	
3.345	1.9906 	-0.174643 	-0.594435 	0.0225849 	-0.0775993 	-0.00738135 	
3.35	2.0078 	-0.161868 	-0.676511 	0.0210654 	-0.0805362 	-0.00726443 	
3.355	2.02326 	-0.154041 	-0.75322 	0.0195047 	-0.083305 	-0.00713635 	
3.36	2.03817 	-0.142571 	-0.823577 	0.0182213 	-0.0858325 	-0.00705177 	
3.365	2.05148 	-0.136095 	-0.889448 	0.0168685 	-0.0882164 	-0.00695019 	
3.37	2.06441 	-0.125753 	-0.94974 	0.0157874 	-0.0903918 	-0.00689323 	
3.375	2.07588 	-0.120447 	-1.0063 	0.0146125 	-0.0924448 	-0.00681426 	
3.38	2.08711 	-0.111081 	-1.05795 	0.0137045 	-0.0943175 	-0.00678086 	
3.385	2.09698 	-0.106787 	-1.10652 	0.0126819 	-0.0960858 	-0.00672116 	
3.39	2.10676 	-0.0982657 	-1.15074 	0.0119223 	-0.0976982 	-0.00670789 	
3.395	2.11526 	-0.0948483 	-1.19245 	0.0110299 	-0.0992218 	-0.00666462 	
3.4	2.12378 	-0.0870562 	-1.23029 	0.0103973 	-0.10061 	-0.00666853 	
3.405	2.13111 	-0.0843978 	-1.2661 	0.00961633 	-0.101924 	-0.00663927 	
3.41	2.13855 	-0.0772369 	-1.29847 	0.00909257 	-0.10312 	-0.00665785 	
3.415	2.14488 	-0.0752356 	-1.32921 	0.00840686 	-0.104252 	-0.00664054 	
3.42	2.15139 	-0.0686208 	-1.35688 	0.00797626 	-0.105282 	-0.00667165 	
3.425	2.15685 	-0.0671886 	-1.38327 	0.00737206 	-0.106259 	-0.00666453 	
3.43	2.16256 	-0.0610464 	-1.40689 	0.00702123 	-0.107147 	-0.00670633 	
3.435	2.16728 	-0.0601071 	-1.42955 	0.00648674 	-0.10799 	-0.00670791 	
3.44	2.17231 	-0.0543739 	-1.44971 	0.00620419 	-0.108756 	-0.00675883 	
3.445	2.17638 	-0.0538615 	-1.46916 	0.00572931 	-0.109484 	-0.00676785 	
3.45	2.18082 	-0.0484827 	-1.48633 	0.00550522 	-0.110144 	-0.00682655 	
3.455	2.18434 	-0.04834 	-1.50303 	0.00508133 	-0.110773 	-0.0068419 	
3.46	2.18828 	-0.0432682 	-1.51764 	0.00490726 	-0.111343 	-0.00690725 	
3.465	2.19133 	-0.0434458 	-1.53197 	0.00452696 	-0.111887 	-0.00692802 	
3.47	2.19483 	-0.0386404 	-1.54439 	0.00439571 	-0.112379 	-0.00699904 	
3.475	2.19747 	-0.0390953 	-1.55669 	0.00405268 	-0.11285 	-0.00702443 	
3.48	2.20059 	-0.034521 	-1.56722 	0.00395806 	-0.113275 	-0.00710027 	
3.485	2.20289 	-0.0352162 	-1.57777 	0.0036469 	-0.113683 	-0.00712962 	
3.49	2.20569 	-0.0308427 	-1.58668 	0.00358361 	-0.114051 	-0.00720958 	
3.495	2.20769 	-0.0317461 	-1.59574 	0.0032997 	-0.114404 	-0.0072423 	
3.5	2.21021 	-0.0275473 	-1.60325 	0.0032632 	-0.114722 	-0.00732576 	
3.505	2.21195 	-0.0286309 	-1.61103 	0.00300258 	-0.11503 	-0.00736137 	
3.51	2.21424 	-0.0245843 	-1.61734 	0.00298897 	-0.115305 	-0.0074478 	
3.515	2.21576 	-0.0258239 	-1.62401 	0.00274828 	-0.115572 	-0.00748587 	
3.52	2.21784 	-0.0219102 	-1.62931 	0.00275423 	-0.115811 	-0.00757483 	
3.525	2.21917 	-0.0232848 	-1.63502 	0.00253057 	-0.116044 	-0.00761502 	
3.53	2.22107 	-0.0194874 	-1.63944 	0.00255321 	-0.116251 	-0.0077061 	
3.535	2.22224 	-0.0209789 	-1.64434 	0.00234413 	-0.116455 	-0.0077481 	
3.54	2.22399 	-0.0172835 	-1.648 	0.00238102 	-0.116635 	-0.00784098 	
3.545	2.22502 	-0.0188759 	-1.6522 	0.0021844 	-0.116813 	-0.00788452 	
3.55	2.22664 	-0.0152703 	-1.65521 	0.00223342 	-0.11697 	-0.00797891 	
3.555	2.22754 	-0.0169499 	-1.65881 	0.00204748 	-0.117125 	-0.00802377 	
3.56	2.22905 	-0.0134235 	-1.66126 	0.00210683 	-0.117262 	-0.00811942 	
3.565	2.22985 	-0.0151784 	-1.66435 	0.00193003 	-0.117399 	-0.00816541 	
3.57	2.23126 	-0.0117223 	-1.66632 	0.00199816 	-0.117519 	-0.00826211 	
3.575	2.23198 	-0.013542 	-1.66897 	0.00182919 	-0.11764 	-0.00830905 	
3.58	2.2333 	-0.0101487 	-1.67053 	0.00190476 	-0.117744 	-0.00840661 	
3.585	2.23394 	-0.0120241 	-1.6728 	0.00174252 	-0.117851 	-0.00845437 	
3.59	2.23519 	-0.00868682 	-1.67401 	0.00182439 	-0.117943 	-0.00855262 	
3.595	2.23577 	-0.01061 	-1.67595 	0.00166792 	-0.118038 	-0.00860107 	
3.6	2.23696 	-0.00732339 	-1.67686 	0.0017551 	-0.118119 	-0.00869987 	
3.605	2.23747 	-0.00928746 	-1.67853 	0.0016036 	-0.118204 	-0.00874892 	
3.61	2.23861 	-0.00604674 	-1.67918 	0.00169525 	-0.118275 	-0.00884814 	
3.615	2.23908 	-0.0080456 	-1.6806 	0.00154803 	-0.118351 	-0.00889768 	
3.62	2.24016 	-0.00484684 	-1.68103 	0.00164342 	-0.118414 	-0.00899723 	
3.625	2.24059 	-0.00687518 	-1.68225 	0.00149989 	-0.118482 	-0.00904717 	
3.63	2.24164 	-0.00371506 	-1.68249 	0.0015984 	-0.118538 	-0.00914694 	
3.635	2.24203 	-0.0057682 	-1.68353 	0.00145807 	-0.1186 	-0.00919723 	
3.64	2.24304 	-0.00264393 	-1.68361 	0.00155915 	-0.11865 	-0.00929713 	
3.645	2.2434 	-0.00471775 	-1.6845 	0.0014216 	-0.118706 	-0.0093477 	
3.65	2.24438 	-0.00162705 	-1.68444 	0.00152478 	-0.11875 	-0.00944765 	
3.655	2.24472 	-0.00371792 	-1.6852 	0.00138967 	-0.118801 	-0.00949845 	
3.66	1.90622 	0.207104 	-0.977731 	-0.0221952 	-0.0838626 	-0.0100897 	
3.665	0.812556 	0.877557 	1.30237 	-0.0986222 	0.0289164 	-0.0119476 	
3.67	0.342635 	1.17217 	2.28248 	-0.131364 	0.0774617 	-0.0134222 	
3.675	-0.398518 	1.62951 	3.83332 	-0.183325 	0.154834 	-0.0148588 	
3.68	-0.938683 	1.89728 	4.69651 	-0.207751 	0.199461 	-0.0228786 	
3.685	-2.37441 	2.59011 	6.90579 	-0.267094 	0.316337 	-0.046309 	
3.69	-2.66897 	2.77867 	7.39092 	-0.280323 	0.341416 	-0.0543527 	
3.695	-3.43919 	3.32894 	8.87289 	-0.32459 	0.417588 	-0.0690435 	
3.7	-3.333 	3.30332 	8.85195 	-0.328748 	0.414138 	-0.0631253 	
3.705	-3.16123 	3.30611 	9.06817 	-0.347656 	0.419388 	-0.0443608 	
3.71	-2.77393 	3.05333 	8.281 	-0.322958 	0.379334 	-0.0418803 	
3.715	-2.60957 	2.9364 	8.08594 	-0.320582 	0.368919 	-0.033021 	
3.72	-2.87383 	3.03554 	8.97467 	-0.361644 	0.410789 	-0.0115744 	
3.725	-2.49839 	2.81155 	8.19424 	-0.335199 	0.371964 	-0.0115472 	
3.73	-2.15821 	2.59669 	7.4712 	-0.311333 	0.335393 	-0.0115047 	
3.735	-2.18749 	2.63061 	7.54082 	-0.313153 	0.339624 	-0.0126888 	
3.74	-2.9286 	3.10416 	9.08541 	-0.364802 	0.41794 	-0.016145 	
3.745	-2.97103 	3.15364 	9.08915 	-0.362103 	0.418984 	-0.0222732 	
3.75	-3.86516 	3.74455 	10.6769 	-0.408495 	0.499981 	-0.0408441 	
3.755	-3.78285 	3.70028 	10.5286 	-0.40381 	0.492506 	-0.0399974 	
3.76	-4.43559 	4.12267 	11.9049 	-0.449821 	0.561373 	-0.0417198 	
3.765	-4.09807 	3.95204 	11.329 	-0.432276 	0.531429 	-0.0383644 	
3.77	-4.08608 	4.06248 	11.6394 	-0.446942 	0.543747 	-0.0327527 	
3.775	-3.77485 	3.89756 	11.0868 	-0.429762 	0.515262 	-0.030022 	
3.78	-3.78787 	3.99654 	11.3754 	-0.442813 	0.527214 	-0.025569 	
3.785	-3.49882 	3.83926 	10.85 	-0.426295 	0.500268 	-0.0232494 	
3.79	-3.5393 	3.94848 	11.1734 	-0.4402 	0.514171 	-0.019322 	
3.795	-3.26842 	3.79751 	10.6707 	-0.424234 	0.488493 	-0.0173351 	
3.8	-3.33277 	3.91502 	11.0225 	-0.438808 	0.504022 	-0.0138887 	
3.805	-3.07471 	3.77049 	10.5422 	-0.42354 	0.479494 	-0.0120081 	
3.81	-3.15338 	3.89837 	10.9266 	-0.439231 	0.496611 	-0.0086017 	
3.815	-2.90423 	3.73706 	10.3998 	-0.421767 	0.47043 	-0.00773423 	
3.82	-2.96334 	3.84148 	10.7097 	-0.435126 	0.484241 	-0.00454725 	
3.825	-2.72903 	3.69048 	10.2155 	-0.418702 	0.459652 	-0.00377021 	
3.83	-2.8057 	3.799 	10.5409 	-0.432245 	0.474432 	-0.00105075 	
3.835	-2.58215 	3.65342 	10.0662 	-0.416401 	0.450833 	-0.000350959 	
3.84	-2.67429 	3.76956 	10.4154 	-0.430573 	0.466875 	0.00209035 	
3.845	-2.4601 	3.62783 	9.95512 	-0.415112 	0.444035 	0.00267554 	
3.85	-2.56493 	3.74956 	10.3225 	-0.429739 	0.461055 	0.00487994 	
3.855	-2.35892 	3.61036 	9.87231 	-0.414496 	0.438777 	0.00531963 	
3.86	-2.47404 	3.73606 	10.2533 	-0.429445 	0.456543 	0.00732838 	
3.865	-2.27516 	3.59848 	9.81007 	-0.414304 	0.434682 	0.00760669 	
3.87	-2.39858 	3.727 	10.2013 	-0.429484 	0.45302 	0.009459 	
3.875	-2.20586 	3.59041 	9.76281 	-0.414368 	0.431468 	0.00957114 	
3.88	-2.33596 	3.72094 	10.1619 	-0.429722 	0.450251 	0.0113019 	
3.885	-2.14859 	3.5849 	9.72656 	-0.41458 	0.428927 	0.0112499 	
3.89	-2.28403 	3.7169 	10.1317 	-0.430069 	0.448059 	0.0128891 	
3.895	-2.10127 	3.58112 	9.69842 	-0.414868 	0.426903 	0.0126792 	
3.9	-2.2436 	3.71697 	10.1163 	-0.430753 	0.44668 	0.0142611 	
3.905	-2.06245 	3.57717 	9.67622 	-0.415037 	0.425255 	0.013896 	
3.91	-2.18849 	3.69004 	10.042 	-0.428602 	0.442526 	0.0154897 	
3.915	-2.03353 	3.57807 	9.68147 	-0.415887 	0.42484 	0.0152872 	
3.92	-2.11383 	3.64119 	9.90418 	-0.424237 	0.435438 	0.0166248 	
3.925	-1.93325 	3.50695 	9.486 	-0.409676 	0.414913 	0.0168277 	
3.93	-2.0885 	3.64097 	9.90188 	-0.424684 	0.434802 	0.0176378 	
3.935	-1.91357 	3.51125 	9.49404 	-0.410434 	0.414809 	0.0176843 	
3.94	-2.07182 	3.64758 	9.91628 	-0.425728 	0.435022 	0.0185004 	
3.945	-1.89914 	3.51743 	9.50636 	-0.41133 	0.414994 	0.0183964 	
3.95	-2.05934 	3.65389 	9.92931 	-0.426679 	0.435284 	0.0191889 	
3.955	-1.88891 	3.52323 	9.51723 	-0.412123 	0.415217 	0.0189316 	
3.96	-2.05006 	3.65968 	9.94056 	-0.427534 	0.435548 	0.0197394 	
3.965	-1.88159 	3.52859 	9.52656 	-0.412835 	0.415447 	0.0193449 	
3.97	-2.04338 	3.66515 	9.95055 	-0.428325 	0.435824 	0.0201809 	
3.975	-1.87662 	3.53365 	9.53483 	-0.413494 	0.415689 	0.0196629 	
3.98	-2.03882 	3.67043 	9.95969 	-0.429074 	0.436116 	0.0205362 	
3.985	-1.87357 	3.53855 	9.54237 	-0.414118 	0.415949 	0.0199055 	
3.99	-2.03598 	3.67562 	9.96828 	-0.429796 	0.436427 	0.0208232 	
3.995	-1.87209 	3.54336 	9.54942 	-0.41472 	0.416227 	0.0200879 	
4	-2.03454 	3.68079 	9.97648 	-0.430502 	0.436757 	0.0210556 	
4.005	-1.8719 	3.54814 	9.55614 	-0.415309 	0.416523 	0.0202221 	
4.01	-2.03425 	3.68598 	9.98445 	-0.4312 	0.437106 	0.0212445 	
4.015	-1.87277 	3.55292 	9.56264 	-0.415891 	0.416836 	0.0203171 	
4.02	-2.03314 	3.68913 	9.98787 	-0.431763 	0.437261 	0.0214564 	
4.025	-1.67132 	3.41122 	9.13915 	-0.402248 	0.395705 	0.022116 	
4.03	-1.25404 	3.14326 	8.36003 	-0.378296 	0.355826 	0.0279225 	
4.035	-0.933732 	2.90381 	7.63195 	-0.353301 	0.319982 	0.029047 	
4.04	-0.538537 	2.67009 	6.96606 	-0.334196 	0.285116 	0.0362585 	
4.045	-0.233446 	2.46144 	6.34335 	-0.313923 	0.253829 	0.0390424 	
4.05	0.146839 	2.25701 	5.77495 	-0.299133 	0.223192 	0.0476771 	
4.055	0.433369 	2.07559 	5.24217 	-0.282686 	0.195905 	0.0515301 	
4.06	0.795818 	1.89688 	4.75696 	-0.271397 	0.168978 	0.061075 	
4.065	0.95138 	1.83857 	4.41688 	-0.257798 	0.152136 	0.0566851 	
4.07	0.923074 	2.01431 	4.39035 	-0.248436 	0.151692 	0.0369605 	
4.075	0.971308 	1.99128 	4.11571 	-0.234097 	0.139659 	0.0274947 	
4.08	1.03969 	1.91542 	3.78731 	-0.219158 	0.124957 	0.0214272 	
4.085	1.08403 	1.89822 	3.55368 	-0.206943 	0.11449 	0.0134236 	
4.09	1.14365 	1.83218 	3.27014 	-0.194084 	0.101786 	0.00827004 	
4.095	1.17943 	1.82688 	3.08159 	-0.183887 	0.0933109 	0.00100557 	
4.1	1.23108 	1.7706 	2.83836 	-0.172857 	0.082399 	-0.00342209 	
4.105	1.25961 	1.77484 	2.68769 	-0.164372 	0.0755976 	-0.0100241 	
4.11	1.30458 	1.72608 	2.47798 	-0.154886 	0.0661773 	-0.0137926 	
4.115	1.32696 	1.73788 	2.35906 	-0.147852 	0.0607793 	-0.0197995 	
4.12	1.36637 	1.69485 	2.17721 	-0.13967 	0.0525999 	-0.0229715 	
4.125	1.38352 	1.71264 	2.08496 	-0.133866 	0.0483803 	-0.0284466 	
4.13	1.41828 	1.67393 	1.92626 	-0.126785 	0.0412334 	-0.0310811 	
4.135	1.43099 	1.69648 	1.85644 	-0.122027 	0.038005 	-0.0360832 	
4.14	1.64554 	1.59923 	1.67262 	-0.12134 	0.0262172 	-0.0259672 	
4.145	2.19832 	1.42943 	1.47157 	-0.133032 	0.00681528 	0.00609428 	
4.15	2.37878 	1.30596 	1.25646 	-0.130412 	-0.00545049 	0.0155152 	
4.155	2.63274 	1.42107 	1.72696 	-0.167618 	0.00850402 	0.0432119 	
4.16	1.91267 	2.13529 	3.49706 	-0.241117 	0.0957482 	0.0405134 	
4.165	2.15195 	2.06169 	3.41213 	-0.248472 	0.0887691 	0.0575676 	
4.17	2.1586 	1.91291 	3.04284 	-0.230337 	0.0736832 	0.0522687 	
4.175	2.1664 	1.77179 	2.69758 	-0.213484 	0.0595519 	0.0475783 	
4.18	2.17353 	1.64162 	2.3768 	-0.197787 	0.0464244 	0.0431227 	
4.185	2.17989 	1.52223 	2.07796 	-0.183085 	0.0341966 	0.0387749 	
4.19	2.18629 	1.40972 	1.80318 	-0.169688 	0.022955 	0.0350739 	
4.195	2.19225 	1.30545 	1.54846 	-0.157271 	0.0125357 	0.0316438 	
4.2	2.19782 	1.20881 	1.31233 	-0.145762 	0.00287836 	0.0284645 	
4.205	2.20302 	1.11925 	1.09343 	-0.135096 	-0.00607297 	0.0255176 	
4.21	2.20788 	1.03625 	0.890503 	-0.12521 	-0.0143701 	0.0227859 	
4.215	2.21242 	0.959321 	0.702377 	-0.116048 	-0.022061 	0.0202536 	
4.22	2.21667 	0.888029 	0.527966 	-0.107556 	-0.0291902 	0.0179059 	
4.225	2.22064 	0.821956 	0.366268 	-0.0996859 	-0.0357988 	0.0157294 	
4.23	2.22436 	0.760721 	0.216351 	-0.0923919 	-0.0419252 	0.0137114 	
4.235	2.22783 	0.70397 	0.0773454 	-0.085632 	-0.0476038 	0.01184 	
4.24	2.23106 	0.651377 	-0.0515547 	-0.0793672 	-0.0528669 	0.0101045 	
4.245	2.21916 	0.627566 	-0.14757 	-0.0738593 	-0.0565011 	0.00667642 	
4.25	2.01289 	0.966828 	0.564564 	-0.105899 	-0.0233418 	0.00606485 	
4.255	1.53587 	1.82931 	2.66254 	-0.207797 	0.071708 	0.0233687 	
4.26	1.41531 	1.9791 	3.05231 	-0.225979 	0.0897019 	0.0259727 	
4.265	0.954152 	2.68743 	4.82931 	-0.309602 	0.170375 	0.0387529 	
4.27	0.874648 	2.73844 	4.98422 	-0.31625 	0.178033 	0.0390661 	
4.275	0.448742 	3.28335 	6.39084 	-0.381003 	0.242916 	0.0474126 	
4.28	0.431307 	3.25059 	6.33743 	-0.37823 	0.242363 	0.0464355 	
4.285	0.101135 	3.64969 	7.39112 	-0.426975 	0.295284 	0.0521273 	
4.29	0.078721 	3.60261 	7.29584 	-0.421589 	0.292754 	0.0498055 	
4.295	-0.192841 	3.89398 	8.09378 	-0.458287 	0.333314 	0.0540519 	
4.3	-0.166571 	3.78979 	7.86105 	-0.446936 	0.323791 	0.0517953 	
4.305	-0.442372 	4.05004 	8.58658 	-0.479546 	0.361084 	0.0545795 	
4.31	-0.39355 	3.92725 	8.29829 	-0.465714 	0.348601 	0.0520796 	
4.315	-0.6522 	4.15629 	8.94454 	-0.494492 	0.382 	0.0541711 	
4.32	-0.587651 	4.02165 	8.62086 	-0.479079 	0.367578 	0.0515686 	
4.325	-0.831226 	4.22826 	9.20964 	-0.505072 	0.398099 	0.0532273 	
4.33	-0.602764 	3.9221 	8.42135 	-0.46868 	0.360531 	0.0486129 	
4.335	-0.567095 	3.81447 	8.16354 	-0.455857 	0.348122 	0.0459868 	
4.34	-0.881417 	4.08157 	8.8993 	-0.487537 	0.382572 	0.0474673 	
4.345	-0.824713 	3.98233 	8.64807 	-0.475626 	0.370217 	0.0455673 	
4.35	-1.12733 	4.24261 	9.36059 	-0.506381 	0.403669 	0.0469553 	
4.355	-1.0487 	4.11505 	9.04011 	-0.491341 	0.388259 	0.0447772 	
4.36	-1.32623 	4.3552 	9.69744 	-0.519849 	0.419156 	0.0461757 	
4.365	-1.23423 	4.21452 	9.34074 	-0.50317 	0.402164 	0.0437796 	
4.37	-1.49555 	4.43263 	9.94261 	-0.529153 	0.430644 	0.0448525 	
4.375	-1.39052 	4.28334 	9.56099 	-0.511458 	0.412519 	0.0424705 	
4.38	-1.63812 	4.48555 	10.1215 	-0.535604 	0.439183 	0.0433414 	
4.385	-1.52228 	4.33011 	9.72123 	-0.517169 	0.420204 	0.0409929 	
4.39	-1.75877 	4.52077 	10.2505 	-0.539946 	0.4455 	0.041713 	
4.395	-1.63367 	4.36118 	9.83688 	-0.521012 	0.425893 	0.0394372 	
4.4	-1.8604 	4.54391 	10.3437 	-0.542859 	0.450185 	0.0401119 	
4.405	-1.7274 	4.38157 	9.92042 	-0.523593 	0.430116 	0.0379274 	
4.41	-1.94564 	4.55897 	10.4112 	-0.544824 	0.453677 	0.0386225 	
4.415	-1.80628 	4.39451 	9.98116 	-0.525297 	0.433261 	0.0365295 	
4.42	-2.01804 	4.56743 	10.4611 	-0.545998 	0.45628 	0.0372652 	
4.425	-1.865 	4.402 	10.0307 	-0.526458 	0.436846 	0.0353966 	
4.43	-2.04883 	4.57083 	10.5118 	-0.547038 	0.46281 	0.0365349 	
4.435	-1.72183 	4.20454 	9.72407 	-0.514947 	0.424041 	0.0415504 	
4.44	-1.37572 	3.77376 	9.18352 	-0.501673 	0.394752 	0.0662195 	
4.445	-1.26141 	3.57464 	8.83315 	-0.48361 	0.377243 	0.0683896 	
4.45	-1.63572 	3.81195 	9.60272 	-0.499698 	0.412166 	0.0635064 	
4.455	-1.57019 	3.67078 	9.41152 	-0.486793 	0.401129 	0.0669063 	
4.46	-1.91067 	3.90183 	10.1286 	-0.502808 	0.433647 	0.0624202 	
4.465	-1.82591 	3.74189 	9.86484 	-0.488296 	0.419784 	0.0653849 	
4.47	-2.13051 	3.95194 	10.5038 	-0.502693 	0.448825 	0.0610932 	
4.475	-2.02842 	3.77625 	10.1806 	-0.486896 	0.432618 	0.0637772 	
4.48	-2.30974 	3.98177 	10.77 	-0.500584 	0.4597 	0.0588363 	
4.485	-2.22234 	3.86804 	10.462 	-0.485461 	0.445427 	0.0557771 	
4.49	-2.59448 	4.2258 	11.2112 	-0.502561 	0.481454 	0.0403485 	
4.495	-2.54602 	4.0919 	10.9462 	-0.489843 	0.469534 	0.0400779 	
4.5	-2.69616 	4.20553 	11.2844 	-0.497748 	0.484688 	0.0379453 	
4.505	-2.54818 	4.02617 	10.9004 	-0.483883 	0.466755 	0.0404125 	
4.51	-2.6584 	4.10689 	11.1757 	-0.491784 	0.479474 	0.0396042 	
4.515	-2.55898 	3.97944 	10.86 	-0.478883 	0.465186 	0.0386843 	
4.52	-2.72234 	4.11463 	11.2192 	-0.488628 	0.482283 	0.0349037 	
4.525	-2.6101 	3.98709 	10.8952 	-0.475932 	0.467425 	0.034437 	
4.53	-2.7421 	4.10919 	11.196 	-0.48396 	0.481799 	0.0307402 	
4.535	-2.32978 	3.79538 	10.294 	-0.453251 	0.438971 	0.0333378 	
4.54	-1.90017 	3.48747 	9.44842 	-0.426034 	0.397627 	0.0390858 	
4.545	-1.51972 	3.21287 	8.65326 	-0.399109 	0.359098 	0.0418019 	
4.55	-1.10854 	2.94965 	7.92462 	-0.376837 	0.322534 	0.0484095 	
4.555	-0.736722 	2.71802 	7.23587 	-0.35458 	0.288138 	0.052031 	
4.56	-0.336765 	2.49387 	6.60682 	-0.336627 	0.255525 	0.0594685 	
4.565	0.015293 	2.29424 	6.01543 	-0.318561 	0.225269 	0.0641688 	
4.57	0.397141 	2.1087 	5.48102 	-0.304669 	0.197017 	0.0721835 	
4.575	0.466141 	2.20007 	5.59386 	-0.314998 	0.205989 	0.0744109 	
4.58	0.0834027 	2.77385 	6.87532 	-0.372638 	0.278074 	0.0717694 	
4.585	0.432677 	2.57866 	6.30184 	-0.355562 	0.248664 	0.0768044 	
4.59	0.786666 	2.36707 	5.73786 	-0.338479 	0.217873 	0.0838197 	
4.595	0.822996 	2.4291 	5.80596 	-0.344621 	0.223351 	0.0833777 	
4.6	0.411342 	2.99544 	7.06794 	-0.400391 	0.294689 	0.0773524 	
4.605	0.734899 	2.77544 	6.46075 	-0.380195 	0.263139 	0.0816814 	
4.61	1.0539 	2.55007 	5.88408 	-0.360818 	0.231511 	0.087615 	
4.615	1.31425 	2.34508 	5.34648 	-0.341399 	0.202822 	0.090906 	
4.62	1.60641 	2.15026 	4.8526 	-0.325456 	0.175332 	0.0970676 	
4.625	1.85521 	1.97244 	4.39285 	-0.309754 	0.150241 	0.101371 	
4.63	2.13594 	1.80308 	3.97101 	-0.297215 	0.126095 	0.108406 	
4.635	2.37125 	1.64896 	3.57777 	-0.28456 	0.104153 	0.113357 	
4.64	2.64235 	1.5089 	3.22141 	-0.275437 	0.0836368 	0.120771 	
4.645	2.57803 	1.70573 	3.60564 	-0.295461 	0.106064 	0.120027 	
4.65	1.96427 	2.48853 	5.37253 	-0.371053 	0.203623 	0.111024 	
4.655	2.24166 	2.30425 	4.8805 	-0.355014 	0.177339 	0.115874 	
4.66	2.13402 	2.26325 	5.00211 	-0.352881 	0.177658 	0.121758 	
4.665	1.30719 	2.52316 	6.27114 	-0.376367 	0.233825 	0.12563 	
4.67	1.44517 	2.40351 	6.32466 	-0.367831 	0.249594 	0.134032 	
4.675	0.911176 	2.56772 	7.58292 	-0.379513 	0.338865 	0.136838 	
4.68	1.05016 	2.42409 	7.48928 	-0.367618 	0.34267 	0.141462 	
4.685	0.468706 	2.4954 	8.53838 	-0.367602 	0.414397 	0.144012 	
4.69	0.652808 	2.31396 	8.34416 	-0.353835 	0.413575 	0.14973 	
4.695	0.176773 	2.32285 	9.2196 	-0.34583 	0.479608 	0.151247 	
4.7	0.366475 	2.13404 	8.97093 	-0.332026 	0.475638 	0.156072 	
4.705	-0.0395458 	2.11489 	9.71199 	-0.319457 	0.535201 	0.156646 	
4.71	0.119366 	1.93649 	9.41712 	-0.307845 	0.524333 	0.161127 	
4.715	-0.338441 	1.93004 	9.98104 	-0.295561 	0.55985 	0.16227 	
4.72	-0.238269 	1.76431 	9.63748 	-0.288399 	0.537117 	0.170056 	
4.725	-0.980036 	1.95502 	10.4748 	-0.282597 	0.593194 	0.155132 	
4.73	-0.465915 	1.90718 	9.89079 	-0.282501 	0.560755 	0.157748 	
4.735	-0.216209 	1.76149 	9.04994 	-0.263921 	0.510144 	0.14844 	
4.74	0.121431 	1.61517 	8.28103 	-0.251113 	0.461409 	0.146504 	
4.745	0.357459 	1.48887 	7.55991 	-0.23592 	0.417522 	0.139684 	
4.75	0.696084 	1.36068 	6.90178 	-0.226668 	0.374702 	0.140665 	
4.755	0.930062 	1.24969 	6.28494 	-0.214841 	0.336447 	0.136662 	
4.76	1.2858 	1.13424 	5.71895 	-0.209082 	0.298266 	0.141073 	
4.765	1.18768 	1.0594 	5.74039 	-0.200825 	0.291431 	0.143962 	
4.77	0.389981 	1.05806 	6.98879 	-0.199366 	0.344157 	0.157747 	
4.775	0.43992 	1.17477 	7.06468 	-0.213926 	0.339285 	0.157847 	
4.78	0.0188126 	1.56623 	7.8944 	-0.248108 	0.374861 	0.147908 	
4.785	-0.0197261 	1.64553 	7.91939 	-0.256809 	0.370988 	0.144623 	
4.79	-0.332778 	1.95999 	8.56988 	-0.284562 	0.397971 	0.137294 	
4.795	-0.372944 	1.99419 	8.5126 	-0.288641 	0.391679 	0.133385 	
4.8	-0.641037 	2.26037 	9.06358 	-0.312213 	0.414511 	0.127127 	
4.805	-0.661486 	2.25583 	8.93509 	-0.312734 	0.405698 	0.123633 	
4.81	-0.922233 	2.49663 	9.44035 	-0.333163 	0.427266 	0.117162 	
4.815	-0.936722 	2.4843 	9.27858 	-0.330867 	0.417653 	0.112353 	
4.82	-1.18073 	2.70149 	9.74072 	-0.349388 	0.437754 	0.106395 	
4.825	-1.17235 	2.6569 	9.53267 	-0.344496 	0.426184 	0.102742 	
4.83	-1.39775 	2.8513 	9.95949 	-0.361245 	0.444919 	0.097616 	
4.835	-1.37283 	2.78142 	9.71873 	-0.354316 	0.432007 	0.0949224 	
4.84	-1.5794 	2.95874 	10.1182 	-0.369818 	0.449642 	0.0905985 	
4.845	-1.54093 	2.87 	9.8542 	-0.361386 	0.435806 	0.0886798 	
4.85	-1.73229 	3.03214 	10.2343 	-0.375742 	0.452639 	0.0851308 	
4.855	-1.68013 	2.93072 	9.95156 	-0.366367 	0.438067 	0.0838277 	
4.86	-1.86237 	3.07938 	10.3202 	-0.379654 	0.454434 	0.0809919 	
4.865	-1.79524 	2.96942 	10.021 	-0.369718 	0.439199 	0.0802157 	
4.87	-1.97078 	3.10786 	10.3825 	-0.382184 	0.4553 	0.0779498 	
4.875	-1.89011 	2.99183 	10.07 	-0.371884 	0.439533 	0.0776081 	
4.88	-2.04815 	3.10143 	10.4136 	-0.381734 	0.454378 	0.0765477 	
4.885	-1.93357 	2.81545 	10.0396 	-0.353838 	0.432962 	0.0792948 	
4.89	-2.10599 	2.61892 	10.3094 	-0.329879 	0.440473 	0.079905 	
4.895	-1.93401 	2.38916 	9.87744 	-0.307765 	0.417544 	0.0810182 	
4.9	-2.19827 	2.23624 	10.3334 	-0.286913 	0.433958 	0.0808587 	
4.905	-1.94282 	2.01414 	9.79274 	-0.265818 	0.405801 	0.0820387 	
4.91	-2.1851 	1.89739 	10.259 	-0.24727 	0.423114 	0.0788765 	
4.915	-2.02393 	1.71685 	9.7813 	-0.22859 	0.399824 	0.0766711 	
4.92	-2.20412 	1.6171 	10.2224 	-0.212161 	0.41547 	0.0743144 	
4.925	-2.04848 	1.46639 	9.7598 	-0.196453 	0.393455 	0.0718837 	
4.93	-2.21826 	1.39014 	10.1977 	-0.182447 	0.409295 	0.069571 	
4.935	-2.06099 	1.26071 	9.73936 	-0.169033 	0.387863 	0.0672216 	
4.94	-2.22532 	1.20469 	10.177 	-0.157139 	0.40403 	0.0649375 	
4.945	-2.06696 	1.09249 	9.722 	-0.145672 	0.383082 	0.0627224 	
4.95	-2.22725 	1.05321 	10.1596 	-0.135573 	0.399537 	0.0605 	
4.955	-2.06851 	0.955194 	9.70763 	-0.125779 	0.37902 	0.0584454 	
4.96	-2.22522 	0.929808 	10.145 	-0.117222 	0.395714 	0.0563285 	
4.965	-2.06534 	0.843647 	9.69613 	-0.108918 	0.375576 	0.0545114 	
4.97	-2.21892 	0.829625 	10.1325 	-0.101659 	0.39244 	0.0525174 	
4.975	-2.05814 	0.753265 	9.68667 	-0.0946533 	0.37264 	0.0509546 	
4.98	-2.20965 	0.748652 	10.1221 	-0.0884872 	0.389648 	0.0490697 	
4.985	-2.04873 	0.68021 	9.67867 	-0.0825798 	0.370141 	0.0477382 	
4.99	-2.19886 	0.683346 	10.1128 	-0.0773312 	0.387257 	0.0459534 	
4.995	-2.03846 	0.621361 	9.67165 	-0.0723627 	0.368016 	0.0448324 	
5	-2.18764 	0.63086 	10.104 	-0.0678818 	0.385201 	0.0431401 	
5.005	-2.02856 	0.574371 	9.66561 	-0.0637392 	0.366236 	0.0422026 	
5.01	-2.1773 	0.589295 	10.0963 	-0.0599146 	0.383483 	0.0405845 	
5.015	-2.01986 	0.537344 	9.66077 	-0.056491 	0.364782 	0.0398184 	
5.02	-2.1687 	0.556924 	10.0901 	-0.053224 	0.382089 	0.0382557 	
5.025	-2.01301 	0.508703 	9.65732 	-0.0504243 	0.363635 	0.0376477 	
5.03	-2.162 	0.532268 	10.0854 	-0.0476322 	0.380993 	0.0361295 	
5.035	-2.00819 	0.487137 	9.65551 	-0.0453832 	0.362777 	0.0356712 	
5.04	-2.1596 	0.512701 	10.083 	-0.0427918 	0.380188 	0.0341111 	
5.045	-2.01281 	0.472554 	9.65887 	-0.0416674 	0.36234 	0.0347089 	
5.05	-2.16423 	0.523207 	10.0925 	-0.0432645 	0.380403 	0.0364008 	
5.055	-2.01288 	0.481299 	9.66377 	-0.0421019 	0.362313 	0.036957 	
5.06	-2.1703 	0.533255 	10.1015 	-0.0435802 	0.380689 	0.0380529 	
5.065	-2.01708 	0.489405 	9.66958 	-0.0423348 	0.362455 	0.0384995 	
5.07	-2.17603 	0.541657 	10.1089 	-0.0436733 	0.380944 	0.0391828 	
5.075	-2.02113 	0.495996 	9.67438 	-0.0423623 	0.362586 	0.0395571 	
5.08	-2.19549 	0.545852 	10.1403 	-0.0432132 	0.382184 	0.0400834 	
5.085	-2.05915 	0.490287 	9.73642 	-0.0408574 	0.364927 	0.040708 	
5.09	-2.20075 	0.548839 	10.1311 	-0.0426744 	0.381145 	0.0404152 	
5.095	-2.17105 	0.535317 	9.84854 	-0.0463866 	0.366752 	0.0457241 	
5.1	-2.3414 	0.653482 	10.1138 	-0.058006 	0.373959 	0.0518055 	
5.105	-2.33339 	0.647408 	9.91132 	-0.0621686 	0.363333 	0.0566476 	
5.11	-2.50464 	0.756452 	10.1808 	-0.0726389 	0.371093 	0.0622809 	
5.115	-2.47607 	0.740254 	9.96703 	-0.0758221 	0.360286 	0.066715 	
5.12	-2.64112 	0.843268 	10.2367 	-0.0853631 	0.36851 	0.0715507 	
5.125	-2.59606 	0.81772 	10.0124 	-0.0875769 	0.35755 	0.0755339 	
5.13	-2.75493 	0.915582 	10.2819 	-0.096317 	0.366143 	0.0797027 	
5.135	-2.69676 	0.882122 	10.0494 	-0.0976939 	0.355091 	0.0832779 	
5.14	-2.85 	0.975741 	10.3189 	-0.105746 	0.363997 	0.0868764 	
5.145	-2.78143 	0.935335 	10.0797 	-0.106395 	0.352891 	0.0901103 	
5.15	-2.93014 	1.02497 	10.35 	-0.11384 	0.362074 	0.0932747 	
5.155	-2.85239 	0.979519 	10.104 	-0.113864 	0.350908 	0.0960964 	
5.16	-2.99673 	1.06667 	10.375 	-0.120829 	0.360351 	0.0988119 	
5.165	-2.91172 	1.01631 	10.1237 	-0.120306 	0.349148 	0.101337 	
5.17	-3.05265 	1.10126 	10.3957 	-0.126838 	0.358819 	0.103683 	
5.175	-2.96126 	1.04706 	10.1394 	-0.125851 	0.34758 	0.105902 	
5.18	-3.09889 	1.13101 	10.4125 	-0.132059 	0.357478 	0.107862 	
5.185	-3.00297 	1.07227 	10.1531 	-0.13065 	0.346226 	0.109948 	
5.19	-3.13781 	1.15572 	10.4261 	-0.136521 	0.356275 	0.11152 	
5.195	-3.01992 	1.10968 	10.1717 	-0.136479 	0.347365 	0.11295 	
5.2	-3.09599 	1.24097 	10.4628 	-0.146968 	0.364273 	0.112688 	
5.205	-3.00179 	1.11944 	10.2064 	-0.145096 	0.351482 	0.121474 	
5.21	-3.1458 	1.11721 	10.4911 	-0.152573 	0.358645 	0.1353 	
5.215	-3.04901 	1.1591 	10.2087 	-0.150599 	0.346889 	0.128839 	
5.22	-3.32619 	1.12266 	10.6391 	-0.159642 	0.358969 	0.147732 	
5.225	-3.14764 	1.07459 	10.1983 	-0.155041 	0.340537 	0.144844 	
5.23	-3.44242 	1.09917 	10.7054 	-0.164962 	0.356328 	0.159895 	
5.235	-3.25395 	1.05253 	10.2584 	-0.159966 	0.338019 	0.156142 	
5.24	-3.5373 	1.08126 	10.7596 	-0.169548 	0.353913 	0.170211 	
5.245	-3.34061 	1.03562 	10.3067 	-0.164195 	0.335699 	0.165694 	
5.25	-3.6141 	1.06668 	10.7999 	-0.173422 	0.351589 	0.178908 	
5.255	-3.39325 	1.02333 	10.3262 	-0.167688 	0.333446 	0.172892 	
5.26	-3.61023 	1.06166 	10.7722 	-0.176486 	0.3495 	0.182961 	
5.265	-3.39768 	1.02114 	10.3195 	-0.170848 	0.332201 	0.176948 	
5.27	-3.61392 	1.06062 	10.767 	-0.179464 	0.348378 	0.186698 	
5.275	-3.39866 	1.01895 	10.3093 	-0.17353 	0.330954 	0.180386 	
5.28	-3.60931 	1.0575 	10.7465 	-0.181796 	0.3468 	0.189722 	
5.285	-3.39452 	1.01611 	10.2909 	-0.175708 	0.329508 	0.183205 	
5.29	-3.60561 	1.05544 	10.7305 	-0.183856 	0.3455 	0.192333 	
5.295	-3.39122 	1.01419 	10.2765 	-0.177633 	0.328319 	0.185644 	
5.3	-3.60322 	1.05437 	10.7193 	-0.185697 	0.344478 	0.194608 	
5.305	-3.38915 	1.01314 	10.2664 	-0.179351 	0.327383 	0.18777 	
5.31	-3.60192 	1.05404 	10.7117 	-0.187336 	0.343677 	0.196583 	
5.315	-3.38806 	1.01274 	10.2596 	-0.180878 	0.326647 	0.189617 	
5.32	-3.60145 	1.05425 	10.7066 	-0.188786 	0.343047 	0.198291 	
5.325	-3.38969 	1.01356 	10.2591 	-0.182293 	0.326225 	0.191252 	
5.33	-3.60929 	1.05759 	10.7193 	-0.190317 	0.343166 	0.199918 	
5.335	-3.41432 	1.01432 	10.2858 	-0.183772 	0.326313 	0.193661 	
5.34	-3.6824 	1.05327 	10.7856 	-0.191815 	0.343092 	0.204598 	
5.345	-3.47367 	1.00709 	10.3275 	-0.184841 	0.325514 	0.197759 	
5.35	-3.73809 	1.04783 	10.8256 	-0.192832 	0.342415 	0.208336 	
5.355	-3.51498 	1.00599 	10.3654 	-0.185986 	0.325475 	0.200611 	
5.36	-3.72194 	1.05201 	10.8094 	-0.193618 	0.342174 	0.208291 	
5.365	-3.49992 	1.00967 	10.3499 	-0.18671 	0.325232 	0.200573 	
5.37	-3.70794 	1.05599 	10.7945 	-0.194293 	0.341938 	0.208201 	
5.375	-3.48508 	1.01229 	10.3319 	-0.187276 	0.32485 	0.20048 	
5.38	-3.68898 	1.05737 	10.767 	-0.194663 	0.341175 	0.207946 	
5.385	-3.46778 	1.01332 	10.3069 	-0.187635 	0.324159 	0.200282 	
5.39	-3.67375 	1.05907 	10.7458 	-0.195048 	0.340616 	0.207761 	
5.395	-3.45393 	1.01461 	10.2877 	-0.188006 	0.323654 	0.20015 	
5.4	-3.66211 	1.06114 	10.7309 	-0.195457 	0.34026 	0.207649 	
5.405	-3.44336 	1.0162 	10.2742 	-0.188394 	0.323332 	0.200083 	
5.41	-3.65338 	1.0634 	10.7206 	-0.195867 	0.340054 	0.207587 	
5.415	-3.43749 	1.01846 	10.2689 	-0.188846 	0.3233 	0.200116 	
5.42	-3.65236 	1.06695 	10.7238 	-0.196422 	0.340349 	0.207685 	
5.425	-3.44648 	1.0171 	10.2696 	-0.189132 	0.322914 	0.200856 	
5.43	-3.71433 	1.06117 	10.7726 	-0.196908 	0.340069 	0.210965 	
5.435	-3.50341 	1.01127 	10.3135 	-0.189565 	0.322603 	0.20391 	
5.44	-3.76591 	1.05636 	10.811 	-0.19728 	0.339697 	0.213703 	
5.445	-3.55045 	1.0066 	10.3476 	-0.18989 	0.322197 	0.206436 	
5.45	-3.80764 	1.05241 	10.839 	-0.197531 	0.339189 	0.215937 	
5.455	-3.58858 	1.00272 	10.3724 	-0.190108 	0.321682 	0.2085 	
5.46	-3.86132 	1.07213 	10.9117 	-0.199334 	0.342859 	0.216134 	
5.465	-3.64896 	1.0815 	10.5426 	-0.195989 	0.335791 	0.203482 	
5.47	-3.75983 	1.10231 	10.873 	-0.201413 	0.346371 	0.212307 	
5.475	-3.54391 	1.05448 	10.4232 	-0.1942 	0.329628 	0.204832 	
5.48	-3.75079 	1.10167 	10.8401 	-0.200885 	0.34553 	0.210925 	
5.485	-3.58434 	1.0649 	10.4517 	-0.19454 	0.331715 	0.203277 	
5.49	-3.73864 	1.10088 	10.8 	-0.200323 	0.344457 	0.209387 	
5.495	-3.54341 	1.05738 	10.3925 	-0.1938 	0.329285 	0.20265 	
5.5	-3.71453 	1.09732 	10.7577 	-0.199784 	0.342911 	0.208532 	
5.505	-3.51837 	1.05314 	10.3524 	-0.193323 	0.327752 	0.202006 	
5.51	-3.69424 	1.0951 	10.7266 	-0.199464 	0.341741 	0.207936 	
5.515	-3.49949 	1.05051 	10.3239 	-0.193046 	0.326668 	0.201527 	
5.52	-3.67839 	1.09403 	10.7046 	-0.199302 	0.340909 	0.207505 	
5.525	-3.48475 	1.04886 	10.3034 	-0.1929 	0.325881 	0.201185 	
5.53	-3.66624 	1.09377 	10.6893 	-0.199245 	0.340328 	0.207191 	
5.535	-3.47328 	1.04786 	10.2885 	-0.192841 	0.325308 	0.200943 	
5.54	-3.6571 	1.09404 	10.6789 	-0.199256 	0.339934 	0.206961 	
5.545	-3.46447 	1.04727 	10.2777 	-0.192837 	0.324892 	0.200776 	
5.55	-3.65041 	1.09469 	10.6721 	-0.19931 	0.339676 	0.206793 	
5.555	-3.45781 	1.04696 	10.2699 	-0.192867 	0.324592 	0.200663 	
5.56	-3.64569 	1.09556 	10.6678 	-0.19939 	0.33952 	0.20667 	
5.565	-3.43176 	1.05824 	10.274 	-0.194925 	0.32355 	0.202345 	
5.57	-3.54768 	1.13772 	10.6741 	-0.206898 	0.335151 	0.21294 	
5.575	-3.31123 	1.08682 	10.1947 	-0.200516 	0.316663 	0.206449 	
5.58	-3.45739 	1.17021 	10.6219 	-0.212353 	0.329946 	0.216309 	
5.585	-3.22983 	1.11469 	10.1474 	-0.205593 	0.311884 	0.209752 	
5.59	-3.38727 	1.1978 	10.5853 	-0.217143 	0.32581 	0.21936 	
5.595	-3.16676 	1.13757 	10.1137 	-0.210031 	0.308057 	0.212775 	
5.6	-3.33325 	1.22016 	10.5593 	-0.221292 	0.322471 	0.222147 	
5.605	-3.08634 	1.16449 	10.0715 	-0.214583 	0.305545 	0.214579 	
5.61	-3.17077 	1.27285 	10.4753 	-0.227755 	0.322329 	0.22093 	
5.615	-2.9461 	1.21626 	10.0087 	-0.220956 	0.306371 	0.2134 	
5.62	-3.03822 	1.32489 	10.4236 	-0.234075 	0.323958 	0.21969 	
5.625	-2.79648 	1.25901 	9.93105 	-0.226575 	0.306837 	0.212351 	
5.63	-2.85799 	1.36198 	10.3191 	-0.239396 	0.323695 	0.218882 	
5.635	-2.7957 	1.33452 	10.0489 	-0.234791 	0.316847 	0.211117 	
5.64	-2.69408 	1.39756 	10.2191 	-0.244319 	0.324613 	0.217368 	
5.645	-2.75731 	1.40549 	10.1343 	-0.242751 	0.325957 	0.209768 	
5.65	-2.59314 	1.43842 	10.1901 	-0.249566 	0.328155 	0.216028 	
5.655	-2.63139 	1.45079 	10.0955 	-0.248512 	0.330085 	0.208174 	
5.66	-2.43144 	1.48859 	10.1415 	-0.256097 	0.332882 	0.214532 	
5.665	-2.58601 	1.50207 	10.1076 	-0.253896 	0.337256 	0.204934 	
5.67	-2.34311 	1.51236 	10.1131 	-0.25993 	0.335927 	0.214071 	
5.675	-2.53785 	1.5065 	10.097 	-0.255368 	0.341002 	0.204409 	
5.68	-2.60432 	1.47138 	10.252 	-0.253905 	0.342956 	0.210976 	
5.685	-2.57943 	1.4938 	10.1507 	-0.25269 	0.348892 	0.199635 	
5.69	-2.39841 	1.71687 	10.431 	-0.270474 	0.38659 	0.183091 	
5.695	-2.21571 	1.73164 	10.2335 	-0.270056 	0.38848 	0.173928 	
5.7	-2.14105 	1.91443 	10.5205 	-0.284456 	0.421815 	0.160339 	
5.705	-1.96667 	1.90921 	10.2935 	-0.282719 	0.420416 	0.152585 	
5.71	-1.91551 	2.08748 	10.596 	-0.297168 	0.453331 	0.140065 	
5.715	-0.84667 	1.55181 	10.7521 	-0.244274 	0.568626 	0.143343 	
5.72	2.45087 	-0.492506 	12.4042 	-0.0389273 	1.04307 	0.17504 	
5.725	4.54303 	-1.94633 	13.2567 	0.115694 	1.34768 	0.191308 	
5.73	4.20632 	-1.63607 	12.8602 	0.0857851 	1.28441 	0.177282 	
5.735	3.96856 	-1.47312 	11.9591 	0.0767668 	1.18927 	0.162181 	
5.74	3.53468 	-1.21034 	11.4993 	0.0607072 	1.12045 	0.144818 	
5.745	3.29013 	-0.966197 	10.9278 	0.0425726 	1.05784 	0.128491 	
5.75	3.00447 	-0.596282 	10.6968 	0.0140831 	1.0206 	0.110559 	
5.755	2.82554 	-0.340125 	10.2981 	-0.00657801 	0.97276 	0.098186 	
5.76	2.58346 	0.00620278 	10.1958 	-0.0360171 	0.947162 	0.0850628 	
5.765	2.46284 	0.246997 	9.89824 	-0.0568604 	0.909751 	0.075425 	
5.77	2.30218 	0.594845 	9.90013 	-0.0876218 	0.897504 	0.0627742 	
5.775	2.22357 	0.856483 	9.75217 	-0.111159 	0.875156 	0.0534751 	
5.78	2.0776 	1.15765 	9.7838 	-0.13914 	0.866319 	0.0441106 	
5.785	1.99167 	1.36142 	9.65523 	-0.15952 	0.845576 	0.0391183 	
5.79	1.84804 	1.64596 	9.74945 	-0.186355 	0.842455 	0.0306597 	
5.795	1.76039 	1.75335 	9.51541 	-0.198501 	0.811285 	0.0290608 	
5.8	1.54248 	1.97698 	9.62627 	-0.221799 	0.804733 	0.0250745 	
5.805	1.47728 	2.06636 	9.41763 	-0.232146 	0.776975 	0.0240572 	
5.81	1.28406 	2.26163 	9.54241 	-0.253642 	0.773749 	0.0215481 	
5.815	1.28861 	2.35525 	9.38925 	-0.264607 	0.756497 	0.0203253 	
5.82	1.16053 	2.63407 	9.71379 	-0.292142 	0.777139 	0.0121125 	
5.825	1.21254 	2.62781 	9.39679 	-0.294639 	0.746626 	0.0141483 	
5.83	1.25045 	2.75856 	9.43398 	-0.312184 	0.740949 	0.0173307 	
5.835	1.29213 	2.73968 	9.14007 	-0.313405 	0.713233 	0.0192927 	
5.84	1.31913 	2.86653 	9.21559 	-0.330508 	0.711305 	0.0223402 	
5.845	1.35167 	2.84643 	8.96134 	-0.331503 	0.687362 	0.0241723 	
5.85	1.37968 	2.97185 	9.07124 	-0.348252 	0.689274 	0.0267202 	
5.855	1.37624 	2.97443 	8.91377 	-0.349995 	0.675466 	0.0250737 	
5.86	1.14396 	3.20323 	9.35066 	-0.372682 	0.704155 	0.0182145 	
5.865	0.945591 	3.26861 	9.40506 	-0.377737 	0.705859 	0.0106113 	
5.87	0.844059 	3.41817 	9.65887 	-0.393475 	0.719852 	0.00579688 	
5.875	0.908667 	3.37889 	9.44046 	-0.391079 	0.702842 	0.00432754 	
5.88	0.859504 	3.50005 	9.62245 	-0.402472 	0.716738 	-0.0044605 	
5.885	0.903574 	3.4531 	9.41255 	-0.400157 	0.700295 	-0.00344906 	
5.89	0.847104 	3.56536 	9.60738 	-0.411903 	0.715536 	-0.00886655 	
5.895	0.997946 	3.51912 	9.38439 	-0.407356 	0.703431 	-0.0141285 	
5.9	1.06523 	3.64208 	9.57814 	-0.417327 	0.724241 	-0.0273934 	
5.905	1.20229 	3.58713 	9.35656 	-0.412464 	0.711619 	-0.0311084 	
5.91	1.25468 	3.70198 	9.5485 	-0.42194 	0.731735 	-0.0431435 	
5.915	1.37386 	3.63861 	9.32675 	-0.416647 	0.71849 	-0.0455806 	
5.92	1.41609 	3.74477 	9.51604 	-0.426147 	0.737917 	-0.0560815 	
5.925	1.47513 	3.692 	9.34208 	-0.424004 	0.726361 	-0.0559999 	
5.93	1.3596 	3.83274 	9.62291 	-0.438058 	0.746845 	-0.062526 	
5.935	1.16149 	3.36494 	9.53893 	-0.404849 	0.7401 	-0.0217288 	
5.94	0.167075 	2.22674 	10.83 	-0.323621 	0.854133 	0.0990532 	
5.945	0.0508157 	1.03064 	11.453 	-0.23554 	0.964732 	0.196817 	
5.95	-0.37224 	0.707178 	12.7403 	-0.211046 	1.0879 	0.245556 	
5.955	-1.24305 	0.937635 	13.3416 	-0.238385 	1.08499 	0.262756 	
5.96	-2.41982 	-0.379951 	12.7927 	-0.146138 	1.00499 	0.404546 	
5.965	-3.93244 	-0.422596 	13.9922 	-0.163956 	1.04206 	0.470017 	
5.97	-3.73454 	-0.584254 	13.4446 	-0.134562 	1.01076 	0.457634 	
5.975	-3.86901 	-1.33917 	13.8888 	-0.0646401 	1.06877 	0.501541 	
5.98	-4.00367 	-1.97961 	13.6467 	0.000595699 	1.05644 	0.528896 	
5.985	-3.7921 	-2.46969 	13.9471 	0.0549321 	1.11377 	0.542651 	
5.99	-2.43814 	-3.09416 	13.8138 	0.137915 	1.21265 	0.521097 	
5.995	-2.50549 	-2.48738 	13.5873 	0.0993129 	1.16029 	0.474266 	
6	-2.44363 	-2.00244 	13.1701 	0.0695096 	1.10361 	0.432977 	
6.005	-2.61334 	-1.4186 	13.1379 	0.032462 	1.06404 	0.387526 	
6.01	-2.47602 	-1.08145 	12.5301 	0.0174085 	0.99733 	0.346224 	
6.015	-2.63154 	-0.564096 	12.5503 	-0.0160824 	0.962585 	0.303742 	
6.02	-2.49067 	-0.286895 	12.0134 	-0.0291671 	0.903462 	0.268599 	
6.025	-2.63528 	0.175819 	12.0833 	-0.0597449 	0.873229 	0.228831 	
6.03	-2.51328 	0.402024 	11.6436 	-0.0732681 	0.825749 	0.204336 	
6.035	-2.70516 	0.814956 	11.8603 	-0.107863 	0.814304 	0.183408 	
6.04	-2.58825 	0.980892 	11.4493 	-0.117668 	0.76984 	0.162376 	
6.045	-2.77933 	1.31968 	11.6102 	-0.140884 	0.747837 	0.1316 	
6.05	-2.65284 	1.43809 	11.2117 	-0.147719 	0.706014 	0.113328 	
6.055	-2.85017 	1.74765 	11.4151 	-0.169704 	0.689719 	0.086424 	
6.06	-2.73452 	1.82615 	11.0539 	-0.175473 	0.653484 	0.073377 	
6.065	-2.95121 	2.10337 	11.3045 	-0.196544 	0.643293 	0.0518895 	
6.07	-2.84218 	2.16995 	10.9985 	-0.204088 	0.61634 	0.0452219 	
6.075	-3.07287 	2.46551 	11.3667 	-0.233415 	0.625739 	0.037395 	
6.08	-2.9137 	2.54819 	11.1015 	-0.241437 	0.602792 	0.033705 	
6.085	-3.21607 	2.8913 	11.6115 	-0.271962 	0.620652 	0.0237725 	
6.09	-2.82285 	2.7249 	10.9469 	-0.273851 	0.582753 	0.0311938 	
6.095	-2.76856 	3.0723 	11.1559 	-0.305683 	0.593878 	0.0170751 	
6.1	-2.42209 	2.89529 	10.5416 	-0.305851 	0.559076 	0.0249504 	
6.105	-2.39023 	3.2305 	10.7857 	-0.336073 	0.572134 	0.0118618 	
6.11	-2.07583 	3.04707 	10.2193 	-0.335295 	0.54008 	0.0204621 	
6.115	-2.39088 	3.21757 	10.6287 	-0.348511 	0.556508 	0.0270568 	
6.12	-3.09509 	2.43938 	10.4512 	-0.295151 	0.525294 	0.104583 	
6.125	-3.44426 	2.44539 	10.8852 	-0.307803 	0.539004 	0.130507 	
6.13	-3.76734 	2.04439 	10.7065 	-0.282035 	0.523365 	0.176117 	
6.135	-4.12706 	2.02442 	11.1595 	-0.293168 	0.539211 	0.206995 	
6.14	-4.28814 	1.73922 	10.9182 	-0.272981 	0.523092 	0.237322 	
6.145	-4.62694 	1.71009 	11.3605 	-0.283382 	0.539805 	0.26971 	
6.15	-4.74978 	1.46693 	11.1184 	-0.265021 	0.525069 	0.294472 	
6.155	-5.01165 	1.45878 	11.5121 	-0.276002 	0.540509 	0.323142 	
6.16	-5.11363 	1.2523 	11.2798 	-0.259353 	0.527598 	0.343205 	
6.165	-5.30678 	1.25905 	11.6266 	-0.270603 	0.541503 	0.368743 	
6.17	-5.39744 	1.08472 	11.4087 	-0.255514 	0.530454 	0.384689 	
6.175	-5.5325 	1.10105 	11.7127 	-0.266717 	0.542648 	0.407538 	
6.18	-5.61651 	0.953927 	11.5095 	-0.252979 	0.533279 	0.419954 	
6.185	-5.70394 	0.977502 	11.7771 	-0.264066 	0.543941 	0.440439 	
6.19	-5.78404 	0.853146 	11.5877 	-0.251457 	0.535985 	0.449804 	
6.195	-5.83405 	0.881756 	11.8252 	-0.26232 	0.545243 	0.468175 	
6.2	-5.91116 	0.775944 	11.6472 	-0.250617 	0.538391 	0.474939 	
6.205	-5.93265 	0.808316 	11.8606 	-0.261224 	0.54645 	0.491418 	
6.21	-6.00611 	0.71669 	11.6904 	-0.250172 	0.540318 	0.496022 	
6.215	-6.00728 	0.752471 	11.8862 	-0.260564 	0.547469 	0.510785 	
6.22	-6.0773 	0.672418 	11.7222 	-0.250037 	0.541864 	0.513542 	
6.225	-6.06473 	0.710874 	11.9051 	-0.260203 	0.548282 	0.526754 	
6.23	-6.12854 	0.638085 	11.7414 	-0.249864 	0.542645 	0.527978 	
6.235	-6.10807 	0.679308 	11.9167 	-0.259896 	0.548634 	0.539822 	
6.24	-6.16715 	0.612681 	11.7538 	-0.249706 	0.542947 	0.539706 	
6.245	-6.14066 	0.655861 	11.9227 	-0.259601 	0.548554 	0.550375 	
6.25	-6.19636 	0.594571 	11.7613 	-0.249542 	0.542833 	0.5491 	
6.255	-5.95399 	0.678349 	11.8014 	-0.262783 	0.540228 	0.551778 	
6.26	-5.31935 	0.837422 	11.2599 	-0.268964 	0.513309 	0.514108 	
6.265	-4.95023 	1.21113 	11.2821 	-0.298621 	0.519214 	0.473255 	
6.27	-4.45458 	1.3546 	10.8321 	-0.303531 	0.497998 	0.438332 	
6.275	-4.14454 	1.68899 	10.8958 	-0.331729 	0.50553 	0.403829 	
6.28	-3.72747 	1.79971 	10.4948 	-0.335174 	0.486821 	0.373887 	
6.285	-3.35191 	2.0871 	10.5109 	-0.361026 	0.49006 	0.347117 	
6.29	-2.60722 	2.12065 	9.87644 	-0.359137 	0.453773 	0.330512 	
6.295	-2.45113 	2.3329 	10.0015 	-0.378827 	0.460424 	0.312633 	
6.3	-2.37792 	2.13012 	9.72889 	-0.361976 	0.437913 	0.323579 	
6.305	-3.18688 	2.01432 	10.3808 	-0.357942 	0.467655 	0.351283 	
6.31	-3.25433 	1.77841 	10.2244 	-0.341343 	0.45388 	0.371579 	
6.315	-3.81 	1.76925 	10.7234 	-0.342838 	0.478066 	0.384546 	
6.32	-3.8851 	1.53646 	10.5779 	-0.326633 	0.466159 	0.405971 	
6.325	-4.33725 	1.53994 	11.0003 	-0.328779 	0.487485 	0.417404 	
6.33	-4.38875 	1.34044 	10.854 	-0.314545 	0.477031 	0.43553 	
6.335	-4.74984 	1.35275 	11.2083 	-0.317123 	0.495502 	0.44565 	
6.34	-4.78725 	1.18379 	11.0688 	-0.304777 	0.486664 	0.460815 	
6.345	-5.07157 	1.20228 	11.3649 	-0.307618 	0.502484 	0.469768 	
6.35	-5.10019 	1.05975 	11.2349 	-0.296962 	0.495153 	0.482374 	
6.355	-5.32135 	1.08278 	11.4827 	-0.299963 	0.50863 	0.49026 	
6.36	-5.34447 	0.962488 	11.3628 	-0.290759 	0.50259 	0.500672 	
6.365	-5.51552 	0.989 	11.5717 	-0.293833 	0.514045 	0.507527 	
6.37	-5.5332 	0.886428 	11.4594 	-0.285786 	0.508907 	0.516089 	
6.375	-5.66597 	0.916133 	11.6384 	-0.288924 	0.518745 	0.521955 	
6.38	-5.67879 	0.8277 	11.532 	-0.281809 	0.514246 	0.528969 	
6.385	-5.78185 	0.860119 	11.6877 	-0.284984 	0.522744 	0.533909 	
6.39	-5.79041 	0.783002 	11.5859 	-0.278619 	0.518684 	0.539613 	
6.395	-5.87236 	0.818214 	11.7252 	-0.281848 	0.52618 	0.543662 	
6.4	-5.87491 	0.749131 	11.6243 	-0.275996 	0.522214 	0.548301 	
6.405	-5.9411 	0.786554 	11.7509 	-0.279233 	0.528857 	0.551524 	
6.41	-5.93875 	0.723274 	11.6502 	-0.27372 	0.524807 	0.555247 	
6.415	-5.88123 	0.837091 	11.7009 	-0.28021 	0.528062 	0.545703 	
6.42	-5.25687 	1.04681 	11.2468 	-0.289526 	0.507013 	0.50663 	
6.425	-4.40416 	1.2971 	10.8733 	-0.310662 	0.486368 	0.479577 	
