0	0.310429 	-0.173769 	0.537008 	0.180534 	-1.45468 	-0.24872 	
0.005	0.310429 	-0.173769 	0.537008 	0.180534 	-1.45468 	-0.24872 	
0.01	0.310429 	-0.173769 	0.537008 	0.180534 	-1.45468 	-0.24872 	
0.015	0.310429 	-0.173769 	0.537008 	0.180534 	-1.45468 	-0.24872 	
0.02	0.31043 	-0.173769 	0.537008 	0.180534 	-1.45468 	-0.24872 	
0.025	0.310432 	-0.173769 	0.537008 	0.180534 	-1.45468 	-0.24872 	
0.03	0.310434 	-0.173769 	0.537008 	0.180534 	-1.45468 	-0.24872 	
0.035	0.310436 	-0.173769 	0.537008 	0.180534 	-1.45468 	-0.24872 	
0.04	0.310439 	-0.173769 	0.537009 	0.180534 	-1.45468 	-0.24872 	
0.045	0.310442 	-0.173769 	0.537009 	0.180534 	-1.45468 	-0.24872 	
0.05	0.310446 	-0.173769 	0.537009 	0.180534 	-1.45468 	-0.24872 	
0.055	0.31045 	-0.17377 	0.537009 	0.180534 	-1.45468 	-0.24872 	
0.06	0.310455 	-0.17377 	0.537009 	0.180534 	-1.45468 	-0.24872 	
0.065	0.31046 	-0.17377 	0.53701 	0.180534 	-1.45468 	-0.24872 	
0.07	0.310465 	-0.17377 	0.53701 	0.180534 	-1.45468 	-0.24872 	
0.075	0.310471 	-0.17377 	0.53701 	0.180534 	-1.45468 	-0.24872 	
0.08	0.310478 	-0.17377 	0.53701 	0.180534 	-1.45468 	-0.24872 	
0.085	0.310484 	-0.17377 	0.537011 	0.180534 	-1.45468 	-0.24872 	
0.09	0.310491 	-0.173771 	0.537011 	0.180534 	-1.45468 	-0.24872 	
0.095	0.310499 	-0.173771 	0.537012 	0.180534 	-1.45468 	-0.24872 	
0.1	0.310507 	-0.173771 	0.537012 	0.180534 	-1.45468 	-0.24872 	
0.105	0.310516 	-0.173771 	0.537012 	0.180534 	-1.45468 	-0.24872 	
0.11	0.310525 	-0.173771 	0.537013 	0.180534 	-1.45468 	-0.24872 	
0.115	0.310535 	-0.173772 	0.537013 	0.180534 	-1.45468 	-0.24872 	
0.12	0.310545 	-0.173772 	0.537014 	0.180534 	-1.45468 	-0.24872 	
0.125	0.310555 	-0.173772 	0.537014 	0.180534 	-1.45468 	-0.24872 	
0.13	0.310566 	-0.173772 	0.537015 	0.180534 	-1.45468 	-0.24872 	
0.135	0.310577 	-0.173773 	0.537015 	0.180534 	-1.45468 	-0.24872 	
0.14	0.310589 	-0.173773 	0.537016 	0.180534 	-1.45468 	-0.24872 	
0.145	0.310601 	-0.173773 	0.537017 	0.180534 	-1.45468 	-0.24872 	
0.15	0.310613 	-0.173774 	0.537017 	0.180534 	-1.45468 	-0.24872 	
0.155	0.310626 	-0.173774 	0.537018 	0.180534 	-1.45468 	-0.24872 	
0.16	0.31064 	-0.173774 	0.537018 	0.180534 	-1.45468 	-0.24872 	
0.165	0.310591 	-0.173759 	0.537 	0.178912 	-1.45354 	-0.246485 	
0.17	0.310605 	-0.173759 	0.537001 	0.178912 	-1.45354 	-0.246485 	
0.175	0.31062 	-0.17376 	0.537002 	0.178912 	-1.45354 	-0.246485 	
0.18	0.310635 	-0.17376 	0.537002 	0.178912 	-1.45354 	-0.246485 	
0.185	0.310651 	-0.17376 	0.537003 	0.178912 	-1.45354 	-0.246485 	
0.19	0.310667 	-0.173761 	0.537004 	0.178912 	-1.45354 	-0.246485 	
0.195	0.310683 	-0.173761 	0.537005 	0.178912 	-1.45354 	-0.246485 	
0.2	0.3107 	-0.173762 	0.537005 	0.178912 	-1.45354 	-0.246485 	
0.205	0.310717 	-0.173762 	0.537006 	0.178912 	-1.45354 	-0.246485 	
0.21	0.310735 	-0.173762 	0.537007 	0.178912 	-1.45354 	-0.246485 	
0.215	0.310753 	-0.173763 	0.537008 	0.178912 	-1.45354 	-0.246485 	
0.22	0.310771 	-0.173763 	0.537009 	0.178912 	-1.45354 	-0.246485 	
0.225	0.310729 	-0.173749 	0.536991 	0.177312 	-1.45242 	-0.244282 	
0.23	0.310748 	-0.173749 	0.536992 	0.177312 	-1.45242 	-0.244282 	
0.235	0.310768 	-0.173749 	0.536993 	0.177312 	-1.45242 	-0.244282 	
0.24	0.310788 	-0.17375 	0.536994 	0.177312 	-1.45242 	-0.244282 	
0.245	0.310809 	-0.17375 	0.536995 	0.177312 	-1.45242 	-0.244282 	
0.25	0.31083 	-0.173751 	0.536996 	0.177312 	-1.45242 	-0.244282 	
0.255	0.310851 	-0.173751 	0.536997 	0.177312 	-1.45242 	-0.244282 	
0.26	0.310873 	-0.173752 	0.536998 	0.177312 	-1.45242 	-0.244282 	
0.265	0.310895 	-0.173752 	0.536999 	0.177312 	-1.45242 	-0.244282 	
0.27	0.310918 	-0.173753 	0.537 	0.177312 	-1.45242 	-0.244282 	
0.275	0.310876 	-0.173738 	0.536982 	0.175618 	-1.45123 	-0.241947 	
0.28	0.3109 	-0.173738 	0.536983 	0.175618 	-1.45123 	-0.241947 	
0.285	0.310924 	-0.173739 	0.536984 	0.175618 	-1.45123 	-0.241947 	
0.29	0.310948 	-0.173739 	0.536985 	0.175618 	-1.45123 	-0.241947 	
0.295	0.310973 	-0.17374 	0.536986 	0.175618 	-1.45123 	-0.241947 	
0.3	0.310998 	-0.17374 	0.536988 	0.175618 	-1.45123 	-0.241947 	
0.305	0.311024 	-0.173741 	0.536989 	0.175618 	-1.45123 	-0.241947 	
0.31	0.31105 	-0.173741 	0.53699 	0.175618 	-1.45123 	-0.241947 	
0.315	0.311014 	-0.173727 	0.536973 	0.174005 	-1.4501 	-0.239724 	
0.32	0.311041 	-0.173728 	0.536974 	0.174005 	-1.4501 	-0.239724 	
0.325	0.311068 	-0.173728 	0.536975 	0.174005 	-1.4501 	-0.239724 	
0.33	0.311096 	-0.173729 	0.536977 	0.174005 	-1.4501 	-0.239724 	
0.335	0.311124 	-0.173729 	0.536978 	0.174005 	-1.4501 	-0.239724 	
0.34	0.311153 	-0.17373 	0.536979 	0.174005 	-1.4501 	-0.239724 	
0.345	0.311181 	-0.17373 	0.536981 	0.174005 	-1.4501 	-0.239724 	
0.35	0.31115 	-0.173717 	0.536964 	0.172425 	-1.44899 	-0.237548 	
0.355	0.31118 	-0.173717 	0.536965 	0.172425 	-1.44899 	-0.237548 	
0.36	0.31121 	-0.173718 	0.536967 	0.172425 	-1.44899 	-0.237548 	
0.365	0.31124 	-0.173719 	0.536968 	0.172425 	-1.44899 	-0.237548 	
0.37	0.311271 	-0.173719 	0.53697 	0.172425 	-1.44899 	-0.237548 	
0.375	0.311302 	-0.17372 	0.536971 	0.172425 	-1.44899 	-0.237548 	
0.38	0.311334 	-0.17372 	0.536973 	0.172425 	-1.44899 	-0.237548 	
0.385	0.3113 	-0.173706 	0.536954 	0.170708 	-1.44779 	-0.235182 	
0.39	0.311332 	-0.173706 	0.536956 	0.170708 	-1.44779 	-0.235182 	
0.395	0.311365 	-0.173707 	0.536957 	0.170708 	-1.44779 	-0.235182 	
0.4	0.311399 	-0.173707 	0.536959 	0.170708 	-1.44779 	-0.235182 	
0.405	0.311432 	-0.173708 	0.536961 	0.170708 	-1.44779 	-0.235182 	
0.41	0.311466 	-0.173708 	0.536962 	0.170708 	-1.44779 	-0.235182 	
0.415	0.311438 	-0.173695 	0.536945 	0.169088 	-1.44665 	-0.232951 	
0.42	0.311473 	-0.173696 	0.536947 	0.169088 	-1.44665 	-0.232951 	
0.425	0.311508 	-0.173696 	0.536948 	0.169088 	-1.44665 	-0.232951 	
0.43	0.311544 	-0.173697 	0.53695 	0.169088 	-1.44665 	-0.232951 	
0.435	0.31158 	-0.173697 	0.536952 	0.169088 	-1.44665 	-0.232951 	
0.44	0.311616 	-0.173698 	0.536954 	0.169088 	-1.44665 	-0.232951 	
0.445	0.311587 	-0.173684 	0.536936 	0.16738 	-1.44546 	-0.230597 	
0.45	0.311624 	-0.173685 	0.536937 	0.16738 	-1.44546 	-0.230597 	
0.455	0.311661 	-0.173685 	0.536939 	0.16738 	-1.44546 	-0.230597 	
0.46	0.311699 	-0.173686 	0.536941 	0.16738 	-1.44546 	-0.230597 	
0.465	0.311738 	-0.173686 	0.536943 	0.16738 	-1.44546 	-0.230597 	
0.47	0.311776 	-0.173687 	0.536945 	0.16738 	-1.44546 	-0.230597 	
0.475	0.311745 	-0.173672 	0.536926 	0.165564 	-1.44418 	-0.228096 	
0.48	0.311784 	-0.173673 	0.536927 	0.165564 	-1.44418 	-0.228096 	
0.485	0.311824 	-0.173673 	0.536929 	0.165564 	-1.44418 	-0.228096 	
0.49	0.311864 	-0.173674 	0.536931 	0.165564 	-1.44418 	-0.228096 	
0.495	0.311905 	-0.173674 	0.536933 	0.165564 	-1.44418 	-0.228096 	
0.5	0.311882 	-0.173662 	0.536916 	0.163939 	-1.44304 	-0.225857 	
0.505	0.311924 	-0.173662 	0.536918 	0.163939 	-1.44304 	-0.225857 	
0.51	0.311965 	-0.173663 	0.53692 	0.163939 	-1.44304 	-0.225857 	
0.515	0.312007 	-0.173663 	0.536922 	0.163939 	-1.44304 	-0.225857 	
0.52	0.312049 	-0.173664 	0.536924 	0.163939 	-1.44304 	-0.225857 	
0.525	0.312027 	-0.173651 	0.536907 	0.162268 	-1.44187 	-0.223555 	
0.53	0.31207 	-0.173651 	0.536909 	0.162268 	-1.44187 	-0.223555 	
0.535	0.312113 	-0.173652 	0.536911 	0.162268 	-1.44187 	-0.223555 	
0.54	0.312157 	-0.173652 	0.536913 	0.162268 	-1.44187 	-0.223555 	
0.545	0.312201 	-0.173653 	0.536915 	0.162268 	-1.44187 	-0.223555 	
0.55	0.312178 	-0.17364 	0.536897 	0.16053 	-1.44065 	-0.22116 	
0.555	0.312223 	-0.17364 	0.536899 	0.16053 	-1.44065 	-0.22116 	
0.56	0.312268 	-0.17364 	0.536902 	0.16053 	-1.44065 	-0.22116 	
0.565	0.312313 	-0.173641 	0.536904 	0.16053 	-1.44065 	-0.22116 	
0.57	0.312359 	-0.173641 	0.536906 	0.16053 	-1.44065 	-0.22116 	
0.575	0.312335 	-0.173628 	0.536887 	0.158723 	-1.43939 	-0.21867 	
0.58	0.312381 	-0.173628 	0.536889 	0.158723 	-1.43939 	-0.21867 	
0.585	0.312428 	-0.173629 	0.536892 	0.158723 	-1.43939 	-0.21867 	
0.59	0.312475 	-0.173629 	0.536894 	0.158723 	-1.43939 	-0.21867 	
0.595	0.312523 	-0.173629 	0.536896 	0.158723 	-1.43939 	-0.21867 	
0.6	0.312497 	-0.173616 	0.536877 	0.156849 	-1.43807 	-0.216089 	
0.605	0.312545 	-0.173616 	0.536879 	0.156849 	-1.43807 	-0.216089 	
0.61	0.312594 	-0.173616 	0.536881 	0.156849 	-1.43807 	-0.216089 	
0.615	0.312643 	-0.173617 	0.536883 	0.156849 	-1.43807 	-0.216089 	
0.62	0.31263 	-0.173605 	0.536868 	0.155264 	-1.43696 	-0.213905 	
0.625	0.312679 	-0.173606 	0.53687 	0.155264 	-1.43696 	-0.213905 	
0.63	0.312729 	-0.173606 	0.536872 	0.155264 	-1.43696 	-0.213905 	
0.635	0.312779 	-0.173606 	0.536875 	0.155264 	-1.43696 	-0.213905 	
0.64	0.312767 	-0.173595 	0.536859 	0.153672 	-1.43585 	-0.211712 	
0.645	0.312818 	-0.173595 	0.536861 	0.153672 	-1.43585 	-0.211712 	
0.65	0.312869 	-0.173595 	0.536864 	0.153672 	-1.43585 	-0.211712 	
0.655	0.31292 	-0.173596 	0.536866 	0.153672 	-1.43585 	-0.211712 	
0.66	0.312908 	-0.173585 	0.53685 	0.152044 	-1.4347 	-0.209469 	
0.665	0.31296 	-0.173585 	0.536852 	0.152044 	-1.4347 	-0.209469 	
0.67	0.313012 	-0.173585 	0.536855 	0.152044 	-1.4347 	-0.209469 	
0.675	0.313065 	-0.173585 	0.536857 	0.152044 	-1.4347 	-0.209469 	
0.68	0.313053 	-0.173574 	0.536841 	0.150377 	-1.43353 	-0.207173 	
0.685	0.313106 	-0.173574 	0.536843 	0.150377 	-1.43353 	-0.207173 	
0.69	0.313159 	-0.173574 	0.536845 	0.150377 	-1.43353 	-0.207173 	
0.695	0.313213 	-0.173574 	0.536848 	0.150377 	-1.43353 	-0.207173 	
0.7	0.3132 	-0.173563 	0.536831 	0.148673 	-1.43234 	-0.204825 	
0.705	0.313254 	-0.173563 	0.536834 	0.148673 	-1.43234 	-0.204825 	
0.71	0.313309 	-0.173562 	0.536836 	0.148673 	-1.43234 	-0.204825 	
0.715	0.313364 	-0.173562 	0.536838 	0.148673 	-1.43234 	-0.204825 	
0.72	0.313351 	-0.173551 	0.536821 	0.146932 	-1.43112 	-0.202427 	
0.725	0.313406 	-0.173551 	0.536824 	0.146932 	-1.43112 	-0.202427 	
0.73	0.313462 	-0.173551 	0.536826 	0.146932 	-1.43112 	-0.202427 	
0.735	0.313518 	-0.173551 	0.536829 	0.146932 	-1.43112 	-0.202427 	
0.74	0.313504 	-0.17354 	0.536812 	0.145156 	-1.42987 	-0.199979 	
0.745	0.313561 	-0.17354 	0.536814 	0.145156 	-1.42987 	-0.199979 	
0.75	0.313618 	-0.173539 	0.536816 	0.145156 	-1.42987 	-0.199979 	
0.755	0.313675 	-0.173539 	0.536819 	0.145156 	-1.42987 	-0.199979 	
0.76	0.313661 	-0.173528 	0.536801 	0.143345 	-1.4286 	-0.197485 	
0.765	0.313719 	-0.173528 	0.536804 	0.143345 	-1.4286 	-0.197485 	
0.77	0.313777 	-0.173527 	0.536806 	0.143345 	-1.4286 	-0.197485 	
0.775	0.313835 	-0.173527 	0.536809 	0.143345 	-1.4286 	-0.197485 	
0.78	0.313821 	-0.173516 	0.536791 	0.141501 	-1.42731 	-0.194944 	
0.785	0.313879 	-0.173516 	0.536794 	0.141501 	-1.42731 	-0.194944 	
0.79	0.313938 	-0.173515 	0.536796 	0.141501 	-1.42731 	-0.194944 	
0.795	0.313997 	-0.173515 	0.536799 	0.141501 	-1.42731 	-0.194944 	
0.8	0.313983 	-0.173504 	0.536781 	0.139625 	-1.426 	-0.19236 	
0.805	0.314043 	-0.173503 	0.536783 	0.139625 	-1.426 	-0.19236 	
0.81	0.314102 	-0.173503 	0.536786 	0.139625 	-1.426 	-0.19236 	
0.815	0.314162 	-0.173502 	0.536788 	0.139625 	-1.426 	-0.19236 	
0.82	0.314148 	-0.173491 	0.53677 	0.137718 	-1.42466 	-0.189732 	
0.825	0.314208 	-0.173491 	0.536773 	0.137718 	-1.42466 	-0.189732 	
0.83	0.314269 	-0.17349 	0.536775 	0.137718 	-1.42466 	-0.189732 	
0.835	0.31433 	-0.17349 	0.536778 	0.137718 	-1.42466 	-0.189732 	
0.84	0.314315 	-0.173479 	0.536759 	0.135781 	-1.4233 	-0.187064 	
0.845	0.314377 	-0.173478 	0.536762 	0.135781 	-1.4233 	-0.187064 	
0.85	0.314438 	-0.173477 	0.536764 	0.135781 	-1.4233 	-0.187064 	
0.855	0.3145 	-0.173477 	0.536767 	0.135781 	-1.4233 	-0.187064 	
0.86	0.314485 	-0.173466 	0.536748 	0.133816 	-1.42192 	-0.184357 	
0.865	0.314548 	-0.173465 	0.536751 	0.133816 	-1.42192 	-0.184357 	
0.87	0.31461 	-0.173464 	0.536753 	0.133816 	-1.42192 	-0.184357 	
0.875	0.314673 	-0.173464 	0.536756 	0.133816 	-1.42192 	-0.184357 	
0.88	0.314657 	-0.173453 	0.536737 	0.131823 	-1.42053 	-0.181611 	
0.885	0.314721 	-0.173452 	0.53674 	0.131823 	-1.42053 	-0.181611 	
0.89	0.314784 	-0.173451 	0.536742 	0.131823 	-1.42053 	-0.181611 	
0.895	0.314786 	-0.173443 	0.536728 	0.130261 	-1.41943 	-0.179459 	
0.9	0.31485 	-0.173442 	0.536731 	0.130261 	-1.41943 	-0.179459 	
0.905	0.314914 	-0.173441 	0.536733 	0.130261 	-1.41943 	-0.179459 	
0.91	0.314978 	-0.17344 	0.536736 	0.130261 	-1.41943 	-0.179459 	
0.915	0.314964 	-0.17343 	0.536717 	0.128269 	-1.41803 	-0.176715 	
0.92	0.315029 	-0.173429 	0.53672 	0.128269 	-1.41803 	-0.176715 	
0.925	0.315093 	-0.173428 	0.536722 	0.128269 	-1.41803 	-0.176715 	
0.93	0.315096 	-0.17342 	0.536708 	0.126678 	-1.41692 	-0.174523 	
0.935	0.315161 	-0.173419 	0.536711 	0.126678 	-1.41692 	-0.174523 	
0.94	0.315226 	-0.173417 	0.536713 	0.126678 	-1.41692 	-0.174523 	
0.945	0.31523 	-0.17341 	0.536699 	0.125116 	-1.41582 	-0.172371 	
0.95	0.315295 	-0.173408 	0.536702 	0.125116 	-1.41582 	-0.172371 	
0.955	0.315361 	-0.173407 	0.536705 	0.125116 	-1.41582 	-0.172371 	
0.96	0.315365 	-0.173399 	0.536691 	0.123547 	-1.41472 	-0.170209 	
0.965	0.315432 	-0.173398 	0.536693 	0.123547 	-1.41472 	-0.170209 	
0.97	0.315498 	-0.173397 	0.536696 	0.123547 	-1.41472 	-0.170209 	
0.975	0.315502 	-0.173389 	0.536682 	0.121965 	-1.41361 	-0.16803 	
0.98	0.315569 	-0.173388 	0.536684 	0.121965 	-1.41361 	-0.16803 	
0.985	0.315635 	-0.173386 	0.536687 	0.121965 	-1.41361 	-0.16803 	
0.99	0.315639 	-0.173379 	0.536673 	0.120373 	-1.4125 	-0.165837 	
0.995	0.315706 	-0.173377 	0.536676 	0.120373 	-1.4125 	-0.165837 	
1	0.315774 	-0.173376 	0.536678 	0.120373 	-1.4125 	-0.165837 	
1.005	0.315778 	-0.173368 	0.536664 	0.11877 	-1.41137 	-0.163629 	
1.01	0.315845 	-0.173367 	0.536667 	0.11877 	-1.41137 	-0.163629 	
1.015	0.315913 	-0.173365 	0.536669 	0.11877 	-1.41137 	-0.163629 	
1.02	0.315917 	-0.173358 	0.536655 	0.117157 	-1.41024 	-0.161407 	
1.025	0.315985 	-0.173356 	0.536658 	0.117157 	-1.41024 	-0.161407 	
1.03	0.316053 	-0.173354 	0.53666 	0.117157 	-1.41024 	-0.161407 	
1.035	0.316057 	-0.173347 	0.536646 	0.115535 	-1.40911 	-0.159171 	
1.04	0.316125 	-0.173346 	0.536648 	0.115535 	-1.40911 	-0.159171 	
1.045	0.316194 	-0.173344 	0.536651 	0.115535 	-1.40911 	-0.159171 	
1.05	0.316198 	-0.173337 	0.536637 	0.113904 	-1.40796 	-0.156924 	
1.055	0.316267 	-0.173335 	0.536639 	0.113904 	-1.40796 	-0.156924 	
1.06	0.316335 	-0.173333 	0.536642 	0.113904 	-1.40796 	-0.156924 	
1.065	0.316339 	-0.173326 	0.536628 	0.112264 	-1.40681 	-0.154665 	
1.07	0.316409 	-0.173324 	0.53663 	0.112264 	-1.40681 	-0.154665 	
1.075	0.316478 	-0.173322 	0.536633 	0.112264 	-1.40681 	-0.154665 	
1.08	0.316482 	-0.173316 	0.536618 	0.110617 	-1.40566 	-0.152396 	
1.085	0.316551 	-0.173313 	0.536621 	0.110617 	-1.40566 	-0.152396 	
1.09	0.31662 	-0.173311 	0.536624 	0.110617 	-1.40566 	-0.152396 	
1.095	0.316624 	-0.173305 	0.536609 	0.108962 	-1.4045 	-0.150116 	
1.1	0.316694 	-0.173302 	0.536612 	0.108962 	-1.4045 	-0.150116 	
1.105	0.316764 	-0.1733 	0.536614 	0.108962 	-1.4045 	-0.150116 	
1.11	0.316768 	-0.173294 	0.5366 	0.107301 	-1.40333 	-0.147828 	
1.115	0.316838 	-0.173292 	0.536602 	0.107301 	-1.40333 	-0.147828 	
1.12	0.316908 	-0.173289 	0.536605 	0.107301 	-1.40333 	-0.147828 	
1.125	0.316912 	-0.173283 	0.536591 	0.105634 	-1.40216 	-0.145531 	
1.13	0.316982 	-0.173281 	0.536593 	0.105634 	-1.40216 	-0.145531 	
1.135	0.317052 	-0.173278 	0.536596 	0.105634 	-1.40216 	-0.145531 	
1.14	0.317056 	-0.173272 	0.536581 	0.103962 	-1.40099 	-0.143227 	
1.145	0.317126 	-0.17327 	0.536584 	0.103962 	-1.40099 	-0.143227 	
1.15	0.317197 	-0.173267 	0.536586 	0.103962 	-1.40099 	-0.143227 	
1.155	0.317201 	-0.173261 	0.536572 	0.102284 	-1.39981 	-0.140916 	
1.16	0.317271 	-0.173259 	0.536574 	0.102284 	-1.39981 	-0.140916 	
1.165	0.317342 	-0.173256 	0.536577 	0.102284 	-1.39981 	-0.140916 	
1.17	0.317346 	-0.17325 	0.536563 	0.100603 	-1.39864 	-0.138599 	
1.175	0.317417 	-0.173248 	0.536565 	0.100603 	-1.39864 	-0.138599 	
1.18	0.317487 	-0.173245 	0.536567 	0.100603 	-1.39864 	-0.138599 	
1.185	0.317491 	-0.17324 	0.536553 	0.0989175 	-1.39745 	-0.136277 	
1.19	0.317562 	-0.173237 	0.536556 	0.0989175 	-1.39745 	-0.136277 	
1.195	0.317633 	-0.173234 	0.536558 	0.0989175 	-1.39745 	-0.136277 	
1.2	0.317637 	-0.173229 	0.536544 	0.0972292 	-1.39627 	-0.133951 	
1.205	0.317708 	-0.173225 	0.536546 	0.0972292 	-1.39627 	-0.133951 	
1.21	0.317779 	-0.173222 	0.536548 	0.0972292 	-1.39627 	-0.133951 	
1.215	0.317783 	-0.173218 	0.536534 	0.0955384 	-1.39508 	-0.131622 	
1.22	0.317854 	-0.173214 	0.536537 	0.0955384 	-1.39508 	-0.131622 	
1.225	0.317925 	-0.173211 	0.536539 	0.0955384 	-1.39508 	-0.131622 	
1.23	0.317929 	-0.173207 	0.536525 	0.0938458 	-1.3939 	-0.12929 	
1.235	0.318 	-0.173203 	0.536527 	0.0938458 	-1.3939 	-0.12929 	
1.24	0.318071 	-0.1732 	0.536529 	0.0938458 	-1.3939 	-0.12929 	
1.245	0.318075 	-0.173196 	0.536515 	0.092152 	-1.39271 	-0.126957 	
1.25	0.318146 	-0.173192 	0.536518 	0.092152 	-1.39271 	-0.126957 	
1.255	0.318217 	-0.173189 	0.53652 	0.092152 	-1.39271 	-0.126957 	
1.26	0.318221 	-0.173185 	0.536506 	0.0904574 	-1.39152 	-0.124622 	
1.265	0.318292 	-0.173181 	0.536508 	0.0904574 	-1.39152 	-0.124622 	
1.27	0.318364 	-0.173178 	0.53651 	0.0904574 	-1.39152 	-0.124622 	
1.275	0.318367 	-0.173174 	0.536496 	0.0887628 	-1.39033 	-0.122287 	
1.28	0.318438 	-0.17317 	0.536499 	0.0887628 	-1.39033 	-0.122287 	
1.285	0.31851 	-0.173166 	0.536501 	0.0887628 	-1.39033 	-0.122287 	
1.29	0.318513 	-0.173163 	0.536487 	0.0870688 	-1.38915 	-0.119954 	
1.295	0.318585 	-0.173159 	0.536489 	0.0870688 	-1.38915 	-0.119954 	
1.3	0.318656 	-0.173155 	0.536491 	0.0870688 	-1.38915 	-0.119954 	
1.305	0.318659 	-0.173152 	0.536477 	0.0853758 	-1.38796 	-0.117621 	
1.31	0.31873 	-0.173148 	0.53648 	0.0853758 	-1.38796 	-0.117621 	
1.315	0.318802 	-0.173144 	0.536482 	0.0853758 	-1.38796 	-0.117621 	
1.32	0.318805 	-0.173141 	0.536468 	0.0836846 	-1.38677 	-0.115291 	
1.325	0.318876 	-0.173137 	0.53647 	0.0836846 	-1.38677 	-0.115291 	
1.33	0.318947 	-0.173133 	0.536472 	0.0836846 	-1.38677 	-0.115291 	
1.335	0.318951 	-0.17313 	0.536459 	0.0819957 	-1.38559 	-0.112964 	
1.34	0.319022 	-0.173126 	0.536461 	0.0819957 	-1.38559 	-0.112964 	
1.345	0.319093 	-0.173122 	0.536463 	0.0819957 	-1.38559 	-0.112964 	
1.35	0.319096 	-0.173119 	0.536449 	0.0803097 	-1.38441 	-0.110642 	
1.355	0.319167 	-0.173115 	0.536451 	0.0803097 	-1.38441 	-0.110642 	
1.36	0.319238 	-0.17311 	0.536453 	0.0803097 	-1.38441 	-0.110642 	
1.365	0.319241 	-0.173108 	0.53644 	0.0786272 	-1.38323 	-0.108324 	
1.37	0.319312 	-0.173104 	0.536442 	0.0786272 	-1.38323 	-0.108324 	
1.375	0.319382 	-0.173099 	0.536444 	0.0786272 	-1.38323 	-0.108324 	
1.38	0.319386 	-0.173097 	0.53643 	0.0769488 	-1.38205 	-0.106011 	
1.385	0.319456 	-0.173093 	0.536432 	0.0769488 	-1.38205 	-0.106011 	
1.39	0.319527 	-0.173088 	0.536434 	0.0769488 	-1.38205 	-0.106011 	
1.395	0.31953 	-0.173086 	0.536421 	0.0752752 	-1.38088 	-0.103706 	
1.4	0.319601 	-0.173082 	0.536423 	0.0752752 	-1.38088 	-0.103706 	
1.405	0.319671 	-0.173077 	0.536425 	0.0752752 	-1.38088 	-0.103706 	
1.41	0.319674 	-0.173075 	0.536412 	0.0736068 	-1.37971 	-0.101407 	
1.415	0.319744 	-0.173071 	0.536414 	0.0736068 	-1.37971 	-0.101407 	
1.42	0.319814 	-0.173066 	0.536416 	0.0736068 	-1.37971 	-0.101407 	
1.425	0.319817 	-0.173064 	0.536402 	0.0719442 	-1.37854 	-0.0991167 	
1.43	0.319887 	-0.17306 	0.536404 	0.0719442 	-1.37854 	-0.0991167 	
1.435	0.319957 	-0.173055 	0.536406 	0.0719442 	-1.37854 	-0.0991167 	
1.44	0.31996 	-0.173054 	0.536393 	0.0702882 	-1.37738 	-0.0968351 	
1.445	0.32003 	-0.173049 	0.536395 	0.0702882 	-1.37738 	-0.0968351 	
1.45	0.320099 	-0.173044 	0.536397 	0.0702882 	-1.37738 	-0.0968351 	
1.455	0.320102 	-0.173043 	0.536384 	0.0686391 	-1.37622 	-0.0945633 	
1.46	0.320171 	-0.173038 	0.536386 	0.0686391 	-1.37622 	-0.0945633 	
1.465	0.32024 	-0.173034 	0.536388 	0.0686391 	-1.37622 	-0.0945633 	
1.47	0.320244 	-0.173032 	0.536375 	0.0669977 	-1.37507 	-0.0923019 	
1.475	0.320313 	-0.173028 	0.536377 	0.0669977 	-1.37507 	-0.0923019 	
1.48	0.320381 	-0.173023 	0.536378 	0.0669977 	-1.37507 	-0.0923019 	
1.485	0.320385 	-0.173022 	0.536366 	0.0653645 	-1.37393 	-0.0900519 	
1.49	0.320453 	-0.173017 	0.536367 	0.0653645 	-1.37393 	-0.0900519 	
1.495	0.320521 	-0.173012 	0.536369 	0.0653645 	-1.37393 	-0.0900519 	
1.5	0.320525 	-0.173011 	0.536357 	0.0637401 	-1.37279 	-0.0878139 	
1.505	0.320593 	-0.173006 	0.536358 	0.0637401 	-1.37279 	-0.0878139 	
1.51	0.32066 	-0.173001 	0.53636 	0.0637401 	-1.37279 	-0.0878139 	
1.515	0.320664 	-0.173001 	0.536347 	0.062125 	-1.37166 	-0.0855889 	
1.52	0.320731 	-0.172996 	0.536349 	0.062125 	-1.37166 	-0.0855889 	
1.525	0.320799 	-0.172991 	0.536351 	0.062125 	-1.37166 	-0.0855889 	
1.53	0.320802 	-0.17299 	0.536338 	0.0605198 	-1.37053 	-0.0833774 	
1.535	0.320869 	-0.172985 	0.53634 	0.0605198 	-1.37053 	-0.0833774 	
1.54	0.320936 	-0.17298 	0.536342 	0.0605198 	-1.37053 	-0.0833774 	
1.545	0.320939 	-0.17298 	0.53633 	0.0589252 	-1.36941 	-0.0811805 	
1.55	0.321006 	-0.172975 	0.536331 	0.0589252 	-1.36941 	-0.0811805 	
1.555	0.321073 	-0.17297 	0.536333 	0.0589252 	-1.36941 	-0.0811805 	
1.56	0.321076 	-0.17297 	0.536321 	0.0573415 	-1.3683 	-0.0789987 	
1.565	0.321142 	-0.172965 	0.536322 	0.0573415 	-1.3683 	-0.0789987 	
1.57	0.321208 	-0.172959 	0.536324 	0.0573415 	-1.3683 	-0.0789987 	
1.575	0.321211 	-0.172959 	0.536312 	0.0557695 	-1.3672 	-0.076833 	
1.58	0.321277 	-0.172954 	0.536314 	0.0557695 	-1.3672 	-0.076833 	
1.585	0.321343 	-0.172949 	0.536315 	0.0557695 	-1.3672 	-0.076833 	
1.59	0.321346 	-0.172949 	0.536303 	0.0542096 	-1.36611 	-0.0746839 	
1.595	0.321411 	-0.172944 	0.536305 	0.0542096 	-1.36611 	-0.0746839 	
1.6	0.321476 	-0.172939 	0.536306 	0.0542096 	-1.36611 	-0.0746839 	
1.605	0.321479 	-0.172939 	0.536295 	0.0526625 	-1.36502 	-0.0725524 	
1.61	0.321544 	-0.172934 	0.536296 	0.0526625 	-1.36502 	-0.0725524 	
1.615	0.321608 	-0.172929 	0.536298 	0.0526625 	-1.36502 	-0.0725524 	
1.62	0.321611 	-0.172929 	0.536286 	0.0511286 	-1.36395 	-0.0704392 	
1.625	0.321675 	-0.172924 	0.536288 	0.0511286 	-1.36395 	-0.0704392 	
1.63	0.321739 	-0.172919 	0.536289 	0.0511286 	-1.36395 	-0.0704392 	
1.635	0.321803 	-0.172914 	0.536291 	0.0511286 	-1.36395 	-0.0704392 	
1.64	0.321787 	-0.172916 	0.536275 	0.0491569 	-1.36256 	-0.0677228 	
1.645	0.321851 	-0.172911 	0.536277 	0.0491569 	-1.36256 	-0.0677228 	
1.65	0.321914 	-0.172905 	0.536278 	0.0491569 	-1.36256 	-0.0677228 	
1.655	0.321915 	-0.172906 	0.536266 	0.0476093 	-1.36148 	-0.0655908 	
1.66	0.321977 	-0.172901 	0.536268 	0.0476093 	-1.36148 	-0.0655908 	
1.665	0.32204 	-0.172896 	0.536269 	0.0476093 	-1.36148 	-0.0655908 	
1.67	0.322102 	-0.17289 	0.536271 	0.0476093 	-1.36148 	-0.0655908 	
1.675	0.322087 	-0.172893 	0.536256 	0.0456777 	-1.36012 	-0.0629295 	
1.68	0.322149 	-0.172888 	0.536257 	0.0456777 	-1.36012 	-0.0629295 	
1.685	0.32221 	-0.172883 	0.536258 	0.0456777 	-1.36012 	-0.0629295 	
1.69	0.322271 	-0.172877 	0.53626 	0.0456777 	-1.36012 	-0.0629295 	
1.695	0.322255 	-0.172881 	0.536245 	0.043732 	-1.35876 	-0.0602489 	
1.7	0.322316 	-0.172875 	0.536246 	0.043732 	-1.35876 	-0.0602489 	
1.705	0.322376 	-0.17287 	0.536248 	0.043732 	-1.35876 	-0.0602489 	
1.71	0.322437 	-0.172865 	0.536249 	0.043732 	-1.35876 	-0.0602489 	
1.715	0.32242 	-0.172868 	0.536234 	0.0418111 	-1.35741 	-0.0576025 	
1.72	0.32248 	-0.172863 	0.536235 	0.0418111 	-1.35741 	-0.0576025 	
1.725	0.32254 	-0.172858 	0.536237 	0.0418111 	-1.35741 	-0.0576025 	
1.73	0.322599 	-0.172852 	0.536238 	0.0418111 	-1.35741 	-0.0576025 	
1.735	0.322583 	-0.172856 	0.536223 	0.0399202 	-1.35609 	-0.0549974 	
1.74	0.322642 	-0.172851 	0.536225 	0.0399202 	-1.35609 	-0.0549974 	
1.745	0.3227 	-0.172845 	0.536226 	0.0399202 	-1.35609 	-0.0549974 	
1.75	0.322759 	-0.17284 	0.536227 	0.0399202 	-1.35609 	-0.0549974 	
1.755	0.322743 	-0.172844 	0.536213 	0.0380607 	-1.35478 	-0.0524356 	
1.76	0.322801 	-0.172839 	0.536214 	0.0380607 	-1.35478 	-0.0524356 	
1.765	0.322858 	-0.172833 	0.536216 	0.0380607 	-1.35478 	-0.0524356 	
1.77	0.322916 	-0.172828 	0.536217 	0.0380607 	-1.35478 	-0.0524356 	
1.775	0.3229 	-0.172832 	0.536203 	0.0362339 	-1.3535 	-0.0499189 	
1.78	0.322957 	-0.172827 	0.536204 	0.0362339 	-1.3535 	-0.0499189 	
1.785	0.323013 	-0.172821 	0.536205 	0.0362339 	-1.3535 	-0.0499189 	
1.79	0.323069 	-0.172816 	0.536206 	0.0362339 	-1.3535 	-0.0499189 	
1.795	0.323054 	-0.172821 	0.536193 	0.034441 	-1.35225 	-0.0474489 	
1.8	0.32311 	-0.172815 	0.536194 	0.034441 	-1.35225 	-0.0474489 	
1.805	0.323165 	-0.17281 	0.536195 	0.034441 	-1.35225 	-0.0474489 	
1.81	0.32322 	-0.172805 	0.536196 	0.034441 	-1.35225 	-0.0474489 	
1.815	0.323205 	-0.172809 	0.536183 	0.0326831 	-1.35101 	-0.045027 	
1.82	0.32326 	-0.172804 	0.536184 	0.0326831 	-1.35101 	-0.045027 	
1.825	0.323314 	-0.172799 	0.536185 	0.0326831 	-1.35101 	-0.045027 	
1.83	0.323368 	-0.172793 	0.536186 	0.0326831 	-1.35101 	-0.045027 	
1.835	0.323353 	-0.172798 	0.536173 	0.0309613 	-1.34981 	-0.0426549 	
1.84	0.323407 	-0.172793 	0.536174 	0.0309613 	-1.34981 	-0.0426549 	
1.845	0.32346 	-0.172788 	0.536175 	0.0309613 	-1.34981 	-0.0426549 	
1.85	0.323513 	-0.172782 	0.536176 	0.0309613 	-1.34981 	-0.0426549 	
1.855	0.323498 	-0.172787 	0.536164 	0.0292766 	-1.34863 	-0.040334 	
1.86	0.32355 	-0.172782 	0.536165 	0.0292766 	-1.34863 	-0.040334 	
1.865	0.323602 	-0.172777 	0.536166 	0.0292766 	-1.34863 	-0.040334 	
1.87	0.323654 	-0.172771 	0.536167 	0.0292766 	-1.34863 	-0.040334 	
1.875	0.32364 	-0.172777 	0.536155 	0.0276302 	-1.34747 	-0.0380657 	
1.88	0.32369 	-0.172771 	0.536156 	0.0276302 	-1.34747 	-0.0380657 	
1.885	0.323741 	-0.172766 	0.536157 	0.0276302 	-1.34747 	-0.0380657 	
1.89	0.323791 	-0.172761 	0.536158 	0.0276302 	-1.34747 	-0.0380657 	
1.895	0.323778 	-0.172766 	0.536146 	0.026023 	-1.34634 	-0.0358514 	
1.9	0.323827 	-0.172761 	0.536147 	0.026023 	-1.34634 	-0.0358514 	
1.905	0.323877 	-0.172756 	0.536148 	0.026023 	-1.34634 	-0.0358514 	
1.91	0.323926 	-0.172751 	0.536148 	0.026023 	-1.34634 	-0.0358514 	
1.915	0.323912 	-0.172756 	0.536137 	0.024456 	-1.34525 	-0.0336927 	
1.92	0.323961 	-0.172751 	0.536138 	0.024456 	-1.34525 	-0.0336927 	
1.925	0.324009 	-0.172746 	0.536139 	0.024456 	-1.34525 	-0.0336927 	
1.93	0.324056 	-0.172741 	0.53614 	0.024456 	-1.34525 	-0.0336927 	
1.935	0.324043 	-0.172746 	0.536128 	0.0229303 	-1.34418 	-0.0315907 	
1.94	0.32409 	-0.172741 	0.536129 	0.0229303 	-1.34418 	-0.0315907 	
1.945	0.324137 	-0.172736 	0.53613 	0.0229303 	-1.34418 	-0.0315907 	
1.95	0.324183 	-0.172731 	0.536131 	0.0229303 	-1.34418 	-0.0315907 	
1.955	0.324229 	-0.172726 	0.536132 	0.0229303 	-1.34418 	-0.0315907 	
1.96	0.324203 	-0.172734 	0.536118 	0.021121 	-1.34291 	-0.029098 	
1.965	0.324249 	-0.172729 	0.536119 	0.021121 	-1.34291 	-0.029098 	
1.97	0.324294 	-0.172724 	0.53612 	0.021121 	-1.34291 	-0.029098 	
1.975	0.324338 	-0.172719 	0.536121 	0.021121 	-1.34291 	-0.029098 	
1.98	0.324383 	-0.172715 	0.536122 	0.021121 	-1.34291 	-0.029098 	
1.985	0.324356 	-0.172723 	0.536108 	0.0193435 	-1.34166 	-0.0266492 	
1.99	0.3244 	-0.172718 	0.536109 	0.0193435 	-1.34166 	-0.0266492 	
1.995	0.324443 	-0.172713 	0.53611 	0.0193435 	-1.34166 	-0.0266492 	
2	0.324486 	-0.172708 	0.536111 	0.0193435 	-1.34166 	-0.0266492 	
2.005	0.324528 	-0.172704 	0.536111 	0.0193435 	-1.34166 	-0.0266492 	
2.01	0.324503 	-0.172712 	0.536099 	0.0176319 	-1.34046 	-0.0242911 	
2.015	0.324545 	-0.172707 	0.5361 	0.0176319 	-1.34046 	-0.0242911 	
2.02	0.324586 	-0.172702 	0.5361 	0.0176319 	-1.34046 	-0.0242911 	
2.025	0.324627 	-0.172698 	0.536101 	0.0176319 	-1.34046 	-0.0242911 	
2.03	0.324668 	-0.172693 	0.536102 	0.0176319 	-1.34046 	-0.0242911 	
2.035	0.324643 	-0.172701 	0.53609 	0.015991 	-1.33931 	-0.0220304 	
2.04	0.324683 	-0.172697 	0.53609 	0.015991 	-1.33931 	-0.0220304 	
2.045	0.324723 	-0.172692 	0.536091 	0.015991 	-1.33931 	-0.0220304 	
2.05	0.324762 	-0.172688 	0.536092 	0.015991 	-1.33931 	-0.0220304 	
2.055	0.324801 	-0.172683 	0.536092 	0.015991 	-1.33931 	-0.0220304 	
2.06	0.324778 	-0.172691 	0.536081 	0.0144227 	-1.33821 	-0.0198699 	
2.065	0.324816 	-0.172687 	0.536081 	0.0144227 	-1.33821 	-0.0198699 	
2.07	0.324854 	-0.172682 	0.536082 	0.0144227 	-1.33821 	-0.0198699 	
2.075	0.324891 	-0.172678 	0.536083 	0.0144227 	-1.33821 	-0.0198699 	
2.08	0.324928 	-0.172674 	0.536083 	0.0144227 	-1.33821 	-0.0198699 	
2.085	0.324965 	-0.17267 	0.536084 	0.0144227 	-1.33821 	-0.0198699 	
2.09	0.324932 	-0.172679 	0.536071 	0.0126702 	-1.33698 	-0.0174554 	
2.095	0.324967 	-0.172675 	0.536072 	0.0126702 	-1.33698 	-0.0174554 	
2.1	0.325003 	-0.172671 	0.536072 	0.0126702 	-1.33698 	-0.0174554 	
2.105	0.325038 	-0.172667 	0.536073 	0.0126702 	-1.33698 	-0.0174554 	
2.11	0.325073 	-0.172663 	0.536073 	0.0126702 	-1.33698 	-0.0174554 	
2.115	0.325107 	-0.172659 	0.536074 	0.0126702 	-1.33698 	-0.0174554 	
2.12	0.325075 	-0.172668 	0.536062 	0.0109972 	-1.33581 	-0.0151506 	
2.125	0.325108 	-0.172665 	0.536062 	0.0109972 	-1.33581 	-0.0151506 	
2.13	0.325141 	-0.172661 	0.536063 	0.0109972 	-1.33581 	-0.0151506 	
2.135	0.325174 	-0.172657 	0.536063 	0.0109972 	-1.33581 	-0.0151506 	
2.14	0.325206 	-0.172653 	0.536064 	0.0109972 	-1.33581 	-0.0151506 	
2.145	0.325238 	-0.172649 	0.536064 	0.0109972 	-1.33581 	-0.0151506 	
2.15	0.325208 	-0.172659 	0.536053 	0.00943292 	-1.33471 	-0.0129955 	
2.155	0.325239 	-0.172655 	0.536053 	0.00943292 	-1.33471 	-0.0129955 	
2.16	0.32527 	-0.172651 	0.536054 	0.00943292 	-1.33471 	-0.0129955 	
2.165	0.3253 	-0.172648 	0.536054 	0.00943292 	-1.33471 	-0.0129955 	
2.17	0.32533 	-0.172644 	0.536055 	0.00943292 	-1.33471 	-0.0129955 	
2.175	0.32536 	-0.172641 	0.536055 	0.00943292 	-1.33471 	-0.0129955 	
2.18	0.325389 	-0.172637 	0.536056 	0.00943292 	-1.33471 	-0.0129955 	
2.185	0.325352 	-0.172648 	0.536044 	0.00777728 	-1.33355 	-0.0107145 	
2.19	0.325381 	-0.172644 	0.536044 	0.00777728 	-1.33355 	-0.0107145 	
2.195	0.325408 	-0.172641 	0.536045 	0.00777728 	-1.33355 	-0.0107145 	
2.2	0.325436 	-0.172638 	0.536045 	0.00777728 	-1.33355 	-0.0107145 	
2.205	0.325463 	-0.172634 	0.536045 	0.00777728 	-1.33355 	-0.0107145 	
2.21	0.32549 	-0.172631 	0.536046 	0.00777728 	-1.33355 	-0.0107145 	
2.215	0.325516 	-0.172628 	0.536046 	0.00777728 	-1.33355 	-0.0107145 	
2.22	0.325482 	-0.172638 	0.536035 	0.00625471 	-1.33248 	-0.00861693 	
2.225	0.325507 	-0.172635 	0.536036 	0.00625471 	-1.33248 	-0.00861693 	
2.23	0.325532 	-0.172632 	0.536036 	0.00625471 	-1.33248 	-0.00861693 	
2.235	0.325557 	-0.172629 	0.536036 	0.00625471 	-1.33248 	-0.00861693 	
2.24	0.325581 	-0.172626 	0.536037 	0.00625471 	-1.33248 	-0.00861693 	
2.245	0.325605 	-0.172623 	0.536037 	0.00625471 	-1.33248 	-0.00861693 	
2.25	0.325628 	-0.17262 	0.536037 	0.00625471 	-1.33248 	-0.00861693 	
2.255	0.325651 	-0.172617 	0.536038 	0.00625471 	-1.33248 	-0.00861693 	
2.26	0.325613 	-0.172628 	0.536027 	0.00473013 	-1.33141 	-0.00651652 	
2.265	0.325635 	-0.172625 	0.536027 	0.00473013 	-1.33141 	-0.00651652 	
2.27	0.325657 	-0.172623 	0.536027 	0.00473013 	-1.33141 	-0.00651652 	
2.275	0.325678 	-0.17262 	0.536028 	0.00473013 	-1.33141 	-0.00651652 	
2.28	0.325699 	-0.172618 	0.536028 	0.00473013 	-1.33141 	-0.00651652 	
2.285	0.325719 	-0.172615 	0.536028 	0.00473013 	-1.33141 	-0.00651652 	
2.29	0.325739 	-0.172613 	0.536028 	0.00473013 	-1.33141 	-0.00651652 	
2.295	0.325759 	-0.17261 	0.536029 	0.00473013 	-1.33141 	-0.00651652 	
2.3	0.325778 	-0.172608 	0.536029 	0.00473013 	-1.33141 	-0.00651652 	
2.305	0.325797 	-0.172606 	0.536029 	0.00473013 	-1.33141 	-0.00651652 	
2.31	0.325752 	-0.172618 	0.536018 	0.00313463 	-1.3303 	-0.0043184 	
2.315	0.32577 	-0.172615 	0.536018 	0.00313463 	-1.3303 	-0.0043184 	
2.32	0.325787 	-0.172613 	0.536018 	0.00313463 	-1.3303 	-0.0043184 	
2.325	0.325804 	-0.172611 	0.536018 	0.00313463 	-1.3303 	-0.0043184 	
2.33	0.325821 	-0.172609 	0.536019 	0.00313463 	-1.3303 	-0.0043184 	
2.335	0.325837 	-0.172607 	0.536019 	0.00313463 	-1.3303 	-0.0043184 	
2.34	0.325852 	-0.172605 	0.536019 	0.00313463 	-1.3303 	-0.0043184 	
2.345	0.325867 	-0.172603 	0.536019 	0.00313463 	-1.3303 	-0.0043184 	
2.35	0.325882 	-0.172601 	0.53602 	0.00313463 	-1.3303 	-0.0043184 	
2.355	0.325897 	-0.1726 	0.53602 	0.00313463 	-1.3303 	-0.0043184 	
2.36	0.32591 	-0.172598 	0.53602 	0.00313463 	-1.3303 	-0.0043184 	
2.365	0.325924 	-0.172596 	0.53602 	0.00313463 	-1.3303 	-0.0043184 	
2.37	0.325937 	-0.172595 	0.53602 	0.00313463 	-1.3303 	-0.0043184 	
2.375	0.325888 	-0.172607 	0.536009 	0.00155948 	-1.32919 	-0.00214833 	
2.38	0.3259 	-0.172606 	0.536009 	0.00155948 	-1.32919 	-0.00214833 	
2.385	0.325911 	-0.172604 	0.536009 	0.00155948 	-1.32919 	-0.00214833 	
2.39	0.325923 	-0.172603 	0.536009 	0.00155948 	-1.32919 	-0.00214833 	
2.395	0.325934 	-0.172602 	0.53601 	0.00155948 	-1.32919 	-0.00214833 	
2.4	0.325944 	-0.1726 	0.53601 	0.00155948 	-1.32919 	-0.00214833 	
2.405	0.325954 	-0.172599 	0.53601 	0.00155948 	-1.32919 	-0.00214833 	
2.41	0.325963 	-0.172598 	0.53601 	0.00155948 	-1.32919 	-0.00214833 	
2.415	0.325972 	-0.172597 	0.53601 	0.00155948 	-1.32919 	-0.00214833 	
2.42	0.32598 	-0.172596 	0.53601 	0.00155948 	-1.32919 	-0.00214833 	
2.425	0.325988 	-0.172595 	0.53601 	0.00155948 	-1.32919 	-0.00214833 	
2.43	0.325996 	-0.172594 	0.53601 	0.00155948 	-1.32919 	-0.00214833 	
2.435	0.326004 	-0.172593 	0.536011 	0.00155948 	-1.32919 	-0.00214833 	
2.44	0.326011 	-0.172592 	0.536011 	0.00155948 	-1.32919 	-0.00214833 	
2.445	0.326017 	-0.172591 	0.536011 	0.00155948 	-1.32919 	-0.00214833 	
2.45	0.326023 	-0.17259 	0.536011 	0.00155948 	-1.32919 	-0.00214833 	
2.455	0.326029 	-0.17259 	0.536011 	0.00155948 	-1.32919 	-0.00214833 	
2.46	0.326034 	-0.172589 	0.536011 	0.00155948 	-1.32919 	-0.00214833 	
2.465	0.326039 	-0.172588 	0.536011 	0.00155948 	-1.32919 	-0.00214833 	
2.47	0.326043 	-0.172588 	0.536011 	0.00155948 	-1.32919 	-0.00214833 	
2.475	0.326047 	-0.172587 	0.536011 	0.00155948 	-1.32919 	-0.00214833 	
2.48	0.32605 	-0.172587 	0.536011 	0.00155948 	-1.32919 	-0.00214833 	
2.485	0.326053 	-0.172587 	0.536011 	0.00155948 	-1.32919 	-0.00214833 	
2.49	0.326055 	-0.172586 	0.536011 	0.00155948 	-1.32919 	-0.00214833 	
2.495	0.326057 	-0.172586 	0.536011 	0.00155948 	-1.32919 	-0.00214833 	
2.5	0.326059 	-0.172586 	0.536011 	0.00155948 	-1.32919 	-0.00214833 	
2.505	0.32606 	-0.172586 	0.536011 	0.00155948 	-1.32919 	-0.00214833 	
2.51	0.32606 	-0.172586 	0.536011 	0.00155948 	-1.32919 	-0.00214833 	
2.515	0.326061 	-0.172586 	0.536011 	0.00155948 	-1.32919 	-0.00214833 	
2.52	0.326061 	-0.172586 	0.536011 	0.00155948 	-1.32919 	-0.00214833 	
2.525	0.326061 	-0.172586 	0.536011 	0.00155948 	-1.32919 	-0.00214833 	
2.53	0.326061 	-0.172585 	0.536011 	0.00155948 	-1.32919 	-0.00214833 	
2.535	0.326062 	-0.172584 	0.53601 	0.00155948 	-1.32919 	-0.00214833 	
2.54	0.326062 	-0.172583 	0.536009 	0.00155948 	-1.32919 	-0.00214834 	
2.545	0.326062 	-0.172582 	0.536008 	0.00155948 	-1.32919 	-0.00214834 	
2.55	0.326062 	-0.17258 	0.536007 	0.00155948 	-1.32919 	-0.00214834 	
2.555	0.326063 	-0.172578 	0.536006 	0.00155948 	-1.32919 	-0.00214834 	
2.56	0.326063 	-0.172576 	0.536005 	0.00155948 	-1.32919 	-0.00214834 	
2.565	0.326064 	-0.172574 	0.536003 	0.00155948 	-1.32919 	-0.00214834 	
2.57	0.326064 	-0.172572 	0.536001 	0.00155948 	-1.32919 	-0.00214834 	
2.575	0.326065 	-0.172569 	0.536 	0.00155948 	-1.32919 	-0.00214834 	
2.58	0.326065 	-0.172566 	0.535997 	0.00155948 	-1.32919 	-0.00214834 	
2.585	0.326066 	-0.172563 	0.535995 	0.00155948 	-1.32919 	-0.00214834 	
2.59	0.326067 	-0.17256 	0.535993 	0.00155948 	-1.32919 	-0.00214834 	
2.595	0.326068 	-0.172556 	0.53599 	0.00155948 	-1.32919 	-0.00214834 	
2.6	0.326068 	-0.172552 	0.535988 	0.00155948 	-1.32919 	-0.00214834 	
2.605	0.326029 	-0.172595 	0.535976 	-0.00135691 	-1.32844 	-0.000213603 	
2.61	0.32603 	-0.172591 	0.535973 	-0.00135691 	-1.32844 	-0.000213603 	
2.615	0.326031 	-0.172586 	0.53597 	-0.00135691 	-1.32844 	-0.000213604 	
2.62	0.326032 	-0.172582 	0.535966 	-0.00135691 	-1.32844 	-0.000213604 	
2.625	0.326034 	-0.172577 	0.535963 	-0.00135691 	-1.32844 	-0.000213605 	
2.63	0.326035 	-0.172572 	0.535959 	-0.00135691 	-1.32844 	-0.000213605 	
2.635	0.326044 	-0.172597 	0.535956 	-0.00281873 	-1.32854 	-2.16627e-05 	
2.64	0.326045 	-0.172591 	0.535952 	-0.00281873 	-1.32854 	-2.16632e-05 	
2.645	0.326046 	-0.172586 	0.535947 	-0.00281873 	-1.32854 	-2.16638e-05 	
2.65	0.326048 	-0.172579 	0.535943 	-0.00281872 	-1.32854 	-2.16644e-05 	
2.655	0.326049 	-0.172573 	0.535939 	-0.00281872 	-1.32854 	-2.1665e-05 	
2.66	0.326064 	-0.172597 	0.535935 	-0.0041937 	-1.32873 	-2.81985e-06 	
2.665	0.326065 	-0.17259 	0.53593 	-0.0041937 	-1.32873 	-2.82061e-06 	
2.67	0.326067 	-0.172583 	0.535925 	-0.0041937 	-1.32873 	-2.82142e-06 	
2.675	0.326068 	-0.172575 	0.53592 	-0.0041937 	-1.32873 	-2.8223e-06 	
2.68	0.326083 	-0.172598 	0.535916 	-0.00547845 	-1.32892 	-8.95792e-07 	
2.685	0.326085 	-0.172589 	0.53591 	-0.00547845 	-1.32892 	-8.96763e-07 	
2.69	0.326086 	-0.172581 	0.535904 	-0.00547844 	-1.32892 	-8.97634e-07 	
2.695	0.326088 	-0.172573 	0.535899 	-0.00547844 	-1.32892 	-8.98553e-07 	
2.7	0.326104 	-0.172597 	0.535894 	-0.00689846 	-1.32914 	-8.46087e-07 	
2.705	0.326106 	-0.172588 	0.535888 	-0.00689845 	-1.32914 	-8.47111e-07 	
2.71	0.326108 	-0.172579 	0.535882 	-0.00689845 	-1.32914 	-8.48188e-07 	
2.715	0.32611 	-0.17257 	0.535875 	-0.00689845 	-1.32914 	-8.49322e-07 	
2.72	0.326128 	-0.172596 	0.53587 	-0.00847513 	-1.32937 	-1.01858e-06 	
2.725	0.32613 	-0.172587 	0.535863 	-0.00847513 	-1.32937 	-1.01983e-06 	
2.73	0.326132 	-0.172577 	0.535856 	-0.00847513 	-1.32937 	-1.02114e-06 	
2.735	0.326148 	-0.172597 	0.535851 	-0.0098023 	-1.32957 	-7.71831e-07 	
2.74	0.32615 	-0.172587 	0.535843 	-0.0098023 	-1.32957 	-7.7326e-07 	
2.745	0.326152 	-0.172576 	0.535836 	-0.0098023 	-1.32957 	-7.74751e-07 	
2.75	0.326169 	-0.172597 	0.53583 	-0.0111833 	-1.32978 	-8.04505e-07 	
2.755	0.326171 	-0.172586 	0.535822 	-0.0111833 	-1.32978 	-8.06125e-07 	
2.76	0.326173 	-0.172575 	0.535814 	-0.0111833 	-1.32978 	-8.07811e-07 	
2.765	0.326191 	-0.172596 	0.535808 	-0.012648 	-1.33 	-8.99432e-07 	
2.77	0.326193 	-0.172585 	0.5358 	-0.012648 	-1.33 	-9.01255e-07 	
2.775	0.326196 	-0.172573 	0.535791 	-0.012648 	-1.33 	-9.03147e-07 	
2.78	0.326214 	-0.172596 	0.535784 	-0.0141987 	-1.33023 	-1.00868e-06 	
2.785	0.326217 	-0.172584 	0.535776 	-0.0141987 	-1.33023 	-1.01071e-06 	
2.79	0.326219 	-0.172572 	0.535767 	-0.0141987 	-1.33023 	-1.01282e-06 	
2.795	0.326238 	-0.172596 	0.53576 	-0.0158349 	-1.33048 	-1.12451e-06 	
2.8	0.326241 	-0.172583 	0.53575 	-0.0158349 	-1.33048 	-1.12677e-06 	
2.805	0.326244 	-0.17257 	0.535741 	-0.0158349 	-1.33048 	-1.1291e-06 	
2.81	0.326264 	-0.172596 	0.535734 	-0.0175556 	-1.33073 	-1.24567e-06 	
2.815	0.326267 	-0.172582 	0.535724 	-0.0175556 	-1.33073 	-1.24816e-06 	
2.82	0.326271 	-0.172569 	0.535714 	-0.0175556 	-1.33073 	-1.25073e-06 	
2.825	0.326291 	-0.172596 	0.535706 	-0.0193599 	-1.331 	-1.37178e-06 	
2.83	0.326295 	-0.172582 	0.535696 	-0.0193599 	-1.331 	-1.37451e-06 	
2.835	0.326311 	-0.172597 	0.535688 	-0.0206704 	-1.3312 	-8.11075e-07 	
2.84	0.326314 	-0.172582 	0.535677 	-0.0206704 	-1.3312 	-8.13969e-07 	
2.845	0.32633 	-0.172597 	0.535668 	-0.0219637 	-1.33139 	-7.4073e-07 	
2.85	0.326334 	-0.172582 	0.535658 	-0.0219637 	-1.33139 	-7.43793e-07 	
2.855	0.32635 	-0.172597 	0.535648 	-0.0232877 	-1.33159 	-7.66197e-07 	
2.86	0.326354 	-0.172582 	0.535637 	-0.0232877 	-1.33159 	-7.69432e-07 	
2.865	0.326371 	-0.172597 	0.535628 	-0.0246468 	-1.3318 	-8.06608e-07 	
2.87	0.326374 	-0.172581 	0.535617 	-0.0246468 	-1.3318 	-8.10019e-07 	
2.875	0.326391 	-0.172597 	0.535607 	-0.0260413 	-1.33201 	-8.49699e-07 	
2.88	0.326395 	-0.172581 	0.535595 	-0.0260413 	-1.33201 	-8.53288e-07 	
2.885	0.326413 	-0.172597 	0.535585 	-0.0274708 	-1.33222 	-8.93782e-07 	
2.89	0.326417 	-0.17258 	0.535574 	-0.0274708 	-1.33222 	-8.97553e-07 	
2.895	0.326435 	-0.172596 	0.535563 	-0.028935 	-1.33244 	-9.3861e-07 	
2.9	0.326439 	-0.17258 	0.535551 	-0.028935 	-1.33244 	-9.42566e-07 	
2.905	0.326457 	-0.172596 	0.535541 	-0.0304335 	-1.33267 	-9.84119e-07 	
2.91	0.326462 	-0.172579 	0.535529 	-0.0304335 	-1.33267 	-9.88263e-07 	
2.915	0.32648 	-0.172596 	0.535518 	-0.031966 	-1.3329 	-1.03026e-06 	
2.92	0.326485 	-0.172579 	0.535505 	-0.031966 	-1.3329 	-1.0346e-06 	
2.925	0.326504 	-0.172596 	0.535494 	-0.033532 	-1.33313 	-1.077e-06 	
2.93	0.326508 	-0.172578 	0.535481 	-0.033532 	-1.33313 	-1.08153e-06 	
2.935	0.326528 	-0.172596 	0.53547 	-0.0351312 	-1.33337 	-1.1243e-06 	
2.94	0.326533 	-0.172578 	0.535457 	-0.0351312 	-1.33337 	-1.12902e-06 	
2.945	0.326552 	-0.172596 	0.535446 	-0.0367632 	-1.33362 	-1.17211e-06 	
2.95	0.326557 	-0.172577 	0.535432 	-0.0367632 	-1.33362 	-1.17702e-06 	
2.955	0.326577 	-0.172596 	0.535421 	-0.0384276 	-1.33386 	-1.22038e-06 	
2.96	0.326582 	-0.172577 	0.535407 	-0.0384275 	-1.33386 	-1.2255e-06 	
2.965	0.326603 	-0.172596 	0.535395 	-0.0401239 	-1.33412 	-1.26908e-06 	
2.97	0.326608 	-0.172576 	0.535381 	-0.0401239 	-1.33412 	-1.2744e-06 	
2.975	0.326629 	-0.172596 	0.535369 	-0.0418517 	-1.33438 	-1.31816e-06 	
2.98	0.326634 	-0.172576 	0.535355 	-0.0418517 	-1.33438 	-1.32368e-06 	
2.985	0.326655 	-0.172596 	0.535343 	-0.0436106 	-1.33464 	-1.36758e-06 	
2.99	0.32666 	-0.172576 	0.535328 	-0.0436106 	-1.33464 	-1.37331e-06 	
2.995	0.326682 	-0.172596 	0.535316 	-0.0454002 	-1.33491 	-1.4173e-06 	
3	0.326687 	-0.172575 	0.535301 	-0.0454002 	-1.33491 	-1.42322e-06 	
3.005	0.32671 	-0.172596 	0.535288 	-0.0472201 	-1.33518 	-1.46726e-06 	
3.01	0.326715 	-0.172575 	0.535273 	-0.0472201 	-1.33518 	-1.47339e-06 	
3.015	0.326737 	-0.172596 	0.535261 	-0.0490697 	-1.33546 	-1.51742e-06 	
3.02	0.326743 	-0.172574 	0.535245 	-0.0490696 	-1.33546 	-1.52376e-06 	
3.025	0.326766 	-0.172595 	0.535232 	-0.0509485 	-1.33574 	-1.56774e-06 	
3.03	0.326771 	-0.172574 	0.535217 	-0.0509485 	-1.33574 	-1.57429e-06 	
3.035	0.326794 	-0.172595 	0.535204 	-0.0528563 	-1.33603 	-1.61817e-06 	
3.04	0.3268 	-0.172574 	0.535188 	-0.0528563 	-1.33603 	-1.62493e-06 	
3.045	0.326823 	-0.172595 	0.535175 	-0.0547923 	-1.33632 	-1.66867e-06 	
3.05	0.326829 	-0.172573 	0.535159 	-0.0547923 	-1.33632 	-1.67563e-06 	
3.055	0.326853 	-0.172595 	0.535145 	-0.0567563 	-1.33661 	-1.71918e-06 	
3.06	0.326859 	-0.172573 	0.535129 	-0.0567563 	-1.33661 	-1.72635e-06 	
3.065	0.326883 	-0.172595 	0.535115 	-0.0587476 	-1.33691 	-1.76967e-06 	
3.07	0.326889 	-0.172572 	0.535099 	-0.0587476 	-1.33691 	-1.77705e-06 	
3.075	0.326913 	-0.172595 	0.535085 	-0.0607659 	-1.33722 	-1.82008e-06 	
3.08	0.326919 	-0.172572 	0.535068 	-0.0607659 	-1.33722 	-1.82767e-06 	
3.085	0.326944 	-0.172595 	0.535054 	-0.0628105 	-1.33752 	-1.87037e-06 	
3.09	0.32695 	-0.172572 	0.535037 	-0.0628105 	-1.33752 	-1.87817e-06 	
3.095	0.326975 	-0.172595 	0.535023 	-0.064881 	-1.33783 	-1.9205e-06 	
3.1	0.326981 	-0.172571 	0.535006 	-0.064881 	-1.33783 	-1.9285e-06 	
3.105	0.327006 	-0.172595 	0.534992 	-0.0669769 	-1.33815 	-1.97041e-06 	
3.11	0.327013 	-0.172571 	0.534974 	-0.0669769 	-1.33815 	-1.97861e-06 	
3.115	0.327038 	-0.172595 	0.53496 	-0.0690976 	-1.33847 	-2.02005e-06 	
3.12	0.327045 	-0.172571 	0.534942 	-0.0690976 	-1.33847 	-2.02846e-06 	
3.125	0.32707 	-0.172595 	0.534927 	-0.0712426 	-1.33879 	-2.0694e-06 	
3.13	0.327077 	-0.17257 	0.53491 	-0.0712426 	-1.33879 	-2.07801e-06 	
3.135	0.327103 	-0.172595 	0.534895 	-0.0734114 	-1.33911 	-2.11838e-06 	
3.14	0.32711 	-0.17257 	0.534877 	-0.0734114 	-1.33911 	-2.1272e-06 	
3.145	0.327136 	-0.172595 	0.534862 	-0.0756034 	-1.33944 	-2.16697e-06 	
3.15	0.327143 	-0.17257 	0.534844 	-0.0756034 	-1.33944 	-2.17598e-06 	
3.155	0.327169 	-0.172595 	0.534829 	-0.0778182 	-1.33977 	-2.21511e-06 	
3.16	0.327176 	-0.172569 	0.53481 	-0.0778182 	-1.33977 	-2.22432e-06 	
3.165	0.327203 	-0.172595 	0.534795 	-0.080055 	-1.34011 	-2.26276e-06 	
3.17	0.32721 	-0.172569 	0.534776 	-0.080055 	-1.34011 	-2.27217e-06 	
3.175	0.327236 	-0.172595 	0.534761 	-0.0823135 	-1.34045 	-2.30987e-06 	
3.18	0.327244 	-0.172569 	0.534742 	-0.0823135 	-1.34045 	-2.31947e-06 	
3.185	0.327271 	-0.172595 	0.534727 	-0.0845929 	-1.34079 	-2.3564e-06 	
3.19	0.327289 	-0.172597 	0.53471 	-0.085856 	-1.34098 	-9.33953e-07 	
3.195	0.327297 	-0.172571 	0.534691 	-0.085856 	-1.34098 	-9.43842e-07 	
3.2	0.327323 	-0.172595 	0.534675 	-0.088062 	-1.34131 	-2.09829e-06 	
3.205	0.327341 	-0.172597 	0.534658 	-0.089331 	-1.3415 	-9.17312e-07 	
3.21	0.327349 	-0.172571 	0.534638 	-0.089331 	-1.3415 	-9.27481e-07 	
3.215	0.327375 	-0.172595 	0.534622 	-0.0915638 	-1.34184 	-2.14993e-06 	
3.22	0.327394 	-0.172597 	0.534605 	-0.0928482 	-1.34203 	-9.4134e-07 	
3.225	0.327402 	-0.17257 	0.534585 	-0.0928482 	-1.34203 	-9.51782e-07 	
3.23	0.327428 	-0.172595 	0.534569 	-0.0951075 	-1.34237 	-2.20594e-06 	
3.235	0.327447 	-0.172597 	0.534552 	-0.0964068 	-1.34256 	-9.65393e-07 	
3.24	0.327456 	-0.17257 	0.534532 	-0.0964068 	-1.34256 	-9.76101e-07 	
3.245	0.327482 	-0.172595 	0.534515 	-0.0986913 	-1.34291 	-2.26044e-06 	
3.25	0.327501 	-0.172597 	0.534498 	-0.100005 	-1.3431 	-9.88739e-07 	
3.255	0.32751 	-0.17257 	0.534477 	-0.100005 	-1.3431 	-9.99704e-07 	
3.26	0.327537 	-0.172594 	0.534461 	-0.102313 	-1.34345 	-2.31321e-06 	
3.265	0.327556 	-0.172597 	0.534443 	-0.10364 	-1.34365 	-1.01132e-06 	
3.27	0.327564 	-0.172569 	0.534423 	-0.10364 	-1.34365 	-1.02253e-06 	
3.275	0.327592 	-0.172594 	0.534406 	-0.105971 	-1.344 	-2.36414e-06 	
3.28	0.327611 	-0.172597 	0.534388 	-0.107311 	-1.3442 	-1.03307e-06 	
3.285	0.32762 	-0.172569 	0.534367 	-0.107311 	-1.3442 	-1.04453e-06 	
3.29	0.327647 	-0.172594 	0.534351 	-0.109663 	-1.34455 	-2.41311e-06 	
3.295	0.327666 	-0.172597 	0.534332 	-0.111015 	-1.34475 	-1.05396e-06 	
3.3	0.327675 	-0.172569 	0.534312 	-0.111015 	-1.34475 	-1.06565e-06 	
3.305	0.327703 	-0.172594 	0.534295 	-0.113387 	-1.34511 	-2.46001e-06 	
3.31	0.327722 	-0.172597 	0.534276 	-0.11475 	-1.34531 	-1.07393e-06 	
3.315	0.327741 	-0.172597 	0.534257 	-0.116013 	-1.3455 	-8.29775e-07 	
3.32	0.327751 	-0.172569 	0.534236 	-0.116013 	-1.3455 	-8.41751e-07 	
3.325	0.327778 	-0.172594 	0.53422 	-0.1184 	-1.34586 	-2.47459e-06 	
3.33	0.327798 	-0.172597 	0.534201 	-0.119775 	-1.34607 	-1.09345e-06 	
3.335	0.327817 	-0.172597 	0.534182 	-0.12105 	-1.34626 	-8.47925e-07 	
3.34	0.327836 	-0.172597 	0.534163 	-0.122318 	-1.34645 	-8.16477e-07 	
3.345	0.327855 	-0.172597 	0.534144 	-0.123588 	-1.34664 	-8.16006e-07 	
3.35	0.327874 	-0.172597 	0.534125 	-0.12486 	-1.34683 	-8.19517e-07 	
3.355	0.327893 	-0.172597 	0.534106 	-0.126135 	-1.34702 	-8.23444e-07 	
3.36	0.327912 	-0.172597 	0.534086 	-0.127412 	-1.34721 	-8.27341e-07 	
3.365	0.327932 	-0.172597 	0.534067 	-0.128691 	-1.34741 	-8.31156e-07 	
3.37	0.327951 	-0.172597 	0.534048 	-0.129973 	-1.3476 	-8.34881e-07 	
3.375	0.32797 	-0.172597 	0.534029 	-0.131258 	-1.34779 	-8.38514e-07 	
3.38	0.327989 	-0.172597 	0.534009 	-0.132544 	-1.34798 	-8.42054e-07 	
3.385	0.328009 	-0.172597 	0.53399 	-0.133833 	-1.34818 	-8.45501e-07 	
3.39	0.328028 	-0.172597 	0.533971 	-0.135124 	-1.34837 	-8.48853e-07 	
3.395	0.328047 	-0.172597 	0.533951 	-0.136416 	-1.34856 	-8.52109e-07 	
3.4	0.328067 	-0.172597 	0.533932 	-0.137711 	-1.34876 	-8.55269e-07 	
3.405	0.328086 	-0.172597 	0.533912 	-0.139007 	-1.34895 	-8.58331e-07 	
3.41	0.328106 	-0.172597 	0.533893 	-0.140305 	-1.34915 	-8.61295e-07 	
3.415	0.328125 	-0.172597 	0.533873 	-0.141605 	-1.34934 	-8.64161e-07 	
3.42	0.328145 	-0.172597 	0.533854 	-0.142906 	-1.34954 	-8.66926e-07 	
3.425	0.328164 	-0.172597 	0.533834 	-0.144209 	-1.34973 	-8.6959e-07 	
3.43	0.328184 	-0.172597 	0.533815 	-0.145513 	-1.34993 	-8.72154e-07 	
3.435	0.328204 	-0.172597 	0.533795 	-0.146818 	-1.35013 	-8.74615e-07 	
3.44	0.328223 	-0.172597 	0.533776 	-0.148125 	-1.35032 	-8.76973e-07 	
3.445	0.328243 	-0.172597 	0.533756 	-0.149433 	-1.35052 	-8.79227e-07 	
3.45	0.328262 	-0.172597 	0.533736 	-0.150742 	-1.35071 	-8.81377e-07 	
3.455	0.328282 	-0.172597 	0.533717 	-0.152052 	-1.35091 	-8.83422e-07 	
3.46	0.328302 	-0.172597 	0.533697 	-0.153363 	-1.35111 	-8.85362e-07 	
3.465	0.328321 	-0.172597 	0.533677 	-0.154674 	-1.3513 	-8.87196e-07 	
3.47	0.328341 	-0.172597 	0.533658 	-0.155987 	-1.3515 	-8.88922e-07 	
3.475	0.328361 	-0.172597 	0.533638 	-0.1573 	-1.3517 	-8.90542e-07 	
3.48	0.328381 	-0.172597 	0.533618 	-0.158613 	-1.35189 	-8.92054e-07 	
3.485	0.3284 	-0.172597 	0.533599 	-0.159928 	-1.35209 	-8.93457e-07 	
3.49	0.32842 	-0.172597 	0.533579 	-0.161242 	-1.35229 	-8.94752e-07 	
3.495	0.32844 	-0.172597 	0.533559 	-0.162557 	-1.35249 	-8.95937e-07 	
3.5	0.328459 	-0.172597 	0.533539 	-0.163872 	-1.35268 	-8.97013e-07 	
3.505	0.328479 	-0.172597 	0.53352 	-0.165187 	-1.35288 	-8.97979e-07 	
3.51	0.328499 	-0.172597 	0.5335 	-0.166503 	-1.35308 	-8.98834e-07 	
3.515	0.328519 	-0.172597 	0.53348 	-0.167818 	-1.35328 	-8.99579e-07 	
3.52	0.328538 	-0.172597 	0.53346 	-0.169134 	-1.35347 	-9.00212e-07 	
3.525	0.328558 	-0.172597 	0.533441 	-0.170449 	-1.35367 	-9.00734e-07 	
3.53	0.328578 	-0.172597 	0.533421 	-0.171764 	-1.35387 	-9.01145e-07 	
3.535	0.328598 	-0.172597 	0.533401 	-0.173079 	-1.35406 	-9.01443e-07 	
3.54	0.328617 	-0.172597 	0.533382 	-0.174393 	-1.35426 	-9.0163e-07 	
3.545	0.328637 	-0.172597 	0.533362 	-0.175707 	-1.35446 	-9.01704e-07 	
3.55	0.328657 	-0.172597 	0.533342 	-0.17702 	-1.35466 	-9.01666e-07 	
3.555	0.328676 	-0.172597 	0.533322 	-0.178332 	-1.35485 	-9.01515e-07 	
3.56	0.328696 	-0.172597 	0.533303 	-0.179644 	-1.35505 	-9.01252e-07 	
3.565	0.328716 	-0.172597 	0.533283 	-0.180955 	-1.35525 	-9.00876e-07 	
3.57	0.328735 	-0.172597 	0.533263 	-0.182265 	-1.35544 	-9.00387e-07 	
3.575	0.328755 	-0.172597 	0.533244 	-0.183574 	-1.35564 	-8.99786e-07 	
3.58	0.328775 	-0.172597 	0.533224 	-0.184882 	-1.35584 	-8.99072e-07 	
3.585	0.328794 	-0.172597 	0.533205 	-0.186189 	-1.35603 	-8.98245e-07 	
3.59	0.328814 	-0.172597 	0.533185 	-0.187495 	-1.35623 	-8.97305e-07 	
3.595	0.328833 	-0.172597 	0.533165 	-0.1888 	-1.35642 	-8.96253e-07 	
3.6	0.328853 	-0.172597 	0.533146 	-0.190103 	-1.35662 	-8.95089e-07 	
3.605	0.328873 	-0.172597 	0.533126 	-0.191404 	-1.35681 	-8.93812e-07 	
3.61	0.317743 	-0.170271 	0.587744 	-0.192825 	-1.35728 	5.318e-05 	
3.615	0.317727 	-0.170289 	0.58777 	-0.192954 	-1.35752 	0.000121761 	
3.62	0.317712 	-0.170306 	0.587795 	-0.193085 	-1.35777 	0.000199267 	
3.625	0.317695 	-0.170318 	0.58781 	-0.19323 	-1.35798 	0.000302869 	
3.63	0.317677 	-0.170327 	0.587823 	-0.19338 	-1.35819 	0.000420244 	
3.635	0.31766 	-0.170336 	0.587832 	-0.193535 	-1.35838 	0.000547216 	
3.64	0.317642 	-0.170343 	0.587838 	-0.193694 	-1.35856 	0.00068058 	
3.645	0.317625 	-0.170349 	0.58784 	-0.193857 	-1.35873 	0.000821305 	
3.65	0.317608 	-0.170355 	0.587841 	-0.194022 	-1.35889 	0.000966588 	
3.655	0.317592 	-0.17036 	0.58784 	-0.194191 	-1.35905 	0.00111757 	
3.66	0.317575 	-0.170365 	0.587838 	-0.194361 	-1.35921 	0.00127169 	
3.665	0.317559 	-0.170369 	0.587833 	-0.194534 	-1.35935 	0.00143028 	
3.67	0.317544 	-0.170372 	0.587829 	-0.194708 	-1.3595 	0.00159094 	
3.675	0.317528 	-0.170375 	0.587823 	-0.194884 	-1.35964 	0.00175519 	
3.68	0.317513 	-0.170378 	0.587817 	-0.19506 	-1.35978 	0.00192071 	
3.685	0.317498 	-0.17038 	0.587809 	-0.195239 	-1.35991 	0.00208917 	
3.69	0.317484 	-0.170383 	0.587802 	-0.195417 	-1.36005 	0.00225832 	
3.695	0.317469 	-0.170385 	0.587793 	-0.195598 	-1.36018 	0.00243109 	
3.7	0.317455 	-0.170386 	0.587783 	-0.195781 	-1.36031 	0.00260727 	
3.705	0.317441 	-0.170388 	0.587771 	-0.195965 	-1.36043 	0.00278506 	
3.71	0.317427 	-0.170388 	0.587759 	-0.196151 	-1.36055 	0.00296675 	
3.715	0.317412 	-0.170387 	0.587746 	-0.196338 	-1.36066 	0.00315702 	
3.72	0.317397 	-0.170385 	0.587733 	-0.196528 	-1.36078 	0.00335064 	
3.725	0.317382 	-0.170381 	0.587719 	-0.196718 	-1.3609 	0.00355074 	
3.73	0.317366 	-0.170377 	0.587706 	-0.19691 	-1.36101 	0.0037537 	
3.735	0.317351 	-0.170371 	0.587692 	-0.197103 	-1.36113 	0.00396192 	
3.74	0.317335 	-0.170365 	0.587678 	-0.197297 	-1.36124 	0.00417291 	
3.745	0.317319 	-0.170357 	0.587664 	-0.197492 	-1.36135 	0.00438801 	
3.75	0.317303 	-0.17035 	0.587649 	-0.197688 	-1.36147 	0.00460595 	
3.755	0.317287 	-0.170341 	0.587635 	-0.197885 	-1.36158 	0.0048266 	
3.76	0.31727 	-0.170332 	0.587619 	-0.198084 	-1.36169 	0.00505133 	
3.765	0.31725 	-0.170324 	0.587599 	-0.198288 	-1.36178 	0.00527975 	
3.77	0.317226 	-0.170315 	0.58757 	-0.1985 	-1.36185 	0.00551777 	
3.775	0.3172 	-0.170307 	0.58754 	-0.198714 	-1.36191 	0.00575682 	
3.78	0.317175 	-0.170299 	0.58751 	-0.198926 	-1.36198 	0.00599217 	
3.785	0.317152 	-0.170293 	0.587485 	-0.199135 	-1.36206 	0.00622076 	
3.79	0.31713 	-0.170286 	0.587461 	-0.199342 	-1.36214 	0.00644589 	
3.795	0.31711 	-0.170281 	0.587437 	-0.199547 	-1.36222 	0.00666848 	
3.8	0.31709 	-0.170275 	0.587412 	-0.199755 	-1.3623 	0.00689331 	
3.805	0.31707 	-0.170269 	0.587384 	-0.199965 	-1.36237 	0.00711984 	
3.81	0.31705 	-0.170263 	0.587353 	-0.200179 	-1.36243 	0.00735087 	
3.815	0.31703 	-0.170257 	0.587319 	-0.200396 	-1.36248 	0.00758631 	
3.82	0.31701 	-0.170251 	0.587282 	-0.200616 	-1.36251 	0.00782529 	
3.825	0.31699 	-0.170245 	0.587242 	-0.200838 	-1.36254 	0.00806784 	
3.83	0.31697 	-0.170238 	0.587199 	-0.201064 	-1.36256 	0.00831328 	
3.835	0.31695 	-0.170232 	0.587154 	-0.201291 	-1.36257 	0.00856202 	
3.84	0.31693 	-0.170225 	0.587107 	-0.201521 	-1.36257 	0.00881421 	
3.845	0.316909 	-0.170218 	0.587057 	-0.201754 	-1.36257 	0.00906961 	
3.85	0.316889 	-0.17021 	0.587005 	-0.201988 	-1.36255 	0.00932788 	
3.855	0.316869 	-0.170204 	0.586955 	-0.202221 	-1.36255 	0.00958161 	
3.86	0.316851 	-0.170199 	0.586915 	-0.202442 	-1.36257 	0.00981633 	
3.865	0.316834 	-0.170195 	0.586877 	-0.202661 	-1.3626 	0.0100468 	
3.87	0.316818 	-0.170194 	0.586848 	-0.20287 	-1.36267 	0.0102592 	
3.875	0.316802 	-0.170193 	0.586818 	-0.203079 	-1.36273 	0.0104702 	
3.88	0.316787 	-0.170195 	0.586794 	-0.203282 	-1.36281 	0.0106659 	
3.885	0.316771 	-0.170198 	0.586768 	-0.203486 	-1.36288 	0.0108617 	
3.89	0.316756 	-0.170201 	0.586748 	-0.203684 	-1.36297 	0.011047 	
3.895	0.316742 	-0.170205 	0.586727 	-0.203884 	-1.36306 	0.0112347 	
3.9	0.316729 	-0.170208 	0.586711 	-0.204079 	-1.36317 	0.0114168 	
3.905	0.316715 	-0.170211 	0.586693 	-0.204276 	-1.36327 	0.0116034 	
3.91	0.316703 	-0.170216 	0.58668 	-0.204467 	-1.36339 	0.0117778 	
3.915	0.316691 	-0.170221 	0.586666 	-0.20466 	-1.3635 	0.0119542 	
3.92	0.316679 	-0.170227 	0.586657 	-0.204848 	-1.36363 	0.012121 	
3.925	0.316667 	-0.170232 	0.586646 	-0.205038 	-1.36375 	0.0122913 	
3.93	0.316655 	-0.170239 	0.586638 	-0.205225 	-1.36388 	0.0124559 	
3.935	0.316643 	-0.170245 	0.586628 	-0.205414 	-1.36401 	0.0126236 	
3.94	0.316632 	-0.170252 	0.586621 	-0.2056 	-1.36414 	0.0127856 	
3.945	0.31662 	-0.170259 	0.586612 	-0.205789 	-1.36427 	0.012952 	
3.95	0.316608 	-0.170266 	0.586606 	-0.205973 	-1.36441 	0.0131104 	
3.955	0.316596 	-0.170274 	0.586597 	-0.206161 	-1.36454 	0.0132733 	
3.96	0.316585 	-0.170282 	0.586593 	-0.206345 	-1.36468 	0.0134288 	
3.965	0.316573 	-0.17029 	0.586585 	-0.206533 	-1.36481 	0.013591 	
3.97	0.316562 	-0.170296 	0.58658 	-0.206719 	-1.36496 	0.0137533 	
3.975	0.31655 	-0.170302 	0.586571 	-0.206909 	-1.36508 	0.0139243 	
3.98	0.316539 	-0.170308 	0.586565 	-0.207096 	-1.36522 	0.0140892 	
3.985	0.316528 	-0.170313 	0.586554 	-0.20729 	-1.36535 	0.0142677 	
3.99	0.316517 	-0.170317 	0.586546 	-0.207481 	-1.36548 	0.0144432 	
3.995	0.316505 	-0.170321 	0.586536 	-0.207675 	-1.3656 	0.0146236 	
4	0.316495 	-0.170325 	0.586527 	-0.207867 	-1.36573 	0.0148014 	
4.005	0.316483 	-0.170328 	0.586517 	-0.208062 	-1.36585 	0.0149838 	
4.01	0.316473 	-0.170331 	0.586508 	-0.208254 	-1.36598 	0.0151633 	
4.015	0.316462 	-0.170335 	0.586498 	-0.208449 	-1.36611 	0.0153464 	
4.02	0.316451 	-0.170338 	0.58649 	-0.208643 	-1.36624 	0.0155283 	
4.025	0.31644 	-0.17034 	0.586479 	-0.208839 	-1.36636 	0.0157144 	
4.03	0.316429 	-0.170343 	0.586469 	-0.209035 	-1.36649 	0.015901 	
4.035	0.316418 	-0.170345 	0.586458 	-0.209233 	-1.36661 	0.0160905 	
4.04	0.316408 	-0.170346 	0.586447 	-0.209431 	-1.36673 	0.0162815 	
4.045	0.316397 	-0.170348 	0.586435 	-0.209629 	-1.36685 	0.0164718 	
4.05	0.316386 	-0.170351 	0.586426 	-0.209825 	-1.36697 	0.0166581 	
4.055	0.316376 	-0.170352 	0.586411 	-0.210027 	-1.36708 	0.0168547 	
4.06	0.316365 	-0.170357 	0.586406 	-0.210219 	-1.36722 	0.0170285 	
4.065	0.316355 	-0.170359 	0.586391 	-0.210421 	-1.36733 	0.0172208 	
4.07	0.316344 	-0.170366 	0.586387 	-0.210612 	-1.36748 	0.0173891 	
4.075	0.316333 	-0.170372 	0.58638 	-0.210805 	-1.36761 	0.0175614 	
4.08	0.316322 	-0.170379 	0.586375 	-0.210996 	-1.36775 	0.01773 	
4.085	0.31631 	-0.170385 	0.586368 	-0.21119 	-1.36789 	0.0179032 	
4.09	0.316299 	-0.170391 	0.586363 	-0.211382 	-1.36803 	0.018073 	
4.095	0.316287 	-0.170397 	0.586356 	-0.211577 	-1.36816 	0.0182475 	
4.1	0.316275 	-0.170404 	0.586351 	-0.21177 	-1.36831 	0.0184185 	
4.105	0.316263 	-0.170409 	0.586344 	-0.211966 	-1.36844 	0.018594 	
4.11	0.316252 	-0.170416 	0.586339 	-0.212159 	-1.36858 	0.0187662 	
4.115	0.31624 	-0.170421 	0.586332 	-0.212355 	-1.36872 	0.018943 	
4.12	0.316228 	-0.170427 	0.586326 	-0.21255 	-1.36886 	0.019118 	
4.125	0.316216 	-0.170432 	0.586319 	-0.212747 	-1.36899 	0.019297 	
4.13	0.316204 	-0.170438 	0.586315 	-0.212941 	-1.36914 	0.0194696 	
4.135	0.316191 	-0.170444 	0.586309 	-0.213138 	-1.36927 	0.0196469 	
4.14	0.316179 	-0.17045 	0.586306 	-0.213331 	-1.36942 	0.0198183 	
4.145	0.316166 	-0.170456 	0.586301 	-0.213527 	-1.36956 	0.0199944 	
4.15	0.316153 	-0.170463 	0.586299 	-0.21372 	-1.36972 	0.020165 	
4.155	0.31614 	-0.170469 	0.586295 	-0.213916 	-1.36986 	0.0203405 	
4.16	0.316127 	-0.170476 	0.586293 	-0.21411 	-1.37001 	0.0205108 	
4.165	0.316114 	-0.170482 	0.586289 	-0.214306 	-1.37016 	0.0206861 	
4.17	0.316101 	-0.170489 	0.586288 	-0.2145 	-1.37031 	0.0208563 	
4.175	0.316087 	-0.170495 	0.586284 	-0.214696 	-1.37046 	0.0210317 	
4.18	0.316074 	-0.170502 	0.586284 	-0.21489 	-1.37061 	0.0212021 	
4.185	0.31606 	-0.170509 	0.58628 	-0.215087 	-1.37076 	0.0213777 	
4.19	0.316046 	-0.170516 	0.586279 	-0.215282 	-1.37092 	0.0215486 	
4.195	0.316032 	-0.170522 	0.586275 	-0.21548 	-1.37106 	0.0217246 	
4.2	0.316019 	-0.170529 	0.586275 	-0.215675 	-1.37122 	0.0218959 	
4.205	0.316004 	-0.170536 	0.586271 	-0.215873 	-1.37136 	0.0220725 	
4.21	0.315991 	-0.170543 	0.586271 	-0.216069 	-1.37152 	0.0222444 	
4.215	0.315976 	-0.170549 	0.586267 	-0.216267 	-1.37167 	0.0224216 	
4.22	0.315962 	-0.170556 	0.586266 	-0.216464 	-1.37182 	0.0225942 	
4.225	0.315947 	-0.170563 	0.586262 	-0.216663 	-1.37197 	0.0227719 	
4.23	0.315933 	-0.17057 	0.586262 	-0.21686 	-1.37213 	0.0229452 	
4.235	0.315918 	-0.170576 	0.586258 	-0.217061 	-1.37227 	0.0231237 	
4.24	0.315904 	-0.170583 	0.586257 	-0.217258 	-1.37243 	0.0232977 	
4.245	0.315889 	-0.17059 	0.586253 	-0.217459 	-1.37257 	0.0234769 	
4.25	0.315875 	-0.170597 	0.586253 	-0.217658 	-1.37273 	0.0236516 	
4.255	0.31586 	-0.170603 	0.586248 	-0.217859 	-1.37287 	0.0238315 	
4.26	0.315845 	-0.17061 	0.586248 	-0.218058 	-1.37303 	0.0240069 	
4.265	0.31583 	-0.170617 	0.586244 	-0.21826 	-1.37318 	0.0241873 	
4.27	0.315816 	-0.170624 	0.586243 	-0.21846 	-1.37333 	0.0243633 	
4.275	0.315801 	-0.17063 	0.586239 	-0.218663 	-1.37348 	0.0245446 	
4.28	0.315787 	-0.170637 	0.586239 	-0.218863 	-1.37363 	0.0247215 	
4.285	0.315771 	-0.170644 	0.586234 	-0.219067 	-1.37378 	0.0249044 	
4.29	0.315757 	-0.17065 	0.586233 	-0.219269 	-1.37393 	0.0250853 	
4.295	0.315742 	-0.170656 	0.586227 	-0.219475 	-1.37407 	0.0252717 	
4.3	0.315727 	-0.170662 	0.586225 	-0.219679 	-1.37422 	0.0254558 	
4.305	0.315712 	-0.170667 	0.586219 	-0.219885 	-1.37436 	0.0256452 	
4.31	0.315698 	-0.170672 	0.586216 	-0.22009 	-1.37451 	0.025832 	
4.315	0.315683 	-0.170677 	0.58621 	-0.220298 	-1.37465 	0.0260238 	
4.32	0.315668 	-0.170682 	0.586207 	-0.220504 	-1.37479 	0.0262129 	
4.325	0.315653 	-0.170687 	0.586201 	-0.220713 	-1.37493 	0.0264069 	
4.33	0.315639 	-0.170691 	0.586197 	-0.22092 	-1.37508 	0.0265979 	
4.335	0.315624 	-0.170695 	0.58619 	-0.22113 	-1.37521 	0.0267937 	
4.34	0.31561 	-0.1707 	0.586187 	-0.221338 	-1.37536 	0.0269863 	
4.345	0.315595 	-0.170704 	0.58618 	-0.221549 	-1.37549 	0.0271837 	
4.35	0.315581 	-0.170708 	0.586177 	-0.221758 	-1.37564 	0.0273779 	
4.355	0.315566 	-0.170712 	0.58617 	-0.221969 	-1.37578 	0.0275759 	
4.36	0.315552 	-0.170717 	0.586166 	-0.222179 	-1.37592 	0.0277685 	
4.365	0.315538 	-0.170722 	0.586158 	-0.222391 	-1.37605 	0.027965 	
4.37	0.315524 	-0.170727 	0.586153 	-0.222601 	-1.37619 	0.0281557 	
4.375	0.315509 	-0.170733 	0.586146 	-0.222813 	-1.37633 	0.0283503 	
4.38	0.315495 	-0.170739 	0.586141 	-0.223023 	-1.37647 	0.0285394 	
4.385	0.315481 	-0.170745 	0.586133 	-0.223236 	-1.3766 	0.0287324 	
4.39	0.315467 	-0.170752 	0.586128 	-0.223446 	-1.37674 	0.0289188 	
4.395	0.315453 	-0.170759 	0.586123 	-0.223657 	-1.37688 	0.029107 	
4.4	0.31544 	-0.170766 	0.58612 	-0.223867 	-1.37703 	0.0292922 	
4.405	0.315426 	-0.170773 	0.586115 	-0.224078 	-1.37717 	0.0294801 	
4.41	0.315412 	-0.170781 	0.586111 	-0.224289 	-1.37732 	0.0296665 	
4.415	0.315398 	-0.170788 	0.586106 	-0.224501 	-1.37745 	0.0298551 	
4.42	0.315384 	-0.170795 	0.586101 	-0.224713 	-1.3776 	0.0300421 	
4.425	0.31537 	-0.170803 	0.586095 	-0.224926 	-1.37773 	0.0302306 	
4.43	0.315356 	-0.170811 	0.58609 	-0.225139 	-1.37787 	0.0304163 	
4.435	0.315342 	-0.170818 	0.586083 	-0.225353 	-1.37801 	0.0306044 	
4.44	0.315328 	-0.170827 	0.586077 	-0.225565 	-1.37815 	0.0307897 	
4.445	0.315314 	-0.170835 	0.58607 	-0.22578 	-1.37828 	0.0309775 	
4.45	0.315301 	-0.170844 	0.586065 	-0.225993 	-1.37842 	0.0311625 	
4.455	0.315287 	-0.170852 	0.586058 	-0.226208 	-1.37855 	0.03135 	
4.46	0.315273 	-0.170861 	0.586052 	-0.226423 	-1.37869 	0.0315346 	
4.465	0.315259 	-0.170869 	0.586044 	-0.226638 	-1.37883 	0.0317219 	
4.47	0.315245 	-0.170879 	0.586039 	-0.226853 	-1.37896 	0.0319063 	
4.475	0.315231 	-0.170887 	0.586031 	-0.227069 	-1.3791 	0.0320943 	
4.48	0.315218 	-0.170896 	0.586026 	-0.227284 	-1.37924 	0.0322821 	
4.485	0.315204 	-0.170903 	0.586019 	-0.227501 	-1.37937 	0.0324734 	
4.49	0.315191 	-0.170911 	0.586014 	-0.227718 	-1.37951 	0.0326645 	
4.495	0.315177 	-0.170918 	0.586007 	-0.227936 	-1.37965 	0.0328591 	
4.5	0.315164 	-0.170926 	0.586002 	-0.228153 	-1.37979 	0.0330501 	
4.505	0.31515 	-0.170934 	0.585995 	-0.228371 	-1.37992 	0.0332433 	
4.51	0.315137 	-0.170942 	0.58599 	-0.228589 	-1.38006 	0.0334334 	
4.515	0.315123 	-0.17095 	0.585983 	-0.228808 	-1.38019 	0.0336258 	
4.52	0.31511 	-0.170959 	0.585978 	-0.229026 	-1.38033 	0.033815 	
4.525	0.315096 	-0.170967 	0.585971 	-0.229245 	-1.38047 	0.0340068 	
4.53	0.315083 	-0.170976 	0.585965 	-0.229463 	-1.38061 	0.0341954 	
4.535	0.315069 	-0.170985 	0.585958 	-0.229683 	-1.38074 	0.0343866 	
4.54	0.315055 	-0.170994 	0.585953 	-0.229902 	-1.38088 	0.0345751 	
4.545	0.315042 	-0.171002 	0.585946 	-0.230122 	-1.38102 	0.034768 	
4.55	0.315028 	-0.17101 	0.585942 	-0.230342 	-1.38116 	0.0349604 	
4.555	0.315015 	-0.171018 	0.585935 	-0.230564 	-1.38129 	0.0351571 	
4.56	0.315001 	-0.171025 	0.585931 	-0.230785 	-1.38143 	0.0353532 	
4.565	0.314988 	-0.171032 	0.585925 	-0.231007 	-1.38157 	0.0355533 	
4.57	0.314974 	-0.171039 	0.58592 	-0.23123 	-1.38171 	0.0357528 	
4.575	0.314961 	-0.171045 	0.585914 	-0.231453 	-1.38185 	0.0359562 	
4.58	0.314948 	-0.171051 	0.58591 	-0.231677 	-1.38199 	0.0361587 	
4.585	0.314934 	-0.171056 	0.585904 	-0.231902 	-1.38213 	0.0363649 	
4.59	0.314921 	-0.171062 	0.5859 	-0.232126 	-1.38227 	0.0365701 	
4.595	0.314907 	-0.171067 	0.585895 	-0.232352 	-1.38241 	0.0367789 	
4.6	0.314894 	-0.171072 	0.585891 	-0.232577 	-1.38256 	0.0369865 	
4.605	0.314881 	-0.171077 	0.585885 	-0.232804 	-1.38269 	0.0371975 	
4.61	0.314867 	-0.171081 	0.585881 	-0.23303 	-1.38284 	0.0374072 	
4.615	0.314854 	-0.171086 	0.585876 	-0.233258 	-1.38298 	0.0376202 	
4.62	0.314841 	-0.17109 	0.585872 	-0.233485 	-1.38312 	0.0378318 	
4.625	0.314827 	-0.171094 	0.585866 	-0.233714 	-1.38326 	0.0380458 	
4.63	0.314814 	-0.171099 	0.585862 	-0.233941 	-1.3834 	0.0382561 	
4.635	0.3148 	-0.171104 	0.585857 	-0.23417 	-1.38354 	0.0384698 	
4.64	0.314787 	-0.171109 	0.585853 	-0.234399 	-1.38369 	0.0386806 	
4.645	0.314773 	-0.171114 	0.585847 	-0.234628 	-1.38382 	0.0388933 	
4.65	0.31476 	-0.171119 	0.585844 	-0.234857 	-1.38397 	0.0391029 	
4.655	0.314746 	-0.171124 	0.585838 	-0.235087 	-1.38411 	0.0393148 	
4.66	0.314733 	-0.17113 	0.585834 	-0.235316 	-1.38425 	0.0395238 	
4.665	0.314719 	-0.171136 	0.585829 	-0.235546 	-1.38439 	0.0397353 	
4.67	0.314706 	-0.171142 	0.585825 	-0.235776 	-1.38453 	0.0399441 	
4.675	0.314692 	-0.171148 	0.585819 	-0.236007 	-1.38467 	0.040156 	
4.68	0.314679 	-0.171154 	0.585816 	-0.236238 	-1.38482 	0.0403663 	
4.685	0.314665 	-0.171159 	0.58581 	-0.23647 	-1.38495 	0.0405794 	
4.69	0.314651 	-0.171165 	0.585807 	-0.236701 	-1.3851 	0.0407905 	
4.695	0.314638 	-0.17117 	0.585801 	-0.236934 	-1.38524 	0.0410069 	
4.7	0.314625 	-0.171174 	0.585797 	-0.237167 	-1.38538 	0.0412243 	
4.705	0.314611 	-0.17118 	0.585793 	-0.2374 	-1.38552 	0.0414385 	
4.71	0.314598 	-0.171186 	0.585788 	-0.237633 	-1.38566 	0.0416508 	
4.715	0.314585 	-0.171192 	0.585783 	-0.237866 	-1.3858 	0.0418634 	
4.72	0.314572 	-0.171197 	0.585778 	-0.238101 	-1.38594 	0.0420795 	
4.725	0.314559 	-0.171202 	0.585772 	-0.238336 	-1.38608 	0.0422991 	
4.73	0.314546 	-0.171206 	0.585766 	-0.238573 	-1.38621 	0.0425214 	
4.735	0.314533 	-0.171209 	0.585759 	-0.23881 	-1.38635 	0.0427473 	
4.74	0.31452 	-0.171212 	0.585751 	-0.239048 	-1.38648 	0.0429759 	
4.745	0.314508 	-0.171214 	0.585744 	-0.239288 	-1.38661 	0.0432076 	
4.75	0.314495 	-0.171216 	0.585736 	-0.239528 	-1.38674 	0.0434415 	
4.755	0.314482 	-0.171218 	0.585729 	-0.239768 	-1.38687 	0.0436749 	
4.76	0.31447 	-0.17122 	0.585723 	-0.240007 	-1.38701 	0.0439042 	
4.765	0.314458 	-0.171222 	0.585713 	-0.240249 	-1.38713 	0.0441394 	
4.77	0.314446 	-0.171225 	0.585706 	-0.240489 	-1.38726 	0.0443679 	
4.775	0.314434 	-0.171229 	0.585697 	-0.24073 	-1.38739 	0.0445951 	
4.78	0.314423 	-0.171238 	0.585692 	-0.240966 	-1.38753 	0.044803 	
4.785	0.314412 	-0.171246 	0.585687 	-0.241202 	-1.38767 	0.04501 	
4.79	0.314405 	-0.171258 	0.58569 	-0.241434 	-1.38783 	0.0452026 	
4.795	0.314397 	-0.171269 	0.58569 	-0.241666 	-1.38799 	0.0453983 	
4.8	0.314391 	-0.171283 	0.585695 	-0.241897 	-1.38816 	0.0455843 	
4.805	0.314384 	-0.171295 	0.585697 	-0.242129 	-1.38832 	0.0457738 	
4.81	0.314379 	-0.17131 	0.585703 	-0.242358 	-1.38849 	0.0459538 	
4.815	0.314372 	-0.171323 	0.585705 	-0.242591 	-1.38865 	0.0461433 	
4.82	0.314364 	-0.171336 	0.585708 	-0.242823 	-1.38881 	0.0463316 	
4.825	0.314356 	-0.171349 	0.585707 	-0.243058 	-1.38897 	0.046526 	
4.83	0.314348 	-0.171361 	0.585708 	-0.243293 	-1.38912 	0.0467215 	
4.835	0.314338 	-0.171371 	0.585705 	-0.24353 	-1.38927 	0.0469228 	
4.84	0.314329 	-0.171382 	0.585705 	-0.243768 	-1.38942 	0.0471251 	
4.845	0.314318 	-0.171392 	0.585702 	-0.244007 	-1.38957 	0.0473307 	
4.85	0.314308 	-0.171402 	0.5857 	-0.244246 	-1.38972 	0.0475361 	
4.855	0.314297 	-0.171412 	0.585697 	-0.244486 	-1.38986 	0.0477451 	
4.86	0.314286 	-0.171421 	0.585696 	-0.244727 	-1.39001 	0.0479532 	
4.865	0.314274 	-0.17143 	0.585692 	-0.244968 	-1.39016 	0.0481648 	
4.87	0.314263 	-0.17144 	0.585691 	-0.24521 	-1.39031 	0.0483756 	
4.875	0.314251 	-0.171448 	0.585687 	-0.245453 	-1.39045 	0.0485899 	
4.88	0.314239 	-0.171457 	0.585685 	-0.245696 	-1.3906 	0.0488034 	
4.885	0.314227 	-0.171465 	0.585682 	-0.24594 	-1.39074 	0.0490204 	
4.89	0.314215 	-0.171474 	0.58568 	-0.246184 	-1.39089 	0.0492368 	
4.895	0.314202 	-0.171481 	0.585676 	-0.246429 	-1.39104 	0.0494563 	
4.9	0.31419 	-0.171489 	0.585675 	-0.246675 	-1.39119 	0.0496744 	
4.905	0.314177 	-0.171497 	0.585671 	-0.246921 	-1.39133 	0.0498963 	
4.91	0.314165 	-0.171504 	0.585669 	-0.247168 	-1.39148 	0.0501178 	
4.915	0.314152 	-0.171511 	0.585665 	-0.247416 	-1.39162 	0.0503428 	
4.92	0.314139 	-0.171518 	0.585664 	-0.247664 	-1.39177 	0.0505675 	
4.925	0.314126 	-0.171524 	0.58566 	-0.247913 	-1.39192 	0.0507957 	
4.93	0.314113 	-0.17153 	0.585659 	-0.248162 	-1.39207 	0.0510236 	
4.935	0.3141 	-0.171536 	0.585656 	-0.248412 	-1.39221 	0.0512549 	
4.94	0.314088 	-0.171542 	0.585655 	-0.248663 	-1.39236 	0.0514859 	
4.945	0.314074 	-0.171547 	0.585651 	-0.248915 	-1.39251 	0.0517195 	
4.95	0.314061 	-0.171553 	0.58565 	-0.249166 	-1.39266 	0.0519506 	
4.955	0.314048 	-0.171558 	0.585646 	-0.249418 	-1.3928 	0.0521844 	
4.96	0.314035 	-0.171564 	0.585645 	-0.24967 	-1.39295 	0.0524158 	
4.965	0.314021 	-0.17157 	0.585641 	-0.249924 	-1.3931 	0.05265 	
4.97	0.314008 	-0.171576 	0.58564 	-0.250177 	-1.39325 	0.0528822 	
4.975	0.313995 	-0.171581 	0.585636 	-0.250431 	-1.39339 	0.0531171 	
4.98	0.313981 	-0.171588 	0.585634 	-0.250685 	-1.39354 	0.0533502 	
4.985	0.313968 	-0.171593 	0.585631 	-0.25094 	-1.39368 	0.0535862 	
4.99	0.313954 	-0.171599 	0.585629 	-0.251194 	-1.39383 	0.0538206 	
4.995	0.313941 	-0.171605 	0.585625 	-0.251451 	-1.39398 	0.0540577 	
5	0.313927 	-0.17161 	0.585624 	-0.251706 	-1.39413 	0.0542935 	
5.005	0.313914 	-0.171616 	0.58562 	-0.251963 	-1.39427 	0.0545322 	
5.01	0.3139 	-0.171622 	0.585619 	-0.25222 	-1.39442 	0.0547696 	
5.015	0.313886 	-0.171627 	0.585615 	-0.252478 	-1.39456 	0.0550099 	
5.02	0.313873 	-0.171632 	0.585614 	-0.252736 	-1.39471 	0.0552492 	
5.025	0.313859 	-0.171637 	0.58561 	-0.252996 	-1.39486 	0.0554917 	
5.03	0.313846 	-0.171642 	0.585609 	-0.253255 	-1.39501 	0.0557337 	
5.035	0.313832 	-0.171646 	0.585606 	-0.253515 	-1.39515 	0.0559784 	
5.04	0.313819 	-0.171651 	0.585605 	-0.253776 	-1.39531 	0.0562226 	
5.045	0.313805 	-0.171655 	0.585601 	-0.254037 	-1.39545 	0.0564697 	
5.05	0.313792 	-0.171659 	0.585601 	-0.254299 	-1.3956 	0.0567159 	
5.055	0.313778 	-0.171663 	0.585597 	-0.254561 	-1.39575 	0.0569651 	
5.06	0.313765 	-0.171667 	0.585597 	-0.254824 	-1.3959 	0.0572134 	
5.065	0.313751 	-0.171671 	0.585593 	-0.255087 	-1.39604 	0.0574636 	
5.07	0.313738 	-0.171676 	0.585592 	-0.25535 	-1.39619 	0.0577095 	
5.075	0.313724 	-0.171681 	0.585588 	-0.255614 	-1.39634 	0.0579569 	
5.08	0.31371 	-0.171686 	0.585587 	-0.255878 	-1.39649 	0.0582003 	
5.085	0.313696 	-0.171692 	0.585582 	-0.256142 	-1.39663 	0.0584451 	
5.09	0.313683 	-0.171699 	0.58558 	-0.256405 	-1.39677 	0.0586856 	
5.095	0.313668 	-0.171705 	0.585575 	-0.25667 	-1.39691 	0.0589294 	
5.1	0.313655 	-0.171711 	0.585574 	-0.256935 	-1.39706 	0.0591736 	
5.105	0.313641 	-0.171717 	0.58557 	-0.2572 	-1.3972 	0.059421 	
5.11	0.313627 	-0.171722 	0.585568 	-0.257467 	-1.39736 	0.0596685 	
5.115	0.313613 	-0.171727 	0.585565 	-0.257734 	-1.3975 	0.0599197 	
5.12	0.3136 	-0.171732 	0.585564 	-0.258002 	-1.39765 	0.0601709 	
5.125	0.313586 	-0.171736 	0.58556 	-0.258271 	-1.39779 	0.0604257 	
5.13	0.313573 	-0.17174 	0.58556 	-0.25854 	-1.39795 	0.0606804 	
5.135	0.313559 	-0.171743 	0.585557 	-0.25881 	-1.39809 	0.0609384 	
5.14	0.313546 	-0.171747 	0.585556 	-0.259081 	-1.39824 	0.0611962 	
5.145	0.313532 	-0.17175 	0.585553 	-0.259353 	-1.39839 	0.061457 	
5.15	0.313519 	-0.171753 	0.585553 	-0.259625 	-1.39854 	0.0617177 	
5.155	0.313505 	-0.171755 	0.58555 	-0.259898 	-1.39869 	0.0619812 	
5.16	0.313492 	-0.171758 	0.58555 	-0.260171 	-1.39884 	0.0622449 	
5.165	0.313478 	-0.17176 	0.585547 	-0.260445 	-1.39899 	0.0625115 	
5.17	0.313464 	-0.171763 	0.585546 	-0.260719 	-1.39914 	0.0627746 	
5.175	0.31345 	-0.171764 	0.585543 	-0.260995 	-1.39928 	0.0630444 	
5.18	0.313436 	-0.171766 	0.585543 	-0.261271 	-1.39944 	0.0633127 	
5.185	0.313422 	-0.171767 	0.585539 	-0.261548 	-1.39958 	0.0635839 	
5.19	0.313408 	-0.171769 	0.585539 	-0.261825 	-1.39973 	0.0638542 	
5.195	0.313394 	-0.17177 	0.585536 	-0.262103 	-1.39988 	0.0641271 	
5.2	0.31338 	-0.171771 	0.585536 	-0.262382 	-1.40003 	0.0643992 	
5.205	0.313366 	-0.171772 	0.585533 	-0.262661 	-1.40018 	0.0646734 	
5.21	0.313352 	-0.171774 	0.585532 	-0.26294 	-1.40033 	0.0649454 	
5.215	0.313338 	-0.171776 	0.585528 	-0.26322 	-1.40047 	0.0652194 	
5.22	0.313323 	-0.171778 	0.585527 	-0.2635 	-1.40062 	0.0654915 	
5.225	0.313309 	-0.171779 	0.585523 	-0.26378 	-1.40076 	0.0657643 	
5.23	0.313294 	-0.171783 	0.585521 	-0.26406 	-1.40091 	0.0660318 	
5.235	0.313279 	-0.171786 	0.585516 	-0.264341 	-1.40105 	0.0663019 	
5.24	0.313264 	-0.171789 	0.585514 	-0.264622 	-1.4012 	0.0665721 	
5.245	0.313249 	-0.171791 	0.58551 	-0.264904 	-1.40134 	0.0668448 	
5.25	0.313234 	-0.171794 	0.585508 	-0.265186 	-1.40149 	0.0671175 	
5.255	0.313219 	-0.171796 	0.585503 	-0.265469 	-1.40163 	0.0673926 	
5.26	0.313204 	-0.171798 	0.585502 	-0.265753 	-1.40177 	0.0676677 	
5.265	0.313188 	-0.1718 	0.585497 	-0.266038 	-1.40191 	0.0679451 	
5.27	0.313173 	-0.171802 	0.585496 	-0.266323 	-1.40206 	0.0682226 	
5.275	0.313158 	-0.171804 	0.585491 	-0.266608 	-1.4022 	0.0685022 	
5.28	0.313142 	-0.171805 	0.58549 	-0.266895 	-1.40235 	0.0687819 	
5.285	0.313127 	-0.171807 	0.585485 	-0.267181 	-1.40249 	0.0690619 	
5.29	0.313112 	-0.17181 	0.585484 	-0.267468 	-1.40264 	0.0693372 	
5.295	0.313096 	-0.171813 	0.58548 	-0.267754 	-1.40278 	0.0696128 	
5.3	0.313082 	-0.171818 	0.585479 	-0.26804 	-1.40293 	0.0698828 	
5.305	0.313067 	-0.171822 	0.585475 	-0.268326 	-1.40307 	0.0701534 	
5.31	0.313052 	-0.171828 	0.585473 	-0.268613 	-1.40322 	0.0704202 	
5.315	0.313037 	-0.171833 	0.585469 	-0.268899 	-1.40336 	0.0706879 	
5.32	0.313022 	-0.17184 	0.585467 	-0.269186 	-1.40351 	0.0709518 	
5.325	0.313007 	-0.171846 	0.585462 	-0.269472 	-1.40365 	0.0712167 	
5.33	0.312993 	-0.171854 	0.58546 	-0.269759 	-1.4038 	0.0714782 	
5.335	0.312978 	-0.171861 	0.585455 	-0.270046 	-1.40394 	0.0717407 	
5.34	0.312964 	-0.171869 	0.585453 	-0.270333 	-1.40408 	0.0720006 	
5.345	0.312949 	-0.171877 	0.585448 	-0.27062 	-1.40422 	0.0722643 	
5.35	0.312935 	-0.171883 	0.585445 	-0.270909 	-1.40436 	0.0725313 	
5.355	0.312921 	-0.171889 	0.585437 	-0.271198 	-1.40449 	0.0728021 	
5.36	0.312907 	-0.171897 	0.585435 	-0.271487 	-1.40464 	0.0730632 	
5.365	0.312893 	-0.171902 	0.585426 	-0.271777 	-1.40476 	0.0733351 	
5.37	0.31288 	-0.171912 	0.585427 	-0.272067 	-1.40492 	0.0735928 	
5.375	0.312869 	-0.171914 	0.585413 	-0.272358 	-1.40502 	0.0738749 	
5.38	0.312858 	-0.171916 	0.585405 	-0.272652 	-1.40515 	0.0741615 	
5.385	0.312847 	-0.171917 	0.585395 	-0.272946 	-1.40527 	0.0744511 	
5.39	0.312837 	-0.171919 	0.585389 	-0.273241 	-1.4054 	0.0747394 	
5.395	0.312827 	-0.171917 	0.585384 	-0.273539 	-1.40554 	0.0750408 	
5.4	0.312819 	-0.171917 	0.585379 	-0.273837 	-1.40568 	0.0753372 	
5.405	0.312811 	-0.171923 	0.585382 	-0.274132 	-1.40584 	0.0756096 	
5.41	0.312803 	-0.171929 	0.58538 	-0.274426 	-1.40598 	0.075883 	
5.415	0.312796 	-0.171942 	0.585387 	-0.274719 	-1.40616 	0.0761313 	
5.42	0.312789 	-0.171953 	0.58539 	-0.275012 	-1.40632 	0.0763871 	
5.425	0.31278 	-0.171966 	0.585396 	-0.275306 	-1.40649 	0.0766387 	
5.43	0.312771 	-0.171976 	0.585396 	-0.2756 	-1.40664 	0.0768973 	
5.435	0.312762 	-0.171988 	0.585401 	-0.275895 	-1.40681 	0.0771526 	
5.44	0.312751 	-0.171998 	0.5854 	-0.276191 	-1.40696 	0.0774167 	
5.445	0.312741 	-0.172008 	0.585403 	-0.276488 	-1.40712 	0.0776786 	
5.45	0.312729 	-0.172017 	0.585401 	-0.276785 	-1.40727 	0.0779458 	
5.455	0.312718 	-0.172026 	0.585402 	-0.277084 	-1.40743 	0.0782154 	
5.46	0.312705 	-0.172034 	0.5854 	-0.277383 	-1.40757 	0.0784883 	
5.465	0.312693 	-0.172043 	0.5854 	-0.277683 	-1.40773 	0.0787584 	
5.47	0.31268 	-0.17205 	0.585397 	-0.277983 	-1.40787 	0.0790317 	
5.475	0.312668 	-0.172059 	0.585396 	-0.278283 	-1.40802 	0.0793023 	
5.48	0.312654 	-0.172067 	0.585392 	-0.278584 	-1.40816 	0.0795764 	
5.485	0.312641 	-0.172077 	0.585391 	-0.278885 	-1.40831 	0.0798479 	
5.49	0.312628 	-0.172085 	0.585387 	-0.279187 	-1.40845 	0.0801226 	
5.495	0.312615 	-0.172094 	0.585385 	-0.279489 	-1.40859 	0.0803945 	
5.5	0.312601 	-0.172102 	0.585381 	-0.279792 	-1.40873 	0.0806689 	
5.505	0.312587 	-0.172112 	0.58538 	-0.280095 	-1.40888 	0.0809423 	
5.51	0.312573 	-0.17212 	0.585375 	-0.280399 	-1.40902 	0.0812179 	
5.515	0.31256 	-0.17213 	0.585374 	-0.280704 	-1.40917 	0.0814913 	
5.52	0.312546 	-0.172139 	0.585369 	-0.281008 	-1.40931 	0.0817669 	
5.525	0.312532 	-0.172148 	0.585368 	-0.281314 	-1.40945 	0.0820409 	
5.53	0.312517 	-0.172157 	0.585363 	-0.281619 	-1.40959 	0.0823168 	
5.535	0.312503 	-0.172167 	0.585361 	-0.281926 	-1.40974 	0.0825911 	
5.54	0.312489 	-0.172176 	0.585355 	-0.282232 	-1.40987 	0.0828695 	
5.545	0.312475 	-0.172184 	0.585352 	-0.28254 	-1.41001 	0.0831507 	
5.55	0.31246 	-0.172192 	0.585348 	-0.282849 	-1.41015 	0.0834309 	
5.555	0.312446 	-0.1722 	0.585342 	-0.283157 	-1.41029 	0.0837153 	
5.56	0.312432 	-0.172207 	0.585337 	-0.283467 	-1.41042 	0.0840028 	
5.565	0.312418 	-0.172213 	0.585332 	-0.283778 	-1.41056 	0.0842915 	
5.57	0.312404 	-0.17222 	0.585328 	-0.28409 	-1.4107 	0.0845827 	
5.575	0.31239 	-0.172224 	0.58532 	-0.284402 	-1.41082 	0.0848801 	
5.58	0.312375 	-0.17223 	0.585319 	-0.284719 	-1.41098 	0.085178 	
5.585	0.312364 	-0.172231 	0.58531 	-0.285033 	-1.4111 	0.0854876 	
5.59	0.312349 	-0.172241 	0.585325 	-0.285356 	-1.4113 	0.0857774 	
5.595	0.312334 	-0.172249 	0.585336 	-0.285678 	-1.41149 	0.0860702 	
5.6	0.312321 	-0.172255 	0.585348 	-0.286003 	-1.41168 	0.086374 	
5.605	0.31231 	-0.172259 	0.585363 	-0.286332 	-1.41189 	0.0866892 	
5.61	0.3123 	-0.172271 	0.585375 	-0.286653 	-1.41208 	0.0869723 	
5.615	0.312284 	-0.17227 	0.58538 	-0.286983 	-1.41225 	0.087304 	
5.62	0.312258 	-0.172279 	0.58536 	-0.287292 	-1.41233 	0.087584 	
5.625	0.312223 	-0.172276 	0.585326 	-0.287604 	-1.41238 	0.0879099 	
5.63	0.312177 	-0.17228 	0.585267 	-0.287899 	-1.41234 	0.0881992 	
5.635	0.312131 	-0.172271 	0.585213 	-0.288208 	-1.41232 	0.0885442 	
5.64	0.312089 	-0.17226 	0.585162 	-0.288518 	-1.41231 	0.0888925 	
5.645	0.312065 	-0.172255 	0.585147 	-0.288843 	-1.41242 	0.0892366 	
5.65	0.312078 	-0.172253 	0.585193 	-0.289198 	-1.41272 	0.0895913 	
5.655	0.312124 	-0.172257 	0.585305 	-0.289585 	-1.41323 	0.0899519 	
5.66	0.312193 	-0.172261 	0.585451 	-0.28999 	-1.41385 	0.0903224 	
5.665	0.312246 	-0.172267 	0.585571 	-0.290384 	-1.41439 	0.090683 	
5.67	0.312285 	-0.172268 	0.585658 	-0.290764 	-1.41481 	0.0910459 	
5.675	0.312316 	-0.172269 	0.585729 	-0.291136 	-1.41519 	0.0914044 	
5.68	0.312342 	-0.172269 	0.585788 	-0.291504 	-1.41553 	0.0917639 	
5.685	0.312359 	-0.172266 	0.585832 	-0.291866 	-1.41582 	0.0921286 	
5.69	0.312372 	-0.172263 	0.585869 	-0.292226 	-1.41609 	0.0924912 	
5.695	0.312382 	-0.172259 	0.5859 	-0.292584 	-1.41634 	0.0928537 	
5.7	0.31239 	-0.172256 	0.585925 	-0.292939 	-1.41656 	0.0932145 	
5.705	0.312394 	-0.172252 	0.585944 	-0.293292 	-1.41677 	0.0935741 	
5.71	0.312396 	-0.172249 	0.585958 	-0.293643 	-1.41697 	0.0939311 	
5.715	0.312397 	-0.172246 	0.585972 	-0.293994 	-1.41716 	0.0942868 	
5.72	0.312396 	-0.172244 	0.585981 	-0.294342 	-1.41734 	0.0946401 	
5.725	0.312393 	-0.172244 	0.585989 	-0.294689 	-1.41752 	0.0949834 	
5.73	0.312386 	-0.172251 	0.585991 	-0.295027 	-1.41767 	0.0952958 	
5.735	0.312378 	-0.172263 	0.585992 	-0.295362 	-1.41782 	0.0955921 	
5.74	0.312367 	-0.172275 	0.585988 	-0.295694 	-1.41796 	0.0958827 	
5.745	0.312353 	-0.172293 	0.585981 	-0.296021 	-1.41809 	0.0961526 	
5.75	0.312338 	-0.17231 	0.585971 	-0.296346 	-1.41821 	0.0964217 	
5.755	0.312324 	-0.172329 	0.585965 	-0.296674 	-1.41834 	0.0966891 	
5.76	0.312307 	-0.172353 	0.585956 	-0.296996 	-1.41846 	0.0969325 	
5.765	0.312291 	-0.172378 	0.585948 	-0.297318 	-1.41859 	0.0971729 	
5.77	0.312273 	-0.172406 	0.585939 	-0.297638 	-1.41871 	0.0974024 	
5.775	0.312255 	-0.172436 	0.585929 	-0.297957 	-1.41883 	0.0976249 	
5.78	0.312237 	-0.172465 	0.58592 	-0.298276 	-1.41895 	0.0978504 	
5.785	0.312222 	-0.172488 	0.585915 	-0.298605 	-1.41908 	0.0981053 	
5.79	0.312211 	-0.172511 	0.585916 	-0.298938 	-1.41924 	0.0983629 	
5.795	0.312197 	-0.172528 	0.585911 	-0.299273 	-1.41937 	0.0986415 	
5.8	0.312183 	-0.172547 	0.585905 	-0.299607 	-1.41951 	0.0989153 	
5.805	0.312169 	-0.172563 	0.585899 	-0.299941 	-1.41963 	0.099195 	
5.81	0.312155 	-0.172579 	0.585892 	-0.300277 	-1.41976 	0.0994813 	
5.815	0.312142 	-0.172593 	0.585885 	-0.300615 	-1.41989 	0.0997724 	
5.82	0.312128 	-0.172606 	0.585878 	-0.300954 	-1.42002 	0.100069 	
5.825	0.312114 	-0.172618 	0.58587 	-0.301294 	-1.42015 	0.10037 	
5.83	0.312101 	-0.172629 	0.585864 	-0.301637 	-1.42028 	0.100676 	
5.835	0.312087 	-0.172639 	0.585856 	-0.301979 	-1.4204 	0.100985 	
5.84	0.312073 	-0.172649 	0.585849 	-0.302324 	-1.42053 	0.101297 	
5.845	0.31206 	-0.172658 	0.585841 	-0.302669 	-1.42066 	0.101613 	
5.85	0.312046 	-0.172666 	0.585833 	-0.303015 	-1.42078 	0.101933 	
5.855	0.312029 	-0.172671 	0.585821 	-0.30336 	-1.42089 	0.102261 	
5.86	0.312014 	-0.172676 	0.585809 	-0.303707 	-1.421 	0.102593 	
5.865	0.311997 	-0.172679 	0.585794 	-0.304053 	-1.42111 	0.102928 	
5.87	0.311976 	-0.172681 	0.585773 	-0.304395 	-1.42119 	0.103265 	
5.875	0.311955 	-0.172683 	0.585752 	-0.304738 	-1.42127 	0.103604 	
5.88	0.311936 	-0.172684 	0.585734 	-0.305084 	-1.42136 	0.103947 	
5.885	0.311918 	-0.172684 	0.585717 	-0.305432 	-1.42146 	0.104294 	
5.89	0.3119 	-0.172684 	0.585702 	-0.305784 	-1.42156 	0.104647 	
5.895	0.311884 	-0.172684 	0.585688 	-0.306137 	-1.42167 	0.105003 	
5.9	0.311868 	-0.172682 	0.585676 	-0.306493 	-1.42178 	0.105364 	
5.905	0.311853 	-0.17268 	0.585664 	-0.30685 	-1.42189 	0.105727 	
5.91	0.311838 	-0.172678 	0.585654 	-0.30721 	-1.42201 	0.106094 	
5.915	0.311824 	-0.172675 	0.585644 	-0.307571 	-1.42212 	0.106463 	
5.92	0.31181 	-0.172672 	0.585635 	-0.307934 	-1.42225 	0.106836 	
5.925	0.311797 	-0.172669 	0.585626 	-0.308298 	-1.42237 	0.107209 	
5.93	0.311784 	-0.172665 	0.585619 	-0.308664 	-1.4225 	0.107587 	
5.935	0.311771 	-0.172662 	0.585611 	-0.30903 	-1.42262 	0.107964 	
5.94	0.311759 	-0.172658 	0.585605 	-0.309399 	-1.42275 	0.108345 	
5.945	0.311746 	-0.172654 	0.585598 	-0.309767 	-1.42288 	0.108725 	
5.95	0.311735 	-0.17265 	0.585592 	-0.310138 	-1.42301 	0.109109 	
5.955	0.311723 	-0.172646 	0.585585 	-0.310509 	-1.42314 	0.109492 	
5.96	0.311711 	-0.172642 	0.58558 	-0.310882 	-1.42327 	0.109878 	
5.965	0.311699 	-0.172637 	0.585574 	-0.311254 	-1.4234 	0.110265 	
5.97	0.311688 	-0.172633 	0.585569 	-0.311629 	-1.42353 	0.110652 	
5.975	0.311676 	-0.172629 	0.585563 	-0.312002 	-1.42366 	0.111038 	
5.98	0.311665 	-0.172625 	0.585557 	-0.312378 	-1.4238 	0.111425 	
5.985	0.311653 	-0.172621 	0.585551 	-0.312752 	-1.42392 	0.111811 	
5.99	0.311642 	-0.172618 	0.585546 	-0.313129 	-1.42406 	0.112198 	
5.995	0.311631 	-0.172614 	0.58554 	-0.313504 	-1.42419 	0.112585 	
6	0.311619 	-0.172611 	0.585535 	-0.313882 	-1.42432 	0.112973 	
6.005	0.311608 	-0.172608 	0.585529 	-0.31426 	-1.42445 	0.113361 	
6.01	0.311597 	-0.172603 	0.585525 	-0.314641 	-1.42459 	0.113755 	
6.015	0.311586 	-0.172599 	0.585519 	-0.315021 	-1.42472 	0.11415 	
