0	0.0375657 	-0.00170152 	-0.0284831 	4.31391e-06 	-0.00180521 	8.30314e-05 	
0.005	0.185079 	-0.00838305 	-0.140331 	2.12538e-05 	-0.00889393 	0.00040908 	
0.01	0.321796 	-0.0145756 	-0.243993 	3.69539e-05 	-0.0154638 	0.000711265 	
0.015	0.448506 	-0.0203148 	-0.340067 	5.15049e-05 	-0.0215529 	0.000991334 	
0.02	0.565942 	-0.025634 	-0.42911 	6.49908e-05 	-0.0271963 	0.0012509 	
0.025	0.674784 	-0.0305639 	-0.511636 	7.74893e-05 	-0.0324266 	0.00149147 	
0.03	0.775659 	-0.0351329 	-0.588121 	8.90722e-05 	-0.0372742 	0.00171444 	
0.035	0.869152 	-0.0393675 	-0.659007 	9.98062e-05 	-0.041767 	0.00192108 	
0.04	0.955802 	-0.0432921 	-0.724705 	0.000109753 	-0.045931 	0.00211259 	
0.045	1.03611 	-0.0469294 	-0.785593 	0.000118971 	-0.0497903 	0.00229009 	
0.05	1.11054 	-0.0503004 	-0.842024 	0.000127512 	-0.0533672 	0.00245459 	
0.055	1.17953 	-0.0534247 	-0.894324 	0.000135427 	-0.0566823 	0.00260705 	
0.06	1.24346 	-0.0563202 	-0.942794 	0.000142759 	-0.0597549 	0.00274834 	
0.065	1.30272 	-0.0590037 	-0.987716 	0.000149553 	-0.0626026 	0.00287929 	
0.07	1.35764 	-0.0614907 	-1.02935 	0.000155846 	-0.0652419 	0.00300065 	
0.075	1.40854 	-0.0637956 	-1.06793 	0.000161676 	-0.0676882 	0.00311313 	
0.08	1.45572 	-0.0659317 	-1.10369 	0.000167076 	-0.0699555 	0.00321736 	
0.085	1.49944 	-0.0679113 	-1.13683 	0.000172077 	-0.0720569 	0.00331397 	
0.09	1.53997 	-0.069746 	-1.16754 	0.000176708 	-0.0740047 	0.00340349 	
0.095	1.57753 	-0.0714462 	-1.19601 	0.000180997 	-0.0758099 	0.00348646 	
0.1	1.61234 	-0.0730219 	-1.22238 	0.000184967 	-0.0774832 	0.00356334 	
0.105	1.6446 	-0.0744821 	-1.24683 	0.000188642 	-0.0790341 	0.00363459 	
0.11	1.67451 	-0.0758353 	-1.26948 	0.000192043 	-0.0804715 	0.00370062 	
0.115	1.70223 	-0.0770893 	-1.29047 	0.00019519 	-0.0818039 	0.00376181 	
0.12	1.72791 	-0.0782514 	-1.30992 	0.000198102 	-0.083039 	0.00381851 	
0.125	1.75173 	-0.0793282 	-1.32795 	0.000200795 	-0.0841837 	0.00387105 	
0.13	1.7738 	-0.0803261 	-1.34466 	0.000203285 	-0.0852448 	0.00391974 	
0.135	1.79425 	-0.0812507 	-1.36013 	0.000205586 	-0.0862284 	0.00396485 	
0.14	1.81321 	-0.0821075 	-1.37448 	0.000207713 	-0.0871401 	0.00400665 	
0.145	1.83078 	-0.0829013 	-1.38777 	0.000209678 	-0.0879853 	0.00404538 	
0.15	1.84707 	-0.0836369 	-1.40008 	0.000211492 	-0.0887688 	0.00408127 	
0.155	1.86217 	-0.0843184 	-1.41149 	0.000213167 	-0.0894951 	0.00411451 	
0.16	1.87617 	-0.0849498 	-1.42206 	0.000214712 	-0.0901684 	0.00414531 	
0.165	1.88763 	-0.0842351 	-1.43408 	0.000276783 	-0.090796 	0.00416465 	
0.17	1.89996 	-0.0848384 	-1.44332 	0.000274948 	-0.0913872 	0.00419008 	
0.175	1.91133 	-0.085411 	-1.45181 	0.000272387 	-0.0919344 	0.00421317 	
0.18	1.92179 	-0.0859334 	-1.45962 	0.000270341 	-0.092439 	0.00423453 	
0.185	1.93149 	-0.0864174 	-1.46685 	0.000268437 	-0.0929068 	0.00425431 	
0.19	1.94048 	-0.0868656 	-1.47355 	0.000266663 	-0.0933406 	0.00427263 	
0.195	1.94881 	-0.0872808 	-1.47976 	0.000265011 	-0.0937429 	0.00428959 	
0.2	1.95654 	-0.0876654 	-1.4855 	0.00026347 	-0.0941159 	0.0043053 	
0.205	1.9637 	-0.0880215 	-1.49082 	0.000262033 	-0.0944619 	0.00431984 	
0.21	1.97034 	-0.0883513 	-1.49575 	0.000260692 	-0.0947827 	0.0043333 	
0.215	1.97649 	-0.0886566 	-1.50031 	0.00025944 	-0.0950804 	0.00434576 	
0.22	1.9822 	-0.0889392 	-1.50453 	0.00025827 	-0.0953564 	0.00435729 	
0.225	1.98592 	-0.0878591 	-1.51074 	0.00032012 	-0.0956159 	0.00435882 	
0.23	1.99113 	-0.0881669 	-1.51452 	0.000315748 	-0.0958658 	0.00436773 	
0.235	1.99591 	-0.0884653 	-1.51795 	0.000310841 	-0.0960968 	0.0043755 	
0.24	2.00027 	-0.0887337 	-1.52106 	0.000306616 	-0.0963085 	0.00438265 	
0.245	2.0043 	-0.088982 	-1.52394 	0.00030269 	-0.0965048 	0.00438926 	
0.25	2.00804 	-0.0892119 	-1.5266 	0.000299041 	-0.0966871 	0.00439536 	
0.255	2.01152 	-0.0894245 	-1.52906 	0.000295647 	-0.0968563 	0.004401 	
0.26	2.01474 	-0.0896212 	-1.53134 	0.000292491 	-0.0970135 	0.00440621 	
0.265	2.01772 	-0.0898032 	-1.53344 	0.000289554 	-0.0971594 	0.00441102 	
0.27	2.0205 	-0.0899714 	-1.53538 	0.000286821 	-0.0972949 	0.00441545 	
0.275	2.02137 	-0.0886863 	-1.53966 	0.000352219 	-0.0974244 	0.00441009 	
0.28	2.02409 	-0.0889023 	-1.54149 	0.00034617 	-0.0975548 	0.00441285 	
0.285	2.02655 	-0.089116 	-1.54311 	0.000339669 	-0.0976748 	0.00441486 	
0.29	2.02875 	-0.089305 	-1.54453 	0.000333998 	-0.0977833 	0.00441667 	
0.295	2.03079 	-0.0894797 	-1.54584 	0.000328729 	-0.0978842 	0.00441833 	
0.3	2.03268 	-0.0896411 	-1.54705 	0.000323834 	-0.097978 	0.00441984 	
0.305	2.03444 	-0.0897904 	-1.54817 	0.000319285 	-0.0980653 	0.00442121 	
0.31	2.03607 	-0.0899282 	-1.54919 	0.000315056 	-0.0981465 	0.00442247 	
0.315	2.03595 	-0.08868 	-1.55252 	0.000376349 	-0.0982255 	0.00441495 	
0.32	2.03767 	-0.0888668 	-1.55355 	0.000369153 	-0.0983085 	0.00441501 	
0.325	2.03922 	-0.089053 	-1.55442 	0.000361615 	-0.0983848 	0.00441453 	
0.33	2.04057 	-0.0892169 	-1.55517 	0.000354961 	-0.0984531 	0.00441403 	
0.335	2.04182 	-0.0893684 	-1.55585 	0.000348782 	-0.0985167 	0.00441354 	
0.34	2.04299 	-0.0895083 	-1.55647 	0.000343041 	-0.098576 	0.00441306 	
0.345	2.04408 	-0.0896374 	-1.55704 	0.000337707 	-0.0986314 	0.00441259 	
0.35	2.04347 	-0.0884108 	-1.5599 	0.000396894 	-0.0986863 	0.004404 	
0.355	2.04472 	-0.0885889 	-1.56053 	0.000388794 	-0.0987469 	0.00440259 	
0.36	2.04583 	-0.0887669 	-1.56104 	0.000380427 	-0.0988025 	0.00440075 	
0.365	2.04677 	-0.0889233 	-1.56144 	0.000372999 	-0.0988516 	0.00439898 	
0.37	2.04766 	-0.0890678 	-1.56181 	0.000366099 	-0.0988976 	0.00439731 	
0.375	2.04848 	-0.0892011 	-1.56214 	0.000359691 	-0.0989405 	0.00439573 	
0.38	2.04924 	-0.0893242 	-1.56244 	0.000353737 	-0.0989808 	0.00439424 	
0.385	2.0482 	-0.0879776 	-1.56526 	0.00041817 	-0.0990222 	0.0043844 	
0.39	2.04921 	-0.0881575 	-1.56568 	0.000409169 	-0.0990714 	0.00438202 	
0.395	2.05009 	-0.0883378 	-1.56597 	0.000399908 	-0.0991161 	0.00437922 	
0.4	2.05081 	-0.0884953 	-1.56617 	0.000391696 	-0.0991548 	0.00437655 	
0.405	2.05149 	-0.0886407 	-1.56635 	0.00038407 	-0.099191 	0.00437404 	
0.41	2.05212 	-0.0887748 	-1.5665 	0.000376988 	-0.0992251 	0.00437169 	
0.415	2.05104 	-0.0875266 	-1.56905 	0.000436511 	-0.0992605 	0.00436193 	
0.42	2.05191 	-0.0877114 	-1.56933 	0.00042676 	-0.0993034 	0.00435885 	
0.425	2.05266 	-0.0878958 	-1.5695 	0.000416836 	-0.0993426 	0.00435543 	
0.43	2.05328 	-0.0880577 	-1.56959 	0.000407981 	-0.0993764 	0.00435217 	
0.435	2.05385 	-0.088207 	-1.56967 	0.00039976 	-0.0994082 	0.00434911 	
0.44	2.05439 	-0.0883448 	-1.56972 	0.000392126 	-0.0994381 	0.00434625 	
0.445	2.05313 	-0.0870293 	-1.57232 	0.000454928 	-0.0994699 	0.00433604 	
0.45	2.05395 	-0.0872218 	-1.57253 	0.000444457 	-0.0995104 	0.00433246 	
0.455	2.05465 	-0.0874138 	-1.57264 	0.000433825 	-0.0995471 	0.00432852 	
0.46	2.05521 	-0.087582 	-1.57266 	0.000424345 	-0.0995783 	0.00432478 	
0.465	2.05573 	-0.0877372 	-1.57266 	0.000415543 	-0.0996077 	0.00432128 	
0.47	2.05621 	-0.0878803 	-1.57266 	0.000407372 	-0.0996355 	0.004318 	
0.475	2.0548 	-0.0864863 	-1.57536 	0.000474153 	-0.0996656 	0.00430742 	
0.48	2.05561 	-0.0866889 	-1.57554 	0.000462928 	-0.0997056 	0.00430341 	
0.485	2.05628 	-0.0868908 	-1.5756 	0.00045155 	-0.0997414 	0.00429901 	
0.49	2.05681 	-0.0870672 	-1.57557 	0.000441416 	-0.0997716 	0.00429483 	
0.495	2.05731 	-0.0872299 	-1.57553 	0.00043201 	-0.0998 	0.00429092 	
0.5	2.05609 	-0.0860199 	-1.57791 	0.000489952 	-0.0998302 	0.00428098 	
0.505	2.05685 	-0.0862299 	-1.57802 	0.000478126 	-0.0998687 	0.00427653 	
0.51	2.0575 	-0.0864378 	-1.57804 	0.000466261 	-0.0999038 	0.00427177 	
0.515	2.05802 	-0.0866212 	-1.57798 	0.000455617 	-0.0999337 	0.00426727 	
0.52	2.0585 	-0.0867903 	-1.57792 	0.000445738 	-0.0999621 	0.00426306 	
0.525	2.05723 	-0.0855538 	-1.58035 	0.000505205 	-0.0999923 	0.00425308 	
0.53	2.058 	-0.0857717 	-1.58045 	0.000492839 	-0.100031 	0.00424834 	
0.535	2.05865 	-0.0859871 	-1.58045 	0.000480451 	-0.100067 	0.00424328 	
0.54	2.05917 	-0.086177 	-1.58037 	0.000469339 	-0.100097 	0.00423848 	
0.545	2.05966 	-0.0863522 	-1.58029 	0.000459026 	-0.100125 	0.004234 	
0.55	2.05831 	-0.0850712 	-1.5828 	0.000520971 	-0.100156 	0.00422399 	
0.555	2.05909 	-0.0852978 	-1.5829 	0.000508042 	-0.100196 	0.00421896 	
0.56	2.05976 	-0.0855217 	-1.58288 	0.000495098 	-0.100232 	0.00421359 	
0.565	2.06028 	-0.0857188 	-1.58279 	0.000483495 	-0.100262 	0.0042085 	
0.57	2.06078 	-0.0859006 	-1.58269 	0.000472728 	-0.100291 	0.00420374 	
0.575	2.05936 	-0.084576 	-1.5853 	0.000537171 	-0.100322 	0.00419375 	
0.58	2.06017 	-0.0848119 	-1.58539 	0.000523655 	-0.100364 	0.00418844 	
0.585	2.06086 	-0.0850447 	-1.58537 	0.000510134 	-0.100401 	0.00418275 	
0.59	2.06139 	-0.0852496 	-1.58526 	0.000498021 	-0.100432 	0.00417736 	
0.595	2.06189 	-0.0854385 	-1.58515 	0.000486783 	-0.100461 	0.00417233 	
0.6	2.06041 	-0.0840727 	-1.58785 	0.000553655 	-0.100493 	0.00416242 	
0.605	2.06125 	-0.0843183 	-1.58795 	0.000539539 	-0.100536 	0.00415681 	
0.61	2.06196 	-0.0845604 	-1.58792 	0.000525428 	-0.100574 	0.00415081 	
0.615	2.0625 	-0.0847733 	-1.5878 	0.000512795 	-0.100606 	0.00414511 	
0.62	2.06135 	-0.0836736 	-1.59006 	0.000566529 	-0.10064 	0.00413583 	
0.625	2.06215 	-0.0839252 	-1.5901 	0.000551944 	-0.100681 	0.00412981 	
0.63	2.06284 	-0.0841715 	-1.59004 	0.000537512 	-0.100719 	0.00412354 	
0.635	2.0634 	-0.0843904 	-1.58992 	0.00052449 	-0.100752 	0.00411761 	
0.64	2.06225 	-0.0832956 	-1.59219 	0.000578252 	-0.100786 	0.00410849 	
0.645	2.06306 	-0.0835528 	-1.59222 	0.000563297 	-0.100828 	0.00410226 	
0.65	2.06376 	-0.0838043 	-1.59216 	0.000548516 	-0.100867 	0.00409578 	
0.655	2.06433 	-0.084028 	-1.59204 	0.000535174 	-0.1009 	0.00408965 	
0.66	2.06315 	-0.0829138 	-1.59435 	0.000590228 	-0.100935 	0.00408068 	
0.665	2.06398 	-0.083177 	-1.59439 	0.000574889 	-0.100978 	0.00407424 	
0.67	2.0647 	-0.0834344 	-1.59433 	0.000559731 	-0.101018 	0.00406754 	
0.675	2.06528 	-0.0836631 	-1.5942 	0.000546055 	-0.101052 	0.0040612 	
0.68	2.06407 	-0.0825286 	-1.59657 	0.000602473 	-0.101087 	0.00405241 	
0.685	2.06492 	-0.0827981 	-1.59661 	0.000586731 	-0.101131 	0.00404576 	
0.69	2.06565 	-0.0830616 	-1.59655 	0.000571177 	-0.101172 	0.00403882 	
0.695	2.06625 	-0.0832957 	-1.59641 	0.000557148 	-0.101206 	0.00403226 	
0.7	2.06501 	-0.0821422 	-1.59884 	0.000614891 	-0.101243 	0.00402366 	
0.705	2.06588 	-0.0824183 	-1.59888 	0.000598731 	-0.101288 	0.00401679 	
0.71	2.06663 	-0.0826882 	-1.59882 	0.000582767 	-0.101329 	0.00400961 	
0.715	2.06723 	-0.0829278 	-1.59868 	0.000568373 	-0.101365 	0.00400282 	
0.72	2.06596 	-0.0817568 	-1.60116 	0.000627393 	-0.101402 	0.00399444 	
0.725	2.06686 	-0.0820397 	-1.6012 	0.000610806 	-0.101448 	0.00398734 	
0.73	2.06762 	-0.0823161 	-1.60114 	0.000594423 	-0.10149 	0.00397992 	
0.735	2.06824 	-0.0825613 	-1.60099 	0.000579657 	-0.101526 	0.00397289 	
0.74	2.06694 	-0.0813743 	-1.60352 	0.000639908 	-0.101564 	0.00396475 	
0.745	2.06785 	-0.081664 	-1.60357 	0.000622888 	-0.101611 	0.00395742 	
0.75	2.06863 	-0.0819469 	-1.60351 	0.000606082 	-0.101654 	0.00394974 	
0.755	2.06926 	-0.0821978 	-1.60336 	0.000590938 	-0.101691 	0.00394247 	
0.76	2.06793 	-0.0809961 	-1.60594 	0.000652377 	-0.101729 	0.00393461 	
0.765	2.06887 	-0.0812926 	-1.60599 	0.000634921 	-0.101778 	0.00392704 	
0.77	2.06967 	-0.081582 	-1.60592 	0.000617691 	-0.101822 	0.0039191 	
0.775	2.07031 	-0.0818387 	-1.60577 	0.000602168 	-0.101859 	0.00391158 	
0.78	2.06895 	-0.0806236 	-1.6084 	0.000664752 	-0.101898 	0.00390403 	
0.785	2.06991 	-0.0809269 	-1.60845 	0.000646861 	-0.101948 	0.00389621 	
0.79	2.07072 	-0.0812228 	-1.60839 	0.000629206 	-0.101993 	0.00388802 	
0.795	2.07137 	-0.0814853 	-1.60823 	0.000613304 	-0.102031 	0.00388025 	
0.8	2.06999 	-0.0802581 	-1.61091 	0.00067699 	-0.10207 	0.00387303 	
0.805	2.07097 	-0.0805681 	-1.61096 	0.000658666 	-0.102121 	0.00386497 	
0.81	2.0718 	-0.0808705 	-1.61089 	0.000640588 	-0.102167 	0.00385651 	
0.815	2.07246 	-0.0811386 	-1.61073 	0.000624308 	-0.102205 	0.00384848 	
0.82	2.07105 	-0.0799007 	-1.61346 	0.000689056 	-0.102246 	0.00384164 	
0.825	2.07205 	-0.0802173 	-1.61351 	0.000670302 	-0.102297 	0.00383333 	
0.83	2.07289 	-0.0805261 	-1.61345 	0.000651804 	-0.102344 	0.00382461 	
0.835	2.07357 	-0.0807998 	-1.61328 	0.000635149 	-0.102383 	0.00381632 	
0.84	2.07213 	-0.0795524 	-1.61605 	0.000700918 	-0.102424 	0.00380987 	
0.845	2.07315 	-0.0798755 	-1.61611 	0.000681737 	-0.102477 	0.00380132 	
0.85	2.07401 	-0.0801905 	-1.61604 	0.000662823 	-0.102524 	0.00379233 	
0.855	2.07469 	-0.0804697 	-1.61587 	0.000645796 	-0.102564 	0.00378378 	
0.86	2.07323 	-0.0792142 	-1.61868 	0.000712546 	-0.102605 	0.00377776 	
0.865	2.07427 	-0.0795436 	-1.61875 	0.000692943 	-0.102659 	0.00376896 	
0.87	2.07514 	-0.0798648 	-1.61868 	0.000673618 	-0.102707 	0.0037597 	
0.875	2.07584 	-0.0801494 	-1.61851 	0.000656224 	-0.102747 	0.0037509 	
0.88	2.07435 	-0.0788869 	-1.62136 	0.000723912 	-0.102789 	0.00374532 	
0.885	2.07541 	-0.0792226 	-1.62142 	0.000703894 	-0.102844 	0.00373628 	
0.89	2.07629 	-0.0795498 	-1.62136 	0.000684164 	-0.102892 	0.00372675 	
0.895	2.07531 	-0.0786508 	-1.62355 	0.000732213 	-0.102936 	0.00372021 	
0.9	2.07628 	-0.07899 	-1.62353 	0.000711836 	-0.102988 	0.00371058 	
0.905	2.07713 	-0.0793179 	-1.62343 	0.000691972 	-0.103035 	0.00370079 	
0.91	2.07785 	-0.0796116 	-1.62326 	0.00067395 	-0.103077 	0.00369155 	
0.915	2.07638 	-0.0783742 	-1.62611 	0.000741273 	-0.10312 	0.00368676 	
0.92	2.07745 	-0.0787181 	-1.62617 	0.000720673 	-0.103175 	0.00367732 	
0.925	2.07835 	-0.079053 	-1.6261 	0.000700389 	-0.103225 	0.00366738 	
0.93	2.07735 	-0.0781523 	-1.62834 	0.000749331 	-0.10327 	0.00366146 	
0.935	2.07834 	-0.0784998 	-1.62833 	0.000728369 	-0.103322 	0.00365145 	
0.94	2.07921 	-0.0788356 	-1.62823 	0.000707937 	-0.103371 	0.00364124 	
0.945	2.07825 	-0.0779662 	-1.63042 	0.000755471 	-0.103416 	0.00363548 	
0.95	2.07924 	-0.078316 	-1.63041 	0.000734322 	-0.103469 	0.0036253 	
0.955	2.08012 	-0.0786538 	-1.6303 	0.000713727 	-0.103518 	0.00361495 	
0.96	2.07915 	-0.077786 	-1.63251 	0.000761529 	-0.103563 	0.0036095 	
0.965	2.08015 	-0.0781382 	-1.6325 	0.000740195 	-0.103616 	0.00359918 	
0.97	2.08104 	-0.0784783 	-1.6324 	0.00071942 	-0.103665 	0.00358869 	
0.975	2.08005 	-0.07761 	-1.63462 	0.000767624 	-0.103711 	0.00358357 	
0.98	2.08107 	-0.0779647 	-1.63461 	0.000746093 	-0.103765 	0.0035731 	
0.985	2.08196 	-0.0783074 	-1.63451 	0.000725124 	-0.103814 	0.00356245 	
0.99	2.08097 	-0.0774389 	-1.63675 	0.000773714 	-0.10386 	0.00355766 	
0.995	2.08199 	-0.0777964 	-1.63675 	0.000751974 	-0.103914 	0.00354705 	
1	2.08288 	-0.0781417 	-1.63664 	0.0007308 	-0.103964 	0.00353624 	
1.005	2.08188 	-0.0772738 	-1.6389 	0.000779747 	-0.10401 	0.00353178 	
1.01	2.08291 	-0.0776343 	-1.6389 	0.00075779 	-0.104064 	0.00352101 	
1.015	2.08382 	-0.0779824 	-1.6388 	0.000736405 	-0.104114 	0.00351004 	
1.02	2.08281 	-0.0771156 	-1.64107 	0.00078568 	-0.104161 	0.00350591 	
1.025	2.08384 	-0.077479 	-1.64107 	0.000763501 	-0.104216 	0.00349498 	
1.03	2.08475 	-0.07783 	-1.64097 	0.000741901 	-0.104266 	0.00348384 	
1.035	2.08374 	-0.076965 	-1.64326 	0.000791477 	-0.104312 	0.00348005 	
1.04	2.08478 	-0.0773314 	-1.64325 	0.000769074 	-0.104368 	0.00346896 	
1.045	2.0857 	-0.0776852 	-1.64315 	0.000747255 	-0.104418 	0.00345765 	
1.05	2.08467 	-0.0768227 	-1.64546 	0.000797107 	-0.104465 	0.0034542 	
1.055	2.08572 	-0.0771921 	-1.64545 	0.000774479 	-0.104521 	0.00344294 	
1.06	2.08664 	-0.0775487 	-1.64535 	0.00075244 	-0.104571 	0.00343146 	
1.065	2.08561 	-0.0766891 	-1.64767 	0.000802546 	-0.104618 	0.00342836 	
1.07	2.08667 	-0.0770614 	-1.64767 	0.000779692 	-0.104674 	0.00341693 	
1.075	2.08759 	-0.077421 	-1.64757 	0.000757435 	-0.104725 	0.00340527 	
1.08	2.08656 	-0.0765647 	-1.6499 	0.000807771 	-0.104773 	0.00340253 	
1.085	2.08762 	-0.07694 	-1.6499 	0.000784693 	-0.104829 	0.00339093 	
1.09	2.08855 	-0.0773023 	-1.64979 	0.000762219 	-0.10488 	0.0033791 	
1.095	2.0875 	-0.07645 	-1.65214 	0.000812764 	-0.104928 	0.00337671 	
1.1	2.08857 	-0.0768281 	-1.65214 	0.000789465 	-0.104984 	0.00336496 	
1.105	2.08951 	-0.0771932 	-1.65203 	0.000766776 	-0.105035 	0.00335295 	
1.11	2.08846 	-0.0763452 	-1.65439 	0.000817509 	-0.105083 	0.00335093 	
1.115	2.08953 	-0.0767262 	-1.65439 	0.000793992 	-0.10514 	0.003339 	
1.12	2.09047 	-0.077094 	-1.65428 	0.000771091 	-0.105192 	0.00332683 	
1.125	2.08941 	-0.0762508 	-1.65665 	0.000821991 	-0.105239 	0.00332517 	
1.13	2.09049 	-0.0766345 	-1.65665 	0.000798261 	-0.105296 	0.00331308 	
1.135	2.09143 	-0.0770049 	-1.65654 	0.000775152 	-0.105348 	0.00330074 	
1.14	2.09037 	-0.0761669 	-1.65891 	0.000826199 	-0.105396 	0.00329945 	
1.145	2.09145 	-0.0765532 	-1.65892 	0.000802259 	-0.105453 	0.0032872 	
1.15	2.0924 	-0.0769262 	-1.65881 	0.000778948 	-0.105505 	0.00327469 	
1.155	2.09133 	-0.0760939 	-1.66119 	0.000830122 	-0.105554 	0.00327378 	
1.16	2.09242 	-0.0764827 	-1.66119 	0.000805978 	-0.105611 	0.00326137 	
1.165	2.09337 	-0.0768581 	-1.66109 	0.000782469 	-0.105663 	0.00324869 	
1.17	2.0923 	-0.0760318 	-1.66348 	0.00083375 	-0.105711 	0.00324817 	
1.175	2.09339 	-0.0764231 	-1.66348 	0.000809406 	-0.105769 	0.0032356 	
1.18	2.09434 	-0.0768008 	-1.66338 	0.000785705 	-0.105821 	0.00322276 	
1.185	2.09326 	-0.075981 	-1.66577 	0.000837073 	-0.105869 	0.00322263 	
1.19	2.09436 	-0.0763746 	-1.66577 	0.000812537 	-0.105927 	0.0032099 	
1.195	2.09531 	-0.0767545 	-1.66567 	0.000788648 	-0.105979 	0.0031969 	
1.2	2.09423 	-0.0759415 	-1.66806 	0.000840085 	-0.106028 	0.00319716 	
1.205	2.09533 	-0.0763374 	-1.66806 	0.000815362 	-0.106086 	0.00318428 	
1.21	2.09628 	-0.0767194 	-1.66796 	0.000791292 	-0.106138 	0.00317112 	
1.215	2.0952 	-0.0759136 	-1.67036 	0.000842777 	-0.106186 	0.00317177 	
1.22	2.0963 	-0.0763116 	-1.67036 	0.000817874 	-0.106244 	0.00315875 	
1.225	2.09726 	-0.0766956 	-1.67026 	0.00079363 	-0.106297 	0.00314544 	
1.23	2.09617 	-0.0758973 	-1.67266 	0.000845145 	-0.106345 	0.00314648 	
1.235	2.09727 	-0.0762972 	-1.67267 	0.000820068 	-0.106403 	0.00313331 	
1.24	2.09823 	-0.0766832 	-1.67257 	0.000795656 	-0.106456 	0.00311985 	
1.245	2.09714 	-0.0758928 	-1.67497 	0.000847181 	-0.106504 	0.00312129 	
1.25	2.09824 	-0.0762945 	-1.67498 	0.000821938 	-0.106562 	0.00310798 	
1.255	2.0992 	-0.0766823 	-1.67487 	0.000797365 	-0.106615 	0.00309437 	
1.26	2.09811 	-0.0759 	-1.67728 	0.00084888 	-0.106664 	0.00309622 	
1.265	2.09921 	-0.0763035 	-1.67728 	0.000823479 	-0.106722 	0.00308277 	
1.27	2.10017 	-0.0766929 	-1.67718 	0.000798751 	-0.106774 	0.00306902 	
1.275	2.09908 	-0.0759192 	-1.67959 	0.000850239 	-0.106823 	0.00307127 	
1.28	2.10018 	-0.0763243 	-1.67959 	0.000824685 	-0.106881 	0.00305768 	
1.285	2.10114 	-0.0767152 	-1.67949 	0.000799811 	-0.106933 	0.0030438 	
1.29	2.10005 	-0.0759503 	-1.6819 	0.000851251 	-0.106982 	0.00304644 	
1.295	2.10115 	-0.0763569 	-1.6819 	0.000825554 	-0.10704 	0.00303273 	
1.3	2.10211 	-0.0767492 	-1.6818 	0.00080054 	-0.107092 	0.00301871 	
1.305	2.10102 	-0.0759933 	-1.6842 	0.000851914 	-0.107141 	0.00302176 	
1.31	2.10212 	-0.0764013 	-1.68421 	0.000826081 	-0.107199 	0.00300792 	
1.315	2.10308 	-0.0767949 	-1.68411 	0.000800936 	-0.107251 	0.00299377 	
1.32	2.10198 	-0.0760484 	-1.68651 	0.000852225 	-0.1073 	0.00299723 	
1.325	2.10308 	-0.0764575 	-1.68651 	0.000826263 	-0.107358 	0.00298326 	
1.33	2.10404 	-0.0768523 	-1.68641 	0.000800994 	-0.10741 	0.00296899 	
1.335	2.10295 	-0.0761154 	-1.68881 	0.000852179 	-0.107459 	0.00297285 	
1.34	2.10404 	-0.0765256 	-1.68882 	0.000826098 	-0.107516 	0.00295877 	
1.345	2.105 	-0.0769214 	-1.68871 	0.000800714 	-0.107569 	0.00294438 	
1.35	2.10391 	-0.0761944 	-1.69111 	0.000851775 	-0.107617 	0.00294863 	
1.355	2.105 	-0.0766056 	-1.69112 	0.000825583 	-0.107675 	0.00293444 	
1.36	2.10596 	-0.0770022 	-1.69101 	0.000800091 	-0.107727 	0.00291994 	
1.365	2.10487 	-0.0762854 	-1.6934 	0.000851011 	-0.107775 	0.00292459 	
1.37	2.10596 	-0.0766973 	-1.69341 	0.000824717 	-0.107833 	0.00291029 	
1.375	2.10692 	-0.0770947 	-1.69331 	0.000799125 	-0.107885 	0.00289569 	
1.38	2.10582 	-0.0763882 	-1.69569 	0.000849884 	-0.107933 	0.00290073 	
1.385	2.10691 	-0.0768008 	-1.6957 	0.000823497 	-0.10799 	0.00288633 	
1.39	2.10787 	-0.0771988 	-1.6956 	0.000797815 	-0.108042 	0.00287162 	
1.395	2.10677 	-0.0765028 	-1.69798 	0.000848394 	-0.10809 	0.00287705 	
1.4	2.10786 	-0.076916 	-1.69798 	0.000821922 	-0.108147 	0.00286256 	
1.405	2.10882 	-0.0773145 	-1.69788 	0.000796159 	-0.108199 	0.00284775 	
1.41	2.10772 	-0.0766292 	-1.70025 	0.00084654 	-0.108247 	0.00285357 	
1.415	2.10881 	-0.0770427 	-1.70026 	0.000819993 	-0.108304 	0.00283898 	
1.42	2.10976 	-0.0774416 	-1.70015 	0.000794157 	-0.108356 	0.00282409 	
1.425	2.10867 	-0.0767673 	-1.70252 	0.000844321 	-0.108403 	0.00283029 	
1.43	2.10975 	-0.077181 	-1.70252 	0.000817708 	-0.10846 	0.00281562 	
1.435	2.1107 	-0.07758 	-1.70242 	0.000791808 	-0.108511 	0.00280064 	
1.44	2.10961 	-0.0769169 	-1.70478 	0.000841738 	-0.108559 	0.00280721 	
1.445	2.11068 	-0.0773306 	-1.70478 	0.000815068 	-0.108615 	0.00279246 	
1.45	2.11163 	-0.0777297 	-1.70468 	0.000789114 	-0.108667 	0.00277741 	
1.455	2.11055 	-0.0770779 	-1.70702 	0.00083879 	-0.108714 	0.00278435 	
1.46	2.11162 	-0.0774915 	-1.70703 	0.000812074 	-0.10877 	0.00276953 	
1.465	2.11256 	-0.0778906 	-1.70693 	0.000786074 	-0.108821 	0.00275441 	
1.47	2.11148 	-0.0772501 	-1.70926 	0.000835479 	-0.108868 	0.00276171 	
1.475	2.11254 	-0.0776636 	-1.70926 	0.000808726 	-0.108924 	0.00274682 	
1.48	2.11348 	-0.0780624 	-1.70916 	0.000782691 	-0.108975 	0.00273164 	
1.485	2.1124 	-0.0774335 	-1.71149 	0.000831805 	-0.109021 	0.00273929 	
1.49	2.11346 	-0.0778466 	-1.71149 	0.000805025 	-0.109077 	0.00272434 	
1.495	2.11439 	-0.078245 	-1.71139 	0.000778965 	-0.109128 	0.0027091 	
1.5	2.11332 	-0.0776278 	-1.7137 	0.000827771 	-0.109174 	0.0027171 	
1.505	2.11438 	-0.0780404 	-1.7137 	0.000800974 	-0.109229 	0.0027021 	
1.51	2.1153 	-0.0784382 	-1.7136 	0.000774898 	-0.10928 	0.00268681 	
1.515	2.11424 	-0.0778329 	-1.7159 	0.000823378 	-0.109326 	0.00269515 	
1.52	2.11528 	-0.0782447 	-1.7159 	0.000796575 	-0.109381 	0.0026801 	
1.525	2.11621 	-0.078642 	-1.7158 	0.000770493 	-0.109431 	0.00266477 	
1.53	2.11514 	-0.0780485 	-1.71808 	0.000818629 	-0.109477 	0.00267344 	
1.535	2.11619 	-0.0784595 	-1.71808 	0.00079183 	-0.109531 	0.00265835 	
1.54	2.1171 	-0.0788559 	-1.71799 	0.000765753 	-0.109581 	0.00264298 	
1.545	2.11605 	-0.0782745 	-1.72025 	0.000813527 	-0.109627 	0.00265197 	
1.55	2.11708 	-0.0786845 	-1.72025 	0.000786743 	-0.109681 	0.00263685 	
1.555	2.11799 	-0.0790799 	-1.72015 	0.00076068 	-0.10973 	0.00262144 	
1.56	2.11694 	-0.0785106 	-1.7224 	0.000808075 	-0.109775 	0.00263075 	
1.565	2.11797 	-0.0789195 	-1.72241 	0.000781317 	-0.109829 	0.0026156 	
1.57	2.11887 	-0.0793138 	-1.72231 	0.000755279 	-0.109878 	0.00260017 	
1.575	2.11783 	-0.0787566 	-1.72454 	0.000802277 	-0.109923 	0.00260978 	
1.58	2.11885 	-0.0791641 	-1.72454 	0.000775555 	-0.109976 	0.00259461 	
1.585	2.11975 	-0.0795572 	-1.72444 	0.000749553 	-0.110025 	0.00257917 	
1.59	2.11871 	-0.0790122 	-1.72666 	0.000796137 	-0.11007 	0.00258906 	
1.595	2.11972 	-0.0794182 	-1.72666 	0.000769462 	-0.110123 	0.00257388 	
1.6	2.12061 	-0.0798098 	-1.72656 	0.000743506 	-0.110171 	0.00255843 	
1.605	2.11958 	-0.0792771 	-1.72876 	0.00078966 	-0.110215 	0.0025686 	
1.61	2.12059 	-0.0796816 	-1.72876 	0.000763043 	-0.110268 	0.00255341 	
1.615	2.12147 	-0.0800716 	-1.72866 	0.000737144 	-0.110315 	0.00253797 	
1.62	2.12045 	-0.0795512 	-1.73084 	0.00078285 	-0.110359 	0.00254841 	
1.625	2.12144 	-0.0799538 	-1.73084 	0.000756303 	-0.110411 	0.00253322 	
1.63	2.12232 	-0.0803421 	-1.73075 	0.000730472 	-0.110459 	0.00251778 	
1.635	2.12307 	-0.0806896 	-1.73057 	0.000707063 	-0.1105 	0.00250328 	
1.64	2.1215 	-0.0798998 	-1.73343 	0.000774525 	-0.110542 	0.00252267 	
1.645	2.12257 	-0.080301 	-1.73351 	0.000748181 	-0.110597 	0.0025082 	
1.65	2.12347 	-0.0806917 	-1.73345 	0.000722214 	-0.110646 	0.00249289 	
1.655	2.12242 	-0.0801749 	-1.73565 	0.000768852 	-0.110689 	0.00250462 	
1.66	2.1234 	-0.0805762 	-1.73565 	0.000742303 	-0.11074 	0.00248937 	
1.665	2.12426 	-0.0809635 	-1.73556 	0.000716445 	-0.110786 	0.00247384 	
1.67	2.12499 	-0.0813098 	-1.73538 	0.000693021 	-0.110827 	0.00245924 	
1.675	2.12345 	-0.0805592 	-1.73818 	0.000758944 	-0.110868 	0.00247925 	
1.68	2.12449 	-0.0809578 	-1.73825 	0.000732662 	-0.110922 	0.00246469 	
1.685	2.12538 	-0.0813459 	-1.73819 	0.000706762 	-0.110969 	0.00244932 	
1.69	2.1261 	-0.0816898 	-1.73802 	0.000683448 	-0.111009 	0.00243474 	
1.695	2.12453 	-0.0809392 	-1.74083 	0.00075026 	-0.11105 	0.00245577 	
1.7	2.12557 	-0.081337 	-1.74091 	0.000723986 	-0.111103 	0.00244121 	
1.705	2.12645 	-0.0817247 	-1.74085 	0.000698072 	-0.11115 	0.00242579 	
1.71	2.12716 	-0.0820679 	-1.74067 	0.000674754 	-0.11119 	0.00241116 	
1.715	2.12561 	-0.0813401 	-1.74345 	0.000740592 	-0.11123 	0.00243246 	
1.72	2.12663 	-0.0817363 	-1.74353 	0.000714365 	-0.111282 	0.00241786 	
1.725	2.1275 	-0.0821223 	-1.74346 	0.000688503 	-0.111329 	0.00240241 	
1.73	2.1282 	-0.0824643 	-1.74329 	0.000665227 	-0.111368 	0.00238777 	
1.735	2.12667 	-0.0817609 	-1.74602 	0.000729896 	-0.111407 	0.00240926 	
1.74	2.12768 	-0.0821547 	-1.74609 	0.000703776 	-0.111459 	0.00239464 	
1.745	2.12853 	-0.0825382 	-1.74603 	0.000678022 	-0.111505 	0.00237921 	
1.75	2.12923 	-0.0828781 	-1.74586 	0.000654838 	-0.111543 	0.0023646 	
1.755	2.12772 	-0.082199 	-1.74854 	0.000718308 	-0.111582 	0.00238624 	
1.76	2.12871 	-0.0825895 	-1.74861 	0.000692344 	-0.111633 	0.00237164 	
1.765	2.12955 	-0.0829699 	-1.74854 	0.000666747 	-0.111678 	0.00235627 	
1.77	2.13023 	-0.0833071 	-1.74837 	0.000643699 	-0.111715 	0.00234171 	
1.775	2.12876 	-0.0826518 	-1.75101 	0.000705949 	-0.111754 	0.00236347 	
1.78	2.12972 	-0.0830384 	-1.75107 	0.000680184 	-0.111804 	0.00234893 	
1.785	2.13055 	-0.0834151 	-1.75101 	0.000654786 	-0.111848 	0.00233364 	
1.79	2.13122 	-0.0837491 	-1.75084 	0.000631911 	-0.111885 	0.00231917 	
1.795	2.12978 	-0.0831172 	-1.75342 	0.000692916 	-0.111923 	0.00234103 	
1.8	2.13072 	-0.0834994 	-1.75348 	0.000667387 	-0.111972 	0.00232656 	
1.805	2.13153 	-0.0838718 	-1.75342 	0.000642224 	-0.112015 	0.00231138 	
1.81	2.1322 	-0.0842022 	-1.75325 	0.000619556 	-0.112051 	0.00229702 	
1.815	2.13078 	-0.0835934 	-1.75578 	0.000679287 	-0.112089 	0.00231894 	
1.82	2.1317 	-0.0839708 	-1.75584 	0.000654029 	-0.112136 	0.00230457 	
1.825	2.1325 	-0.0843385 	-1.75577 	0.000629133 	-0.112179 	0.00228952 	
1.83	2.13315 	-0.0846648 	-1.75561 	0.000606702 	-0.112215 	0.0022753 	
1.835	2.13176 	-0.0840788 	-1.75809 	0.000665127 	-0.112251 	0.00229723 	
1.84	2.13267 	-0.0844509 	-1.75814 	0.000640171 	-0.112298 	0.00228299 	
1.845	2.13345 	-0.0848135 	-1.75808 	0.000615573 	-0.112339 	0.00226808 	
1.85	2.13409 	-0.0851353 	-1.75792 	0.000593405 	-0.112375 	0.00225402 	
1.855	2.13273 	-0.084572 	-1.76034 	0.000650492 	-0.112411 	0.00227593 	
1.86	2.13361 	-0.0849383 	-1.76039 	0.000625865 	-0.112456 	0.00226183 	
1.865	2.13438 	-0.0852954 	-1.76033 	0.000601592 	-0.112497 	0.00224709 	
1.87	2.13501 	-0.0856126 	-1.76018 	0.000579712 	-0.112531 	0.0022332 	
1.875	2.13368 	-0.0850715 	-1.76254 	0.000635428 	-0.112566 	0.00225506 	
1.88	2.13454 	-0.0854318 	-1.76259 	0.000611158 	-0.112611 	0.00224111 	
1.885	2.13529 	-0.0857831 	-1.76252 	0.000587235 	-0.112651 	0.00222656 	
1.89	2.13591 	-0.0860951 	-1.76238 	0.000565667 	-0.112685 	0.00221286 	
1.895	2.13461 	-0.0855762 	-1.76468 	0.000619979 	-0.112719 	0.0022346 	
1.9	2.13545 	-0.0859301 	-1.76472 	0.000596089 	-0.112762 	0.00222083 	
1.905	2.13618 	-0.0862751 	-1.76466 	0.000572542 	-0.112801 	0.00220649 	
1.91	2.13679 	-0.0865818 	-1.76452 	0.000551308 	-0.112834 	0.00219299 	
1.915	2.13553 	-0.0860847 	-1.76677 	0.000604181 	-0.112868 	0.00221459 	
1.92	2.13634 	-0.0864319 	-1.7668 	0.000580697 	-0.11291 	0.002201 	
1.925	2.13706 	-0.0867705 	-1.76674 	0.00055755 	-0.112948 	0.00218689 	
1.93	2.13765 	-0.0870715 	-1.7666 	0.000536672 	-0.11298 	0.00217361 	
1.935	2.13642 	-0.0865959 	-1.76879 	0.000588072 	-0.113013 	0.002195 	
1.94	2.13722 	-0.0869361 	-1.76882 	0.000565017 	-0.113054 	0.00218163 	
1.945	2.13791 	-0.0872679 	-1.76877 	0.000542292 	-0.113091 	0.00216775 	
1.95	2.13849 	-0.0875631 	-1.76863 	0.00052179 	-0.113123 	0.00215471 	
1.955	2.13903 	-0.0878337 	-1.76849 	0.000502899 	-0.113153 	0.00214262 	
1.96	2.13743 	-0.0871983 	-1.77112 	0.000569394 	-0.113184 	0.00217208 	
1.965	2.13826 	-0.0875309 	-1.77121 	0.000546944 	-0.113226 	0.00215952 	
1.97	2.13896 	-0.0878584 	-1.77118 	0.00052454 	-0.113263 	0.002146 	
1.975	2.13952 	-0.0881472 	-1.77104 	0.000504448 	-0.113294 	0.00213319 	
1.98	2.14005 	-0.0884118 	-1.7709 	0.000485934 	-0.113322 	0.00212132 	
1.985	2.13847 	-0.0877953 	-1.77348 	0.000551432 	-0.113352 	0.00215094 	
1.99	2.13927 	-0.0881213 	-1.77357 	0.000529388 	-0.113393 	0.00213856 	
1.995	2.13995 	-0.0884426 	-1.77354 	0.000507372 	-0.113429 	0.00212525 	
2	2.1405 	-0.0887259 	-1.77341 	0.000487628 	-0.113459 	0.00211265 	
2.005	2.14101 	-0.0889857 	-1.77328 	0.000469433 	-0.113487 	0.00210097 	
2.01	2.13948 	-0.0884043 	-1.77576 	0.000532306 	-0.113516 	0.00212989 	
2.015	2.14025 	-0.0887224 	-1.77584 	0.000510748 	-0.113555 	0.0021177 	
2.02	2.14091 	-0.0890359 	-1.7758 	0.000489223 	-0.11359 	0.00210465 	
2.025	2.14144 	-0.0893127 	-1.77568 	0.000469907 	-0.113619 	0.00209231 	
2.03	2.14194 	-0.0895665 	-1.77555 	0.000452107 	-0.113646 	0.00208088 	
2.035	2.14048 	-0.0890208 	-1.77793 	0.000512178 	-0.113674 	0.00210897 	
2.04	2.14121 	-0.0893297 	-1.778 	0.00049119 	-0.113711 	0.00209703 	
2.045	2.14185 	-0.0896343 	-1.77796 	0.000470241 	-0.113745 	0.00208429 	
2.05	2.14236 	-0.0899034 	-1.77785 	0.000451429 	-0.113773 	0.00207227 	
2.055	2.14284 	-0.0901502 	-1.77772 	0.000434094 	-0.113799 	0.00206114 	
2.06	2.14145 	-0.0896393 	-1.77999 	0.000491322 	-0.113826 	0.00208833 	
2.065	2.14215 	-0.0899381 	-1.78005 	0.000470975 	-0.113862 	0.00207668 	
2.07	2.14276 	-0.0902327 	-1.78002 	0.000450669 	-0.113893 	0.0020643 	
2.075	2.14325 	-0.0904935 	-1.77991 	0.000432425 	-0.11392 	0.00205265 	
2.08	2.14371 	-0.0907325 	-1.77979 	0.000415611 	-0.113945 	0.00204186 	
2.085	2.14415 	-0.0909516 	-1.77967 	0.000400123 	-0.113969 	0.00203185 	
2.09	2.1425 	-0.0903362 	-1.78222 	0.000467788 	-0.113994 	0.00206517 	
2.095	2.14321 	-0.0906238 	-1.78233 	0.000448276 	-0.11403 	0.00205434 	
2.1	2.14381 	-0.09091 	-1.78231 	0.000428577 	-0.114061 	0.00204245 	
2.105	2.14428 	-0.0911613 	-1.78221 	0.000410968 	-0.114087 	0.0020312 	
2.11	2.14472 	-0.0913917 	-1.78209 	0.000394739 	-0.114111 	0.00202077 	
2.115	2.14513 	-0.0916029 	-1.78198 	0.000379789 	-0.114134 	0.0020111 	
2.12	2.14356 	-0.0910251 	-1.78442 	0.000444357 	-0.114157 	0.00204341 	
2.125	2.14422 	-0.0913013 	-1.78451 	0.000425573 	-0.114191 	0.0020329 	
2.13	2.14479 	-0.0915765 	-1.7845 	0.000406602 	-0.114221 	0.00202143 	
2.135	2.14524 	-0.0918184 	-1.7844 	0.000389632 	-0.114245 	0.00201058 	
2.14	2.14566 	-0.0920404 	-1.78429 	0.000373991 	-0.114268 	0.00200054 	
2.145	2.14606 	-0.0922438 	-1.78418 	0.00035958 	-0.11429 	0.00199123 	
2.15	2.14459 	-0.0917156 	-1.78646 	0.000419673 	-0.114312 	0.00202171 	
2.155	2.14521 	-0.0919787 	-1.78654 	0.000401735 	-0.114344 	0.00201157 	
2.16	2.14574 	-0.0922408 	-1.78652 	0.000383626 	-0.114372 	0.00200058 	
2.165	2.14617 	-0.0924718 	-1.78643 	0.00036741 	-0.114395 	0.00199023 	
2.17	2.14657 	-0.0926838 	-1.78633 	0.000352461 	-0.114417 	0.00198064 	
2.175	2.14694 	-0.0928781 	-1.78623 	0.000338687 	-0.114437 	0.00197175 	
2.18	2.14729 	-0.0930561 	-1.78613 	0.000326001 	-0.114456 	0.00196351 	
2.185	2.14568 	-0.0924699 	-1.78855 	0.000392091 	-0.114477 	0.00199789 	
2.19	2.14628 	-0.0927178 	-1.78866 	0.000375235 	-0.114507 	0.00198858 	
2.195	2.1468 	-0.092967 	-1.78866 	0.000358035 	-0.114534 	0.00197822 	
2.2	2.1472 	-0.0931854 	-1.78857 	0.000342694 	-0.114555 	0.00196843 	
2.205	2.14757 	-0.0933858 	-1.78848 	0.00032855 	-0.114576 	0.00195936 	
2.21	2.14792 	-0.0935696 	-1.78839 	0.000315516 	-0.114594 	0.00195095 	
2.215	2.14824 	-0.0937381 	-1.7883 	0.000303508 	-0.114612 	0.00194316 	
2.22	2.14676 	-0.0932097 	-1.79052 	0.000364085 	-0.114631 	0.00197509 	
2.225	2.14731 	-0.0934413 	-1.79061 	0.000348289 	-0.114659 	0.00196625 	
2.23	2.14778 	-0.0936744 	-1.79061 	0.000332173 	-0.114684 	0.00195651 	
2.235	2.14815 	-0.0938793 	-1.79053 	0.000317779 	-0.114704 	0.00194734 	
2.24	2.1485 	-0.0940673 	-1.79045 	0.000304505 	-0.114722 	0.00193884 	
2.245	2.14883 	-0.0942399 	-1.79037 	0.00029227 	-0.11474 	0.00193097 	
2.25	2.14913 	-0.0943982 	-1.79029 	0.000280996 	-0.114757 	0.00192367 	
2.255	2.14941 	-0.0945431 	-1.7902 	0.000270612 	-0.114772 	0.00191691 	
2.26	2.14789 	-0.0939983 	-1.79244 	0.00033289 	-0.114789 	0.00195037 	
2.265	2.1484 	-0.0942105 	-1.79253 	0.000318437 	-0.114815 	0.00194239 	
2.27	2.14884 	-0.0944261 	-1.79254 	0.000303547 	-0.114837 	0.00193344 	
2.275	2.14918 	-0.0946148 	-1.79247 	0.000290284 	-0.114856 	0.00192501 	
2.28	2.14949 	-0.0947882 	-1.79241 	0.000278051 	-0.114873 	0.00191719 	
2.285	2.14979 	-0.0949474 	-1.79234 	0.000266772 	-0.114889 	0.00190995 	
2.29	2.15006 	-0.0950935 	-1.79226 	0.000256375 	-0.114904 	0.00190324 	
2.295	2.15032 	-0.0952274 	-1.79219 	0.000246795 	-0.114918 	0.00189702 	
2.3	2.15057 	-0.0953501 	-1.79212 	0.00023797 	-0.114931 	0.00189126 	
2.305	2.15079 	-0.0954625 	-1.79204 	0.000229846 	-0.114944 	0.00188592 	
2.31	2.14913 	-0.0948627 	-1.79439 	0.000297662 	-0.114958 	0.00192313 	
2.315	2.14961 	-0.0950524 	-1.79451 	0.000284818 	-0.114981 	0.00191629 	
2.32	2.15001 	-0.0952482 	-1.79454 	0.000271339 	-0.115002 	0.00190829 	
2.325	2.15031 	-0.0954183 	-1.79448 	0.000259403 	-0.115018 	0.00190072 	
2.33	2.15059 	-0.0955747 	-1.79443 	0.000248389 	-0.115033 	0.0018937 	
2.335	2.15085 	-0.0957185 	-1.79437 	0.000238227 	-0.115047 	0.0018872 	
2.34	2.15109 	-0.0958505 	-1.79431 	0.000228855 	-0.11506 	0.00188118 	
2.345	2.15132 	-0.0959718 	-1.79426 	0.000220213 	-0.115072 	0.0018756 	
2.35	2.15153 	-0.0960831 	-1.7942 	0.000212247 	-0.115084 	0.00187043 	
2.355	2.15173 	-0.0961851 	-1.79414 	0.000204906 	-0.115095 	0.00186564 	
2.36	2.15192 	-0.0962786 	-1.79407 	0.000198143 	-0.115105 	0.0018612 	
2.365	2.15209 	-0.0963643 	-1.79401 	0.000191914 	-0.115115 	0.00185709 	
2.37	2.15225 	-0.0964427 	-1.79395 	0.00018618 	-0.115124 	0.00185328 	
2.375	2.15055 	-0.0958271 	-1.79629 	0.000255354 	-0.115135 	0.00189194 	
2.38	2.15097 	-0.0959874 	-1.79642 	0.000244583 	-0.115155 	0.0018864 	
2.385	2.15131 	-0.0961561 	-1.79646 	0.00023302 	-0.115172 	0.00187963 	
2.39	2.15156 	-0.0963019 	-1.79642 	0.00022284 	-0.115186 	0.00187321 	
2.395	2.15179 	-0.0964361 	-1.79638 	0.000213436 	-0.115198 	0.00186726 	
2.4	2.15201 	-0.0965597 	-1.79635 	0.000204752 	-0.11521 	0.00186175 	
2.405	2.15221 	-0.0966735 	-1.79631 	0.000196733 	-0.11522 	0.00185664 	
2.41	2.1524 	-0.0967783 	-1.79627 	0.000189329 	-0.11523 	0.00185191 	
2.415	2.15257 	-0.0968747 	-1.79623 	0.000182493 	-0.11524 	0.00184752 	
2.42	2.15274 	-0.0969634 	-1.79619 	0.000176185 	-0.115249 	0.00184346 	
2.425	2.15289 	-0.097045 	-1.79615 	0.000170361 	-0.115257 	0.0018397 	
2.43	2.15303 	-0.09712 	-1.79611 	0.000164987 	-0.115265 	0.00183621 	
2.435	2.15316 	-0.0971889 	-1.79607 	0.000160029 	-0.115272 	0.00183298 	
2.44	2.15329 	-0.0972523 	-1.79603 	0.000155454 	-0.115279 	0.00182998 	
2.445	2.1534 	-0.0973105 	-1.796 	0.000151234 	-0.115285 	0.00182721 	
2.45	2.15351 	-0.097364 	-1.79596 	0.000147342 	-0.115291 	0.00182464 	
2.455	2.15361 	-0.0974131 	-1.79592 	0.000143752 	-0.115297 	0.00182226 	
2.46	2.15371 	-0.0974582 	-1.79589 	0.00014044 	-0.115302 	0.00182005 	
2.465	2.1538 	-0.0974997 	-1.79585 	0.000137386 	-0.115307 	0.00181801 	
2.47	2.15388 	-0.0975377 	-1.79582 	0.000134568 	-0.115311 	0.00181612 	
2.475	2.15395 	-0.0975727 	-1.79578 	0.000131969 	-0.115316 	0.00181436 	
2.48	2.15403 	-0.0976048 	-1.79575 	0.000129571 	-0.11532 	0.00181274 	
2.485	2.15409 	-0.0976344 	-1.79572 	0.000127358 	-0.115323 	0.00181123 	
2.49	2.15416 	-0.0976615 	-1.79569 	0.000125315 	-0.115327 	0.00180983 	
2.495	2.15421 	-0.0976865 	-1.79566 	0.000123429 	-0.11533 	0.00180854 	
2.5	2.15427 	-0.0977095 	-1.79564 	0.000121687 	-0.115333 	0.00180734 	
2.505	2.15432 	-0.0977307 	-1.79561 	0.000120076 	-0.115336 	0.00180623 	
2.51	2.15436 	-0.0977503 	-1.79559 	0.000118587 	-0.115339 	0.00180521 	
2.515	2.15441 	-0.0977685 	-1.79557 	0.000117206 	-0.115341 	0.00180425 	
2.52	2.15445 	-0.0977853 	-1.79554 	0.000115929 	-0.115343 	0.00180337 	
2.525	2.15449 	-0.0978008 	-1.79553 	0.000114745 	-0.115345 	0.00180255 	
2.53	2.15452 	-0.0978152 	-1.79551 	0.000113651 	-0.115347 	0.00180179 	
2.535	2.15455 	-0.0978282 	-1.79549 	0.00011265 	-0.115349 	0.0018011 	
2.54	2.15458 	-0.0978401 	-1.79548 	0.000111739 	-0.115351 	0.00180046 	
2.545	2.15461 	-0.0978507 	-1.79546 	0.000110914 	-0.115353 	0.00179987 	
2.55	2.15464 	-0.0978602 	-1.79545 	0.000110172 	-0.115354 	0.00179934 	
2.555	2.15467 	-0.0978685 	-1.79544 	0.000109512 	-0.115356 	0.00179886 	
2.56	2.1547 	-0.0978757 	-1.79543 	0.000108931 	-0.115357 	0.00179843 	
2.565	2.15473 	-0.0978818 	-1.79542 	0.000108429 	-0.115358 	0.00179804 	
2.57	2.15476 	-0.0978867 	-1.79541 	0.000108004 	-0.11536 	0.0017977 	
2.575	2.15334 	-0.0964042 	-1.79731 	0.000212698 	-0.115363 	0.00182551 	
2.58	2.15356 	-0.0965313 	-1.79744 	0.000204638 	-0.115375 	0.00182214 	
2.585	2.15375 	-0.0966827 	-1.79751 	0.000195049 	-0.115385 	0.00181738 	
2.59	2.15387 	-0.0968116 	-1.79752 	0.000186873 	-0.115391 	0.00181301 	
2.595	2.15399 	-0.09693 	-1.79754 	0.000179358 	-0.115397 	0.00180898 	
2.6	2.15411 	-0.0970386 	-1.79755 	0.000172458 	-0.115403 	0.00180527 	
2.605	2.15421 	-0.0971381 	-1.79756 	0.000166134 	-0.115409 	0.00180187 	
2.61	2.15432 	-0.097229 	-1.79758 	0.000160347 	-0.115414 	0.00179875 	
2.615	2.15442 	-0.097312 	-1.79759 	0.000155063 	-0.115419 	0.00179589 	
2.62	2.15451 	-0.0973874 	-1.7976 	0.000150249 	-0.115423 	0.00179327 	
2.625	2.15461 	-0.0974559 	-1.79761 	0.000145874 	-0.115428 	0.00179089 	
2.63	2.1547 	-0.0975178 	-1.79762 	0.000141912 	-0.115432 	0.00178872 	
2.635	2.15479 	-0.0975735 	-1.79763 	0.000138335 	-0.115436 	0.00178674 	
2.64	2.15544 	-0.0945508 	-1.79713 	0.000274552 	-0.115441 	0.00175473 	
2.645	2.15552 	-0.0947542 	-1.79715 	0.000262601 	-0.115447 	0.00174961 	
2.65	2.15556 	-0.0949883 	-1.79715 	0.000248954 	-0.115451 	0.00174388 	
2.655	2.1556 	-0.0951904 	-1.79714 	0.000237188 	-0.115454 	0.00173891 	
2.66	2.15563 	-0.0953758 	-1.79714 	0.0002264 	-0.115457 	0.00173436 	
2.665	2.15568 	-0.0955456 	-1.79714 	0.000216526 	-0.11546 	0.00173019 	
2.67	2.15572 	-0.0957007 	-1.79713 	0.000207503 	-0.115463 	0.00172638 	
2.675	2.15577 	-0.0958422 	-1.79713 	0.000199271 	-0.115466 	0.0017229 	
2.68	2.15656 	-0.0928566 	-1.79641 	0.000329481 	-0.11547 	0.00168499 	
2.685	2.15659 	-0.0931315 	-1.79642 	0.000313789 	-0.115475 	0.00167876 	
2.69	2.15659 	-0.0934301 	-1.7964 	0.000296764 	-0.115477 	0.00167208 	
2.695	2.15659 	-0.0936912 	-1.79639 	0.000281888 	-0.115479 	0.00166623 	
2.7	2.15659 	-0.0939307 	-1.79637 	0.000268252 	-0.115481 	0.00166086 	
2.705	2.15661 	-0.09415 	-1.79636 	0.000255768 	-0.115484 	0.00165596 	
2.71	2.15662 	-0.0943505 	-1.79635 	0.000244356 	-0.115486 	0.00165148 	
2.715	2.15747 	-0.0911461 	-1.79554 	0.000383378 	-0.115489 	0.00160922 	
2.72	2.15748 	-0.0914847 	-1.79553 	0.000364255 	-0.115493 	0.00160187 	
2.725	2.15746 	-0.0918455 	-1.79551 	0.000343866 	-0.115495 	0.00159409 	
2.73	2.15743 	-0.0921624 	-1.79549 	0.00032597 	-0.115497 	0.00158725 	
2.735	2.15742 	-0.092453 	-1.79547 	0.000309563 	-0.115498 	0.00158099 	
2.74	2.15741 	-0.0927193 	-1.79545 	0.000294539 	-0.1155 	0.00157527 	
2.745	2.15824 	-0.0895346 	-1.79461 	0.00043206 	-0.115503 	0.00153143 	
2.75	2.15824 	-0.0899311 	-1.7946 	0.000409761 	-0.115506 	0.00152298 	
2.755	2.1582 	-0.0903456 	-1.79457 	0.000386424 	-0.115508 	0.00151417 	
2.76	2.15815 	-0.0907117 	-1.79454 	0.000365833 	-0.11551 	0.0015064 	
2.765	2.15812 	-0.0910475 	-1.79451 	0.000346951 	-0.115511 	0.00149928 	
2.77	2.15888 	-0.0881236 	-1.79372 	0.000472287 	-0.115513 	0.00145644 	
2.775	2.15886 	-0.0885691 	-1.7937 	0.000447274 	-0.115516 	0.00144702 	
2.78	2.15881 	-0.089026 	-1.79367 	0.000421604 	-0.115518 	0.00143739 	
2.785	2.15876 	-0.0894319 	-1.79363 	0.000398823 	-0.115519 	0.00142883 	
2.79	2.15872 	-0.0898042 	-1.7936 	0.000377931 	-0.11552 	0.001421 	
2.795	2.15954 	-0.0866531 	-1.79274 	0.000513006 	-0.115523 	0.00137464 	
2.8	2.15951 	-0.087143 	-1.79272 	0.00048555 	-0.115526 	0.00136432 	
2.805	2.15945 	-0.0876444 	-1.79268 	0.000457424 	-0.115528 	0.00135379 	
2.81	2.15939 	-0.0880899 	-1.79264 	0.000432453 	-0.115529 	0.00134444 	
2.815	2.16009 	-0.0854151 	-1.79187 	0.000545757 	-0.115531 	0.00130132 	
2.82	2.16004 	-0.0859463 	-1.79184 	0.000515997 	-0.115534 	0.00129016 	
2.825	2.15997 	-0.0864798 	-1.79179 	0.000486089 	-0.115535 	0.00127897 	
2.83	2.15991 	-0.0869567 	-1.79175 	0.000459379 	-0.115536 	0.00126897 	
2.835	2.16063 	-0.0841782 	-1.79094 	0.000577008 	-0.115538 	0.00122384 	
2.84	2.16059 	-0.0847429 	-1.79091 	0.0005454 	-0.115541 	0.00121199 	
2.845	2.16051 	-0.0853092 	-1.79087 	0.000513684 	-0.115543 	0.00120012 	
2.85	2.16044 	-0.0858155 	-1.79082 	0.00048535 	-0.115544 	0.00118951 	
2.855	2.16121 	-0.0828801 	-1.78997 	0.000609682 	-0.115546 	0.00114183 	
2.86	2.16116 	-0.0834792 	-1.78994 	0.000576175 	-0.115549 	0.00112925 	
2.865	2.16108 	-0.0840797 	-1.78989 	0.000542565 	-0.115551 	0.00111666 	
2.87	2.16101 	-0.0846165 	-1.78984 	0.000512537 	-0.115552 	0.00110542 	
2.875	2.16181 	-0.0815233 	-1.78894 	0.000643608 	-0.115554 	0.00105514 	
2.88	2.16177 	-0.082158 	-1.78891 	0.000608137 	-0.115558 	0.0010418 	
2.885	2.16169 	-0.0827938 	-1.78886 	0.000572569 	-0.11556 	0.00102846 	
2.89	2.16161 	-0.0833623 	-1.78881 	0.00054079 	-0.115561 	0.00101656 	
2.895	2.16245 	-0.0801152 	-1.78786 	0.000678423 	-0.115563 	0.000963699 	
2.9	2.16241 	-0.0807862 	-1.78783 	0.000640945 	-0.115567 	0.000949585 	
2.905	2.16232 	-0.0814581 	-1.78778 	0.000603383 	-0.115569 	0.00093548 	
2.91	2.16224 	-0.0820588 	-1.78773 	0.000569817 	-0.115571 	0.000922887 	
2.915	2.16312 	-0.0786622 	-1.78673 	0.000713825 	-0.115572 	0.000867489 	
2.92	2.16307 	-0.0793699 	-1.7867 	0.000674321 	-0.115577 	0.000852582 	
2.925	2.16298 	-0.080078 	-1.78665 	0.000634748 	-0.115579 	0.000837699 	
2.93	2.16365 	-0.0775343 	-1.78583 	0.000740095 	-0.11558 	0.000789185 	
2.935	2.16357 	-0.0782775 	-1.78578 	0.000698583 	-0.115584 	0.000773537 	
2.94	2.16347 	-0.0790076 	-1.78572 	0.000657791 	-0.115585 	0.000758185 	
2.945	2.16413 	-0.0764782 	-1.7849 	0.000762312 	-0.115587 	0.000709115 	
2.95	2.16405 	-0.077244 	-1.78485 	0.000719557 	-0.11559 	0.000692976 	
2.955	2.16395 	-0.077995 	-1.78479 	0.000677616 	-0.115592 	0.000677169 	
2.96	2.16463 	-0.0753986 	-1.78394 	0.000784968 	-0.115593 	0.000626787 	
2.965	2.16455 	-0.0761865 	-1.78389 	0.000740997 	-0.115597 	0.000610161 	
2.97	2.16445 	-0.076959 	-1.78383 	0.000697868 	-0.115599 	0.000593883 	
2.975	2.16515 	-0.0742898 	-1.78296 	0.000808305 	-0.1156 	0.000542117 	
2.98	2.16507 	-0.0751005 	-1.78291 	0.000763088 	-0.115604 	0.00052499 	
2.985	2.16496 	-0.0758952 	-1.78285 	0.000718737 	-0.115606 	0.000508225 	
2.99	2.16568 	-0.073155 	-1.78196 	0.000832184 	-0.115607 	0.000455079 	
2.995	2.16561 	-0.0739887 	-1.78191 	0.000785693 	-0.115611 	0.000437438 	
3	2.1655 	-0.0748061 	-1.78184 	0.000740096 	-0.115614 	0.000420174 	
3.005	2.16624 	-0.0719971 	-1.78093 	0.000856454 	-0.115615 	0.000365663 	
3.01	2.16616 	-0.0728543 	-1.78088 	0.000808675 	-0.115619 	0.000347501 	
3.015	2.16605 	-0.0736945 	-1.78082 	0.00076182 	-0.115622 	0.000329731 	
3.02	2.1668 	-0.0708189 	-1.77988 	0.000880993 	-0.115623 	0.000273875 	
3.025	2.16673 	-0.0716996 	-1.77983 	0.000831919 	-0.115627 	0.000255186 	
3.03	2.16662 	-0.0725628 	-1.77976 	0.000783802 	-0.11563 	0.000236907 	
3.035	2.16739 	-0.0696228 	-1.7788 	0.0009057 	-0.115631 	0.00017973 	
3.04	2.16731 	-0.0705271 	-1.77875 	0.000855332 	-0.115636 	0.000160512 	
3.045	2.1672 	-0.0714132 	-1.77869 	0.000805956 	-0.115638 	0.000141722 	
3.05	2.16798 	-0.0684109 	-1.7777 	0.000930492 	-0.115639 	8.32497e-05 	
3.055	2.16791 	-0.0693386 	-1.77765 	0.000878839 	-0.115644 	6.35029e-05 	
3.06	2.16779 	-0.0702474 	-1.77759 	0.000828211 	-0.115647 	4.42032e-05 	
3.065	2.16859 	-0.0671849 	-1.77658 	0.000955301 	-0.115648 	-1.55357e-05 	
3.07	2.16851 	-0.0681358 	-1.77653 	0.000902374 	-0.115653 	-3.58092e-05 	
3.075	2.1684 	-0.0690672 	-1.77647 	0.000850507 	-0.115656 	-5.56164e-05 	
3.08	2.16921 	-0.0659464 	-1.77544 	0.000980073 	-0.115657 	-0.000116591 	
3.085	2.16913 	-0.0669203 	-1.77539 	0.000925888 	-0.115662 	-0.000137388 	
3.09	2.16902 	-0.067874 	-1.77532 	0.000872799 	-0.115665 	-0.000157698 	
3.095	2.16984 	-0.0646969 	-1.77427 	0.00100476 	-0.115666 	-0.000219876 	
3.1	2.16976 	-0.0656935 	-1.77423 	0.000949336 	-0.115671 	-0.000241191 	
3.105	2.16964 	-0.0666691 	-1.77416 	0.000895044 	-0.115674 	-0.000262 	
3.11	2.17048 	-0.0634377 	-1.77309 	0.00102932 	-0.115675 	-0.000325346 	
3.115	2.1704 	-0.0644565 	-1.77304 	0.000972682 	-0.11568 	-0.000347173 	
3.12	2.17028 	-0.0654538 	-1.77297 	0.00091721 	-0.115683 	-0.000368474 	
3.125	2.17113 	-0.0621701 	-1.77188 	0.00105372 	-0.115684 	-0.000432954 	
3.13	2.17105 	-0.0632107 	-1.77184 	0.000995894 	-0.11569 	-0.000455287 	
3.135	2.17093 	-0.064229 	-1.77176 	0.000939266 	-0.115693 	-0.000477073 	
3.14	2.17179 	-0.0608951 	-1.77066 	0.00107794 	-0.115694 	-0.00054265 	
3.145	2.17171 	-0.061957 	-1.77061 	0.00101895 	-0.115699 	-0.00056548 	
3.15	2.17158 	-0.0629961 	-1.77054 	0.00096119 	-0.115702 	-0.000587744 	
3.155	2.17245 	-0.0596138 	-1.76942 	0.00110195 	-0.115703 	-0.00065438 	
3.16	2.17237 	-0.0606966 	-1.76937 	0.00104182 	-0.115709 	-0.000677699 	
3.165	2.17294 	-0.0586956 	-1.76855 	0.00111961 	-0.115711 	-0.000733394 	
3.17	2.17281 	-0.0598071 	-1.76848 	0.00105786 	-0.115714 	-0.000757281 	
3.175	2.17266 	-0.060875 	-1.76839 	0.000998537 	-0.115717 	-0.000780199 	
3.18	2.17352 	-0.0575492 	-1.76727 	0.00113666 	-0.115718 	-0.000847142 	
3.185	2.17344 	-0.0586605 	-1.76723 	0.00107499 	-0.115723 	-0.000871143 	
3.19	2.17402 	-0.0566268 	-1.76639 	0.00115414 	-0.115725 	-0.000927975 	
3.195	2.17389 	-0.0577656 	-1.76632 	0.00109093 	-0.115729 	-0.000952518 	
3.2	2.17374 	-0.0588594 	-1.76624 	0.0010302 	-0.115731 	-0.00097606 	
3.205	2.17462 	-0.0554626 	-1.76509 	0.00117148 	-0.115732 	-0.00104442 	
3.21	2.17454 	-0.0566008 	-1.76505 	0.00110835 	-0.115738 	-0.00106908 	
3.215	2.17513 	-0.0545267 	-1.76419 	0.00118923 	-0.115741 	-0.00112714 	
3.22	2.175 	-0.0556927 	-1.76412 	0.00112454 	-0.115744 	-0.00115235 	
3.225	2.17555 	-0.053726 	-1.76329 	0.0012006 	-0.115746 	-0.00120946 	
3.23	2.17541 	-0.0549006 	-1.76321 	0.00113546 	-0.115749 	-0.00123488 	
3.235	2.17597 	-0.0529293 	-1.76237 	0.00121173 	-0.115751 	-0.00129223 	
3.24	2.17584 	-0.0541108 	-1.7623 	0.00114622 	-0.115755 	-0.00131782 	
3.245	2.17639 	-0.0521248 	-1.76146 	0.00122317 	-0.115756 	-0.00137553 	
3.25	2.17626 	-0.0533135 	-1.76139 	0.00115728 	-0.11576 	-0.00140131 	
3.255	2.17683 	-0.0513127 	-1.76054 	0.00123489 	-0.115762 	-0.00145938 	
3.26	2.1767 	-0.0525088 	-1.76047 	0.00116861 	-0.115766 	-0.00148536 	
3.265	2.17727 	-0.0504943 	-1.75962 	0.00124685 	-0.115767 	-0.00154378 	
3.27	2.17714 	-0.051698 	-1.75955 	0.00118016 	-0.115772 	-0.00156996 	
3.275	2.17772 	-0.0496706 	-1.75869 	0.00125898 	-0.115773 	-0.00162874 	
3.28	2.17759 	-0.0508821 	-1.75863 	0.00119188 	-0.115778 	-0.00165512 	
3.285	2.17817 	-0.0488428 	-1.75776 	0.00127124 	-0.115779 	-0.00171424 	
3.29	2.17805 	-0.0500622 	-1.7577 	0.00120373 	-0.115784 	-0.00174083 	
3.295	2.17863 	-0.0480118 	-1.75683 	0.00128358 	-0.115785 	-0.00180029 	
3.3	2.1785 	-0.049239 	-1.75677 	0.00121565 	-0.11579 	-0.00182709 	
3.305	2.17909 	-0.0471783 	-1.75589 	0.00129597 	-0.115791 	-0.00188688 	
3.31	2.17897 	-0.0484134 	-1.75583 	0.00122763 	-0.115796 	-0.00191388 	
3.315	2.17955 	-0.0463432 	-1.75495 	0.00130838 	-0.115798 	-0.00197399 	
3.32	2.17943 	-0.0475861 	-1.75489 	0.00123962 	-0.115802 	-0.00200119 	
3.325	2.18002 	-0.0455072 	-1.75401 	0.00132078 	-0.115804 	-0.00206162 	
3.33	2.1799 	-0.0467577 	-1.75395 	0.00125162 	-0.115808 	-0.00208902 	
3.335	2.18049 	-0.0446708 	-1.75307 	0.00133314 	-0.11581 	-0.00214975 	
3.34	2.18037 	-0.0459288 	-1.753 	0.00126358 	-0.115815 	-0.00217735 	
3.345	2.18097 	-0.0438345 	-1.75212 	0.00134544 	-0.115816 	-0.00223836 	
3.35	2.18085 	-0.0451 	-1.75205 	0.00127549 	-0.115821 	-0.00226616 	
3.355	2.18145 	-0.042999 	-1.75117 	0.00135767 	-0.115823 	-0.00232745 	
3.36	2.18133 	-0.0442717 	-1.7511 	0.00128734 	-0.115828 	-0.00235544 	
3.365	2.18192 	-0.0421647 	-1.75021 	0.00136981 	-0.115829 	-0.00241699 	
3.37	2.18181 	-0.0434443 	-1.75015 	0.00129911 	-0.115834 	-0.00244517 	
3.375	2.18241 	-0.041332 	-1.74925 	0.00138184 	-0.115836 	-0.00250696 	
3.38	2.18229 	-0.0426184 	-1.74919 	0.00131079 	-0.11584 	-0.00253533 	
3.385	2.18289 	-0.0405013 	-1.7483 	0.00139375 	-0.115842 	-0.00259736 	
3.39	2.18277 	-0.0417942 	-1.74824 	0.00132236 	-0.115847 	-0.0026259 	
3.395	2.18337 	-0.039673 	-1.74733 	0.00140553 	-0.115848 	-0.00268816 	
3.4	2.18325 	-0.0409723 	-1.74727 	0.00133381 	-0.115853 	-0.00271687 	
3.405	2.18386 	-0.0388475 	-1.74637 	0.00141717 	-0.115855 	-0.00277933 	
3.41	2.18374 	-0.0401528 	-1.74631 	0.00134513 	-0.11586 	-0.00280822 	
3.415	2.18434 	-0.038025 	-1.74541 	0.00142866 	-0.115861 	-0.00287087 	
3.42	1.90293 	-0.162211 	-1.13585 	0.0119454 	-0.0896672 	0.00289109 	
3.425	1.07995 	-0.521897 	0.648354 	0.0428757 	-0.0129403 	0.0198244 	
3.43	0.87406 	-0.610966 	1.0844 	0.050097 	0.00594054 	0.0241751 	
3.435	0.110115 	-0.940718 	2.7106 	0.0773203 	0.0763684 	0.0403546 	
3.44	-0.0140545 	-0.994201 	2.98145 	0.0818162 	0.0879881 	0.0428021 	
3.445	-0.685866 	-1.28544 	4.436 	0.106143 	0.150726 	0.0566157 	
3.45	-0.741056 	-1.31994 	4.60216 	0.109527 	0.157483 	0.0574648 	
3.455	-1.2798 	-1.58082 	5.89737 	0.133286 	0.21236 	0.0675021 	
3.46	-1.28023 	-1.58642 	5.93158 	0.134315 	0.213562 	0.0671469 	
3.465	-1.78901 	-1.83109 	7.14863 	0.156377 	0.265327 	0.0766612 	
3.47	-1.70177 	-1.80096 	7.03741 	0.155071 	0.259513 	0.0739002 	
3.475	-2.02875 	-1.97837 	8.01168 	0.173631 	0.298519 	0.0777445 	
3.48	-1.92605 	-1.93768 	7.84183 	0.171102 	0.290505 	0.0749226 	
3.485	-2.24303 	-2.10638 	8.77058 	0.18857 	0.327951 	0.0787759 	
3.49	-2.12702 	-2.05689 	8.55084 	0.185003 	0.318055 	0.0759124 	
3.495	-2.43661 	-2.21911 	9.44442 	0.20158 	0.354321 	0.0798215 	
3.5	-2.12318 	-2.0662 	8.6454 	0.186863 	0.321257 	0.0745571 	
3.505	-1.96574 	-1.93113 	8.06399 	0.175939 	0.299736 	0.0646774 	
3.51	-2.22413 	-1.75275 	8.30071 	0.1809 	0.314492 	0.0238688 	
3.515	-2.91646 	-1.58928 	9.42929 	0.192274 	0.367711 	-0.0245981 	
3.52	-2.83952 	-1.50115 	9.30825 	0.186681 	0.36101 	-0.0275606 	
3.525	-2.74233 	-1.60467 	9.73899 	0.199074 	0.371308 	-0.0266714 	
3.53	-2.49312 	-1.57573 	9.41597 	0.195501 	0.354386 	-0.0253878 	
3.535	-2.49111 	-1.66811 	9.9154 	0.207293 	0.369555 	-0.0254799 	
3.54	-2.69769 	-1.51013 	9.89707 	0.20435 	0.374992 	-0.0503095 	
3.545	-3.41257 	-1.36766 	11.0762 	0.228545 	0.431772 	-0.118244 	
3.55	-3.24605 	-1.25713 	10.3657 	0.21026 	0.405448 	-0.111888 	
3.555	-3.73806 	-1.11338 	10.2932 	0.188934 	0.417305 	-0.111949 	
3.56	-3.85008 	-0.959265 	9.92442 	0.171288 	0.408733 	-0.11085 	
3.565	-4.17742 	-0.736827 	10.1148 	0.142952 	0.420804 	-0.107904 	
3.57	-5.34947 	-0.29379 	11.411 	0.10264 	0.486703 	-0.114255 	
3.575	-5.29866 	-0.137 	11.2242 	0.0975373 	0.478999 	-0.138278 	
3.58	-6.11331 	0.285424 	12.4573 	0.102302 	0.536504 	-0.224631 	
3.585	-5.93956 	0.26852 	12.2132 	0.106801 	0.525061 	-0.231949 	
3.59	-6.52424 	0.281553 	13.21 	0.133699 	0.573082 	-0.281575 	
3.595	-6.32422 	0.374247 	12.7978 	0.122868 	0.554418 	-0.284135 	
3.6	-6.99086 	0.729363 	13.7857 	0.112684 	0.599697 	-0.333169 	
3.605	-6.76096 	0.766001 	13.3554 	0.102825 	0.579835 	-0.32535 	
3.61	-7.46406 	1.00573 	14.3735 	0.0908051 	0.627318 	-0.348062 	
3.615	-6.90651 	0.975908 	13.54 	0.0819535 	0.58647 	-0.327446 	
3.62	-6.87827 	1.05291 	13.4621 	0.0675426 	0.581583 	-0.312832 	
3.625	-6.20593 	0.98062 	12.8059 	0.077495 	0.543489 	-0.306918 	
3.63	-6.01087 	0.886431 	12.5012 	0.0892066 	0.530433 	-0.304301 	
3.635	-5.42174 	0.811908 	11.9801 	0.0985675 	0.498646 	-0.298407 	
3.64	-5.2843 	0.725672 	11.7673 	0.109496 	0.489837 	-0.29649 	
3.645	-4.76616 	0.651667 	11.3585 	0.118385 	0.463329 	-0.290839 	
3.65	-4.67899 	0.574132 	11.2187 	0.128546 	0.457999 	-0.289663 	
3.655	-4.2191 	0.503378 	10.8933 	0.136812 	0.435542 	-0.284314 	
3.66	-4.17553 	0.43501 	10.8072 	0.146124 	0.432941 	-0.283801 	
3.665	-3.76327 	0.36913 	10.5433 	0.153684 	0.413586 	-0.278778 	
3.67	-3.75746 	0.309839 	10.4969 	0.162125 	0.413142 	-0.278852 	
3.675	-3.38405 	0.249588 	10.2786 	0.168958 	0.396168 	-0.27416 	
3.68	-3.41082 	0.198927 	10.2616 	0.176548 	0.39744 	-0.274749 	
3.685	-3.06906 	0.144491 	10.0773 	0.182669 	0.382301 	-0.270375 	
3.69	-3.1239 	0.101827 	10.082 	0.18945 	0.384947 	-0.271413 	
3.695	-2.80786 	0.0530373 	9.92324 	0.194899 	0.37123 	-0.267338 	
3.7	-2.88681 	0.0176478 	9.94422 	0.200926 	0.374979 	-0.268764 	
3.705	-2.59165 	-0.0258707 	9.80476 	0.205755 	0.362368 	-0.264963 	
3.71	-2.69128 	-0.0547057 	9.83774 	0.21109 	0.367007 	-0.266727 	
3.715	-2.41304 	-0.0934323 	9.71311 	0.215358 	0.355261 	-0.263173 	
3.72	-2.53035 	-0.116365 	9.75487 	0.220063 	0.360616 	-0.265238 	
3.725	-2.26589 	-0.150893 	9.64194 	0.22383 	0.34956 	-0.261896 	
3.73	-2.39827 	-0.168572 	9.69001 	0.227961 	0.35549 	-0.264219 	
3.735	-2.14501 	-0.199477 	9.58649 	0.231285 	0.344988 	-0.261057 	
3.74	-2.29025 	-0.212453 	9.63893 	0.234895 	0.351376 	-0.2636 	
3.745	-2.06376 	-0.204014 	9.55632 	0.23375 	0.341686 	-0.260268 	
3.75	-2.25173 	-0.104787 	9.62894 	0.224586 	0.348269 	-0.26241 	
3.755	-2.02339 	-0.0679549 	9.54273 	0.218515 	0.337796 	-0.257295 	
3.76	-2.35779 	0.117685 	9.75339 	0.195717 	0.350823 	-0.250955 	
3.765	-2.05942 	0.148092 	9.58419 	0.190138 	0.336042 	-0.247511 	
3.77	-2.42352 	0.332727 	9.82748 	0.168092 	0.350973 	-0.242138 	
3.775	-2.04329 	0.34384 	9.61664 	0.165855 	0.3329 	-0.241244 	
3.78	-2.2375 	0.465133 	9.78542 	0.154634 	0.341737 	-0.241619 	
3.785	-2.12821 	0.526516 	9.68109 	0.141514 	0.333958 	-0.233703 	
3.79	-2.31937 	0.636981 	9.84581 	0.130197 	0.342676 	-0.232559 	
3.795	-2.20079 	0.671396 	9.7337 	0.120897 	0.334899 	-0.226235 	
3.8	-2.39253 	0.781669 	9.89549 	0.109561 	0.343574 	-0.225225 	
3.805	-2.25764 	0.779413 	9.77211 	0.104353 	0.33557 	-0.219495 	
3.81	-2.4524 	0.893711 	9.93311 	0.0928152 	0.344288 	-0.218811 	
3.815	-2.30598 	0.868602 	9.80193 	0.0899122 	0.336063 	-0.213158 	
3.82	-2.50344 	0.983761 	9.96272 	0.0786782 	0.344889 	-0.212968 	
3.825	-2.34637 	0.941462 	9.82451 	0.0774121 	0.336394 	-0.207254 	
3.83	-2.54777 	1.05672 	9.98661 	0.0666059 	0.345421 	-0.207556 	
3.835	-2.38206 	1.00633 	9.84231 	0.0660858 	0.336615 	-0.201929 	
3.84	-2.58688 	1.11811 	10.0062 	0.0559051 	0.345874 	-0.202384 	
3.845	-2.41294 	1.06068 	9.85628 	0.0560495 	0.336768 	-0.196875 	
3.85	-2.62196 	1.17051 	10.0226 	0.0463221 	0.346277 	-0.197437 	
3.855	-2.44007 	1.10711 	9.86743 	0.0470067 	0.33687 	-0.192032 	
3.86	-2.65405 	1.21624 	10.0367 	0.0376005 	0.346648 	-0.192663 	
3.865	-2.4648 	1.14922 	9.87668 	0.0385948 	0.336934 	-0.187415 	
3.87	-2.68411 	1.25788 	10.0494 	0.0294213 	0.346993 	-0.187988 	
3.875	-2.48752 	1.18807 	9.88448 	0.0306773 	0.336966 	-0.182975 	
3.88	-2.71231 	1.29643 	10.0607 	0.0217133 	0.347309 	-0.183475 	
3.885	-2.50865 	1.22434 	9.89119 	0.0231647 	0.336974 	-0.178681 	
3.89	-2.73919 	1.33279 	10.0711 	0.0143428 	0.347608 	-0.179064 	
3.895	-2.52858 	1.25886 	9.89714 	0.0159498 	0.336966 	-0.174501 	
3.9	-2.76932 	1.37101 	10.0833 	0.00720065 	0.348072 	-0.175296 	
3.905	-2.47101 	1.21096 	9.82634 	0.0208162 	0.33401 	-0.176099 	
3.91	-2.46022 	1.05344 	9.78007 	0.0465848 	0.335539 	-0.186167 	
3.915	-2.29907 	1.02778 	9.65619 	0.0426904 	0.32701 	-0.179597 	
3.92	-2.52779 	1.15624 	9.84518 	0.0282407 	0.337248 	-0.174578 	
3.925	-2.3702 	1.14298 	9.72683 	0.0231701 	0.328806 	-0.168133 	
3.93	-2.59403 	1.26183 	9.91055 	0.0102336 	0.338936 	-0.163934 	
3.935	-2.4299 	1.23652 	9.7836 	0.00679109 	0.330269 	-0.158191 	
3.94	-2.64886 	1.34604 	9.9594 	-0.00484833 	0.340205 	-0.154644 	
3.945	-2.47936 	1.31096 	9.82569 	-0.00696455 	0.33136 	-0.149461 	
3.95	-2.69439 	1.41323 	9.99545 	-0.0175561 	0.341148 	-0.146463 	
3.955	-2.52082 	1.37098 	9.85696 	-0.0186784 	0.332175 	-0.141706 	
3.96	-2.73261 	1.46749 	10.0221 	-0.0284046 	0.34185 	-0.139181 	
3.965	-2.55563 	1.41971 	9.87998 	-0.0287491 	0.33277 	-0.134748 	
3.97	-2.76497 	1.51183 	10.0419 	-0.0377784 	0.342369 	-0.132631 	
3.975	-2.58554 	1.46036 	9.89726 	-0.0375829 	0.333213 	-0.128437 	
3.98	-2.8106 	1.57563 	10.0657 	-0.0504427 	0.343036 	-0.124066 	
3.985	-2.68143 	1.59953 	9.94614 	-0.0627788 	0.33466 	-0.112408 	
3.99	-2.89874 	1.70342 	10.1088 	-0.0738023 	0.34431 	-0.10915 	
3.995	-2.75556 	1.71344 	9.97031 	-0.084225 	0.33523 	-0.0984603 	
4	-2.96004 	1.80422 	10.1148 	-0.0934631 	0.344223 	-0.0960964 	
4.005	-2.83828 	1.81843 	10.034 	-0.10355 	0.337368 	-0.0863488 	
4.01	-2.99597 	1.8811 	10.0851 	-0.109881 	0.342803 	-0.0846293 	
4.015	-2.87174 	1.88886 	10.0071 	-0.118834 	0.336081 	-0.0756413 	
4.02	-3.02628 	1.94556 	10.0607 	-0.124124 	0.341609 	-0.0746065 	
4.025	-2.90064 	1.94854 	9.98805 	-0.132161 	0.335092 	-0.066269 	
4.03	-3.03527 	1.99345 	10.0139 	-0.135913 	0.339451 	-0.0659272 	
4.035	-2.8893 	1.98483 	9.91555 	-0.142225 	0.331793 	-0.0586315 	
4.04	-3.11521 	2.06347 	10.1171 	-0.148304 	0.343237 	-0.0590761 	
4.045	-2.94041 	2.03886 	9.95686 	-0.153238 	0.333231 	-0.0515554 	
4.05	-3.15283 	2.10885 	10.1396 	-0.1582 	0.344089 	-0.0524131 	
4.055	-3.00962 	2.09268 	10.0363 	-0.163277 	0.336619 	-0.0456371 	
4.06	-3.16216 	2.138 	10.1184 	-0.166071 	0.343189 	-0.046475 	
4.065	-3.01288 	2.10143 	10.0126 	-0.169424 	0.335695 	-0.0392067 	
4.07	-3.15921 	2.09651 	10.0939 	-0.167064 	0.342684 	-0.0395185 	
4.075	-3.01944 	2.06477 	9.99935 	-0.167107 	0.335939 	-0.0364654 	
4.08	-3.12538 	2.03461 	10.0587 	-0.166223 	0.341161 	-0.0330885 	
4.085	-3.02004 	2.01138 	9.98182 	-0.166433 	0.335898 	-0.0305798 	
4.09	-3.08297 	1.98836 	10.0249 	-0.168715 	0.339007 	-0.023467 	
4.095	-3.00368 	1.96527 	9.96252 	-0.168293 	0.33497 	-0.0213784 	
4.1	-3.0705 	1.94918 	10.0093 	-0.170396 	0.338278 	-0.0156684 	
4.105	-2.99177 	1.92871 	9.94883 	-0.169902 	0.3343 	-0.0139676 	
4.11	-2.98689 	1.88434 	9.81375 	-0.169686 	0.330859 	-0.0081007 	
4.115	-2.5645 	1.72867 	8.98679 	-0.1581 	0.297295 	-0.00599965 	
4.12	-2.19566 	1.57603 	8.22682 	-0.147367 	0.267175 	-0.00391354 	
4.125	-1.81434 	1.44135 	7.51837 	-0.137626 	0.237806 	-0.0016833 	
4.13	-1.47629 	1.30705 	6.8695 	-0.12871 	0.211374 	0.000740545 	
4.135	-1.12133 	1.18931 	6.26411 	-0.120679 	0.185355 	0.0033319 	
4.14	-0.81038 	1.0707 	5.71061 	-0.113321 	0.162113 	0.00603782 	
4.145	-0.642185 	0.908439 	5.65322 	-0.0966635 	0.157131 	0.0079522 	
4.15	-1.02008 	0.580808 	6.89373 	-0.0535277 	0.206002 	0.00844544 	
4.155	-1.17708 	0.373248 	7.40801 	-0.0263865 	0.227286 	0.00847032 	
4.16	-0.642491 	0.337615 	6.83655 	-0.0183203 	0.196237 	-0.00244903 	
4.165	-0.214643 	0.306479 	6.28513 	-0.0122211 	0.168881 	-0.010319 	
4.17	0.240374 	0.276779 	5.79325 	-0.00532329 	0.142309 	-0.0196354 	
4.175	0.619961 	0.249569 	5.32346 	0.00014961 	0.118562 	-0.0267771 	
4.18	1.03898 	0.223048 	4.90995 	0.00662959 	0.0951509 	-0.0356874 	
4.185	1.38247 	0.19897 	4.51194 	0.0116669 	0.0743906 	-0.0423735 	
4.19	1.76727 	0.175283 	4.16465 	0.0177209 	0.0537618 	-0.0508273 	
4.195	2.07615 	0.154001 	3.8271 	0.02231 	0.0356412 	-0.0570028 	
4.2	2.39117 	0.142572 	3.56617 	0.0270354 	0.0193092 	-0.0644801 	
4.205	2.21472 	0.252629 	3.88188 	0.0173715 	0.0319139 	-0.0652608 	
4.21	1.45869 	0.528132 	5.18759 	-0.0125983 	0.0865889 	-0.0593291 	
4.215	1.29274 	0.549755 	5.40285 	-0.0225908 	0.0965827 	-0.048661 	
4.22	0.792305 	0.681881 	6.39304 	-0.0434556 	0.136067 	-0.0340185 	
4.225	0.628551 	0.691987 	6.48104 	-0.0509379 	0.14289 	-0.0248994 	
4.23	0.183103 	0.80651 	7.32382 	-0.0697185 	0.176947 	-0.0107205 	
4.235	0.0741372 	0.803623 	7.27783 	-0.075163 	0.178719 	-0.00290621 	
4.24	-0.343676 	0.916548 	8.02565 	-0.0937377 	0.209365 	0.0113722 	
4.245	-0.401167 	0.90741 	7.87501 	-0.0977905 	0.206892 	0.0176228 	
4.25	-0.785808 	1.03332 	8.53693 	-0.117565 	0.23402 	0.0312752 	
4.255	-0.569856 	0.928668 	7.81332 	-0.109678 	0.209407 	0.0305419 	
4.26	-0.36965 	0.829103 	7.14524 	-0.102442 	0.186688 	0.030061 	
4.265	-0.184119 	0.7387 	6.52955 	-0.0957038 	0.165715 	0.0296421 	
4.27	-0.0127473 	0.651015 	5.97329 	-0.0896168 	0.146709 	0.0298853 	
4.275	0.139923 	0.575224 	5.43208 	-0.0839815 	0.128558 	0.0295101 	
4.28	0.00496161 	0.712475 	5.50918 	-0.104727 	0.13246 	0.0383836 	
4.285	-0.615724 	1.25488 	6.7662 	-0.174294 	0.176556 	0.0627255 	
4.29	-0.459316 	1.12982 	6.17113 	-0.16105 	0.157803 	0.058083 	
4.295	-0.685533 	1.25089 	6.18543 	-0.174364 	0.163649 	0.0589238 	
4.3	-1.29451 	1.81552 	7.38018 	-0.248423 	0.205097 	0.085225 	
4.305	-1.33127 	1.89705 	7.31931 	-0.262476 	0.203023 	0.0915541 	
4.31	-1.90669 	2.44777 	8.40565 	-0.335171 	0.240648 	0.117169 	
4.315	-1.89287 	2.47926 	8.21408 	-0.343667 	0.234278 	0.121817 	
4.32	-2.42364 	2.98072 	9.16755 	-0.410558 	0.267709 	0.145664 	
4.325	-2.36803 	2.96307 	8.89726 	-0.413413 	0.25871 	0.14866 	
4.33	-2.85287 	3.40863 	9.73434 	-0.473461 	0.288497 	0.170454 	
4.335	-2.76057 	3.34846 	9.40117 	-0.471359 	0.277358 	0.171983 	
4.34	-3.2112 	3.76158 	10.1527 	-0.527544 	0.304318 	0.192557 	
4.345	-3.08606 	3.66144 	9.77183 	-0.520468 	0.291545 	0.192516 	
4.35	-3.57125 	4.18758 	10.5104 	-0.592224 	0.317288 	0.21799 	
4.355	-3.38723 	4.33931 	9.78674 	-0.620859 	0.289113 	0.227959 	
4.36	-2.97938 	3.95707 	9.00441 	-0.577242 	0.261536 	0.215418 	
4.365	-2.6062 	3.59324 	8.3012 	-0.537204 	0.236785 	0.204727 	
4.37	-2.3758 	3.16612 	8.03733 	-0.484582 	0.22953 	0.189889 	
4.375	-2.37809 	2.53718 	8.53758 	-0.401834 	0.253515 	0.167512 	
4.38	-2.15398 	2.16351 	8.28674 	-0.355931 	0.245872 	0.155718 	
4.385	-2.222 	1.73349 	8.79439 	-0.296169 	0.269004 	0.137505 	
4.39	-1.98455 	1.37792 	8.47887 	-0.252882 	0.258825 	0.128501 	
4.395	-2.12911 	1.16336 	8.98663 	-0.217284 	0.281077 	0.112958 	
4.4	-1.88466 	0.823771 	8.6227 	-0.175448 	0.269143 	0.104409 	
4.405	-2.03922 	0.690356 	9.10598 	-0.152906 	0.289408 	0.0974087 	
4.41	-1.81918 	0.413606 	8.72367 	-0.115362 	0.277061 	0.0846583 	
4.415	-1.97997 	0.341744 	9.18896 	-0.103106 	0.29576 	0.0846624 	
4.42	-1.776 	0.112783 	8.79622 	-0.0696513 	0.283037 	0.0700716 	
4.425	-1.94351 	0.0853373 	9.24593 	-0.0639156 	0.3007 	0.0732849 	
4.43	-1.74938 	-0.105689 	8.84908 	-0.0347963 	0.287595 	0.0590731 	
4.435	-1.9224 	-0.101213 	9.28546 	-0.0333904 	0.304518 	0.0637764 	
4.44	-1.73476 	-0.263089 	8.88793 	-0.00799898 	0.291117 	0.0504439 	
4.445	-1.91183 	-0.235178 	9.31312 	-0.00970483 	0.307468 	0.0559767 	
4.45	-1.72868 	-0.37478 	8.917 	0.012646 	0.293864 	0.0435471 	
4.455	-1.90841 	-0.329882 	9.33256 	0.00866179 	0.309752 	0.0495995 	
4.46	-1.56863 	-0.480767 	8.5489 	0.0323087 	0.281179 	0.0335953 	
4.465	-1.29471 	-0.457751 	7.80874 	0.029717 	0.252565 	0.031432 	
4.47	-1.04063 	-0.444075 	7.13008 	0.0270856 	0.226297 	0.0300016 	
4.475	-0.804658 	-0.424626 	6.49454 	0.024847 	0.201715 	0.0281603 	
4.48	-0.66037 	-0.300753 	6.23988 	0.0179949 	0.188809 	0.024791 	
4.485	-0.767024 	0.0611895 	6.73487 	0.00285168 	0.200996 	0.0139271 	
4.49	-0.868504 	0.162091 	6.67623 	-0.00223463 	0.201797 	0.00496703 	
4.495	-0.785536 	0.434863 	6.91362 	-0.0151804 	0.201879 	0.00030525 	
4.5	-0.757694 	0.491871 	6.70345 	-0.0230905 	0.193111 	0.00030411 	
4.505	-1.11608 	0.73657 	7.41865 	-0.0464111 	0.21594 	-0.0028015 	
4.51	-1.07715 	0.745643 	7.37849 	-0.0442203 	0.214593 	-0.00924029 	
4.515	-1.42977 	0.839083 	8.03034 	-0.0655674 	0.241682 	0.00820505 	
4.52	-1.43882 	0.876383 	7.97876 	-0.0730679 	0.240896 	0.015378 	
4.525	-1.72585 	0.934212 	8.51063 	-0.0907271 	0.264217 	0.0327075 	
4.53	-1.78343 	1.03843 	8.51711 	-0.103944 	0.263759 	0.0391002 	
4.535	-2.25037 	1.29914 	9.29619 	-0.142671 	0.291252 	0.0581928 	
4.54	-2.17442 	1.30868 	8.98129 	-0.147142 	0.279432 	0.0608829 	
4.545	-2.60039 	1.53516 	9.67046 	-0.181136 	0.304231 	0.077944 	
4.55	-2.50045 	1.52498 	9.32423 	-0.182942 	0.291419 	0.0794415 	
4.555	-2.89346 	1.72687 	9.95635 	-0.213565 	0.314382 	0.0949825 	
4.56	-2.77097 	1.70005 	9.58224 	-0.212972 	0.30064 	0.0953443 	
4.565	-3.13636 	1.88233 	10.1712 	-0.240886 	0.322166 	0.109653 	
4.57	-2.99461 	1.84196 	9.77528 	-0.238264 	0.307676 	0.109026 	
4.575	-3.3365 	2.00829 	10.3305 	-0.26396 	0.328043 	0.122319 	
4.58	-3.17775 	1.95662 	9.91635 	-0.259582 	0.312905 	0.12081 	
4.585	-3.501 	2.11052 	10.4479 	-0.283538 	0.332433 	0.133306 	
4.59	-3.32793 	2.04516 	9.99023 	-0.2766 	0.316179 	0.13044 	
4.595	-3.64798 	2.18296 	10.4509 	-0.297112 	0.334349 	0.141105 	
4.6	-3.49135 	2.1114 	10.1027 	-0.286497 	0.321712 	0.133124 	
4.605	-3.69754 	2.17454 	10.4996 	-0.281938 	0.339496 	0.115383 	
4.61	-3.38543 	2.14066 	10.1048 	-0.260197 	0.327907 	0.0838746 	
4.615	-3.55643 	2.20863 	10.5255 	-0.261027 	0.342174 	0.0745129 	
4.62	-3.35875 	2.14678 	9.98233 	-0.242916 	0.323971 	0.0542035 	
4.625	-3.51129 	2.25358 	10.5634 	-0.24979 	0.341047 	0.049024 	
4.63	-3.30328 	2.17987 	9.95914 	-0.228521 	0.336048 	0.0249518 	
4.635	-2.78051 	2.06846 	10.6505 	-0.213764 	0.404717 	0.0194941 	
4.64	-1.9618 	1.60552 	10.1352 	-0.160904 	0.463762 	0.0146508 	
4.645	-1.40993 	1.78561 	11.056 	-0.168646 	0.569286 	-0.00704467 	
4.65	-0.315591 	1.25226 	10.4892 	-0.113545 	0.654733 	-0.00175655 	
4.655	-0.199147 	1.15311 	10.8142 	-0.0913632 	0.66331 	-0.0221757 	
4.66	-0.18953 	1.0847 	10.273 	-0.0654217 	0.646013 	-0.0525107 	
4.665	0.24737 	1.09251 	10.5005 	-0.0778701 	0.674273 	-0.0362013 	
4.67	0.247211 	1.07556 	9.91272 	-0.0781804 	0.627087 	-0.034318 	
4.675	-0.0426773 	1.19613 	9.99181 	-0.0909126 	0.604936 	-0.0333602 	
4.68	-0.0481481 	1.17995 	9.49914 	-0.0906186 	0.564912 	-0.0325618 	
4.685	-0.319273 	1.28728 	9.62975 	-0.100571 	0.548075 	-0.0341128 	
4.69	-0.22479 	1.26083 	9.14399 	-0.10123 	0.509339 	-0.0305154 	
4.695	-0.341461 	1.33047 	9.19345 	-0.1136 	0.490659 	-0.0238909 	
4.7	-0.595599 	1.26299 	8.7186 	-0.106245 	0.468839 	-0.0262827 	
4.705	-0.392619 	1.16274 	7.96284 	-0.0985734 	0.426363 	-0.0244285 	
4.71	-0.28222 	1.07358 	7.32671 	-0.0916548 	0.391193 	-0.0234342 	
4.715	-0.543077 	1.1161 	7.29183 	-0.093206 	0.381926 	-0.0251667 	
4.72	-0.961222 	1.29407 	8.00672 	-0.112076 	0.393306 	-0.0207487 	
4.725	-0.936638 	1.28418 	7.76323 	-0.112668 	0.372251 	-0.0184534 	
4.73	-1.29593 	1.44076 	8.39729 	-0.129585 	0.382435 	-0.0143617 	
4.735	-1.26269 	1.40465 	8.15361 	-0.127347 	0.366779 	-0.0117371 	
4.74	-1.66485 	1.51709 	8.89441 	-0.139859 	0.393025 	-0.00515956 	
4.745	-1.58811 	1.47187 	8.62123 	-0.138228 	0.379339 	-0.000410977 	
4.75	-1.92146 	1.5592 	9.32337 	-0.149514 	0.411728 	0.00938281 	
4.755	-1.82696 	1.50537 	9.00096 	-0.148071 	0.39601 	0.0147957 	
4.76	-2.01674 	1.56444 	9.4332 	-0.158086 	0.408236 	0.024992 	
4.765	-2.15417 	1.55661 	9.3552 	-0.157706 	0.408105 	0.0274404 	
4.77	-2.22945 	1.62428 	9.58216 	-0.168401 	0.407364 	0.0344263 	
4.775	-2.39412 	1.62009 	9.47241 	-0.165437 	0.402383 	0.031466 	
4.78	-2.46614 	1.68163 	9.68945 	-0.174856 	0.402537 	0.0373774 	
4.785	-2.57884 	1.66896 	9.55064 	-0.171519 	0.396266 	0.0345745 	
4.79	-2.62897 	1.72424 	9.75357 	-0.180224 	0.396428 	0.0401243 	
4.795	-2.72763 	1.7051 	9.60569 	-0.176207 	0.390503 	0.0371249 	
4.8	-2.76326 	1.75693 	9.80401 	-0.184428 	0.390975 	0.0423066 	
4.805	-2.85076 	1.7337 	9.64904 	-0.179869 	0.385346 	0.0389256 	
4.81	-2.8742 	1.7829 	9.84434 	-0.187701 	0.386115 	0.0437989 	
4.815	-2.95275 	1.75619 	9.68357 	-0.182678 	0.38077 	0.040088 	
4.82	-2.96582 	1.8034 	9.87683 	-0.190197 	0.38181 	0.0447046 	
4.825	-3.03727 	1.77371 	9.71125 	-0.184778 	0.376733 	0.0407091 	
4.83	-3.04144 	1.81948 	9.90321 	-0.19205 	0.378015 	0.0451144 	
4.835	-3.10737 	1.78721 	9.73363 	-0.186292 	0.373192 	0.0408737 	
4.84	-3.10385 	1.832 	9.92482 	-0.193374 	0.374688 	0.0451096 	
4.845	-3.16559 	1.79747 	9.7519 	-0.187327 	0.370104 	0.0406587 	
4.85	-3.15536 	1.84168 	9.9427 	-0.19427 	0.371786 	0.0447624 	
4.855	-3.21409 	1.80516 	9.767 	-0.187975 	0.36743 	0.0401311 	
4.86	-3.19787 	1.84914 	9.95762 	-0.194823 	0.369265 	0.0441373 	
4.865	-3.2546 	1.81086 	9.77964 	-0.188318 	0.365129 	0.0393519 	
4.87	-3.12706 	1.84577 	9.88053 	-0.195774 	0.361209 	0.0448864 	
4.875	-2.78105 	1.70864 	9.53659 	-0.179093 	0.358762 	0.0392645 	
4.88	-2.61447 	1.39107 	10.1894 	-0.16388 	0.438218 	0.0814282 	
4.885	-2.81771 	0.853886 	10.165 	-0.195911 	0.479535 	0.238453 	
4.89	-2.36547 	0.841677 	9.77851 	-0.195399 	0.447774 	0.232018 	
4.895	-2.74742 	0.949811 	10.1657 	-0.189883 	0.466947 	0.210102 	
4.9	-2.55293 	0.969359 	9.80913 	-0.187325 	0.44299 	0.19813 	
4.905	-2.84148 	1.12451 	10.132 	-0.192222 	0.453762 	0.183756 	
4.91	-2.67967 	1.13187 	9.81295 	-0.189127 	0.43334 	0.173212 	
4.915	-2.96146 	1.27 	10.1391 	-0.193299 	0.444851 	0.160428 	
4.92	-2.78645 	1.26274 	9.81886 	-0.190007 	0.424873 	0.151693 	
4.925	-2.98419 	1.36523 	10.1991 	-0.193526 	0.449624 	0.14501 	
4.93	-2.55806 	1.27537 	10.0025 	-0.189703 	0.465621 	0.151416 	
4.935	-2.85279 	1.39074 	10.2834 	-0.193596 	0.473179 	0.139453 	
4.94	-2.70335 	1.41456 	9.99261 	-0.193657 	0.453239 	0.133521 	
4.945	-2.97871 	1.53622 	10.2676 	-0.200912 	0.463686 	0.126227 	
4.95	-2.85446 	1.56626 	10.0571 	-0.206504 	0.45132 	0.128136 	
4.955	-3.10114 	1.69449 	10.3389 	-0.219716 	0.466555 	0.130092 	
4.96	-2.97566 	1.71146 	10.1403 	-0.22372 	0.454761 	0.13112 	
4.965	-3.1407 	1.79926 	10.3285 	-0.231426 	0.463734 	0.12989 	
4.97	-2.84741 	1.70892 	9.94889 	-0.222046 	0.435016 	0.124462 	
4.975	-3.0468 	1.67711 	10.1064 	-0.21314 	0.433987 	0.117378 	
4.98	-2.82982 	1.58784 	9.75893 	-0.2029 	0.410089 	0.11133 	
4.985	-2.93691 	1.56745 	9.92683 	-0.196993 	0.40775 	0.106291 	
4.99	-2.79836 	1.48754 	9.62643 	-0.187185 	0.388631 	0.100678 	
4.995	-2.87582 	1.47109 	9.81476 	-0.182439 	0.387224 	0.0968756 	
5	-2.76095 	1.3998 	9.52973 	-0.173611 	0.370368 	0.0918973 	
5.005	-2.80197 	1.39001 	9.71405 	-0.170269 	0.36887 	0.0889729 	
5.01	-2.65926 	1.3845 	9.42809 	-0.17056 	0.35742 	0.0872784 	
5.015	-3.02006 	1.58504 	10.0052 	-0.191615 	0.390557 	0.0927624 	
5.02	-2.81139 	1.55882 	9.63272 	-0.191273 	0.374569 	0.0923995 	
5.025	-3.14602 	1.74645 	10.1936 	-0.211328 	0.405861 	0.0983792 	
5.03	-2.94621 	1.70167 	9.79137 	-0.208618 	0.388945 	0.0968013 	
5.035	-3.24532 	1.87622 	10.3363 	-0.227576 	0.418157 	0.102972 	
5.04	-3.04852 	1.81616 	9.91279 	-0.222949 	0.400387 	0.100353 	
5.045	-3.3429 	1.97726 	10.4497 	-0.2397 	0.428756 	0.105385 	
5.05	-3.08508 	1.84443 	9.96014 	-0.226623 	0.402265 	0.100288 	
5.055	-3.23216 	1.82517 	10.2153 	-0.220009 	0.404405 	0.0959849 	
5.06	-3.00552 	1.6958 	9.74406 	-0.207444 	0.380544 	0.0915773 	
5.065	-3.11436 	1.67177 	10.0172 	-0.200375 	0.383053 	0.0872972 	
5.07	-2.89429 	1.55867 	9.56821 	-0.189897 	0.360852 	0.0838063 	
5.075	-3.01376 	1.55894 	9.88074 	-0.186097 	0.365462 	0.0811699 	
5.08	-2.80617 	1.4549 	9.44756 	-0.176706 	0.344849 	0.0782483 	
5.085	-2.93426 	1.46485 	9.78253 	-0.173993 	0.351006 	0.0761197 	
5.09	-2.75588 	1.37133 	9.37172 	-0.165671 	0.332477 	0.0736433 	
5.095	-2.93429 	1.39994 	9.74209 	-0.16449 	0.341445 	0.0716507 	
5.1	-2.94176 	1.47821 	9.52298 	-0.193316 	0.343054 	0.105009 	
5.105	-3.799 	1.98853 	10.5976 	-0.298328 	0.417741 	0.210085 	
5.11	-3.69661 	2.02422 	10.3547 	-0.318005 	0.412861 	0.233515 	
5.115	-4.50801 	2.47165 	11.28 	-0.409945 	0.480142 	0.325757 	
5.12	-4.06243 	2.30619 	10.7247 	-0.386774 	0.446354 	0.305494 	
5.125	-4.08864 	2.25049 	10.8004 	-0.368061 	0.440963 	0.285429 	
5.13	-3.71664 	2.11329 	10.228 	-0.348651 	0.410271 	0.268112 	
5.135	-3.4384 	2.04299 	10.0586 	-0.336107 	0.391139 	0.253283 	
5.14	-3.28163 	1.99726 	9.78218 	-0.323883 	0.374021 	0.236687 	
5.145	-3.09686 	1.98014 	9.68166 	-0.317891 	0.360049 	0.224155 	
5.15	-2.93468 	1.96877 	9.51109 	-0.312106 	0.345686 	0.211389 	
5.155	-2.78848 	1.96502 	9.36819 	-0.307084 	0.332786 	0.19947 	
5.16	-2.70514 	1.94454 	9.29434 	-0.30017 	0.323902 	0.188597 	
5.165	-2.74669 	1.86847 	9.35941 	-0.286477 	0.322864 	0.178913 	
5.17	-2.75909 	1.83521 	9.38844 	-0.278661 	0.32377 	0.170985 	
5.175	-2.95492 	1.95042 	9.65778 	-0.287938 	0.344089 	0.167783 	
5.18	-2.95306 	1.98874 	9.70804 	-0.290777 	0.350644 	0.164882 	
5.185	-3.11451 	2.05736 	9.91235 	-0.294097 	0.366552 	0.160021 	
5.19	-3.1125 	2.08802 	9.94707 	-0.296909 	0.371948 	0.15798 	
5.195	-3.24799 	2.14284 	10.097 	-0.298964 	0.384636 	0.153361 	
5.2	-3.24696 	2.16672 	10.1241 	-0.301498 	0.389231 	0.151611 	
5.205	-3.35741 	2.2095 	10.2279 	-0.302204 	0.399079 	0.146846 	
5.21	-3.35902 	2.22786 	10.2548 	-0.30434 	0.403215 	0.145032 	
5.215	-3.44884 	2.26208 	10.3238 	-0.304122 	0.410882 	0.140179 	
5.22	-3.44993 	2.27426 	10.3476 	-0.305592 	0.414271 	0.138045 	
5.225	-3.52848 	2.26959 	10.3744 	-0.300859 	0.417398 	0.132589 	
5.23	-3.46777 	2.14504 	10.2801 	-0.286754 	0.406741 	0.12808 	
5.235	-3.35343 	2.04017 	10.1154 	-0.272506 	0.393231 	0.122182 	
5.24	-3.28214 	1.92997 	10.028 	-0.260322 	0.383378 	0.118423 	
5.245	-3.18969 	1.84429 	9.89709 	-0.248118 	0.372135 	0.113219 	
5.25	-3.13046 	1.75054 	9.83722 	-0.237812 	0.36407 	0.110162 	
5.255	-3.05236 	1.68075 	9.73273 	-0.227353 	0.3546 	0.105579 	
5.26	-3.00546 	1.601 	9.69554 	-0.218664 	0.348121 	0.103138 	
5.265	-2.93884 	1.54443 	9.61061 	-0.209682 	0.340088 	0.0990862 	
5.27	-2.90351 	1.47495 	9.59104 	-0.202089 	0.334931 	0.0969579 	
5.275	-2.84999 	1.424 	9.51961 	-0.193155 	0.328004 	0.0923288 	
5.28	-2.83023 	1.36054 	9.51143 	-0.185736 	0.323971 	0.0896918 	
5.285	-2.79007 	1.32061 	9.45531 	-0.178054 	0.318321 	0.085525 	
5.29	-2.77349 	1.26764 	9.45645 	-0.171948 	0.315198 	0.0833246 	
5.295	-2.73684 	1.23809 	9.40992 	-0.165774 	0.310426 	0.0800437 	
5.3	-2.66243 	1.20341 	9.36835 	-0.164382 	0.304976 	0.0806966 	
5.305	-2.41947 	1.22955 	9.1191 	-0.169335 	0.289155 	0.0803286 	
5.31	-2.20289 	1.25803 	8.92218 	-0.175163 	0.275474 	0.0805626 	
5.315	-2.18269 	1.33487 	8.91644 	-0.183635 	0.276484 	0.0803563 	
5.32	-2.53965 	1.52881 	9.36058 	-0.201676 	0.309276 	0.0819075 	
5.325	-2.44702 	1.57076 	9.34551 	-0.208761 	0.313687 	0.0846556 	
5.33	-2.64038 	1.63502 	9.65282 	-0.209081 	0.341022 	0.0779403 	
5.335	-2.51225 	1.64724 	9.63604 	-0.212423 	0.348245 	0.0785617 	
5.34	-2.67837 	1.70164 	9.86512 	-0.211966 	0.370579 	0.0724407 	
5.345	-2.5689 	1.70938 	9.85302 	-0.215389 	0.377178 	0.0732871 	
5.35	-2.71282 	1.75725 	10.0199 	-0.21439 	0.39546 	0.0674838 	
5.355	-2.65741 	1.79528 	10.0389 	-0.222831 	0.402456 	0.0715205 	
5.36	-2.90068 	1.94731 	10.2205 	-0.238972 	0.419057 	0.0767684 	
5.365	-2.84166 	1.98195 	10.1695 	-0.248398 	0.417173 	0.0822552 	
5.37	-3.11094 	2.0956 	10.3589 	-0.256503 	0.433024 	0.0813453 	
5.375	-3.04886 	2.11893 	10.3128 	-0.264817 	0.430829 	0.0861239 	
5.38	-3.27155 	2.20378 	10.4202 	-0.26788 	0.43964 	0.0824696 	
5.385	-3.08988 	2.14375 	10.2107 	-0.265536 	0.419864 	0.0829947 	
5.39	-3.10539 	2.04789 	10.0998 	-0.253995 	0.409494 	0.0805046 	
5.395	-2.98157 	1.92712 	9.92822 	-0.242561 	0.394588 	0.0797745 	
5.4	-2.9533 	1.83783 	9.8673 	-0.232675 	0.385396 	0.0788278 	
5.405	-2.88948 	1.74049 	9.7618 	-0.223214 	0.37478 	0.0783933 	
5.41	-2.85518 	1.66551 	9.7159 	-0.214742 	0.366718 	0.0775642 	
5.415	-2.7964 	1.59724 	9.61697 	-0.208234 	0.357135 	0.0770962 	
5.42	-2.74192 	1.59011 	9.53367 	-0.207047 	0.347845 	0.0757263 	
5.425	-2.69237 	1.57389 	9.4531 	-0.206003 	0.339289 	0.0750367 	
5.43	-2.64926 	1.55397 	9.39308 	-0.203082 	0.331765 	0.0734609 	
5.435	-2.61579 	1.47178 	9.34881 	-0.193815 	0.325727 	0.0715672 	
5.44	-2.63112 	1.41026 	9.37457 	-0.185352 	0.322917 	0.0694843 	
5.445	-2.656 	1.40688 	9.3764 	-0.184693 	0.318632 	0.0682904 	
5.45	-2.81071 	1.56316 	9.50536 	-0.199951 	0.317837 	0.0673966 	
5.455	-2.83796 	1.57698 	9.50521 	-0.201197 	0.313869 	0.0661531 	
5.46	-2.94696 	1.74381 	9.66065 	-0.220567 	0.321486 	0.0701744 	
5.465	-2.89341 	1.86549 	9.83599 	-0.24314 	0.352224 	0.0863143 	
5.47	-2.986 	2.01174 	10.1274 	-0.262969 	0.389182 	0.0979414 	
5.475	-2.94339 	2.11642 	10.2771 	-0.283567 	0.416639 	0.112928 	
5.48	-3.02254 	2.23784 	10.4959 	-0.30004 	0.447756 	0.122617 	
5.485	-2.93273 	2.25887 	10.5057 	-0.308951 	0.459021 	0.130855 	
5.49	-2.85621 	2.12311 	10.3142 	-0.290345 	0.441411 	0.123351 	
5.495	-2.84706 	1.98176 	10.1799 	-0.274625 	0.427864 	0.118737 	
5.5	-2.78936 	1.86626 	10.0342 	-0.258802 	0.41351 	0.112979 	
5.505	-2.68352 	1.74709 	9.83757 	-0.247215 	0.396889 	0.110365 	
5.51	-2.53924 	1.6874 	9.64101 	-0.238863 	0.379261 	0.106152 	
5.515	-2.52011 	1.63359 	9.55697 	-0.233928 	0.3693 	0.104354 	
5.52	-2.5163 	1.57349 	9.52739 	-0.224351 	0.36154 	0.100811 	
5.525	-2.46837 	1.47748 	9.42236 	-0.21403 	0.351015 	0.0974657 	
5.53	-2.50592 	1.42684 	9.4323 	-0.204315 	0.345711 	0.0927266 	
5.535	-2.47915 	1.34398 	9.35166 	-0.195445 	0.337339 	0.0899681 	
5.54	-2.50922 	1.30531 	9.36969 	-0.187141 	0.332851 	0.0856655 	
5.545	-2.48068 	1.23526 	9.30597 	-0.180289 	0.32589 	0.0842383 	
5.55	-2.49518 	1.21377 	9.34379 	-0.175746 	0.323116 	0.0834864 	
5.555	-2.46722 	1.15355 	9.27597 	-0.170996 	0.317357 	0.0840522 	
5.56	-2.48563 	1.1416 	9.34128 	-0.167165 	0.315859 	0.0830108 	
5.565	-2.45693 	1.08714 	9.27389 	-0.163103 	0.310622 	0.083707 	
5.57	-2.4787 	1.08184 	9.34302 	-0.159952 	0.309803 	0.0827778 	
5.575	-2.4517 	1.03241 	9.27642 	-0.156502 	0.305094 	0.0836085 	
5.58	-2.4755 	1.03268 	9.34771 	-0.15393 	0.304808 	0.0827759 	
5.585	-2.35547 	0.99266 	9.1932 	-0.153574 	0.295487 	0.0847863 	
5.59	-2.33087 	1.15203 	9.31256 	-0.173049 	0.306963 	0.0904366 	
5.595	-2.90301 	1.52011 	10.0664 	-0.213333 	0.375691 	0.101837 	
5.6	-2.55893 	1.50029 	9.71865 	-0.214592 	0.35132 	0.102213 	
5.605	-2.53483 	1.50812 	9.59979 	-0.222307 	0.354734 	0.106056 	
5.61	-2.92926 	1.94761 	10.2757 	-0.290171 	0.431655 	0.147729 	
5.615	-2.73374 	2.4296 	10.4872 	-0.390395 	0.486049 	0.231025 	
5.62	-2.59705 	2.32275 	10.2624 	-0.371476 	0.462901 	0.21676 	
5.625	-2.49922 	2.20129 	10.0156 	-0.353623 	0.441636 	0.204183 	
5.63	-2.47628 	2.0906 	9.89564 	-0.33671 	0.426529 	0.193493 	
5.635	-2.55085 	1.95633 	9.87802 	-0.31843 	0.41814 	0.186472 	
5.64	-2.52314 	1.85768 	9.78361 	-0.303706 	0.404804 	0.177823 	
5.645	-2.60367 	1.76309 	9.7902 	-0.290051 	0.398101 	0.171917 	
5.65	-2.5507 	1.67861 	9.68359 	-0.27672 	0.38502 	0.163182 	
5.655	-2.58848 	1.59136 	9.63872 	-0.2627 	0.376771 	0.15493 	
5.66	-2.57397 	1.51198 	9.56835 	-0.249672 	0.366902 	0.14679 	
5.665	-2.5814 	1.43826 	9.52441 	-0.237707 	0.358877 	0.139499 	
5.67	-2.58204 	1.37214 	9.48606 	-0.226481 	0.351466 	0.132603 	
5.675	-2.59246 	1.30658 	9.48251 	-0.216159 	0.346202 	0.127151 	
5.68	-2.59575 	1.2595 	9.46121 	-0.208289 	0.340334 	0.122862 	
5.685	-2.64001 	1.24773 	9.4939 	-0.204233 	0.336726 	0.118687 	
5.69	-2.64679 	1.21867 	9.47738 	-0.198144 	0.331708 	0.114212 	
5.695	-2.6907 	1.21903 	9.51059 	-0.195792 	0.328664 	0.110784 	
5.7	-2.69759 	1.20187 	9.49487 	-0.191385 	0.324164 	0.106977 	
5.705	-2.74058 	1.21074 	9.52776 	-0.190311 	0.321607 	0.104151 	
5.71	-2.71541 	1.19599 	9.47808 	-0.18685 	0.316177 	0.101024 	
5.715	-2.65771 	1.21285 	9.40581 	-0.188236 	0.309808 	0.0994127 	
5.72	-2.60937 	1.27087 	9.34322 	-0.193677 	0.304688 	0.0973995 	
5.725	-2.54799 	1.35556 	9.26078 	-0.202354 	0.299385 	0.095172 	
5.73	-2.50909 	1.4181 	9.21573 	-0.208051 	0.29545 	0.0925985 	
5.735	-2.47898 	1.40755 	9.16071 	-0.205567 	0.291182 	0.0892772 	
5.74	-2.47325 	1.48318 	9.16583 	-0.212676 	0.289856 	0.0868455 	
5.745	-2.54158 	1.58482 	9.2594 	-0.224291 	0.292802 	0.0880717 	
5.75	-2.74448 	1.77209 	9.54336 	-0.247676 	0.304188 	0.0960969 	
5.755	-2.62841 	1.76694 	9.30446 	-0.248731 	0.294426 	0.0959199 	
5.76	-2.905 	1.99438 	9.74351 	-0.276047 	0.311547 	0.104019 	
5.765	-2.66419 	1.91216 	9.3308 	-0.267503 	0.294325 	0.0993788 	
5.77	-2.69762 	2.00213 	9.4602 	-0.275543 	0.297472 	0.0956688 	
5.775	-2.69391 	2.02766 	9.40675 	-0.277556 	0.295575 	0.092513 	
5.78	-2.66273 	2.0569 	9.37947 	-0.280588 	0.293485 	0.090501 	
5.785	-2.62365 	2.06754 	9.31351 	-0.281941 	0.290335 	0.0885267 	
5.79	-2.61294 	2.0843 	9.31235 	-0.283737 	0.289571 	0.0870677 	
5.795	-2.58944 	2.05719 	9.27994 	-0.28167 	0.288135 	0.0867757 	
5.8	-2.62394 	2.06056 	9.36105 	-0.282437 	0.29105 	0.08703 	
5.805	-2.61639 	2.03965 	9.34656 	-0.281031 	0.290632 	0.0870646 	
5.81	-2.59936 	2.02675 	9.34415 	-0.279852 	0.29044 	0.0863118 	
5.815	-2.57763 	2.00725 	9.3205 	-0.278264 	0.289599 	0.0856857 	
5.82	-2.56276 	2.0069 	9.31716 	-0.278511 	0.289134 	0.0851578 	
5.825	-2.51405 	2.01486 	9.25611 	-0.280474 	0.28539 	0.0850265 	
5.83	-2.45592 	2.00304 	9.18843 	-0.280098 	0.280869 	0.0849157 	
5.835	-2.41155 	1.99764 	9.13614 	-0.28062 	0.277334 	0.0849442 	
5.84	-2.36228 	1.98377 	9.08337 	-0.280026 	0.273484 	0.0850142 	
5.845	-2.29572 	1.93296 	9.01604 	-0.276054 	0.268269 	0.0856291 	
5.85	-2.24203 	1.89151 	8.96282 	-0.272578 	0.263813 	0.0859721 	
5.855	-2.11959 	1.81488 	8.74958 	-0.26574 	0.254216 	0.0855148 	
5.86	-2.04092 	1.83556 	8.51078 	-0.270928 	0.245989 	0.088365 	
5.865	-2.60509 	2.26599 	9.37517 	-0.322119 	0.280586 	0.104219 	
5.87	-2.56451 	2.13528 	9.27105 	-0.309168 	0.276487 	0.106154 	
5.875	-2.23302 	2.00689 	9.14611 	-0.307333 	0.263633 	0.121524 	
5.88	-2.35177 	1.93919 	9.11934 	-0.296272 	0.266336 	0.116555 	
5.885	-2.46398 	2.003 	9.26863 	-0.301291 	0.27332 	0.112747 	
5.89	-2.39077 	1.98758 	9.11416 	-0.298141 	0.267883 	0.109115 	
5.895	-2.43788 	2.03267 	9.22616 	-0.30261 	0.272083 	0.107207 	
5.9	-2.34639 	1.96721 	9.04689 	-0.294111 	0.265283 	0.103599 	
5.905	-2.30919 	1.8437 	9.07017 	-0.280494 	0.264169 	0.10119 	
5.91	-2.2132 	1.72474 	8.912 	-0.266066 	0.257354 	0.09764 	
5.915	-2.19596 	1.62181 	8.95955 	-0.254584 	0.257441 	0.0956082 	
5.92	-2.11004 	1.52196 	8.81663 	-0.242074 	0.251319 	0.0923549 	
5.925	-2.10301 	1.43673 	8.87933 	-0.232383 	0.252101 	0.0906159 	
5.93	-2.02567 	1.35312 	8.74749 	-0.221501 	0.246526 	0.0876078 	
5.935	-2.02744 	1.28267 	8.82205 	-0.213346 	0.247881 	0.0861373 	
5.94	-1.99894 	1.20986 	8.76087 	-0.203814 	0.24553 	0.0845744 	
5.945	-2.12187 	1.14134 	9.00443 	-0.196664 	0.254782 	0.0868861 	
5.95	-2.07063 	1.07529 	8.88403 	-0.18793 	0.250527 	0.0852321 	
5.955	-2.20675 	1.01753 	9.16133 	-0.182035 	0.261097 	0.0881982 	
5.96	-2.11295 	0.945034 	8.94754 	-0.173087 	0.253737 	0.086933 	
5.965	-2.21793 	0.895492 	9.19667 	-0.168058 	0.262708 	0.0895332 	
5.97	-2.13 	0.83423 	8.97944 	-0.160195 	0.255401 	0.0882573 	
5.975	-2.23501 	0.794655 	9.22691 	-0.156234 	0.264294 	0.0909237 	
5.98	-2.14625 	0.742422 	9.00492 	-0.149273 	0.256814 	0.0895711 	
5.985	-2.2542 	0.711641 	9.25394 	-0.146293 	0.265794 	0.0923663 	
5.99	-2.16388 	0.666967 	9.02742 	-0.140105 	0.25813 	0.0909401 	
5.995	-2.2755 	0.643842 	9.27911 	-0.138021 	0.267245 	0.0939031 	
6	-2.1831 	0.605502 	9.04815 	-0.132499 	0.259387 	0.092408 	
6.005	-2.27505 	0.586177 	9.25772 	-0.130955 	0.26693 	0.0951711 	
6.01	-2.41963 	0.53056 	8.75933 	-0.115835 	0.213698 	0.0854806 	
6.015	-4.11687 	0.688684 	8.52691 	-0.11802 	0.035728 	0.0771672 	
6.02	-6.00468 	1.125 	7.73787 	-0.176592 	-0.205167 	0.0901769 	
6.025	-6.55123 	0.738079 	7.4813 	-0.110829 	-0.295165 	0.0663054 	
6.03	-6.86942 	0.967024 	7.50667 	-0.141944 	-0.331744 	0.0754837 	
6.035	-6.56909 	0.82355 	8.15409 	-0.0940048 	-0.268618 	0.0547388 	
6.04	-6.04954 	0.522954 	8.28007 	-0.0702396 	-0.229411 	0.058568 	
6.045	-5.86027 	0.305747 	8.89936 	-0.0310286 	-0.171486 	0.0512652 	
6.05	-5.36363 	0.000965296 	8.8962 	-0.00979785 	-0.140894 	0.0603508 	
6.055	-5.24461 	-0.16846 	9.42184 	0.0243553 	-0.0900262 	0.0537487 	
6.06	-4.80152 	-0.424851 	9.32592 	0.0407945 	-0.0665594 	0.0629144 	
6.065	-4.742 	-0.566663 	9.78599 	0.0708516 	-0.0212193 	0.0579881 	
6.07	-4.33149 	-0.711699 	9.60822 	0.0831415 	-0.00468323 	0.060167 	
6.075	-4.24983 	-0.7329 	10.0557 	0.112788 	0.0400681 	0.0456547 	
6.08	-3.70243 	-1.12273 	9.96634 	0.12954 	0.0713339 	0.0703218 	
6.085	-3.47171 	-1.40733 	9.99373 	0.180415 	0.105418 	0.0531626 	
6.09	-2.84467 	-2.38838 	9.38441 	0.277653 	0.0995386 	0.0361282 	
6.095	-2.87764 	-1.88966 	9.74132 	0.289296 	0.122675 	-0.00790195 	
6.1	-2.63008 	-1.77219 	9.40671 	0.275594 	0.121904 	-0.0100109 	
6.105	-3.10905 	-1.35346 	10.1203 	0.277065 	0.16404 	-0.0442435 	
6.11	-2.98203 	-1.17176 	9.88488 	0.250855 	0.16425 	-0.0399649 	
6.115	-3.10441 	-0.92376 	10.0751 	0.219573 	0.179287 	-0.0327947 	
6.12	-2.97403 	-0.785924 	9.79195 	0.192129 	0.17679 	-0.0242129 	
6.125	-3.04024 	-0.570249 	9.94854 	0.164293 	0.18826 	-0.0174668 	
6.13	-2.9387 	-0.459407 	9.69627 	0.140451 	0.186301 	-0.00951459 	
6.135	-3.00902 	-0.2674 	9.86954 	0.115855 	0.197269 	-0.00349594 	
6.14	-2.91655 	-0.179674 	9.63286 	0.0950489 	0.195033 	0.00384221 	
6.145	-2.9679 	-0.0239984 	9.78495 	0.0752527 	0.204485 	0.00851559 	
6.15	-2.62966 	-0.058034 	9.14525 	0.0657396 	0.187093 	0.0133511 	
6.155	-2.12381 	-0.0673778 	8.36847 	0.057158 	0.160757 	0.0170172 	
6.16	-1.85565 	-0.0801155 	8.06135 	0.0553158 	0.158223 	0.0150056 	
6.165	-3.27748 	0.325468 	8.18903 	0.0146935 	0.0472552 	0.0161137 	
6.17	-6.84623 	1.5594 	6.61329 	-0.14568 	-0.4084 	0.0625907 	
6.175	-7.6647 	1.8083 	6.74376 	-0.174662 	-0.450742 	0.0725648 	
6.18	-9.7157 	2.24624 	5.73722 	-0.234778 	-0.746203 	0.092667 	
6.185	-9.75504 	1.63851 	6.27371 	-0.13808 	-0.730126 	0.0432179 	
6.19	-8.47185 	1.08193 	6.63347 	-0.0746879 	-0.622118 	0.0299621 	
6.195	-6.60403 	-0.179376 	7.44593 	0.0719371 	-0.420075 	0.00525775 	
6.2	-5.55361 	-1.20182 	7.72695 	0.173364 	-0.327463 	0.024323 	
6.205	-4.95466 	-0.279034 	8.41148 	0.0798791 	-0.217961 	0.00331501 	
6.21	-4.60069 	-0.192321 	8.40283 	0.0780085 	-0.1907 	-0.00857877 	
6.215	-4.30367 	-0.617574 	8.88961 	0.110474 	-0.12673 	0.00851659 	
6.22	-3.5972 	-1.99652 	9.1587 	0.232623 	-0.0234032 	0.0639954 	
6.225	-3.43993 	-1.79414 	9.21989 	0.198972 	-0.00224185 	0.0781092 	
6.23	-3.2014 	-1.62482 	8.92885 	0.174192 	0.00645389 	0.0839933 	
6.235	-3.1842 	-1.44312 	9.12264 	0.140423 	0.0315735 	0.105703 	
6.24	-3.1793 	-1.24341 	9.11796 	0.115577 	0.0503495 	0.11214 	
6.245	-3.10541 	-1.07991 	9.17186 	0.0879703 	0.0679564 	0.125512 	
6.25	-3.1852 	-0.680827 	9.24528 	0.040365 	0.0876459 	0.133975 	
6.255	-3.50742 	0.0209881 	9.64594 	-0.0483132 	0.117985 	0.157932 	
6.26	-3.32249 	0.10932 	9.5253 	-0.0510731 	0.125598 	0.148858 	
6.265	-3.28097 	0.271245 	9.64929 	-0.0658772 	0.141771 	0.146594 	
6.27	-3.94812 	0.850325 	10.0859 	-0.162867 	0.180862 	0.189851 	
6.275	-3.3535 	0.852061 	9.95532 	-0.136077 	0.172545 	0.15898 	
6.28	-3.90545 	0.73004 	10.0317 	-0.159141 	0.202926 	0.19272 	
6.285	-3.06499 	0.740588 	9.93829 	-0.115303 	0.186287 	0.14008 	
6.29	-3.18541 	0.540478 	9.79517 	-0.117956 	0.196272 	0.146472 	
6.295	-2.98339 	0.597784 	9.87004 	-0.105509 	0.200504 	0.140229 	
6.3	-3.0626 	0.497748 	9.77102 	-0.10164 	0.208208 	0.131897 	
6.305	-2.89343 	0.516501 	9.79851 	-0.0926797 	0.211473 	0.129742 	
6.31	-2.97906 	0.348001 	9.72234 	-0.0854572 	0.221236 	0.128319 	
6.315	-2.84978 	0.205534 	9.80685 	-0.0616021 	0.231498 	0.144148 	
6.32	-2.87642 	0.0314859 	9.69468 	-0.0593961 	0.236125 	0.133721 	
6.325	-2.62467 	0.0338981 	9.66761 	-0.0302824 	0.235355 	0.109324 	
6.33	-2.72243 	-0.162321 	9.66831 	-0.0233085 	0.246361 	0.119572 	
