0	0.310429 	-0.173769 	0.537008 	0.180534 	-1.45468 	-0.24872 	
0.005	0.310429 	-0.173769 	0.537008 	0.180534 	-1.45468 	-0.24872 	
0.01	0.310429 	-0.173769 	0.537008 	0.180534 	-1.45468 	-0.24872 	
0.015	0.31043 	-0.173769 	0.537008 	0.180534 	-1.45468 	-0.24872 	
0.02	0.310431 	-0.173769 	0.537008 	0.180534 	-1.45468 	-0.24872 	
0.025	0.310433 	-0.173769 	0.537009 	0.180534 	-1.45468 	-0.24872 	
0.03	0.310435 	-0.173769 	0.537009 	0.180534 	-1.45468 	-0.24872 	
0.035	0.310438 	-0.173769 	0.53701 	0.180534 	-1.45468 	-0.24872 	
0.04	0.310441 	-0.173769 	0.53701 	0.180534 	-1.45468 	-0.24872 	
0.045	0.310445 	-0.173769 	0.537011 	0.180534 	-1.45468 	-0.24872 	
0.05	0.31045 	-0.173769 	0.537012 	0.180534 	-1.45468 	-0.24872 	
0.055	0.310455 	-0.17377 	0.537013 	0.180534 	-1.45468 	-0.24872 	
0.06	0.310461 	-0.17377 	0.537014 	0.180534 	-1.45468 	-0.24872 	
0.065	0.310467 	-0.17377 	0.537015 	0.180534 	-1.45468 	-0.24872 	
0.07	0.310473 	-0.17377 	0.537016 	0.180534 	-1.45468 	-0.24872 	
0.075	0.310481 	-0.17377 	0.537018 	0.180534 	-1.45468 	-0.24872 	
0.08	0.310488 	-0.17377 	0.537019 	0.180534 	-1.45468 	-0.24872 	
0.085	0.310497 	-0.17377 	0.537021 	0.180534 	-1.45468 	-0.24872 	
0.09	0.310505 	-0.173771 	0.537022 	0.180534 	-1.45468 	-0.24872 	
0.095	0.310516 	-0.173771 	0.537024 	0.180534 	-1.45468 	-0.24872 	
0.1	0.310526 	-0.173771 	0.537026 	0.180534 	-1.45468 	-0.24872 	
0.105	0.310536 	-0.173771 	0.537028 	0.180534 	-1.45468 	-0.24872 	
0.11	0.310547 	-0.173771 	0.53703 	0.180534 	-1.45468 	-0.24872 	
0.115	0.310559 	-0.173772 	0.537032 	0.180534 	-1.45468 	-0.24872 	
0.12	0.310571 	-0.173772 	0.537034 	0.180534 	-1.45468 	-0.24872 	
0.125	0.310583 	-0.173772 	0.537037 	0.180534 	-1.45468 	-0.24872 	
0.13	0.310597 	-0.173772 	0.537039 	0.180534 	-1.45468 	-0.24872 	
0.135	0.31061 	-0.173773 	0.537042 	0.180534 	-1.45468 	-0.24872 	
0.14	0.310624 	-0.173773 	0.537044 	0.180534 	-1.45468 	-0.24872 	
0.145	0.310639 	-0.173773 	0.537047 	0.180534 	-1.45468 	-0.24872 	
0.15	0.310654 	-0.173774 	0.53705 	0.180534 	-1.45468 	-0.24872 	
0.155	0.31067 	-0.173774 	0.537053 	0.180534 	-1.45468 	-0.24872 	
0.16	0.310687 	-0.173774 	0.537056 	0.180534 	-1.45468 	-0.24872 	
0.165	0.310641 	-0.173759 	0.53704 	0.178912 	-1.45354 	-0.246485 	
0.17	0.310658 	-0.173759 	0.537043 	0.178912 	-1.45354 	-0.246485 	
0.175	0.310676 	-0.17376 	0.537047 	0.178912 	-1.45354 	-0.246485 	
0.18	0.310695 	-0.17376 	0.53705 	0.178912 	-1.45354 	-0.246485 	
0.185	0.310714 	-0.17376 	0.537054 	0.178912 	-1.45354 	-0.246485 	
0.19	0.310733 	-0.173761 	0.537057 	0.178912 	-1.45354 	-0.246485 	
0.195	0.310753 	-0.173761 	0.537061 	0.178912 	-1.45354 	-0.246485 	
0.2	0.310774 	-0.173762 	0.537065 	0.178912 	-1.45354 	-0.246485 	
0.205	0.310795 	-0.173762 	0.537069 	0.178912 	-1.45354 	-0.246485 	
0.21	0.310816 	-0.173762 	0.537073 	0.178912 	-1.45354 	-0.246485 	
0.215	0.310839 	-0.173763 	0.537077 	0.178912 	-1.45354 	-0.246485 	
0.22	0.310861 	-0.173763 	0.537081 	0.178912 	-1.45354 	-0.246485 	
0.225	0.310823 	-0.173749 	0.537066 	0.177313 	-1.45242 	-0.244282 	
0.23	0.310846 	-0.173749 	0.537071 	0.177313 	-1.45242 	-0.244282 	
0.235	0.310871 	-0.173749 	0.537075 	0.177313 	-1.45242 	-0.244282 	
0.24	0.310895 	-0.17375 	0.53708 	0.177313 	-1.45242 	-0.244282 	
0.245	0.310921 	-0.17375 	0.537085 	0.177313 	-1.45242 	-0.244282 	
0.25	0.310946 	-0.173751 	0.537089 	0.177313 	-1.45242 	-0.244282 	
0.255	0.310973 	-0.173751 	0.537094 	0.177313 	-1.45242 	-0.244282 	
0.26	0.310999 	-0.173752 	0.537099 	0.177313 	-1.45242 	-0.244282 	
0.265	0.311027 	-0.173752 	0.537104 	0.177313 	-1.45242 	-0.244282 	
0.27	0.311054 	-0.173753 	0.537109 	0.177313 	-1.45242 	-0.244282 	
0.275	0.311017 	-0.173738 	0.537095 	0.175618 	-1.45123 	-0.241947 	
0.28	0.311046 	-0.173738 	0.5371 	0.175618 	-1.45123 	-0.241947 	
0.285	0.311076 	-0.173739 	0.537106 	0.175618 	-1.45123 	-0.241947 	
0.29	0.311105 	-0.173739 	0.537111 	0.175618 	-1.45123 	-0.241947 	
0.295	0.311136 	-0.17374 	0.537117 	0.175618 	-1.45123 	-0.241947 	
0.3	0.311167 	-0.17374 	0.537122 	0.175618 	-1.45123 	-0.241947 	
0.305	0.311198 	-0.173741 	0.537128 	0.175618 	-1.45123 	-0.241947 	
0.31	0.31123 	-0.173741 	0.537134 	0.175618 	-1.45123 	-0.241947 	
0.315	0.3112 	-0.173727 	0.537121 	0.174005 	-1.4501 	-0.239725 	
0.32	0.311233 	-0.173728 	0.537127 	0.174005 	-1.4501 	-0.239725 	
0.325	0.311266 	-0.173728 	0.537134 	0.174005 	-1.4501 	-0.239725 	
0.33	0.3113 	-0.173729 	0.53714 	0.174005 	-1.4501 	-0.239725 	
0.335	0.311334 	-0.173729 	0.537146 	0.174005 	-1.4501 	-0.239725 	
0.34	0.311369 	-0.17373 	0.537153 	0.174005 	-1.4501 	-0.239725 	
0.345	0.311404 	-0.17373 	0.537159 	0.174005 	-1.4501 	-0.239725 	
0.35	0.311379 	-0.173717 	0.537147 	0.172425 	-1.44899 	-0.237548 	
0.355	0.311416 	-0.173717 	0.537154 	0.172425 	-1.44899 	-0.237548 	
0.36	0.311452 	-0.173718 	0.537161 	0.172425 	-1.44899 	-0.237548 	
0.365	0.31149 	-0.173719 	0.537168 	0.172425 	-1.44899 	-0.237548 	
0.37	0.311527 	-0.173719 	0.537175 	0.172425 	-1.44899 	-0.237548 	
0.375	0.311566 	-0.17372 	0.537182 	0.172425 	-1.44899 	-0.237548 	
0.38	0.311604 	-0.17372 	0.537189 	0.172425 	-1.44899 	-0.237548 	
0.385	0.311577 	-0.173706 	0.537176 	0.170708 	-1.44779 	-0.235182 	
0.39	0.311617 	-0.173706 	0.537184 	0.170708 	-1.44779 	-0.235182 	
0.395	0.311657 	-0.173707 	0.537191 	0.170708 	-1.44779 	-0.235182 	
0.4	0.311698 	-0.173707 	0.537198 	0.170708 	-1.44779 	-0.235182 	
0.405	0.311739 	-0.173708 	0.537206 	0.170708 	-1.44779 	-0.235182 	
0.41	0.311781 	-0.173708 	0.537214 	0.170708 	-1.44779 	-0.235182 	
0.415	0.31176 	-0.173695 	0.537203 	0.169088 	-1.44665 	-0.232951 	
0.42	0.311803 	-0.173696 	0.537211 	0.169088 	-1.44665 	-0.232951 	
0.425	0.311846 	-0.173696 	0.537218 	0.169089 	-1.44665 	-0.232951 	
0.43	0.311889 	-0.173697 	0.537226 	0.169089 	-1.44665 	-0.232951 	
0.435	0.311933 	-0.173697 	0.537235 	0.169089 	-1.44665 	-0.232951 	
0.44	0.311978 	-0.173698 	0.537243 	0.169089 	-1.44665 	-0.232951 	
0.445	0.311956 	-0.173684 	0.537231 	0.16738 	-1.44546 	-0.230597 	
0.45	0.312002 	-0.173685 	0.53724 	0.16738 	-1.44546 	-0.230597 	
0.455	0.312047 	-0.173685 	0.537248 	0.16738 	-1.44546 	-0.230597 	
0.46	0.312094 	-0.173686 	0.537257 	0.16738 	-1.44546 	-0.230597 	
0.465	0.312141 	-0.173686 	0.537265 	0.16738 	-1.44546 	-0.230597 	
0.47	0.312188 	-0.173687 	0.537274 	0.16738 	-1.44546 	-0.230597 	
0.475	0.312165 	-0.173672 	0.537262 	0.165564 	-1.44418 	-0.228096 	
0.48	0.312213 	-0.173673 	0.537271 	0.165564 	-1.44418 	-0.228096 	
0.485	0.312262 	-0.173673 	0.537279 	0.165564 	-1.44418 	-0.228096 	
0.49	0.312311 	-0.173674 	0.537288 	0.165564 	-1.44418 	-0.228096 	
0.495	0.31236 	-0.173674 	0.537297 	0.165564 	-1.44418 	-0.228096 	
0.5	0.312347 	-0.173662 	0.537288 	0.163939 	-1.44304 	-0.225857 	
0.505	0.312397 	-0.173662 	0.537297 	0.163939 	-1.44304 	-0.225857 	
0.51	0.312448 	-0.173663 	0.537307 	0.163939 	-1.44304 	-0.225857 	
0.515	0.312499 	-0.173663 	0.537316 	0.163939 	-1.44304 	-0.225857 	
0.52	0.312551 	-0.173664 	0.537325 	0.163939 	-1.44304 	-0.225857 	
0.525	0.312538 	-0.173651 	0.537316 	0.162268 	-1.44187 	-0.223555 	
0.53	0.312591 	-0.173651 	0.537325 	0.162268 	-1.44187 	-0.223555 	
0.535	0.312643 	-0.173652 	0.537335 	0.162268 	-1.44187 	-0.223555 	
0.54	0.312697 	-0.173652 	0.537345 	0.162268 	-1.44187 	-0.223555 	
0.545	0.312751 	-0.173653 	0.537355 	0.162268 	-1.44187 	-0.223555 	
0.55	0.312737 	-0.17364 	0.537345 	0.16053 	-1.44065 	-0.22116 	
0.555	0.312792 	-0.17364 	0.537355 	0.16053 	-1.44065 	-0.22116 	
0.56	0.312847 	-0.17364 	0.537365 	0.16053 	-1.44065 	-0.22116 	
0.565	0.312902 	-0.173641 	0.537375 	0.16053 	-1.44065 	-0.22116 	
0.57	0.312958 	-0.173641 	0.537385 	0.16053 	-1.44065 	-0.22116 	
0.575	0.312944 	-0.173628 	0.537375 	0.158723 	-1.43939 	-0.21867 	
0.58	0.313001 	-0.173628 	0.537385 	0.158723 	-1.43939 	-0.21867 	
0.585	0.313058 	-0.173629 	0.537396 	0.158723 	-1.43939 	-0.21867 	
0.59	0.313116 	-0.173629 	0.537406 	0.158723 	-1.43939 	-0.21867 	
0.595	0.313174 	-0.173629 	0.537417 	0.158723 	-1.43939 	-0.21867 	
0.6	0.313159 	-0.173616 	0.537406 	0.156849 	-1.43807 	-0.216089 	
0.605	0.313218 	-0.173616 	0.537417 	0.156849 	-1.43807 	-0.216089 	
0.61	0.313277 	-0.173616 	0.537428 	0.156849 	-1.43807 	-0.216089 	
0.615	0.313336 	-0.173617 	0.537439 	0.156849 	-1.43807 	-0.216089 	
0.62	0.313335 	-0.173605 	0.537432 	0.155264 	-1.43696 	-0.213905 	
0.625	0.313395 	-0.173606 	0.537443 	0.155264 	-1.43696 	-0.213905 	
0.63	0.313456 	-0.173606 	0.537454 	0.155264 	-1.43696 	-0.213905 	
0.635	0.313517 	-0.173606 	0.537465 	0.155264 	-1.43696 	-0.213905 	
0.64	0.313516 	-0.173595 	0.537458 	0.153672 	-1.43585 	-0.211712 	
0.645	0.313578 	-0.173595 	0.537469 	0.153672 	-1.43585 	-0.211712 	
0.65	0.31364 	-0.173595 	0.537481 	0.153672 	-1.43585 	-0.211712 	
0.655	0.313703 	-0.173596 	0.537492 	0.153672 	-1.43585 	-0.211712 	
0.66	0.313702 	-0.173585 	0.537485 	0.152044 	-1.4347 	-0.209469 	
0.665	0.313766 	-0.173585 	0.537497 	0.152044 	-1.4347 	-0.209469 	
0.67	0.313829 	-0.173585 	0.537508 	0.152044 	-1.4347 	-0.209469 	
0.675	0.313893 	-0.173585 	0.53752 	0.152044 	-1.4347 	-0.209469 	
0.68	0.313893 	-0.173574 	0.537513 	0.150377 	-1.43353 	-0.207173 	
0.685	0.313958 	-0.173574 	0.537525 	0.150377 	-1.43353 	-0.207173 	
0.69	0.314023 	-0.173574 	0.537536 	0.150377 	-1.43353 	-0.207173 	
0.695	0.314088 	-0.173574 	0.537548 	0.150377 	-1.43353 	-0.207173 	
0.7	0.314088 	-0.173563 	0.537541 	0.148673 	-1.43234 	-0.204825 	
0.705	0.314154 	-0.173563 	0.537553 	0.148673 	-1.43234 	-0.204825 	
0.71	0.314221 	-0.173562 	0.537565 	0.148673 	-1.43234 	-0.204825 	
0.715	0.314288 	-0.173562 	0.537577 	0.148673 	-1.43234 	-0.204825 	
0.72	0.314287 	-0.173551 	0.53757 	0.146932 	-1.43112 	-0.202427 	
0.725	0.314354 	-0.173551 	0.537582 	0.146932 	-1.43112 	-0.202427 	
0.73	0.314422 	-0.173551 	0.537595 	0.146932 	-1.43112 	-0.202427 	
0.735	0.314491 	-0.173551 	0.537607 	0.146932 	-1.43112 	-0.202427 	
0.74	0.31449 	-0.17354 	0.5376 	0.145156 	-1.42987 	-0.199979 	
0.745	0.314559 	-0.17354 	0.537612 	0.145156 	-1.42987 	-0.199979 	
0.75	0.314628 	-0.173539 	0.537625 	0.145156 	-1.42987 	-0.199979 	
0.755	0.314698 	-0.173539 	0.537637 	0.145156 	-1.42987 	-0.199979 	
0.76	0.314697 	-0.173528 	0.53763 	0.143345 	-1.4286 	-0.197485 	
0.765	0.314767 	-0.173528 	0.537642 	0.143345 	-1.4286 	-0.197485 	
0.77	0.314837 	-0.173527 	0.537655 	0.143345 	-1.4286 	-0.197485 	
0.775	0.314908 	-0.173527 	0.537668 	0.143345 	-1.4286 	-0.197485 	
0.78	0.314907 	-0.173516 	0.53766 	0.141501 	-1.42731 	-0.194944 	
0.785	0.314979 	-0.173516 	0.537673 	0.141501 	-1.42731 	-0.194944 	
0.79	0.315051 	-0.173515 	0.537686 	0.141501 	-1.42731 	-0.194944 	
0.795	0.315123 	-0.173515 	0.537699 	0.141501 	-1.42731 	-0.194944 	
0.8	0.315122 	-0.173504 	0.537692 	0.139625 	-1.426 	-0.19236 	
0.805	0.315194 	-0.173503 	0.537705 	0.139625 	-1.426 	-0.19236 	
0.81	0.315267 	-0.173503 	0.537718 	0.139625 	-1.426 	-0.19236 	
0.815	0.315341 	-0.173502 	0.537731 	0.139625 	-1.426 	-0.19236 	
0.82	0.315339 	-0.173491 	0.537723 	0.137718 	-1.42466 	-0.189732 	
0.825	0.315413 	-0.173491 	0.537737 	0.137718 	-1.42466 	-0.189732 	
0.83	0.315488 	-0.17349 	0.53775 	0.137718 	-1.42466 	-0.189732 	
0.835	0.315562 	-0.17349 	0.537763 	0.137718 	-1.42466 	-0.189732 	
0.84	0.315561 	-0.173479 	0.537756 	0.135781 	-1.4233 	-0.187064 	
0.845	0.315636 	-0.173478 	0.537769 	0.135781 	-1.4233 	-0.187064 	
0.85	0.315711 	-0.173477 	0.537782 	0.135781 	-1.4233 	-0.187064 	
0.855	0.315787 	-0.173477 	0.537796 	0.135781 	-1.4233 	-0.187064 	
0.86	0.315785 	-0.173466 	0.537788 	0.133816 	-1.42192 	-0.184357 	
0.865	0.315861 	-0.173465 	0.537802 	0.133816 	-1.42192 	-0.184357 	
0.87	0.315938 	-0.173464 	0.537815 	0.133816 	-1.42192 	-0.184357 	
0.875	0.316014 	-0.173464 	0.537829 	0.133816 	-1.42192 	-0.184357 	
0.88	0.316013 	-0.173453 	0.537821 	0.131824 	-1.42053 	-0.181612 	
0.885	0.31609 	-0.173452 	0.537835 	0.131824 	-1.42053 	-0.181612 	
0.89	0.316167 	-0.173451 	0.537849 	0.131824 	-1.42053 	-0.181612 	
0.895	0.316183 	-0.173443 	0.537846 	0.130261 	-1.41943 	-0.179459 	
0.9	0.316261 	-0.173442 	0.53786 	0.130261 	-1.41943 	-0.179459 	
0.905	0.316339 	-0.173441 	0.537873 	0.130261 	-1.41943 	-0.179459 	
0.91	0.316418 	-0.17344 	0.537887 	0.130261 	-1.41943 	-0.179459 	
0.915	0.316418 	-0.17343 	0.53788 	0.12827 	-1.41803 	-0.176715 	
0.92	0.316496 	-0.173429 	0.537894 	0.12827 	-1.41803 	-0.176715 	
0.925	0.316575 	-0.173428 	0.537908 	0.12827 	-1.41803 	-0.176715 	
0.93	0.316592 	-0.17342 	0.537905 	0.126678 	-1.41692 	-0.174523 	
0.935	0.316671 	-0.173419 	0.537919 	0.126678 	-1.41692 	-0.174523 	
0.94	0.316751 	-0.173417 	0.537933 	0.126678 	-1.41692 	-0.174523 	
0.945	0.316769 	-0.17341 	0.537931 	0.125116 	-1.41582 	-0.172371 	
0.95	0.316849 	-0.173408 	0.537945 	0.125116 	-1.41582 	-0.172371 	
0.955	0.31693 	-0.173407 	0.537959 	0.125116 	-1.41582 	-0.172371 	
0.96	0.316948 	-0.173399 	0.537957 	0.123547 	-1.41472 	-0.170209 	
0.965	0.317029 	-0.173398 	0.537971 	0.123547 	-1.41472 	-0.170209 	
0.97	0.31711 	-0.173397 	0.537986 	0.123547 	-1.41472 	-0.170209 	
0.975	0.317129 	-0.173389 	0.537983 	0.121966 	-1.41361 	-0.168031 	
0.98	0.31721 	-0.173388 	0.537998 	0.121966 	-1.41361 	-0.168031 	
0.985	0.317292 	-0.173386 	0.538012 	0.121966 	-1.41361 	-0.168031 	
0.99	0.31731 	-0.173379 	0.53801 	0.120373 	-1.4125 	-0.165837 	
0.995	0.317392 	-0.173377 	0.538024 	0.120373 	-1.4125 	-0.165837 	
1	0.317474 	-0.173376 	0.538039 	0.120373 	-1.4125 	-0.165837 	
1.005	0.317493 	-0.173368 	0.538036 	0.118771 	-1.41137 	-0.163629 	
1.01	0.317576 	-0.173367 	0.538051 	0.118771 	-1.41137 	-0.163629 	
1.015	0.317658 	-0.173365 	0.538065 	0.118771 	-1.41137 	-0.163629 	
1.02	0.317677 	-0.173358 	0.538063 	0.117158 	-1.41024 	-0.161407 	
1.025	0.31776 	-0.173356 	0.538078 	0.117158 	-1.41024 	-0.161407 	
1.03	0.317843 	-0.173354 	0.538092 	0.117158 	-1.41024 	-0.161407 	
1.035	0.317862 	-0.173347 	0.53809 	0.115535 	-1.40911 	-0.159172 	
1.04	0.317946 	-0.173346 	0.538105 	0.115535 	-1.40911 	-0.159172 	
1.045	0.318029 	-0.173344 	0.538119 	0.115535 	-1.40911 	-0.159172 	
1.05	0.318048 	-0.173337 	0.538117 	0.113904 	-1.40796 	-0.156924 	
1.055	0.318132 	-0.173335 	0.538132 	0.113904 	-1.40796 	-0.156924 	
1.06	0.318216 	-0.173333 	0.538146 	0.113904 	-1.40796 	-0.156924 	
1.065	0.318235 	-0.173326 	0.538144 	0.112264 	-1.40681 	-0.154665 	
1.07	0.318319 	-0.173324 	0.538159 	0.112264 	-1.40681 	-0.154665 	
1.075	0.318404 	-0.173322 	0.538174 	0.112264 	-1.40681 	-0.154665 	
1.08	0.318423 	-0.173316 	0.538172 	0.110617 	-1.40566 	-0.152396 	
1.085	0.318508 	-0.173313 	0.538186 	0.110617 	-1.40566 	-0.152396 	
1.09	0.318592 	-0.173311 	0.538201 	0.110617 	-1.40566 	-0.152396 	
1.095	0.318612 	-0.173305 	0.538199 	0.108963 	-1.4045 	-0.150116 	
1.1	0.318697 	-0.173302 	0.538214 	0.108963 	-1.4045 	-0.150116 	
1.105	0.318782 	-0.1733 	0.538229 	0.108963 	-1.4045 	-0.150116 	
1.11	0.318801 	-0.173294 	0.538227 	0.107301 	-1.40333 	-0.147828 	
1.115	0.318886 	-0.173292 	0.538241 	0.107301 	-1.40333 	-0.147828 	
1.12	0.318972 	-0.173289 	0.538256 	0.107301 	-1.40333 	-0.147828 	
1.125	0.318991 	-0.173283 	0.538254 	0.105634 	-1.40216 	-0.145531 	
1.13	0.319077 	-0.173281 	0.538269 	0.105634 	-1.40216 	-0.145531 	
1.135	0.319162 	-0.173278 	0.538284 	0.105634 	-1.40216 	-0.145531 	
1.14	0.319182 	-0.173272 	0.538282 	0.103962 	-1.40099 	-0.143227 	
1.145	0.319268 	-0.17327 	0.538297 	0.103962 	-1.40099 	-0.143227 	
1.15	0.319354 	-0.173267 	0.538312 	0.103962 	-1.40099 	-0.143227 	
1.155	0.319373 	-0.173261 	0.53831 	0.102284 	-1.39981 	-0.140916 	
1.16	0.319459 	-0.173259 	0.538325 	0.102284 	-1.39981 	-0.140916 	
1.165	0.319545 	-0.173256 	0.538339 	0.102284 	-1.39981 	-0.140916 	
1.17	0.319565 	-0.17325 	0.538338 	0.100603 	-1.39864 	-0.138599 	
1.175	0.319651 	-0.173248 	0.538352 	0.100603 	-1.39864 	-0.138599 	
1.18	0.319737 	-0.173245 	0.538367 	0.100603 	-1.39864 	-0.138599 	
1.185	0.319757 	-0.17324 	0.538366 	0.0989176 	-1.39745 	-0.136278 	
1.19	0.319843 	-0.173237 	0.53838 	0.0989176 	-1.39745 	-0.136278 	
1.195	0.31993 	-0.173234 	0.538395 	0.0989176 	-1.39745 	-0.136278 	
1.2	0.319949 	-0.173229 	0.538393 	0.0972293 	-1.39627 	-0.133952 	
1.205	0.320036 	-0.173225 	0.538408 	0.0972293 	-1.39627 	-0.133952 	
1.21	0.320122 	-0.173222 	0.538423 	0.0972293 	-1.39627 	-0.133952 	
1.215	0.320142 	-0.173218 	0.538422 	0.0955386 	-1.39508 	-0.131622 	
1.22	0.320229 	-0.173214 	0.538436 	0.0955386 	-1.39508 	-0.131622 	
1.225	0.320315 	-0.173211 	0.538451 	0.0955386 	-1.39508 	-0.131622 	
1.23	0.320335 	-0.173207 	0.53845 	0.093846 	-1.3939 	-0.12929 	
1.235	0.320422 	-0.173203 	0.538464 	0.093846 	-1.3939 	-0.12929 	
1.24	0.320508 	-0.1732 	0.538479 	0.093846 	-1.3939 	-0.12929 	
1.245	0.320528 	-0.173196 	0.538478 	0.0921521 	-1.39271 	-0.126957 	
1.25	0.320615 	-0.173192 	0.538492 	0.0921521 	-1.39271 	-0.126957 	
1.255	0.320702 	-0.173189 	0.538507 	0.0921521 	-1.39271 	-0.126957 	
1.26	0.320721 	-0.173185 	0.538506 	0.0904576 	-1.39152 	-0.124622 	
1.265	0.320808 	-0.173181 	0.538521 	0.0904576 	-1.39152 	-0.124622 	
1.27	0.320895 	-0.173178 	0.538535 	0.0904576 	-1.39152 	-0.124622 	
1.275	0.320914 	-0.173174 	0.538534 	0.088763 	-1.39033 	-0.122288 	
1.28	0.321001 	-0.17317 	0.538549 	0.088763 	-1.39033 	-0.122288 	
1.285	0.321088 	-0.173166 	0.538563 	0.088763 	-1.39033 	-0.122288 	
1.29	0.321107 	-0.173163 	0.538562 	0.0870689 	-1.38915 	-0.119954 	
1.295	0.321194 	-0.173159 	0.538577 	0.0870689 	-1.38915 	-0.119954 	
1.3	0.321281 	-0.173155 	0.538591 	0.0870689 	-1.38915 	-0.119954 	
1.305	0.3213 	-0.173152 	0.53859 	0.085376 	-1.38796 	-0.117621 	
1.31	0.321387 	-0.173148 	0.538605 	0.085376 	-1.38796 	-0.117621 	
1.315	0.321473 	-0.173144 	0.538619 	0.085376 	-1.38796 	-0.117621 	
1.32	0.321493 	-0.173141 	0.538618 	0.0836848 	-1.38677 	-0.115291 	
1.325	0.321579 	-0.173137 	0.538633 	0.0836848 	-1.38677 	-0.115291 	
1.33	0.321666 	-0.173133 	0.538647 	0.0836848 	-1.38677 	-0.115291 	
1.335	0.321685 	-0.17313 	0.538646 	0.0819959 	-1.38559 	-0.112965 	
1.34	0.321772 	-0.173126 	0.538661 	0.0819959 	-1.38559 	-0.112965 	
1.345	0.321858 	-0.173122 	0.538675 	0.0819959 	-1.38559 	-0.112965 	
1.35	0.321877 	-0.173119 	0.538674 	0.0803099 	-1.38441 	-0.110642 	
1.355	0.321963 	-0.173115 	0.538688 	0.0803099 	-1.38441 	-0.110642 	
1.36	0.32205 	-0.17311 	0.538703 	0.0803099 	-1.38441 	-0.110642 	
1.365	0.322069 	-0.173108 	0.538702 	0.0786274 	-1.38323 	-0.108324 	
1.37	0.322155 	-0.173104 	0.538716 	0.0786274 	-1.38323 	-0.108324 	
1.375	0.322241 	-0.173099 	0.538731 	0.0786274 	-1.38323 	-0.108324 	
1.38	0.32226 	-0.173097 	0.538729 	0.076949 	-1.38205 	-0.106012 	
1.385	0.322346 	-0.173093 	0.538744 	0.076949 	-1.38205 	-0.106012 	
1.39	0.322432 	-0.173088 	0.538758 	0.076949 	-1.38205 	-0.106012 	
1.395	0.322451 	-0.173086 	0.538757 	0.0752753 	-1.38088 	-0.103706 	
1.4	0.322536 	-0.173082 	0.538772 	0.0752753 	-1.38088 	-0.103706 	
1.405	0.322622 	-0.173077 	0.538786 	0.0752753 	-1.38088 	-0.103706 	
1.41	0.322641 	-0.173075 	0.538785 	0.0736069 	-1.37971 	-0.101407 	
1.415	0.322726 	-0.173071 	0.538799 	0.0736069 	-1.37971 	-0.101407 	
1.42	0.322811 	-0.173066 	0.538813 	0.0736069 	-1.37971 	-0.101407 	
1.425	0.32283 	-0.173064 	0.538812 	0.0719444 	-1.37854 	-0.0991169 	
1.43	0.322915 	-0.17306 	0.538827 	0.0719444 	-1.37854 	-0.0991169 	
1.435	0.323 	-0.173055 	0.538841 	0.0719444 	-1.37854 	-0.0991169 	
1.44	0.323019 	-0.173054 	0.53884 	0.0702883 	-1.37738 	-0.0968353 	
1.445	0.323103 	-0.173049 	0.538854 	0.0702883 	-1.37738 	-0.0968353 	
1.45	0.323188 	-0.173044 	0.538868 	0.0702883 	-1.37738 	-0.0968353 	
1.455	0.323206 	-0.173043 	0.538867 	0.0686393 	-1.37622 	-0.0945635 	
1.46	0.323291 	-0.173038 	0.538881 	0.0686393 	-1.37622 	-0.0945635 	
1.465	0.323375 	-0.173034 	0.538895 	0.0686393 	-1.37622 	-0.0945635 	
1.47	0.323393 	-0.173032 	0.538894 	0.0669979 	-1.37507 	-0.0923021 	
1.475	0.323477 	-0.173028 	0.538908 	0.0669979 	-1.37507 	-0.0923021 	
1.48	0.323561 	-0.173023 	0.538922 	0.0669979 	-1.37507 	-0.0923021 	
1.485	0.323579 	-0.173022 	0.538921 	0.0653647 	-1.37393 	-0.0900521 	
1.49	0.323663 	-0.173017 	0.538935 	0.0653647 	-1.37393 	-0.0900521 	
1.495	0.323746 	-0.173012 	0.538949 	0.0653647 	-1.37393 	-0.0900521 	
1.5	0.323764 	-0.173011 	0.538948 	0.0637403 	-1.37279 	-0.0878141 	
1.505	0.323847 	-0.173006 	0.538962 	0.0637403 	-1.37279 	-0.0878141 	
1.51	0.32393 	-0.173001 	0.538976 	0.0637403 	-1.37279 	-0.0878141 	
1.515	0.323948 	-0.173001 	0.538975 	0.0621252 	-1.37166 	-0.085589 	
1.52	0.32403 	-0.172996 	0.538989 	0.0621252 	-1.37166 	-0.085589 	
1.525	0.324113 	-0.172991 	0.539002 	0.0621252 	-1.37166 	-0.085589 	
1.53	0.324131 	-0.17299 	0.539001 	0.06052 	-1.37053 	-0.0833776 	
1.535	0.324213 	-0.172985 	0.539015 	0.06052 	-1.37053 	-0.0833776 	
1.54	0.324294 	-0.17298 	0.539029 	0.06052 	-1.37053 	-0.0833776 	
1.545	0.324312 	-0.17298 	0.539028 	0.0589253 	-1.36941 	-0.0811806 	
1.55	0.324394 	-0.172975 	0.539041 	0.0589253 	-1.36941 	-0.0811806 	
1.555	0.324475 	-0.17297 	0.539055 	0.0589253 	-1.36941 	-0.0811806 	
1.56	0.324493 	-0.17297 	0.539054 	0.0573417 	-1.3683 	-0.0789989 	
1.565	0.324573 	-0.172965 	0.539067 	0.0573417 	-1.3683 	-0.0789989 	
1.57	0.324654 	-0.172959 	0.539081 	0.0573417 	-1.3683 	-0.0789989 	
1.575	0.324671 	-0.172959 	0.53908 	0.0557697 	-1.3672 	-0.0768331 	
1.58	0.324752 	-0.172954 	0.539093 	0.0557697 	-1.3672 	-0.0768331 	
1.585	0.324832 	-0.172949 	0.539106 	0.0557697 	-1.3672 	-0.0768331 	
1.59	0.324849 	-0.172949 	0.539106 	0.0542098 	-1.36611 	-0.0746841 	
1.595	0.324929 	-0.172944 	0.539119 	0.0542098 	-1.36611 	-0.0746841 	
1.6	0.325008 	-0.172939 	0.539132 	0.0542098 	-1.36611 	-0.0746841 	
1.605	0.325025 	-0.172939 	0.539131 	0.0526626 	-1.36502 	-0.0725526 	
1.61	0.325104 	-0.172934 	0.539144 	0.0526626 	-1.36502 	-0.0725526 	
1.615	0.325182 	-0.172929 	0.539157 	0.0526626 	-1.36502 	-0.0725526 	
1.62	0.3252 	-0.172929 	0.539157 	0.0511287 	-1.36395 	-0.0704394 	
1.625	0.325278 	-0.172924 	0.53917 	0.0511287 	-1.36395 	-0.0704394 	
1.63	0.325356 	-0.172919 	0.539182 	0.0511287 	-1.36395 	-0.0704394 	
1.635	0.325433 	-0.172914 	0.539195 	0.0511287 	-1.36395 	-0.0704394 	
1.64	0.325432 	-0.172916 	0.539191 	0.0491571 	-1.36256 	-0.067723 	
1.645	0.325509 	-0.172911 	0.539203 	0.0491571 	-1.36256 	-0.067723 	
1.65	0.325586 	-0.172905 	0.539216 	0.0491571 	-1.36256 	-0.067723 	
1.655	0.325601 	-0.172906 	0.539215 	0.0476095 	-1.36148 	-0.0655909 	
1.66	0.325677 	-0.172901 	0.539228 	0.0476095 	-1.36148 	-0.0655909 	
1.665	0.325753 	-0.172896 	0.53924 	0.0476095 	-1.36148 	-0.0655909 	
1.67	0.325829 	-0.17289 	0.539252 	0.0476095 	-1.36148 	-0.0655909 	
1.675	0.325828 	-0.172893 	0.539248 	0.0456779 	-1.36012 	-0.0629297 	
1.68	0.325903 	-0.172888 	0.539261 	0.0456779 	-1.36012 	-0.0629297 	
1.685	0.325978 	-0.172883 	0.539273 	0.0456779 	-1.36012 	-0.0629297 	
1.69	0.326053 	-0.172877 	0.539285 	0.0456779 	-1.36012 	-0.0629297 	
1.695	0.32605 	-0.172881 	0.539281 	0.0437322 	-1.35876 	-0.0602491 	
1.7	0.326124 	-0.172875 	0.539293 	0.0437322 	-1.35876 	-0.0602491 	
1.705	0.326198 	-0.17287 	0.539305 	0.0437322 	-1.35876 	-0.0602491 	
1.71	0.326271 	-0.172865 	0.539317 	0.0437322 	-1.35876 	-0.0602491 	
1.715	0.326268 	-0.172868 	0.539312 	0.0418113 	-1.35741 	-0.0576027 	
1.72	0.326341 	-0.172863 	0.539324 	0.0418113 	-1.35741 	-0.0576027 	
1.725	0.326414 	-0.172858 	0.539336 	0.0418113 	-1.35741 	-0.0576027 	
1.73	0.326486 	-0.172852 	0.539348 	0.0418113 	-1.35741 	-0.0576027 	
1.735	0.326483 	-0.172856 	0.539344 	0.0399204 	-1.35609 	-0.0549976 	
1.74	0.326555 	-0.172851 	0.539355 	0.0399204 	-1.35609 	-0.0549976 	
1.745	0.326626 	-0.172845 	0.539367 	0.0399204 	-1.35609 	-0.0549976 	
1.75	0.326698 	-0.17284 	0.539378 	0.0399204 	-1.35609 	-0.0549976 	
1.755	0.326694 	-0.172844 	0.539374 	0.0380609 	-1.35478 	-0.0524358 	
1.76	0.326765 	-0.172839 	0.539386 	0.0380609 	-1.35478 	-0.0524358 	
1.765	0.326835 	-0.172833 	0.539397 	0.0380609 	-1.35478 	-0.0524358 	
1.77	0.326905 	-0.172828 	0.539408 	0.0380609 	-1.35478 	-0.0524358 	
1.775	0.326902 	-0.172832 	0.539404 	0.0362341 	-1.3535 	-0.0499191 	
1.78	0.326971 	-0.172827 	0.539416 	0.0362341 	-1.3535 	-0.0499191 	
1.785	0.32704 	-0.172821 	0.539427 	0.0362341 	-1.3535 	-0.0499191 	
1.79	0.327109 	-0.172816 	0.539438 	0.0362341 	-1.3535 	-0.0499191 	
1.795	0.327106 	-0.172821 	0.539434 	0.0344412 	-1.35225 	-0.0474491 	
1.8	0.327174 	-0.172815 	0.539445 	0.0344412 	-1.35225 	-0.0474491 	
1.805	0.327241 	-0.17281 	0.539456 	0.0344412 	-1.35225 	-0.0474491 	
1.81	0.327308 	-0.172805 	0.539467 	0.0344412 	-1.35225 	-0.0474491 	
1.815	0.327305 	-0.172809 	0.539463 	0.0326833 	-1.35101 	-0.0450272 	
1.82	0.327372 	-0.172804 	0.539474 	0.0326833 	-1.35101 	-0.0450272 	
1.825	0.327438 	-0.172799 	0.539484 	0.0326833 	-1.35101 	-0.0450272 	
1.83	0.327504 	-0.172793 	0.539495 	0.0326833 	-1.35101 	-0.0450272 	
1.835	0.327501 	-0.172798 	0.539492 	0.0309615 	-1.34981 	-0.0426551 	
1.84	0.327566 	-0.172793 	0.539502 	0.0309615 	-1.34981 	-0.0426551 	
1.845	0.327631 	-0.172788 	0.539512 	0.0309615 	-1.34981 	-0.0426551 	
1.85	0.327695 	-0.172782 	0.539523 	0.0309615 	-1.34981 	-0.0426551 	
1.855	0.327692 	-0.172787 	0.539519 	0.0292768 	-1.34863 	-0.0403341 	
1.86	0.327756 	-0.172782 	0.53953 	0.0292768 	-1.34863 	-0.0403341 	
1.865	0.327819 	-0.172777 	0.53954 	0.0292768 	-1.34863 	-0.0403341 	
1.87	0.327882 	-0.172771 	0.53955 	0.0292768 	-1.34863 	-0.0403341 	
1.875	0.327879 	-0.172777 	0.539547 	0.0276303 	-1.34747 	-0.0380658 	
1.88	0.327941 	-0.172771 	0.539556 	0.0276303 	-1.34747 	-0.0380658 	
1.885	0.328003 	-0.172766 	0.539566 	0.0276303 	-1.34747 	-0.0380658 	
1.89	0.328065 	-0.172761 	0.539576 	0.0276303 	-1.34747 	-0.0380658 	
1.895	0.328062 	-0.172766 	0.539573 	0.0260231 	-1.34634 	-0.0358516 	
1.9	0.328122 	-0.172761 	0.539583 	0.0260231 	-1.34634 	-0.0358516 	
1.905	0.328183 	-0.172756 	0.539592 	0.0260231 	-1.34634 	-0.0358516 	
1.91	0.328242 	-0.172751 	0.539602 	0.0260231 	-1.34634 	-0.0358516 	
1.915	0.32824 	-0.172756 	0.539599 	0.0244562 	-1.34525 	-0.0336928 	
1.92	0.328299 	-0.172751 	0.539608 	0.0244562 	-1.34525 	-0.0336928 	
1.925	0.328357 	-0.172746 	0.539618 	0.0244562 	-1.34525 	-0.0336928 	
1.93	0.328415 	-0.172741 	0.539627 	0.0244562 	-1.34525 	-0.0336928 	
1.935	0.328413 	-0.172746 	0.539624 	0.0229304 	-1.34418 	-0.0315909 	
1.94	0.32847 	-0.172741 	0.539633 	0.0229304 	-1.34418 	-0.0315909 	
1.945	0.328527 	-0.172736 	0.539642 	0.0229304 	-1.34418 	-0.0315909 	
1.95	0.328584 	-0.172731 	0.539651 	0.0229304 	-1.34418 	-0.0315909 	
1.955	0.32864 	-0.172726 	0.53966 	0.0229304 	-1.34418 	-0.0315909 	
1.96	0.328624 	-0.172734 	0.539655 	0.0211211 	-1.34291 	-0.0290981 	
1.965	0.328679 	-0.172729 	0.539664 	0.0211211 	-1.34291 	-0.0290981 	
1.97	0.328734 	-0.172724 	0.539672 	0.0211211 	-1.34291 	-0.0290981 	
1.975	0.328789 	-0.172719 	0.539681 	0.0211211 	-1.34291 	-0.0290981 	
1.98	0.328843 	-0.172715 	0.53969 	0.0211211 	-1.34291 	-0.0290981 	
1.985	0.328826 	-0.172723 	0.539684 	0.0193437 	-1.34166 	-0.0266494 	
1.99	0.328879 	-0.172718 	0.539693 	0.0193437 	-1.34166 	-0.0266494 	
1.995	0.328932 	-0.172713 	0.539701 	0.0193437 	-1.34166 	-0.0266494 	
2	0.328984 	-0.172708 	0.539709 	0.0193437 	-1.34166 	-0.0266494 	
2.005	0.329036 	-0.172704 	0.539717 	0.0193437 	-1.34166 	-0.0266494 	
2.01	0.32902 	-0.172712 	0.539712 	0.017632 	-1.34046 	-0.0242913 	
2.015	0.329071 	-0.172707 	0.53972 	0.017632 	-1.34046 	-0.0242913 	
2.02	0.329121 	-0.172702 	0.539728 	0.017632 	-1.34046 	-0.0242913 	
2.025	0.329172 	-0.172698 	0.539736 	0.017632 	-1.34046 	-0.0242913 	
2.03	0.329221 	-0.172693 	0.539744 	0.017632 	-1.34046 	-0.0242913 	
2.035	0.329206 	-0.172701 	0.539739 	0.0159911 	-1.33931 	-0.0220306 	
2.04	0.329254 	-0.172697 	0.539747 	0.0159911 	-1.33931 	-0.0220306 	
2.045	0.329303 	-0.172692 	0.539755 	0.0159911 	-1.33931 	-0.0220306 	
2.05	0.329351 	-0.172688 	0.539762 	0.0159911 	-1.33931 	-0.0220306 	
2.055	0.329398 	-0.172683 	0.53977 	0.0159911 	-1.33931 	-0.0220306 	
2.06	0.329383 	-0.172691 	0.539765 	0.0144229 	-1.33821 	-0.0198701 	
2.065	0.32943 	-0.172687 	0.539772 	0.0144229 	-1.33821 	-0.0198701 	
2.07	0.329476 	-0.172682 	0.53978 	0.0144229 	-1.33821 	-0.0198701 	
2.075	0.329521 	-0.172678 	0.539787 	0.0144229 	-1.33821 	-0.0198701 	
2.08	0.329566 	-0.172674 	0.539794 	0.0144229 	-1.33821 	-0.0198701 	
2.085	0.329611 	-0.17267 	0.539801 	0.0144229 	-1.33821 	-0.0198701 	
2.09	0.329586 	-0.172679 	0.539795 	0.0126703 	-1.33698 	-0.0174556 	
2.095	0.32963 	-0.172675 	0.539802 	0.0126703 	-1.33698 	-0.0174556 	
2.1	0.329673 	-0.172671 	0.539808 	0.0126703 	-1.33698 	-0.0174556 	
2.105	0.329716 	-0.172667 	0.539815 	0.0126703 	-1.33698 	-0.0174556 	
2.11	0.329758 	-0.172663 	0.539822 	0.0126703 	-1.33698 	-0.0174556 	
2.115	0.3298 	-0.172659 	0.539828 	0.0126703 	-1.33698 	-0.0174556 	
2.12	0.329775 	-0.172668 	0.539822 	0.0109973 	-1.33581 	-0.0151507 	
2.125	0.329816 	-0.172665 	0.539829 	0.0109973 	-1.33581 	-0.0151507 	
2.13	0.329857 	-0.172661 	0.539835 	0.0109973 	-1.33581 	-0.0151507 	
2.135	0.329897 	-0.172657 	0.539841 	0.0109973 	-1.33581 	-0.0151507 	
2.14	0.329936 	-0.172653 	0.539847 	0.0109973 	-1.33581 	-0.0151507 	
2.145	0.329975 	-0.172649 	0.539854 	0.0109973 	-1.33581 	-0.0151507 	
2.15	0.329952 	-0.172659 	0.539848 	0.00943304 	-1.33471 	-0.0129956 	
2.155	0.32999 	-0.172655 	0.539854 	0.00943304 	-1.33471 	-0.0129956 	
2.16	0.330027 	-0.172651 	0.53986 	0.00943304 	-1.33471 	-0.0129956 	
2.165	0.330064 	-0.172648 	0.539865 	0.00943304 	-1.33471 	-0.0129956 	
2.17	0.330101 	-0.172644 	0.539871 	0.00943304 	-1.33471 	-0.0129956 	
2.175	0.330137 	-0.172641 	0.539877 	0.00943304 	-1.33471 	-0.0129956 	
2.18	0.330172 	-0.172637 	0.539882 	0.00943304 	-1.33471 	-0.0129956 	
2.185	0.330142 	-0.172648 	0.539876 	0.00777741 	-1.33355 	-0.0107147 	
2.19	0.330176 	-0.172644 	0.539881 	0.00777741 	-1.33355 	-0.0107147 	
2.195	0.33021 	-0.172641 	0.539886 	0.00777741 	-1.33355 	-0.0107147 	
2.2	0.330244 	-0.172638 	0.539891 	0.00777741 	-1.33355 	-0.0107147 	
2.205	0.330277 	-0.172634 	0.539897 	0.00777741 	-1.33355 	-0.0107147 	
2.21	0.33031 	-0.172631 	0.539902 	0.00777741 	-1.33355 	-0.0107147 	
2.215	0.330342 	-0.172628 	0.539907 	0.00777741 	-1.33355 	-0.0107147 	
2.22	0.330313 	-0.172638 	0.5399 	0.00625483 	-1.33248 	-0.00861705 	
2.225	0.330344 	-0.172635 	0.539905 	0.00625483 	-1.33248 	-0.00861705 	
2.23	0.330375 	-0.172632 	0.53991 	0.00625483 	-1.33248 	-0.00861705 	
2.235	0.330405 	-0.172629 	0.539915 	0.00625483 	-1.33248 	-0.00861705 	
2.24	0.330434 	-0.172626 	0.539919 	0.00625483 	-1.33248 	-0.00861705 	
2.245	0.330463 	-0.172623 	0.539924 	0.00625483 	-1.33248 	-0.00861705 	
2.25	0.330492 	-0.17262 	0.539928 	0.00625483 	-1.33248 	-0.00861705 	
2.255	0.33052 	-0.172617 	0.539933 	0.00625483 	-1.33248 	-0.00861705 	
2.26	0.330487 	-0.172628 	0.539926 	0.00473024 	-1.33141 	-0.00651664 	
2.265	0.330514 	-0.172625 	0.53993 	0.00473024 	-1.33141 	-0.00651664 	
2.27	0.33054 	-0.172623 	0.539934 	0.00473024 	-1.33141 	-0.00651664 	
2.275	0.330566 	-0.17262 	0.539938 	0.00473024 	-1.33141 	-0.00651664 	
2.28	0.330592 	-0.172618 	0.539942 	0.00473024 	-1.33141 	-0.00651664 	
2.285	0.330616 	-0.172615 	0.539946 	0.00473024 	-1.33141 	-0.00651664 	
2.29	0.330641 	-0.172613 	0.53995 	0.00473024 	-1.33141 	-0.00651664 	
2.295	0.330665 	-0.17261 	0.539953 	0.00473024 	-1.33141 	-0.00651664 	
2.3	0.330688 	-0.172608 	0.539957 	0.00473024 	-1.33141 	-0.00651664 	
2.305	0.330711 	-0.172606 	0.53996 	0.00473024 	-1.33141 	-0.00651664 	
2.31	0.33067 	-0.172618 	0.539952 	0.00313474 	-1.3303 	-0.00431852 	
2.315	0.330692 	-0.172615 	0.539956 	0.00313474 	-1.3303 	-0.00431852 	
2.32	0.330713 	-0.172613 	0.539959 	0.00313474 	-1.3303 	-0.00431852 	
2.325	0.330734 	-0.172611 	0.539962 	0.00313474 	-1.3303 	-0.00431852 	
2.33	0.330754 	-0.172609 	0.539965 	0.00313474 	-1.3303 	-0.00431852 	
2.335	0.330773 	-0.172607 	0.539968 	0.00313474 	-1.3303 	-0.00431852 	
2.34	0.330792 	-0.172605 	0.539971 	0.00313474 	-1.3303 	-0.00431852 	
2.345	0.330811 	-0.172603 	0.539974 	0.00313474 	-1.3303 	-0.00431852 	
2.35	0.330829 	-0.172601 	0.539977 	0.00313474 	-1.3303 	-0.00431852 	
2.355	0.330847 	-0.1726 	0.53998 	0.00313474 	-1.3303 	-0.00431852 	
2.36	0.330864 	-0.172598 	0.539982 	0.00313474 	-1.3303 	-0.00431852 	
2.365	0.33088 	-0.172596 	0.539985 	0.00313474 	-1.3303 	-0.00431852 	
2.37	0.330896 	-0.172595 	0.539987 	0.00313474 	-1.3303 	-0.00431852 	
2.375	0.330849 	-0.172607 	0.539978 	0.00155958 	-1.32919 	-0.00214844 	
2.38	0.330864 	-0.172606 	0.539981 	0.00155958 	-1.32919 	-0.00214844 	
2.385	0.330878 	-0.172604 	0.539983 	0.00155958 	-1.32919 	-0.00214844 	
2.39	0.330892 	-0.172603 	0.539985 	0.00155958 	-1.32919 	-0.00214844 	
2.395	0.330905 	-0.172602 	0.539987 	0.00155958 	-1.32919 	-0.00214844 	
2.4	0.330918 	-0.1726 	0.539989 	0.00155958 	-1.32919 	-0.00214844 	
2.405	0.33093 	-0.172599 	0.539991 	0.00155958 	-1.32919 	-0.00214844 	
2.41	0.330942 	-0.172598 	0.539993 	0.00155958 	-1.32919 	-0.00214844 	
2.415	0.330953 	-0.172597 	0.539994 	0.00155958 	-1.32919 	-0.00214844 	
2.42	0.330963 	-0.172596 	0.539996 	0.00155958 	-1.32919 	-0.00214844 	
2.425	0.330973 	-0.172595 	0.539998 	0.00155958 	-1.32919 	-0.00214844 	
2.43	0.330982 	-0.172594 	0.539999 	0.00155958 	-1.32919 	-0.00214844 	
2.435	0.330992 	-0.172593 	0.54 	0.00155958 	-1.32919 	-0.00214844 	
2.44	0.330999 	-0.172592 	0.540002 	0.00155958 	-1.32919 	-0.00214844 	
2.445	0.331007 	-0.172591 	0.540003 	0.00155958 	-1.32919 	-0.00214844 	
2.45	0.331015 	-0.17259 	0.540004 	0.00155958 	-1.32919 	-0.00214844 	
2.455	0.331021 	-0.17259 	0.540005 	0.00155958 	-1.32919 	-0.00214844 	
2.46	0.331028 	-0.172589 	0.540006 	0.00155958 	-1.32919 	-0.00214844 	
2.465	0.331034 	-0.172588 	0.540007 	0.00155958 	-1.32919 	-0.00214844 	
2.47	0.331039 	-0.172588 	0.540008 	0.00155958 	-1.32919 	-0.00214844 	
2.475	0.331043 	-0.172587 	0.540008 	0.00155958 	-1.32919 	-0.00214844 	
2.48	0.331048 	-0.172587 	0.540009 	0.00155958 	-1.32919 	-0.00214844 	
2.485	0.331051 	-0.172587 	0.54001 	0.00155958 	-1.32919 	-0.00214844 	
2.49	0.331054 	-0.172586 	0.54001 	0.00155958 	-1.32919 	-0.00214844 	
2.495	0.331057 	-0.172586 	0.540011 	0.00155958 	-1.32919 	-0.00214844 	
2.5	0.331059 	-0.172586 	0.540011 	0.00155958 	-1.32919 	-0.00214844 	
2.505	0.33106 	-0.172586 	0.540011 	0.00155958 	-1.32919 	-0.00214844 	
2.51	0.33106 	-0.172586 	0.540011 	0.00155958 	-1.32919 	-0.00214844 	
2.515	0.331061 	-0.172586 	0.540011 	0.00155958 	-1.32919 	-0.00214844 	
2.52	0.331061 	-0.172586 	0.540011 	0.00155958 	-1.32919 	-0.00214844 	
2.525	0.331062 	-0.172586 	0.54001 	0.00155958 	-1.32919 	-0.00214844 	
2.53	0.331063 	-0.172587 	0.540009 	0.00155958 	-1.32919 	-0.00214844 	
2.535	0.331064 	-0.172587 	0.540008 	0.00155958 	-1.32919 	-0.00214844 	
2.54	0.331065 	-0.172588 	0.540006 	0.00155958 	-1.32919 	-0.00214844 	
2.545	0.331067 	-0.17259 	0.540003 	0.00155958 	-1.32919 	-0.00214844 	
2.55	0.331068 	-0.172591 	0.540001 	0.00155958 	-1.32919 	-0.00214844 	
2.555	0.331071 	-0.172593 	0.539997 	0.00155958 	-1.32919 	-0.00214844 	
2.56	0.331073 	-0.172595 	0.539993 	0.00155958 	-1.32919 	-0.00214844 	
2.565	0.331076 	-0.172597 	0.539989 	0.00155958 	-1.32919 	-0.00214844 	
2.57	0.331079 	-0.172599 	0.539984 	0.00155958 	-1.32919 	-0.00214844 	
2.575	0.331083 	-0.172602 	0.539979 	0.00155959 	-1.32919 	-0.00214845 	
2.58	0.331086 	-0.172605 	0.539974 	0.00155959 	-1.32919 	-0.00214845 	
2.585	0.331091 	-0.172608 	0.539968 	0.00155959 	-1.32919 	-0.00214845 	
2.59	0.331095 	-0.172612 	0.539961 	0.00155959 	-1.32919 	-0.00214845 	
2.595	0.3311 	-0.172615 	0.539954 	0.00155959 	-1.32919 	-0.00214845 	
2.6	0.331105 	-0.172619 	0.539947 	0.00155959 	-1.32919 	-0.00214845 	
2.605	0.33111 	-0.172623 	0.539938 	0.00155959 	-1.32919 	-0.00214845 	
2.61	0.331116 	-0.172628 	0.53993 	0.00155959 	-1.32919 	-0.00214845 	
2.615	0.331122 	-0.172632 	0.539921 	0.00155959 	-1.32919 	-0.00214845 	
2.62	0.331128 	-0.172637 	0.539912 	0.00155959 	-1.32919 	-0.00214845 	
2.625	0.331135 	-0.172642 	0.539902 	0.00155959 	-1.32919 	-0.00214845 	
2.63	0.331141 	-0.172647 	0.539892 	0.00155959 	-1.32919 	-0.00214845 	
2.635	0.331148 	-0.172653 	0.539882 	0.00155959 	-1.32919 	-0.00214845 	
2.64	0.331156 	-0.172658 	0.539871 	0.0015596 	-1.32919 	-0.00214846 	
2.645	0.331164 	-0.172664 	0.539859 	0.0015596 	-1.32919 	-0.00214846 	
2.65	0.331172 	-0.17267 	0.539848 	0.0015596 	-1.32919 	-0.00214846 	
2.655	0.33118 	-0.172677 	0.539835 	0.0015596 	-1.32919 	-0.00214846 	
2.66	0.331188 	-0.172683 	0.539823 	0.0015596 	-1.32919 	-0.00214846 	
2.665	0.331197 	-0.17269 	0.539809 	0.0015596 	-1.32919 	-0.00214846 	
2.67	0.331206 	-0.172697 	0.539796 	0.00155961 	-1.32919 	-0.00214846 	
2.675	0.331216 	-0.172705 	0.539782 	0.00155961 	-1.32919 	-0.00214847 	
2.68	0.331226 	-0.172712 	0.539767 	0.00155961 	-1.32919 	-0.00214847 	
2.685	0.331236 	-0.17272 	0.539752 	0.00155961 	-1.32919 	-0.00214847 	
2.69	0.331246 	-0.172728 	0.539737 	0.00155962 	-1.32919 	-0.00214847 	
2.695	0.331257 	-0.172736 	0.539721 	0.00155962 	-1.32919 	-0.00214848 	
2.7	0.331268 	-0.172744 	0.539705 	0.00155962 	-1.32919 	-0.00214848 	
2.705	0.331279 	-0.172753 	0.539688 	0.00155962 	-1.32919 	-0.00214848 	
2.71	0.33129 	-0.172762 	0.539671 	0.00155963 	-1.32919 	-0.00214849 	
2.715	0.331302 	-0.172771 	0.539654 	0.00155963 	-1.32919 	-0.00214849 	
2.72	0.331314 	-0.17278 	0.539636 	0.00155963 	-1.32919 	-0.00214849 	
2.725	0.331327 	-0.17279 	0.539617 	0.00155964 	-1.32919 	-0.0021485 	
2.73	0.331339 	-0.172799 	0.539598 	0.00155964 	-1.32919 	-0.0021485 	
2.735	0.331352 	-0.172809 	0.539579 	0.00155964 	-1.32919 	-0.0021485 	
2.74	0.331366 	-0.17282 	0.539559 	0.00155965 	-1.32919 	-0.00214851 	
2.745	0.331379 	-0.17283 	0.539539 	0.00155965 	-1.32919 	-0.00214851 	
2.75	0.331393 	-0.172841 	0.539519 	0.00155966 	-1.32919 	-0.00214851 	
2.755	0.331407 	-0.172851 	0.539498 	0.00155966 	-1.32919 	-0.00214852 	
2.76	0.331421 	-0.172863 	0.539477 	0.00155967 	-1.32919 	-0.00214852 	
2.765	0.331436 	-0.172874 	0.539455 	0.00155967 	-1.32919 	-0.00214853 	
2.77	0.331451 	-0.172885 	0.539433 	0.00155968 	-1.32919 	-0.00214853 	
2.775	0.331466 	-0.172897 	0.53941 	0.00155968 	-1.32919 	-0.00214854 	
2.78	0.331482 	-0.172909 	0.539387 	0.00155969 	-1.32919 	-0.00214854 	
2.785	0.331497 	-0.172921 	0.539364 	0.0015597 	-1.32919 	-0.00214855 	
2.79	0.331573 	-0.172946 	0.53935 	0.000154852 	-1.3303 	-0.000213295 	
2.795	0.331589 	-0.172959 	0.539325 	0.000154859 	-1.3303 	-0.000213301 	
2.8	0.331606 	-0.172972 	0.539301 	0.000154865 	-1.3303 	-0.000213308 	
2.805	0.331623 	-0.172985 	0.539276 	0.000154872 	-1.3303 	-0.000213314 	
2.81	0.33164 	-0.172998 	0.53925 	0.000154879 	-1.3303 	-0.000213321 	
2.815	0.331657 	-0.173011 	0.539224 	0.000154886 	-1.3303 	-0.000213328 	
2.82	0.331675 	-0.173025 	0.539198 	0.000154894 	-1.3303 	-0.000213335 	
2.825	0.331693 	-0.173039 	0.539171 	0.000154902 	-1.3303 	-0.000213342 	
2.83	0.331711 	-0.173053 	0.539144 	0.000154909 	-1.3303 	-0.00021335 	
2.835	0.33173 	-0.173067 	0.539117 	0.000154918 	-1.3303 	-0.000213358 	
2.84	0.331749 	-0.173081 	0.539089 	0.000154926 	-1.3303 	-0.000213366 	
2.845	0.331768 	-0.173096 	0.539061 	0.000154935 	-1.3303 	-0.000213374 	
2.85	0.331787 	-0.173111 	0.539032 	0.000154944 	-1.3303 	-0.000213383 	
2.855	0.331806 	-0.173126 	0.539003 	0.000154953 	-1.3303 	-0.000213391 	
2.86	0.331896 	-0.173142 	0.538986 	1.59243e-05 	-1.33158 	-2.18431e-05 	
2.865	0.331916 	-0.173158 	0.538956 	1.5934e-05 	-1.33158 	-2.18524e-05 	
2.87	0.331937 	-0.173173 	0.538926 	1.59439e-05 	-1.33158 	-2.18619e-05 	
2.875	0.331957 	-0.173189 	0.538895 	1.59541e-05 	-1.33158 	-2.18716e-05 	
2.88	0.331978 	-0.173205 	0.538865 	1.59645e-05 	-1.33158 	-2.18816e-05 	
2.885	0.331999 	-0.173221 	0.538833 	1.59752e-05 	-1.33158 	-2.18919e-05 	
2.89	0.332021 	-0.173238 	0.538801 	1.59861e-05 	-1.33158 	-2.19024e-05 	
2.895	0.332042 	-0.173254 	0.538769 	1.59974e-05 	-1.33158 	-2.19131e-05 	
2.9	0.332064 	-0.173271 	0.538737 	1.60088e-05 	-1.33158 	-2.19241e-05 	
2.905	0.332086 	-0.173288 	0.538704 	1.60206e-05 	-1.33158 	-2.19354e-05 	
2.91	0.332109 	-0.173305 	0.538671 	1.60326e-05 	-1.33158 	-2.19469e-05 	
2.915	0.332131 	-0.173323 	0.538637 	1.60448e-05 	-1.33158 	-2.19586e-05 	
2.92	0.332226 	-0.173341 	0.538616 	2.21913e-06 	-1.33289 	-2.94987e-06 	
2.925	0.332249 	-0.173358 	0.538582 	2.232e-06 	-1.33289 	-2.96221e-06 	
2.93	0.332273 	-0.173376 	0.538547 	2.24513e-06 	-1.33289 	-2.97481e-06 	
2.935	0.332296 	-0.173394 	0.538512 	2.25854e-06 	-1.33289 	-2.98768e-06 	
2.94	0.33232 	-0.173413 	0.538477 	2.27222e-06 	-1.33289 	-3.0008e-06 	
2.945	0.332344 	-0.173431 	0.538441 	2.28617e-06 	-1.33289 	-3.01419e-06 	
2.95	0.332368 	-0.17345 	0.538405 	2.3004e-06 	-1.33289 	-3.02784e-06 	
2.955	0.332393 	-0.173469 	0.538369 	2.3149e-06 	-1.33289 	-3.04176e-06 	
2.96	0.332418 	-0.173488 	0.538332 	2.32968e-06 	-1.33289 	-3.05594e-06 	
2.965	0.332443 	-0.173507 	0.538295 	2.34474e-06 	-1.33289 	-3.07039e-06 	
2.97	0.332468 	-0.173526 	0.538257 	2.36008e-06 	-1.33289 	-3.08511e-06 	
2.975	0.332568 	-0.173546 	0.538233 	9.06345e-07 	-1.33426 	-1.13583e-06 	
2.98	0.332594 	-0.173566 	0.538195 	9.22325e-07 	-1.33426 	-1.15117e-06 	
2.985	0.33262 	-0.173586 	0.538156 	9.38582e-07 	-1.33426 	-1.16679e-06 	
2.99	0.332646 	-0.173606 	0.538117 	9.55121e-07 	-1.33426 	-1.18268e-06 	
2.995	0.332672 	-0.173626 	0.538078 	9.71942e-07 	-1.33426 	-1.19883e-06 	
3	0.332699 	-0.173646 	0.538039 	9.89046e-07 	-1.33426 	-1.21526e-06 	
3.005	0.332726 	-0.173667 	0.537999 	1.00643e-06 	-1.33426 	-1.23196e-06 	
3.01	0.332753 	-0.173688 	0.537959 	1.0241e-06 	-1.33426 	-1.24894e-06 	
3.015	0.33278 	-0.173709 	0.537918 	1.04205e-06 	-1.33426 	-1.26618e-06 	
3.02	0.332807 	-0.17373 	0.537877 	1.06029e-06 	-1.33426 	-1.2837e-06 	
3.025	0.33291 	-0.173751 	0.53785 	7.72905e-07 	-1.33562 	-9.55072e-07 	
3.03	0.332938 	-0.173772 	0.537809 	7.91805e-07 	-1.33562 	-9.73244e-07 	
3.035	0.332966 	-0.173794 	0.537767 	8.10983e-07 	-1.33562 	-9.91685e-07 	
3.04	0.332994 	-0.173816 	0.537725 	8.30445e-07 	-1.33562 	-1.0104e-06 	
3.045	0.333023 	-0.173838 	0.537683 	8.5019e-07 	-1.33562 	-1.02938e-06 	
3.05	0.333051 	-0.17386 	0.53764 	8.70218e-07 	-1.33562 	-1.04864e-06 	
3.055	0.33308 	-0.173882 	0.537597 	8.90528e-07 	-1.33562 	-1.06817e-06 	
3.06	0.333109 	-0.173904 	0.537554 	9.11119e-07 	-1.33562 	-1.08797e-06 	
3.065	0.333139 	-0.173927 	0.53751 	9.31992e-07 	-1.33562 	-1.10805e-06 	
3.07	0.333241 	-0.173949 	0.53748 	7.12801e-07 	-1.33695 	-8.82941e-07 	
3.075	0.333271 	-0.173972 	0.537436 	7.34343e-07 	-1.33695 	-9.03675e-07 	
3.08	0.333301 	-0.173995 	0.537391 	7.5616e-07 	-1.33695 	-9.24674e-07 	
3.085	0.333331 	-0.174018 	0.537346 	7.78255e-07 	-1.33695 	-9.45942e-07 	
3.09	0.333361 	-0.174042 	0.537301 	8.00629e-07 	-1.33695 	-9.67478e-07 	
3.095	0.333391 	-0.174065 	0.537256 	8.23279e-07 	-1.33695 	-9.89281e-07 	
3.1	0.333422 	-0.174088 	0.537211 	8.46206e-07 	-1.33695 	-1.01135e-06 	
3.105	0.333453 	-0.174112 	0.537165 	8.69406e-07 	-1.33695 	-1.03368e-06 	
3.11	0.333484 	-0.174136 	0.537119 	8.92881e-07 	-1.33695 	-1.05628e-06 	
3.115	0.333592 	-0.17416 	0.537087 	7.74631e-07 	-1.33835 	-9.60491e-07 	
3.12	0.333623 	-0.174184 	0.53704 	7.98778e-07 	-1.33835 	-9.83756e-07 	
3.125	0.333654 	-0.174208 	0.536993 	8.23188e-07 	-1.33835 	-1.00728e-06 	
3.13	0.333686 	-0.174233 	0.536946 	8.47868e-07 	-1.33835 	-1.03106e-06 	
3.135	0.333718 	-0.174257 	0.536899 	8.72815e-07 	-1.33835 	-1.0551e-06 	
3.14	0.33375 	-0.174282 	0.536851 	8.98028e-07 	-1.33835 	-1.07939e-06 	
3.145	0.333782 	-0.174307 	0.536803 	9.23504e-07 	-1.33835 	-1.10394e-06 	
3.15	0.333815 	-0.174331 	0.536755 	9.49242e-07 	-1.33835 	-1.12874e-06 	
3.155	0.333919 	-0.174356 	0.53672 	6.95355e-07 	-1.33966 	-8.6646e-07 	
3.16	0.333952 	-0.174382 	0.536671 	7.21745e-07 	-1.33966 	-8.91913e-07 	
3.165	0.333985 	-0.174407 	0.536622 	7.48387e-07 	-1.33966 	-9.17609e-07 	
3.17	0.334018 	-0.174432 	0.536573 	7.75285e-07 	-1.33966 	-9.43553e-07 	
3.175	0.334051 	-0.174458 	0.536524 	8.02436e-07 	-1.33966 	-9.69741e-07 	
3.18	0.334085 	-0.174483 	0.536474 	8.29837e-07 	-1.33966 	-9.96171e-07 	
3.185	0.334118 	-0.174509 	0.536425 	8.57487e-07 	-1.33966 	-1.02284e-06 	
3.19	0.334152 	-0.174535 	0.536375 	8.85384e-07 	-1.33966 	-1.04975e-06 	
3.195	0.33426 	-0.174561 	0.536338 	7.25442e-07 	-1.34102 	-9.05242e-07 	
3.2	0.334294 	-0.174587 	0.536288 	7.53974e-07 	-1.34102 	-9.32788e-07 	
3.205	0.334328 	-0.174613 	0.536237 	7.8274e-07 	-1.34102 	-9.60561e-07 	
3.21	0.334362 	-0.174639 	0.536186 	8.11743e-07 	-1.34102 	-9.88564e-07 	
3.215	0.334396 	-0.174666 	0.536135 	8.40981e-07 	-1.34102 	-1.01679e-06 	
3.22	0.334431 	-0.174692 	0.536084 	8.70451e-07 	-1.34102 	-1.04525e-06 	
3.225	0.334466 	-0.174719 	0.536032 	9.00151e-07 	-1.34102 	-1.07392e-06 	
3.23	0.3345 	-0.174746 	0.535981 	9.30077e-07 	-1.34102 	-1.10282e-06 	
3.235	0.334612 	-0.174772 	0.535943 	7.75208e-07 	-1.34243 	-9.67961e-07 	
3.24	0.334647 	-0.174799 	0.535891 	8.05745e-07 	-1.34243 	-9.97474e-07 	
3.245	0.334682 	-0.174826 	0.535839 	8.36495e-07 	-1.34243 	-1.02719e-06 	
3.25	0.334718 	-0.174853 	0.535787 	8.67461e-07 	-1.34243 	-1.05712e-06 	
3.255	0.334753 	-0.174881 	0.535734 	8.98639e-07 	-1.34243 	-1.08725e-06 	
3.26	0.334788 	-0.174908 	0.535681 	9.30026e-07 	-1.34243 	-1.11759e-06 	
3.265	0.334824 	-0.174935 	0.535628 	9.6162e-07 	-1.34243 	-1.14813e-06 	
3.27	0.33493 	-0.174963 	0.535588 	6.51588e-07 	-1.34371 	-8.18697e-07 	
3.275	0.334966 	-0.17499 	0.535535 	6.83746e-07 	-1.34371 	-8.49804e-07 	
3.28	0.335002 	-0.175018 	0.535481 	7.16095e-07 	-1.34371 	-8.81098e-07 	
3.285	0.335038 	-0.175046 	0.535428 	7.48638e-07 	-1.34371 	-9.12579e-07 	
3.29	0.335074 	-0.175073 	0.535374 	7.81371e-07 	-1.34371 	-9.44245e-07 	
3.295	0.33511 	-0.175101 	0.53532 	8.1429e-07 	-1.34371 	-9.76092e-07 	
3.3	0.335147 	-0.175129 	0.535266 	8.47393e-07 	-1.34371 	-1.00812e-06 	
3.305	0.335254 	-0.175157 	0.535225 	6.50796e-07 	-1.34501 	-8.19179e-07 	
3.31	0.335291 	-0.175185 	0.535171 	6.84425e-07 	-1.34501 	-8.5174e-07 	
3.315	0.335327 	-0.175213 	0.535116 	7.18221e-07 	-1.34501 	-8.84464e-07 	
3.32	0.335364 	-0.175242 	0.535061 	7.52187e-07 	-1.34501 	-9.17352e-07 	
3.325	0.335401 	-0.17527 	0.535007 	7.86318e-07 	-1.34501 	-9.50402e-07 	
3.33	0.335438 	-0.175298 	0.534952 	8.20611e-07 	-1.34501 	-9.83608e-07 	
3.335	0.335475 	-0.175327 	0.534897 	8.55061e-07 	-1.34501 	-1.01697e-06 	
3.34	0.335584 	-0.175355 	0.534855 	6.72415e-07 	-1.34632 	-8.47011e-07 	
3.345	0.335622 	-0.175384 	0.5348 	7.07351e-07 	-1.34632 	-8.80868e-07 	
3.35	0.335659 	-0.175413 	0.534744 	7.42427e-07 	-1.34632 	-9.14863e-07 	
3.355	0.335696 	-0.175441 	0.534689 	7.77646e-07 	-1.34632 	-9.48996e-07 	
3.36	0.335734 	-0.17547 	0.534633 	8.13002e-07 	-1.34632 	-9.83263e-07 	
3.365	0.335771 	-0.175499 	0.534577 	8.48493e-07 	-1.34632 	-1.01766e-06 	
3.37	0.335809 	-0.175528 	0.534521 	8.84114e-07 	-1.34632 	-1.05219e-06 	
3.375	0.33592 	-0.175557 	0.53448 	6.94316e-07 	-1.34766 	-8.75097e-07 	
3.38	0.335957 	-0.175585 	0.534423 	7.30375e-07 	-1.34766 	-9.10077e-07 	
3.385	0.335995 	-0.175614 	0.534367 	7.66547e-07 	-1.34766 	-9.45166e-07 	
3.39	0.336033 	-0.175644 	0.534311 	8.02832e-07 	-1.34766 	-9.80365e-07 	
3.395	0.336071 	-0.175673 	0.534255 	8.39226e-07 	-1.34766 	-1.01567e-06 	
3.4	0.336109 	-0.175702 	0.534198 	8.75725e-07 	-1.34766 	-1.05108e-06 	
3.405	0.336147 	-0.175731 	0.534142 	9.12325e-07 	-1.34766 	-1.08659e-06 	
3.41	0.336259 	-0.17576 	0.534099 	7.1285e-07 	-1.34902 	-8.98954e-07 	
3.415	0.336297 	-0.175789 	0.534043 	7.49837e-07 	-1.34902 	-9.34867e-07 	
3.42	0.336335 	-0.175819 	0.533986 	7.86905e-07 	-1.34902 	-9.70859e-07 	
3.425	0.336373 	-0.175848 	0.533929 	8.24057e-07 	-1.34902 	-1.00693e-06 	
3.43	0.336411 	-0.175877 	0.533872 	8.61287e-07 	-1.34902 	-1.04308e-06 	
3.435	0.33645 	-0.175907 	0.533815 	8.98591e-07 	-1.34902 	-1.07931e-06 	
3.44	0.336488 	-0.175936 	0.533758 	9.35964e-07 	-1.34902 	-1.1156e-06 	
3.445	0.336601 	-0.175966 	0.533716 	7.2733e-07 	-1.35039 	-9.1772e-07 	
3.45	0.336639 	-0.175995 	0.533659 	7.65036e-07 	-1.35039 	-9.54364e-07 	
3.455	0.336678 	-0.176024 	0.533602 	8.02791e-07 	-1.35039 	-9.91057e-07 	
3.46	0.336716 	-0.176054 	0.533545 	8.40597e-07 	-1.35039 	-1.0278e-06 	
3.465	0.336755 	-0.176084 	0.533487 	8.7845e-07 	-1.35039 	-1.06459e-06 	
3.47	0.336793 	-0.176113 	0.53343 	9.16345e-07 	-1.35039 	-1.10142e-06 	
3.475	0.336832 	-0.176143 	0.533373 	9.54276e-07 	-1.35039 	-1.13829e-06 	
3.48	0.336945 	-0.176172 	0.53333 	7.3752e-07 	-1.35176 	-9.31086e-07 	
3.485	0.336984 	-0.176202 	0.533273 	7.75725e-07 	-1.35176 	-9.68249e-07 	
3.49	0.337022 	-0.176231 	0.533216 	8.13947e-07 	-1.35176 	-1.00543e-06 	
3.495	0.337061 	-0.176261 	0.533158 	8.52186e-07 	-1.35176 	-1.04263e-06 	
3.5	0.337099 	-0.17629 	0.533101 	8.9044e-07 	-1.35176 	-1.07984e-06 	
3.505	0.337138 	-0.17632 	0.533043 	9.28702e-07 	-1.35176 	-1.11706e-06 	
3.51	0.337177 	-0.17635 	0.532986 	9.66968e-07 	-1.35176 	-1.15429e-06 	
3.515	0.337291 	-0.176379 	0.532944 	7.43284e-07 	-1.35314 	-9.3887e-07 	
3.52	0.337329 	-0.176409 	0.532886 	7.81761e-07 	-1.35314 	-9.76332e-07 	
3.525	0.337368 	-0.176438 	0.532829 	8.20221e-07 	-1.35314 	-1.01378e-06 	
3.53	0.337406 	-0.176468 	0.532771 	8.58666e-07 	-1.35314 	-1.05121e-06 	
3.535	0.337445 	-0.176498 	0.532714 	8.97091e-07 	-1.35314 	-1.08862e-06 	
3.54	0.337483 	-0.176527 	0.532657 	9.35492e-07 	-1.35314 	-1.12601e-06 	
3.545	0.337522 	-0.176557 	0.532599 	9.73863e-07 	-1.35314 	-1.16338e-06 	
3.55	0.337636 	-0.176586 	0.532557 	7.44546e-07 	-1.35452 	-9.40965e-07 	
3.555	0.337674 	-0.176616 	0.5325 	7.83063e-07 	-1.35452 	-9.78499e-07 	
3.56	0.337713 	-0.176645 	0.532443 	8.21529e-07 	-1.35452 	-1.01598e-06 	
3.565	0.337751 	-0.176675 	0.532385 	8.59947e-07 	-1.35452 	-1.05342e-06 	
3.57	0.337789 	-0.176704 	0.532328 	8.98311e-07 	-1.35452 	-1.09081e-06 	
3.575	0.337828 	-0.176734 	0.532271 	9.36618e-07 	-1.35452 	-1.12814e-06 	
3.58	0.337866 	-0.176763 	0.532214 	9.74861e-07 	-1.35452 	-1.16541e-06 	
3.585	0.33798 	-0.176793 	0.532172 	7.41284e-07 	-1.3559 	-9.3733e-07 	
3.59	0.338018 	-0.176822 	0.532115 	7.79606e-07 	-1.3559 	-9.74708e-07 	
3.595	0.338056 	-0.176851 	0.532058 	8.17844e-07 	-1.3559 	-1.012e-06 	
3.6	0.338094 	-0.176881 	0.532001 	8.56001e-07 	-1.3559 	-1.04922e-06 	
3.605	0.338132 	-0.17691 	0.531944 	8.94071e-07 	-1.3559 	-1.08635e-06 	
3.61	0.33817 	-0.176939 	0.531887 	9.3205e-07 	-1.3559 	-1.1234e-06 	
3.615	0.338209 	-0.176968 	0.531831 	9.69933e-07 	-1.3559 	-1.16035e-06 	
3.62	0.338321 	-0.176998 	0.531789 	7.33532e-07 	-1.35727 	-9.27998e-07 	
3.625	0.338359 	-0.177027 	0.531733 	7.71425e-07 	-1.35727 	-9.64989e-07 	
3.63	0.338397 	-0.177056 	0.531676 	8.09202e-07 	-1.35727 	-1.00187e-06 	
3.635	0.338435 	-0.177085 	0.53162 	8.46864e-07 	-1.35727 	-1.03863e-06 	
3.64	0.338473 	-0.177114 	0.531564 	8.84408e-07 	-1.35727 	-1.07528e-06 	
3.645	0.33851 	-0.177143 	0.531507 	9.21828e-07 	-1.35727 	-1.11182e-06 	
3.65	0.338548 	-0.177172 	0.531451 	9.59119e-07 	-1.35727 	-1.14822e-06 	
3.655	0.33866 	-0.177201 	0.53141 	7.21377e-07 	-1.35862 	-9.1307e-07 	
3.66	0.338697 	-0.177229 	0.531355 	7.58611e-07 	-1.35862 	-9.49447e-07 	
3.665	0.338735 	-0.177258 	0.531299 	7.95697e-07 	-1.35862 	-9.85681e-07 	
3.67	0.338772 	-0.177287 	0.531243 	8.32637e-07 	-1.35862 	-1.02177e-06 	
3.675	0.338809 	-0.177316 	0.531187 	8.69426e-07 	-1.35862 	-1.05772e-06 	
3.68	0.338846 	-0.177344 	0.531132 	9.0606e-07 	-1.35862 	-1.09351e-06 	
3.685	0.338884 	-0.177373 	0.531077 	9.42536e-07 	-1.35862 	-1.12915e-06 	
3.69	0.338994 	-0.177401 	0.531036 	7.04961e-07 	-1.35996 	-8.92713e-07 	
3.695	0.339031 	-0.177429 	0.530981 	7.41311e-07 	-1.35996 	-9.28256e-07 	
3.7	0.339068 	-0.177458 	0.530926 	7.77483e-07 	-1.35996 	-9.63625e-07 	
3.705	0.339104 	-0.177486 	0.530871 	8.13478e-07 	-1.35996 	-9.98823e-07 	
3.71	0.339141 	-0.177514 	0.530817 	8.49293e-07 	-1.35996 	-1.03384e-06 	
3.715	0.339178 	-0.177542 	0.530762 	8.84924e-07 	-1.35996 	-1.06869e-06 	
3.72	0.339214 	-0.17757 	0.530708 	9.20366e-07 	-1.35996 	-1.10334e-06 	
3.725	0.339323 	-0.177598 	0.530668 	6.84477e-07 	-1.36128 	-8.67165e-07 	
3.73	0.339359 	-0.177626 	0.530614 	7.19728e-07 	-1.36128 	-9.01661e-07 	
3.735	0.339395 	-0.177654 	0.53056 	7.54772e-07 	-1.36128 	-9.35954e-07 	
3.74	0.339431 	-0.177682 	0.530506 	7.89611e-07 	-1.36128 	-9.70048e-07 	
3.745	0.339467 	-0.177709 	0.530453 	8.24242e-07 	-1.36128 	-1.00394e-06 	
3.75	0.339503 	-0.177737 	0.530399 	8.58661e-07 	-1.36128 	-1.03762e-06 	
3.755	0.339539 	-0.177764 	0.530346 	8.92864e-07 	-1.36128 	-1.07109e-06 	
3.76	0.339645 	-0.177792 	0.530307 	6.60168e-07 	-1.36257 	-8.36726e-07 	
3.765	0.339681 	-0.177819 	0.530254 	6.94116e-07 	-1.36257 	-8.69973e-07 	
3.77	0.339716 	-0.177846 	0.530202 	7.27832e-07 	-1.36257 	-9.02992e-07 	
3.775	0.339751 	-0.177873 	0.530149 	7.61317e-07 	-1.36257 	-9.35785e-07 	
3.78	0.339786 	-0.1779 	0.530096 	7.94567e-07 	-1.36257 	-9.68349e-07 	
3.785	0.339821 	-0.177927 	0.530044 	8.2758e-07 	-1.36257 	-1.00068e-06 	
3.79	0.339856 	-0.177954 	0.529992 	8.60352e-07 	-1.36257 	-1.03278e-06 	
3.795	0.339891 	-0.177981 	0.52994 	8.9288e-07 	-1.36257 	-1.06464e-06 	
3.8	0.340003 	-0.178007 	0.529905 	7.99878e-07 	-1.36399 	-1.00736e-06 	
3.805	0.340038 	-0.178034 	0.529853 	8.32107e-07 	-1.36399 	-1.03895e-06 	
3.81	0.340072 	-0.17806 	0.529802 	8.64075e-07 	-1.36399 	-1.07028e-06 	
3.815	0.340107 	-0.178086 	0.529751 	8.95785e-07 	-1.36399 	-1.10136e-06 	
3.82	0.340141 	-0.178113 	0.5297 	9.27235e-07 	-1.36399 	-1.13219e-06 	
3.825	0.340175 	-0.178139 	0.529649 	9.58421e-07 	-1.36399 	-1.16276e-06 	
3.83	0.340209 	-0.178165 	0.529599 	9.89341e-07 	-1.36399 	-1.19307e-06 	
3.835	0.340242 	-0.17819 	0.529549 	1.01999e-06 	-1.36399 	-1.22311e-06 	
3.84	0.340352 	-0.178216 	0.529515 	7.88732e-07 	-1.36539 	-9.92604e-07 	
3.845	0.340385 	-0.178242 	0.529465 	8.19022e-07 	-1.36539 	-1.02232e-06 	
3.85	0.340419 	-0.178267 	0.529415 	8.49029e-07 	-1.36539 	-1.05175e-06 	
3.855	0.340452 	-0.178293 	0.529366 	8.78754e-07 	-1.36539 	-1.08091e-06 	
3.86	0.340485 	-0.178318 	0.529317 	9.08197e-07 	-1.36539 	-1.10979e-06 	
3.865	0.340517 	-0.178343 	0.529268 	9.37355e-07 	-1.36539 	-1.1384e-06 	
3.87	0.34055 	-0.178368 	0.529219 	9.66225e-07 	-1.36539 	-1.16672e-06 	
3.875	0.340582 	-0.178393 	0.529171 	9.94806e-07 	-1.36539 	-1.19475e-06 	
3.88	0.340688 	-0.178418 	0.529139 	7.41552e-07 	-1.36674 	-9.33379e-07 	
3.885	0.34072 	-0.178442 	0.529091 	7.69714e-07 	-1.36674 	-9.61025e-07 	
3.89	0.340752 	-0.178467 	0.529043 	7.97574e-07 	-1.36674 	-9.88375e-07 	
3.895	0.340784 	-0.178491 	0.528996 	8.25134e-07 	-1.36674 	-1.01543e-06 	
3.9	0.340816 	-0.178515 	0.528948 	8.52394e-07 	-1.36674 	-1.04219e-06 	
3.905	0.340847 	-0.17854 	0.528902 	8.79351e-07 	-1.36674 	-1.06866e-06 	
3.91	0.340878 	-0.178564 	0.528855 	9.06003e-07 	-1.36674 	-1.09482e-06 	
3.915	0.340909 	-0.178587 	0.528809 	9.3235e-07 	-1.36674 	-1.12069e-06 	
3.92	0.341011 	-0.178611 	0.528778 	6.85658e-07 	-1.36803 	-8.63253e-07 	
3.925	0.341041 	-0.178635 	0.528732 	7.11536e-07 	-1.36803 	-8.88677e-07 	
3.93	0.341072 	-0.178658 	0.528686 	7.37099e-07 	-1.36803 	-9.13788e-07 	
3.935	0.341102 	-0.178681 	0.528641 	7.62347e-07 	-1.36803 	-9.38593e-07 	
3.94	0.341132 	-0.178704 	0.528596 	7.87282e-07 	-1.36803 	-9.63089e-07 	
3.945	0.341162 	-0.178727 	0.528552 	8.11901e-07 	-1.36803 	-9.87275e-07 	
3.95	0.341192 	-0.17875 	0.528507 	8.36204e-07 	-1.36803 	-1.01115e-06 	
3.955	0.341221 	-0.178773 	0.528463 	8.60189e-07 	-1.36803 	-1.03471e-06 	
3.96	0.341251 	-0.178795 	0.528419 	8.83856e-07 	-1.36803 	-1.05797e-06 	
3.965	0.341355 	-0.178818 	0.528392 	7.65763e-07 	-1.3694 	-9.59154e-07 	
3.97	0.341384 	-0.17884 	0.528349 	7.88933e-07 	-1.3694 	-9.81933e-07 	
3.975	0.341412 	-0.178862 	0.528306 	8.11776e-07 	-1.3694 	-1.00439e-06 	
3.98	0.341441 	-0.178884 	0.528263 	8.34295e-07 	-1.3694 	-1.02653e-06 	
3.985	0.341469 	-0.178906 	0.528221 	8.56491e-07 	-1.3694 	-1.04835e-06 	
3.99	0.341497 	-0.178927 	0.528179 	8.78363e-07 	-1.3694 	-1.06986e-06 	
3.995	0.341525 	-0.178949 	0.528137 	8.99911e-07 	-1.3694 	-1.09104e-06 	
4	0.341553 	-0.17897 	0.528096 	9.21135e-07 	-1.3694 	-1.11191e-06 	
4.005	0.34158 	-0.178991 	0.528055 	9.42034e-07 	-1.3694 	-1.13245e-06 	
4.01	0.341679 	-0.179012 	0.528029 	7.08891e-07 	-1.3707 	-8.87248e-07 	
4.015	0.341706 	-0.179033 	0.527989 	7.2926e-07 	-1.3707 	-9.07288e-07 	
4.02	0.341733 	-0.179053 	0.527949 	7.49299e-07 	-1.3707 	-9.27002e-07 	
4.025	0.341759 	-0.179074 	0.527909 	7.69011e-07 	-1.3707 	-9.46396e-07 	
4.03	0.341786 	-0.179094 	0.52787 	7.88397e-07 	-1.3707 	-9.65468e-07 	
4.035	0.341812 	-0.179114 	0.527831 	8.07458e-07 	-1.3707 	-9.84221e-07 	
4.04	0.341838 	-0.179134 	0.527792 	8.26193e-07 	-1.3707 	-1.00265e-06 	
4.045	0.341864 	-0.179154 	0.527753 	8.44603e-07 	-1.3707 	-1.02077e-06 	
4.05	0.341889 	-0.179173 	0.527715 	8.6269e-07 	-1.3707 	-1.03856e-06 	
4.055	0.341914 	-0.179193 	0.527678 	8.80452e-07 	-1.3707 	-1.05604e-06 	
4.06	0.33001 	-0.181236 	0.582094 	-1.55476e-05 	-1.37219 	-4.92681e-05 	
4.065	0.329997 	-0.18126 	0.582101 	-2.77819e-05 	-1.37238 	-0.000102289 	
4.07	0.329985 	-0.181282 	0.582109 	-4.10267e-05 	-1.37257 	-0.000145959 	
4.075	0.329974 	-0.181301 	0.582121 	-5.37675e-05 	-1.37278 	-0.000183337 	
4.08	0.329964 	-0.181318 	0.582129 	-6.85008e-05 	-1.37297 	-0.000213612 	
4.085	0.329955 	-0.181334 	0.58214 	-8.29909e-05 	-1.37317 	-0.000238306 	
4.09	0.329946 	-0.181348 	0.582149 	-9.93408e-05 	-1.37336 	-0.000257288 	
4.095	0.329938 	-0.18136 	0.58216 	-0.000115264 	-1.37356 	-0.000272229 	
4.1	0.32993 	-0.181372 	0.582168 	-0.000132928 	-1.37375 	-0.000282373 	
4.105	0.329923 	-0.181382 	0.582178 	-0.000150264 	-1.37394 	-0.000288502 	
4.11	0.329915 	-0.181391 	0.582185 	-0.000169929 	-1.37413 	-0.000287 	
4.115	0.329909 	-0.181398 	0.582195 	-0.000188556 	-1.37432 	-0.000281802 	
4.12	0.329903 	-0.181403 	0.582203 	-0.000209362 	-1.37451 	-0.000270169 	
4.125	0.329898 	-0.181408 	0.582213 	-0.000228998 	-1.3747 	-0.000256506 	
4.13	0.329892 	-0.181411 	0.582221 	-0.000250742 	-1.37489 	-0.000237447 	
4.135	0.329888 	-0.181414 	0.582232 	-0.000271346 	-1.37509 	-0.000217334 	
4.14	0.329883 	-0.181416 	0.582239 	-0.000294009 	-1.37527 	-0.000192401 	
4.145	0.329879 	-0.181417 	0.58225 	-0.000315245 	-1.37547 	-0.000167052 	
4.15	0.329874 	-0.181417 	0.582258 	-0.000338476 	-1.37566 	-0.000136789 	
4.155	0.32987 	-0.181416 	0.582267 	-0.000362094 	-1.37585 	-0.00010352 	
4.16	0.329866 	-0.181415 	0.582273 	-0.000386753 	-1.37603 	-6.69134e-05 	
4.165	0.329862 	-0.181413 	0.582281 	-0.000411659 	-1.37621 	-2.78596e-05 	
4.17	0.329857 	-0.18141 	0.582287 	-0.000437196 	-1.3764 	1.34045e-05 	
4.175	0.329854 	-0.181407 	0.582296 	-0.000462007 	-1.37659 	5.47088e-05 	
4.18	0.329851 	-0.181403 	0.582304 	-0.000487339 	-1.37677 	9.84327e-05 	
4.185	0.329848 	-0.1814 	0.582314 	-0.000511535 	-1.37697 	0.000140417 	
4.19	0.329844 	-0.181398 	0.582322 	-0.00053643 	-1.37715 	0.000177616 	
4.195	0.329841 	-0.181396 	0.582331 	-0.000561289 	-1.37734 	0.000215936 	
4.2	0.329836 	-0.181396 	0.582337 	-0.000586736 	-1.37752 	0.000249692 	
4.205	0.329832 	-0.181395 	0.582344 	-0.000612101 	-1.37771 	0.000284844 	
4.21	0.329827 	-0.181396 	0.582349 	-0.000637962 	-1.37789 	0.000315807 	
4.215	0.329822 	-0.181396 	0.582356 	-0.000663473 	-1.37807 	0.000350073 	
4.22	0.329818 	-0.181395 	0.582364 	-0.000688847 	-1.37826 	0.000384555 	
4.225	0.329814 	-0.181394 	0.582372 	-0.000713852 	-1.37845 	0.000419227 	
4.23	0.32981 	-0.181393 	0.582381 	-0.000738884 	-1.37863 	0.000454487 	
4.235	0.329807 	-0.181392 	0.58239 	-0.000763678 	-1.37882 	0.00048949 	
4.24	0.329803 	-0.181392 	0.582399 	-0.000788595 	-1.37901 	0.000523652 	
4.245	0.329799 	-0.181391 	0.582408 	-0.000813077 	-1.37921 	0.000557652 	
4.25	0.329796 	-0.18139 	0.582417 	-0.000838069 	-1.3794 	0.000592054 	
4.255	0.329792 	-0.18139 	0.582427 	-0.000862657 	-1.37959 	0.000626077 	
4.26	0.329788 	-0.181389 	0.582435 	-0.000887786 	-1.37978 	0.000660849 	
4.265	0.329785 	-0.181388 	0.582445 	-0.000912528 	-1.37997 	0.000695286 	
4.27	0.329781 	-0.181387 	0.582453 	-0.000937804 	-1.38016 	0.000730308 	
4.275	0.329778 	-0.181387 	0.582463 	-0.000962641 	-1.38035 	0.000764635 	
4.28	0.329774 	-0.181387 	0.582471 	-0.000987848 	-1.38053 	0.00079768 	
4.285	0.32977 	-0.181386 	0.582479 	-0.0010128 	-1.38072 	0.000830355 	
4.29	0.329765 	-0.181387 	0.582486 	-0.00103864 	-1.38091 	0.00086212 	
4.295	0.329761 	-0.181388 	0.582494 	-0.0010641 	-1.38109 	0.000892285 	
4.3	0.329756 	-0.181389 	0.582499 	-0.00109039 	-1.38127 	0.000921764 	
4.305	0.329751 	-0.181391 	0.582506 	-0.00111623 	-1.38145 	0.000949865 	
4.31	0.329746 	-0.181393 	0.58251 	-0.0011428 	-1.38163 	0.000977374 	
4.315	0.329741 	-0.181396 	0.582516 	-0.00116887 	-1.38181 	0.00100369 	
4.32	0.329736 	-0.181399 	0.582521 	-0.00119562 	-1.38199 	0.00102954 	
4.325	0.329731 	-0.181401 	0.582526 	-0.00122172 	-1.38217 	0.00105493 	
4.33	0.329726 	-0.181404 	0.582532 	-0.00124818 	-1.38234 	0.00108176 	
4.335	0.329721 	-0.181406 	0.582539 	-0.00127391 	-1.38253 	0.00110812 	
4.34	0.329717 	-0.181408 	0.582545 	-0.00130007 	-1.38271 	0.00113607 	
4.345	0.329713 	-0.18141 	0.582552 	-0.00132558 	-1.38289 	0.00116325 	
4.35	0.329708 	-0.181411 	0.582559 	-0.0013516 	-1.38308 	0.00119207 	
4.355	0.329704 	-0.181413 	0.582567 	-0.00137704 	-1.38326 	0.00122009 	
4.36	0.3297 	-0.181414 	0.582575 	-0.00140301 	-1.38345 	0.0012502 	
4.365	0.329696 	-0.181415 	0.582583 	-0.00142846 	-1.38364 	0.0012795 	
4.37	0.329692 	-0.181416 	0.582591 	-0.00145448 	-1.38382 	0.00131086 	
4.375	0.329689 	-0.181417 	0.582599 	-0.00148 	-1.38401 	0.00134127 	
4.38	0.329685 	-0.181417 	0.582607 	-0.00150609 	-1.3842 	0.00137329 	
4.385	0.329681 	-0.181418 	0.582616 	-0.00153171 	-1.38439 	0.00140441 	
4.39	0.329677 	-0.181418 	0.582624 	-0.00155786 	-1.38457 	0.00143759 	
4.395	0.329674 	-0.181418 	0.582633 	-0.00158343 	-1.38476 	0.00147063 	
4.4	0.329669 	-0.181419 	0.58264 	-0.00160992 	-1.38495 	0.00150192 	
4.405	0.329664 	-0.181422 	0.582645 	-0.00163621 	-1.38512 	0.00152803 	
4.41	0.329658 	-0.181425 	0.582648 	-0.00166333 	-1.3853 	0.00155284 	
4.415	0.329651 	-0.18143 	0.582651 	-0.00169002 	-1.38546 	0.00157254 	
4.42	0.329644 	-0.181436 	0.582651 	-0.00171714 	-1.38563 	0.00159051 	
4.425	0.329636 	-0.181443 	0.582652 	-0.00174373 	-1.38579 	0.00160373 	
4.43	0.329628 	-0.18145 	0.582651 	-0.00177068 	-1.38595 	0.0016156 	
4.435	0.329619 	-0.181459 	0.58265 	-0.00179707 	-1.38611 	0.00162308 	
4.44	0.329611 	-0.181468 	0.582648 	-0.00182363 	-1.38627 	0.00163142 	
4.445	0.329603 	-0.181476 	0.58265 	-0.00184925 	-1.38643 	0.00164169 	
4.45	0.329596 	-0.181483 	0.582652 	-0.00187533 	-1.3866 	0.00165424 	
4.455	0.32959 	-0.181489 	0.582656 	-0.00190033 	-1.38678 	0.00166804 	
4.46	0.329584 	-0.181495 	0.58266 	-0.00192604 	-1.38695 	0.0016839 	
4.465	0.329579 	-0.1815 	0.582667 	-0.0019507 	-1.38713 	0.00170067 	
4.47	0.329573 	-0.181505 	0.582672 	-0.00197631 	-1.38731 	0.0017195 	
4.475	0.329569 	-0.181509 	0.58268 	-0.00200097 	-1.3875 	0.00173938 	
4.48	0.329564 	-0.181512 	0.582686 	-0.00202679 	-1.38768 	0.00176201 	
4.485	0.329559 	-0.181516 	0.582694 	-0.00205152 	-1.38787 	0.00178347 	
4.49	0.329554 	-0.18152 	0.582699 	-0.00207758 	-1.38804 	0.00180517 	
4.495	0.329548 	-0.181526 	0.582705 	-0.00210245 	-1.38822 	0.00181941 	
4.5	0.329542 	-0.181533 	0.58271 	-0.00212687 	-1.3884 	0.00182961 	
4.505	0.329536 	-0.181542 	0.582716 	-0.00215021 	-1.38858 	0.00183325 	
4.51	0.32953 	-0.181552 	0.582722 	-0.00217323 	-1.38876 	0.0018338 	
4.515	0.329523 	-0.181563 	0.582729 	-0.00219535 	-1.38895 	0.00182879 	
4.52	0.329516 	-0.181576 	0.582735 	-0.0022173 	-1.38913 	0.00182159 	
4.525	0.329509 	-0.181589 	0.58274 	-0.00223945 	-1.38931 	0.001812 	
4.53	0.3295 	-0.181601 	0.58274 	-0.00226399 	-1.38947 	0.00180704 	
4.535	0.329492 	-0.181614 	0.582742 	-0.00228731 	-1.38964 	0.00179722 	
4.54	0.329482 	-0.181627 	0.582738 	-0.00231337 	-1.38979 	0.00179327 	
4.545	0.329472 	-0.18164 	0.582735 	-0.00233909 	-1.38994 	0.00178713 	
4.55	0.329462 	-0.181653 	0.582732 	-0.00236517 	-1.39009 	0.0017832 	
4.555	0.329454 	-0.181664 	0.582733 	-0.00239011 	-1.39026 	0.0017835 	
4.56	0.329447 	-0.181673 	0.582734 	-0.00241607 	-1.39042 	0.00178935 	
4.565	0.329441 	-0.181681 	0.582738 	-0.00244097 	-1.3906 	0.00179823 	
4.57	0.329435 	-0.181687 	0.582741 	-0.00246703 	-1.39077 	0.00181175 	
4.575	0.329431 	-0.181693 	0.582749 	-0.00249139 	-1.39095 	0.00182605 	
4.58	0.329427 	-0.181698 	0.582758 	-0.00251574 	-1.39114 	0.0018426 	
4.585	0.329422 	-0.181702 	0.582765 	-0.00254129 	-1.39133 	0.00186262 	
4.59	0.329419 	-0.181707 	0.582775 	-0.00256604 	-1.39152 	0.00188253 	
4.595	0.329415 	-0.18171 	0.582782 	-0.00259206 	-1.3917 	0.00190649 	
4.6	0.329411 	-0.181712 	0.582792 	-0.00261724 	-1.3919 	0.00193182 	
4.605	0.329407 	-0.181715 	0.582799 	-0.00264385 	-1.39208 	0.00195696 	
4.61	0.329402 	-0.18172 	0.582806 	-0.00266955 	-1.39226 	0.00197562 	
4.615	0.329397 	-0.181726 	0.582812 	-0.00269498 	-1.39244 	0.00198943 	
4.62	0.329391 	-0.181735 	0.582821 	-0.00271807 	-1.39263 	0.00199231 	
4.625	0.329384 	-0.181743 	0.582822 	-0.00274504 	-1.3928 	0.00200376 	
4.63	0.329375 	-0.181749 	0.582816 	-0.00277568 	-1.39294 	0.00202299 	
4.635	0.329364 	-0.181755 	0.582805 	-0.00280963 	-1.39307 	0.00204961 	
4.64	0.329352 	-0.181759 	0.582792 	-0.00284464 	-1.39319 	0.00208063 	
4.645	0.329344 	-0.181762 	0.582787 	-0.00287637 	-1.39333 	0.0021114 	
4.65	0.329336 	-0.181764 	0.58278 	-0.00290952 	-1.39347 	0.00214592 	
4.655	0.32933 	-0.181766 	0.58278 	-0.00293988 	-1.39363 	0.00217867 	
4.66	0.329323 	-0.181767 	0.582779 	-0.00297128 	-1.39379 	0.00221347 	
4.665	0.329318 	-0.181769 	0.582783 	-0.0030001 	-1.39396 	0.00224482 	
4.67	0.329312 	-0.18177 	0.582784 	-0.00303047 	-1.39413 	0.00227897 	
4.675	0.329308 	-0.181772 	0.58279 	-0.00305832 	-1.39431 	0.00230862 	
4.68	0.329303 	-0.181774 	0.582793 	-0.00308774 	-1.39448 	0.00234085 	
4.685	0.329299 	-0.181775 	0.582799 	-0.00311613 	-1.39466 	0.00237263 	
4.69	0.329294 	-0.181775 	0.582804 	-0.00314533 	-1.39483 	0.00240935 	
4.695	0.329291 	-0.181775 	0.582812 	-0.00317362 	-1.39502 	0.00244581 	
4.7	0.329287 	-0.181774 	0.582819 	-0.00320281 	-1.3952 	0.00248577 	
4.705	0.329285 	-0.181773 	0.582828 	-0.00323118 	-1.39539 	0.00252572 	
4.71	0.329281 	-0.181771 	0.582835 	-0.00326052 	-1.39558 	0.0025684 	
4.715	0.329279 	-0.181768 	0.582845 	-0.00328908 	-1.39577 	0.00261083 	
4.72	0.329275 	-0.181766 	0.582852 	-0.00331861 	-1.39595 	0.00265512 	
4.725	0.329273 	-0.181764 	0.582862 	-0.0033473 	-1.39614 	0.00269697 	
4.73	0.329269 	-0.181763 	0.582869 	-0.00337693 	-1.39632 	0.00273852 	
4.735	0.329265 	-0.181763 	0.582876 	-0.00340572 	-1.39651 	0.00277433 	
4.74	0.329261 	-0.181764 	0.582882 	-0.00343527 	-1.39669 	0.00280715 	
4.745	0.329256 	-0.181767 	0.582888 	-0.00346391 	-1.39687 	0.00283499 	
4.75	0.32925 	-0.181771 	0.58289 	-0.0034943 	-1.39703 	0.0028618 	
4.755	0.329243 	-0.181776 	0.582889 	-0.00352526 	-1.39719 	0.00288318 	
4.76	0.329235 	-0.181786 	0.582889 	-0.00355461 	-1.39735 	0.00289259 	
4.765	0.329228 	-0.181795 	0.582889 	-0.00358361 	-1.39751 	0.00290036 	
4.77	0.32922 	-0.18181 	0.582891 	-0.00361031 	-1.39768 	0.00289183 	
4.775	0.329211 	-0.181826 	0.582891 	-0.00363709 	-1.39785 	0.00287852 	
4.78	0.329203 	-0.18184 	0.582891 	-0.00366484 	-1.39801 	0.00287047 	
4.785	0.329194 	-0.181855 	0.582892 	-0.00369175 	-1.39817 	0.00285882 	
4.79	0.329186 	-0.18187 	0.582893 	-0.00371936 	-1.39833 	0.00285195 	
4.795	0.329179 	-0.181885 	0.582895 	-0.00374593 	-1.3985 	0.00284091 	
4.8	0.329171 	-0.181898 	0.582896 	-0.00377386 	-1.39867 	0.00283496 	
4.805	0.329163 	-0.181913 	0.582898 	-0.00380059 	-1.39884 	0.00282535 	
4.81	0.329155 	-0.181927 	0.582898 	-0.00382927 	-1.39899 	0.00282076 	
4.815	0.329148 	-0.181941 	0.582901 	-0.00385607 	-1.39917 	0.00281237 	
4.82	0.32914 	-0.181954 	0.582901 	-0.00388473 	-1.39933 	0.00280878 	
4.825	0.329134 	-0.181968 	0.582905 	-0.00391142 	-1.3995 	0.00280141 	
4.83	0.329126 	-0.181981 	0.582905 	-0.00393999 	-1.39966 	0.0027984 	
4.835	0.329119 	-0.181996 	0.582908 	-0.00396688 	-1.39983 	0.0027891 	
4.84	0.329112 	-0.182009 	0.58291 	-0.00399473 	-1.4 	0.00278527 	
4.845	0.329107 	-0.18202 	0.582916 	-0.00402174 	-1.40018 	0.00278444 	
4.85	0.3291 	-0.182031 	0.582919 	-0.00405033 	-1.40035 	0.00278952 	
4.855	0.329095 	-0.18204 	0.582924 	-0.00407815 	-1.40053 	0.00279622 	
4.86	0.329089 	-0.182051 	0.58293 	-0.00410504 	-1.40071 	0.00279763 	
4.865	0.329083 	-0.182063 	0.582936 	-0.0041312 	-1.40089 	0.0027946 	
4.87	0.329077 	-0.182077 	0.582944 	-0.00415596 	-1.40107 	0.00278572 	
4.875	0.329071 	-0.182089 	0.58295 	-0.00418163 	-1.40126 	0.00278131 	
4.88	0.329066 	-0.1821 	0.582959 	-0.00420711 	-1.40144 	0.00278058 	
4.885	0.32906 	-0.182111 	0.582964 	-0.00423377 	-1.40162 	0.00278118 	
4.89	0.329053 	-0.182123 	0.582969 	-0.0042602 	-1.4018 	0.00277877 	
4.895	0.329045 	-0.182135 	0.582969 	-0.00428888 	-1.40196 	0.00278128 	
4.9	0.329035 	-0.182144 	0.582963 	-0.0043211 	-1.4021 	0.00279227 	
4.905	0.329024 	-0.182153 	0.58295 	-0.00435665 	-1.40222 	0.00281103 	
4.91	0.329012 	-0.18216 	0.582936 	-0.00439322 	-1.40234 	0.00283516 	
4.915	0.329004 	-0.182165 	0.582931 	-0.00442698 	-1.40248 	0.00286031 	
4.92	0.328996 	-0.18217 	0.582924 	-0.00446202 	-1.40262 	0.00289018 	
4.925	0.32899 	-0.182173 	0.582924 	-0.00449449 	-1.40278 	0.00292089 	
4.93	0.328984 	-0.182175 	0.582923 	-0.00452848 	-1.40294 	0.002956 	
4.935	0.32898 	-0.182176 	0.582927 	-0.00456036 	-1.40311 	0.0029917 	
4.94	0.328975 	-0.182177 	0.582928 	-0.00459391 	-1.40328 	0.0030315 	
4.945	0.328972 	-0.182176 	0.582935 	-0.00462565 	-1.40346 	0.00307163 	
4.95	0.328968 	-0.182176 	0.582939 	-0.00465908 	-1.40363 	0.00311484 	
4.955	0.328965 	-0.182175 	0.582946 	-0.00469068 	-1.40381 	0.00315606 	
4.96	0.328962 	-0.182174 	0.582951 	-0.00472394 	-1.40399 	0.00320049 	
4.965	0.328959 	-0.182172 	0.582957 	-0.00475624 	-1.40417 	0.003244 	
4.97	0.328955 	-0.182171 	0.58296 	-0.00478998 	-1.40434 	0.00329011 	
4.975	0.328952 	-0.182169 	0.582967 	-0.00482243 	-1.40452 	0.00333437 	
4.98	0.328947 	-0.182167 	0.582967 	-0.00485773 	-1.40468 	0.00338356 	
4.985	0.328941 	-0.182165 	0.58296 	-0.00489575 	-1.40482 	0.00343733 	
4.99	0.328932 	-0.182162 	0.582949 	-0.00493608 	-1.40494 	0.00349505 	
4.995	0.328922 	-0.182158 	0.582932 	-0.00497872 	-1.40505 	0.00355672 	
5	0.328911 	-0.182155 	0.582911 	-0.00502337 	-1.40514 	0.00362199 	
5.005	0.328899 	-0.182151 	0.582889 	-0.00506816 	-1.40523 	0.00368786 	
5.01	0.328891 	-0.182147 	0.582876 	-0.00510932 	-1.40535 	0.00374874 	
5.015	0.328882 	-0.182143 	0.582863 	-0.00515071 	-1.40547 	0.00381031 	
5.02	0.328876 	-0.18214 	0.582856 	-0.00518913 	-1.40561 	0.00386782 	
5.025	0.32887 	-0.182136 	0.582848 	-0.00522841 	-1.40574 	0.00392688 	
5.03	0.328866 	-0.182132 	0.582846 	-0.00526522 	-1.40589 	0.00398261 	
5.035	0.32886 	-0.182129 	0.582841 	-0.00530314 	-1.40604 	0.0040402 	
5.04	0.328857 	-0.182125 	0.582841 	-0.00533904 	-1.4062 	0.00409507 	
5.045	0.328853 	-0.182121 	0.582839 	-0.00537619 	-1.40635 	0.00415199 	
5.05	0.32885 	-0.182117 	0.58284 	-0.00541161 	-1.40651 	0.00420659 	
5.055	0.328846 	-0.182113 	0.582839 	-0.00544837 	-1.40667 	0.00426333 	
5.06	0.328844 	-0.18211 	0.582842 	-0.00548358 	-1.40683 	0.00431801 	
5.065	0.32884 	-0.182105 	0.58284 	-0.00552079 	-1.40699 	0.00437574 	
5.07	0.328836 	-0.182101 	0.582837 	-0.00555808 	-1.40714 	0.00443387 	
5.075	0.328831 	-0.182097 	0.582832 	-0.00559696 	-1.40728 	0.00449471 	
5.08	0.328826 	-0.182092 	0.582822 	-0.00563748 	-1.40741 	0.00455833 	
5.085	0.328819 	-0.182087 	0.58281 	-0.00567922 	-1.40753 	0.00462413 	
5.09	0.328812 	-0.182082 	0.582795 	-0.00572225 	-1.40764 	0.00469218 	
5.095	0.328804 	-0.182076 	0.582778 	-0.00576614 	-1.40775 	0.0047619 	
5.1	0.328796 	-0.18207 	0.582757 	-0.00581138 	-1.40784 	0.00483388 	
5.105	0.328786 	-0.182064 	0.582733 	-0.00585845 	-1.40792 	0.00490869 	
5.11	0.328775 	-0.182058 	0.582704 	-0.00590698 	-1.40799 	0.00498591 	
5.115	0.328762 	-0.182051 	0.582672 	-0.00595698 	-1.40805 	0.00506547 	
5.12	0.328749 	-0.182045 	0.582637 	-0.006008 	-1.40809 	0.00514701 	
5.125	0.328736 	-0.182039 	0.582603 	-0.0060581 	-1.40815 	0.00522402 	
5.13	0.328725 	-0.182038 	0.582577 	-0.00610332 	-1.40822 	0.00528265 	
5.135	0.328713 	-0.182039 	0.582555 	-0.00614613 	-1.40831 	0.0053318 	
5.14	0.328705 	-0.182047 	0.582547 	-0.00617984 	-1.40844 	0.0053492 	
5.145	0.328696 	-0.182055 	0.582537 	-0.00621463 	-1.40857 	0.00536762 	
5.15	0.328688 	-0.182067 	0.582534 	-0.0062447 	-1.40873 	0.00536963 	
5.155	0.32868 	-0.182081 	0.582535 	-0.00627271 	-1.40889 	0.00536373 	
5.16	0.328673 	-0.182095 	0.582539 	-0.00629971 	-1.40906 	0.00535582 	
5.165	0.328668 	-0.182114 	0.582553 	-0.00631996 	-1.40927 	0.0053248 	
5.17	0.328664 	-0.182137 	0.582575 	-0.00633588 	-1.4095 	0.00527799 	
5.175	0.32866 	-0.182163 	0.582605 	-0.00634669 	-1.40976 	0.00521406 	
5.18	0.328655 	-0.182188 	0.582627 	-0.00636145 	-1.40999 	0.00516129 	
5.185	0.32865 	-0.182211 	0.582647 	-0.00637793 	-1.41022 	0.00511495 	
5.19	0.328643 	-0.182232 	0.582662 	-0.00639754 	-1.41043 	0.00507827 	
5.195	0.328636 	-0.182251 	0.582675 	-0.00641841 	-1.41063 	0.00504665 	
5.2	0.328628 	-0.182269 	0.582683 	-0.00644171 	-1.41082 	0.00502192 	
5.205	0.328619 	-0.182288 	0.58269 	-0.00646527 	-1.411 	0.0049972 	
5.21	0.32861 	-0.182306 	0.582697 	-0.00648923 	-1.41119 	0.00497249 	
5.215	0.328601 	-0.182325 	0.582703 	-0.00651321 	-1.41137 	0.00494721 	
5.22	0.328592 	-0.182344 	0.582708 	-0.00653747 	-1.41155 	0.00492171 	
5.225	0.328582 	-0.182363 	0.582713 	-0.00656168 	-1.41172 	0.00489556 	
5.23	0.328573 	-0.182382 	0.582717 	-0.00658613 	-1.4119 	0.00486918 	
5.235	0.328563 	-0.182401 	0.582722 	-0.00661049 	-1.41208 	0.00484215 	
5.24	0.328553 	-0.182421 	0.582726 	-0.00663506 	-1.41225 	0.00481503 	
5.245	0.328543 	-0.18244 	0.58273 	-0.00665951 	-1.41243 	0.00478755 	
5.25	0.328533 	-0.18246 	0.582734 	-0.00668417 	-1.4126 	0.00476026 	
5.255	0.328524 	-0.182479 	0.582738 	-0.00670869 	-1.41277 	0.00473296 	
5.26	0.328514 	-0.182499 	0.582742 	-0.00673342 	-1.41295 	0.00470611 	
5.265	0.328504 	-0.182518 	0.582747 	-0.00675802 	-1.41313 	0.00467955 	
5.27	0.328495 	-0.182537 	0.582751 	-0.00678277 	-1.4133 	0.0046536 	
5.275	0.328486 	-0.182556 	0.582757 	-0.0068072 	-1.41348 	0.00462812 	
5.28	0.328477 	-0.182575 	0.582763 	-0.00683185 	-1.41366 	0.00460338 	
5.285	0.328468 	-0.182593 	0.58277 	-0.00685623 	-1.41385 	0.00457912 	
5.29	0.328459 	-0.182611 	0.582777 	-0.00688084 	-1.41403 	0.00455493 	
5.295	0.328451 	-0.182629 	0.582785 	-0.00690518 	-1.41422 	0.00453181 	
5.3	0.328443 	-0.182646 	0.582793 	-0.00693006 	-1.4144 	0.00451217 	
5.305	0.328436 	-0.182663 	0.582802 	-0.00695468 	-1.4146 	0.00449311 	
5.31	0.328429 	-0.182679 	0.582811 	-0.0069799 	-1.41479 	0.00447677 	
5.315	0.328421 	-0.182696 	0.582819 	-0.00700481 	-1.41498 	0.00445826 	
5.32	0.328413 	-0.182712 	0.582827 	-0.00703023 	-1.41516 	0.00444012 	
5.325	0.328406 	-0.182729 	0.582836 	-0.00705528 	-1.41535 	0.00442147 	
5.33	0.328398 	-0.182745 	0.582844 	-0.00708105 	-1.41554 	0.00440678 	
5.335	0.328391 	-0.182761 	0.582853 	-0.00710642 	-1.41573 	0.00439039 	
5.34	0.328383 	-0.182777 	0.582861 	-0.00713248 	-1.41591 	0.00437475 	
5.345	0.328375 	-0.182794 	0.582868 	-0.00715806 	-1.4161 	0.00435587 	
5.35	0.328367 	-0.182811 	0.582874 	-0.00718432 	-1.41628 	0.0043379 	
5.355	0.328358 	-0.182829 	0.582881 	-0.00721007 	-1.41646 	0.00431681 	
5.36	0.328349 	-0.182846 	0.582886 	-0.00723645 	-1.41664 	0.00429676 	
5.365	0.32834 	-0.182865 	0.582891 	-0.00726229 	-1.41682 	0.0042737 	
5.37	0.328331 	-0.182883 	0.582896 	-0.00728875 	-1.41699 	0.00425179 	
5.375	0.328322 	-0.182902 	0.5829 	-0.00731465 	-1.41717 	0.00422701 	
5.38	0.328312 	-0.182921 	0.582904 	-0.00734115 	-1.41735 	0.00420348 	
5.385	0.328303 	-0.182941 	0.582908 	-0.00736709 	-1.41752 	0.00417719 	
5.39	0.328293 	-0.18296 	0.582911 	-0.00739363 	-1.41769 	0.00415227 	
5.395	0.328283 	-0.18298 	0.582915 	-0.00741959 	-1.41787 	0.0041247 	
5.4	0.328273 	-0.183 	0.582918 	-0.00744616 	-1.41804 	0.00409858 	
5.405	0.328263 	-0.18302 	0.582922 	-0.00747215 	-1.41821 	0.00406991 	
5.41	0.328253 	-0.18304 	0.582924 	-0.00749874 	-1.41838 	0.00404279 	
5.415	0.328242 	-0.183061 	0.582927 	-0.00752476 	-1.41855 	0.0040132 	
5.42	0.328232 	-0.183081 	0.582929 	-0.00755138 	-1.41872 	0.00398524 	
5.425	0.328222 	-0.183102 	0.582933 	-0.00757744 	-1.41889 	0.00395488 	
5.43	0.328211 	-0.183123 	0.582935 	-0.0076041 	-1.41906 	0.00392622 	
5.435	0.328201 	-0.183144 	0.582937 	-0.00763021 	-1.41923 	0.00389523 	
5.44	0.32819 	-0.183165 	0.582939 	-0.00765691 	-1.4194 	0.003866 	
5.445	0.32818 	-0.183186 	0.582942 	-0.00768307 	-1.41957 	0.00383449 	
5.45	0.328169 	-0.183207 	0.582944 	-0.00770994 	-1.41974 	0.0038058 	
5.455	0.328159 	-0.183228 	0.582947 	-0.0077365 	-1.41991 	0.00377737 	
5.46	0.328149 	-0.183248 	0.582949 	-0.00776343 	-1.42008 	0.00374956 	
5.465	0.328139 	-0.183269 	0.582952 	-0.00779003 	-1.42025 	0.00372034 	
5.47	0.328129 	-0.183289 	0.582954 	-0.00781701 	-1.42041 	0.00369183 	
5.475	0.328118 	-0.18331 	0.582957 	-0.00784367 	-1.42058 	0.00366197 	
5.48	0.328108 	-0.183331 	0.582958 	-0.00787072 	-1.42075 	0.00363291 	
5.485	0.328098 	-0.183352 	0.582961 	-0.00789744 	-1.42092 	0.00360252 	
5.49	0.328087 	-0.183373 	0.582963 	-0.00792456 	-1.42109 	0.003573 	
5.495	0.328077 	-0.183395 	0.582965 	-0.00795135 	-1.42126 	0.0035422 	
5.5	0.328066 	-0.183416 	0.582966 	-0.00797855 	-1.42142 	0.00351231 	
5.505	0.328055 	-0.183437 	0.582969 	-0.00800542 	-1.42159 	0.00348119 	
5.51	0.328045 	-0.183459 	0.58297 	-0.0080327 	-1.42176 	0.00345111 	
5.515	0.328034 	-0.18348 	0.582972 	-0.00805965 	-1.42193 	0.0034198 	
5.52	0.328023 	-0.183502 	0.582974 	-0.00808703 	-1.42209 	0.00338958 	
5.525	0.328013 	-0.183523 	0.582976 	-0.00811407 	-1.42226 	0.00335823 	
5.53	0.328002 	-0.183545 	0.582977 	-0.00814155 	-1.42243 	0.00332799 	
5.535	0.327991 	-0.183566 	0.582979 	-0.00816869 	-1.4226 	0.00329661 	
5.54	0.32798 	-0.183587 	0.582978 	-0.00819728 	-1.42276 	0.00326964 	
5.545	0.327968 	-0.183605 	0.582972 	-0.00822917 	-1.4229 	0.00325327 	
5.55	0.327955 	-0.183622 	0.58296 	-0.00826416 	-1.42302 	0.00324665 	
5.555	0.327941 	-0.183636 	0.582943 	-0.00830189 	-1.42313 	0.00324906 	
5.56	0.327927 	-0.183649 	0.582921 	-0.00834221 	-1.42322 	0.00325977 	
5.565	0.327911 	-0.183659 	0.582896 	-0.00838477 	-1.4233 	0.00327814 	
5.57	0.327896 	-0.183669 	0.582866 	-0.00842947 	-1.42336 	0.00330354 	
5.575	0.32788 	-0.183677 	0.582836 	-0.00847521 	-1.42342 	0.0033344 	
5.58	0.327867 	-0.183683 	0.58281 	-0.00852012 	-1.4235 	0.00336782 	
5.585	0.327855 	-0.183689 	0.582785 	-0.00856536 	-1.42358 	0.00340528 	
5.59	0.327845 	-0.183693 	0.582765 	-0.00860993 	-1.42368 	0.00344542 	
5.595	0.327836 	-0.183696 	0.582744 	-0.00865502 	-1.42377 	0.00348907 	
5.6	0.327828 	-0.183699 	0.582727 	-0.00869963 	-1.42387 	0.0035351 	
5.605	0.32782 	-0.1837 	0.582709 	-0.00874491 	-1.42398 	0.0035842 	
5.61	0.327813 	-0.183701 	0.582694 	-0.00878974 	-1.42409 	0.00363452 	
5.615	0.327807 	-0.183702 	0.582678 	-0.00883532 	-1.42419 	0.00368758 	
5.62	0.327801 	-0.183701 	0.582664 	-0.00888051 	-1.42431 	0.0037416 	
5.625	0.327795 	-0.183702 	0.58265 	-0.00892572 	-1.42442 	0.00379501 	
5.63	0.32779 	-0.183703 	0.58264 	-0.00896838 	-1.42455 	0.00383991 	
5.635	0.327785 	-0.183706 	0.58263 	-0.00901135 	-1.42467 	0.00388487 	
5.64	0.32778 	-0.183709 	0.582625 	-0.0090521 	-1.42481 	0.00392223 	
5.645	0.327775 	-0.183713 	0.582618 	-0.00909345 	-1.42495 	0.00396071 	
5.65	0.32777 	-0.183718 	0.582615 	-0.0091329 	-1.4251 	0.00399287 	
5.655	0.327765 	-0.183723 	0.58261 	-0.00917314 	-1.42524 	0.00402679 	
5.66	0.32776 	-0.183729 	0.582608 	-0.00921171 	-1.4254 	0.00405532 	
5.665	0.327755 	-0.183734 	0.582604 	-0.00925122 	-1.42554 	0.00408607 	
5.67	0.32775 	-0.183741 	0.582604 	-0.00928923 	-1.4257 	0.00411212 	
5.675	0.327745 	-0.183747 	0.582601 	-0.00932827 	-1.42585 	0.00414069 	
5.68	0.32774 	-0.183753 	0.582602 	-0.00936593 	-1.42601 	0.00416499 	
5.685	0.327734 	-0.18376 	0.5826 	-0.00940468 	-1.42617 	0.00419203 	
5.69	0.327729 	-0.183767 	0.582601 	-0.00944214 	-1.42633 	0.00421512 	
5.695	0.327723 	-0.183774 	0.582599 	-0.00948071 	-1.42648 	0.00424123 	
5.7	0.327718 	-0.183781 	0.582601 	-0.00951814 	-1.42665 	0.00426412 	
5.705	0.327712 	-0.183788 	0.582599 	-0.00955671 	-1.4268 	0.00429007 	
5.71	0.327707 	-0.183795 	0.582601 	-0.00959418 	-1.42697 	0.00431293 	
5.715	0.327701 	-0.183801 	0.582599 	-0.00963338 	-1.42712 	0.0043414 	
5.72	0.327696 	-0.183806 	0.582598 	-0.00967315 	-1.42728 	0.00437401 	
5.725	0.32769 	-0.18381 	0.582594 	-0.00971447 	-1.42742 	0.00441148 	
5.73	0.327685 	-0.183813 	0.582591 	-0.00975618 	-1.42757 	0.00445237 	
5.735	0.32768 	-0.183815 	0.582585 	-0.00979924 	-1.42771 	0.00449745 	
5.74	0.327675 	-0.183816 	0.58258 	-0.00984252 	-1.42785 	0.00454533 	
5.745	0.32767 	-0.183817 	0.582573 	-0.00988636 	-1.42799 	0.00459388 	
5.75	0.327665 	-0.18382 	0.58257 	-0.00992837 	-1.42814 	0.00463603 	
5.755	0.32766 	-0.183822 	0.582566 	-0.00997104 	-1.42829 	0.00467926 	
5.76	0.327655 	-0.183826 	0.582565 	-0.010012 	-1.42844 	0.00471668 	
5.765	0.32765 	-0.18383 	0.582562 	-0.0100539 	-1.42859 	0.00475586 	
5.77	0.327645 	-0.183834 	0.582562 	-0.0100943 	-1.42875 	0.00479023 	
5.775	0.32764 	-0.183838 	0.58256 	-0.0101356 	-1.4289 	0.00482672 	
5.78	0.327635 	-0.183843 	0.582561 	-0.0101756 	-1.42906 	0.00485895 	
5.785	0.327629 	-0.183848 	0.58256 	-0.0102166 	-1.42922 	0.00489348 	
5.79	0.327625 	-0.183854 	0.582561 	-0.0102563 	-1.42938 	0.00492395 	
5.795	0.327619 	-0.183859 	0.58256 	-0.0102971 	-1.42954 	0.00495692 	
5.8	0.327614 	-0.183865 	0.582562 	-0.0103366 	-1.42971 	0.00498608 	
5.805	0.327608 	-0.18387 	0.582561 	-0.0103772 	-1.42986 	0.00501791 	
5.81	0.327603 	-0.183876 	0.582563 	-0.0104168 	-1.43003 	0.00504656 	
5.815	0.327597 	-0.183882 	0.582563 	-0.0104574 	-1.43019 	0.00507764 	
5.82	0.327591 	-0.183888 	0.582565 	-0.010497 	-1.43035 	0.00510569 	
5.825	0.327585 	-0.183894 	0.582565 	-0.0105375 	-1.43051 	0.00513619 	
5.83	0.32758 	-0.1839 	0.582567 	-0.0105771 	-1.43068 	0.00516375 	
5.835	0.327574 	-0.183906 	0.582566 	-0.0106177 	-1.43083 	0.00519386 	
5.84	0.327568 	-0.183913 	0.582569 	-0.0106573 	-1.431 	0.00522111 	
5.845	0.327562 	-0.183919 	0.582568 	-0.0106978 	-1.43116 	0.00524996 	
5.85	0.327555 	-0.183927 	0.582569 	-0.0107372 	-1.43132 	0.00527248 	
5.855	0.327548 	-0.183934 	0.582567 	-0.0107779 	-1.43148 	0.00530042 	
5.86	0.327541 	-0.18394 	0.582563 	-0.0108199 	-1.43162 	0.00533346 	
5.865	0.327534 	-0.183945 	0.582558 	-0.0108623 	-1.43176 	0.00536749 	
5.87	0.327526 	-0.183952 	0.582554 	-0.0109036 	-1.43191 	0.00539502 	
5.875	0.327519 	-0.183959 	0.582549 	-0.0109451 	-1.43206 	0.00542306 	
5.88	0.327511 	-0.183967 	0.582546 	-0.0109858 	-1.4322 	0.00544637 	
5.885	0.327503 	-0.183975 	0.582542 	-0.0110267 	-1.43235 	0.00547063 	
5.89	0.327495 	-0.183985 	0.582539 	-0.011067 	-1.4325 	0.0054908 	
5.895	0.327488 	-0.183994 	0.582535 	-0.0111075 	-1.43265 	0.0055121 	
5.9	0.327479 	-0.184004 	0.582531 	-0.0111475 	-1.4328 	0.00552873 	
5.905	0.32747 	-0.184014 	0.582527 	-0.0111877 	-1.43294 	0.00554531 	
5.91	0.327462 	-0.184025 	0.582522 	-0.0112273 	-1.43309 	0.00555849 	
5.915	0.327452 	-0.184037 	0.582517 	-0.0112672 	-1.43323 	0.00557181 	
5.92	0.327443 	-0.184049 	0.582513 	-0.0113066 	-1.43338 	0.00558223 	
5.925	0.327434 	-0.184061 	0.582507 	-0.0113463 	-1.43352 	0.00559315 	
5.93	0.327424 	-0.184073 	0.582502 	-0.0113861 	-1.43366 	0.00560309 	
5.935	0.327414 	-0.184085 	0.582495 	-0.0114261 	-1.4338 	0.00561342 	
5.94	0.327405 	-0.184102 	0.582497 	-0.0114619 	-1.43397 	0.00560735 	
5.945	0.327396 	-0.184118 	0.582497 	-0.0114984 	-1.43413 	0.00560269 	
5.95	0.327388 	-0.184135 	0.582499 	-0.0115337 	-1.4343 	0.00559294 	
5.955	0.327379 	-0.184153 	0.582503 	-0.0115679 	-1.43447 	0.00557782 	
5.96	0.32737 	-0.184172 	0.582507 	-0.0116021 	-1.43464 	0.00556217 	
5.965	0.327361 	-0.18419 	0.582509 	-0.0116372 	-1.43481 	0.005549 	
5.97	0.327353 	-0.184211 	0.582517 	-0.0116694 	-1.43499 	0.00552488 	
5.975	0.327343 	-0.184231 	0.582519 	-0.0117037 	-1.43516 	0.00550712 	
5.98	0.327334 	-0.18425 	0.582523 	-0.0117375 	-1.43534 	0.00548766 	
5.985	0.327324 	-0.184269 	0.582524 	-0.011773 	-1.4355 	0.00547442 	
5.99	0.327314 	-0.184287 	0.582525 	-0.0118082 	-1.43566 	0.00546021 	
5.995	0.327304 	-0.184305 	0.582523 	-0.0118448 	-1.43582 	0.00545138 	
6	0.327293 	-0.184322 	0.582522 	-0.0118811 	-1.43598 	0.00544149 	
6.005	0.327282 	-0.184339 	0.582519 	-0.0119186 	-1.43612 	0.00543488 	
6.01	0.327272 	-0.184357 	0.582516 	-0.0119555 	-1.43628 	0.00542637 	
6.015	0.32726 	-0.184374 	0.582511 	-0.0119934 	-1.43642 	0.00542007 	
6.02	0.327249 	-0.184391 	0.582507 	-0.0120309 	-1.43657 	0.00541224 	
6.025	0.327237 	-0.184408 	0.582501 	-0.0120692 	-1.43671 	0.00540654 	
