0.0	0.310429	-0.173769	0.537008	0.180534	-1.45468	-0.24872
0.005	0.310429	-0.173769	0.537008	0.180534	-1.45468	-0.24872
0.01	0.310429	-0.173769	0.537008	0.180534	-1.45468	-0.24872
0.015	0.310429	-0.173769	0.537008	0.180534	-1.45468	-0.24872
0.02	0.31043	-0.173769	0.537008	0.180534	-1.45468	-0.24872
0.025	0.310432	-0.173769	0.537009	0.180534	-1.45468	-0.24872
0.03	0.310434	-0.173769	0.537009	0.180534	-1.45468	-0.24872
0.035	0.310436	-0.173769	0.53701	0.180534	-1.45468	-0.24872
0.04	0.310439	-0.173769	0.53701	0.180534	-1.45468	-0.24872
0.045	0.310442	-0.173769	0.537011	0.180534	-1.45468	-0.24872
0.05	0.310446	-0.173769	0.537012	0.180534	-1.45468	-0.24872
0.055	0.31045	-0.17377	0.537013	0.180534	-1.45468	-0.24872
0.06	0.310455	-0.17377	0.537014	0.180534	-1.45468	-0.24872
0.065	0.31046	-0.17377	0.537015	0.180534	-1.45468	-0.24872
0.07	0.310465	-0.17377	0.537016	0.180534	-1.45468	-0.24872
0.075	0.310471	-0.17377	0.537018	0.180534	-1.45468	-0.24872
0.08	0.310478	-0.17377	0.537019	0.180534	-1.45468	-0.24872
0.085	0.310484	-0.17377	0.537021	0.180534	-1.45468	-0.24872
0.09	0.310491	-0.173771	0.537022	0.180534	-1.45468	-0.24872
0.095	0.310499	-0.173771	0.537024	0.180534	-1.45468	-0.24872
0.1	0.310507	-0.173771	0.537026	0.180534	-1.45468	-0.24872
0.105	0.310516	-0.173771	0.537028	0.180534	-1.45468	-0.24872
0.11	0.310526	-0.173771	0.53703	0.180534	-1.45468	-0.24872
0.115	0.310534	-0.173772	0.537032	0.180534	-1.45468	-0.24872
0.12	0.310545	-0.173772	0.537034	0.180534	-1.45468	-0.24872
0.125	0.310555	-0.173772	0.537037	0.180534	-1.45468	-0.24872
0.13	0.310566	-0.173772	0.537039	0.180534	-1.45468	-0.24872
0.135	0.310577	-0.173773	0.537042	0.180534	-1.45468	-0.24872
0.14	0.310589	-0.173773	0.537044	0.180534	-1.45468	-0.24872
0.145	0.310601	-0.173773	0.537047	0.180534	-1.45468	-0.24872
0.15	0.310613	-0.173774	0.53705	0.180534	-1.45468	-0.24872
0.155	0.310626	-0.173774	0.537053	0.180534	-1.45468	-0.24872
0.16	0.31064	-0.173774	0.537056	0.180534	-1.45468	-0.24872
0.165	0.310591	-0.173759	0.53704	0.178912	-1.45354	-0.246485
0.17	0.310605	-0.173759	0.537043	0.178912	-1.45354	-0.246485
0.175	0.31062	-0.17376	0.537047	0.178912	-1.45354	-0.246485
0.18	0.310635	-0.17376	0.53705	0.178912	-1.45354	-0.246485
0.185	0.310651	-0.17376	0.537054	0.178912	-1.45354	-0.246485
0.19	0.310667	-0.173761	0.537057	0.178912	-1.45354	-0.246485
0.195	0.310683	-0.173761	0.537061	0.178912	-1.45354	-0.246485
0.2	0.3107	-0.173762	0.537065	0.178912	-1.45354	-0.246485
0.205	0.310717	-0.173762	0.537069	0.178912	-1.45354	-0.246485
0.21	0.310735	-0.173762	0.537073	0.178912	-1.45354	-0.246485
0.215	0.310753	-0.173763	0.537077	0.178912	-1.45354	-0.246485
0.22	0.310771	-0.173763	0.537081	0.178912	-1.45354	-0.246485
0.225	0.310729	-0.173749	0.537066	0.177313	-1.45242	-0.244282
0.23	0.310748	-0.173749	0.537071	0.177313	-1.45242	-0.244282
0.235	0.310768	-0.173749	0.537075	0.177313	-1.45242	-0.244282
0.24	0.310788	-0.17375	0.53708	0.177313	-1.45242	-0.244282
0.245	0.310809	-0.17375	0.537085	0.177313	-1.45242	-0.244282
0.25	0.31083	-0.173751	0.537089	0.177313	-1.45242	-0.244282
0.255	0.310851	-0.173751	0.537094	0.177313	-1.45242	-0.244282
0.26	0.310873	-0.173752	0.537099	0.177313	-1.45242	-0.244282
0.265	0.310895	-0.173752	0.537104	0.177313	-1.45242	-0.244282
0.27	0.310918	-0.173753	0.537109	0.177313	-1.45242	-0.244282
0.275	0.310876	-0.173738	0.537095	0.175618	-1.45123	-0.241947
0.28	0.3109	-0.173738	0.5371	0.175618	-1.45123	-0.241947
0.285	0.310924	-0.173739	0.537106	0.175618	-1.45123	-0.241947
0.29	0.310948	-0.173739	0.537111	0.175618	-1.45123	-0.241947
0.295	0.310973	-0.17374	0.537117	0.175618	-1.45123	-0.241947
0.3	0.310998	-0.17374	0.537122	0.175618	-1.45123	-0.241947
0.305	0.311024	-0.173741	0.537128	0.175618	-1.45123	-0.241947
0.31	0.31105	-0.173741	0.537134	0.175618	-1.45123	-0.241947
0.315	0.311014	-0.173727	0.537121	0.174005	-1.4501	-0.239725
0.32	0.311041	-0.173728	0.537127	0.174005	-1.4501	-0.239725
0.325	0.311068	-0.173728	0.537134	0.174005	-1.4501	-0.239725
0.33	0.311096	-0.173729	0.53714	0.174005	-1.4501	-0.239725
0.335	0.311124	-0.173729	0.537146	0.174005	-1.4501	-0.239725
0.34	0.311153	-0.17373	0.537153	0.174005	-1.4501	-0.239725
0.345	0.311181	-0.17373	0.537159	0.174005	-1.4501	-0.239725
0.35	0.31115	-0.173717	0.537147	0.172425	-1.44899	-0.237548
0.355	0.31118	-0.173717	0.537154	0.172425	-1.44899	-0.237548
0.36	0.31121	-0.173718	0.537161	0.172425	-1.44899	-0.237548
0.365	0.31124	-0.173719	0.537168	0.172425	-1.44899	-0.237548
0.37	0.311271	-0.173719	0.537175	0.172425	-1.44899	-0.237548
0.375	0.311302	-0.17372	0.537182	0.172425	-1.44899	-0.237548
0.38	0.311334	-0.17372	0.537189	0.172425	-1.44899	-0.237548
0.385	0.3113	-0.173706	0.537176	0.170708	-1.44779	-0.235182
0.39	0.311332	-0.173706	0.537184	0.170708	-1.44779	-0.235182
0.395	0.311365	-0.173707	0.537191	0.170708	-1.44779	-0.235182
0.4	0.311399	-0.173707	0.537198	0.170708	-1.44779	-0.235182
0.405	0.311432	-0.173708	0.537206	0.170708	-1.44779	-0.235182
0.41	0.311466	-0.173708	0.537214	0.170708	-1.44779	-0.235182
0.415	0.311438	-0.173695	0.537203	0.169088	-1.44665	-0.232951
0.42	0.311473	-0.173696	0.537211	0.169088	-1.44665	-0.232951
0.425	0.311508	-0.173696	0.537218	0.169088	-1.44665	-0.232951
0.43	0.311544	-0.173697	0.537226	0.169088	-1.44665	-0.232951
0.435	0.31158	-0.173697	0.537235	0.169088	-1.44665	-0.232951
0.44	0.311616	-0.173698	0.537243	0.169088	-1.44665	-0.232951
0.445	0.311587	-0.173684	0.537231	0.16738	-1.44546	-0.230597
0.45	0.311624	-0.173685	0.53724	0.16738	-1.44546	-0.230597
0.455	0.311661	-0.173685	0.537248	0.16738	-1.44546	-0.230597
0.46	0.311699	-0.173686	0.537257	0.16738	-1.44546	-0.230597
0.465	0.311738	-0.173686	0.537265	0.16738	-1.44546	-0.230597
0.47	0.311776	-0.173687	0.537274	0.16738	-1.44546	-0.230597
0.475	0.311745	-0.173672	0.537262	0.165564	-1.44418	-0.228096
0.48	0.311784	-0.173673	0.537271	0.165564	-1.44418	-0.228096
0.485	0.311824	-0.173673	0.537279	0.165564	-1.44418	-0.228096
0.49	0.311864	-0.173674	0.537288	0.165564	-1.44418	-0.228096
0.495	0.311905	-0.173674	0.537297	0.165564	-1.44418	-0.228096
0.5	0.311882	-0.173662	0.537288	0.163939	-1.44304	-0.225857
0.505	0.311924	-0.173662	0.537297	0.163939	-1.44304	-0.225857
0.51	0.311965	-0.173663	0.537307	0.163939	-1.44304	-0.225857
0.515	0.312007	-0.173663	0.537316	0.163939	-1.44304	-0.225857
0.52	0.312049	-0.173664	0.537325	0.163939	-1.44304	-0.225857
0.525	0.312027	-0.173651	0.537316	0.162268	-1.44187	-0.223555
0.53	0.31207	-0.173651	0.537325	0.162268	-1.44187	-0.223555
0.535	0.312113	-0.173652	0.537335	0.162268	-1.44187	-0.223555
0.54	0.312157	-0.173652	0.537345	0.162268	-1.44187	-0.223555
0.545	0.312201	-0.173653	0.537355	0.162268	-1.44187	-0.223555
0.55	0.312178	-0.17364	0.537345	0.16053	-1.44065	-0.22116
0.555	0.312223	-0.17364	0.537355	0.16053	-1.44065	-0.22116
0.56	0.312268	-0.17364	0.537365	0.16053	-1.44065	-0.22116
0.565	0.312313	-0.173641	0.537375	0.16053	-1.44065	-0.22116
0.57	0.312359	-0.173641	0.537385	0.16053	-1.44065	-0.22116
0.575	0.312335	-0.173628	0.537375	0.158723	-1.43939	-0.21867
0.58	0.312381	-0.173628	0.537385	0.158723	-1.43939	-0.21867
0.585	0.312428	-0.173629	0.537396	0.158723	-1.43939	-0.21867
0.59	0.312475	-0.173629	0.537406	0.158723	-1.43939	-0.21867
0.595	0.312523	-0.173629	0.537417	0.158723	-1.43939	-0.21867
0.6	0.312497	-0.173616	0.537406	0.156849	-1.43807	-0.216089
0.605	0.312545	-0.173616	0.537417	0.156849	-1.43807	-0.216089
0.61	0.312594	-0.173616	0.537428	0.156849	-1.43807	-0.216089
0.615	0.312643	-0.173617	0.537439	0.156849	-1.43807	-0.216089
0.62	0.31263	-0.173605	0.537432	0.155264	-1.43696	-0.213905
0.625	0.312679	-0.173606	0.537443	0.155264	-1.43696	-0.213905
0.63	0.312729	-0.173606	0.537454	0.155264	-1.43696	-0.213905
0.635	0.312779	-0.173606	0.537465	0.155264	-1.43696	-0.213905
0.64	0.312767	-0.173595	0.537458	0.153672	-1.43585	-0.211712
0.645	0.312818	-0.173595	0.537469	0.153672	-1.43585	-0.211712
0.65	0.312869	-0.173595	0.537481	0.153672	-1.43585	-0.211712
0.655	0.31292	-0.173596	0.537492	0.153672	-1.43585	-0.211712
0.66	0.312908	-0.173585	0.537485	0.152044	-1.4347	-0.209469
0.665	0.31296	-0.173585	0.537497	0.152044	-1.4347	-0.209469
0.67	0.313012	-0.173585	0.537508	0.152044	-1.4347	-0.209469
0.675	0.313065	-0.173585	0.53752	0.152044	-1.4347	-0.209469
0.68	0.313053	-0.173574	0.537513	0.150377	-1.43353	-0.207173
0.685	0.313106	-0.173574	0.537525	0.150377	-1.43353	-0.207173
0.69	0.313159	-0.173574	0.537536	0.150377	-1.43353	-0.207173
0.695	0.313213	-0.173574	0.537548	0.150377	-1.43353	-0.207173
0.7	0.3132	-0.173563	0.537541	0.148673	-1.43234	-0.204825
0.705	0.313254	-0.173563	0.537553	0.148673	-1.43234	-0.204825
0.71	0.313309	-0.173562	0.537565	0.148673	-1.43234	-0.204825
0.715	0.313364	-0.173562	0.537577	0.148673	-1.43234	-0.204825
0.72	0.313351	-0.173551	0.53757	0.146932	-1.43112	-0.202427
0.725	0.313406	-0.173551	0.537582	0.146932	-1.43112	-0.202427
0.73	0.313462	-0.173551	0.537595	0.146932	-1.43112	-0.202427
0.735	0.313518	-0.173551	0.537607	0.146932	-1.43112	-0.202427
0.74	0.313504	-0.17354	0.5376	0.145156	-1.42987	-0.199979
0.745	0.313561	-0.17354	0.537612	0.145156	-1.42987	-0.199979
0.75	0.313618	-0.173539	0.537625	0.145156	-1.42987	-0.199979
0.755	0.313675	-0.173539	0.537637	0.145156	-1.42987	-0.199979
0.76	0.313661	-0.173528	0.53763	0.143345	-1.4286	-0.197485
0.765	0.313719	-0.173528	0.537642	0.143345	-1.4286	-0.197485
0.77	0.313777	-0.173527	0.537655	0.143345	-1.4286	-0.197485
0.775	0.313835	-0.173527	0.537668	0.143345	-1.4286	-0.197485
0.78	0.313821	-0.173516	0.53766	0.141501	-1.42731	-0.194944
0.785	0.313879	-0.173516	0.537673	0.141501	-1.42731	-0.194944
0.79	0.313938	-0.173515	0.537686	0.141501	-1.42731	-0.194944
0.795	0.313997	-0.173515	0.537699	0.141501	-1.42731	-0.194944
0.8	0.313983	-0.173504	0.537692	0.139625	-1.426	-0.19236
0.805	0.314043	-0.173503	0.537705	0.139625	-1.426	-0.19236
0.81	0.314102	-0.173503	0.537718	0.139625	-1.426	-0.19236
0.815	0.314162	-0.173502	0.537731	0.139625	-1.426	-0.19236
0.82	0.314148	-0.173491	0.537723	0.137718	-1.42466	-0.189732
0.825	0.314208	-0.173491	0.537737	0.137718	-1.42466	-0.189732
0.83	0.314269	-0.17349	0.53775	0.137718	-1.42466	-0.189732
0.835	0.31433	-0.17349	0.537763	0.137718	-1.42466	-0.189732
0.84	0.314315	-0.173479	0.537756	0.135781	-1.4233	-0.187064
0.845	0.314377	-0.173478	0.537769	0.135781	-1.4233	-0.187064
0.85	0.314438	-0.173477	0.537782	0.135781	-1.4233	-0.187064
0.855	0.3145	-0.173477	0.537796	0.135781	-1.4233	-0.187064
0.86	0.314485	-0.173466	0.537788	0.133816	-1.42192	-0.184357
0.865	0.314548	-0.173465	0.537802	0.133816	-1.42192	-0.184357
0.87	0.31461	-0.173464	0.537815	0.133816	-1.42192	-0.184357
0.875	0.314673	-0.173464	0.537829	0.133816	-1.42192	-0.184357
0.88	0.314657	-0.173453	0.537821	0.131824	-1.42053	-0.181612
0.885	0.314721	-0.173452	0.537835	0.131824	-1.42053	-0.181612
0.89	0.314784	-0.173451	0.537849	0.131824	-1.42053	-0.181612
0.895	0.314786	-0.173443	0.537846	0.130261	-1.41943	-0.179459
0.9	0.31485	-0.173442	0.53786	0.130261	-1.41943	-0.179459
0.905	0.314914	-0.173441	0.537873	0.130261	-1.41943	-0.179459
0.91	0.314978	-0.17344	0.537887	0.130261	-1.41943	-0.179459
0.915	0.314964	-0.17343	0.53788	0.12827	-1.41803	-0.176715
0.92	0.315029	-0.173429	0.537894	0.12827	-1.41803	-0.176715
0.925	0.315093	-0.173428	0.537908	0.12827	-1.41803	-0.176715
0.93	0.315096	-0.17342	0.537905	0.126678	-1.41692	-0.174523
0.935	0.315161	-0.173419	0.537919	0.126678	-1.41692	-0.174523
0.94	0.315226	-0.173417	0.537933	0.126678	-1.41692	-0.174523
0.945	0.31523	-0.17341	0.537931	0.125116	-1.41582	-0.172371
0.95	0.315295	-0.173408	0.537945	0.125116	-1.41582	-0.172371
0.955	0.315361	-0.173407	0.537959	0.125116	-1.41582	-0.172371
0.96	0.315365	-0.173399	0.537957	0.123547	-1.41472	-0.170209
0.965	0.315432	-0.173398	0.537971	0.123547	-1.41472	-0.170209
0.97	0.315498	-0.173397	0.537986	0.123547	-1.41472	-0.170209
0.975	0.315502	-0.173389	0.537983	0.121966	-1.41361	-0.168031
0.98	0.315569	-0.173388	0.537998	0.121966	-1.41361	-0.168031
0.985	0.315635	-0.173386	0.538012	0.121966	-1.41361	-0.168031
0.99	0.315639	-0.173379	0.53801	0.120373	-1.4125	-0.165837
0.995	0.315706	-0.173377	0.538024	0.120373	-1.4125	-0.165837
1.0	0.315774	-0.173376	0.538039	0.120373	-1.4125	-0.165837
1.005	0.315778	-0.173368	0.538036	0.118771	-1.41137	-0.163629
1.01	0.315845	-0.173367	0.538051	0.118771	-1.41137	-0.163629
1.015	0.315913	-0.173365	0.538065	0.118771	-1.41137	-0.163629
1.02	0.315917	-0.173358	0.538063	0.117158	-1.41024	-0.161407
1.025	0.315985	-0.173356	0.538078	0.117158	-1.41024	-0.161407
1.03	0.316053	-0.173354	0.538092	0.117158	-1.41024	-0.161407
1.035	0.316057	-0.173347	0.53809	0.115535	-1.40911	-0.159172
1.04	0.316125	-0.173346	0.538105	0.115535	-1.40911	-0.159172
1.045	0.316194	-0.173344	0.538119	0.115535	-1.40911	-0.159172
1.05	0.316198	-0.173337	0.538117	0.113904	-1.40796	-0.156924
1.055	0.316267	-0.173335	0.538132	0.113904	-1.40796	-0.156924
1.06	0.316335	-0.173333	0.538146	0.113904	-1.40796	-0.156924
1.065	0.316339	-0.173326	0.538144	0.112264	-1.40681	-0.154665
1.07	0.316409	-0.173324	0.538159	0.112264	-1.40681	-0.154665
1.075	0.316478	-0.173322	0.538174	0.112264	-1.40681	-0.154665
1.08	0.316482	-0.173316	0.538172	0.110617	-1.40566	-0.152396
1.085	0.316551	-0.173313	0.538186	0.110617	-1.40566	-0.152396
1.09	0.31662	-0.173311	0.538201	0.110617	-1.40566	-0.152396
1.095	0.316624	-0.173305	0.538199	0.108963	-1.4045	-0.150116
1.1	0.316694	-0.173302	0.538214	0.108963	-1.4045	-0.150116
1.105	0.316764	-0.1733	0.538229	0.108963	-1.4045	-0.150116
1.11	0.316768	-0.173294	0.538227	0.107301	-1.40333	-0.147828
1.115	0.316838	-0.173292	0.538241	0.107301	-1.40333	-0.147828
1.12	0.316908	-0.173289	0.538256	0.107301	-1.40333	-0.147828
1.125	0.316912	-0.173283	0.538254	0.105634	-1.40216	-0.145531
1.13	0.316982	-0.173281	0.538269	0.105634	-1.40216	-0.145531
1.135	0.317052	-0.173278	0.538284	0.105634	-1.40216	-0.145531
1.14	0.317056	-0.173272	0.538282	0.103962	-1.40099	-0.143227
1.145	0.317126	-0.17327	0.538297	0.103962	-1.40099	-0.143227
1.15	0.317197	-0.173267	0.538312	0.103962	-1.40099	-0.143227
1.155	0.317201	-0.173261	0.53831	0.102284	-1.39981	-0.140916
1.16	0.317271	-0.173259	0.538325	0.102284	-1.39981	-0.140916
1.165	0.317342	-0.173256	0.538339	0.102284	-1.39981	-0.140916
1.17	0.317346	-0.17325	0.538338	0.100603	-1.39864	-0.138599
1.175	0.317417	-0.173248	0.538352	0.100603	-1.39864	-0.138599
1.18	0.317487	-0.173245	0.538367	0.100603	-1.39864	-0.138599
1.185	0.317491	-0.17324	0.538366	0.0989176	-1.39745	-0.136278
1.19	0.317562	-0.173237	0.53838	0.0989176	-1.39745	-0.136278
1.195	0.317633	-0.173234	0.538395	0.0989176	-1.39745	-0.136278
1.2	0.317637	-0.173229	0.538393	0.0972293	-1.39627	-0.133952
1.205	0.317708	-0.173225	0.538408	0.0972293	-1.39627	-0.133952
1.21	0.317779	-0.173222	0.538423	0.0972293	-1.39627	-0.133952
1.215	0.317783	-0.173218	0.538422	0.0955386	-1.39508	-0.131622
1.22	0.317854	-0.173214	0.538436	0.0955386	-1.39508	-0.131622
1.225	0.317925	-0.173211	0.538451	0.0955386	-1.39508	-0.131622
1.23	0.317929	-0.173207	0.53845	0.093846	-1.3939	-0.12929
1.235	0.318	-0.173203	0.538464	0.093846	-1.3939	-0.12929
1.24	0.318071	-0.1732	0.538479	0.093846	-1.3939	-0.12929
1.245	0.318075	-0.173196	0.538478	0.0921521	-1.39271	-0.126957
1.25	0.318146	-0.173192	0.538492	0.0921521	-1.39271	-0.126957
1.255	0.318217	-0.173189	0.538507	0.0921521	-1.39271	-0.126957
1.26	0.318221	-0.173185	0.538506	0.0904576	-1.39152	-0.124622
1.265	0.318292	-0.173181	0.538521	0.0904576	-1.39152	-0.124622
1.27	0.318364	-0.173178	0.538535	0.0904576	-1.39152	-0.124622
1.275	0.318367	-0.173174	0.538534	0.088763	-1.39033	-0.122288
1.28	0.318438	-0.17317	0.538549	0.088763	-1.39033	-0.122288
1.285	0.31851	-0.173166	0.538563	0.088763	-1.39033	-0.122288
1.29	0.318513	-0.173163	0.538562	0.0870689	-1.38915	-0.119954
1.295	0.318585	-0.173159	0.538577	0.0870689	-1.38915	-0.119954
1.3	0.318656	-0.173155	0.538591	0.0870689	-1.38915	-0.119954
1.305	0.318659	-0.173152	0.53859	0.085376	-1.38796	-0.117621
1.31	0.31873	-0.173148	0.538605	0.085376	-1.38796	-0.117621
1.315	0.318802	-0.173144	0.538619	0.085376	-1.38796	-0.117621
1.32	0.318805	-0.173141	0.538618	0.0836848	-1.38677	-0.115291
1.325	0.318876	-0.173137	0.538633	0.0836848	-1.38677	-0.115291
1.33	0.318947	-0.173133	0.538647	0.0836848	-1.38677	-0.115291
1.335	0.318951	-0.17313	0.538646	0.0819959	-1.38559	-0.112965
1.34	0.319022	-0.173126	0.538661	0.0819959	-1.38559	-0.112965
1.345	0.319093	-0.173122	0.538675	0.0819959	-1.38559	-0.112965
1.35	0.319096	-0.173119	0.538674	0.0803099	-1.38441	-0.110642
1.355	0.319167	-0.173115	0.538688	0.0803099	-1.38441	-0.110642
1.36	0.319238	-0.17311	0.538703	0.0803099	-1.38441	-0.110642
1.365	0.319241	-0.173108	0.538702	0.0786274	-1.38323	-0.108324
1.37	0.319312	-0.173104	0.538716	0.0786274	-1.38323	-0.108324
1.375	0.319382	-0.173099	0.538731	0.0786274	-1.38323	-0.108324
1.38	0.319386	-0.173097	0.538729	0.076949	-1.38205	-0.106012
1.385	0.319456	-0.173093	0.538744	0.076949	-1.38205	-0.106012
1.39	0.319527	-0.173088	0.538758	0.076949	-1.38205	-0.106012
1.395	0.31953	-0.173086	0.538757	0.0752753	-1.38088	-0.103706
1.4	0.319601	-0.173082	0.538772	0.0752753	-1.38088	-0.103706
1.405	0.319671	-0.173077	0.538786	0.0752753	-1.38088	-0.103706
1.41	0.319674	-0.173075	0.538785	0.0736069	-1.37971	-0.101407
1.415	0.319744	-0.173071	0.538799	0.0736069	-1.37971	-0.101407
1.42	0.319814	-0.173066	0.538813	0.0736069	-1.37971	-0.101407
1.425	0.319817	-0.173064	0.538812	0.0719444	-1.37854	-0.0991169
1.43	0.319887	-0.17306	0.538827	0.0719444	-1.37854	-0.0991169
1.435	0.319957	-0.173055	0.538841	0.0719444	-1.37854	-0.0991169
1.44	0.31996	-0.173054	0.53884	0.0702883	-1.37738	-0.0968353
1.445	0.32003	-0.173049	0.538854	0.0702883	-1.37738	-0.0968353
1.45	0.320099	-0.173044	0.538868	0.0702883	-1.37738	-0.0968353
1.455	0.320102	-0.173043	0.538867	0.0686393	-1.37622	-0.0945635
1.46	0.320171	-0.173038	0.538881	0.0686393	-1.37622	-0.0945635
1.465	0.32024	-0.173034	0.538895	0.0686393	-1.37622	-0.0945635
1.47	0.320244	-0.173032	0.538894	0.0669979	-1.37507	-0.0923021
1.475	0.320313	-0.173028	0.538908	0.0669979	-1.37507	-0.0923021
1.48	0.320381	-0.173023	0.538922	0.0669979	-1.37507	-0.0923021
1.485	0.320385	-0.173022	0.538921	0.0653647	-1.37393	-0.0900521
1.49	0.320453	-0.173017	0.538935	0.0653647	-1.37393	-0.0900521
1.495	0.320521	-0.173012	0.538949	0.0653647	-1.37393	-0.0900521
1.5	0.320525	-0.173011	0.538948	0.0637403	-1.37279	-0.0878141
1.505	0.320593	-0.173006	0.538962	0.0637403	-1.37279	-0.0878141
1.51	0.32066	-0.173001	0.538976	0.0637403	-1.37279	-0.0878141
1.515	0.320664	-0.173001	0.538975	0.0621252	-1.37166	-0.0855891
1.52	0.320731	-0.172996	0.538989	0.0621252	-1.37166	-0.0855891
1.525	0.320799	-0.172991	0.539002	0.0621252	-1.37166	-0.0855891
1.53	0.320802	-0.17299	0.539001	0.06052	-1.37053	-0.0833776
1.535	0.320869	-0.172985	0.539015	0.06052	-1.37053	-0.0833776
1.54	0.320936	-0.17298	0.539029	0.06052	-1.37053	-0.0833776
1.545	0.320939	-0.17298	0.539028	0.0589253	-1.36941	-0.0811807
1.55	0.321006	-0.172975	0.539041	0.0589253	-1.36941	-0.0811807
1.555	0.321073	-0.17297	0.539055	0.0589253	-1.36941	-0.0811807
1.56	0.321076	-0.17297	0.539054	0.0573417	-1.3683	-0.0789989
1.565	0.321142	-0.172965	0.539067	0.0573417	-1.3683	-0.0789989
1.57	0.321208	-0.172959	0.539081	0.0573417	-1.3683	-0.0789989
1.575	0.321211	-0.172959	0.53908	0.0557697	-1.3672	-0.0768332
1.58	0.321277	-0.172954	0.539093	0.0557697	-1.3672	-0.0768332
1.585	0.321343	-0.172949	0.539106	0.0557697	-1.3672	-0.0768332
1.59	0.321346	-0.172949	0.539106	0.0542098	-1.36611	-0.0746841
1.595	0.321411	-0.172944	0.539119	0.0542098	-1.36611	-0.0746841
1.6	0.321476	-0.172939	0.539132	0.0542098	-1.36611	-0.0746841
1.605	0.321479	-0.172939	0.539131	0.0526626	-1.36502	-0.0725526
1.61	0.321544	-0.172934	0.539144	0.0526626	-1.36502	-0.0725526
1.615	0.321608	-0.172929	0.539157	0.0526626	-1.36502	-0.0725526
1.62	0.321611	-0.172929	0.539157	0.0511287	-1.36395	-0.0704394
1.625	0.321675	-0.172924	0.53917	0.0511287	-1.36395	-0.0704394
1.63	0.321739	-0.172919	0.539182	0.0511287	-1.36395	-0.0704394
1.635	0.321803	-0.172914	0.539195	0.0511287	-1.36395	-0.0704394
1.64	0.321787	-0.172916	0.539191	0.0491572	-1.36256	-0.067723
1.645	0.321851	-0.172911	0.539203	0.0491572	-1.36256	-0.067723
1.65	0.321914	-0.172905	0.539216	0.0491572	-1.36256	-0.067723
1.655	0.321915	-0.172906	0.539215	0.0476095	-1.36148	-0.065591
1.66	0.321977	-0.172901	0.539228	0.0476095	-1.36148	-0.065591
1.665	0.32204	-0.172896	0.53924	0.0476095	-1.36148	-0.065591
1.67	0.322102	-0.17289	0.539252	0.0476095	-1.36148	-0.065591
1.675	0.322087	-0.172893	0.539248	0.0456779	-1.36012	-0.0629297
1.68	0.322149	-0.172888	0.539261	0.0456779	-1.36012	-0.0629297
1.685	0.32221	-0.172883	0.539273	0.0456779	-1.36012	-0.0629297
1.69	0.322271	-0.172877	0.539285	0.0456779	-1.36012	-0.0629297
1.695	0.322255	-0.172881	0.539281	0.0437322	-1.35876	-0.0602491
1.7	0.322316	-0.172875	0.539293	0.0437322	-1.35876	-0.0602491
1.705	0.322376	-0.17287	0.539305	0.0437322	-1.35876	-0.0602491
1.71	0.322437	-0.172865	0.539317	0.0437322	-1.35876	-0.0602491
1.715	0.32242	-0.172868	0.539312	0.0418113	-1.35741	-0.0576028
1.72	0.32248	-0.172863	0.539324	0.0418113	-1.35741	-0.0576028
1.725	0.32254	-0.172858	0.539336	0.0418113	-1.35741	-0.0576028
1.73	0.322599	-0.172852	0.539348	0.0418113	-1.35741	-0.0576028
1.735	0.322583	-0.172856	0.539344	0.0399204	-1.35609	-0.0549976
1.74	0.322642	-0.172851	0.539355	0.0399204	-1.35609	-0.0549976
1.745	0.3227	-0.172845	0.539367	0.0399204	-1.35609	-0.0549976
1.75	0.322759	-0.17284	0.539378	0.0399204	-1.35609	-0.0549976
1.755	0.322743	-0.172844	0.539374	0.0380609	-1.35478	-0.0524359
1.76	0.322801	-0.172839	0.539386	0.0380609	-1.35478	-0.0524359
1.765	0.322858	-0.172833	0.539397	0.0380609	-1.35478	-0.0524359
1.77	0.322916	-0.172828	0.539408	0.0380609	-1.35478	-0.0524359
1.775	0.3229	-0.172832	0.539404	0.0362342	-1.3535	-0.0499192
1.78	0.322957	-0.172827	0.539416	0.0362342	-1.3535	-0.0499192
1.785	0.323013	-0.172821	0.539427	0.0362342	-1.3535	-0.0499192
1.79	0.323069	-0.172816	0.539438	0.0362342	-1.3535	-0.0499192
1.795	0.323054	-0.172821	0.539434	0.0344413	-1.35225	-0.0474491
1.8	0.32311	-0.172815	0.539445	0.0344413	-1.35225	-0.0474491
1.805	0.323165	-0.17281	0.539456	0.0344413	-1.35225	-0.0474491
1.81	0.32322	-0.172805	0.539467	0.0344413	-1.35225	-0.0474491
1.815	0.323205	-0.172809	0.539463	0.0326833	-1.35101	-0.0450273
1.82	0.32326	-0.172804	0.539474	0.0326833	-1.35101	-0.0450273
1.825	0.323314	-0.172799	0.539484	0.0326833	-1.35101	-0.0450273
1.83	0.323368	-0.172793	0.539495	0.0326833	-1.35101	-0.0450273
1.835	0.323353	-0.172798	0.539492	0.0309615	-1.34981	-0.0426551
1.84	0.323407	-0.172793	0.539502	0.0309615	-1.34981	-0.0426551
1.845	0.32346	-0.172788	0.539512	0.0309615	-1.34981	-0.0426551
1.85	0.323513	-0.172782	0.539523	0.0309615	-1.34981	-0.0426551
1.855	0.323498	-0.172787	0.539519	0.0292768	-1.34863	-0.0403342
1.86	0.32355	-0.172782	0.53953	0.0292768	-1.34863	-0.0403342
1.865	0.323602	-0.172777	0.53954	0.0292768	-1.34863	-0.0403342
1.87	0.323654	-0.172771	0.53955	0.0292768	-1.34863	-0.0403342
1.875	0.32364	-0.172777	0.539547	0.0276304	-1.34747	-0.0380659
1.88	0.32369	-0.172771	0.539556	0.0276304	-1.34747	-0.0380659
1.885	0.323741	-0.172766	0.539566	0.0276304	-1.34747	-0.0380659
1.89	0.323791	-0.172761	0.539576	0.0276304	-1.34747	-0.0380659
1.895	0.323778	-0.172766	0.539573	0.0260231	-1.34634	-0.0358517
1.9	0.323827	-0.172761	0.539583	0.0260231	-1.34634	-0.0358517
1.905	0.323877	-0.172756	0.539592	0.0260231	-1.34634	-0.0358517
1.91	0.323926	-0.172751	0.539602	0.0260231	-1.34634	-0.0358517
1.915	0.323912	-0.172756	0.539599	0.0244562	-1.34525	-0.0336929
1.92	0.323961	-0.172751	0.539608	0.0244562	-1.34525	-0.0336929
1.925	0.324009	-0.172746	0.539618	0.0244562	-1.34525	-0.0336929
1.93	0.324056	-0.172741	0.539627	0.0244562	-1.34525	-0.0336929
1.935	0.324043	-0.172746	0.539624	0.0229305	-1.34418	-0.0315909
1.94	0.32409	-0.172741	0.539633	0.0229305	-1.34418	-0.0315909
1.945	0.324137	-0.172736	0.539642	0.0229305	-1.34418	-0.0315909
1.95	0.324183	-0.172731	0.539651	0.0229305	-1.34418	-0.0315909
1.955	0.324229	-0.172726	0.53966	0.0229305	-1.34418	-0.0315909
1.96	0.324203	-0.172734	0.539655	0.0211212	-1.34291	-0.0290982
1.965	0.324249	-0.172729	0.539664	0.0211212	-1.34291	-0.0290982
1.97	0.324294	-0.172724	0.539672	0.0211212	-1.34291	-0.0290982
1.975	0.324338	-0.172719	0.539681	0.0211212	-1.34291	-0.0290982
1.98	0.324383	-0.172715	0.53969	0.0211212	-1.34291	-0.0290982
1.985	0.324356	-0.172723	0.539684	0.0193437	-1.34166	-0.0266494
1.99	0.3244	-0.172718	0.539693	0.0193437	-1.34166	-0.0266494
1.995	0.324443	-0.172713	0.539701	0.0193437	-1.34166	-0.0266494
2.0	0.324486	-0.172708	0.539709	0.0193437	-1.34166	-0.0266494
2.005	0.324528	-0.172704	0.539717	0.0193437	-1.34166	-0.0266494
2.01	0.324503	-0.172712	0.539712	0.0176321	-1.34046	-0.0242913
2.015	0.324545	-0.172707	0.53972	0.0176321	-1.34046	-0.0242913
2.02	0.324586	-0.172702	0.539728	0.0176321	-1.34046	-0.0242913
2.025	0.324627	-0.172698	0.539736	0.0176321	-1.34046	-0.0242913
2.03	0.324668	-0.172693	0.539744	0.0176321	-1.34046	-0.0242913
2.035	0.324643	-0.172701	0.539739	0.0159911	-1.33931	-0.0220306
2.04	0.324683	-0.172697	0.539747	0.0159911	-1.33931	-0.0220306
2.045	0.324723	-0.172692	0.539755	0.0159911	-1.33931	-0.0220306
2.05	0.324762	-0.172688	0.539762	0.0159911	-1.33931	-0.0220306
2.055	0.324801	-0.172683	0.53977	0.0159911	-1.33931	-0.0220306
2.06	0.324778	-0.172691	0.539765	0.0144229	-1.33821	-0.0198701
2.065	0.324816	-0.172687	0.539772	0.0144229	-1.33821	-0.0198701
2.07	0.324854	-0.172682	0.53978	0.0144229	-1.33821	-0.0198701
2.075	0.324891	-0.172678	0.539787	0.0144229	-1.33821	-0.0198701
2.08	0.324928	-0.172674	0.539794	0.0144229	-1.33821	-0.0198701
2.085	0.324965	-0.17267	0.539801	0.0144229	-1.33821	-0.0198701
2.09	0.324932	-0.172679	0.539795	0.0126703	-1.33698	-0.0174556
2.095	0.324967	-0.172675	0.539802	0.0126703	-1.33698	-0.0174556
2.1	0.325003	-0.172671	0.539808	0.0126703	-1.33698	-0.0174556
2.105	0.325038	-0.172667	0.539815	0.0126703	-1.33698	-0.0174556
2.11	0.325073	-0.172663	0.539822	0.0126703	-1.33698	-0.0174556
2.115	0.325107	-0.172659	0.539828	0.0126703	-1.33698	-0.0174556
2.12	0.325075	-0.172668	0.539822	0.0109974	-1.33581	-0.0151507
2.125	0.325108	-0.172665	0.539829	0.0109974	-1.33581	-0.0151507
2.13	0.325141	-0.172661	0.539835	0.0109974	-1.33581	-0.0151507
2.135	0.325174	-0.172657	0.539841	0.0109974	-1.33581	-0.0151507
2.14	0.325206	-0.172653	0.539847	0.0109974	-1.33581	-0.0151507
2.145	0.325238	-0.172649	0.539854	0.0109974	-1.33581	-0.0151507
2.15	0.325208	-0.172659	0.539848	0.00943307	-1.33471	-0.0129957
2.155	0.325239	-0.172655	0.539854	0.00943307	-1.33471	-0.0129957
2.16	0.32527	-0.172651	0.53986	0.00943307	-1.33471	-0.0129957
2.165	0.3253	-0.172648	0.539865	0.00943307	-1.33471	-0.0129957
2.17	0.32533	-0.172644	0.539871	0.00943307	-1.33471	-0.0129957
2.175	0.32536	-0.172641	0.539877	0.00943307	-1.33471	-0.0129957
2.18	0.325389	-0.172637	0.539882	0.00943307	-1.33471	-0.0129957
2.185	0.325352	-0.172648	0.539876	0.00777744	-1.33355	-0.0107147
2.19	0.325381	-0.172644	0.539881	0.00777744	-1.33355	-0.0107147
2.195	0.325408	-0.172641	0.539886	0.00777744	-1.33355	-0.0107147
2.2	0.325436	-0.172638	0.539891	0.00777744	-1.33355	-0.0107147
2.205	0.325463	-0.172634	0.539897	0.00777744	-1.33355	-0.0107147
2.21	0.32549	-0.172631	0.539902	0.00777744	-1.33355	-0.0107147
2.215	0.325516	-0.172628	0.539907	0.00777744	-1.33355	-0.0107147
2.22	0.325482	-0.172638	0.5399	0.00625485	-1.33248	-0.00861708
2.225	0.325507	-0.172635	0.539905	0.00625485	-1.33248	-0.00861708
2.23	0.325532	-0.172632	0.53991	0.00625485	-1.33248	-0.00861708
2.235	0.325557	-0.172629	0.539915	0.00625485	-1.33248	-0.00861708
2.24	0.325581	-0.172626	0.539919	0.00625485	-1.33248	-0.00861708
2.245	0.325605	-0.172623	0.539924	0.00625485	-1.33248	-0.00861708
2.25	0.325628	-0.17262	0.539928	0.00625485	-1.33248	-0.00861708
2.255	0.325651	-0.172617	0.539933	0.00625485	-1.33248	-0.00861708
2.26	0.325613	-0.172628	0.539926	0.00473026	-1.33141	-0.00651667
2.265	0.325635	-0.172625	0.53993	0.00473026	-1.33141	-0.00651667
2.27	0.325657	-0.172623	0.539934	0.00473026	-1.33141	-0.00651667
2.275	0.325678	-0.17262	0.539938	0.00473026	-1.33141	-0.00651667
2.28	0.325699	-0.172618	0.539942	0.00473026	-1.33141	-0.00651667
2.285	0.325719	-0.172615	0.539946	0.00473026	-1.33141	-0.00651667
2.29	0.325739	-0.172613	0.53995	0.00473026	-1.33141	-0.00651667
2.295	0.325759	-0.17261	0.539953	0.00473026	-1.33141	-0.00651667
2.3	0.325778	-0.172608	0.539957	0.00473026	-1.33141	-0.00651667
2.305	0.325797	-0.172606	0.53996	0.00473026	-1.33141	-0.00651667
2.31	0.325752	-0.172618	0.539952	0.00313476	-1.3303	-0.00431855
2.315	0.32577	-0.172615	0.539956	0.00313476	-1.3303	-0.00431855
2.32	0.325787	-0.172613	0.539959	0.00313476	-1.3303	-0.00431855
2.325	0.325804	-0.172611	0.539962	0.00313476	-1.3303	-0.00431855
2.33	0.325821	-0.172609	0.539965	0.00313476	-1.3303	-0.00431855
2.335	0.325837	-0.172607	0.539968	0.00313476	-1.3303	-0.00431855
2.34	0.325852	-0.172605	0.539971	0.00313476	-1.3303	-0.00431855
2.345	0.325867	-0.172603	0.539974	0.00313476	-1.3303	-0.00431855
2.35	0.325882	-0.172601	0.539977	0.00313476	-1.3303	-0.00431855
2.355	0.325897	-0.1726	0.53998	0.00313476	-1.3303	-0.00431855
2.36	0.32591	-0.172598	0.539982	0.00313476	-1.3303	-0.00431855
2.365	0.325924	-0.172596	0.539985	0.00313476	-1.3303	-0.00431855
2.37	0.325937	-0.172595	0.539987	0.00313476	-1.3303	-0.00431855
2.375	0.325888	-0.172607	0.539978	0.0015596	-1.32919	-0.00214847
2.38	0.3259	-0.172606	0.539981	0.0015596	-1.32919	-0.00214847
2.385	0.325911	-0.172604	0.539983	0.0015596	-1.32919	-0.00214847
2.39	0.325923	-0.172603	0.539985	0.0015596	-1.32919	-0.00214847
2.395	0.325934	-0.172602	0.539987	0.0015596	-1.32919	-0.00214847
2.4	0.325944	-0.1726	0.539989	0.0015596	-1.32919	-0.00214847
2.405	0.325954	-0.172599	0.539991	0.0015596	-1.32919	-0.00214847
2.41	0.325963	-0.172598	0.539993	0.0015596	-1.32919	-0.00214847
2.415	0.325972	-0.172597	0.539994	0.0015596	-1.32919	-0.00214847
2.42	0.32598	-0.172596	0.539996	0.0015596	-1.32919	-0.00214847
2.425	0.325988	-0.172595	0.539997	0.0015596	-1.32919	-0.00214847
2.43	0.325996	-0.172594	0.539999	0.0015596	-1.32919	-0.00214847
2.435	0.326004	-0.172593	0.54	0.0015596	-1.32919	-0.00214847
2.44	0.326011	-0.172592	0.540002	0.0015596	-1.32919	-0.00214847
2.445	0.326017	-0.172591	0.540003	0.0015596	-1.32919	-0.00214847
2.45	0.326023	-0.17259	0.540004	0.0015596	-1.32919	-0.00214847
2.455	0.326029	-0.17259	0.540005	0.0015596	-1.32919	-0.00214847
2.46	0.326034	-0.172589	0.540006	0.0015596	-1.32919	-0.00214847
2.465	0.326039	-0.172588	0.540007	0.0015596	-1.32919	-0.00214847
2.47	0.326043	-0.172588	0.540008	0.0015596	-1.32919	-0.00214847
2.475	0.326047	-0.172587	0.540008	0.0015596	-1.32919	-0.00214847
2.48	0.32605	-0.172587	0.540009	0.0015596	-1.32919	-0.00214847
2.485	0.326053	-0.172587	0.54001	0.0015596	-1.32919	-0.00214847
2.49	0.326055	-0.172586	0.54001	0.0015596	-1.32919	-0.00214847
2.495	0.326057	-0.172586	0.540011	0.0015596	-1.32919	-0.00214847
2.5	0.326059	-0.172586	0.540011	0.0015596	-1.32919	-0.00214847
2.505	0.32606	-0.172586	0.540011	0.0015596	-1.32919	-0.00214847
2.51	0.32606	-0.172586	0.540011	0.0015596	-1.32919	-0.00214847
2.515	0.326061	-0.172586	0.540011	0.0015596	-1.32919	-0.00214847
2.52	0.326061	-0.172586	0.540011	0.0015596	-1.32919	-0.00214847
2.525	0.326061	-0.172586	0.540011	0.0015596	-1.32919	-0.00214847
2.53	0.326062	-0.172585	0.54001	0.0015596	-1.32919	-0.00214847
2.535	0.326062	-0.172585	0.540009	0.0015596	-1.32919	-0.00214847
2.54	0.326062	-0.172584	0.540008	0.0015596	-1.32919	-0.00214847
2.545	0.326063	-0.172584	0.540006	0.0015596	-1.32919	-0.00214847
2.55	0.326063	-0.172583	0.540004	0.0015596	-1.32919	-0.00214847
2.555	0.326064	-0.172582	0.540002	0.0015596	-1.32919	-0.00214847
2.56	0.326064	-0.172581	0.539999	0.0015596	-1.32919	-0.00214847
2.565	0.326065	-0.17258	0.539997	0.0015596	-1.32919	-0.00214847
2.57	0.326015	-0.172584	0.539984	0.000467557	-1.32829	-0.000217345
2.575	0.326016	-0.172583	0.539981	0.000467557	-1.32829	-0.000217345
2.58	0.326017	-0.172581	0.539977	0.000467558	-1.32829	-0.000217345
2.585	0.326018	-0.17258	0.539973	0.000467558	-1.32829	-0.000217346
2.59	0.326019	-0.172578	0.539969	0.000467559	-1.32829	-0.000217346
2.595	0.32602	-0.172576	0.539964	0.000467559	-1.32829	-0.000217347
2.6	0.326022	-0.172574	0.53996	0.00046756	-1.32829	-0.000217347
2.605	0.326023	-0.172572	0.539954	0.00046756	-1.32829	-0.000217348
2.61	0.326025	-0.17257	0.539949	0.000467561	-1.32829	-0.000217349
2.615	0.326026	-0.172568	0.539943	0.000467562	-1.32829	-0.00021735
2.62	0.326028	-0.172565	0.539937	0.000467563	-1.32829	-0.000217351
2.625	0.32603	-0.172563	0.539931	0.000467564	-1.32829	-0.000217352
2.63	0.326031	-0.17256	0.539924	0.000467565	-1.32829	-0.000217353
2.635	0.326033	-0.172557	0.539917	0.000467566	-1.32829	-0.000217354
2.64	0.326047	-0.172526	0.539913	0.00164072	-1.32856	-2.09429e-05
2.645	0.326049	-0.172523	0.539906	0.00164072	-1.32856	-2.09444e-05
2.65	0.326051	-0.17252	0.539898	0.00164073	-1.32856	-2.0946e-05
2.655	0.326054	-0.172516	0.539889	0.00164073	-1.32856	-2.09477e-05
2.66	0.326056	-0.172513	0.539881	0.00164073	-1.32856	-2.09493e-05
2.665	0.326058	-0.172509	0.539872	0.00164073	-1.32856	-2.09513e-05
2.67	0.326061	-0.172505	0.539863	0.00164073	-1.32856	-2.0953e-05
2.675	0.326063	-0.172502	0.539853	0.00164073	-1.32856	-2.09549e-05
2.68	0.326082	-0.172468	0.539848	0.00293509	-1.3289	-1.12993e-06
2.685	0.326085	-0.172464	0.539838	0.00293509	-1.3289	-1.13207e-06
2.69	0.326088	-0.17246	0.539828	0.0029351	-1.3289	-1.13434e-06
2.695	0.326091	-0.172456	0.539817	0.0029351	-1.3289	-1.13673e-06
2.7	0.326094	-0.172452	0.539807	0.0029351	-1.3289	-1.13926e-06
2.705	0.326097	-0.172447	0.539796	0.0029351	-1.3289	-1.14193e-06
2.71	0.3261	-0.172443	0.539784	0.00293511	-1.3289	-1.14473e-06
2.715	0.326122	-0.172406	0.539777	0.00435425	-1.32929	1.03963e-06
2.72	0.326125	-0.172401	0.539765	0.00435425	-1.32929	1.03653e-06
2.725	0.326128	-0.172396	0.539753	0.00435425	-1.32929	1.03329e-06
2.73	0.326132	-0.172391	0.539741	0.00435425	-1.32929	1.02989e-06
2.735	0.326135	-0.172386	0.539728	0.00435426	-1.32929	1.02634e-06
2.74	0.326139	-0.172381	0.539715	0.00435426	-1.32929	1.02263e-06
2.745	0.326161	-0.172343	0.539706	0.00579169	-1.32969	1.28034e-06
2.75	0.326165	-0.172337	0.539693	0.00579169	-1.32969	1.2763e-06
2.755	0.326168	-0.172332	0.539679	0.0057917	-1.32969	1.2721e-06
2.76	0.326172	-0.172326	0.539665	0.0057917	-1.32969	1.26772e-06
2.765	0.326176	-0.17232	0.53965	0.0057917	-1.32969	1.26318e-06
2.77	0.326198	-0.172284	0.53964	0.00714692	-1.33006	1.16501e-06
2.775	0.326202	-0.172278	0.539625	0.00714692	-1.33006	1.1601e-06
2.78	0.326206	-0.172271	0.53961	0.00714693	-1.33006	1.15502e-06
2.785	0.32621	-0.172265	0.539594	0.00714693	-1.33006	1.14975e-06
2.79	0.326215	-0.172259	0.539579	0.00714694	-1.33006	1.1443e-06
2.795	0.326238	-0.172219	0.539567	0.00861137	-1.33046	1.32924e-06
2.8	0.326243	-0.172213	0.539551	0.00861137	-1.33046	1.32341e-06
2.805	0.326247	-0.172206	0.539534	0.00861138	-1.33046	1.31738e-06
2.81	0.326252	-0.172199	0.539517	0.00861138	-1.33046	1.31115e-06
2.815	0.326273	-0.172163	0.539504	0.00990475	-1.33081	1.06621e-06
2.82	0.326278	-0.172156	0.539487	0.00990476	-1.33081	1.05958e-06
2.825	0.326283	-0.172149	0.539469	0.00990476	-1.33081	1.05275e-06
2.83	0.326288	-0.172142	0.539451	0.00990477	-1.33081	1.04572e-06
2.835	0.32631	-0.172104	0.539438	0.0112536	-1.33118	1.12236e-06
2.84	0.326315	-0.172096	0.539419	0.0112536	-1.33118	1.11491e-06
2.845	0.326321	-0.172089	0.5394	0.0112536	-1.33118	1.10724e-06
2.85	0.326326	-0.172081	0.539382	0.0112536	-1.33118	1.09936e-06
2.855	0.326349	-0.172041	0.539367	0.0126796	-1.33157	1.24982e-06
2.86	0.326355	-0.172033	0.539347	0.0126796	-1.33157	1.2415e-06
2.865	0.32636	-0.172025	0.539328	0.0126796	-1.33157	1.23296e-06
2.87	0.326366	-0.172017	0.539308	0.0126796	-1.33157	1.22421e-06
2.875	0.326391	-0.171975	0.539292	0.0141837	-1.33198	1.39331e-06
2.88	0.326397	-0.171967	0.539272	0.0141837	-1.33198	1.3841e-06
2.885	0.326402	-0.171958	0.539251	0.0141837	-1.33198	1.37466e-06
2.89	0.326408	-0.17195	0.53923	0.0141837	-1.33198	1.365e-06
2.895	0.326434	-0.171906	0.539214	0.0157646	-1.33242	1.54369e-06
2.9	0.32644	-0.171897	0.539192	0.0157646	-1.33242	1.53356e-06
2.905	0.326446	-0.171888	0.539171	0.0157646	-1.33242	1.5232e-06
2.91	0.326469	-0.17185	0.539153	0.0170407	-1.33277	1.047e-06
2.915	0.326475	-0.171841	0.539131	0.0170407	-1.33277	1.03616e-06
2.92	0.326481	-0.171832	0.539108	0.0170407	-1.33277	1.02509e-06
2.925	0.326504	-0.171794	0.53909	0.0183231	-1.33312	1.00555e-06
2.93	0.32651	-0.171785	0.539067	0.0183231	-1.33312	9.94e-07
2.935	0.326517	-0.171776	0.539043	0.0183231	-1.33312	9.82213e-07
2.94	0.32654	-0.171736	0.539024	0.0196429	-1.33348	1.05625e-06
2.945	0.326547	-0.171727	0.539001	0.0196429	-1.33348	1.04398e-06
2.95	0.326553	-0.171717	0.538977	0.0196429	-1.33348	1.03146e-06
2.955	0.326577	-0.171677	0.538957	0.0210025	-1.33385	1.1218e-06
2.96	0.326584	-0.171667	0.538933	0.0210025	-1.33385	1.10879e-06
2.965	0.326591	-0.171657	0.538908	0.0210025	-1.33385	1.09554e-06
2.97	0.326616	-0.171615	0.538888	0.0224015	-1.33423	1.1902e-06
2.975	0.326623	-0.171605	0.538863	0.0224015	-1.33423	1.17645e-06
2.98	0.32663	-0.171595	0.538838	0.0224015	-1.33423	1.16246e-06
2.985	0.326655	-0.171552	0.538817	0.0238391	-1.33463	1.25971e-06
2.99	0.326662	-0.171542	0.538791	0.0238391	-1.33463	1.24521e-06
2.995	0.32667	-0.171531	0.538765	0.0238391	-1.33463	1.23047e-06
3.0	0.326696	-0.171487	0.538744	0.0253146	-1.33503	1.32997e-06
3.005	0.326703	-0.171477	0.538717	0.0253146	-1.33503	1.31473e-06
3.01	0.326711	-0.171466	0.538691	0.0253146	-1.33503	1.29924e-06
3.015	0.326737	-0.171421	0.538669	0.026827	-1.33545	1.40083e-06
3.02	0.326745	-0.17141	0.538642	0.026827	-1.33545	1.38483e-06
3.025	0.326752	-0.171399	0.538615	0.026827	-1.33545	1.36859e-06
3.03	0.32678	-0.171353	0.538593	0.0283756	-1.33587	1.47214e-06
3.035	0.326787	-0.171342	0.538565	0.0283756	-1.33587	1.45539e-06
3.04	0.326795	-0.171331	0.538537	0.0283756	-1.33587	1.4384e-06
3.045	0.326823	-0.171284	0.538514	0.0299595	-1.3363	1.54375e-06
3.05	0.326831	-0.171272	0.538486	0.0299595	-1.3363	1.52626e-06
3.055	0.326839	-0.171261	0.538458	0.0299595	-1.3363	1.50852e-06
3.06	0.326867	-0.171213	0.538434	0.0315777	-1.33675	1.61554e-06
3.065	0.326876	-0.171201	0.538405	0.0315778	-1.33675	1.5973e-06
3.07	0.326884	-0.171189	0.538376	0.0315778	-1.33675	1.57882e-06
3.075	0.326913	-0.17114	0.538353	0.0332295	-1.3372	1.68734e-06
3.08	0.326921	-0.171128	0.538323	0.0332295	-1.3372	1.66836e-06
3.085	0.32693	-0.171116	0.538294	0.0332295	-1.3372	1.64914e-06
3.09	0.326959	-0.171066	0.53827	0.0349138	-1.33766	1.75901e-06
3.095	0.326967	-0.171054	0.53824	0.0349138	-1.33766	1.7393e-06
3.1	0.326976	-0.171042	0.538209	0.0349139	-1.33766	1.71935e-06
3.105	0.327006	-0.170991	0.538185	0.0366298	-1.33813	1.83041e-06
3.11	0.327015	-0.170979	0.538154	0.0366298	-1.33813	1.80997e-06
3.115	0.327023	-0.170966	0.538123	0.0366298	-1.33813	1.7893e-06
3.12	0.327054	-0.170915	0.538098	0.0383764	-1.33861	1.90139e-06
3.125	0.327063	-0.170902	0.538067	0.0383764	-1.33861	1.88023e-06
3.13	0.327087	-0.170861	0.53804	0.0396168	-1.33895	1.0112e-06
3.135	0.327096	-0.170849	0.538009	0.0396168	-1.33895	9.89564e-07
3.14	0.327105	-0.170836	0.537977	0.0396168	-1.33895	9.67706e-07
3.145	0.327135	-0.170784	0.537952	0.0413589	-1.33943	1.81292e-06
3.15	0.327145	-0.170771	0.53792	0.0413589	-1.33943	1.79059e-06
3.155	0.327169	-0.17073	0.537892	0.0426272	-1.33977	1.04299e-06
3.16	0.327179	-0.170716	0.53786	0.0426272	-1.33977	1.0202e-06
3.165	0.327203	-0.170676	0.537831	0.0438582	-1.34011	9.11929e-07
3.17	0.327212	-0.170662	0.537799	0.0438582	-1.34011	8.88691e-07
3.175	0.327237	-0.170621	0.53777	0.0450961	-1.34045	9.08784e-07
3.18	0.327246	-0.170608	0.537737	0.0450961	-1.34045	8.85103e-07
3.185	0.327271	-0.170567	0.537709	0.046345	-1.34079	9.24563e-07
3.19	0.327281	-0.170553	0.537676	0.046345	-1.34079	9.00446e-07
3.195	0.327306	-0.170511	0.537647	0.047605	-1.34114	9.42666e-07
3.2	0.327315	-0.170498	0.537613	0.047605	-1.34114	9.1812e-07
3.205	0.32734	-0.170456	0.537584	0.0488759	-1.34148	9.60845e-07
3.21	0.32735	-0.170442	0.53755	0.0488759	-1.34148	9.35879e-07
3.215	0.327376	-0.1704	0.537521	0.0501574	-1.34183	9.78802e-07
3.22	0.327386	-0.170386	0.537487	0.0501574	-1.34183	9.53425e-07
3.225	0.327411	-0.170343	0.537457	0.0514491	-1.34219	9.96486e-07
3.23	0.327421	-0.170329	0.537423	0.0514492	-1.34219	9.70706e-07
3.235	0.327447	-0.170286	0.537393	0.0527508	-1.34254	1.01387e-06
3.24	0.327457	-0.170272	0.537358	0.0527508	-1.34254	9.87702e-07
3.245	0.327483	-0.170228	0.537328	0.0540621	-1.3429	1.03095e-06
3.25	0.327493	-0.170214	0.537293	0.0540621	-1.3429	1.0044e-06
3.255	0.327519	-0.170171	0.537263	0.0553827	-1.34327	1.0477e-06
3.26	0.327529	-0.170156	0.537228	0.0553827	-1.34327	1.02077e-06
3.265	0.327555	-0.170112	0.537197	0.0567122	-1.34363	1.0641e-06
3.27	0.327566	-0.170098	0.537162	0.0567122	-1.34363	1.03681e-06
3.275	0.327592	-0.170054	0.537131	0.0580503	-1.344	1.08014e-06
3.28	0.327602	-0.170039	0.537096	0.0580503	-1.344	1.0525e-06
3.285	0.327629	-0.169995	0.537065	0.0593967	-1.34436	1.0958e-06
3.29	0.327639	-0.16998	0.537029	0.0593967	-1.34436	1.06782e-06
3.295	0.327666	-0.169935	0.536998	0.0607511	-1.34474	1.11107e-06
3.3	0.327676	-0.169921	0.536962	0.0607511	-1.34474	1.08276e-06
3.305	0.327703	-0.169876	0.536931	0.0621131	-1.34511	1.12593e-06
3.31	0.327714	-0.169861	0.536895	0.0621131	-1.34511	1.0973e-06
3.315	0.327741	-0.169816	0.536863	0.0634823	-1.34548	1.14036e-06
3.32	0.327751	-0.169801	0.536827	0.0634824	-1.34548	1.11143e-06
3.325	0.327778	-0.169755	0.536795	0.0648585	-1.34586	1.15435e-06
3.33	0.327789	-0.16974	0.536759	0.0648585	-1.34586	1.12513e-06
3.335	0.327816	-0.169695	0.536727	0.0662413	-1.34624	1.16789e-06
3.34	0.327827	-0.16968	0.536691	0.0662413	-1.34624	1.1384e-06
3.345	0.327854	-0.169634	0.536659	0.0676303	-1.34662	1.18096e-06
3.35	0.327865	-0.169619	0.536622	0.0676304	-1.34662	1.1512e-06
3.355	0.327892	-0.169573	0.53659	0.0690253	-1.347	1.19355e-06
3.36	0.327904	-0.169558	0.536553	0.0690253	-1.347	1.16354e-06
3.365	0.327931	-0.169511	0.536521	0.0704257	-1.34738	1.20564e-06
3.37	0.327942	-0.169496	0.536484	0.0704258	-1.34738	1.17539e-06
3.375	0.327969	-0.16945	0.536452	0.0718314	-1.34777	1.21722e-06
3.38	0.327981	-0.169435	0.536414	0.0718314	-1.34777	1.18675e-06
3.385	0.328008	-0.169388	0.536382	0.0732419	-1.34816	1.22828e-06
3.39	0.328019	-0.169373	0.536345	0.073242	-1.34816	1.1976e-06
3.395	0.328047	-0.169326	0.536312	0.074657	-1.34854	1.2388e-06
3.4	0.328058	-0.169311	0.536275	0.074657	-1.34854	1.20793e-06
3.405	0.328086	-0.169264	0.536242	0.0760762	-1.34893	1.24878e-06
3.41	0.328097	-0.169248	0.536205	0.0760762	-1.34893	1.21772e-06
3.415	0.328125	-0.169201	0.536172	0.0774991	-1.34932	1.2582e-06
3.42	0.328136	-0.169186	0.536134	0.0774992	-1.34932	1.22698e-06
3.425	0.328164	-0.169139	0.536102	0.0789255	-1.34971	1.26705e-06
3.43	0.328175	-0.169123	0.536064	0.0789256	-1.34971	1.23568e-06
3.435	0.328203	-0.169076	0.536031	0.080355	-1.3501	1.27532e-06
3.44	0.328214	-0.169061	0.535993	0.0803551	-1.3501	1.24382e-06
3.445	0.328242	-0.169013	0.535961	0.0817873	-1.3505	1.28301e-06
3.45	0.328254	-0.168998	0.535923	0.0817873	-1.3505	1.25138e-06
3.455	0.328281	-0.168951	0.53589	0.0832219	-1.35089	1.29009e-06
3.46	0.328293	-0.168935	0.535852	0.0832219	-1.35089	1.25836e-06
3.465	0.328321	-0.168888	0.535819	0.0846585	-1.35128	1.29657e-06
3.47	0.328332	-0.168872	0.535781	0.0846585	-1.35128	1.26475e-06
3.475	0.32836	-0.168825	0.535748	0.0860967	-1.35168	1.30244e-06
3.48	0.328372	-0.168809	0.53571	0.0860968	-1.35168	1.27054e-06
3.485	0.328399	-0.168762	0.535677	0.0875363	-1.35207	1.30768e-06
3.49	0.328411	-0.168746	0.535639	0.0875363	-1.35207	1.27573e-06
3.495	0.328439	-0.168698	0.535606	0.0889768	-1.35246	1.31229e-06
3.5	0.328451	-0.168683	0.535568	0.0889768	-1.35246	1.28029e-06
3.505	0.328478	-0.168635	0.535535	0.0904179	-1.35286	1.31626e-06
3.51	0.32849	-0.16862	0.535497	0.0904179	-1.35286	1.28424e-06
3.515	0.328518	-0.168572	0.535464	0.0918592	-1.35325	1.31959e-06
3.52	0.32853	-0.168557	0.535426	0.0918592	-1.35325	1.28756e-06
3.525	0.328557	-0.168509	0.535393	0.0933003	-1.35365	1.32227e-06
3.53	0.328569	-0.168493	0.535355	0.0933004	-1.35365	1.29025e-06
3.535	0.328597	-0.168446	0.535322	0.094741	-1.35404	1.3243e-06
3.54	0.328609	-0.16843	0.535284	0.094741	-1.35404	1.2923e-06
3.545	0.328636	-0.168383	0.535251	0.0961808	-1.35444	1.32567e-06
3.55	0.328648	-0.168367	0.535213	0.0961808	-1.35444	1.29371e-06
3.555	0.328676	-0.16832	0.53518	0.0976194	-1.35483	1.32638e-06
3.56	0.328687	-0.168304	0.535142	0.0976194	-1.35483	1.29447e-06
3.565	0.328715	-0.168257	0.53511	0.0990564	-1.35522	1.32643e-06
3.57	0.328727	-0.168241	0.535071	0.0990564	-1.35522	1.29459e-06
3.575	0.328754	-0.168194	0.535039	0.100492	-1.35562	1.32581e-06
3.58	0.328766	-0.168178	0.535001	0.100492	-1.35562	1.29406e-06
3.585	0.328793	-0.168131	0.534968	0.101924	-1.35601	1.32453e-06
3.59	0.328805	-0.168116	0.53493	0.101924	-1.35601	1.29287e-06
3.595	0.328833	-0.168069	0.534898	0.103354	-1.3564	1.32258e-06
3.6	0.328845	-0.168053	0.53486	0.103354	-1.3564	1.29103e-06
3.605	0.328872	-0.168006	0.534827	0.104782	-1.35679	1.31996e-06
3.61	0.328884	-0.167991	0.53479	0.104782	-1.35679	1.28855e-06
3.615	0.328911	-0.167944	0.534757	0.106205	-1.35718	1.31667e-06
3.62	0.328923	-0.167928	0.534719	0.106205	-1.35718	1.2854e-06
3.625	0.32895	-0.167881	0.534687	0.107625	-1.35757	1.31271e-06
3.63	0.328961	-0.167866	0.53465	0.107625	-1.35757	1.28161e-06
3.635	0.328988	-0.167819	0.534618	0.109041	-1.35796	1.30809e-06
3.64	0.329	-0.167804	0.53458	0.109041	-1.35796	1.27717e-06
3.645	0.329027	-0.167758	0.534548	0.110453	-1.35834	1.30281e-06
3.65	0.329039	-0.167742	0.534511	0.110453	-1.35834	1.27208e-06
3.655	0.329066	-0.167696	0.534479	0.11186	-1.35873	1.29687e-06
3.66	0.329077	-0.167681	0.534441	0.11186	-1.35873	1.26635e-06
3.665	0.329104	-0.167635	0.53441	0.113261	-1.35911	1.29028e-06
3.67	0.329116	-0.167619	0.534372	0.113262	-1.35911	1.25997e-06
3.675	0.329142	-0.167573	0.534341	0.114658	-1.3595	1.28303e-06
3.68	0.329154	-0.167558	0.534304	0.114658	-1.3595	1.25296e-06
3.685	0.32918	-0.167513	0.534272	0.116048	-1.35988	1.27515e-06
3.69	0.329192	-0.167497	0.534235	0.116048	-1.35988	1.24532e-06
3.695	0.329192	-0.167497	0.534235	0.117485	-1.36041	-5.29341e-05
3.7	0.329179	-0.167502	0.534239	0.117546	-1.36059	-0.000115194
3.705	0.329165	-0.167507	0.534239	0.117601	-1.36075	-0.000171709
3.71	0.329152	-0.167512	0.534243	0.117662	-1.36092	-0.000234318
3.715	0.329138	-0.167516	0.534242	0.117716	-1.36108	-0.000289316
3.72	0.329125	-0.167521	0.534244	0.117775	-1.36125	-0.000350775
3.725	0.329111	-0.167526	0.534241	0.117829	-1.3614	-0.000404945
3.73	0.329098	-0.167531	0.534243	0.117887	-1.36157	-0.000465519
3.735	0.329085	-0.167536	0.534239	0.117941	-1.36172	-0.000518895
3.74	0.329072	-0.167541	0.534239	0.117998	-1.36188	-0.000578893
3.745	0.329059	-0.167545	0.534235	0.118051	-1.36203	-0.000631837
3.75	0.329047	-0.16755	0.534235	0.118109	-1.36219	-0.000691454
3.755	0.329033	-0.167554	0.534227	0.118158	-1.36232	-0.000738816
3.76	0.329019	-0.167558	0.534214	0.118202	-1.36244	-0.000778482
3.765	0.329004	-0.167561	0.5342	0.118244	-1.36255	-0.000815254
3.77	0.328991	-0.167564	0.534189	0.118291	-1.36268	-0.000859024
3.775	0.328977	-0.167568	0.534178	0.118336	-1.3628	-0.000900635
3.78	0.328964	-0.167572	0.53417	0.118386	-1.36294	-0.00094836
3.785	0.328951	-0.167576	0.53416	0.118434	-1.36307	-0.000993869
3.79	0.328939	-0.16758	0.534155	0.118486	-1.36321	-0.00104462
3.795	0.328927	-0.167584	0.534147	0.118536	-1.36334	-0.00109269
3.8	0.328915	-0.167588	0.534142	0.11859	-1.36349	-0.00114553
3.805	0.328902	-0.167592	0.534135	0.118642	-1.36363	-0.00119538
3.81	0.328891	-0.167596	0.534131	0.118697	-1.36378	-0.00124968
3.815	0.328879	-0.1676	0.534125	0.118749	-1.36392	-0.00130078
3.82	0.328867	-0.167605	0.534122	0.118805	-1.36407	-0.00135607
3.825	0.328855	-0.167609	0.534116	0.118859	-1.36421	-0.00140804
3.83	0.328844	-0.167613	0.534114	0.118915	-1.36436	-0.00146403
3.835	0.328832	-0.167617	0.534108	0.118969	-1.36451	-0.00151661
3.84	0.328821	-0.167621	0.534106	0.119026	-1.36466	-0.00157304
3.845	0.328808	-0.167625	0.534099	0.119078	-1.36479	-0.00162212
3.85	0.328796	-0.167628	0.534086	0.119125	-1.36492	-0.00166319
3.855	0.328782	-0.16763	0.53407	0.119166	-1.36502	-0.00169662
3.86	0.328768	-0.167632	0.534049	0.119203	-1.36511	-0.00172333
3.865	0.328754	-0.167633	0.534028	0.119239	-1.3652	-0.00174871
3.87	0.328741	-0.167636	0.534012	0.119281	-1.36531	-0.00178366
3.875	0.328728	-0.167638	0.533996	0.119323	-1.36542	-0.00181735
3.88	0.328715	-0.167641	0.533984	0.119371	-1.36554	-0.00185914
3.885	0.328703	-0.167643	0.533971	0.119417	-1.36566	-0.00189912
3.89	0.328691	-0.167647	0.533963	0.119468	-1.36579	-0.00194595
3.895	0.328679	-0.16765	0.533953	0.119517	-1.36592	-0.00199019
3.9	0.328668	-0.167653	0.533947	0.119571	-1.36606	-0.00204053
3.905	0.328657	-0.167656	0.533938	0.119622	-1.36619	-0.00208775
3.91	0.328645	-0.16766	0.533933	0.119678	-1.36633	-0.00214053
3.915	0.328634	-0.167663	0.533926	0.119731	-1.36647	-0.00218983
3.92	0.328623	-0.167667	0.533922	0.119788	-1.36662	-0.0022443
3.925	0.328612	-0.16767	0.533916	0.119842	-1.36676	-0.00229507
3.93	0.328601	-0.167674	0.533913	0.119901	-1.36691	-0.00235072
3.935	0.328589	-0.167677	0.533904	0.119953	-1.36704	-0.0023983
3.94	0.328576	-0.16768	0.533891	0.119999	-1.36716	-0.00243801
3.945	0.328563	-0.167681	0.533874	0.120041	-1.36726	-0.00247034
3.95	0.328549	-0.167683	0.533852	0.120078	-1.36735	-0.00249607
3.955	0.328535	-0.167684	0.53383	0.120115	-1.36744	-0.00252072
3.96	0.328523	-0.167685	0.533814	0.120158	-1.36754	-0.00255513
3.965	0.32851	-0.167687	0.533797	0.120201	-1.36765	-0.00258862
3.97	0.328498	-0.16769	0.533785	0.12025	-1.36777	-0.00263024
3.975	0.328486	-0.167692	0.533772	0.120297	-1.36789	-0.0026701
3.98	0.328474	-0.167695	0.533763	0.12035	-1.36802	-0.00271702
3.985	0.328462	-0.167697	0.533753	0.1204	-1.36814	-0.00276136
3.99	0.328451	-0.1677	0.533746	0.120455	-1.36828	-0.00281196
3.995	0.32844	-0.167703	0.533738	0.120508	-1.36841	-0.00285944
4.0	0.328429	-0.167706	0.533733	0.120565	-1.36856	-0.00291263
4.005	0.328418	-0.167709	0.533725	0.12062	-1.36869	-0.00296232
4.01	0.328407	-0.167713	0.533721	0.120678	-1.36884	-0.0030173
4.015	0.328395	-0.167716	0.533715	0.120734	-1.36898	-0.00306855
4.02	0.328384	-0.167719	0.533712	0.120794	-1.36913	-0.00312469
4.025	0.328373	-0.167722	0.533703	0.120847	-1.36926	-0.00317233
4.03	0.32836	-0.167724	0.53369	0.120896	-1.36938	-0.00321213
4.035	0.328347	-0.167725	0.533673	0.120939	-1.36948	-0.00324469
4.04	0.328334	-0.167726	0.533652	0.120978	-1.36957	-0.00327067
4.045	0.328319	-0.167726	0.533627	0.121012	-1.36965	-0.00329062
4.05	0.328305	-0.167725	0.533599	0.121043	-1.36972	-0.0033052
4.055	0.328291	-0.167725	0.533571	0.121074	-1.36979	-0.0033183
4.06	0.328277	-0.167724	0.533548	0.121111	-1.36987	-0.00333664
4.065	0.328264	-0.167722	0.533526	0.121148	-1.36996	-0.00335475
4.07	0.328252	-0.167721	0.533509	0.12119	-1.37006	-0.00337851
4.075	0.32824	-0.16772	0.533491	0.121231	-1.37016	-0.00340062
4.08	0.328228	-0.167718	0.533475	0.121276	-1.37027	-0.00342615
4.085	0.328216	-0.167717	0.533458	0.121318	-1.37037	-0.00344976
4.09	0.328205	-0.167716	0.533444	0.121364	-1.37049	-0.00347682
4.095	0.328194	-0.167714	0.533428	0.121408	-1.37059	-0.00350141
4.1	0.328183	-0.167713	0.533412	0.121452	-1.3707	-0.00352663
4.105	0.328171	-0.167711	0.533397	0.121497	-1.37081	-0.00355117
4.11	0.328161	-0.167709	0.533386	0.121546	-1.37093	-0.00358047
4.115	0.32815	-0.167707	0.533374	0.121594	-1.37105	-0.00360745
4.12	0.328139	-0.167704	0.533366	0.121647	-1.37119	-0.00363859
4.125	0.328129	-0.167702	0.533356	0.121698	-1.37132	-0.00366702
4.13	0.328118	-0.167699	0.533351	0.121753	-1.37146	-0.00369928
4.135	0.328108	-0.167696	0.533343	0.121805	-1.37159	-0.00372856
4.14	0.328098	-0.167693	0.533339	0.121862	-1.37174	-0.0037615
4.145	0.328087	-0.16769	0.533332	0.121916	-1.37188	-0.0037912
4.15	0.328077	-0.167686	0.533329	0.121974	-1.37203	-0.00382432
4.155	0.328067	-0.167683	0.533323	0.122029	-1.37217	-0.00385414
4.16	0.328057	-0.167679	0.53332	0.122087	-1.37232	-0.00388779
4.165	0.328046	-0.167676	0.533315	0.122142	-1.37246	-0.00391799
4.17	0.328036	-0.167672	0.533312	0.122201	-1.37261	-0.00395198
4.175	0.328025	-0.167669	0.533307	0.122257	-1.37275	-0.00398246
4.18	0.328015	-0.167665	0.533305	0.122316	-1.37291	-0.00401669
4.185	0.328005	-0.167661	0.5333	0.122372	-1.37305	-0.00404737
4.19	0.327995	-0.167658	0.533298	0.122432	-1.3732	-0.00408173
4.195	0.327984	-0.167654	0.533293	0.122488	-1.37335	-0.00411252
4.2	0.327974	-0.16765	0.533291	0.122548	-1.3735	-0.00414694
4.205	0.327963	-0.167646	0.533286	0.122605	-1.37365	-0.00417778
4.21	0.327953	-0.167642	0.533284	0.122665	-1.3738	-0.0042122
4.215	0.327942	-0.167638	0.533279	0.122722	-1.37394	-0.00424305
4.22	0.327932	-0.167635	0.533278	0.122783	-1.3741	-0.00427954
4.225	0.327921	-0.167632	0.533276	0.122843	-1.37425	-0.00431718
4.23	0.327911	-0.167628	0.533275	0.122904	-1.37441	-0.00435424
4.235	0.3279	-0.167625	0.533271	0.122963	-1.37456	-0.00438811
4.24	0.32789	-0.16762	0.533268	0.123022	-1.37471	-0.00442001
4.245	0.327881	-0.167615	0.533263	0.123079	-1.37485	-0.00444652
4.25	0.32787	-0.16761	0.533261	0.123139	-1.375	-0.00448005
4.255	0.32786	-0.167606	0.533259	0.123199	-1.37516	-0.00451228
4.26	0.327849	-0.167602	0.533257	0.12326	-1.37531	-0.004546
4.265	0.327839	-0.167597	0.533255	0.12332	-1.37546	-0.00457848
4.27	0.327828	-0.167593	0.533253	0.123381	-1.37562	-0.00461239
4.275	0.327817	-0.167588	0.533251	0.123442	-1.37577	-0.00464511
4.28	0.327806	-0.167584	0.533249	0.123503	-1.37592	-0.00467929
4.285	0.327795	-0.167579	0.533247	0.123564	-1.37608	-0.00471232
4.29	0.327784	-0.167575	0.533245	0.123626	-1.37623	-0.00474679
4.295	0.327773	-0.16757	0.533243	0.123687	-1.37638	-0.00478014
4.3	0.327762	-0.167566	0.533241	0.123749	-1.37654	-0.00481493
4.305	0.327751	-0.167562	0.533238	0.12381	-1.37669	-0.00484863
4.31	0.32774	-0.167557	0.533237	0.123872	-1.37684	-0.00488375
4.315	0.327729	-0.167553	0.533234	0.123933	-1.377	-0.00491768
4.32	0.327717	-0.167549	0.533232	0.123996	-1.37715	-0.00495287
4.325	0.327706	-0.167544	0.53323	0.124057	-1.3773	-0.00498715
4.33	0.327695	-0.16754	0.533228	0.12412	-1.37746	-0.00502171
4.335	0.327684	-0.167535	0.533225	0.124181	-1.37761	-0.00505289
4.34	0.327672	-0.167529	0.533224	0.124243	-1.37776	-0.00508374
4.345	0.327661	-0.167523	0.533221	0.124305	-1.37792	-0.00511143
4.35	0.32765	-0.167516	0.53322	0.124367	-1.37807	-0.00513911
4.355	0.327639	-0.167509	0.533217	0.124428	-1.37822	-0.00516415
4.36	0.327628	-0.167502	0.533216	0.124489	-1.37838	-0.00518961
4.365	0.327617	-0.167495	0.533213	0.12455	-1.37853	-0.0052132
4.37	0.327606	-0.167488	0.533211	0.124612	-1.37868	-0.00523888
4.375	0.327594	-0.167481	0.533207	0.124672	-1.37883	-0.00526377
4.38	0.327583	-0.167475	0.533204	0.124732	-1.37898	-0.00529041
4.385	0.327572	-0.167469	0.533199	0.124792	-1.37912	-0.00531723
4.39	0.32756	-0.167463	0.533194	0.124852	-1.37927	-0.00534447
4.395	0.327549	-0.167458	0.533189	0.124911	-1.37941	-0.0053719
4.4	0.327537	-0.167452	0.533183	0.12497	-1.37955	-0.00539994
4.405	0.327526	-0.167447	0.533177	0.125029	-1.37969	-0.00542809
4.41	0.327514	-0.167442	0.53317	0.125088	-1.37983	-0.00545648
4.415	0.327503	-0.167437	0.533163	0.125146	-1.37996	-0.00548493
4.42	0.327492	-0.167432	0.533156	0.125204	-1.3801	-0.00551435
4.425	0.32748	-0.167427	0.533149	0.125263	-1.38024	-0.00554365
4.43	0.327469	-0.167423	0.533141	0.125321	-1.38037	-0.00557378
4.435	0.327458	-0.167419	0.533134	0.12538	-1.38051	-0.00560575
4.44	0.327446	-0.167416	0.533127	0.12544	-1.38064	-0.00564049
4.445	0.327435	-0.167412	0.53312	0.1255	-1.38078	-0.00567592
4.45	0.327424	-0.167409	0.533113	0.12556	-1.38092	-0.00571219
4.455	0.327413	-0.167405	0.533106	0.12562	-1.38105	-0.00574635
4.46	0.327402	-0.167401	0.5331	0.125681	-1.38119	-0.0057812
4.465	0.327391	-0.167397	0.533094	0.125743	-1.38133	-0.0058155
4.47	0.32738	-0.167393	0.533089	0.125805	-1.38148	-0.00585014
4.475	0.327369	-0.167388	0.533083	0.125867	-1.38162	-0.00588311
4.48	0.327358	-0.167384	0.533077	0.125928	-1.38176	-0.00591554
4.485	0.327347	-0.167379	0.533071	0.125989	-1.3819	-0.00594633
4.49	0.327336	-0.167373	0.533065	0.126051	-1.38204	-0.00597686
4.495	0.327325	-0.167368	0.533059	0.126112	-1.38218	-0.00600677
4.5	0.327314	-0.167362	0.533054	0.126173	-1.38232	-0.00603647
4.505	0.327303	-0.167356	0.533048	0.126235	-1.38246	-0.00606597
4.51	0.327292	-0.167351	0.533042	0.126297	-1.3826	-0.00609789
4.515	0.327281	-0.167347	0.533037	0.12636	-1.38274	-0.0061324
4.52	0.32727	-0.167344	0.533034	0.126427	-1.38289	-0.00617626
4.525	0.32726	-0.167342	0.533031	0.126495	-1.38304	-0.00622347
4.53	0.32725	-0.16734	0.53303	0.126565	-1.3832	-0.00627569
4.535	0.327241	-0.167339	0.533029	0.126637	-1.38335	-0.00633081
4.54	0.327232	-0.167339	0.53303	0.126711	-1.38352	-0.00639033
4.545	0.327224	-0.167339	0.533031	0.126786	-1.38368	-0.00645116
4.55	0.327215	-0.167338	0.533033	0.126861	-1.38384	-0.00651251
4.555	0.327206	-0.167338	0.533032	0.126935	-1.384	-0.00657233
4.56	0.327197	-0.167338	0.533032	0.127009	-1.38416	-0.00663274
4.565	0.327188	-0.167339	0.533031	0.127081	-1.38431	-0.00669178
4.57	0.327178	-0.167339	0.53303	0.127155	-1.38447	-0.0067517
4.575	0.327168	-0.167339	0.533027	0.127227	-1.38462	-0.0068104
4.58	0.327159	-0.167339	0.533026	0.1273	-1.38477	-0.00687019
4.585	0.327148	-0.16734	0.533023	0.127371	-1.38492	-0.00692886
4.59	0.327138	-0.16734	0.53302	0.127444	-1.38508	-0.00698875
4.595	0.327128	-0.167341	0.533017	0.127515	-1.38522	-0.00704759
4.6	0.327118	-0.167341	0.533014	0.127588	-1.38537	-0.00710773
4.605	0.327107	-0.167342	0.533011	0.127659	-1.38552	-0.00716686
4.61	0.327097	-0.167343	0.533008	0.127732	-1.38567	-0.00722732
4.615	0.327086	-0.167343	0.533004	0.127804	-1.38582	-0.00728682
4.62	0.327076	-0.167344	0.533	0.127876	-1.38597	-0.00734766
4.625	0.327065	-0.167345	0.532996	0.127948	-1.38611	-0.00740755
4.63	0.327054	-0.167346	0.532993	0.128021	-1.38626	-0.00746878
4.635	0.327044	-0.167347	0.532989	0.128093	-1.3864	-0.00752909
4.64	0.327033	-0.167348	0.532985	0.128166	-1.38655	-0.00759071
4.645	0.327022	-0.167349	0.532981	0.128239	-1.3867	-0.00765142
4.65	0.327011	-0.16735	0.532977	0.128312	-1.38685	-0.00771343
4.655	0.327	-0.167351	0.532973	0.128384	-1.38699	-0.00777455
4.66	0.32699	-0.167352	0.532969	0.128458	-1.38714	-0.00783693
4.665	0.326979	-0.167353	0.532965	0.128531	-1.38728	-0.00789843
4.67	0.326968	-0.167354	0.532961	0.128605	-1.38743	-0.00796118
4.675	0.326957	-0.167355	0.532956	0.128678	-1.38757	-0.00802306
4.68	0.326946	-0.167357	0.532953	0.128752	-1.38772	-0.00808617
4.685	0.326935	-0.167358	0.532948	0.128825	-1.38786	-0.00814841
4.69	0.326924	-0.167359	0.532944	0.128899	-1.38801	-0.00821186
4.695	0.326913	-0.16736	0.53294	0.128973	-1.38816	-0.00827444
4.7	0.326902	-0.167361	0.532936	0.129048	-1.3883	-0.00833823
4.705	0.326891	-0.167363	0.532931	0.129122	-1.38845	-0.00840115
4.71	0.32688	-0.167364	0.532927	0.129197	-1.38859	-0.00846531
4.715	0.326869	-0.167365	0.532922	0.129271	-1.38874	-0.00852772
4.72	0.326858	-0.167365	0.532919	0.129345	-1.38888	-0.00858812
4.725	0.326847	-0.167365	0.532914	0.129419	-1.38903	-0.00864714
4.73	0.326836	-0.167364	0.53291	0.129493	-1.38917	-0.00870362
4.735	0.326825	-0.167362	0.532906	0.129566	-1.38932	-0.00875599
4.74	0.326814	-0.16736	0.5329	0.129637	-1.38946	-0.00880471
4.745	0.326804	-0.167357	0.532893	0.129706	-1.38959	-0.00884998
4.75	0.326793	-0.167354	0.532886	0.129775	-1.38973	-0.00889393
4.755	0.326782	-0.167351	0.53288	0.129846	-1.38987	-0.00893989
4.76	0.326772	-0.167347	0.532874	0.129916	-1.39001	-0.00898444
4.765	0.326761	-0.167344	0.532868	0.129987	-1.39015	-0.00903187
4.77	0.32675	-0.167342	0.532862	0.130058	-1.39029	-0.00908079
4.775	0.326739	-0.16734	0.532857	0.130131	-1.39043	-0.00913208
4.78	0.326728	-0.167338	0.532852	0.130203	-1.39057	-0.00918465
4.785	0.326716	-0.167336	0.532847	0.130277	-1.39072	-0.00923906
4.79	0.326705	-0.167335	0.532842	0.130351	-1.39086	-0.00929346
4.795	0.326694	-0.167333	0.532837	0.130424	-1.391	-0.00934773
4.8	0.326682	-0.167331	0.532832	0.130498	-1.39114	-0.00940207
4.805	0.326671	-0.16733	0.532827	0.130572	-1.39129	-0.00945582
4.81	0.32666	-0.167327	0.532824	0.130647	-1.39144	-0.00950759
4.815	0.326648	-0.167323	0.53282	0.130722	-1.39158	-0.00955737
4.82	0.326637	-0.167319	0.532818	0.130798	-1.39173	-0.00960675
4.825	0.326626	-0.167315	0.532814	0.130873	-1.39188	-0.00965436
4.83	0.326615	-0.16731	0.532812	0.130949	-1.39204	-0.009702
4.835	0.326604	-0.167306	0.532809	0.131024	-1.39219	-0.00974806
4.84	0.326593	-0.1673	0.532808	0.131101	-1.39234	-0.00979448
4.845	0.326582	-0.167295	0.532805	0.131177	-1.39249	-0.00983946
4.85	0.326571	-0.167289	0.532804	0.131254	-1.39264	-0.00988509
4.855	0.32656	-0.167284	0.532801	0.13133	-1.3928	-0.00992939
4.86	0.326549	-0.167278	0.5328	0.131407	-1.39295	-0.00997458
4.865	0.326538	-0.167272	0.532798	0.131483	-1.3931	-0.0100185
4.87	0.326527	-0.167266	0.532797	0.131561	-1.39326	-0.0100635
4.875	0.326516	-0.16726	0.532794	0.131637	-1.39341	-0.0101072
4.88	0.326505	-0.167254	0.532793	0.131715	-1.39357	-0.010152
4.885	0.326494	-0.167248	0.532791	0.131791	-1.39372	-0.010194
4.89	0.326483	-0.167241	0.53279	0.131869	-1.39387	-0.0102358
4.895	0.326472	-0.167233	0.532788	0.131945	-1.39402	-0.0102756
4.9	0.326461	-0.167226	0.532786	0.132022	-1.39418	-0.0103151
4.905	0.32645	-0.167218	0.532782	0.132095	-1.39432	-0.0103492
4.91	0.326439	-0.16721	0.53278	0.132172	-1.39448	-0.0103864
4.915	0.326428	-0.167201	0.532775	0.132244	-1.39462	-0.0104186
4.92	0.326417	-0.167192	0.532774	0.132322	-1.39478	-0.0104541
4.925	0.326405	-0.167184	0.532769	0.132393	-1.39492	-0.010485
4.93	0.326394	-0.167176	0.532765	0.132467	-1.39506	-0.0105202
4.935	0.326382	-0.167168	0.532757	0.132537	-1.3952	-0.0105517
4.94	0.326371	-0.167161	0.53275	0.132608	-1.39533	-0.0105867
4.945	0.326359	-0.167154	0.532741	0.132678	-1.39546	-0.0106214
4.95	0.326347	-0.167148	0.532734	0.13275	-1.3956	-0.0106597
4.955	0.326335	-0.167142	0.532726	0.13282	-1.39573	-0.0106968
4.96	0.326324	-0.167136	0.532718	0.132892	-1.39586	-0.0107349
4.965	0.326312	-0.167129	0.53271	0.132962	-1.39599	-0.0107716
4.97	0.326301	-0.167123	0.532702	0.133034	-1.39613	-0.0108094
4.975	0.326289	-0.167117	0.532693	0.133105	-1.39626	-0.0108469
4.98	0.326277	-0.167111	0.532686	0.133177	-1.39639	-0.0108885
4.985	0.326266	-0.167106	0.532677	0.133248	-1.39652	-0.0109298
4.99	0.326254	-0.167102	0.53267	0.133324	-1.39666	-0.0109788
4.995	0.326242	-0.167098	0.532663	0.133399	-1.39679	-0.0110274
5.0	0.32623	-0.167095	0.532657	0.133476	-1.39693	-0.0110818
5.005	0.326218	-0.167092	0.532651	0.133554	-1.39707	-0.0111359
5.01	0.326206	-0.16709	0.532646	0.133633	-1.39721	-0.0111931
5.015	0.326194	-0.167087	0.532639	0.13371	-1.39735	-0.0112484
5.02	0.326182	-0.167085	0.532634	0.13379	-1.39749	-0.0113083
5.025	0.32617	-0.167083	0.532627	0.133868	-1.39763	-0.0113663
5.03	0.326158	-0.167082	0.532622	0.133949	-1.39777	-0.0114279
5.035	0.326146	-0.16708	0.532616	0.134027	-1.39791	-0.011487
5.04	0.326135	-0.167076	0.532613	0.13411	-1.39806	-0.011546
5.045	0.326123	-0.167069	0.532608	0.134187	-1.3982	-0.0115852
5.05	0.326112	-0.167062	0.532604	0.134266	-1.39835	-0.0116287
5.055	0.3261	-0.167055	0.532599	0.134344	-1.39849	-0.0116712
5.06	0.326089	-0.167048	0.532595	0.134423	-1.39864	-0.0117157
5.065	0.326078	-0.167042	0.532591	0.134503	-1.39878	-0.011761
5.07	0.326067	-0.167036	0.532588	0.134585	-1.39893	-0.0118107
5.075	0.326056	-0.16703	0.532584	0.134666	-1.39908	-0.0118595
5.08	0.326046	-0.167025	0.532582	0.134749	-1.39923	-0.011912
5.085	0.326034	-0.16702	0.532578	0.134831	-1.39937	-0.0119633
5.09	0.326023	-0.167015	0.532575	0.134915	-1.39952	-0.0120183
5.095	0.326012	-0.16701	0.532572	0.134997	-1.39967	-0.0120717
5.1	0.326001	-0.167005	0.53257	0.135082	-1.39982	-0.0121285
5.105	0.32599	-0.167001	0.532566	0.135165	-1.39997	-0.0121836
5.11	0.325979	-0.166996	0.532564	0.135251	-1.40012	-0.0122418
5.115	0.325968	-0.166992	0.532561	0.135335	-1.40027	-0.012298
5.12	0.325957	-0.166988	0.532558	0.13542	-1.40042	-0.0123574
5.125	0.325945	-0.166984	0.532555	0.135505	-1.40057	-0.0124146
5.13	0.325934	-0.16698	0.532553	0.135591	-1.40072	-0.0124749
5.135	0.325923	-0.166975	0.53255	0.135676	-1.40087	-0.0125329
5.14	0.325912	-0.16697	0.532548	0.135762	-1.40102	-0.0125882
5.145	0.325901	-0.166959	0.532547	0.135846	-1.40118	-0.0126239
5.15	0.325891	-0.166949	0.532547	0.135932	-1.40133	-0.012665
5.155	0.32588	-0.16694	0.532547	0.136018	-1.40149	-0.0127071
5.16	0.32587	-0.166931	0.532545	0.136103	-1.40165	-0.0127495
5.165	0.325859	-0.166922	0.532544	0.136187	-1.4018	-0.0127929
5.17	0.325848	-0.166914	0.532541	0.136271	-1.40195	-0.0128365
5.175	0.325836	-0.166906	0.532538	0.136355	-1.4021	-0.012882
5.18	0.325825	-0.166899	0.532534	0.136439	-1.40225	-0.0129306
5.185	0.325814	-0.166893	0.532531	0.136524	-1.40239	-0.012982
5.19	0.325802	-0.166887	0.532527	0.136608	-1.40254	-0.0130332
5.195	0.32579	-0.166881	0.532522	0.136692	-1.40268	-0.0130849
5.2	0.325779	-0.166875	0.532518	0.136775	-1.40282	-0.0131365
5.205	0.325767	-0.166869	0.532513	0.136859	-1.40297	-0.0131887
5.21	0.325755	-0.166864	0.532508	0.136943	-1.40311	-0.0132408
5.215	0.325744	-0.166858	0.532502	0.137027	-1.40325	-0.0132938
5.22	0.325729	-0.166853	0.532491	0.137101	-1.40337	-0.0133387
5.225	0.325701	-0.166849	0.532457	0.137144	-1.40342	-0.0133519
5.23	0.325668	-0.166844	0.532413	0.137169	-1.40344	-0.0133426
5.235	0.325638	-0.166834	0.532376	0.137202	-1.40348	-0.0133271
5.24	0.32561	-0.166823	0.532343	0.137241	-1.40354	-0.0133142
5.245	0.325585	-0.166808	0.532318	0.137289	-1.40361	-0.0132992
5.25	0.325563	-0.166792	0.532296	0.13734	-1.40371	-0.0132838
5.255	0.325543	-0.166773	0.532281	0.137398	-1.40381	-0.0132661
5.26	0.325525	-0.166753	0.532267	0.137459	-1.40393	-0.0132473
5.265	0.325506	-0.166731	0.532253	0.137518	-1.40405	-0.0132192
5.27	0.32548	-0.166709	0.532227	0.137558	-1.40412	-0.013172
5.275	0.325452	-0.166692	0.532195	0.137595	-1.40418	-0.0131408
5.28	0.325425	-0.166677	0.532166	0.137636	-1.40425	-0.0131161
5.285	0.325399	-0.166668	0.53214	0.137686	-1.40432	-0.0131204
5.29	0.325374	-0.166659	0.532112	0.137734	-1.40439	-0.0131253
5.295	0.325349	-0.166651	0.532081	0.137778	-1.40445	-0.0131271
5.3	0.325325	-0.166643	0.532048	0.13782	-1.4045	-0.0131285
5.305	0.325301	-0.166636	0.532015	0.137862	-1.40456	-0.0131307
5.31	0.32528	-0.166628	0.531989	0.137915	-1.40463	-0.0131431
5.315	0.32526	-0.166621	0.531963	0.137967	-1.40471	-0.0131563
5.32	0.325241	-0.166613	0.531944	0.138029	-1.4048	-0.0131788
5.325	0.325223	-0.166605	0.531923	0.138091	-1.4049	-0.0132009
5.33	0.325207	-0.166597	0.531908	0.138161	-1.40501	-0.0132305
5.335	0.32519	-0.166589	0.531892	0.138229	-1.40511	-0.0132586
5.34	0.325174	-0.166581	0.531881	0.138304	-1.40524	-0.0132928
5.345	0.325159	-0.166573	0.531868	0.138377	-1.40535	-0.0133251
5.35	0.325144	-0.166565	0.531858	0.138456	-1.40548	-0.0133654
5.355	0.325129	-0.166557	0.531846	0.138532	-1.4056	-0.0134027
5.36	0.325115	-0.16655	0.531838	0.138614	-1.40573	-0.0134469
5.365	0.3251	-0.166542	0.531827	0.138692	-1.40586	-0.0134875
5.37	0.325086	-0.166535	0.531819	0.138775	-1.40599	-0.0135341
5.375	0.325072	-0.166528	0.531809	0.138855	-1.40612	-0.0135767
5.38	0.325058	-0.166521	0.531802	0.13894	-1.40625	-0.0136253
5.385	0.325044	-0.166514	0.531793	0.139021	-1.40638	-0.0136704
5.39	0.32503	-0.166507	0.531786	0.139108	-1.40652	-0.0137232
5.395	0.325017	-0.166501	0.531777	0.139192	-1.40665	-0.0137726
5.4	0.325003	-0.166495	0.531771	0.139279	-1.40678	-0.0138276
5.405	0.32499	-0.166489	0.531762	0.139363	-1.40691	-0.0138794
5.41	0.324977	-0.166484	0.531756	0.139452	-1.40705	-0.0139378
5.415	0.324963	-0.166478	0.531747	0.139537	-1.40718	-0.0139905
5.42	0.324951	-0.166472	0.531741	0.139626	-1.40732	-0.0140475
5.425	0.324938	-0.166466	0.531734	0.139715	-1.40746	-0.014104
5.43	0.324926	-0.166461	0.531729	0.139806	-1.4076	-0.0141629
5.435	0.324913	-0.166455	0.531721	0.139893	-1.40773	-0.0142183
5.44	0.324901	-0.16645	0.531715	0.139984	-1.40787	-0.0142791
5.445	0.324888	-0.166444	0.531707	0.140072	-1.408	-0.0143362
5.45	0.324876	-0.166439	0.531702	0.140164	-1.40814	-0.0143985
5.455	0.324863	-0.166434	0.531695	0.140253	-1.40828	-0.0144569
5.46	0.324851	-0.166429	0.531691	0.140349	-1.40843	-0.0145227
5.465	0.324839	-0.166424	0.531686	0.140443	-1.40857	-0.0145878
5.47	0.324827	-0.166419	0.53168	0.140534	-1.4087	-0.0146496
5.475	0.324814	-0.166414	0.53167	0.14062	-1.40883	-0.0147064
5.48	0.324801	-0.166409	0.531658	0.140704	-1.40895	-0.0147607
5.485	0.324788	-0.166404	0.531646	0.140787	-1.40907	-0.0148139
5.49	0.324775	-0.166399	0.531636	0.140874	-1.40919	-0.0148739
5.495	0.324763	-0.166395	0.531624	0.140959	-1.40931	-0.0149314
5.5	0.32475	-0.166391	0.531612	0.141043	-1.40943	-0.0149891
5.505	0.324737	-0.166387	0.531597	0.141125	-1.40954	-0.0150445
5.51	0.324725	-0.166383	0.531583	0.141207	-1.40965	-0.0151002
5.515	0.324712	-0.166379	0.531567	0.141286	-1.40976	-0.0151517
5.52	0.324699	-0.166375	0.531548	0.141361	-1.40985	-0.0152009
5.525	0.324686	-0.166373	0.531526	0.141433	-1.40994	-0.0152515
5.53	0.324673	-0.166371	0.531504	0.141504	-1.41002	-0.0153011
5.535	0.32466	-0.16637	0.531484	0.141579	-1.41011	-0.0153602
5.54	0.324649	-0.166372	0.531469	0.141666	-1.41022	-0.0154417
5.545	0.324638	-0.166377	0.531455	0.141757	-1.41033	-0.015534
5.55	0.324626	-0.166382	0.531443	0.14185	-1.41045	-0.0156295
5.555	0.324615	-0.166388	0.531432	0.141946	-1.41057	-0.0157327
5.56	0.324605	-0.1664	0.531422	0.142049	-1.4107	-0.0158605
5.565	0.324593	-0.166417	0.531413	0.142157	-1.41083	-0.0160104
5.57	0.324582	-0.166437	0.531405	0.142268	-1.41096	-0.0161725
5.575	0.324571	-0.166457	0.531397	0.142381	-1.41109	-0.0163369
5.58	0.32456	-0.166475	0.53139	0.142495	-1.41122	-0.0164946
5.585	0.324549	-0.16649	0.531384	0.142607	-1.41136	-0.0166439
5.59	0.324538	-0.166503	0.53138	0.142722	-1.41151	-0.0167871
5.595	0.324528	-0.166514	0.531376	0.142834	-1.41165	-0.0169214
5.6	0.324518	-0.166522	0.531373	0.142948	-1.4118	-0.0170506
5.605	0.324508	-0.16653	0.53137	0.143059	-1.41194	-0.0171721
5.61	0.324498	-0.166535	0.531368	0.143173	-1.4121	-0.0172899
5.615	0.324487	-0.166539	0.531366	0.143283	-1.41225	-0.0174011
5.62	0.324478	-0.166542	0.531365	0.143396	-1.4124	-0.0175096
5.625	0.324467	-0.166543	0.531362	0.143505	-1.41255	-0.017612
5.63	0.324458	-0.166544	0.531361	0.143616	-1.4127	-0.0177123
5.635	0.324447	-0.166544	0.531359	0.143725	-1.41285	-0.0178076
5.64	0.324438	-0.166543	0.531357	0.143834	-1.41301	-0.0179017
5.645	0.324427	-0.166543	0.531356	0.143945	-1.41316	-0.0179986
5.65	0.324418	-0.16654	0.531356	0.144055	-1.41332	-0.0180879
5.655	0.324407	-0.166537	0.531354	0.144163	-1.41347	-0.018172
5.66	0.324397	-0.166533	0.531353	0.144272	-1.41362	-0.0182572
5.665	0.324387	-0.166529	0.531351	0.144379	-1.41377	-0.0183382
5.67	0.324377	-0.166526	0.53135	0.144489	-1.41393	-0.0184252
5.675	0.324366	-0.166525	0.531348	0.144599	-1.41408	-0.0185207
5.68	0.324355	-0.166525	0.531347	0.144712	-1.41423	-0.0186203
5.685	0.324343	-0.166526	0.531343	0.144821	-1.41438	-0.018717
5.69	0.324331	-0.166521	0.531339	0.144926	-1.41452	-0.0187952
5.695	0.324318	-0.166522	0.531333	0.145031	-1.41466	-0.0188875
5.7	0.324305	-0.16652	0.531329	0.145137	-1.41481	-0.0189746
5.705	0.324292	-0.16652	0.531322	0.145242	-1.41494	-0.0190657
5.71	0.324278	-0.166523	0.531318	0.145353	-1.41509	-0.0191729
5.715	0.324264	-0.166532	0.531312	0.145468	-1.41523	-0.019304
5.72	0.32425	-0.166542	0.531309	0.145587	-1.41537	-0.01944
5.725	0.324237	-0.166548	0.531304	0.145702	-1.41552	-0.0195631
5.73	0.324222	-0.166555	0.531301	0.145819	-1.41566	-0.0196874
5.735	0.32421	-0.166559	0.531297	0.145933	-1.41581	-0.0198003
5.74	0.324196	-0.166562	0.531294	0.146049	-1.41596	-0.0199141
5.745	0.324184	-0.166566	0.531289	0.146161	-1.4161	-0.0200224
5.75	0.324171	-0.166567	0.531287	0.146276	-1.41625	-0.0201274
5.755	0.324158	-0.166568	0.53128	0.146385	-1.41638	-0.0202278
5.76	0.324145	-0.166569	0.531278	0.1465	-1.41654	-0.0203306
5.765	0.32413	-0.166572	0.531266	0.146601	-1.41665	-0.0204289
5.77	0.324108	-0.166576	0.531248	0.146692	-1.41676	-0.0205162
5.775	0.324084	-0.166592	0.531215	0.146767	-1.41681	-0.0206275
5.78	0.324054	-0.166608	0.531186	0.14685	-1.41687	-0.0207461
5.785	0.324028	-0.166622	0.531148	0.146914	-1.41691	-0.0208392
5.79	0.324004	-0.166637	0.531118	0.146994	-1.41697	-0.0209516
5.795	0.323982	-0.166647	0.531087	0.147069	-1.41703	-0.0210435
5.8	0.323964	-0.166654	0.531063	0.147152	-1.41711	-0.0211317
5.805	0.323946	-0.166657	0.531041	0.147237	-1.41719	-0.0212134
5.81	0.32393	-0.16666	0.531024	0.147329	-1.41729	-0.0213011
5.815	0.323914	-0.166661	0.531008	0.147424	-1.4174	-0.0213853
5.82	0.3239	-0.166662	0.530995	0.147521	-1.41752	-0.0214712
5.825	0.323885	-0.166661	0.530983	0.147621	-1.41763	-0.0215544
5.83	0.323872	-0.166659	0.530976	0.147728	-1.41777	-0.0216414
5.835	0.323859	-0.166656	0.530967	0.147833	-1.4179	-0.0217241
5.84	0.323847	-0.166652	0.530964	0.147945	-1.41805	-0.0218096
5.845	0.323834	-0.166647	0.530958	0.148053	-1.41819	-0.0218905
5.85	0.323823	-0.166641	0.530957	0.148169	-1.41834	-0.0219742
5.855	0.323811	-0.166635	0.530953	0.14828	-1.41849	-0.0220535
5.86	0.3238	-0.166628	0.530953	0.148397	-1.41864	-0.0221347
5.865	0.323789	-0.166621	0.530949	0.148507	-1.41879	-0.0222086
5.87	0.323778	-0.166614	0.530948	0.148624	-1.41894	-0.0222888
5.875	0.323767	-0.166606	0.530944	0.148734	-1.41909	-0.0223625
5.88	0.323757	-0.166598	0.530944	0.148853	-1.41925	-0.0224434
5.885	0.323746	-0.16659	0.530941	0.148964	-1.41939	-0.0225166
5.89	0.323735	-0.166581	0.530938	0.149076	-1.41954	-0.0225873
5.895	0.323725	-0.166572	0.530931	0.149183	-1.41968	-0.0226518
5.9	0.323714	-0.166562	0.530927	0.149293	-1.41982	-0.0227162
5.905	0.323704	-0.166549	0.53092	0.149395	-1.41995	-0.022766
5.91	0.323696	-0.166528	0.530915	0.149495	-1.42009	-0.0227866
5.915	0.323688	-0.166507	0.530906	0.149588	-1.42022	-0.0228003
5.92	0.323682	-0.166482	0.530901	0.149686	-1.42036	-0.0228073
5.925	0.323677	-0.166447	0.530892	0.149767	-1.42049	-0.0227649
5.93	0.323673	-0.166413	0.530886	0.149855	-1.42063	-0.0227331
5.935	0.323668	-0.16638	0.530879	0.14994	-1.42076	-0.0227043
5.94	0.323663	-0.166351	0.530875	0.150037	-1.4209	-0.0226968
5.945	0.323662	-0.166323	0.530877	0.150144	-1.42106	-0.0227039
5.95	0.323672	-0.166299	0.530905	0.150303	-1.42131	-0.022776
5.955	0.323687	-0.166278	0.53094	0.150478	-1.42158	-0.0228769
5.96	0.3237	-0.166259	0.530974	0.150654	-1.42184	-0.0229861
5.965	0.323709	-0.166242	0.531001	0.150819	-1.42208	-0.0230873
5.97	0.323717	-0.166225	0.531027	0.150982	-1.42232	-0.0231889
5.975	0.323721	-0.166206	0.531045	0.151128	-1.42254	-0.023262
5.98	0.32371	-0.166185	0.531038	0.151228	-1.42267	-0.0232827
5.985	0.323687	-0.166158	0.531009	0.151281	-1.42273	-0.0232341
5.99	0.323659	-0.166128	0.530973	0.151317	-1.42278	-0.0231596
5.995	0.323631	-0.1661	0.530938	0.151356	-1.42282	-0.0230924
6.0	0.323607	-0.166069	0.530912	0.151411	-1.42289	-0.0230341
6.005	0.323584	-0.166045	0.530889	0.151476	-1.42298	-0.0230065
6.01	0.323563	-0.166023	0.53087	0.151552	-1.42308	-0.0229956
6.015	0.323542	-0.166004	0.530852	0.151632	-1.42318	-0.0230015
6.02	0.323523	-0.165987	0.530837	0.15172	-1.42329	-0.0230216
6.025	0.323505	-0.165972	0.530823	0.151811	-1.4234	-0.0230508
6.03	0.323487	-0.165961	0.53081	0.151908	-1.42352	-0.0230956
6.035	0.32347	-0.165951	0.530799	0.152009	-1.42364	-0.023152
6.04	0.323453	-0.165948	0.530788	0.152118	-1.42376	-0.0232379
6.045	0.323436	-0.165946	0.530779	0.152231	-1.42389	-0.0233302
6.05	0.323421	-0.165948	0.530771	0.152349	-1.42402	-0.0234399
6.055	0.323405	-0.16595	0.530764	0.152469	-1.42416	-0.0235507
6.06	0.323391	-0.165953	0.530759	0.152593	-1.4243	-0.0236712
6.065	0.323377	-0.165957	0.530755	0.152723	-1.42444	-0.0237998
6.07	0.323363	-0.165966	0.530751	0.152856	-1.42459	-0.0239492
6.075	0.323353	-0.165979	0.530755	0.153009	-1.42476	-0.0241308
6.08	0.323357	-0.16596	0.530781	0.153177	-1.425	-0.024226
6.085	0.323359	-0.165943	0.530809	0.153351	-1.42524	-0.0243357
6.09	0.32336	-0.165928	0.530831	0.153516	-1.42547	-0.0244405
6.095	0.323359	-0.165914	0.530851	0.153679	-1.42569	-0.0245489
6.1	0.323356	-0.165902	0.530867	0.153834	-1.4259	-0.0246517
6.105	0.323353	-0.16589	0.530882	0.153991	-1.42611	-0.0247577
6.11	0.323348	-0.16588	0.530894	0.154142	-1.4263	-0.0248648
6.115	0.323342	-0.165872	0.530905	0.154294	-1.42649	-0.0249779
6.12	0.323337	-0.165864	0.530916	0.154445	-1.42668	-0.0250915
6.125	0.32333	-0.165856	0.530925	0.154594	-1.42687	-0.0252038
6.13	0.323323	-0.165849	0.530932	0.15474	-1.42705	-0.0253129
6.135	0.323316	-0.16584	0.530938	0.154884	-1.42723	-0.0254165
6.14	0.323308	-0.16583	0.530944	0.155026	-1.4274	-0.0255136
6.145	0.323301	-0.165818	0.53095	0.155168	-1.42758	-0.0256048
6.15	0.323292	-0.165809	0.530952	0.155304	-1.42774	-0.0256972
6.155	0.323285	-0.165801	0.530957	0.155447	-1.42791	-0.0258033
6.16	0.323283	-0.165793	0.530974	0.155614	-1.42812	-0.0259316
6.165	0.323284	-0.165781	0.530994	0.155786	-1.42835	-0.0260555
6.17	0.323287	-0.165767	0.531021	0.155969	-1.42859	-0.0261832
6.175	0.323298	-0.165761	0.531058	0.156183	-1.42886	-0.0263688
6.18	0.323316	-0.165751	0.531111	0.156425	-1.42919	-0.0265708
6.185	0.32333	-0.165746	0.531153	0.156651	-1.42948	-0.0267711
6.19	0.323328	-0.165737	0.531168	0.156818	-1.42968	-0.0268985
6.195	0.323312	-0.165731	0.531155	0.156929	-1.42979	-0.0269754
6.2	0.323282	-0.165721	0.531116	0.156983	-1.42983	-0.0269829
6.205	0.323244	-0.165716	0.531063	0.157011	-1.42981	-0.0269754
6.21	0.323198	-0.165708	0.530997	0.157012	-1.42976	-0.0269303
6.215	0.323151	-0.165703	0.530928	0.157008	-1.4297	-0.0268925
6.22	0.323124	-0.165699	0.5309	0.15709	-1.42976	-0.026946
6.225	0.323118	-0.165699	0.530908	0.15725	-1.42994	-0.0270923
6.23	0.323123	-0.165702	0.530937	0.157459	-1.43019	-0.0273013
6.235	0.323144	-0.165706	0.530996	0.157731	-1.43054	-0.0275788
6.24	0.323184	-0.165715	0.531088	0.158081	-1.43099	-0.0279558
6.245	0.32321	-0.165716	0.531157	0.158376	-1.43136	-0.02825
6.25	0.323214	-0.16572	0.531182	0.158581	-1.4316	-0.0284586
6.255	0.323197	-0.165717	0.531168	0.158696	-1.43171	-0.0285484
6.26	0.323162	-0.165717	0.531121	0.158744	-1.43172	-0.0285818
6.265	0.323116	-0.165713	0.531053	0.158742	-1.43165	-0.0285469
6.27	0.323077	-0.165714	0.530999	0.158777	-1.43164	-0.0285694
6.275	0.323046	-0.165713	0.530961	0.158843	-1.43167	-0.0286173
6.28	0.323035	-0.165717	0.530959	0.158992	-1.43182	-0.0287664
6.285	0.323077	-0.165721	0.531056	0.159354	-1.43229	-0.029138
6.29	0.323176	-0.165732	0.531258	0.159955	-1.43309	-0.0297833
6.295	0.323263	-0.165742	0.531436	0.16051	-1.43381	-0.0303763
6.3	0.323336	-0.165753	0.531589	0.161015	-1.43446	-0.0309188
6.305	0.323391	-0.165762	0.531707	0.161446	-1.43499	-0.0313774
6.31	0.323439	-0.165769	0.53181	0.161843	-1.43547	-0.031796
6.315	0.323482	-0.165775	0.531899	0.162212	-1.43591	-0.0321826
6.32	0.323518	-0.165781	0.531977	0.162557	-1.43631	-0.0325432
6.325	0.323549	-0.165787	0.532044	0.162878	-1.43668	-0.0328778
6.33	0.323575	-0.165792	0.532099	0.163173	-1.43701	-0.0331825
6.335	0.323596	-0.165795	0.532144	0.163444	-1.4373	-0.0334588
6.34	0.323614	-0.165798	0.532181	0.163695	-1.43757	-0.0337117
6.345	0.323629	-0.1658	0.532213	0.163935	-1.43783	-0.0339493
6.35	0.323641	-0.165801	0.532238	0.164161	-1.43806	-0.0341696
6.355	0.323651	-0.165801	0.532259	0.164376	-1.43828	-0.0343793
6.36	0.323657	-0.165802	0.532276	0.164581	-1.43848	-0.0345772
6.365	0.323662	-0.165803	0.532289	0.16478	-1.43868	-0.0347694
6.37	0.323664	-0.165804	0.532298	0.164967	-1.43886	-0.034949
6.375	0.323664	-0.165804	0.5323	0.165138	-1.43902	-0.0351095
6.38	0.323662	-0.165804	0.532295	0.165292	-1.43916	-0.0352517
6.385	0.323657	-0.165803	0.532284	0.165432	-1.43927	-0.0353773
6.39	0.323651	-0.165801	0.532267	0.165558	-1.43937	-0.035487
6.395	0.323642	-0.1658	0.532245	0.165671	-1.43945	-0.0355819
6.4	0.323632	-0.165797	0.532219	0.165771	-1.43952	-0.0356631
6.405	0.323621	-0.165795	0.532191	0.16587	-1.43958	-0.0357423
6.41	0.323611	-0.165794	0.53217	0.165987	-1.43967	-0.0358418
6.415	0.3236	-0.165793	0.532149	0.166101	-1.43975	-0.0359392
6.42	0.32359	-0.165792	0.532133	0.166232	-1.43985	-0.0360572
6.425	0.323579	-0.165792	0.532114	0.166353	-1.43995	-0.0361643
6.43	0.323568	-0.165791	0.532094	0.166473	-1.44004	-0.0362698
6.435	0.323557	-0.16579	0.532074	0.166592	-1.44012	-0.0363716
6.44	0.323546	-0.165788	0.532057	0.166719	-1.44022	-0.0364803
6.445	0.323535	-0.165786	0.53204	0.166844	-1.44032	-0.0365861
6.45	0.323524	-0.165784	0.532026	0.166977	-1.44043	-0.0366998
6.455	0.323514	-0.165781	0.532012	0.16711	-1.44054	-0.036811
6.46	0.323503	-0.165778	0.532001	0.16725	-1.44066	-0.0369263
6.465	0.323493	-0.165773	0.531989	0.167389	-1.44078	-0.0370375
6.47	0.323483	-0.165768	0.531981	0.167534	-1.4409	-0.0371536
6.475	0.323473	-0.165762	0.531972	0.167679	-1.44103	-0.037268
6.48	0.323463	-0.165756	0.531964	0.167824	-1.44116	-0.0373816
6.485	0.323452	-0.16575	0.531953	0.167963	-1.44128	-0.037487
6.49	0.323441	-0.165743	0.531946	0.168112	-1.44141	-0.0376022
6.495	0.323431	-0.165736	0.53194	0.168262	-1.44155	-0.0377172
6.5	0.323421	-0.165728	0.531933	0.168412	-1.44168	-0.0378309
6.505	0.323409	-0.16572	0.531922	0.16855	-1.4418	-0.0379301
6.51	0.323398	-0.165712	0.531911	0.168687	-1.44192	-0.0380261
6.515	0.323386	-0.165703	0.531899	0.168823	-1.44204	-0.0381217
6.52	0.323375	-0.165695	0.53189	0.168967	-1.44216	-0.0382291
6.525	0.323363	-0.165688	0.531879	0.169108	-1.44228	-0.0383347
6.53	0.323351	-0.165683	0.53187	0.169256	-1.44241	-0.0384525
6.535	0.323339	-0.165678	0.53186	0.169401	-1.44253	-0.0385679
6.54	0.323327	-0.165674	0.531852	0.169552	-1.44266	-0.0386938
6.545	0.323315	-0.16567	0.531842	0.1697	-1.44278	-0.0388161
6.55	0.323302	-0.165666	0.531834	0.169854	-1.44292	-0.0389469
6.555	0.32329	-0.165663	0.531825	0.170004	-1.44304	-0.0390745
6.56	0.323277	-0.16566	0.531818	0.170159	-1.44317	-0.0392076
6.565	0.323265	-0.165657	0.531809	0.170311	-1.4433	-0.0393374
6.57	0.323252	-0.165655	0.531801	0.170467	-1.44343	-0.0394713
6.575	0.323239	-0.165652	0.531793	0.17062	-1.44356	-0.0396026
6.58	0.323227	-0.165649	0.531785	0.170778	-1.44369	-0.0397387
6.585	0.323214	-0.165647	0.531776	0.170932	-1.44382	-0.0398731
6.59	0.323201	-0.165646	0.531769	0.171091	-1.44395	-0.0400156
6.595	0.323188	-0.165643	0.531761	0.171247	-1.44408	-0.0401526
6.6	0.323175	-0.165641	0.531754	0.171408	-1.44421	-0.0402928
6.605	0.323162	-0.165639	0.531746	0.171564	-1.44434	-0.0404283
6.61	0.323149	-0.165635	0.531739	0.171725	-1.44448	-0.0405667
6.615	0.323136	-0.165632	0.531731	0.171883	-1.44461	-0.0407002
6.62	0.323123	-0.165629	0.531724	0.172044	-1.44474	-0.0408377
6.625	0.32311	-0.165625	0.531716	0.172201	-1.44487	-0.0409717
6.63	0.323096	-0.165622	0.531709	0.172362	-1.445	-0.04111
6.635	0.323083	-0.165619	0.5317	0.17252	-1.44513	-0.0412446
6.64	0.323069	-0.165616	0.531693	0.172682	-1.44526	-0.0413834
6.645	0.323055	-0.165613	0.531684	0.17284	-1.44539	-0.0415187
6.65	0.323042	-0.16561	0.531677	0.173003	-1.44552	-0.0416584
6.655	0.323028	-0.165606	0.531669	0.173162	-1.44565	-0.0417938
6.66	0.323015	-0.165602	0.531662	0.173325	-1.44579	-0.0419315
6.665	0.323001	-0.165598	0.531653	0.173485	-1.44591	-0.0420646
6.67	0.322988	-0.165593	0.531647	0.173648	-1.44605	-0.0421999
6.675	0.322974	-0.165588	0.531638	0.173808	-1.44618	-0.042331
6.68	0.322961	-0.165583	0.531632	0.173972	-1.44631	-0.0424643
6.685	0.322948	-0.165577	0.531624	0.174133	-1.44644	-0.0425933
6.69	0.322934	-0.165572	0.531616	0.174297	-1.44657	-0.042729
6.695	0.322921	-0.165567	0.531608	0.174458	-1.4467	-0.0428628
6.7	0.322908	-0.165564	0.531601	0.174623	-1.44683	-0.0430036
6.705	0.322894	-0.16556	0.531592	0.174786	-1.44696	-0.0431422
6.71	0.322881	-0.165558	0.531584	0.174953	-1.44709	-0.0432877
6.715	0.322868	-0.165555	0.531576	0.175117	-1.44722	-0.0434304
6.72	0.322855	-0.165553	0.531568	0.175285	-1.44735	-0.0435795
6.725	0.322841	-0.165551	0.53156	0.17545	-1.44748	-0.0437256
6.73	0.322828	-0.16555	0.531552	0.17562	-1.44761	-0.0438782
6.735	0.322815	-0.165548	0.531543	0.175786	-1.44774	-0.0440273
6.74	0.322802	-0.165548	0.531536	0.175957	-1.44787	-0.0441823
6.745	0.322789	-0.165546	0.531527	0.176125	-1.448	-0.0443341
6.75	0.322776	-0.165546	0.53152	0.176297	-1.44813	-0.0444915
6.755	0.322763	-0.165545	0.531511	0.176467	-1.44826	-0.0446456
6.76	0.32275	-0.165545	0.531504	0.176641	-1.44839	-0.0448052
6.765	0.322737	-0.165544	0.531495	0.176812	-1.44852	-0.0449613
6.77	0.322724	-0.165544	0.531488	0.176987	-1.44865	-0.045123
6.775	0.322711	-0.165543	0.53148	0.177159	-1.44878	-0.0452792
6.78	0.322699	-0.16554	0.531475	0.177337	-1.44892	-0.0454356
6.785	0.322686	-0.165538	0.531468	0.177514	-1.44905	-0.0455938
6.79	0.322676	-0.165539	0.531465	0.177704	-1.4492	-0.0457749
6.795	0.322668	-0.165539	0.531467	0.177906	-1.44936	-0.0459637
6.8	0.322662	-0.165541	0.531474	0.17813	-1.44954	-0.0461816
6.805	0.322659	-0.165541	0.531484	0.178358	-1.44972	-0.0464015
6.81	0.322654	-0.165542	0.531493	0.178585	-1.44991	-0.0466197
6.815	0.322649	-0.165543	0.531499	0.178804	-1.45008	-0.0468292
6.82	0.322643	-0.165544	0.531504	0.17902	-1.45025	-0.0470358
6.825	0.322635	-0.165544	0.531506	0.17923	-1.45041	-0.047236
6.83	0.322628	-0.165545	0.531508	0.179438	-1.45057	-0.0474341
6.835	0.322619	-0.165545	0.531507	0.179641	-1.45073	-0.0476271
6.84	0.32261	-0.165546	0.531507	0.179843	-1.45088	-0.0478186
6.845	0.322601	-0.165546	0.531505	0.180042	-1.45103	-0.0480062
6.85	0.322591	-0.165546	0.531502	0.18024	-1.45117	-0.0481929
6.855	0.32258	-0.165547	0.531498	0.180435	-1.45132	-0.0483765
6.86	0.32257	-0.165547	0.531495	0.18063	-1.45146	-0.0485599
6.865	0.322559	-0.165547	0.53149	0.180822	-1.4516	-0.0487407
6.87	0.322548	-0.165547	0.531486	0.181016	-1.45174	-0.0489218
6.875	0.322537	-0.165547	0.53148	0.181207	-1.45188	-0.0491006
6.88	0.322525	-0.165547	0.531475	0.181399	-1.45201	-0.0492802
6.885	0.322514	-0.165547	0.531469	0.181589	-1.45215	-0.0494578
6.89	0.322502	-0.165547	0.531463	0.18178	-1.45229	-0.0496364
6.895	0.32249	-0.165547	0.531456	0.18197	-1.45242	-0.0498133
6.9	0.322478	-0.165547	0.53145	0.182161	-1.45255	-0.0499914
6.905	0.322466	-0.165547	0.531443	0.18235	-1.45269	-0.050168
6.91	0.322454	-0.165547	0.531437	0.182542	-1.45282	-0.050346
6.915	0.322441	-0.165547	0.53143	0.182731	-1.45295	-0.0505225
6.92	0.322429	-0.165546	0.531423	0.182923	-1.45309	-0.0507006
6.925	0.322416	-0.165546	0.531416	0.183113	-1.45322	-0.0508772
6.93	0.322404	-0.165546	0.531409	0.183305	-1.45335	-0.0510552
