0	0.310429 	-0.173769 	0.537008 	0.180534 	-1.45468 	-0.24872 	
0.005	0.310429 	-0.173769 	0.537008 	0.180534 	-1.45468 	-0.24872 	
0.01	0.310429 	-0.173769 	0.537008 	0.180534 	-1.45468 	-0.24872 	
0.015	0.310429 	-0.173769 	0.537008 	0.180534 	-1.45468 	-0.24872 	
0.02	0.31043 	-0.173769 	0.537008 	0.180534 	-1.45468 	-0.24872 	
0.025	0.310432 	-0.173769 	0.537009 	0.180534 	-1.45468 	-0.24872 	
0.03	0.310434 	-0.173769 	0.537009 	0.180534 	-1.45468 	-0.24872 	
0.035	0.310436 	-0.173769 	0.53701 	0.180534 	-1.45468 	-0.24872 	
0.04	0.310439 	-0.173769 	0.53701 	0.180534 	-1.45468 	-0.24872 	
0.045	0.310442 	-0.173769 	0.537011 	0.180534 	-1.45468 	-0.24872 	
0.05	0.310446 	-0.173769 	0.537012 	0.180534 	-1.45468 	-0.24872 	
0.055	0.31045 	-0.17377 	0.537013 	0.180534 	-1.45468 	-0.24872 	
0.06	0.310455 	-0.17377 	0.537014 	0.180534 	-1.45468 	-0.24872 	
0.065	0.31046 	-0.17377 	0.537015 	0.180534 	-1.45468 	-0.24872 	
0.07	0.310465 	-0.17377 	0.537016 	0.180534 	-1.45468 	-0.24872 	
0.075	0.310471 	-0.17377 	0.537018 	0.180534 	-1.45468 	-0.24872 	
0.08	0.310478 	-0.17377 	0.537019 	0.180534 	-1.45468 	-0.24872 	
0.085	0.310484 	-0.17377 	0.537021 	0.180534 	-1.45468 	-0.24872 	
0.09	0.310491 	-0.173771 	0.537022 	0.180534 	-1.45468 	-0.24872 	
0.095	0.310499 	-0.173771 	0.537024 	0.180534 	-1.45468 	-0.24872 	
0.1	0.310507 	-0.173771 	0.537026 	0.180534 	-1.45468 	-0.24872 	
0.105	0.310516 	-0.173771 	0.537028 	0.180534 	-1.45468 	-0.24872 	
0.11	0.310526 	-0.173771 	0.53703 	0.180534 	-1.45468 	-0.24872 	
0.115	0.310534 	-0.173772 	0.537032 	0.180534 	-1.45468 	-0.24872 	
0.12	0.310545 	-0.173772 	0.537034 	0.180534 	-1.45468 	-0.24872 	
0.125	0.310555 	-0.173772 	0.537037 	0.180534 	-1.45468 	-0.24872 	
0.13	0.310566 	-0.173772 	0.537039 	0.180534 	-1.45468 	-0.24872 	
0.135	0.310577 	-0.173773 	0.537042 	0.180534 	-1.45468 	-0.24872 	
0.14	0.310589 	-0.173773 	0.537044 	0.180534 	-1.45468 	-0.24872 	
0.145	0.310601 	-0.173773 	0.537047 	0.180534 	-1.45468 	-0.24872 	
0.15	0.310613 	-0.173774 	0.53705 	0.180534 	-1.45468 	-0.24872 	
0.155	0.310626 	-0.173774 	0.537053 	0.180534 	-1.45468 	-0.24872 	
0.16	0.31064 	-0.173774 	0.537056 	0.180534 	-1.45468 	-0.24872 	
0.165	0.310591 	-0.173759 	0.53704 	0.178912 	-1.45354 	-0.246485 	
0.17	0.310605 	-0.173759 	0.537043 	0.178912 	-1.45354 	-0.246485 	
0.175	0.31062 	-0.17376 	0.537047 	0.178912 	-1.45354 	-0.246485 	
0.18	0.310635 	-0.17376 	0.53705 	0.178912 	-1.45354 	-0.246485 	
0.185	0.310651 	-0.17376 	0.537054 	0.178912 	-1.45354 	-0.246485 	
0.19	0.310667 	-0.173761 	0.537057 	0.178912 	-1.45354 	-0.246485 	
0.195	0.310683 	-0.173761 	0.537061 	0.178912 	-1.45354 	-0.246485 	
0.2	0.3107 	-0.173762 	0.537065 	0.178912 	-1.45354 	-0.246485 	
0.205	0.310717 	-0.173762 	0.537069 	0.178912 	-1.45354 	-0.246485 	
0.21	0.310735 	-0.173762 	0.537073 	0.178912 	-1.45354 	-0.246485 	
0.215	0.310753 	-0.173763 	0.537077 	0.178912 	-1.45354 	-0.246485 	
0.22	0.310771 	-0.173763 	0.537081 	0.178912 	-1.45354 	-0.246485 	
0.225	0.310729 	-0.173749 	0.537066 	0.177313 	-1.45242 	-0.244282 	
0.23	0.310748 	-0.173749 	0.537071 	0.177313 	-1.45242 	-0.244282 	
0.235	0.310768 	-0.173749 	0.537075 	0.177313 	-1.45242 	-0.244282 	
0.24	0.310788 	-0.17375 	0.53708 	0.177313 	-1.45242 	-0.244282 	
0.245	0.310809 	-0.17375 	0.537085 	0.177313 	-1.45242 	-0.244282 	
0.25	0.31083 	-0.173751 	0.537089 	0.177313 	-1.45242 	-0.244282 	
0.255	0.310851 	-0.173751 	0.537094 	0.177313 	-1.45242 	-0.244282 	
0.26	0.310873 	-0.173752 	0.537099 	0.177313 	-1.45242 	-0.244282 	
0.265	0.310895 	-0.173752 	0.537104 	0.177313 	-1.45242 	-0.244282 	
0.27	0.310918 	-0.173753 	0.537109 	0.177313 	-1.45242 	-0.244282 	
0.275	0.310876 	-0.173738 	0.537095 	0.175618 	-1.45123 	-0.241947 	
0.28	0.3109 	-0.173738 	0.5371 	0.175618 	-1.45123 	-0.241947 	
0.285	0.310924 	-0.173739 	0.537106 	0.175618 	-1.45123 	-0.241947 	
0.29	0.310948 	-0.173739 	0.537111 	0.175618 	-1.45123 	-0.241947 	
0.295	0.310973 	-0.17374 	0.537117 	0.175618 	-1.45123 	-0.241947 	
0.3	0.310998 	-0.17374 	0.537122 	0.175618 	-1.45123 	-0.241947 	
0.305	0.311024 	-0.173741 	0.537128 	0.175618 	-1.45123 	-0.241947 	
0.31	0.31105 	-0.173741 	0.537134 	0.175618 	-1.45123 	-0.241947 	
0.315	0.311014 	-0.173727 	0.537121 	0.174005 	-1.4501 	-0.239725 	
0.32	0.311041 	-0.173728 	0.537127 	0.174005 	-1.4501 	-0.239725 	
0.325	0.311068 	-0.173728 	0.537134 	0.174005 	-1.4501 	-0.239725 	
0.33	0.311096 	-0.173729 	0.53714 	0.174005 	-1.4501 	-0.239725 	
0.335	0.311124 	-0.173729 	0.537146 	0.174005 	-1.4501 	-0.239725 	
0.34	0.311153 	-0.17373 	0.537153 	0.174005 	-1.4501 	-0.239725 	
0.345	0.311181 	-0.17373 	0.537159 	0.174005 	-1.4501 	-0.239725 	
0.35	0.31115 	-0.173717 	0.537147 	0.172425 	-1.44899 	-0.237548 	
0.355	0.31118 	-0.173717 	0.537154 	0.172425 	-1.44899 	-0.237548 	
0.36	0.31121 	-0.173718 	0.537161 	0.172425 	-1.44899 	-0.237548 	
0.365	0.31124 	-0.173719 	0.537168 	0.172425 	-1.44899 	-0.237548 	
0.37	0.311271 	-0.173719 	0.537175 	0.172425 	-1.44899 	-0.237548 	
0.375	0.311302 	-0.17372 	0.537182 	0.172425 	-1.44899 	-0.237548 	
0.38	0.311334 	-0.17372 	0.537189 	0.172425 	-1.44899 	-0.237548 	
0.385	0.3113 	-0.173706 	0.537176 	0.170708 	-1.44779 	-0.235182 	
0.39	0.311332 	-0.173706 	0.537184 	0.170708 	-1.44779 	-0.235182 	
0.395	0.311365 	-0.173707 	0.537191 	0.170708 	-1.44779 	-0.235182 	
0.4	0.311399 	-0.173707 	0.537198 	0.170708 	-1.44779 	-0.235182 	
0.405	0.311432 	-0.173708 	0.537206 	0.170708 	-1.44779 	-0.235182 	
0.41	0.311466 	-0.173708 	0.537214 	0.170708 	-1.44779 	-0.235182 	
0.415	0.311438 	-0.173695 	0.537203 	0.169088 	-1.44665 	-0.232951 	
0.42	0.311473 	-0.173696 	0.537211 	0.169088 	-1.44665 	-0.232951 	
0.425	0.311508 	-0.173696 	0.537218 	0.169088 	-1.44665 	-0.232951 	
0.43	0.311544 	-0.173697 	0.537226 	0.169088 	-1.44665 	-0.232951 	
0.435	0.31158 	-0.173697 	0.537235 	0.169088 	-1.44665 	-0.232951 	
0.44	0.311616 	-0.173698 	0.537243 	0.169088 	-1.44665 	-0.232951 	
0.445	0.311587 	-0.173684 	0.537231 	0.16738 	-1.44546 	-0.230597 	
0.45	0.311624 	-0.173685 	0.53724 	0.16738 	-1.44546 	-0.230597 	
0.455	0.311661 	-0.173685 	0.537248 	0.16738 	-1.44546 	-0.230597 	
0.46	0.311699 	-0.173686 	0.537257 	0.16738 	-1.44546 	-0.230597 	
0.465	0.311738 	-0.173686 	0.537265 	0.16738 	-1.44546 	-0.230597 	
0.47	0.311776 	-0.173687 	0.537274 	0.16738 	-1.44546 	-0.230597 	
0.475	0.311745 	-0.173672 	0.537262 	0.165564 	-1.44418 	-0.228096 	
0.48	0.311784 	-0.173673 	0.537271 	0.165564 	-1.44418 	-0.228096 	
0.485	0.311824 	-0.173673 	0.537279 	0.165564 	-1.44418 	-0.228096 	
0.49	0.311864 	-0.173674 	0.537288 	0.165564 	-1.44418 	-0.228096 	
0.495	0.311905 	-0.173674 	0.537297 	0.165564 	-1.44418 	-0.228096 	
0.5	0.311882 	-0.173662 	0.537288 	0.163939 	-1.44304 	-0.225857 	
0.505	0.311924 	-0.173662 	0.537297 	0.163939 	-1.44304 	-0.225857 	
0.51	0.311965 	-0.173663 	0.537307 	0.163939 	-1.44304 	-0.225857 	
0.515	0.312007 	-0.173663 	0.537316 	0.163939 	-1.44304 	-0.225857 	
0.52	0.312049 	-0.173664 	0.537325 	0.163939 	-1.44304 	-0.225857 	
0.525	0.312027 	-0.173651 	0.537316 	0.162268 	-1.44187 	-0.223555 	
0.53	0.31207 	-0.173651 	0.537325 	0.162268 	-1.44187 	-0.223555 	
0.535	0.312113 	-0.173652 	0.537335 	0.162268 	-1.44187 	-0.223555 	
0.54	0.312157 	-0.173652 	0.537345 	0.162268 	-1.44187 	-0.223555 	
0.545	0.312201 	-0.173653 	0.537355 	0.162268 	-1.44187 	-0.223555 	
0.55	0.312178 	-0.17364 	0.537345 	0.16053 	-1.44065 	-0.22116 	
0.555	0.312223 	-0.17364 	0.537355 	0.16053 	-1.44065 	-0.22116 	
0.56	0.312268 	-0.17364 	0.537365 	0.16053 	-1.44065 	-0.22116 	
0.565	0.312313 	-0.173641 	0.537375 	0.16053 	-1.44065 	-0.22116 	
0.57	0.312359 	-0.173641 	0.537385 	0.16053 	-1.44065 	-0.22116 	
0.575	0.312335 	-0.173628 	0.537375 	0.158723 	-1.43939 	-0.21867 	
0.58	0.312381 	-0.173628 	0.537385 	0.158723 	-1.43939 	-0.21867 	
0.585	0.312428 	-0.173629 	0.537396 	0.158723 	-1.43939 	-0.21867 	
0.59	0.312475 	-0.173629 	0.537406 	0.158723 	-1.43939 	-0.21867 	
0.595	0.312523 	-0.173629 	0.537417 	0.158723 	-1.43939 	-0.21867 	
0.6	0.312497 	-0.173616 	0.537406 	0.156849 	-1.43807 	-0.216089 	
0.605	0.312545 	-0.173616 	0.537417 	0.156849 	-1.43807 	-0.216089 	
0.61	0.312594 	-0.173616 	0.537428 	0.156849 	-1.43807 	-0.216089 	
0.615	0.312643 	-0.173617 	0.537439 	0.156849 	-1.43807 	-0.216089 	
0.62	0.31263 	-0.173605 	0.537432 	0.155264 	-1.43696 	-0.213905 	
0.625	0.312679 	-0.173606 	0.537443 	0.155264 	-1.43696 	-0.213905 	
0.63	0.312729 	-0.173606 	0.537454 	0.155264 	-1.43696 	-0.213905 	
0.635	0.312779 	-0.173606 	0.537465 	0.155264 	-1.43696 	-0.213905 	
0.64	0.312767 	-0.173595 	0.537458 	0.153672 	-1.43585 	-0.211712 	
0.645	0.312818 	-0.173595 	0.537469 	0.153672 	-1.43585 	-0.211712 	
0.65	0.312869 	-0.173595 	0.537481 	0.153672 	-1.43585 	-0.211712 	
0.655	0.31292 	-0.173596 	0.537492 	0.153672 	-1.43585 	-0.211712 	
0.66	0.312908 	-0.173585 	0.537485 	0.152044 	-1.4347 	-0.209469 	
0.665	0.31296 	-0.173585 	0.537497 	0.152044 	-1.4347 	-0.209469 	
0.67	0.313012 	-0.173585 	0.537508 	0.152044 	-1.4347 	-0.209469 	
0.675	0.313065 	-0.173585 	0.53752 	0.152044 	-1.4347 	-0.209469 	
0.68	0.313053 	-0.173574 	0.537513 	0.150377 	-1.43353 	-0.207173 	
0.685	0.313106 	-0.173574 	0.537525 	0.150377 	-1.43353 	-0.207173 	
0.69	0.313159 	-0.173574 	0.537536 	0.150377 	-1.43353 	-0.207173 	
0.695	0.313213 	-0.173574 	0.537548 	0.150377 	-1.43353 	-0.207173 	
0.7	0.3132 	-0.173563 	0.537541 	0.148673 	-1.43234 	-0.204825 	
0.705	0.313254 	-0.173563 	0.537553 	0.148673 	-1.43234 	-0.204825 	
0.71	0.313309 	-0.173562 	0.537565 	0.148673 	-1.43234 	-0.204825 	
0.715	0.313364 	-0.173562 	0.537577 	0.148673 	-1.43234 	-0.204825 	
0.72	0.313351 	-0.173551 	0.53757 	0.146932 	-1.43112 	-0.202427 	
0.725	0.313406 	-0.173551 	0.537582 	0.146932 	-1.43112 	-0.202427 	
0.73	0.313462 	-0.173551 	0.537595 	0.146932 	-1.43112 	-0.202427 	
0.735	0.313518 	-0.173551 	0.537607 	0.146932 	-1.43112 	-0.202427 	
0.74	0.313504 	-0.17354 	0.5376 	0.145156 	-1.42987 	-0.199979 	
0.745	0.313561 	-0.17354 	0.537612 	0.145156 	-1.42987 	-0.199979 	
0.75	0.313618 	-0.173539 	0.537625 	0.145156 	-1.42987 	-0.199979 	
0.755	0.313675 	-0.173539 	0.537637 	0.145156 	-1.42987 	-0.199979 	
0.76	0.313661 	-0.173528 	0.53763 	0.143345 	-1.4286 	-0.197485 	
0.765	0.313719 	-0.173528 	0.537642 	0.143345 	-1.4286 	-0.197485 	
0.77	0.313777 	-0.173527 	0.537655 	0.143345 	-1.4286 	-0.197485 	
0.775	0.313835 	-0.173527 	0.537668 	0.143345 	-1.4286 	-0.197485 	
0.78	0.313821 	-0.173516 	0.53766 	0.141501 	-1.42731 	-0.194944 	
0.785	0.313879 	-0.173516 	0.537673 	0.141501 	-1.42731 	-0.194944 	
0.79	0.313938 	-0.173515 	0.537686 	0.141501 	-1.42731 	-0.194944 	
0.795	0.313997 	-0.173515 	0.537699 	0.141501 	-1.42731 	-0.194944 	
0.8	0.313983 	-0.173504 	0.537692 	0.139625 	-1.426 	-0.19236 	
0.805	0.314043 	-0.173503 	0.537705 	0.139625 	-1.426 	-0.19236 	
0.81	0.314102 	-0.173503 	0.537718 	0.139625 	-1.426 	-0.19236 	
0.815	0.314162 	-0.173502 	0.537731 	0.139625 	-1.426 	-0.19236 	
0.82	0.314148 	-0.173491 	0.537723 	0.137718 	-1.42466 	-0.189732 	
0.825	0.314208 	-0.173491 	0.537737 	0.137718 	-1.42466 	-0.189732 	
0.83	0.314269 	-0.17349 	0.53775 	0.137718 	-1.42466 	-0.189732 	
0.835	0.31433 	-0.17349 	0.537763 	0.137718 	-1.42466 	-0.189732 	
0.84	0.314315 	-0.173479 	0.537756 	0.135781 	-1.4233 	-0.187064 	
0.845	0.314377 	-0.173478 	0.537769 	0.135781 	-1.4233 	-0.187064 	
0.85	0.314438 	-0.173477 	0.537782 	0.135781 	-1.4233 	-0.187064 	
0.855	0.3145 	-0.173477 	0.537796 	0.135781 	-1.4233 	-0.187064 	
0.86	0.314485 	-0.173466 	0.537788 	0.133816 	-1.42192 	-0.184357 	
0.865	0.314548 	-0.173465 	0.537802 	0.133816 	-1.42192 	-0.184357 	
0.87	0.31461 	-0.173464 	0.537815 	0.133816 	-1.42192 	-0.184357 	
0.875	0.314673 	-0.173464 	0.537829 	0.133816 	-1.42192 	-0.184357 	
0.88	0.314657 	-0.173453 	0.537821 	0.131824 	-1.42053 	-0.181612 	
0.885	0.314721 	-0.173452 	0.537835 	0.131824 	-1.42053 	-0.181612 	
0.89	0.314784 	-0.173451 	0.537849 	0.131824 	-1.42053 	-0.181612 	
0.895	0.314786 	-0.173443 	0.537846 	0.130261 	-1.41943 	-0.179459 	
0.9	0.31485 	-0.173442 	0.53786 	0.130261 	-1.41943 	-0.179459 	
0.905	0.314914 	-0.173441 	0.537873 	0.130261 	-1.41943 	-0.179459 	
0.91	0.314978 	-0.17344 	0.537887 	0.130261 	-1.41943 	-0.179459 	
0.915	0.314964 	-0.17343 	0.53788 	0.12827 	-1.41803 	-0.176715 	
0.92	0.315029 	-0.173429 	0.537894 	0.12827 	-1.41803 	-0.176715 	
0.925	0.315093 	-0.173428 	0.537908 	0.12827 	-1.41803 	-0.176715 	
0.93	0.315096 	-0.17342 	0.537905 	0.126678 	-1.41692 	-0.174523 	
0.935	0.315161 	-0.173419 	0.537919 	0.126678 	-1.41692 	-0.174523 	
0.94	0.315226 	-0.173417 	0.537933 	0.126678 	-1.41692 	-0.174523 	
0.945	0.31523 	-0.17341 	0.537931 	0.125116 	-1.41582 	-0.172371 	
0.95	0.315295 	-0.173408 	0.537945 	0.125116 	-1.41582 	-0.172371 	
0.955	0.315361 	-0.173407 	0.537959 	0.125116 	-1.41582 	-0.172371 	
0.96	0.315365 	-0.173399 	0.537957 	0.123547 	-1.41472 	-0.170209 	
0.965	0.315432 	-0.173398 	0.537971 	0.123547 	-1.41472 	-0.170209 	
0.97	0.315498 	-0.173397 	0.537986 	0.123547 	-1.41472 	-0.170209 	
0.975	0.315502 	-0.173389 	0.537983 	0.121966 	-1.41361 	-0.168031 	
0.98	0.315569 	-0.173388 	0.537998 	0.121966 	-1.41361 	-0.168031 	
0.985	0.315635 	-0.173386 	0.538012 	0.121966 	-1.41361 	-0.168031 	
0.99	0.315639 	-0.173379 	0.53801 	0.120373 	-1.4125 	-0.165837 	
0.995	0.315706 	-0.173377 	0.538024 	0.120373 	-1.4125 	-0.165837 	
1	0.315774 	-0.173376 	0.538039 	0.120373 	-1.4125 	-0.165837 	
1.005	0.315778 	-0.173368 	0.538036 	0.118771 	-1.41137 	-0.163629 	
1.01	0.315845 	-0.173367 	0.538051 	0.118771 	-1.41137 	-0.163629 	
1.015	0.315913 	-0.173365 	0.538065 	0.118771 	-1.41137 	-0.163629 	
1.02	0.315917 	-0.173358 	0.538063 	0.117158 	-1.41024 	-0.161407 	
1.025	0.315985 	-0.173356 	0.538078 	0.117158 	-1.41024 	-0.161407 	
1.03	0.316053 	-0.173354 	0.538092 	0.117158 	-1.41024 	-0.161407 	
1.035	0.316057 	-0.173347 	0.53809 	0.115535 	-1.40911 	-0.159172 	
1.04	0.316125 	-0.173346 	0.538105 	0.115535 	-1.40911 	-0.159172 	
1.045	0.316194 	-0.173344 	0.538119 	0.115535 	-1.40911 	-0.159172 	
1.05	0.316198 	-0.173337 	0.538117 	0.113904 	-1.40796 	-0.156924 	
1.055	0.316267 	-0.173335 	0.538132 	0.113904 	-1.40796 	-0.156924 	
1.06	0.316335 	-0.173333 	0.538146 	0.113904 	-1.40796 	-0.156924 	
1.065	0.316339 	-0.173326 	0.538144 	0.112264 	-1.40681 	-0.154665 	
1.07	0.316409 	-0.173324 	0.538159 	0.112264 	-1.40681 	-0.154665 	
1.075	0.316478 	-0.173322 	0.538174 	0.112264 	-1.40681 	-0.154665 	
1.08	0.316482 	-0.173316 	0.538172 	0.110617 	-1.40566 	-0.152396 	
1.085	0.316551 	-0.173313 	0.538186 	0.110617 	-1.40566 	-0.152396 	
1.09	0.31662 	-0.173311 	0.538201 	0.110617 	-1.40566 	-0.152396 	
1.095	0.316624 	-0.173305 	0.538199 	0.108963 	-1.4045 	-0.150116 	
1.1	0.316694 	-0.173302 	0.538214 	0.108963 	-1.4045 	-0.150116 	
1.105	0.316764 	-0.1733 	0.538229 	0.108963 	-1.4045 	-0.150116 	
1.11	0.316768 	-0.173294 	0.538227 	0.107301 	-1.40333 	-0.147828 	
1.115	0.316838 	-0.173292 	0.538241 	0.107301 	-1.40333 	-0.147828 	
1.12	0.316908 	-0.173289 	0.538256 	0.107301 	-1.40333 	-0.147828 	
1.125	0.316912 	-0.173283 	0.538254 	0.105634 	-1.40216 	-0.145531 	
1.13	0.316982 	-0.173281 	0.538269 	0.105634 	-1.40216 	-0.145531 	
1.135	0.317052 	-0.173278 	0.538284 	0.105634 	-1.40216 	-0.145531 	
1.14	0.317056 	-0.173272 	0.538282 	0.103962 	-1.40099 	-0.143227 	
1.145	0.317126 	-0.17327 	0.538297 	0.103962 	-1.40099 	-0.143227 	
1.15	0.317197 	-0.173267 	0.538312 	0.103962 	-1.40099 	-0.143227 	
1.155	0.317201 	-0.173261 	0.53831 	0.102284 	-1.39981 	-0.140916 	
1.16	0.317271 	-0.173259 	0.538325 	0.102284 	-1.39981 	-0.140916 	
1.165	0.317342 	-0.173256 	0.538339 	0.102284 	-1.39981 	-0.140916 	
1.17	0.317346 	-0.17325 	0.538338 	0.100603 	-1.39864 	-0.138599 	
1.175	0.317417 	-0.173248 	0.538352 	0.100603 	-1.39864 	-0.138599 	
1.18	0.317487 	-0.173245 	0.538367 	0.100603 	-1.39864 	-0.138599 	
1.185	0.317491 	-0.17324 	0.538366 	0.0989176 	-1.39745 	-0.136278 	
1.19	0.317562 	-0.173237 	0.53838 	0.0989176 	-1.39745 	-0.136278 	
1.195	0.317633 	-0.173234 	0.538395 	0.0989176 	-1.39745 	-0.136278 	
1.2	0.317637 	-0.173229 	0.538393 	0.0972293 	-1.39627 	-0.133952 	
1.205	0.317708 	-0.173225 	0.538408 	0.0972293 	-1.39627 	-0.133952 	
1.21	0.317779 	-0.173222 	0.538423 	0.0972293 	-1.39627 	-0.133952 	
1.215	0.317783 	-0.173218 	0.538422 	0.0955386 	-1.39508 	-0.131622 	
1.22	0.317854 	-0.173214 	0.538436 	0.0955386 	-1.39508 	-0.131622 	
1.225	0.317925 	-0.173211 	0.538451 	0.0955386 	-1.39508 	-0.131622 	
1.23	0.317929 	-0.173207 	0.53845 	0.093846 	-1.3939 	-0.12929 	
1.235	0.318 	-0.173203 	0.538464 	0.093846 	-1.3939 	-0.12929 	
1.24	0.318071 	-0.1732 	0.538479 	0.093846 	-1.3939 	-0.12929 	
1.245	0.318075 	-0.173196 	0.538478 	0.0921521 	-1.39271 	-0.126957 	
1.25	0.318146 	-0.173192 	0.538492 	0.0921521 	-1.39271 	-0.126957 	
1.255	0.318217 	-0.173189 	0.538507 	0.0921521 	-1.39271 	-0.126957 	
1.26	0.318221 	-0.173185 	0.538506 	0.0904576 	-1.39152 	-0.124622 	
1.265	0.318292 	-0.173181 	0.538521 	0.0904576 	-1.39152 	-0.124622 	
1.27	0.318364 	-0.173178 	0.538535 	0.0904576 	-1.39152 	-0.124622 	
1.275	0.318367 	-0.173174 	0.538534 	0.088763 	-1.39033 	-0.122288 	
1.28	0.318438 	-0.17317 	0.538549 	0.088763 	-1.39033 	-0.122288 	
1.285	0.31851 	-0.173166 	0.538563 	0.088763 	-1.39033 	-0.122288 	
1.29	0.318513 	-0.173163 	0.538562 	0.0870689 	-1.38915 	-0.119954 	
1.295	0.318585 	-0.173159 	0.538577 	0.0870689 	-1.38915 	-0.119954 	
1.3	0.318656 	-0.173155 	0.538591 	0.0870689 	-1.38915 	-0.119954 	
1.305	0.318659 	-0.173152 	0.53859 	0.085376 	-1.38796 	-0.117621 	
1.31	0.31873 	-0.173148 	0.538605 	0.085376 	-1.38796 	-0.117621 	
1.315	0.318802 	-0.173144 	0.538619 	0.085376 	-1.38796 	-0.117621 	
1.32	0.318805 	-0.173141 	0.538618 	0.0836848 	-1.38677 	-0.115291 	
1.325	0.318876 	-0.173137 	0.538633 	0.0836848 	-1.38677 	-0.115291 	
1.33	0.318947 	-0.173133 	0.538647 	0.0836848 	-1.38677 	-0.115291 	
1.335	0.318951 	-0.17313 	0.538646 	0.0819959 	-1.38559 	-0.112965 	
1.34	0.319022 	-0.173126 	0.538661 	0.0819959 	-1.38559 	-0.112965 	
1.345	0.319093 	-0.173122 	0.538675 	0.0819959 	-1.38559 	-0.112965 	
1.35	0.319096 	-0.173119 	0.538674 	0.0803099 	-1.38441 	-0.110642 	
1.355	0.319167 	-0.173115 	0.538688 	0.0803099 	-1.38441 	-0.110642 	
1.36	0.319238 	-0.17311 	0.538703 	0.0803099 	-1.38441 	-0.110642 	
1.365	0.319241 	-0.173108 	0.538702 	0.0786274 	-1.38323 	-0.108324 	
1.37	0.319312 	-0.173104 	0.538716 	0.0786274 	-1.38323 	-0.108324 	
1.375	0.319382 	-0.173099 	0.538731 	0.0786274 	-1.38323 	-0.108324 	
1.38	0.319386 	-0.173097 	0.538729 	0.076949 	-1.38205 	-0.106012 	
1.385	0.319456 	-0.173093 	0.538744 	0.076949 	-1.38205 	-0.106012 	
1.39	0.319527 	-0.173088 	0.538758 	0.076949 	-1.38205 	-0.106012 	
1.395	0.31953 	-0.173086 	0.538757 	0.0752753 	-1.38088 	-0.103706 	
1.4	0.319601 	-0.173082 	0.538772 	0.0752753 	-1.38088 	-0.103706 	
1.405	0.319671 	-0.173077 	0.538786 	0.0752753 	-1.38088 	-0.103706 	
1.41	0.319674 	-0.173075 	0.538785 	0.0736069 	-1.37971 	-0.101407 	
1.415	0.319744 	-0.173071 	0.538799 	0.0736069 	-1.37971 	-0.101407 	
1.42	0.319814 	-0.173066 	0.538813 	0.0736069 	-1.37971 	-0.101407 	
1.425	0.319817 	-0.173064 	0.538812 	0.0719444 	-1.37854 	-0.0991169 	
1.43	0.319887 	-0.17306 	0.538827 	0.0719444 	-1.37854 	-0.0991169 	
1.435	0.319957 	-0.173055 	0.538841 	0.0719444 	-1.37854 	-0.0991169 	
1.44	0.31996 	-0.173054 	0.53884 	0.0702883 	-1.37738 	-0.0968353 	
1.445	0.32003 	-0.173049 	0.538854 	0.0702883 	-1.37738 	-0.0968353 	
1.45	0.320099 	-0.173044 	0.538868 	0.0702883 	-1.37738 	-0.0968353 	
1.455	0.320102 	-0.173043 	0.538867 	0.0686393 	-1.37622 	-0.0945635 	
1.46	0.320171 	-0.173038 	0.538881 	0.0686393 	-1.37622 	-0.0945635 	
1.465	0.32024 	-0.173034 	0.538895 	0.0686393 	-1.37622 	-0.0945635 	
1.47	0.320244 	-0.173032 	0.538894 	0.0669979 	-1.37507 	-0.0923021 	
1.475	0.320313 	-0.173028 	0.538908 	0.0669979 	-1.37507 	-0.0923021 	
1.48	0.320381 	-0.173023 	0.538922 	0.0669979 	-1.37507 	-0.0923021 	
1.485	0.320385 	-0.173022 	0.538921 	0.0653647 	-1.37393 	-0.0900521 	
1.49	0.320453 	-0.173017 	0.538935 	0.0653647 	-1.37393 	-0.0900521 	
1.495	0.320521 	-0.173012 	0.538949 	0.0653647 	-1.37393 	-0.0900521 	
1.5	0.320525 	-0.173011 	0.538948 	0.0637403 	-1.37279 	-0.0878141 	
1.505	0.320593 	-0.173006 	0.538962 	0.0637403 	-1.37279 	-0.0878141 	
1.51	0.32066 	-0.173001 	0.538976 	0.0637403 	-1.37279 	-0.0878141 	
1.515	0.320664 	-0.173001 	0.538975 	0.0621252 	-1.37166 	-0.0855891 	
1.52	0.320731 	-0.172996 	0.538989 	0.0621252 	-1.37166 	-0.0855891 	
1.525	0.320799 	-0.172991 	0.539002 	0.0621252 	-1.37166 	-0.0855891 	
1.53	0.320802 	-0.17299 	0.539001 	0.06052 	-1.37053 	-0.0833776 	
1.535	0.320869 	-0.172985 	0.539015 	0.06052 	-1.37053 	-0.0833776 	
1.54	0.320936 	-0.17298 	0.539029 	0.06052 	-1.37053 	-0.0833776 	
1.545	0.320939 	-0.17298 	0.539028 	0.0589253 	-1.36941 	-0.0811807 	
1.55	0.321006 	-0.172975 	0.539041 	0.0589253 	-1.36941 	-0.0811807 	
1.555	0.321073 	-0.17297 	0.539055 	0.0589253 	-1.36941 	-0.0811807 	
1.56	0.321076 	-0.17297 	0.539054 	0.0573417 	-1.3683 	-0.0789989 	
1.565	0.321142 	-0.172965 	0.539067 	0.0573417 	-1.3683 	-0.0789989 	
1.57	0.321208 	-0.172959 	0.539081 	0.0573417 	-1.3683 	-0.0789989 	
1.575	0.321211 	-0.172959 	0.53908 	0.0557697 	-1.3672 	-0.0768332 	
1.58	0.321277 	-0.172954 	0.539093 	0.0557697 	-1.3672 	-0.0768332 	
1.585	0.321343 	-0.172949 	0.539106 	0.0557697 	-1.3672 	-0.0768332 	
1.59	0.321346 	-0.172949 	0.539106 	0.0542098 	-1.36611 	-0.0746841 	
1.595	0.321411 	-0.172944 	0.539119 	0.0542098 	-1.36611 	-0.0746841 	
1.6	0.321476 	-0.172939 	0.539132 	0.0542098 	-1.36611 	-0.0746841 	
1.605	0.321479 	-0.172939 	0.539131 	0.0526626 	-1.36502 	-0.0725526 	
1.61	0.321544 	-0.172934 	0.539144 	0.0526626 	-1.36502 	-0.0725526 	
1.615	0.321608 	-0.172929 	0.539157 	0.0526626 	-1.36502 	-0.0725526 	
1.62	0.321611 	-0.172929 	0.539157 	0.0511287 	-1.36395 	-0.0704394 	
1.625	0.321675 	-0.172924 	0.53917 	0.0511287 	-1.36395 	-0.0704394 	
1.63	0.321739 	-0.172919 	0.539182 	0.0511287 	-1.36395 	-0.0704394 	
1.635	0.321803 	-0.172914 	0.539195 	0.0511287 	-1.36395 	-0.0704394 	
1.64	0.321787 	-0.172916 	0.539191 	0.0491572 	-1.36256 	-0.067723 	
1.645	0.321851 	-0.172911 	0.539203 	0.0491572 	-1.36256 	-0.067723 	
1.65	0.321914 	-0.172905 	0.539216 	0.0491572 	-1.36256 	-0.067723 	
1.655	0.321915 	-0.172906 	0.539215 	0.0476095 	-1.36148 	-0.065591 	
1.66	0.321977 	-0.172901 	0.539228 	0.0476095 	-1.36148 	-0.065591 	
1.665	0.32204 	-0.172896 	0.53924 	0.0476095 	-1.36148 	-0.065591 	
1.67	0.322102 	-0.17289 	0.539252 	0.0476095 	-1.36148 	-0.065591 	
1.675	0.322087 	-0.172893 	0.539248 	0.0456779 	-1.36012 	-0.0629297 	
1.68	0.322149 	-0.172888 	0.539261 	0.0456779 	-1.36012 	-0.0629297 	
1.685	0.32221 	-0.172883 	0.539273 	0.0456779 	-1.36012 	-0.0629297 	
1.69	0.322271 	-0.172877 	0.539285 	0.0456779 	-1.36012 	-0.0629297 	
1.695	0.322255 	-0.172881 	0.539281 	0.0437322 	-1.35876 	-0.0602491 	
1.7	0.322316 	-0.172875 	0.539293 	0.0437322 	-1.35876 	-0.0602491 	
1.705	0.322376 	-0.17287 	0.539305 	0.0437322 	-1.35876 	-0.0602491 	
1.71	0.322437 	-0.172865 	0.539317 	0.0437322 	-1.35876 	-0.0602491 	
1.715	0.32242 	-0.172868 	0.539312 	0.0418113 	-1.35741 	-0.0576028 	
1.72	0.32248 	-0.172863 	0.539324 	0.0418113 	-1.35741 	-0.0576028 	
1.725	0.32254 	-0.172858 	0.539336 	0.0418113 	-1.35741 	-0.0576028 	
1.73	0.322599 	-0.172852 	0.539348 	0.0418113 	-1.35741 	-0.0576028 	
1.735	0.322583 	-0.172856 	0.539344 	0.0399204 	-1.35609 	-0.0549976 	
1.74	0.322642 	-0.172851 	0.539355 	0.0399204 	-1.35609 	-0.0549976 	
1.745	0.3227 	-0.172845 	0.539367 	0.0399204 	-1.35609 	-0.0549976 	
1.75	0.322759 	-0.17284 	0.539378 	0.0399204 	-1.35609 	-0.0549976 	
1.755	0.322743 	-0.172844 	0.539374 	0.0380609 	-1.35478 	-0.0524359 	
1.76	0.322801 	-0.172839 	0.539386 	0.0380609 	-1.35478 	-0.0524359 	
1.765	0.322858 	-0.172833 	0.539397 	0.0380609 	-1.35478 	-0.0524359 	
1.77	0.322916 	-0.172828 	0.539408 	0.0380609 	-1.35478 	-0.0524359 	
1.775	0.3229 	-0.172832 	0.539404 	0.0362342 	-1.3535 	-0.0499192 	
1.78	0.322957 	-0.172827 	0.539416 	0.0362342 	-1.3535 	-0.0499192 	
1.785	0.323013 	-0.172821 	0.539427 	0.0362342 	-1.3535 	-0.0499192 	
1.79	0.323069 	-0.172816 	0.539438 	0.0362342 	-1.3535 	-0.0499192 	
1.795	0.323054 	-0.172821 	0.539434 	0.0344413 	-1.35225 	-0.0474491 	
1.8	0.32311 	-0.172815 	0.539445 	0.0344413 	-1.35225 	-0.0474491 	
1.805	0.323165 	-0.17281 	0.539456 	0.0344413 	-1.35225 	-0.0474491 	
1.81	0.32322 	-0.172805 	0.539467 	0.0344413 	-1.35225 	-0.0474491 	
1.815	0.323205 	-0.172809 	0.539463 	0.0326833 	-1.35101 	-0.0450273 	
1.82	0.32326 	-0.172804 	0.539474 	0.0326833 	-1.35101 	-0.0450273 	
1.825	0.323314 	-0.172799 	0.539484 	0.0326833 	-1.35101 	-0.0450273 	
1.83	0.323368 	-0.172793 	0.539495 	0.0326833 	-1.35101 	-0.0450273 	
1.835	0.323353 	-0.172798 	0.539492 	0.0309615 	-1.34981 	-0.0426551 	
1.84	0.323407 	-0.172793 	0.539502 	0.0309615 	-1.34981 	-0.0426551 	
1.845	0.32346 	-0.172788 	0.539512 	0.0309615 	-1.34981 	-0.0426551 	
1.85	0.323513 	-0.172782 	0.539523 	0.0309615 	-1.34981 	-0.0426551 	
1.855	0.323498 	-0.172787 	0.539519 	0.0292768 	-1.34863 	-0.0403342 	
1.86	0.32355 	-0.172782 	0.53953 	0.0292768 	-1.34863 	-0.0403342 	
1.865	0.323602 	-0.172777 	0.53954 	0.0292768 	-1.34863 	-0.0403342 	
1.87	0.323654 	-0.172771 	0.53955 	0.0292768 	-1.34863 	-0.0403342 	
1.875	0.32364 	-0.172777 	0.539547 	0.0276304 	-1.34747 	-0.0380659 	
1.88	0.32369 	-0.172771 	0.539556 	0.0276304 	-1.34747 	-0.0380659 	
1.885	0.323741 	-0.172766 	0.539566 	0.0276304 	-1.34747 	-0.0380659 	
1.89	0.323791 	-0.172761 	0.539576 	0.0276304 	-1.34747 	-0.0380659 	
1.895	0.323778 	-0.172766 	0.539573 	0.0260231 	-1.34634 	-0.0358517 	
1.9	0.323827 	-0.172761 	0.539583 	0.0260231 	-1.34634 	-0.0358517 	
1.905	0.323877 	-0.172756 	0.539592 	0.0260231 	-1.34634 	-0.0358517 	
1.91	0.323926 	-0.172751 	0.539602 	0.0260231 	-1.34634 	-0.0358517 	
1.915	0.323912 	-0.172756 	0.539599 	0.0244562 	-1.34525 	-0.0336929 	
1.92	0.323961 	-0.172751 	0.539608 	0.0244562 	-1.34525 	-0.0336929 	
1.925	0.324009 	-0.172746 	0.539618 	0.0244562 	-1.34525 	-0.0336929 	
1.93	0.324056 	-0.172741 	0.539627 	0.0244562 	-1.34525 	-0.0336929 	
1.935	0.324043 	-0.172746 	0.539624 	0.0229305 	-1.34418 	-0.0315909 	
1.94	0.32409 	-0.172741 	0.539633 	0.0229305 	-1.34418 	-0.0315909 	
1.945	0.324137 	-0.172736 	0.539642 	0.0229305 	-1.34418 	-0.0315909 	
1.95	0.324183 	-0.172731 	0.539651 	0.0229305 	-1.34418 	-0.0315909 	
1.955	0.324229 	-0.172726 	0.53966 	0.0229305 	-1.34418 	-0.0315909 	
1.96	0.324203 	-0.172734 	0.539655 	0.0211212 	-1.34291 	-0.0290982 	
1.965	0.324249 	-0.172729 	0.539664 	0.0211212 	-1.34291 	-0.0290982 	
1.97	0.324294 	-0.172724 	0.539672 	0.0211212 	-1.34291 	-0.0290982 	
1.975	0.324338 	-0.172719 	0.539681 	0.0211212 	-1.34291 	-0.0290982 	
1.98	0.324383 	-0.172715 	0.53969 	0.0211212 	-1.34291 	-0.0290982 	
1.985	0.324356 	-0.172723 	0.539684 	0.0193437 	-1.34166 	-0.0266494 	
1.99	0.3244 	-0.172718 	0.539693 	0.0193437 	-1.34166 	-0.0266494 	
1.995	0.324443 	-0.172713 	0.539701 	0.0193437 	-1.34166 	-0.0266494 	
2	0.324486 	-0.172708 	0.539709 	0.0193437 	-1.34166 	-0.0266494 	
2.005	0.324528 	-0.172704 	0.539717 	0.0193437 	-1.34166 	-0.0266494 	
2.01	0.324503 	-0.172712 	0.539712 	0.0176321 	-1.34046 	-0.0242913 	
2.015	0.324545 	-0.172707 	0.53972 	0.0176321 	-1.34046 	-0.0242913 	
2.02	0.324586 	-0.172702 	0.539728 	0.0176321 	-1.34046 	-0.0242913 	
2.025	0.324627 	-0.172698 	0.539736 	0.0176321 	-1.34046 	-0.0242913 	
2.03	0.324668 	-0.172693 	0.539744 	0.0176321 	-1.34046 	-0.0242913 	
2.035	0.324643 	-0.172701 	0.539739 	0.0159911 	-1.33931 	-0.0220306 	
2.04	0.324683 	-0.172697 	0.539747 	0.0159911 	-1.33931 	-0.0220306 	
2.045	0.324723 	-0.172692 	0.539755 	0.0159911 	-1.33931 	-0.0220306 	
2.05	0.324762 	-0.172688 	0.539762 	0.0159911 	-1.33931 	-0.0220306 	
2.055	0.324801 	-0.172683 	0.53977 	0.0159911 	-1.33931 	-0.0220306 	
2.06	0.324778 	-0.172691 	0.539765 	0.0144229 	-1.33821 	-0.0198701 	
2.065	0.324816 	-0.172687 	0.539772 	0.0144229 	-1.33821 	-0.0198701 	
2.07	0.324854 	-0.172682 	0.53978 	0.0144229 	-1.33821 	-0.0198701 	
2.075	0.324891 	-0.172678 	0.539787 	0.0144229 	-1.33821 	-0.0198701 	
2.08	0.324928 	-0.172674 	0.539794 	0.0144229 	-1.33821 	-0.0198701 	
2.085	0.324965 	-0.17267 	0.539801 	0.0144229 	-1.33821 	-0.0198701 	
2.09	0.324932 	-0.172679 	0.539795 	0.0126703 	-1.33698 	-0.0174556 	
2.095	0.324967 	-0.172675 	0.539802 	0.0126703 	-1.33698 	-0.0174556 	
2.1	0.325003 	-0.172671 	0.539808 	0.0126703 	-1.33698 	-0.0174556 	
2.105	0.325038 	-0.172667 	0.539815 	0.0126703 	-1.33698 	-0.0174556 	
2.11	0.325073 	-0.172663 	0.539822 	0.0126703 	-1.33698 	-0.0174556 	
2.115	0.325107 	-0.172659 	0.539828 	0.0126703 	-1.33698 	-0.0174556 	
2.12	0.325075 	-0.172668 	0.539822 	0.0109974 	-1.33581 	-0.0151507 	
2.125	0.325108 	-0.172665 	0.539829 	0.0109974 	-1.33581 	-0.0151507 	
2.13	0.325141 	-0.172661 	0.539835 	0.0109974 	-1.33581 	-0.0151507 	
2.135	0.325174 	-0.172657 	0.539841 	0.0109974 	-1.33581 	-0.0151507 	
2.14	0.325206 	-0.172653 	0.539847 	0.0109974 	-1.33581 	-0.0151507 	
2.145	0.325238 	-0.172649 	0.539854 	0.0109974 	-1.33581 	-0.0151507 	
2.15	0.325208 	-0.172659 	0.539848 	0.00943307 	-1.33471 	-0.0129957 	
2.155	0.325239 	-0.172655 	0.539854 	0.00943307 	-1.33471 	-0.0129957 	
2.16	0.32527 	-0.172651 	0.53986 	0.00943307 	-1.33471 	-0.0129957 	
2.165	0.3253 	-0.172648 	0.539865 	0.00943307 	-1.33471 	-0.0129957 	
2.17	0.32533 	-0.172644 	0.539871 	0.00943307 	-1.33471 	-0.0129957 	
2.175	0.32536 	-0.172641 	0.539877 	0.00943307 	-1.33471 	-0.0129957 	
2.18	0.325389 	-0.172637 	0.539882 	0.00943307 	-1.33471 	-0.0129957 	
2.185	0.325352 	-0.172648 	0.539876 	0.00777744 	-1.33355 	-0.0107147 	
2.19	0.325381 	-0.172644 	0.539881 	0.00777744 	-1.33355 	-0.0107147 	
2.195	0.325408 	-0.172641 	0.539886 	0.00777744 	-1.33355 	-0.0107147 	
2.2	0.325436 	-0.172638 	0.539891 	0.00777744 	-1.33355 	-0.0107147 	
2.205	0.325463 	-0.172634 	0.539897 	0.00777744 	-1.33355 	-0.0107147 	
2.21	0.32549 	-0.172631 	0.539902 	0.00777744 	-1.33355 	-0.0107147 	
2.215	0.325516 	-0.172628 	0.539907 	0.00777744 	-1.33355 	-0.0107147 	
2.22	0.325482 	-0.172638 	0.5399 	0.00625485 	-1.33248 	-0.00861708 	
2.225	0.325507 	-0.172635 	0.539905 	0.00625485 	-1.33248 	-0.00861708 	
2.23	0.325532 	-0.172632 	0.53991 	0.00625485 	-1.33248 	-0.00861708 	
2.235	0.325557 	-0.172629 	0.539915 	0.00625485 	-1.33248 	-0.00861708 	
2.24	0.325581 	-0.172626 	0.539919 	0.00625485 	-1.33248 	-0.00861708 	
2.245	0.325605 	-0.172623 	0.539924 	0.00625485 	-1.33248 	-0.00861708 	
2.25	0.325628 	-0.17262 	0.539928 	0.00625485 	-1.33248 	-0.00861708 	
2.255	0.325651 	-0.172617 	0.539933 	0.00625485 	-1.33248 	-0.00861708 	
2.26	0.325613 	-0.172628 	0.539926 	0.00473026 	-1.33141 	-0.00651667 	
2.265	0.325635 	-0.172625 	0.53993 	0.00473026 	-1.33141 	-0.00651667 	
2.27	0.325657 	-0.172623 	0.539934 	0.00473026 	-1.33141 	-0.00651667 	
2.275	0.325678 	-0.17262 	0.539938 	0.00473026 	-1.33141 	-0.00651667 	
2.28	0.325699 	-0.172618 	0.539942 	0.00473026 	-1.33141 	-0.00651667 	
2.285	0.325719 	-0.172615 	0.539946 	0.00473026 	-1.33141 	-0.00651667 	
2.29	0.325739 	-0.172613 	0.53995 	0.00473026 	-1.33141 	-0.00651667 	
2.295	0.325759 	-0.17261 	0.539953 	0.00473026 	-1.33141 	-0.00651667 	
2.3	0.325778 	-0.172608 	0.539957 	0.00473026 	-1.33141 	-0.00651667 	
2.305	0.325797 	-0.172606 	0.53996 	0.00473026 	-1.33141 	-0.00651667 	
2.31	0.325752 	-0.172618 	0.539952 	0.00313476 	-1.3303 	-0.00431855 	
2.315	0.32577 	-0.172615 	0.539956 	0.00313476 	-1.3303 	-0.00431855 	
2.32	0.325787 	-0.172613 	0.539959 	0.00313476 	-1.3303 	-0.00431855 	
2.325	0.325804 	-0.172611 	0.539962 	0.00313476 	-1.3303 	-0.00431855 	
2.33	0.325821 	-0.172609 	0.539965 	0.00313476 	-1.3303 	-0.00431855 	
2.335	0.325837 	-0.172607 	0.539968 	0.00313476 	-1.3303 	-0.00431855 	
2.34	0.325852 	-0.172605 	0.539971 	0.00313476 	-1.3303 	-0.00431855 	
2.345	0.325867 	-0.172603 	0.539974 	0.00313476 	-1.3303 	-0.00431855 	
2.35	0.325882 	-0.172601 	0.539977 	0.00313476 	-1.3303 	-0.00431855 	
2.355	0.325897 	-0.1726 	0.53998 	0.00313476 	-1.3303 	-0.00431855 	
2.36	0.32591 	-0.172598 	0.539982 	0.00313476 	-1.3303 	-0.00431855 	
2.365	0.325924 	-0.172596 	0.539985 	0.00313476 	-1.3303 	-0.00431855 	
2.37	0.325937 	-0.172595 	0.539987 	0.00313476 	-1.3303 	-0.00431855 	
2.375	0.325888 	-0.172607 	0.539978 	0.0015596 	-1.32919 	-0.00214847 	
2.38	0.3259 	-0.172606 	0.539981 	0.0015596 	-1.32919 	-0.00214847 	
2.385	0.325911 	-0.172604 	0.539983 	0.0015596 	-1.32919 	-0.00214847 	
2.39	0.325923 	-0.172603 	0.539985 	0.0015596 	-1.32919 	-0.00214847 	
2.395	0.325934 	-0.172602 	0.539987 	0.0015596 	-1.32919 	-0.00214847 	
2.4	0.325944 	-0.1726 	0.539989 	0.0015596 	-1.32919 	-0.00214847 	
2.405	0.325954 	-0.172599 	0.539991 	0.0015596 	-1.32919 	-0.00214847 	
2.41	0.325963 	-0.172598 	0.539993 	0.0015596 	-1.32919 	-0.00214847 	
2.415	0.325972 	-0.172597 	0.539994 	0.0015596 	-1.32919 	-0.00214847 	
2.42	0.32598 	-0.172596 	0.539996 	0.0015596 	-1.32919 	-0.00214847 	
2.425	0.325988 	-0.172595 	0.539997 	0.0015596 	-1.32919 	-0.00214847 	
2.43	0.325996 	-0.172594 	0.539999 	0.0015596 	-1.32919 	-0.00214847 	
2.435	0.326004 	-0.172593 	0.54 	0.0015596 	-1.32919 	-0.00214847 	
2.44	0.326011 	-0.172592 	0.540002 	0.0015596 	-1.32919 	-0.00214847 	
2.445	0.326017 	-0.172591 	0.540003 	0.0015596 	-1.32919 	-0.00214847 	
2.45	0.326023 	-0.17259 	0.540004 	0.0015596 	-1.32919 	-0.00214847 	
2.455	0.326029 	-0.17259 	0.540005 	0.0015596 	-1.32919 	-0.00214847 	
2.46	0.326034 	-0.172589 	0.540006 	0.0015596 	-1.32919 	-0.00214847 	
2.465	0.326039 	-0.172588 	0.540007 	0.0015596 	-1.32919 	-0.00214847 	
2.47	0.326043 	-0.172588 	0.540008 	0.0015596 	-1.32919 	-0.00214847 	
2.475	0.326047 	-0.172587 	0.540008 	0.0015596 	-1.32919 	-0.00214847 	
2.48	0.32605 	-0.172587 	0.540009 	0.0015596 	-1.32919 	-0.00214847 	
2.485	0.326053 	-0.172587 	0.54001 	0.0015596 	-1.32919 	-0.00214847 	
2.49	0.326055 	-0.172586 	0.54001 	0.0015596 	-1.32919 	-0.00214847 	
2.495	0.326057 	-0.172586 	0.540011 	0.0015596 	-1.32919 	-0.00214847 	
2.5	0.326059 	-0.172586 	0.540011 	0.0015596 	-1.32919 	-0.00214847 	
2.505	0.32606 	-0.172586 	0.540011 	0.0015596 	-1.32919 	-0.00214847 	
2.51	0.32606 	-0.172586 	0.540011 	0.0015596 	-1.32919 	-0.00214847 	
2.515	0.326061 	-0.172586 	0.540011 	0.0015596 	-1.32919 	-0.00214847 	
2.52	0.326061 	-0.172586 	0.540011 	0.0015596 	-1.32919 	-0.00214847 	
2.525	0.326061 	-0.172586 	0.540011 	0.0015596 	-1.32919 	-0.00214847 	
2.53	0.326062 	-0.172584 	0.54001 	0.0015596 	-1.32919 	-0.00214847 	
2.535	0.326062 	-0.172583 	0.540009 	0.0015596 	-1.32919 	-0.00214847 	
2.54	0.326062 	-0.172582 	0.540008 	0.0015596 	-1.32919 	-0.00214847 	
2.545	0.326062 	-0.17258 	0.540006 	0.0015596 	-1.32919 	-0.00214847 	
2.55	0.326063 	-0.172578 	0.540004 	0.0015596 	-1.32919 	-0.00214847 	
2.555	0.326063 	-0.172576 	0.540002 	0.0015596 	-1.32919 	-0.00214847 	
2.56	0.326064 	-0.172573 	0.54 	0.0015596 	-1.32919 	-0.00214847 	
2.565	0.326065 	-0.17257 	0.539997 	0.0015596 	-1.32919 	-0.00214847 	
2.57	0.326065 	-0.172566 	0.539994 	0.0015596 	-1.32919 	-0.00214847 	
2.575	0.326066 	-0.172563 	0.53999 	0.0015596 	-1.32919 	-0.00214847 	
2.58	0.326067 	-0.172559 	0.539987 	0.00155961 	-1.32919 	-0.00214847 	
2.585	0.326068 	-0.172554 	0.539983 	0.00155961 	-1.32919 	-0.00214847 	
2.59	0.326069 	-0.17255 	0.539979 	0.00155961 	-1.32919 	-0.00214847 	
2.595	0.32607 	-0.172545 	0.539974 	0.00155961 	-1.32919 	-0.00214847 	
2.6	0.326071 	-0.172539 	0.539969 	0.00155961 	-1.32919 	-0.00214847 	
2.605	0.326072 	-0.172534 	0.539964 	0.00155961 	-1.32919 	-0.00214847 	
2.61	0.326074 	-0.172528 	0.539959 	0.00155961 	-1.32919 	-0.00214848 	
2.615	0.326075 	-0.172522 	0.539953 	0.00155961 	-1.32919 	-0.00214848 	
2.62	0.326077 	-0.172514 	0.539946 	0.00155961 	-1.32919 	-0.00214848 	
2.625	0.326078 	-0.172508 	0.539941 	0.00155961 	-1.32919 	-0.00214848 	
2.63	0.32608 	-0.1725 	0.539933 	0.00155961 	-1.32919 	-0.00214848 	
2.635	0.326081 	-0.172493 	0.539927 	0.00155961 	-1.32919 	-0.00214848 	
2.64	0.326083 	-0.172485 	0.539919 	0.00155961 	-1.32919 	-0.00214848 	
2.645	0.326085 	-0.172477 	0.539912 	0.00155962 	-1.32919 	-0.00214848 	
2.65	0.326087 	-0.172468 	0.539904 	0.00155962 	-1.32919 	-0.00214849 	
2.655	0.326089 	-0.172459 	0.539896 	0.00155962 	-1.32919 	-0.00214849 	
2.66	0.326091 	-0.17245 	0.539888 	0.00155962 	-1.32919 	-0.00214849 	
2.665	0.326093 	-0.172441 	0.539879 	0.00155962 	-1.32919 	-0.00214849 	
2.67	0.326095 	-0.172431 	0.53987 	0.00155962 	-1.32919 	-0.00214849 	
2.675	0.326097 	-0.172421 	0.539861 	0.00155963 	-1.32919 	-0.0021485 	
2.68	0.326099 	-0.17241 	0.539851 	0.00155963 	-1.32919 	-0.0021485 	
2.685	0.326102 	-0.1724 	0.539842 	0.00155963 	-1.32919 	-0.0021485 	
2.69	0.326104 	-0.172389 	0.539832 	0.00155963 	-1.32919 	-0.0021485 	
2.695	0.326106 	-0.172377 	0.539821 	0.00155963 	-1.32919 	-0.00214851 	
2.7	0.326109 	-0.172366 	0.539811 	0.00155964 	-1.32919 	-0.00214851 	
2.705	0.326112 	-0.172354 	0.5398 	0.00155964 	-1.32919 	-0.00214851 	
2.71	0.326114 	-0.172341 	0.539789 	0.00155964 	-1.32919 	-0.00214852 	
2.715	0.326117 	-0.172329 	0.539777 	0.00155965 	-1.32919 	-0.00214852 	
2.72	0.32612 	-0.172316 	0.539765 	0.00155965 	-1.32919 	-0.00214852 	
2.725	0.326123 	-0.172303 	0.539753 	0.00155965 	-1.32919 	-0.00214853 	
2.73	0.326126 	-0.172289 	0.539741 	0.00155966 	-1.32919 	-0.00214853 	
2.735	0.326129 	-0.172275 	0.539728 	0.00155966 	-1.32919 	-0.00214854 	
2.74	0.326132 	-0.172261 	0.539715 	0.00155966 	-1.32919 	-0.00214854 	
2.745	0.326135 	-0.172247 	0.539702 	0.00155967 	-1.32919 	-0.00214855 	
2.75	0.326138 	-0.172232 	0.539689 	0.00155967 	-1.32919 	-0.00214855 	
2.755	0.326141 	-0.172217 	0.539675 	0.00155967 	-1.32919 	-0.00214856 	
2.76	0.326144 	-0.172202 	0.539661 	0.00155968 	-1.32919 	-0.00214856 	
2.765	0.326148 	-0.172186 	0.539647 	0.00155968 	-1.32919 	-0.00214857 	
2.77	0.326151 	-0.17217 	0.539632 	0.00155969 	-1.32919 	-0.00214857 	
2.775	0.326155 	-0.172154 	0.539618 	0.00155969 	-1.32919 	-0.00214858 	
2.78	0.326158 	-0.172137 	0.539603 	0.0015597 	-1.32919 	-0.00214858 	
2.785	0.326162 	-0.172121 	0.539587 	0.0015597 	-1.32919 	-0.00214859 	
2.79	0.326225 	-0.172116 	0.539582 	0.000155283 	-1.3303 	-0.00021376 	
2.795	0.326229 	-0.172099 	0.539566 	0.000155289 	-1.3303 	-0.000213767 	
2.8	0.326233 	-0.172081 	0.53955 	0.000155295 	-1.3303 	-0.000213774 	
2.805	0.326237 	-0.172063 	0.539533 	0.000155301 	-1.3303 	-0.000213781 	
2.81	0.326241 	-0.172045 	0.539516 	0.000155307 	-1.3303 	-0.000213789 	
2.815	0.326245 	-0.172026 	0.5395 	0.000155313 	-1.3303 	-0.000213796 	
2.82	0.326249 	-0.172008 	0.539482 	0.00015532 	-1.3303 	-0.000213804 	
2.825	0.326253 	-0.171988 	0.539465 	0.000155327 	-1.3303 	-0.000213812 	
2.83	0.326257 	-0.171969 	0.539447 	0.000155334 	-1.3303 	-0.000213821 	
2.835	0.326262 	-0.171949 	0.539429 	0.000155341 	-1.3303 	-0.00021383 	
2.84	0.326266 	-0.171929 	0.539411 	0.000155348 	-1.3303 	-0.000213839 	
2.845	0.32627 	-0.171909 	0.539392 	0.000155356 	-1.3303 	-0.000213848 	
2.85	0.326275 	-0.171888 	0.539374 	0.000155364 	-1.3303 	-0.000213857 	
2.855	0.326279 	-0.171868 	0.539355 	0.000155372 	-1.3303 	-0.000213867 	
2.86	0.326354 	-0.171848 	0.539348 	1.65457e-05 	-1.33158 	-2.24884e-05 	
2.865	0.326359 	-0.171826 	0.539328 	1.65543e-05 	-1.33158 	-2.24986e-05 	
2.87	0.326363 	-0.171805 	0.539308 	1.6563e-05 	-1.33158 	-2.25092e-05 	
2.875	0.326368 	-0.171783 	0.539288 	1.65719e-05 	-1.33158 	-2.25199e-05 	
2.88	0.326373 	-0.17176 	0.539268 	1.65811e-05 	-1.33158 	-2.2531e-05 	
2.885	0.326378 	-0.171738 	0.539248 	1.65905e-05 	-1.33158 	-2.25423e-05 	
2.89	0.326383 	-0.171715 	0.539227 	1.66002e-05 	-1.33158 	-2.25538e-05 	
2.895	0.326388 	-0.171692 	0.539206 	1.661e-05 	-1.33158 	-2.25657e-05 	
2.9	0.326393 	-0.171669 	0.539184 	1.66201e-05 	-1.33158 	-2.25778e-05 	
2.905	0.326398 	-0.171645 	0.539163 	1.66304e-05 	-1.33158 	-2.25902e-05 	
2.91	0.326403 	-0.171621 	0.539141 	1.66409e-05 	-1.33158 	-2.26029e-05 	
2.915	0.326408 	-0.171597 	0.539119 	1.66517e-05 	-1.33158 	-2.26159e-05 	
2.92	0.326486 	-0.171573 	0.53911 	2.96173e-06 	-1.33289 	-3.71501e-06 	
2.925	0.326491 	-0.171548 	0.539087 	2.97299e-06 	-1.33289 	-3.72854e-06 	
2.93	0.326496 	-0.171524 	0.539065 	2.98448e-06 	-1.33289 	-3.74236e-06 	
2.935	0.326502 	-0.171498 	0.539042 	2.99621e-06 	-1.33289 	-3.75645e-06 	
2.94	0.326507 	-0.171473 	0.539019 	3.00818e-06 	-1.33289 	-3.77083e-06 	
2.945	0.326513 	-0.171447 	0.538995 	3.02038e-06 	-1.33289 	-3.7855e-06 	
2.95	0.326519 	-0.171422 	0.538972 	3.03282e-06 	-1.33289 	-3.80045e-06 	
2.955	0.326524 	-0.171395 	0.538948 	3.0455e-06 	-1.33289 	-3.81569e-06 	
2.96	0.32653 	-0.171369 	0.538924 	3.05842e-06 	-1.33289 	-3.83122e-06 	
2.965	0.326536 	-0.171342 	0.538899 	3.07157e-06 	-1.33289 	-3.84704e-06 	
2.97	0.326542 	-0.171315 	0.538875 	3.08497e-06 	-1.33289 	-3.86315e-06 	
2.975	0.326622 	-0.171288 	0.538863 	1.76184e-06 	-1.33426 	-2.01432e-06 	
2.98	0.326628 	-0.171261 	0.538838 	1.77576e-06 	-1.33426 	-2.03103e-06 	
2.985	0.326634 	-0.171233 	0.538813 	1.7899e-06 	-1.33426 	-2.04802e-06 	
2.99	0.32664 	-0.171205 	0.538788 	1.80429e-06 	-1.33426 	-2.0653e-06 	
2.995	0.326646 	-0.171177 	0.538762 	1.81893e-06 	-1.33426 	-2.08287e-06 	
3	0.326653 	-0.171149 	0.538736 	1.8338e-06 	-1.33426 	-2.10074e-06 	
3.005	0.326659 	-0.171121 	0.53871 	1.84892e-06 	-1.33426 	-2.11889e-06 	
3.01	0.326665 	-0.171092 	0.538684 	1.86427e-06 	-1.33426 	-2.13734e-06 	
3.015	0.326671 	-0.171063 	0.538657 	1.87987e-06 	-1.33426 	-2.15608e-06 	
3.02	0.326678 	-0.171033 	0.538631 	1.89571e-06 	-1.33426 	-2.1751e-06 	
3.025	0.326759 	-0.171004 	0.538617 	1.70621e-06 	-1.33562 	-1.91124e-06 	
3.03	0.326766 	-0.170974 	0.53859 	1.72257e-06 	-1.33562 	-1.93087e-06 	
3.035	0.326772 	-0.170944 	0.538563 	1.73917e-06 	-1.33562 	-1.95079e-06 	
3.04	0.326779 	-0.170914 	0.538535 	1.75601e-06 	-1.33562 	-1.97099e-06 	
3.045	0.326785 	-0.170884 	0.538508 	1.77309e-06 	-1.33562 	-1.99149e-06 	
3.05	0.326792 	-0.170853 	0.53848 	1.7904e-06 	-1.33562 	-2.01227e-06 	
3.055	0.326798 	-0.170822 	0.538452 	1.80796e-06 	-1.33562 	-2.03335e-06 	
3.06	0.326805 	-0.170791 	0.538423 	1.82576e-06 	-1.33562 	-2.0547e-06 	
3.065	0.326812 	-0.17076 	0.538395 	1.84379e-06 	-1.33562 	-2.07635e-06 	
3.07	0.326892 	-0.170729 	0.538379 	1.6824e-06 	-1.33695 	-1.87476e-06 	
3.075	0.326898 	-0.170697 	0.53835 	1.70095e-06 	-1.33695 	-1.897e-06 	
3.08	0.326905 	-0.170665 	0.538321 	1.71973e-06 	-1.33695 	-1.91952e-06 	
3.085	0.326912 	-0.170633 	0.538292 	1.73874e-06 	-1.33695 	-1.94232e-06 	
3.09	0.326919 	-0.170601 	0.538262 	1.75799e-06 	-1.33695 	-1.9654e-06 	
3.095	0.326926 	-0.170569 	0.538233 	1.77747e-06 	-1.33695 	-1.98876e-06 	
3.1	0.326933 	-0.170536 	0.538203 	1.79718e-06 	-1.33695 	-2.0124e-06 	
3.105	0.326941 	-0.170503 	0.538173 	1.81712e-06 	-1.33695 	-2.03632e-06 	
3.11	0.326948 	-0.17047 	0.538143 	1.83729e-06 	-1.33695 	-2.06051e-06 	
3.115	0.327032 	-0.170437 	0.538126 	1.84196e-06 	-1.33835 	-2.04885e-06 	
3.12	0.327039 	-0.170403 	0.538096 	1.86263e-06 	-1.33835 	-2.07362e-06 	
3.125	0.327046 	-0.17037 	0.538065 	1.88352e-06 	-1.33835 	-2.09865e-06 	
3.13	0.327053 	-0.170336 	0.538034 	1.90464e-06 	-1.33835 	-2.12395e-06 	
3.135	0.327061 	-0.170302 	0.538003 	1.92597e-06 	-1.33835 	-2.14952e-06 	
3.14	0.327068 	-0.170268 	0.537972 	1.94753e-06 	-1.33835 	-2.17535e-06 	
3.145	0.327076 	-0.170234 	0.537941 	1.96931e-06 	-1.33835 	-2.20145e-06 	
3.15	0.327083 	-0.170199 	0.537909 	1.9913e-06 	-1.33835 	-2.22781e-06 	
3.155	0.327163 	-0.170164 	0.537891 	1.75878e-06 	-1.33966 	-1.94983e-06 	
3.16	0.327171 	-0.17013 	0.537859 	1.78126e-06 	-1.33966 	-1.97673e-06 	
3.165	0.327178 	-0.170095 	0.537827 	1.80394e-06 	-1.33966 	-2.00388e-06 	
3.17	0.327186 	-0.170059 	0.537795 	1.82683e-06 	-1.33966 	-2.03129e-06 	
3.175	0.327194 	-0.170024 	0.537762 	1.84992e-06 	-1.33966 	-2.05894e-06 	
3.18	0.327201 	-0.169988 	0.53773 	1.87322e-06 	-1.33966 	-2.08685e-06 	
3.185	0.327209 	-0.169953 	0.537697 	1.89673e-06 	-1.33966 	-2.11499e-06 	
3.19	0.327217 	-0.169917 	0.537664 	1.92044e-06 	-1.33966 	-2.14339e-06 	
3.195	0.327299 	-0.169881 	0.537645 	1.85182e-06 	-1.34102 	-2.04966e-06 	
3.2	0.327307 	-0.169845 	0.537612 	1.87599e-06 	-1.34102 	-2.07856e-06 	
3.205	0.327315 	-0.169809 	0.537579 	1.90034e-06 	-1.34102 	-2.10769e-06 	
3.21	0.327323 	-0.169772 	0.537546 	1.92488e-06 	-1.34102 	-2.13705e-06 	
3.215	0.327331 	-0.169735 	0.537512 	1.94961e-06 	-1.34102 	-2.16665e-06 	
3.22	0.327339 	-0.169699 	0.537479 	1.97454e-06 	-1.34102 	-2.19646e-06 	
3.225	0.327347 	-0.169662 	0.537445 	1.99964e-06 	-1.34102 	-2.22651e-06 	
3.23	0.327355 	-0.169625 	0.537411 	2.02493e-06 	-1.34102 	-2.25677e-06 	
3.235	0.32744 	-0.169588 	0.537392 	1.97373e-06 	-1.34243 	-2.18174e-06 	
3.24	0.327448 	-0.16955 	0.537357 	1.99944e-06 	-1.34243 	-2.21247e-06 	
3.245	0.327456 	-0.169513 	0.537323 	2.02532e-06 	-1.34243 	-2.24341e-06 	
3.25	0.327464 	-0.169475 	0.537289 	2.05138e-06 	-1.34243 	-2.27455e-06 	
3.255	0.327472 	-0.169438 	0.537254 	2.0776e-06 	-1.34243 	-2.3059e-06 	
3.26	0.327481 	-0.1694 	0.53722 	2.10399e-06 	-1.34243 	-2.33744e-06 	
3.265	0.327489 	-0.169362 	0.537185 	2.13054e-06 	-1.34243 	-2.36919e-06 	
3.27	0.327567 	-0.169324 	0.537163 	1.78962e-06 	-1.34371 	-1.97146e-06 	
3.275	0.327576 	-0.169286 	0.537128 	1.81656e-06 	-1.34371 	-2.00363e-06 	
3.28	0.327584 	-0.169247 	0.537093 	1.84364e-06 	-1.34371 	-2.03598e-06 	
3.285	0.327592 	-0.169209 	0.537058 	1.87088e-06 	-1.34371 	-2.06851e-06 	
3.29	0.327601 	-0.16917 	0.537023 	1.89827e-06 	-1.34371 	-2.10122e-06 	
3.295	0.327609 	-0.169132 	0.536987 	1.9258e-06 	-1.34371 	-2.13411e-06 	
3.3	0.327618 	-0.169093 	0.536952 	1.95347e-06 	-1.34371 	-2.16718e-06 	
3.305	0.327697 	-0.169054 	0.53693 	1.81262e-06 	-1.34501 	-1.99358e-06 	
3.31	0.327705 	-0.169015 	0.536894 	1.84064e-06 	-1.34501 	-2.02702e-06 	
3.315	0.327714 	-0.168976 	0.536858 	1.86879e-06 	-1.34501 	-2.06061e-06 	
3.32	0.327723 	-0.168937 	0.536823 	1.89706e-06 	-1.34501 	-2.09436e-06 	
3.325	0.327731 	-0.168898 	0.536787 	1.92547e-06 	-1.34501 	-2.12826e-06 	
3.33	0.32774 	-0.168858 	0.536751 	1.95399e-06 	-1.34501 	-2.16232e-06 	
3.335	0.327748 	-0.168819 	0.536714 	1.98264e-06 	-1.34501 	-2.19651e-06 	
3.34	0.327829 	-0.168779 	0.536692 	1.87128e-06 	-1.34632 	-2.05555e-06 	
3.345	0.327838 	-0.16874 	0.536656 	1.90023e-06 	-1.34632 	-2.09007e-06 	
3.35	0.327846 	-0.1687 	0.536619 	1.92929e-06 	-1.34632 	-2.12472e-06 	
3.355	0.327855 	-0.16866 	0.536583 	1.95845e-06 	-1.34632 	-2.1595e-06 	
3.36	0.327864 	-0.16862 	0.536546 	1.98771e-06 	-1.34632 	-2.1944e-06 	
3.365	0.327872 	-0.16858 	0.53651 	2.01707e-06 	-1.34632 	-2.22942e-06 	
3.37	0.327881 	-0.16854 	0.536473 	2.04653e-06 	-1.34632 	-2.26456e-06 	
3.375	0.327963 	-0.1685 	0.536451 	1.92644e-06 	-1.34766 	-2.11359e-06 	
3.38	0.327972 	-0.16846 	0.536414 	1.95616e-06 	-1.34766 	-2.149e-06 	
3.385	0.32798 	-0.16842 	0.536377 	1.98595e-06 	-1.34766 	-2.1845e-06 	
3.39	0.327989 	-0.16838 	0.53634 	2.01583e-06 	-1.34766 	-2.22011e-06 	
3.395	0.327998 	-0.168339 	0.536303 	2.04579e-06 	-1.34766 	-2.25581e-06 	
3.4	0.328007 	-0.168299 	0.536266 	2.07582e-06 	-1.34766 	-2.2916e-06 	
3.405	0.328016 	-0.168258 	0.536229 	2.10593e-06 	-1.34766 	-2.32747e-06 	
3.41	0.328099 	-0.168218 	0.536206 	1.97145e-06 	-1.34902 	-2.16033e-06 	
3.415	0.328107 	-0.168177 	0.536169 	2.00176e-06 	-1.34902 	-2.19642e-06 	
3.42	0.328116 	-0.168137 	0.536132 	2.03212e-06 	-1.34902 	-2.23257e-06 	
3.425	0.328125 	-0.168096 	0.536095 	2.06255e-06 	-1.34902 	-2.26879e-06 	
3.43	0.328134 	-0.168055 	0.536057 	2.09302e-06 	-1.34902 	-2.30508e-06 	
3.435	0.328143 	-0.168015 	0.53602 	2.12354e-06 	-1.34902 	-2.34142e-06 	
3.44	0.328152 	-0.167974 	0.535982 	2.15411e-06 	-1.34902 	-2.37782e-06 	
3.445	0.328235 	-0.167933 	0.53596 	2.00496e-06 	-1.35039 	-2.19434e-06 	
3.45	0.328244 	-0.167892 	0.535922 	2.03569e-06 	-1.35039 	-2.23089e-06 	
3.455	0.328253 	-0.167851 	0.535885 	2.06644e-06 	-1.35039 	-2.26747e-06 	
3.46	0.328262 	-0.16781 	0.535847 	2.09722e-06 	-1.35039 	-2.30409e-06 	
3.465	0.328271 	-0.167769 	0.53581 	2.12803e-06 	-1.35039 	-2.34075e-06 	
3.47	0.32828 	-0.167729 	0.535772 	2.15886e-06 	-1.35039 	-2.37743e-06 	
3.475	0.328289 	-0.167688 	0.535734 	2.18971e-06 	-1.35039 	-2.41413e-06 	
3.48	0.328373 	-0.167647 	0.535712 	2.02649e-06 	-1.35176 	-2.21513e-06 	
3.485	0.328382 	-0.167606 	0.535674 	2.05745e-06 	-1.35176 	-2.25193e-06 	
3.49	0.328391 	-0.167565 	0.535636 	2.0884e-06 	-1.35176 	-2.28872e-06 	
3.495	0.3284 	-0.167524 	0.535599 	2.11936e-06 	-1.35176 	-2.32552e-06 	
3.5	0.328409 	-0.167482 	0.535561 	2.15032e-06 	-1.35176 	-2.36232e-06 	
3.505	0.328418 	-0.167441 	0.535523 	2.18128e-06 	-1.35176 	-2.39912e-06 	
3.51	0.328427 	-0.1674 	0.535486 	2.21222e-06 	-1.35176 	-2.43591e-06 	
3.515	0.328511 	-0.167359 	0.535463 	2.03579e-06 	-1.35314 	-2.2225e-06 	
3.52	0.32852 	-0.167318 	0.535425 	2.06679e-06 	-1.35314 	-2.25932e-06 	
3.525	0.328529 	-0.167277 	0.535388 	2.09776e-06 	-1.35314 	-2.2961e-06 	
3.53	0.328538 	-0.167236 	0.53535 	2.12871e-06 	-1.35314 	-2.33285e-06 	
3.535	0.328547 	-0.167195 	0.535312 	2.15963e-06 	-1.35314 	-2.36958e-06 	
3.54	0.328556 	-0.167154 	0.535275 	2.19052e-06 	-1.35314 	-2.40626e-06 	
3.545	0.328565 	-0.167113 	0.535237 	2.22138e-06 	-1.35314 	-2.44291e-06 	
3.55	0.328649 	-0.167072 	0.535215 	2.03276e-06 	-1.35452 	-2.2164e-06 	
3.555	0.328658 	-0.167031 	0.535177 	2.06362e-06 	-1.35452 	-2.25301e-06 	
3.56	0.328667 	-0.16699 	0.53514 	2.09442e-06 	-1.35452 	-2.28956e-06 	
3.565	0.328676 	-0.166949 	0.535102 	2.12517e-06 	-1.35452 	-2.32605e-06 	
3.57	0.328685 	-0.166909 	0.535064 	2.15587e-06 	-1.35452 	-2.36247e-06 	
3.575	0.328694 	-0.166868 	0.535027 	2.18651e-06 	-1.35452 	-2.39883e-06 	
3.58	0.328703 	-0.166827 	0.534989 	2.21708e-06 	-1.35452 	-2.43512e-06 	
3.585	0.328787 	-0.166786 	0.534967 	2.01746e-06 	-1.3559 	-2.19695e-06 	
3.59	0.328796 	-0.166745 	0.53493 	2.04799e-06 	-1.3559 	-2.23314e-06 	
3.595	0.328805 	-0.166705 	0.534892 	2.07844e-06 	-1.3559 	-2.26923e-06 	
3.6	0.328814 	-0.166664 	0.534855 	2.10881e-06 	-1.3559 	-2.30523e-06 	
3.605	0.328822 	-0.166623 	0.534818 	2.13909e-06 	-1.3559 	-2.34114e-06 	
3.61	0.328831 	-0.166583 	0.53478 	2.1693e-06 	-1.3559 	-2.37695e-06 	
3.615	0.32884 	-0.166542 	0.534743 	2.19942e-06 	-1.3559 	-2.41266e-06 	
3.62	0.317728 	-0.168523 	0.589333 	-1.46295e-05 	-1.35744 	-4.21503e-05 	
3.625	0.317715 	-0.168545 	0.589342 	-2.29321e-05 	-1.35763 	-9.53391e-05 	
3.63	0.317701 	-0.168565 	0.589346 	-3.74045e-05 	-1.35781 	-0.00013713 	
3.635	0.317688 	-0.168585 	0.589351 	-5.03193e-05 	-1.35799 	-0.000179136 	
3.64	0.317674 	-0.168604 	0.589352 	-6.89045e-05 	-1.35815 	-0.000210849 	
3.645	0.317661 	-0.168622 	0.589355 	-8.56622e-05 	-1.35833 	-0.00024351 	
3.65	0.317647 	-0.168639 	0.589354 	-0.00010759 	-1.35849 	-0.000266949 	
3.655	0.317634 	-0.168656 	0.589355 	-0.00012714 	-1.35865 	-0.000292495 	
3.66	0.31762 	-0.168671 	0.589353 	-0.000151489 	-1.35881 	-0.000309637 	
3.665	0.317607 	-0.168687 	0.589353 	-0.000173036 	-1.35897 	-0.000329797 	
3.67	0.317594 	-0.168702 	0.58935 	-0.000199129 	-1.35912 	-0.000342143 	
3.675	0.317581 	-0.168717 	0.589349 	-0.0002221 	-1.35928 	-0.00035822 	
3.68	0.317568 	-0.168731 	0.589345 	-0.000249448 	-1.35943 	-0.000366901 	
3.685	0.317555 	-0.168745 	0.589343 	-0.000273431 	-1.35959 	-0.000379875 	
3.69	0.317542 	-0.168759 	0.589339 	-0.000301683 	-1.35974 	-0.000385744 	
3.695	0.317529 	-0.168772 	0.589337 	-0.000326381 	-1.3599 	-0.000396355 	
3.7	0.317516 	-0.168785 	0.589332 	-0.000355287 	-1.36004 	-0.00040006 	
3.705	0.317504 	-0.168799 	0.58933 	-0.00038049 	-1.3602 	-0.000408867 	
3.71	0.317491 	-0.168811 	0.589325 	-0.000409869 	-1.36034 	-0.000410898 	
3.715	0.317478 	-0.168824 	0.589323 	-0.000435426 	-1.3605 	-0.000418326 	
3.72	0.317465 	-0.168837 	0.589318 	-0.00046515 	-1.36065 	-0.000419059 	
3.725	0.317453 	-0.168849 	0.589316 	-0.000490955 	-1.3608 	-0.000425431 	
3.73	0.317441 	-0.168861 	0.589311 	-0.000520932 	-1.36095 	-0.000425153 	
3.735	0.317428 	-0.168874 	0.589309 	-0.000546913 	-1.3611 	-0.000430713 	
3.74	0.317416 	-0.168886 	0.589303 	-0.000577078 	-1.36125 	-0.000429646 	
3.745	0.317404 	-0.168898 	0.589301 	-0.000603271 	-1.3614 	-0.000434446 	
3.75	0.317391 	-0.168909 	0.589296 	-0.000633858 	-1.36154 	-0.000432334 	
3.755	0.317379 	-0.168922 	0.589293 	-0.000660161 	-1.3617 	-0.000436615 	
3.76	0.317367 	-0.168933 	0.589288 	-0.000690999 	-1.36184 	-0.000433804 	
3.765	0.317355 	-0.168945 	0.589285 	-0.000717925 	-1.362 	-0.000436866 	
3.77	0.317342 	-0.168956 	0.589279 	-0.000749222 	-1.36214 	-0.000433116 	
3.775	0.31733 	-0.168968 	0.589276 	-0.000776607 	-1.36229 	-0.000435275 	
3.78	0.317317 	-0.168979 	0.58927 	-0.000808321 	-1.36243 	-0.000430709 	
3.785	0.317306 	-0.168991 	0.589267 	-0.000836029 	-1.36259 	-0.000432227 	
3.79	0.317293 	-0.169002 	0.589261 	-0.000868032 	-1.36273 	-0.000427089 	
3.795	0.317281 	-0.169014 	0.589258 	-0.00089596 	-1.36288 	-0.000428167 	
3.8	0.317268 	-0.169025 	0.589252 	-0.000928009 	-1.36302 	-0.000422864 	
3.805	0.317257 	-0.169037 	0.589249 	-0.000955511 	-1.36317 	-0.000424505 	
3.81	0.317244 	-0.169048 	0.589243 	-0.000987224 	-1.36332 	-0.000419637 	
3.815	0.317232 	-0.16906 	0.589241 	-0.00101435 	-1.36347 	-0.000421788 	
3.82	0.31722 	-0.169071 	0.589235 	-0.00104569 	-1.36362 	-0.000417437 	
3.825	0.317208 	-0.169082 	0.589233 	-0.00107256 	-1.36377 	-0.000419948 	
3.83	0.317196 	-0.169094 	0.589228 	-0.00110371 	-1.36391 	-0.000415861 	
3.835	0.317184 	-0.169105 	0.589225 	-0.00113051 	-1.36407 	-0.000418427 	
3.84	0.317172 	-0.169116 	0.58922 	-0.0011616 	-1.36421 	-0.000414381 	
3.845	0.317161 	-0.169128 	0.589218 	-0.00118839 	-1.36437 	-0.00041692 	
3.85	0.317148 	-0.169139 	0.589213 	-0.0012196 	-1.36451 	-0.000412685 	
3.855	0.317137 	-0.169151 	0.589211 	-0.00124685 	-1.36467 	-0.000414576 	
3.86	0.317124 	-0.169162 	0.589205 	-0.00127847 	-1.36481 	-0.000409755 	
3.865	0.317113 	-0.169174 	0.589203 	-0.00130608 	-1.36497 	-0.000411141 	
3.87	0.3171 	-0.169185 	0.589197 	-0.00133804 	-1.36511 	-0.000405869 	
3.875	0.317089 	-0.169196 	0.589194 	-0.00136592 	-1.36526 	-0.000406916 	
3.88	0.317076 	-0.169207 	0.589188 	-0.00139811 	-1.36541 	-0.000401345 	
3.885	0.317064 	-0.169219 	0.589186 	-0.00142618 	-1.36556 	-0.000402178 	
3.89	0.317052 	-0.16923 	0.58918 	-0.00145854 	-1.3657 	-0.000396418 	
3.895	0.31704 	-0.169241 	0.589177 	-0.00148673 	-1.36585 	-0.000397127 	
3.9	0.317027 	-0.169252 	0.589171 	-0.00151932 	-1.366 	-0.000391046 	
3.905	0.317016 	-0.169264 	0.589168 	-0.00154782 	-1.36615 	-0.000391147 	
3.91	0.317003 	-0.169275 	0.589162 	-0.0015801 	-1.36629 	-0.000385409 	
3.915	0.316991 	-0.169286 	0.58916 	-0.00160827 	-1.36644 	-0.000385933 	
3.92	0.316979 	-0.169297 	0.589154 	-0.0016403 	-1.36659 	-0.000380481 	
3.925	0.316967 	-0.169309 	0.589152 	-0.00166821 	-1.36674 	-0.000381329 	
3.93	0.316955 	-0.16932 	0.589146 	-0.00170009 	-1.36689 	-0.000376051 	
3.935	0.316943 	-0.169331 	0.589144 	-0.00172782 	-1.36704 	-0.000377133 	
3.94	0.31693 	-0.169342 	0.589136 	-0.00176373 	-1.36718 	-0.000365629 	
3.945	0.316916 	-0.169351 	0.589122 	-0.00180763 	-1.36729 	-0.000341849 	
3.95	0.3169 	-0.169359 	0.589102 	-0.00185894 	-1.36739 	-0.000306697 	
3.955	0.316884 	-0.169366 	0.589077 	-0.0019171 	-1.36747 	-0.000261015 	
3.96	0.316866 	-0.169371 	0.589048 	-0.0019816 	-1.36753 	-0.000205587 	
3.965	0.316848 	-0.169377 	0.589018 	-0.00204657 	-1.36759 	-0.000149479 	
3.97	0.316832 	-0.169385 	0.588996 	-0.00210124 	-1.36768 	-0.000109406 	
3.975	0.316816 	-0.169392 	0.588973 	-0.00215721 	-1.36777 	-6.74141e-05 	
3.98	0.316801 	-0.169401 	0.588957 	-0.00220386 	-1.36788 	-4.01034e-05 	
3.985	0.316786 	-0.169409 	0.588939 	-0.00225268 	-1.36798 	-9.51918e-06 	
3.99	0.316773 	-0.169419 	0.588927 	-0.00229349 	-1.3681 	8.44918e-06 	
3.995	0.316759 	-0.169429 	0.588913 	-0.00233707 	-1.36822 	3.06503e-05 	
4	0.316746 	-0.169439 	0.588905 	-0.00237363 	-1.36835 	4.17936e-05 	
4.005	0.316732 	-0.169449 	0.588894 	-0.00241341 	-1.36848 	5.78713e-05 	
4.01	0.31672 	-0.169461 	0.588888 	-0.0024469 	-1.36862 	6.40367e-05 	
4.015	0.316707 	-0.169471 	0.588879 	-0.00248392 	-1.36875 	7.5651e-05 	
4.02	0.316695 	-0.169483 	0.588875 	-0.00251518 	-1.3689 	7.81934e-05 	
4.025	0.316682 	-0.169494 	0.588867 	-0.00255022 	-1.36904 	8.6562e-05 	
4.03	0.31667 	-0.169506 	0.588864 	-0.00257988 	-1.36919 	8.6475e-05 	
4.035	0.316657 	-0.169517 	0.588858 	-0.00261349 	-1.36933 	9.24911e-05 	
4.04	0.316646 	-0.169529 	0.588856 	-0.00264201 	-1.36948 	9.05031e-05 	
4.045	0.316633 	-0.16954 	0.58885 	-0.00267461 	-1.36963 	9.48283e-05 	
4.05	0.316621 	-0.169553 	0.588848 	-0.00270234 	-1.36978 	9.14999e-05 	
4.055	0.316609 	-0.169564 	0.588844 	-0.00273424 	-1.36993 	9.46367e-05 	
4.06	0.316597 	-0.169577 	0.588842 	-0.00276144 	-1.37009 	9.03747e-05 	
4.065	0.316585 	-0.169588 	0.588838 	-0.00279288 	-1.37023 	9.2687e-05 	
4.07	0.316573 	-0.169601 	0.588837 	-0.00281972 	-1.37039 	8.77822e-05 	
4.075	0.316561 	-0.169613 	0.588833 	-0.00285085 	-1.37054 	8.95298e-05 	
4.08	0.316549 	-0.169625 	0.588832 	-0.00287747 	-1.3707 	8.41886e-05 	
4.085	0.316536 	-0.169637 	0.588828 	-0.00290842 	-1.37085 	8.5556e-05 	
4.09	0.316525 	-0.16965 	0.588827 	-0.00293491 	-1.37101 	7.99246e-05 	
4.095	0.316512 	-0.169661 	0.588823 	-0.00296575 	-1.37116 	8.10423e-05 	
4.1	0.3165 	-0.169674 	0.588823 	-0.00299217 	-1.37132 	7.52241e-05 	
4.105	0.316488 	-0.169686 	0.588819 	-0.00302296 	-1.37147 	7.61843e-05 	
4.11	0.316476 	-0.169699 	0.588819 	-0.00304936 	-1.37163 	7.02519e-05 	
4.115	0.316464 	-0.169711 	0.588815 	-0.00308014 	-1.37178 	7.11192e-05 	
4.12	0.316452 	-0.169723 	0.588814 	-0.00310655 	-1.37194 	6.51235e-05 	
4.125	0.316439 	-0.169735 	0.588811 	-0.00313735 	-1.37209 	6.59432e-05 	
4.13	0.316427 	-0.169748 	0.58881 	-0.00316379 	-1.37225 	5.99195e-05 	
4.135	0.316415 	-0.16976 	0.588807 	-0.00319463 	-1.3724 	6.07231e-05 	
4.14	0.316403 	-0.169773 	0.588806 	-0.00322112 	-1.37256 	5.4696e-05 	
4.145	0.31639 	-0.169785 	0.588803 	-0.00325201 	-1.37271 	5.55051e-05 	
4.15	0.316378 	-0.169797 	0.588802 	-0.00327856 	-1.37287 	4.94912e-05 	
4.155	0.316366 	-0.169809 	0.588798 	-0.00330952 	-1.37302 	5.03209e-05 	
4.16	0.316354 	-0.169822 	0.588798 	-0.00333613 	-1.37318 	4.43317e-05 	
4.165	0.316341 	-0.169834 	0.588794 	-0.00336715 	-1.37333 	4.51847e-05 	
4.17	0.316329 	-0.169847 	0.588794 	-0.00339381 	-1.37349 	3.92002e-05 	
4.175	0.316317 	-0.169859 	0.58879 	-0.00342489 	-1.37364 	4.00642e-05 	
4.18	0.316305 	-0.169871 	0.58879 	-0.00345168 	-1.3738 	3.41192e-05 	
4.185	0.316292 	-0.169884 	0.588786 	-0.00348294 	-1.37394 	3.51025e-05 	
4.19	0.31628 	-0.169896 	0.588786 	-0.00350982 	-1.3741 	2.91621e-05 	
4.195	0.316267 	-0.169908 	0.588782 	-0.00354115 	-1.37425 	3.00881e-05 	
4.2	0.316255 	-0.169921 	0.588781 	-0.00356819 	-1.37441 	2.41685e-05 	
4.205	0.316242 	-0.169933 	0.588777 	-0.00359968 	-1.37456 	2.51196e-05 	
4.21	0.31623 	-0.169946 	0.588777 	-0.00362687 	-1.37472 	1.92152e-05 	
4.215	0.316217 	-0.169958 	0.588773 	-0.00365849 	-1.37487 	2.01827e-05 	
4.22	0.316204 	-0.169971 	0.588772 	-0.00368581 	-1.37503 	1.42797e-05 	
4.225	0.316191 	-0.169984 	0.588768 	-0.00371755 	-1.37518 	1.52517e-05 	
4.23	0.316179 	-0.169997 	0.588767 	-0.00374497 	-1.37534 	9.34143e-06 	
4.235	0.316166 	-0.170009 	0.588763 	-0.00377681 	-1.37549 	1.03105e-05 	
4.24	0.316154 	-0.170022 	0.588762 	-0.00380433 	-1.37564 	4.38844e-06 	
4.245	0.31614 	-0.170034 	0.588758 	-0.00383627 	-1.37579 	5.35089e-06 	
4.25	0.316128 	-0.170047 	0.588757 	-0.00386387 	-1.37595 	-5.84846e-07 	
4.255	0.316115 	-0.170059 	0.588753 	-0.00389589 	-1.3761 	3.69486e-07 	
4.26	0.316102 	-0.170072 	0.588752 	-0.00392358 	-1.37626 	-5.57972e-06 	
4.265	0.316089 	-0.170085 	0.588748 	-0.00395568 	-1.37641 	-4.63308e-06 	
4.27	0.316077 	-0.170098 	0.588747 	-0.00398344 	-1.37657 	-1.05946e-05 	
4.275	0.316063 	-0.17011 	0.588743 	-0.00401562 	-1.37671 	-9.65424e-06 	
4.28	0.316051 	-0.170123 	0.588742 	-0.00404345 	-1.37687 	-1.56263e-05 	
4.285	0.316038 	-0.170136 	0.588738 	-0.00407571 	-1.37702 	-1.46906e-05 	
4.29	0.316025 	-0.170149 	0.588737 	-0.00410361 	-1.37718 	-2.0671e-05 	
4.295	0.316012 	-0.170161 	0.588733 	-0.00413594 	-1.37733 	-1.97376e-05 	
4.3	0.315999 	-0.170174 	0.588732 	-0.00416391 	-1.37748 	-2.5724e-05 	
4.305	0.315986 	-0.170187 	0.588728 	-0.00419632 	-1.37763 	-2.47908e-05 	
4.31	0.315973 	-0.1702 	0.588727 	-0.00422436 	-1.37779 	-3.07809e-05 	
4.315	0.31596 	-0.170213 	0.588723 	-0.00425683 	-1.37794 	-2.98457e-05 	
4.32	0.315948 	-0.170226 	0.588722 	-0.00428495 	-1.3781 	-3.58373e-05 	
4.325	0.315934 	-0.170238 	0.588718 	-0.00431749 	-1.37825 	-3.48979e-05 	
4.33	0.315922 	-0.170251 	0.588717 	-0.00434567 	-1.3784 	-4.0889e-05 	
4.335	0.315908 	-0.170264 	0.588713 	-0.00437829 	-1.37855 	-3.99437e-05 	
4.34	0.315896 	-0.170277 	0.588712 	-0.00440654 	-1.37871 	-4.59323e-05 	
4.345	0.315882 	-0.17029 	0.588708 	-0.00443923 	-1.37886 	-4.4979e-05 	
4.35	0.31587 	-0.170303 	0.588707 	-0.00446759 	-1.37902 	-5.09057e-05 	
4.355	0.315856 	-0.170315 	0.588703 	-0.00450046 	-1.37916 	-4.97318e-05 	
4.36	0.315844 	-0.170329 	0.588702 	-0.00452888 	-1.37932 	-5.55644e-05 	
4.365	0.31583 	-0.170341 	0.588698 	-0.00456186 	-1.37947 	-5.41454e-05 	
4.37	0.315818 	-0.170354 	0.588697 	-0.00459061 	-1.37963 	-5.92084e-05 	
4.375	0.315804 	-0.170367 	0.588693 	-0.0046235 	-1.37978 	-5.78529e-05 	
4.38	0.315792 	-0.17038 	0.588691 	-0.00465313 	-1.37993 	-6.15589e-05 	
4.385	0.315778 	-0.170392 	0.588687 	-0.00468608 	-1.38008 	-6.02855e-05 	
4.39	0.315765 	-0.170405 	0.588686 	-0.00471569 	-1.38024 	-6.4173e-05 	
4.395	0.315752 	-0.170418 	0.588682 	-0.00474866 	-1.38039 	-6.30187e-05 	
4.4	0.315739 	-0.170431 	0.58868 	-0.00477826 	-1.38054 	-6.70848e-05 	
4.405	0.315726 	-0.170443 	0.588676 	-0.00481127 	-1.38069 	-6.60122e-05 	
4.41	0.315713 	-0.170456 	0.588675 	-0.00484088 	-1.38085 	-7.02224e-05 	
4.415	0.3157 	-0.170469 	0.588671 	-0.00487393 	-1.381 	-6.91993e-05 	
4.42	0.315687 	-0.170482 	0.588669 	-0.00490356 	-1.38115 	-7.35263e-05 	
4.425	0.315674 	-0.170495 	0.588665 	-0.00493668 	-1.3813 	-7.2528e-05 	
4.43	0.315661 	-0.170508 	0.588664 	-0.00496633 	-1.38146 	-7.69512e-05 	
4.435	0.315648 	-0.17052 	0.58866 	-0.00499952 	-1.38161 	-7.59586e-05 	
4.44	0.315635 	-0.170534 	0.588659 	-0.00502921 	-1.38176 	-8.0462e-05 	
4.445	0.315622 	-0.170546 	0.588655 	-0.00506248 	-1.38191 	-7.94601e-05 	
4.45	0.315609 	-0.170559 	0.588653 	-0.00509221 	-1.38207 	-8.40314e-05 	
4.455	0.315595 	-0.170572 	0.588649 	-0.00512557 	-1.38222 	-8.30082e-05 	
4.46	0.315582 	-0.170585 	0.588648 	-0.00515534 	-1.38237 	-8.76382e-05 	
4.465	0.315569 	-0.170598 	0.588644 	-0.00518878 	-1.38252 	-8.65848e-05 	
4.47	0.315556 	-0.170611 	0.588643 	-0.0052186 	-1.38268 	-9.1262e-05 	
4.475	0.315543 	-0.170624 	0.588639 	-0.00525215 	-1.38283 	-9.0158e-05 	
4.48	0.31553 	-0.170637 	0.588637 	-0.00528201 	-1.38298 	-9.48849e-05 	
4.485	0.315517 	-0.17065 	0.588633 	-0.00531566 	-1.38313 	-9.37264e-05 	
4.49	0.315504 	-0.170663 	0.588632 	-0.00534557 	-1.38329 	-9.84989e-05 	
4.495	0.31549 	-0.170676 	0.588628 	-0.00537933 	-1.38344 	-9.72833e-05 	
4.5	0.315477 	-0.17069 	0.588627 	-0.00540929 	-1.38359 	-0.000102098 	
4.505	0.315464 	-0.170702 	0.588623 	-0.00544314 	-1.38374 	-0.000100823 	
4.51	0.315451 	-0.170716 	0.588621 	-0.00547314 	-1.3839 	-0.000105685 	
4.515	0.315437 	-0.170728 	0.588617 	-0.00550706 	-1.38405 	-0.000104372 	
4.52	0.315425 	-0.170742 	0.588616 	-0.00553705 	-1.3842 	-0.000109266 	
4.525	0.315411 	-0.170755 	0.588612 	-0.00557102 	-1.38435 	-0.000107893 	
4.53	0.315398 	-0.170768 	0.588611 	-0.00560096 	-1.38451 	-0.000112859 	
4.535	0.315385 	-0.170781 	0.588607 	-0.00563479 	-1.38466 	-0.000111538 	
4.54	0.315372 	-0.170794 	0.588607 	-0.00566457 	-1.38482 	-0.000116439 	
4.545	0.315359 	-0.170807 	0.588603 	-0.00569829 	-1.38497 	-0.000115 	
4.55	0.315347 	-0.17082 	0.588602 	-0.00572822 	-1.38512 	-0.000119441 	
4.555	0.315333 	-0.170832 	0.588595 	-0.00576703 	-1.38526 	-0.000109927 	
4.56	0.315318 	-0.170842 	0.588582 	-0.00581407 	-1.38538 	-8.74795e-05 	
4.565	0.315301 	-0.170851 	0.588563 	-0.00586874 	-1.38548 	-5.30487e-05 	
4.57	0.315284 	-0.170859 	0.588539 	-0.00593046 	-1.38556 	-7.5226e-06 	
4.575	0.315265 	-0.170866 	0.58851 	-0.00599871 	-1.38563 	4.82716e-05 	
4.58	0.315246 	-0.170872 	0.588477 	-0.00607298 	-1.38568 	0.000113564 	
4.585	0.315225 	-0.170877 	0.58844 	-0.00615276 	-1.38571 	0.000187539 	
4.59	0.315205 	-0.170882 	0.588403 	-0.00623143 	-1.38575 	0.000259665 	
4.595	0.315187 	-0.170889 	0.588377 	-0.00629704 	-1.38583 	0.000310855 	
4.6	0.315169 	-0.170897 	0.58835 	-0.00636254 	-1.3859 	0.000361759 	
4.605	0.315153 	-0.170906 	0.588332 	-0.0064163 	-1.386 	0.000393772 	
4.61	0.315137 	-0.170915 	0.588313 	-0.00647155 	-1.3861 	0.000428075 	
4.615	0.315123 	-0.170927 	0.588301 	-0.00651701 	-1.38622 	0.000446624 	
4.62	0.315107 	-0.170937 	0.588287 	-0.00656487 	-1.38634 	0.000468934 	
4.625	0.315094 	-0.170949 	0.58828 	-0.00660438 	-1.38647 	0.000477787 	
4.63	0.315079 	-0.17096 	0.588267 	-0.006652 	-1.38659 	0.000499548 	
4.635	0.315062 	-0.17097 	0.588248 	-0.00670716 	-1.38669 	0.000533303 	
4.64	0.315045 	-0.170978 	0.588224 	-0.00676929 	-1.38677 	0.000578164 	
4.645	0.315026 	-0.170985 	0.588195 	-0.00683787 	-1.38684 	0.000633301 	
4.65	0.315007 	-0.170991 	0.588162 	-0.0069124 	-1.38689 	0.000697945 	
4.655	0.314987 	-0.170996 	0.588124 	-0.00699243 	-1.38692 	0.000771377 	
4.66	0.314966 	-0.171 	0.588083 	-0.00707753 	-1.38695 	0.000852929 	
4.665	0.314944 	-0.171004 	0.588038 	-0.00716729 	-1.38696 	0.000941981 	
4.67	0.314921 	-0.171007 	0.58799 	-0.00726136 	-1.38696 	0.00103795 	
4.675	0.314898 	-0.171008 	0.587939 	-0.00735938 	-1.38696 	0.00114031 	
4.68	0.314874 	-0.17101 	0.587886 	-0.00746103 	-1.38694 	0.00124856 	
4.685	0.31485 	-0.17101 	0.587829 	-0.00756602 	-1.38691 	0.00136224 	
4.69	0.314825 	-0.171011 	0.58777 	-0.00767407 	-1.38688 	0.00148091 	
4.695	0.314799 	-0.17101 	0.587709 	-0.00778492 	-1.38684 	0.00160417 	
4.7	0.314773 	-0.171009 	0.587646 	-0.00789833 	-1.38679 	0.00173167 	
4.705	0.314748 	-0.171008 	0.587586 	-0.00800806 	-1.38675 	0.00185549 	
4.71	0.314727 	-0.171008 	0.587539 	-0.0081024 	-1.38676 	0.00196091 	
4.715	0.314705 	-0.171008 	0.587494 	-0.00819505 	-1.38677 	0.00206521 	
4.72	0.314687 	-0.171008 	0.587459 	-0.00827521 	-1.38681 	0.00215531 	
4.725	0.314668 	-0.171007 	0.587425 	-0.00835534 	-1.38686 	0.00224648 	
4.73	0.314652 	-0.171006 	0.587399 	-0.00842569 	-1.38694 	0.00232746 	
4.735	0.314636 	-0.171006 	0.587373 	-0.00849714 	-1.38701 	0.00241069 	
4.74	0.314622 	-0.171005 	0.587354 	-0.00856032 	-1.38711 	0.00248545 	
4.745	0.314607 	-0.171003 	0.587334 	-0.0086246 	-1.3872 	0.00256205 	
4.75	0.314594 	-0.171002 	0.58732 	-0.00868243 	-1.38732 	0.00263159 	
4.755	0.31458 	-0.171001 	0.587304 	-0.00874274 	-1.38742 	0.00270483 	
4.76	0.314567 	-0.170999 	0.587292 	-0.00879831 	-1.38755 	0.00277427 	
4.765	0.314554 	-0.170997 	0.587279 	-0.00885626 	-1.38766 	0.00284738 	
4.77	0.314542 	-0.170994 	0.587269 	-0.00891065 	-1.38779 	0.00291775 	
4.775	0.31453 	-0.170991 	0.587258 	-0.00896735 	-1.38791 	0.00299149 	
4.78	0.314518 	-0.170988 	0.58725 	-0.00902069 	-1.38804 	0.00306229 	
4.785	0.314505 	-0.170985 	0.587239 	-0.00907674 	-1.38817 	0.00313661 	
4.79	0.314493 	-0.170982 	0.587232 	-0.00912922 	-1.38831 	0.00320724 	
4.795	0.314481 	-0.170978 	0.587222 	-0.00918418 	-1.38844 	0.0032813 	
4.8	0.31447 	-0.170974 	0.587216 	-0.0092358 	-1.38858 	0.00335304 	
4.805	0.314457 	-0.17097 	0.587207 	-0.00929078 	-1.38871 	0.00342916 	
4.81	0.314446 	-0.170966 	0.587203 	-0.00934153 	-1.38885 	0.00350181 	
4.815	0.314434 	-0.170961 	0.587195 	-0.00939569 	-1.38899 	0.00357875 	
4.82	0.314423 	-0.170956 	0.587191 	-0.0094458 	-1.38913 	0.00365226 	
4.825	0.314411 	-0.170951 	0.587184 	-0.00949985 	-1.38927 	0.00373042 	
4.83	0.3144 	-0.170945 	0.58718 	-0.00955081 	-1.38942 	0.00380586 	
4.835	0.314389 	-0.17094 	0.587174 	-0.00960437 	-1.38956 	0.00388483 	
4.84	0.314378 	-0.170934 	0.58717 	-0.00965534 	-1.38971 	0.00396147 	
4.845	0.314366 	-0.170928 	0.587165 	-0.0097085 	-1.38985 	0.00404114 	
4.85	0.314355 	-0.170922 	0.587161 	-0.00975932 	-1.39 	0.00411861 	
4.855	0.314344 	-0.170916 	0.587156 	-0.00981299 	-1.39014 	0.00419958 	
4.86	0.314333 	-0.17091 	0.587153 	-0.00986407 	-1.39029 	0.00427802 	
4.865	0.314321 	-0.170904 	0.587147 	-0.00991828 	-1.39043 	0.00436016 	
4.87	0.31431 	-0.170897 	0.587144 	-0.00996976 	-1.39058 	0.00443956 	
4.875	0.314298 	-0.170891 	0.587136 	-0.0100263 	-1.39071 	0.00452467 	
4.88	0.314286 	-0.170884 	0.587127 	-0.0100849 	-1.39084 	0.00461168 	
4.885	0.314272 	-0.170878 	0.587114 	-0.0101473 	-1.39096 	0.00470181 	
4.89	0.314257 	-0.170872 	0.587096 	-0.0102145 	-1.39106 	0.00479616 	
4.895	0.314242 	-0.170866 	0.587074 	-0.0102867 	-1.39115 	0.00489539 	
4.9	0.314225 	-0.170861 	0.587048 	-0.0103637 	-1.39122 	0.00499928 	
4.905	0.314207 	-0.170855 	0.587018 	-0.010445 	-1.39128 	0.00510725 	
4.91	0.314189 	-0.170851 	0.586987 	-0.0105263 	-1.39134 	0.0052122 	
4.915	0.314172 	-0.170849 	0.586962 	-0.010599 	-1.39142 	0.00529991 	
4.92	0.314156 	-0.170847 	0.586938 	-0.0106721 	-1.3915 	0.00538898 	
4.925	0.314141 	-0.170844 	0.58692 	-0.0107374 	-1.3916 	0.00547306 	
4.93	0.314126 	-0.170841 	0.586902 	-0.0108031 	-1.3917 	0.00555506 	
4.935	0.314112 	-0.170841 	0.586888 	-0.0108631 	-1.39182 	0.0056251 	
4.94	0.314097 	-0.170841 	0.586873 	-0.0109247 	-1.39192 	0.00569518 	
4.945	0.314083 	-0.170843 	0.58686 	-0.0109819 	-1.39204 	0.00575453 	
4.95	0.314068 	-0.170845 	0.586846 	-0.0110401 	-1.39216 	0.00581578 	
4.955	0.314055 	-0.170844 	0.586837 	-0.0110944 	-1.39229 	0.00587978 	
4.96	0.314041 	-0.170844 	0.586826 	-0.0111511 	-1.39241 	0.00594708 	
4.965	0.314028 	-0.170844 	0.586818 	-0.0112046 	-1.39255 	0.00600934 	
4.97	0.314015 	-0.170843 	0.58681 	-0.0112592 	-1.39268 	0.00607497 	
4.975	0.314003 	-0.170841 	0.586805 	-0.0113105 	-1.39282 	0.00614124 	
4.98	0.31399 	-0.170838 	0.586799 	-0.0113635 	-1.39296 	0.00621144 	
4.985	0.313979 	-0.170834 	0.586796 	-0.0114136 	-1.39311 	0.00628279 	
4.99	0.313966 	-0.17083 	0.586792 	-0.011466 	-1.39326 	0.00635774 	
4.995	0.313955 	-0.170825 	0.586791 	-0.0115156 	-1.39342 	0.00643325 	
5	0.313942 	-0.170819 	0.586788 	-0.0115676 	-1.39357 	0.00651191 	
5.005	0.313931 	-0.170813 	0.586788 	-0.0116174 	-1.39373 	0.00659079 	
5.01	0.313918 	-0.170806 	0.586785 	-0.01167 	-1.39388 	0.00667315 	
5.015	0.313906 	-0.1708 	0.586784 	-0.0117208 	-1.39403 	0.00675499 	
5.02	0.313893 	-0.170792 	0.58678 	-0.0117753 	-1.39418 	0.00684265 	
5.025	0.313879 	-0.170785 	0.586777 	-0.0118285 	-1.39433 	0.00692845 	
5.03	0.313865 	-0.170777 	0.586772 	-0.0118855 	-1.39448 	0.00702117 	
5.035	0.31385 	-0.170769 	0.586767 	-0.011942 	-1.39462 	0.00711303 	
5.04	0.313834 	-0.170761 	0.586759 	-0.0120017 	-1.39476 	0.00720898 	
5.045	0.313818 	-0.170752 	0.586752 	-0.0120613 	-1.39489 	0.00730618 	
5.05	0.3138 	-0.170744 	0.586743 	-0.0121239 	-1.39502 	0.0074065 	
5.055	0.313783 	-0.170735 	0.586733 	-0.0121865 	-1.39515 	0.0075081 	
5.06	0.313763 	-0.170727 	0.58672 	-0.0122532 	-1.39527 	0.00761145 	
5.065	0.313739 	-0.170721 	0.586698 	-0.0123271 	-1.39536 	0.00771649 	
5.07	0.313705 	-0.170715 	0.586659 	-0.0124209 	-1.3954 	0.00784249 	
5.075	0.313661 	-0.17071 	0.586601 	-0.0125357 	-1.39537 	0.00798981 	
5.08	0.313607 	-0.170705 	0.586526 	-0.0126687 	-1.3953 	0.00815581 	
5.085	0.313548 	-0.170701 	0.586443 	-0.0128102 	-1.39519 	0.00833005 	
5.09	0.31349 	-0.170698 	0.586363 	-0.0129468 	-1.3951 	0.00849602 	
5.095	0.313439 	-0.170694 	0.586299 	-0.0130675 	-1.39505 	0.0086461 	
5.1	0.313395 	-0.170691 	0.586248 	-0.0131724 	-1.39506 	0.00877636 	
5.105	0.313354 	-0.170688 	0.5862 	-0.0132738 	-1.39507 	0.0089013 	
5.11	0.313316 	-0.170687 	0.586162 	-0.0133639 	-1.39511 	0.00900874 	
5.115	0.31328 	-0.170686 	0.586124 	-0.0134528 	-1.39515 	0.0091138 	
5.12	0.313248 	-0.170687 	0.586095 	-0.0135325 	-1.39521 	0.00920464 	
5.125	0.313217 	-0.170687 	0.586064 	-0.0136127 	-1.39528 	0.00929632 	
5.13	0.313189 	-0.170689 	0.586041 	-0.0136844 	-1.39537 	0.00937276 	
5.135	0.31316 	-0.170695 	0.586015 	-0.0137558 	-1.39545 	0.00943778 	
5.14	0.313134 	-0.170701 	0.585994 	-0.0138216 	-1.39554 	0.00949438 	
5.145	0.313108 	-0.170708 	0.585973 	-0.0138876 	-1.39563 	0.00955036 	
5.15	0.313085 	-0.170716 	0.585956 	-0.0139475 	-1.39574 	0.00959465 	
5.155	0.313061 	-0.170723 	0.585938 	-0.0140092 	-1.39585 	0.00964384 	
5.16	0.31304 	-0.170729 	0.585924 	-0.0140675 	-1.39596 	0.00969389 	
5.165	0.313019 	-0.170733 	0.585909 	-0.0141281 	-1.39608 	0.00974835 	
5.17	0.312999 	-0.170738 	0.585897 	-0.0141847 	-1.3962 	0.00979919 	
5.175	0.31298 	-0.170742 	0.585884 	-0.0142434 	-1.39632 	0.00985425 	
5.18	0.312961 	-0.170746 	0.585874 	-0.0142992 	-1.39645 	0.00990676 	
5.185	0.312943 	-0.170749 	0.585863 	-0.0143572 	-1.39657 	0.00996323 	
5.19	0.312926 	-0.170753 	0.585854 	-0.0144125 	-1.3967 	0.0100175 	
5.195	0.312908 	-0.170755 	0.585843 	-0.0144701 	-1.39683 	0.0100759 	
5.2	0.312892 	-0.170757 	0.585835 	-0.014525 	-1.39696 	0.0101324 	
5.205	0.312875 	-0.170759 	0.585825 	-0.0145825 	-1.39709 	0.010193 	
5.21	0.312859 	-0.17076 	0.585818 	-0.0146372 	-1.39723 	0.0102517 	
5.215	0.312843 	-0.170761 	0.585808 	-0.0146947 	-1.39736 	0.0103146 	
5.22	0.312828 	-0.170762 	0.585802 	-0.0147494 	-1.3975 	0.0103759 	
5.225	0.312813 	-0.170762 	0.585793 	-0.014807 	-1.39763 	0.0104413 	
5.23	0.312798 	-0.170761 	0.585787 	-0.0148619 	-1.39777 	0.0105049 	
5.235	0.312783 	-0.170761 	0.585779 	-0.0149195 	-1.3979 	0.0105725 	
5.24	0.312768 	-0.17076 	0.585773 	-0.0149746 	-1.39805 	0.0106382 	
5.245	0.312754 	-0.170758 	0.585765 	-0.0150326 	-1.39818 	0.010709 	
5.25	0.31274 	-0.170756 	0.58576 	-0.0150885 	-1.39833 	0.0107817 	
5.255	0.312725 	-0.170752 	0.585753 	-0.0151474 	-1.39846 	0.0108591 	
5.26	0.312712 	-0.170749 	0.585749 	-0.0152033 	-1.39861 	0.0109324 	
5.265	0.312697 	-0.170745 	0.585742 	-0.0152625 	-1.39875 	0.0110137 	
5.27	0.312684 	-0.170741 	0.585737 	-0.0153202 	-1.39889 	0.0110917 	
5.275	0.31267 	-0.170737 	0.58573 	-0.0153784 	-1.39903 	0.0111693 	
5.28	0.312656 	-0.170734 	0.585725 	-0.0154361 	-1.39917 	0.0112453 	
5.285	0.312642 	-0.170731 	0.585718 	-0.0154944 	-1.39931 	0.0113211 	
5.29	0.312629 	-0.170728 	0.585712 	-0.0155522 	-1.39945 	0.0113956 	
5.295	0.312615 	-0.170725 	0.585705 	-0.0156105 	-1.39959 	0.0114697 	
5.3	0.312602 	-0.170723 	0.585699 	-0.0156683 	-1.39973 	0.0115429 	
5.305	0.312588 	-0.170721 	0.585692 	-0.0157268 	-1.39986 	0.0116158 	
5.31	0.312575 	-0.170719 	0.585686 	-0.0157845 	-1.4 	0.0116878 	
5.315	0.312561 	-0.170717 	0.585679 	-0.015843 	-1.40014 	0.0117597 	
5.32	0.312548 	-0.170715 	0.585673 	-0.0159007 	-1.40028 	0.0118307 	
5.325	0.312534 	-0.170714 	0.585665 	-0.0159592 	-1.40041 	0.0119019 	
5.33	0.312521 	-0.170712 	0.585659 	-0.016017 	-1.40055 	0.0119724 	
5.335	0.312507 	-0.17071 	0.585651 	-0.0160759 	-1.40069 	0.0120436 	
5.34	0.312494 	-0.170709 	0.585645 	-0.0161335 	-1.40083 	0.0121139 	
5.345	0.31248 	-0.170707 	0.585636 	-0.0161942 	-1.40096 	0.0121881 	
5.35	0.312467 	-0.170706 	0.58563 	-0.0162514 	-1.4011 	0.0122554 	
5.355	0.312453 	-0.170706 	0.585624 	-0.016309 	-1.40124 	0.0123225 	
5.36	0.31244 	-0.170706 	0.585619 	-0.0163639 	-1.40138 	0.0123846 	
5.365	0.312427 	-0.170706 	0.585612 	-0.016422 	-1.40152 	0.0124505 	
5.37	0.312414 	-0.170706 	0.585608 	-0.0164763 	-1.40166 	0.0125101 	
5.375	0.3124 	-0.170707 	0.585601 	-0.0165338 	-1.4018 	0.0125737 	
5.38	0.312387 	-0.170708 	0.585597 	-0.0165876 	-1.40195 	0.0126312 	
5.385	0.312373 	-0.170709 	0.58559 	-0.0166446 	-1.40208 	0.0126929 	
5.39	0.31236 	-0.17071 	0.585587 	-0.0166979 	-1.40223 	0.0127487 	
5.395	0.312346 	-0.170712 	0.58558 	-0.0167545 	-1.40237 	0.0128088 	
5.4	0.312333 	-0.170714 	0.585577 	-0.0168073 	-1.40252 	0.0128628 	
5.405	0.31232 	-0.170715 	0.585571 	-0.0168637 	-1.40266 	0.012922 	
5.41	0.312306 	-0.170717 	0.585566 	-0.0169189 	-1.4028 	0.0129799 	
5.415	0.312293 	-0.170718 	0.585561 	-0.0169745 	-1.40294 	0.0130381 	
5.42	0.312279 	-0.17072 	0.585555 	-0.0170307 	-1.40308 	0.013098 	
5.425	0.312266 	-0.170721 	0.585549 	-0.0170872 	-1.40322 	0.0131577 	
5.43	0.312252 	-0.170722 	0.585543 	-0.017144 	-1.40336 	0.0132188 	
5.435	0.312239 	-0.170724 	0.585536 	-0.0172007 	-1.4035 	0.0132774 	
5.44	0.312225 	-0.170725 	0.58553 	-0.0172576 	-1.40364 	0.0133372 	
5.445	0.312212 	-0.170727 	0.585523 	-0.0173147 	-1.40378 	0.0133958 	
5.45	0.312198 	-0.170729 	0.585516 	-0.0173719 	-1.40391 	0.0134555 	
5.455	0.312185 	-0.170731 	0.585509 	-0.0174292 	-1.40405 	0.0135141 	
5.46	0.312171 	-0.170733 	0.585502 	-0.0174867 	-1.40419 	0.0135739 	
5.465	0.312157 	-0.170735 	0.585495 	-0.0175443 	-1.40432 	0.0136332 	
5.47	0.312144 	-0.170736 	0.585488 	-0.017602 	-1.40446 	0.0136925 	
5.475	0.31213 	-0.170738 	0.585481 	-0.0176598 	-1.4046 	0.0137516 	
5.48	0.312117 	-0.170741 	0.585474 	-0.0177173 	-1.40473 	0.0138102 	
5.485	0.312103 	-0.170743 	0.585467 	-0.0177747 	-1.40487 	0.0138669 	
5.49	0.31209 	-0.170746 	0.58546 	-0.0178322 	-1.405 	0.0139247 	
5.495	0.312076 	-0.170748 	0.585453 	-0.0178896 	-1.40514 	0.013981 	
5.5	0.312063 	-0.170751 	0.585446 	-0.0179471 	-1.40528 	0.0140385 	
5.505	0.312049 	-0.170753 	0.585439 	-0.0180045 	-1.40541 	0.0140946 	
5.51	0.312036 	-0.170756 	0.585432 	-0.0180618 	-1.40555 	0.0141512 	
5.515	0.312022 	-0.170759 	0.585425 	-0.0181192 	-1.40569 	0.0142063 	
5.52	0.312009 	-0.170762 	0.585419 	-0.0181765 	-1.40582 	0.0142622 	
5.525	0.311995 	-0.170766 	0.585412 	-0.0182338 	-1.40596 	0.0143161 	
5.53	0.311982 	-0.170769 	0.585405 	-0.018291 	-1.4061 	0.0143699 	
5.535	0.311968 	-0.170773 	0.585397 	-0.0183482 	-1.40623 	0.0144226 	
5.54	0.311955 	-0.170777 	0.58539 	-0.0184053 	-1.40637 	0.0144754 	
5.545	0.311941 	-0.170781 	0.585383 	-0.0184625 	-1.4065 	0.0145272 	
5.55	0.311928 	-0.170785 	0.585376 	-0.0185196 	-1.40664 	0.0145794 	
5.555	0.311914 	-0.170789 	0.585369 	-0.0185768 	-1.40678 	0.0146307 	
5.56	0.3119 	-0.170793 	0.585362 	-0.018634 	-1.40691 	0.0146824 	
5.565	0.311887 	-0.170797 	0.585355 	-0.0186912 	-1.40705 	0.0147333 	
5.57	0.311873 	-0.170802 	0.585348 	-0.0187483 	-1.40718 	0.0147843 	
5.575	0.311859 	-0.170807 	0.585341 	-0.0188055 	-1.40732 	0.0148342 	
5.58	0.311846 	-0.170811 	0.585334 	-0.0188626 	-1.40746 	0.0148846 	
5.585	0.311832 	-0.170816 	0.585326 	-0.0189197 	-1.40759 	0.0149339 	
5.59	0.311819 	-0.17082 	0.58532 	-0.0189768 	-1.40773 	0.014984 	
5.595	0.311805 	-0.170826 	0.585312 	-0.019034 	-1.40786 	0.0150328 	
5.6	0.311791 	-0.17083 	0.585306 	-0.0190912 	-1.408 	0.0150832 	
5.605	0.311778 	-0.170835 	0.585298 	-0.0191488 	-1.40814 	0.015134 	
5.61	0.311764 	-0.170839 	0.585291 	-0.0192067 	-1.40827 	0.0151868 	
5.615	0.31175 	-0.170843 	0.585284 	-0.019265 	-1.40841 	0.0152399 	
5.62	0.311737 	-0.170846 	0.585277 	-0.0193236 	-1.40854 	0.015295 	
5.625	0.311723 	-0.17085 	0.58527 	-0.0193825 	-1.40868 	0.01535 	
5.63	0.31171 	-0.170853 	0.585263 	-0.0194411 	-1.40881 	0.0154045 	
5.635	0.311696 	-0.170857 	0.585255 	-0.0195 	-1.40895 	0.015459 	
5.64	0.311682 	-0.170861 	0.585248 	-0.0195587 	-1.40908 	0.0155129 	
5.645	0.311669 	-0.170865 	0.585241 	-0.0196176 	-1.40922 	0.0155667 	
5.65	0.311655 	-0.170869 	0.585234 	-0.0196763 	-1.40935 	0.01562 	
5.655	0.311641 	-0.170874 	0.585226 	-0.0197352 	-1.40949 	0.015673 	
5.66	0.311627 	-0.170878 	0.585219 	-0.0197939 	-1.40962 	0.0157255 	
5.665	0.311614 	-0.170882 	0.585212 	-0.0198528 	-1.40976 	0.0157777 	
5.67	0.3116 	-0.170887 	0.585204 	-0.0199115 	-1.40989 	0.0158295 	
5.675	0.311586 	-0.170892 	0.585197 	-0.0199703 	-1.41003 	0.015881 	
5.68	0.311572 	-0.170897 	0.58519 	-0.020029 	-1.41016 	0.0159321 	
5.685	0.311559 	-0.170901 	0.585182 	-0.0200878 	-1.4103 	0.0159829 	
5.69	0.311545 	-0.170906 	0.585175 	-0.0201464 	-1.41043 	0.0160334 	
5.695	0.311531 	-0.170912 	0.585168 	-0.0202053 	-1.41057 	0.0160837 	
5.7	0.311517 	-0.170917 	0.585161 	-0.0202639 	-1.41071 	0.0161336 	
5.705	0.311503 	-0.170922 	0.585154 	-0.0203227 	-1.41084 	0.0161834 	
5.71	0.311489 	-0.170927 	0.585147 	-0.0203813 	-1.41098 	0.0162328 	
5.715	0.311476 	-0.170933 	0.585139 	-0.0204402 	-1.41111 	0.0162821 	
5.72	0.311462 	-0.170938 	0.585132 	-0.0204988 	-1.41125 	0.0163309 	
5.725	0.311448 	-0.170944 	0.585125 	-0.0205578 	-1.41138 	0.0163797 	
5.73	0.311434 	-0.170949 	0.585118 	-0.0206166 	-1.41152 	0.0164284 	
5.735	0.31142 	-0.170955 	0.58511 	-0.0206757 	-1.41165 	0.016477 	
5.74	0.311406 	-0.170961 	0.585103 	-0.0207348 	-1.41179 	0.0165259 	
5.745	0.311392 	-0.170965 	0.585095 	-0.0207948 	-1.41192 	0.016578 	
5.75	0.311379 	-0.170969 	0.585088 	-0.0208552 	-1.41206 	0.016633 	
5.755	0.311365 	-0.170973 	0.585081 	-0.0209165 	-1.41219 	0.0166911 	
5.76	0.311351 	-0.170976 	0.585073 	-0.020978 	-1.41232 	0.0167507 	
