0.0	0.310429	-0.173769	0.537008	0.180534	-1.45468	-0.24872
0.005	0.310429	-0.173769	0.537008	0.180534	-1.45468	-0.24872
0.01	0.310429	-0.173769	0.537008	0.180534	-1.45468	-0.24872
0.015	0.310429	-0.173769	0.537008	0.180534	-1.45468	-0.24872
0.02	0.31043	-0.173769	0.537008	0.180534	-1.45468	-0.24872
0.025	0.310432	-0.173769	0.537009	0.180534	-1.45468	-0.24872
0.03	0.310434	-0.173769	0.537009	0.180534	-1.45468	-0.24872
0.035	0.310436	-0.173769	0.53701	0.180534	-1.45468	-0.24872
0.04	0.310439	-0.173769	0.53701	0.180534	-1.45468	-0.24872
0.045	0.310442	-0.173769	0.537011	0.180534	-1.45468	-0.24872
0.05	0.310446	-0.173769	0.537012	0.180534	-1.45468	-0.24872
0.055	0.31045	-0.17377	0.537013	0.180534	-1.45468	-0.24872
0.06	0.310455	-0.17377	0.537014	0.180534	-1.45468	-0.24872
0.065	0.31046	-0.17377	0.537015	0.180534	-1.45468	-0.24872
0.07	0.310465	-0.17377	0.537016	0.180534	-1.45468	-0.24872
0.075	0.310471	-0.17377	0.537018	0.180534	-1.45468	-0.24872
0.08	0.310478	-0.17377	0.537019	0.180534	-1.45468	-0.24872
0.085	0.310484	-0.17377	0.537021	0.180534	-1.45468	-0.24872
0.09	0.310491	-0.173771	0.537022	0.180534	-1.45468	-0.24872
0.095	0.310499	-0.173771	0.537024	0.180534	-1.45468	-0.24872
0.1	0.310507	-0.173771	0.537026	0.180534	-1.45468	-0.24872
0.105	0.310516	-0.173771	0.537028	0.180534	-1.45468	-0.24872
0.11	0.310526	-0.173771	0.53703	0.180534	-1.45468	-0.24872
0.115	0.310534	-0.173772	0.537032	0.180534	-1.45468	-0.24872
0.12	0.310545	-0.173772	0.537034	0.180534	-1.45468	-0.24872
0.125	0.310555	-0.173772	0.537037	0.180534	-1.45468	-0.24872
0.13	0.310566	-0.173772	0.537039	0.180534	-1.45468	-0.24872
0.135	0.310577	-0.173773	0.537042	0.180534	-1.45468	-0.24872
0.14	0.310589	-0.173773	0.537044	0.180534	-1.45468	-0.24872
0.145	0.310601	-0.173773	0.537047	0.180534	-1.45468	-0.24872
0.15	0.310613	-0.173774	0.53705	0.180534	-1.45468	-0.24872
0.155	0.310626	-0.173774	0.537053	0.180534	-1.45468	-0.24872
0.16	0.31064	-0.173774	0.537056	0.180534	-1.45468	-0.24872
0.165	0.310591	-0.173759	0.53704	0.178912	-1.45354	-0.246485
0.17	0.310605	-0.173759	0.537043	0.178912	-1.45354	-0.246485
0.175	0.31062	-0.17376	0.537047	0.178912	-1.45354	-0.246485
0.18	0.310635	-0.17376	0.53705	0.178912	-1.45354	-0.246485
0.185	0.310651	-0.17376	0.537054	0.178912	-1.45354	-0.246485
0.19	0.310667	-0.173761	0.537057	0.178912	-1.45354	-0.246485
0.195	0.310683	-0.173761	0.537061	0.178912	-1.45354	-0.246485
0.2	0.3107	-0.173762	0.537065	0.178912	-1.45354	-0.246485
0.205	0.310717	-0.173762	0.537069	0.178912	-1.45354	-0.246485
0.21	0.310735	-0.173762	0.537073	0.178912	-1.45354	-0.246485
0.215	0.310753	-0.173763	0.537077	0.178912	-1.45354	-0.246485
0.22	0.310771	-0.173763	0.537081	0.178912	-1.45354	-0.246485
0.225	0.310729	-0.173749	0.537066	0.177313	-1.45242	-0.244282
0.23	0.310748	-0.173749	0.537071	0.177313	-1.45242	-0.244282
0.235	0.310768	-0.173749	0.537075	0.177313	-1.45242	-0.244282
0.24	0.310788	-0.17375	0.53708	0.177313	-1.45242	-0.244282
0.245	0.310809	-0.17375	0.537085	0.177313	-1.45242	-0.244282
0.25	0.31083	-0.173751	0.537089	0.177313	-1.45242	-0.244282
0.255	0.310851	-0.173751	0.537094	0.177313	-1.45242	-0.244282
0.26	0.310873	-0.173752	0.537099	0.177313	-1.45242	-0.244282
0.265	0.310895	-0.173752	0.537104	0.177313	-1.45242	-0.244282
0.27	0.310918	-0.173753	0.537109	0.177313	-1.45242	-0.244282
0.275	0.310876	-0.173738	0.537095	0.175618	-1.45123	-0.241947
0.28	0.3109	-0.173738	0.5371	0.175618	-1.45123	-0.241947
0.285	0.310924	-0.173739	0.537106	0.175618	-1.45123	-0.241947
0.29	0.310948	-0.173739	0.537111	0.175618	-1.45123	-0.241947
0.295	0.310973	-0.17374	0.537117	0.175618	-1.45123	-0.241947
0.3	0.310998	-0.17374	0.537122	0.175618	-1.45123	-0.241947
0.305	0.311024	-0.173741	0.537128	0.175618	-1.45123	-0.241947
0.31	0.31105	-0.173741	0.537134	0.175618	-1.45123	-0.241947
0.315	0.311014	-0.173727	0.537121	0.174005	-1.4501	-0.239725
0.32	0.311041	-0.173728	0.537127	0.174005	-1.4501	-0.239725
0.325	0.311068	-0.173728	0.537134	0.174005	-1.4501	-0.239725
0.33	0.311096	-0.173729	0.53714	0.174005	-1.4501	-0.239725
0.335	0.311124	-0.173729	0.537146	0.174005	-1.4501	-0.239725
0.34	0.311153	-0.17373	0.537153	0.174005	-1.4501	-0.239725
0.345	0.311181	-0.17373	0.537159	0.174005	-1.4501	-0.239725
0.35	0.31115	-0.173717	0.537147	0.172425	-1.44899	-0.237548
0.355	0.31118	-0.173717	0.537154	0.172425	-1.44899	-0.237548
0.36	0.31121	-0.173718	0.537161	0.172425	-1.44899	-0.237548
0.365	0.31124	-0.173719	0.537168	0.172425	-1.44899	-0.237548
0.37	0.311271	-0.173719	0.537175	0.172425	-1.44899	-0.237548
0.375	0.311302	-0.17372	0.537182	0.172425	-1.44899	-0.237548
0.38	0.311334	-0.17372	0.537189	0.172425	-1.44899	-0.237548
0.385	0.3113	-0.173706	0.537176	0.170708	-1.44779	-0.235182
0.39	0.311332	-0.173706	0.537184	0.170708	-1.44779	-0.235182
0.395	0.311365	-0.173707	0.537191	0.170708	-1.44779	-0.235182
0.4	0.311399	-0.173707	0.537198	0.170708	-1.44779	-0.235182
0.405	0.311432	-0.173708	0.537206	0.170708	-1.44779	-0.235182
0.41	0.311466	-0.173708	0.537214	0.170708	-1.44779	-0.235182
0.415	0.311438	-0.173695	0.537203	0.169088	-1.44665	-0.232951
0.42	0.311473	-0.173696	0.537211	0.169088	-1.44665	-0.232951
0.425	0.311508	-0.173696	0.537218	0.169088	-1.44665	-0.232951
0.43	0.311544	-0.173697	0.537226	0.169088	-1.44665	-0.232951
0.435	0.31158	-0.173697	0.537235	0.169088	-1.44665	-0.232951
0.44	0.311616	-0.173698	0.537243	0.169088	-1.44665	-0.232951
0.445	0.311587	-0.173684	0.537231	0.16738	-1.44546	-0.230597
0.45	0.311624	-0.173685	0.53724	0.16738	-1.44546	-0.230597
0.455	0.311661	-0.173685	0.537248	0.16738	-1.44546	-0.230597
0.46	0.311699	-0.173686	0.537257	0.16738	-1.44546	-0.230597
0.465	0.311738	-0.173686	0.537265	0.16738	-1.44546	-0.230597
0.47	0.311776	-0.173687	0.537274	0.16738	-1.44546	-0.230597
0.475	0.311745	-0.173672	0.537262	0.165564	-1.44418	-0.228096
0.48	0.311784	-0.173673	0.537271	0.165564	-1.44418	-0.228096
0.485	0.311824	-0.173673	0.537279	0.165564	-1.44418	-0.228096
0.49	0.311864	-0.173674	0.537288	0.165564	-1.44418	-0.228096
0.495	0.311905	-0.173674	0.537297	0.165564	-1.44418	-0.228096
0.5	0.311882	-0.173662	0.537288	0.163939	-1.44304	-0.225857
0.505	0.311924	-0.173662	0.537297	0.163939	-1.44304	-0.225857
0.51	0.311965	-0.173663	0.537307	0.163939	-1.44304	-0.225857
0.515	0.312007	-0.173663	0.537316	0.163939	-1.44304	-0.225857
0.52	0.312049	-0.173664	0.537325	0.163939	-1.44304	-0.225857
0.525	0.312027	-0.173651	0.537316	0.162268	-1.44187	-0.223555
0.53	0.31207	-0.173651	0.537325	0.162268	-1.44187	-0.223555
0.535	0.312113	-0.173652	0.537335	0.162268	-1.44187	-0.223555
0.54	0.312157	-0.173652	0.537345	0.162268	-1.44187	-0.223555
0.545	0.312201	-0.173653	0.537355	0.162268	-1.44187	-0.223555
0.55	0.312178	-0.17364	0.537345	0.16053	-1.44065	-0.22116
0.555	0.312223	-0.17364	0.537355	0.16053	-1.44065	-0.22116
0.56	0.312268	-0.17364	0.537365	0.16053	-1.44065	-0.22116
0.565	0.312313	-0.173641	0.537375	0.16053	-1.44065	-0.22116
0.57	0.312359	-0.173641	0.537385	0.16053	-1.44065	-0.22116
0.575	0.312335	-0.173628	0.537375	0.158723	-1.43939	-0.21867
0.58	0.312381	-0.173628	0.537385	0.158723	-1.43939	-0.21867
0.585	0.312428	-0.173629	0.537396	0.158723	-1.43939	-0.21867
0.59	0.312475	-0.173629	0.537406	0.158723	-1.43939	-0.21867
0.595	0.312523	-0.173629	0.537417	0.158723	-1.43939	-0.21867
0.6	0.312497	-0.173616	0.537406	0.156849	-1.43807	-0.216089
0.605	0.312545	-0.173616	0.537417	0.156849	-1.43807	-0.216089
0.61	0.312594	-0.173616	0.537428	0.156849	-1.43807	-0.216089
0.615	0.312643	-0.173617	0.537439	0.156849	-1.43807	-0.216089
0.62	0.31263	-0.173605	0.537432	0.155264	-1.43696	-0.213905
0.625	0.312679	-0.173606	0.537443	0.155264	-1.43696	-0.213905
0.63	0.312729	-0.173606	0.537454	0.155264	-1.43696	-0.213905
0.635	0.312779	-0.173606	0.537465	0.155264	-1.43696	-0.213905
0.64	0.312767	-0.173595	0.537458	0.153672	-1.43585	-0.211712
0.645	0.312818	-0.173595	0.537469	0.153672	-1.43585	-0.211712
0.65	0.312869	-0.173595	0.537481	0.153672	-1.43585	-0.211712
0.655	0.31292	-0.173596	0.537492	0.153672	-1.43585	-0.211712
0.66	0.312908	-0.173585	0.537485	0.152044	-1.4347	-0.209469
0.665	0.31296	-0.173585	0.537497	0.152044	-1.4347	-0.209469
0.67	0.313012	-0.173585	0.537508	0.152044	-1.4347	-0.209469
0.675	0.313065	-0.173585	0.53752	0.152044	-1.4347	-0.209469
0.68	0.313053	-0.173574	0.537513	0.150377	-1.43353	-0.207173
0.685	0.313106	-0.173574	0.537525	0.150377	-1.43353	-0.207173
0.69	0.313159	-0.173574	0.537536	0.150377	-1.43353	-0.207173
0.695	0.313213	-0.173574	0.537548	0.150377	-1.43353	-0.207173
0.7	0.3132	-0.173563	0.537541	0.148673	-1.43234	-0.204825
0.705	0.313254	-0.173563	0.537553	0.148673	-1.43234	-0.204825
0.71	0.313309	-0.173562	0.537565	0.148673	-1.43234	-0.204825
0.715	0.313364	-0.173562	0.537577	0.148673	-1.43234	-0.204825
0.72	0.313351	-0.173551	0.53757	0.146932	-1.43112	-0.202427
0.725	0.313406	-0.173551	0.537582	0.146932	-1.43112	-0.202427
0.73	0.313462	-0.173551	0.537595	0.146932	-1.43112	-0.202427
0.735	0.313518	-0.173551	0.537607	0.146932	-1.43112	-0.202427
0.74	0.313504	-0.17354	0.5376	0.145156	-1.42987	-0.199979
0.745	0.313561	-0.17354	0.537612	0.145156	-1.42987	-0.199979
0.75	0.313618	-0.173539	0.537625	0.145156	-1.42987	-0.199979
0.755	0.313675	-0.173539	0.537637	0.145156	-1.42987	-0.199979
0.76	0.313661	-0.173528	0.53763	0.143345	-1.4286	-0.197485
0.765	0.313719	-0.173528	0.537642	0.143345	-1.4286	-0.197485
0.77	0.313777	-0.173527	0.537655	0.143345	-1.4286	-0.197485
0.775	0.313835	-0.173527	0.537668	0.143345	-1.4286	-0.197485
0.78	0.313821	-0.173516	0.53766	0.141501	-1.42731	-0.194944
0.785	0.313879	-0.173516	0.537673	0.141501	-1.42731	-0.194944
0.79	0.313938	-0.173515	0.537686	0.141501	-1.42731	-0.194944
0.795	0.313997	-0.173515	0.537699	0.141501	-1.42731	-0.194944
0.8	0.313983	-0.173504	0.537692	0.139625	-1.426	-0.19236
0.805	0.314043	-0.173503	0.537705	0.139625	-1.426	-0.19236
0.81	0.314102	-0.173503	0.537718	0.139625	-1.426	-0.19236
0.815	0.314162	-0.173502	0.537731	0.139625	-1.426	-0.19236
0.82	0.314148	-0.173491	0.537723	0.137718	-1.42466	-0.189732
0.825	0.314208	-0.173491	0.537737	0.137718	-1.42466	-0.189732
0.83	0.314269	-0.17349	0.53775	0.137718	-1.42466	-0.189732
0.835	0.31433	-0.17349	0.537763	0.137718	-1.42466	-0.189732
0.84	0.314315	-0.173479	0.537756	0.135781	-1.4233	-0.187064
0.845	0.314377	-0.173478	0.537769	0.135781	-1.4233	-0.187064
0.85	0.314438	-0.173477	0.537782	0.135781	-1.4233	-0.187064
0.855	0.3145	-0.173477	0.537796	0.135781	-1.4233	-0.187064
0.86	0.314485	-0.173466	0.537788	0.133816	-1.42192	-0.184357
0.865	0.314548	-0.173465	0.537802	0.133816	-1.42192	-0.184357
0.87	0.31461	-0.173464	0.537815	0.133816	-1.42192	-0.184357
0.875	0.314673	-0.173464	0.537829	0.133816	-1.42192	-0.184357
0.88	0.314657	-0.173453	0.537821	0.131824	-1.42053	-0.181612
0.885	0.314721	-0.173452	0.537835	0.131824	-1.42053	-0.181612
0.89	0.314784	-0.173451	0.537849	0.131824	-1.42053	-0.181612
0.895	0.314786	-0.173443	0.537846	0.130261	-1.41943	-0.179459
0.9	0.31485	-0.173442	0.53786	0.130261	-1.41943	-0.179459
0.905	0.314914	-0.173441	0.537873	0.130261	-1.41943	-0.179459
0.91	0.314978	-0.17344	0.537887	0.130261	-1.41943	-0.179459
0.915	0.314964	-0.17343	0.53788	0.12827	-1.41803	-0.176715
0.92	0.315029	-0.173429	0.537894	0.12827	-1.41803	-0.176715
0.925	0.315093	-0.173428	0.537908	0.12827	-1.41803	-0.176715
0.93	0.315096	-0.17342	0.537905	0.126678	-1.41692	-0.174523
0.935	0.315161	-0.173419	0.537919	0.126678	-1.41692	-0.174523
0.94	0.315226	-0.173417	0.537933	0.126678	-1.41692	-0.174523
0.945	0.31523	-0.17341	0.537931	0.125116	-1.41582	-0.172371
0.95	0.315295	-0.173408	0.537945	0.125116	-1.41582	-0.172371
0.955	0.315361	-0.173407	0.537959	0.125116	-1.41582	-0.172371
0.96	0.315365	-0.173399	0.537957	0.123547	-1.41472	-0.170209
0.965	0.315432	-0.173398	0.537971	0.123547	-1.41472	-0.170209
0.97	0.315498	-0.173397	0.537986	0.123547	-1.41472	-0.170209
0.975	0.315502	-0.173389	0.537983	0.121966	-1.41361	-0.168031
0.98	0.315569	-0.173388	0.537998	0.121966	-1.41361	-0.168031
0.985	0.315635	-0.173386	0.538012	0.121966	-1.41361	-0.168031
0.99	0.315639	-0.173379	0.53801	0.120373	-1.4125	-0.165837
0.995	0.315706	-0.173377	0.538024	0.120373	-1.4125	-0.165837
1.0	0.315774	-0.173376	0.538039	0.120373	-1.4125	-0.165837
1.005	0.315778	-0.173368	0.538036	0.118771	-1.41137	-0.163629
1.01	0.315845	-0.173367	0.538051	0.118771	-1.41137	-0.163629
1.015	0.315913	-0.173365	0.538065	0.118771	-1.41137	-0.163629
1.02	0.315917	-0.173358	0.538063	0.117158	-1.41024	-0.161407
1.025	0.315985	-0.173356	0.538078	0.117158	-1.41024	-0.161407
1.03	0.316053	-0.173354	0.538092	0.117158	-1.41024	-0.161407
1.035	0.316057	-0.173347	0.53809	0.115535	-1.40911	-0.159172
1.04	0.316125	-0.173346	0.538105	0.115535	-1.40911	-0.159172
1.045	0.316194	-0.173344	0.538119	0.115535	-1.40911	-0.159172
1.05	0.316198	-0.173337	0.538117	0.113904	-1.40796	-0.156924
1.055	0.316267	-0.173335	0.538132	0.113904	-1.40796	-0.156924
1.06	0.316335	-0.173333	0.538146	0.113904	-1.40796	-0.156924
1.065	0.316339	-0.173326	0.538144	0.112264	-1.40681	-0.154665
1.07	0.316409	-0.173324	0.538159	0.112264	-1.40681	-0.154665
1.075	0.316478	-0.173322	0.538174	0.112264	-1.40681	-0.154665
1.08	0.316482	-0.173316	0.538172	0.110617	-1.40566	-0.152396
1.085	0.316551	-0.173313	0.538186	0.110617	-1.40566	-0.152396
1.09	0.31662	-0.173311	0.538201	0.110617	-1.40566	-0.152396
1.095	0.316624	-0.173305	0.538199	0.108963	-1.4045	-0.150116
1.1	0.316694	-0.173302	0.538214	0.108963	-1.4045	-0.150116
1.105	0.316764	-0.1733	0.538229	0.108963	-1.4045	-0.150116
1.11	0.316768	-0.173294	0.538227	0.107301	-1.40333	-0.147828
1.115	0.316838	-0.173292	0.538241	0.107301	-1.40333	-0.147828
1.12	0.316908	-0.173289	0.538256	0.107301	-1.40333	-0.147828
1.125	0.316912	-0.173283	0.538254	0.105634	-1.40216	-0.145531
1.13	0.316982	-0.173281	0.538269	0.105634	-1.40216	-0.145531
1.135	0.317052	-0.173278	0.538284	0.105634	-1.40216	-0.145531
1.14	0.317056	-0.173272	0.538282	0.103962	-1.40099	-0.143227
1.145	0.317126	-0.17327	0.538297	0.103962	-1.40099	-0.143227
1.15	0.317197	-0.173267	0.538312	0.103962	-1.40099	-0.143227
1.155	0.317201	-0.173261	0.53831	0.102284	-1.39981	-0.140916
1.16	0.317271	-0.173259	0.538325	0.102284	-1.39981	-0.140916
1.165	0.317342	-0.173256	0.538339	0.102284	-1.39981	-0.140916
1.17	0.317346	-0.17325	0.538338	0.100603	-1.39864	-0.138599
1.175	0.317417	-0.173248	0.538352	0.100603	-1.39864	-0.138599
1.18	0.317487	-0.173245	0.538367	0.100603	-1.39864	-0.138599
1.185	0.317491	-0.17324	0.538366	0.0989176	-1.39745	-0.136278
1.19	0.317562	-0.173237	0.53838	0.0989176	-1.39745	-0.136278
1.195	0.317633	-0.173234	0.538395	0.0989176	-1.39745	-0.136278
1.2	0.317637	-0.173229	0.538393	0.0972293	-1.39627	-0.133952
1.205	0.317708	-0.173225	0.538408	0.0972293	-1.39627	-0.133952
1.21	0.317779	-0.173222	0.538423	0.0972293	-1.39627	-0.133952
1.215	0.317783	-0.173218	0.538422	0.0955386	-1.39508	-0.131622
1.22	0.317854	-0.173214	0.538436	0.0955386	-1.39508	-0.131622
1.225	0.317925	-0.173211	0.538451	0.0955386	-1.39508	-0.131622
1.23	0.317929	-0.173207	0.53845	0.093846	-1.3939	-0.12929
1.235	0.318	-0.173203	0.538464	0.093846	-1.3939	-0.12929
1.24	0.318071	-0.1732	0.538479	0.093846	-1.3939	-0.12929
1.245	0.318075	-0.173196	0.538478	0.0921521	-1.39271	-0.126957
1.25	0.318146	-0.173192	0.538492	0.0921521	-1.39271	-0.126957
1.255	0.318217	-0.173189	0.538507	0.0921521	-1.39271	-0.126957
1.26	0.318221	-0.173185	0.538506	0.0904576	-1.39152	-0.124622
1.265	0.318292	-0.173181	0.538521	0.0904576	-1.39152	-0.124622
1.27	0.318364	-0.173178	0.538535	0.0904576	-1.39152	-0.124622
1.275	0.318367	-0.173174	0.538534	0.088763	-1.39033	-0.122288
1.28	0.318438	-0.17317	0.538549	0.088763	-1.39033	-0.122288
1.285	0.31851	-0.173166	0.538563	0.088763	-1.39033	-0.122288
1.29	0.318513	-0.173163	0.538562	0.0870689	-1.38915	-0.119954
1.295	0.318585	-0.173159	0.538577	0.0870689	-1.38915	-0.119954
1.3	0.318656	-0.173155	0.538591	0.0870689	-1.38915	-0.119954
1.305	0.318659	-0.173152	0.53859	0.085376	-1.38796	-0.117621
1.31	0.31873	-0.173148	0.538605	0.085376	-1.38796	-0.117621
1.315	0.318802	-0.173144	0.538619	0.085376	-1.38796	-0.117621
1.32	0.318805	-0.173141	0.538618	0.0836848	-1.38677	-0.115291
1.325	0.318876	-0.173137	0.538633	0.0836848	-1.38677	-0.115291
1.33	0.318947	-0.173133	0.538647	0.0836848	-1.38677	-0.115291
1.335	0.318951	-0.17313	0.538646	0.0819959	-1.38559	-0.112965
1.34	0.319022	-0.173126	0.538661	0.0819959	-1.38559	-0.112965
1.345	0.319093	-0.173122	0.538675	0.0819959	-1.38559	-0.112965
1.35	0.319096	-0.173119	0.538674	0.0803099	-1.38441	-0.110642
1.355	0.319167	-0.173115	0.538688	0.0803099	-1.38441	-0.110642
1.36	0.319238	-0.17311	0.538703	0.0803099	-1.38441	-0.110642
1.365	0.319241	-0.173108	0.538702	0.0786274	-1.38323	-0.108324
1.37	0.319312	-0.173104	0.538716	0.0786274	-1.38323	-0.108324
1.375	0.319382	-0.173099	0.538731	0.0786274	-1.38323	-0.108324
1.38	0.319386	-0.173097	0.538729	0.076949	-1.38205	-0.106012
1.385	0.319456	-0.173093	0.538744	0.076949	-1.38205	-0.106012
1.39	0.319527	-0.173088	0.538758	0.076949	-1.38205	-0.106012
1.395	0.31953	-0.173086	0.538757	0.0752753	-1.38088	-0.103706
1.4	0.319601	-0.173082	0.538772	0.0752753	-1.38088	-0.103706
1.405	0.319671	-0.173077	0.538786	0.0752753	-1.38088	-0.103706
1.41	0.319674	-0.173075	0.538785	0.0736069	-1.37971	-0.101407
1.415	0.319744	-0.173071	0.538799	0.0736069	-1.37971	-0.101407
1.42	0.319814	-0.173066	0.538813	0.0736069	-1.37971	-0.101407
1.425	0.319817	-0.173064	0.538812	0.0719444	-1.37854	-0.0991169
1.43	0.319887	-0.17306	0.538827	0.0719444	-1.37854	-0.0991169
1.435	0.319957	-0.173055	0.538841	0.0719444	-1.37854	-0.0991169
1.44	0.31996	-0.173054	0.53884	0.0702883	-1.37738	-0.0968353
1.445	0.32003	-0.173049	0.538854	0.0702883	-1.37738	-0.0968353
1.45	0.320099	-0.173044	0.538868	0.0702883	-1.37738	-0.0968353
1.455	0.320102	-0.173043	0.538867	0.0686393	-1.37622	-0.0945635
1.46	0.320171	-0.173038	0.538881	0.0686393	-1.37622	-0.0945635
1.465	0.32024	-0.173034	0.538895	0.0686393	-1.37622	-0.0945635
1.47	0.320244	-0.173032	0.538894	0.0669979	-1.37507	-0.0923021
1.475	0.320313	-0.173028	0.538908	0.0669979	-1.37507	-0.0923021
1.48	0.320381	-0.173023	0.538922	0.0669979	-1.37507	-0.0923021
1.485	0.320385	-0.173022	0.538921	0.0653647	-1.37393	-0.0900521
1.49	0.320453	-0.173017	0.538935	0.0653647	-1.37393	-0.0900521
1.495	0.320521	-0.173012	0.538949	0.0653647	-1.37393	-0.0900521
1.5	0.320525	-0.173011	0.538948	0.0637403	-1.37279	-0.0878141
1.505	0.320593	-0.173006	0.538962	0.0637403	-1.37279	-0.0878141
1.51	0.32066	-0.173001	0.538976	0.0637403	-1.37279	-0.0878141
1.515	0.320664	-0.173001	0.538975	0.0621252	-1.37166	-0.0855891
1.52	0.320731	-0.172996	0.538989	0.0621252	-1.37166	-0.0855891
1.525	0.320799	-0.172991	0.539002	0.0621252	-1.37166	-0.0855891
1.53	0.320802	-0.17299	0.539001	0.06052	-1.37053	-0.0833776
1.535	0.320869	-0.172985	0.539015	0.06052	-1.37053	-0.0833776
1.54	0.320936	-0.17298	0.539029	0.06052	-1.37053	-0.0833776
1.545	0.320939	-0.17298	0.539028	0.0589253	-1.36941	-0.0811807
1.55	0.321006	-0.172975	0.539041	0.0589253	-1.36941	-0.0811807
1.555	0.321073	-0.17297	0.539055	0.0589253	-1.36941	-0.0811807
1.56	0.321076	-0.17297	0.539054	0.0573417	-1.3683	-0.0789989
1.565	0.321142	-0.172965	0.539067	0.0573417	-1.3683	-0.0789989
1.57	0.321208	-0.172959	0.539081	0.0573417	-1.3683	-0.0789989
1.575	0.321211	-0.172959	0.53908	0.0557697	-1.3672	-0.0768332
1.58	0.321277	-0.172954	0.539093	0.0557697	-1.3672	-0.0768332
1.585	0.321343	-0.172949	0.539106	0.0557697	-1.3672	-0.0768332
1.59	0.321346	-0.172949	0.539106	0.0542098	-1.36611	-0.0746841
1.595	0.321411	-0.172944	0.539119	0.0542098	-1.36611	-0.0746841
1.6	0.321476	-0.172939	0.539132	0.0542098	-1.36611	-0.0746841
1.605	0.321479	-0.172939	0.539131	0.0526626	-1.36502	-0.0725526
1.61	0.321544	-0.172934	0.539144	0.0526626	-1.36502	-0.0725526
1.615	0.321608	-0.172929	0.539157	0.0526626	-1.36502	-0.0725526
1.62	0.321611	-0.172929	0.539157	0.0511287	-1.36395	-0.0704394
1.625	0.321675	-0.172924	0.53917	0.0511287	-1.36395	-0.0704394
1.63	0.321739	-0.172919	0.539182	0.0511287	-1.36395	-0.0704394
1.635	0.321803	-0.172914	0.539195	0.0511287	-1.36395	-0.0704394
1.64	0.321787	-0.172916	0.539191	0.0491572	-1.36256	-0.067723
1.645	0.321851	-0.172911	0.539203	0.0491572	-1.36256	-0.067723
1.65	0.321914	-0.172905	0.539216	0.0491572	-1.36256	-0.067723
1.655	0.321915	-0.172906	0.539215	0.0476095	-1.36148	-0.065591
1.66	0.321977	-0.172901	0.539228	0.0476095	-1.36148	-0.065591
1.665	0.32204	-0.172896	0.53924	0.0476095	-1.36148	-0.065591
1.67	0.322102	-0.17289	0.539252	0.0476095	-1.36148	-0.065591
1.675	0.322087	-0.172893	0.539248	0.0456779	-1.36012	-0.0629297
1.68	0.322149	-0.172888	0.539261	0.0456779	-1.36012	-0.0629297
1.685	0.32221	-0.172883	0.539273	0.0456779	-1.36012	-0.0629297
1.69	0.322271	-0.172877	0.539285	0.0456779	-1.36012	-0.0629297
1.695	0.322255	-0.172881	0.539281	0.0437322	-1.35876	-0.0602491
1.7	0.322316	-0.172875	0.539293	0.0437322	-1.35876	-0.0602491
1.705	0.322376	-0.17287	0.539305	0.0437322	-1.35876	-0.0602491
1.71	0.322437	-0.172865	0.539317	0.0437322	-1.35876	-0.0602491
1.715	0.32242	-0.172868	0.539312	0.0418113	-1.35741	-0.0576028
1.72	0.32248	-0.172863	0.539324	0.0418113	-1.35741	-0.0576028
1.725	0.32254	-0.172858	0.539336	0.0418113	-1.35741	-0.0576028
1.73	0.322599	-0.172852	0.539348	0.0418113	-1.35741	-0.0576028
1.735	0.322583	-0.172856	0.539344	0.0399204	-1.35609	-0.0549976
1.74	0.322642	-0.172851	0.539355	0.0399204	-1.35609	-0.0549976
1.745	0.3227	-0.172845	0.539367	0.0399204	-1.35609	-0.0549976
1.75	0.322759	-0.17284	0.539378	0.0399204	-1.35609	-0.0549976
1.755	0.322743	-0.172844	0.539374	0.0380609	-1.35478	-0.0524359
1.76	0.322801	-0.172839	0.539386	0.0380609	-1.35478	-0.0524359
1.765	0.322858	-0.172833	0.539397	0.0380609	-1.35478	-0.0524359
1.77	0.322916	-0.172828	0.539408	0.0380609	-1.35478	-0.0524359
1.775	0.3229	-0.172832	0.539404	0.0362342	-1.3535	-0.0499192
1.78	0.322957	-0.172827	0.539416	0.0362342	-1.3535	-0.0499192
1.785	0.323013	-0.172821	0.539427	0.0362342	-1.3535	-0.0499192
1.79	0.323069	-0.172816	0.539438	0.0362342	-1.3535	-0.0499192
1.795	0.323054	-0.172821	0.539434	0.0344413	-1.35225	-0.0474491
1.8	0.32311	-0.172815	0.539445	0.0344413	-1.35225	-0.0474491
1.805	0.323165	-0.17281	0.539456	0.0344413	-1.35225	-0.0474491
1.81	0.32322	-0.172805	0.539467	0.0344413	-1.35225	-0.0474491
1.815	0.323205	-0.172809	0.539463	0.0326833	-1.35101	-0.0450273
1.82	0.32326	-0.172804	0.539474	0.0326833	-1.35101	-0.0450273
1.825	0.323314	-0.172799	0.539484	0.0326833	-1.35101	-0.0450273
1.83	0.323368	-0.172793	0.539495	0.0326833	-1.35101	-0.0450273
1.835	0.323353	-0.172798	0.539492	0.0309615	-1.34981	-0.0426551
1.84	0.323407	-0.172793	0.539502	0.0309615	-1.34981	-0.0426551
1.845	0.32346	-0.172788	0.539512	0.0309615	-1.34981	-0.0426551
1.85	0.323513	-0.172782	0.539523	0.0309615	-1.34981	-0.0426551
1.855	0.323498	-0.172787	0.539519	0.0292768	-1.34863	-0.0403342
1.86	0.32355	-0.172782	0.53953	0.0292768	-1.34863	-0.0403342
1.865	0.323602	-0.172777	0.53954	0.0292768	-1.34863	-0.0403342
1.87	0.323654	-0.172771	0.53955	0.0292768	-1.34863	-0.0403342
1.875	0.32364	-0.172777	0.539547	0.0276304	-1.34747	-0.0380659
1.88	0.32369	-0.172771	0.539556	0.0276304	-1.34747	-0.0380659
1.885	0.323741	-0.172766	0.539566	0.0276304	-1.34747	-0.0380659
1.89	0.323791	-0.172761	0.539576	0.0276304	-1.34747	-0.0380659
1.895	0.323778	-0.172766	0.539573	0.0260231	-1.34634	-0.0358517
1.9	0.323827	-0.172761	0.539583	0.0260231	-1.34634	-0.0358517
1.905	0.323877	-0.172756	0.539592	0.0260231	-1.34634	-0.0358517
1.91	0.323926	-0.172751	0.539602	0.0260231	-1.34634	-0.0358517
1.915	0.323912	-0.172756	0.539599	0.0244562	-1.34525	-0.0336929
1.92	0.323961	-0.172751	0.539608	0.0244562	-1.34525	-0.0336929
1.925	0.324009	-0.172746	0.539618	0.0244562	-1.34525	-0.0336929
1.93	0.324056	-0.172741	0.539627	0.0244562	-1.34525	-0.0336929
1.935	0.324043	-0.172746	0.539624	0.0229305	-1.34418	-0.0315909
1.94	0.32409	-0.172741	0.539633	0.0229305	-1.34418	-0.0315909
1.945	0.324137	-0.172736	0.539642	0.0229305	-1.34418	-0.0315909
1.95	0.324183	-0.172731	0.539651	0.0229305	-1.34418	-0.0315909
1.955	0.324229	-0.172726	0.53966	0.0229305	-1.34418	-0.0315909
1.96	0.324203	-0.172734	0.539655	0.0211212	-1.34291	-0.0290982
1.965	0.324249	-0.172729	0.539664	0.0211212	-1.34291	-0.0290982
1.97	0.324294	-0.172724	0.539672	0.0211212	-1.34291	-0.0290982
1.975	0.324338	-0.172719	0.539681	0.0211212	-1.34291	-0.0290982
1.98	0.324383	-0.172715	0.53969	0.0211212	-1.34291	-0.0290982
1.985	0.324356	-0.172723	0.539684	0.0193437	-1.34166	-0.0266494
1.99	0.3244	-0.172718	0.539693	0.0193437	-1.34166	-0.0266494
1.995	0.324443	-0.172713	0.539701	0.0193437	-1.34166	-0.0266494
2.0	0.324486	-0.172708	0.539709	0.0193437	-1.34166	-0.0266494
2.005	0.324528	-0.172704	0.539717	0.0193437	-1.34166	-0.0266494
2.01	0.324503	-0.172712	0.539712	0.0176321	-1.34046	-0.0242913
2.015	0.324545	-0.172707	0.53972	0.0176321	-1.34046	-0.0242913
2.02	0.324586	-0.172702	0.539728	0.0176321	-1.34046	-0.0242913
2.025	0.324627	-0.172698	0.539736	0.0176321	-1.34046	-0.0242913
2.03	0.324668	-0.172693	0.539744	0.0176321	-1.34046	-0.0242913
2.035	0.324643	-0.172701	0.539739	0.0159911	-1.33931	-0.0220306
2.04	0.324683	-0.172697	0.539747	0.0159911	-1.33931	-0.0220306
2.045	0.324723	-0.172692	0.539755	0.0159911	-1.33931	-0.0220306
2.05	0.324762	-0.172688	0.539762	0.0159911	-1.33931	-0.0220306
2.055	0.324801	-0.172683	0.53977	0.0159911	-1.33931	-0.0220306
2.06	0.324778	-0.172691	0.539765	0.0144229	-1.33821	-0.0198701
2.065	0.324816	-0.172687	0.539772	0.0144229	-1.33821	-0.0198701
2.07	0.324854	-0.172682	0.53978	0.0144229	-1.33821	-0.0198701
2.075	0.324891	-0.172678	0.539787	0.0144229	-1.33821	-0.0198701
2.08	0.324928	-0.172674	0.539794	0.0144229	-1.33821	-0.0198701
2.085	0.324965	-0.17267	0.539801	0.0144229	-1.33821	-0.0198701
2.09	0.324932	-0.172679	0.539795	0.0126703	-1.33698	-0.0174556
2.095	0.324967	-0.172675	0.539802	0.0126703	-1.33698	-0.0174556
2.1	0.325003	-0.172671	0.539808	0.0126703	-1.33698	-0.0174556
2.105	0.325038	-0.172667	0.539815	0.0126703	-1.33698	-0.0174556
2.11	0.325073	-0.172663	0.539822	0.0126703	-1.33698	-0.0174556
2.115	0.325107	-0.172659	0.539828	0.0126703	-1.33698	-0.0174556
2.12	0.325075	-0.172668	0.539822	0.0109974	-1.33581	-0.0151507
2.125	0.325108	-0.172665	0.539829	0.0109974	-1.33581	-0.0151507
2.13	0.325141	-0.172661	0.539835	0.0109974	-1.33581	-0.0151507
2.135	0.325174	-0.172657	0.539841	0.0109974	-1.33581	-0.0151507
2.14	0.325206	-0.172653	0.539847	0.0109974	-1.33581	-0.0151507
2.145	0.325238	-0.172649	0.539854	0.0109974	-1.33581	-0.0151507
2.15	0.325208	-0.172659	0.539848	0.00943307	-1.33471	-0.0129957
2.155	0.325239	-0.172655	0.539854	0.00943307	-1.33471	-0.0129957
2.16	0.32527	-0.172651	0.53986	0.00943307	-1.33471	-0.0129957
2.165	0.3253	-0.172648	0.539865	0.00943307	-1.33471	-0.0129957
2.17	0.32533	-0.172644	0.539871	0.00943307	-1.33471	-0.0129957
2.175	0.32536	-0.172641	0.539877	0.00943307	-1.33471	-0.0129957
2.18	0.325389	-0.172637	0.539882	0.00943307	-1.33471	-0.0129957
2.185	0.325352	-0.172648	0.539876	0.00777744	-1.33355	-0.0107147
2.19	0.325381	-0.172644	0.539881	0.00777744	-1.33355	-0.0107147
2.195	0.325408	-0.172641	0.539886	0.00777744	-1.33355	-0.0107147
2.2	0.325436	-0.172638	0.539891	0.00777744	-1.33355	-0.0107147
2.205	0.325463	-0.172634	0.539897	0.00777744	-1.33355	-0.0107147
2.21	0.32549	-0.172631	0.539902	0.00777744	-1.33355	-0.0107147
2.215	0.325516	-0.172628	0.539907	0.00777744	-1.33355	-0.0107147
2.22	0.325482	-0.172638	0.5399	0.00625485	-1.33248	-0.00861708
2.225	0.325507	-0.172635	0.539905	0.00625485	-1.33248	-0.00861708
2.23	0.325532	-0.172632	0.53991	0.00625485	-1.33248	-0.00861708
2.235	0.325557	-0.172629	0.539915	0.00625485	-1.33248	-0.00861708
2.24	0.325581	-0.172626	0.539919	0.00625485	-1.33248	-0.00861708
2.245	0.325605	-0.172623	0.539924	0.00625485	-1.33248	-0.00861708
2.25	0.325628	-0.17262	0.539928	0.00625485	-1.33248	-0.00861708
2.255	0.325651	-0.172617	0.539933	0.00625485	-1.33248	-0.00861708
2.26	0.325613	-0.172628	0.539926	0.00473026	-1.33141	-0.00651667
2.265	0.325635	-0.172625	0.53993	0.00473026	-1.33141	-0.00651667
2.27	0.325657	-0.172623	0.539934	0.00473026	-1.33141	-0.00651667
2.275	0.325678	-0.17262	0.539938	0.00473026	-1.33141	-0.00651667
2.28	0.325699	-0.172618	0.539942	0.00473026	-1.33141	-0.00651667
2.285	0.325719	-0.172615	0.539946	0.00473026	-1.33141	-0.00651667
2.29	0.325739	-0.172613	0.53995	0.00473026	-1.33141	-0.00651667
2.295	0.325759	-0.17261	0.539953	0.00473026	-1.33141	-0.00651667
2.3	0.325778	-0.172608	0.539957	0.00473026	-1.33141	-0.00651667
2.305	0.325797	-0.172606	0.53996	0.00473026	-1.33141	-0.00651667
2.31	0.325752	-0.172618	0.539952	0.00313476	-1.3303	-0.00431855
2.315	0.32577	-0.172615	0.539956	0.00313476	-1.3303	-0.00431855
2.32	0.325787	-0.172613	0.539959	0.00313476	-1.3303	-0.00431855
2.325	0.325804	-0.172611	0.539962	0.00313476	-1.3303	-0.00431855
2.33	0.325821	-0.172609	0.539965	0.00313476	-1.3303	-0.00431855
2.335	0.325837	-0.172607	0.539968	0.00313476	-1.3303	-0.00431855
2.34	0.325852	-0.172605	0.539971	0.00313476	-1.3303	-0.00431855
2.345	0.325867	-0.172603	0.539974	0.00313476	-1.3303	-0.00431855
2.35	0.325882	-0.172601	0.539977	0.00313476	-1.3303	-0.00431855
2.355	0.325897	-0.1726	0.53998	0.00313476	-1.3303	-0.00431855
2.36	0.32591	-0.172598	0.539982	0.00313476	-1.3303	-0.00431855
2.365	0.325924	-0.172596	0.539985	0.00313476	-1.3303	-0.00431855
2.37	0.325937	-0.172595	0.539987	0.00313476	-1.3303	-0.00431855
2.375	0.325888	-0.172607	0.539978	0.0015596	-1.32919	-0.00214847
2.38	0.3259	-0.172606	0.539981	0.0015596	-1.32919	-0.00214847
2.385	0.325911	-0.172604	0.539983	0.0015596	-1.32919	-0.00214847
2.39	0.325923	-0.172603	0.539985	0.0015596	-1.32919	-0.00214847
2.395	0.325934	-0.172602	0.539987	0.0015596	-1.32919	-0.00214847
2.4	0.325944	-0.1726	0.539989	0.0015596	-1.32919	-0.00214847
2.405	0.325954	-0.172599	0.539991	0.0015596	-1.32919	-0.00214847
2.41	0.325963	-0.172598	0.539993	0.0015596	-1.32919	-0.00214847
2.415	0.325972	-0.172597	0.539994	0.0015596	-1.32919	-0.00214847
2.42	0.32598	-0.172596	0.539996	0.0015596	-1.32919	-0.00214847
2.425	0.325988	-0.172595	0.539997	0.0015596	-1.32919	-0.00214847
2.43	0.325996	-0.172594	0.539999	0.0015596	-1.32919	-0.00214847
2.435	0.326004	-0.172593	0.54	0.0015596	-1.32919	-0.00214847
2.44	0.326011	-0.172592	0.540002	0.0015596	-1.32919	-0.00214847
2.445	0.326017	-0.172591	0.540003	0.0015596	-1.32919	-0.00214847
2.45	0.326023	-0.17259	0.540004	0.0015596	-1.32919	-0.00214847
2.455	0.326029	-0.17259	0.540005	0.0015596	-1.32919	-0.00214847
2.46	0.326034	-0.172589	0.540006	0.0015596	-1.32919	-0.00214847
2.465	0.326039	-0.172588	0.540007	0.0015596	-1.32919	-0.00214847
2.47	0.326043	-0.172588	0.540008	0.0015596	-1.32919	-0.00214847
2.475	0.326047	-0.172587	0.540008	0.0015596	-1.32919	-0.00214847
2.48	0.32605	-0.172587	0.540009	0.0015596	-1.32919	-0.00214847
2.485	0.326053	-0.172587	0.54001	0.0015596	-1.32919	-0.00214847
2.49	0.326055	-0.172586	0.54001	0.0015596	-1.32919	-0.00214847
2.495	0.326057	-0.172586	0.540011	0.0015596	-1.32919	-0.00214847
2.5	0.326059	-0.172586	0.540011	0.0015596	-1.32919	-0.00214847
2.505	0.32606	-0.172586	0.540011	0.0015596	-1.32919	-0.00214847
2.51	0.32606	-0.172586	0.540011	0.0015596	-1.32919	-0.00214847
2.515	0.326061	-0.172586	0.540011	0.0015596	-1.32919	-0.00214847
2.52	0.326061	-0.172586	0.540011	0.0015596	-1.32919	-0.00214847
2.525	0.326061	-0.172586	0.540011	0.0015596	-1.32919	-0.00214847
2.53	0.326062	-0.172587	0.54001	0.0015596	-1.32919	-0.00214847
2.535	0.326062	-0.172588	0.540009	0.0015596	-1.32919	-0.00214847
2.54	0.326062	-0.17259	0.540008	0.0015596	-1.32919	-0.00214847
2.545	0.326063	-0.172592	0.540006	0.0015596	-1.32919	-0.00214847
2.55	0.326063	-0.172595	0.540004	0.0015596	-1.32919	-0.00214847
2.555	0.326064	-0.172597	0.540002	0.0015596	-1.32919	-0.00214847
2.56	0.326064	-0.172601	0.539999	0.0015596	-1.32919	-0.00214847
2.565	0.326065	-0.172604	0.539997	0.0015596	-1.32919	-0.00214847
2.57	0.326015	-0.172614	0.539984	0.000467629	-1.32829	-0.000217419
2.575	0.326016	-0.172618	0.539981	0.000467629	-1.32829	-0.000217419
2.58	0.326017	-0.172623	0.539977	0.000467629	-1.32829	-0.000217419
2.585	0.326018	-0.172628	0.539973	0.000467629	-1.32829	-0.000217419
2.59	0.326019	-0.172633	0.539969	0.000467629	-1.32829	-0.000217419
2.595	0.32602	-0.172639	0.539964	0.000467628	-1.32829	-0.000217418
2.6	0.326022	-0.172645	0.53996	0.000467628	-1.32829	-0.000217418
2.605	0.326023	-0.172652	0.539954	0.000467628	-1.32829	-0.000217418
2.61	0.326025	-0.172659	0.539949	0.000467628	-1.32829	-0.000217418
2.615	0.326026	-0.172667	0.539943	0.000467628	-1.32829	-0.000217418
2.62	0.326028	-0.172674	0.539937	0.000467628	-1.32829	-0.000217417
2.625	0.32603	-0.172683	0.53993	0.000467628	-1.32829	-0.000217417
2.63	0.326032	-0.172691	0.539924	0.000467627	-1.32829	-0.000217417
2.635	0.326034	-0.1727	0.539917	0.000467627	-1.32829	-0.000217416
2.64	0.326047	-0.172681	0.539912	0.00164068	-1.32856	-2.09002e-05
2.645	0.326049	-0.17269	0.539905	0.00164068	-1.32856	-2.08998e-05
2.65	0.326051	-0.1727	0.539897	0.00164068	-1.32856	-2.08994e-05
2.655	0.326054	-0.17271	0.539889	0.00164068	-1.32856	-2.0899e-05
2.66	0.326056	-0.172721	0.53988	0.00164068	-1.32856	-2.08985e-05
2.665	0.326058	-0.172732	0.539872	0.00164068	-1.32856	-2.0898e-05
2.67	0.326061	-0.172744	0.539863	0.00164068	-1.32856	-2.08975e-05
2.675	0.326063	-0.172755	0.539853	0.00164068	-1.32856	-2.08969e-05
2.68	0.326082	-0.172738	0.539848	0.00293501	-1.3289	-1.0412e-06
2.685	0.326085	-0.172751	0.539838	0.00293501	-1.3289	-1.04057e-06
2.69	0.326088	-0.172763	0.539828	0.00293501	-1.3289	-1.03991e-06
2.695	0.326091	-0.172777	0.539817	0.00293501	-1.3289	-1.0392e-06
2.7	0.326094	-0.17279	0.539807	0.00293501	-1.3289	-1.03846e-06
2.705	0.326097	-0.172804	0.539796	0.00293501	-1.3289	-1.03768e-06
2.71	0.3261	-0.172818	0.539784	0.00293501	-1.3289	-1.03685e-06
2.715	0.326122	-0.172801	0.539777	0.00435413	-1.32929	1.16221e-06
2.72	0.326125	-0.172816	0.539765	0.00435413	-1.32929	1.16312e-06
2.725	0.326128	-0.172832	0.539753	0.00435413	-1.32929	1.16407e-06
2.73	0.326132	-0.172847	0.539741	0.00435413	-1.32929	1.16506e-06
2.735	0.326135	-0.172863	0.539728	0.00435413	-1.32929	1.1661e-06
2.74	0.326139	-0.17288	0.539715	0.00435413	-1.32929	1.16718e-06
2.745	0.326161	-0.172864	0.539706	0.00579155	-1.32969	1.4252e-06
2.75	0.326165	-0.172881	0.539693	0.00579155	-1.32969	1.42638e-06
2.755	0.326168	-0.172899	0.539679	0.00579155	-1.32969	1.4276e-06
2.76	0.326172	-0.172917	0.539665	0.00579155	-1.32969	1.42887e-06
2.765	0.326176	-0.172935	0.53965	0.00579155	-1.32969	1.4302e-06
2.77	0.326198	-0.172923	0.53964	0.00714677	-1.33006	1.31839e-06
2.775	0.326202	-0.172942	0.539625	0.00714677	-1.33006	1.31981e-06
2.78	0.326206	-0.172961	0.53961	0.00714677	-1.33006	1.32129e-06
2.785	0.32621	-0.172981	0.539594	0.00714677	-1.33006	1.32281e-06
2.79	0.326215	-0.173001	0.539579	0.00714677	-1.33006	1.32439e-06
2.795	0.326238	-0.172988	0.539567	0.00861119	-1.33046	1.50863e-06
2.8	0.326243	-0.173009	0.539551	0.00861119	-1.33046	1.51032e-06
2.805	0.326247	-0.173029	0.539534	0.00861119	-1.33046	1.51206e-06
2.81	0.326252	-0.173051	0.539517	0.00861119	-1.33046	1.51385e-06
2.815	0.326273	-0.173043	0.539504	0.00990459	-1.33081	1.24006e-06
2.82	0.326278	-0.173065	0.539487	0.00990459	-1.33081	1.24197e-06
2.825	0.326283	-0.173088	0.539469	0.00990458	-1.33081	1.24393e-06
2.83	0.326288	-0.17311	0.539451	0.00990458	-1.33081	1.24595e-06
2.835	0.32631	-0.173103	0.539438	0.0112534	-1.33118	1.31254e-06
2.84	0.326315	-0.173126	0.539419	0.0112534	-1.33118	1.31468e-06
2.845	0.326321	-0.17315	0.5394	0.0112534	-1.33118	1.31687e-06
2.85	0.326326	-0.173174	0.539382	0.0112534	-1.33118	1.31912e-06
2.855	0.326349	-0.173166	0.539367	0.0126794	-1.33157	1.46183e-06
2.86	0.326355	-0.17319	0.539347	0.0126794	-1.33157	1.4642e-06
2.865	0.32636	-0.173215	0.539328	0.0126794	-1.33157	1.46663e-06
2.87	0.326366	-0.173241	0.539308	0.0126794	-1.33157	1.46912e-06
2.875	0.326391	-0.173232	0.539292	0.0141834	-1.33198	1.62869e-06
2.88	0.326397	-0.173258	0.539272	0.0141834	-1.33198	1.6313e-06
2.885	0.326402	-0.173284	0.539251	0.0141834	-1.33198	1.63397e-06
2.89	0.326408	-0.173311	0.53923	0.0141834	-1.33198	1.6367e-06
2.895	0.326434	-0.173302	0.539214	0.0157644	-1.33242	1.80325e-06
2.9	0.32644	-0.173329	0.539192	0.0157644	-1.33242	1.8061e-06
2.905	0.326446	-0.173357	0.539171	0.0157644	-1.33242	1.80902e-06
2.91	0.326469	-0.173356	0.539153	0.0170404	-1.33277	1.27304e-06
2.915	0.326475	-0.173384	0.539131	0.0170404	-1.33277	1.27608e-06
2.92	0.326481	-0.173412	0.539108	0.0170404	-1.33277	1.27918e-06
2.925	0.326504	-0.173412	0.53909	0.0183229	-1.33312	1.23639e-06
2.93	0.32651	-0.173441	0.539067	0.0183229	-1.33312	1.23961e-06
2.935	0.326517	-0.17347	0.539043	0.0183229	-1.33312	1.2429e-06
2.94	0.32654	-0.17347	0.539024	0.0196427	-1.33348	1.30032e-06
2.945	0.326547	-0.1735	0.539001	0.0196427	-1.33348	1.30373e-06
2.95	0.326553	-0.17353	0.538977	0.0196427	-1.33348	1.3072e-06
2.955	0.326577	-0.17353	0.538957	0.0210023	-1.33385	1.38054e-06
2.96	0.326584	-0.173561	0.538933	0.0210023	-1.33385	1.38414e-06
2.965	0.326591	-0.173592	0.538908	0.0210022	-1.33385	1.38779e-06
2.97	0.326616	-0.173591	0.538888	0.0224012	-1.33423	1.46392e-06
2.975	0.326623	-0.173623	0.538863	0.0224012	-1.33423	1.4677e-06
2.98	0.32663	-0.173655	0.538838	0.0224012	-1.33423	1.47155e-06
2.985	0.326655	-0.173655	0.538817	0.0238388	-1.33463	1.54853e-06
2.99	0.326662	-0.173687	0.538791	0.0238388	-1.33463	1.55249e-06
2.995	0.32667	-0.17372	0.538765	0.0238388	-1.33463	1.55652e-06
3.0	0.326696	-0.17372	0.538744	0.0253143	-1.33503	1.63396e-06
3.005	0.326703	-0.173753	0.538717	0.0253143	-1.33503	1.6381e-06
3.01	0.326711	-0.173786	0.538691	0.0253143	-1.33503	1.64231e-06
3.015	0.326737	-0.173786	0.538669	0.0268267	-1.33545	1.72001e-06
3.02	0.326745	-0.17382	0.538642	0.0268267	-1.33545	1.72434e-06
3.025	0.326752	-0.173855	0.538615	0.0268267	-1.33545	1.72873e-06
3.03	0.32678	-0.173854	0.538593	0.0283753	-1.33587	1.80651e-06
3.035	0.326787	-0.173889	0.538565	0.0283753	-1.33587	1.81102e-06
3.04	0.326795	-0.173924	0.538537	0.0283753	-1.33587	1.81558e-06
3.045	0.326823	-0.173924	0.538514	0.0299591	-1.3363	1.89329e-06
3.05	0.326831	-0.17396	0.538486	0.0299591	-1.3363	1.89796e-06
3.055	0.326839	-0.173995	0.538458	0.0299591	-1.3363	1.9027e-06
3.06	0.326867	-0.173995	0.538434	0.0315774	-1.33675	1.98015e-06
3.065	0.326876	-0.174031	0.538405	0.0315774	-1.33675	1.98499e-06
3.07	0.326884	-0.174068	0.538376	0.0315774	-1.33675	1.9899e-06
3.075	0.326913	-0.174068	0.538353	0.0332291	-1.3372	2.06692e-06
3.08	0.326921	-0.174105	0.538323	0.0332291	-1.3372	2.07193e-06
3.085	0.32693	-0.174142	0.538294	0.0332291	-1.3372	2.077e-06
3.09	0.326959	-0.174142	0.53827	0.0349134	-1.33766	2.15342e-06
3.095	0.326967	-0.174179	0.53824	0.0349134	-1.33766	2.15859e-06
3.1	0.326976	-0.174217	0.538209	0.0349134	-1.33766	2.16382e-06
3.105	0.327006	-0.174217	0.538185	0.0366294	-1.33813	2.23947e-06
3.11	0.327015	-0.174256	0.538154	0.0366294	-1.33813	2.2448e-06
3.115	0.327023	-0.174294	0.538123	0.0366294	-1.33813	2.25018e-06
3.12	0.327054	-0.174294	0.538098	0.038376	-1.33861	2.3249e-06
3.125	0.327063	-0.174333	0.538067	0.0383759	-1.33861	2.33038e-06
3.13	0.327087	-0.174344	0.53804	0.0396165	-1.33895	1.33704e-06
3.135	0.327096	-0.174384	0.538009	0.0396165	-1.33895	1.34261e-06
3.14	0.327105	-0.174424	0.537977	0.0396165	-1.33895	1.34824e-06
3.145	0.327135	-0.174425	0.537952	0.0413584	-1.33943	2.23868e-06
3.15	0.327145	-0.174465	0.53792	0.0413584	-1.33943	2.24439e-06
3.155	0.327169	-0.174477	0.537892	0.0426269	-1.33977	1.38319e-06
3.16	0.327179	-0.174517	0.53786	0.0426268	-1.33977	1.38899e-06
3.165	0.327203	-0.17453	0.537831	0.0438579	-1.34011	1.23923e-06
3.17	0.327212	-0.174571	0.537799	0.0438579	-1.34011	1.24512e-06
3.175	0.327237	-0.174584	0.53777	0.0450958	-1.34045	1.23939e-06
3.18	0.327246	-0.174626	0.537737	0.0450958	-1.34045	1.24536e-06
3.185	0.327271	-0.174639	0.537709	0.0463447	-1.34079	1.2609e-06
3.19	0.327281	-0.174681	0.537676	0.0463447	-1.34079	1.26695e-06
3.195	0.327306	-0.174695	0.537647	0.0476047	-1.34114	1.28497e-06
3.2	0.327315	-0.174737	0.537613	0.0476047	-1.34114	1.29109e-06
3.205	0.32734	-0.17475	0.537584	0.0488756	-1.34148	1.30904e-06
3.21	0.32735	-0.174793	0.53755	0.0488756	-1.34148	1.31524e-06
3.215	0.327376	-0.174807	0.537521	0.0501571	-1.34183	1.33276e-06
3.22	0.327386	-0.174849	0.537487	0.0501571	-1.34183	1.33903e-06
3.225	0.327411	-0.174863	0.537457	0.0514488	-1.34219	1.35609e-06
3.23	0.327421	-0.174906	0.537423	0.0514488	-1.34219	1.36242e-06
3.235	0.327447	-0.17492	0.537393	0.0527505	-1.34254	1.37898e-06
3.24	0.327457	-0.174964	0.537358	0.0527505	-1.34254	1.38538e-06
3.245	0.327483	-0.174978	0.537328	0.0540617	-1.3429	1.40143e-06
3.25	0.327493	-0.175021	0.537293	0.0540617	-1.3429	1.40788e-06
3.255	0.327519	-0.175036	0.537263	0.0553823	-1.34327	1.4234e-06
3.26	0.327529	-0.17508	0.537228	0.0553823	-1.34327	1.4299e-06
3.265	0.327555	-0.175094	0.537197	0.0567118	-1.34363	1.44487e-06
3.27	0.327566	-0.175138	0.537162	0.0567118	-1.34363	1.45143e-06
3.275	0.327592	-0.175153	0.537131	0.0580499	-1.344	1.46582e-06
3.28	0.327602	-0.175197	0.537096	0.0580499	-1.344	1.47243e-06
3.285	0.327629	-0.175212	0.537065	0.0593963	-1.34436	1.48623e-06
3.29	0.327639	-0.175257	0.537029	0.0593963	-1.34436	1.49288e-06
3.295	0.327666	-0.175271	0.536998	0.0607507	-1.34474	1.50609e-06
3.3	0.327676	-0.175316	0.536962	0.0607507	-1.34474	1.51277e-06
3.305	0.327703	-0.175331	0.536931	0.0621127	-1.34511	1.52536e-06
3.31	0.327714	-0.175376	0.536895	0.0621127	-1.34511	1.53208e-06
3.315	0.327741	-0.175391	0.536863	0.0634819	-1.34548	1.54404e-06
3.32	0.327751	-0.175436	0.536827	0.0634819	-1.34548	1.55079e-06
3.325	0.327778	-0.175451	0.536795	0.0648581	-1.34586	1.56209e-06
3.33	0.327789	-0.175497	0.536759	0.0648581	-1.34586	1.56887e-06
3.335	0.327816	-0.175512	0.536727	0.0662409	-1.34624	1.57951e-06
3.34	0.327827	-0.175558	0.536691	0.0662409	-1.34624	1.58632e-06
3.345	0.327854	-0.175573	0.536659	0.0676299	-1.34662	1.59628e-06
3.35	0.327865	-0.175619	0.536622	0.0676299	-1.34662	1.6031e-06
3.355	0.327892	-0.175634	0.53659	0.0690249	-1.347	1.61237e-06
3.36	0.327904	-0.17568	0.536553	0.0690248	-1.347	1.61921e-06
3.365	0.327931	-0.175695	0.536521	0.0704253	-1.34738	1.62777e-06
3.37	0.327942	-0.175742	0.536484	0.0704253	-1.34738	1.63462e-06
3.375	0.327969	-0.175757	0.536452	0.071831	-1.34777	1.64247e-06
3.38	0.327981	-0.175804	0.536414	0.071831	-1.34777	1.64932e-06
3.385	0.328008	-0.175819	0.536382	0.0732415	-1.34816	1.65645e-06
3.39	0.328019	-0.175866	0.536345	0.0732415	-1.34816	1.6633e-06
3.395	0.328047	-0.175881	0.536312	0.0746566	-1.34854	1.66968e-06
3.4	0.328058	-0.175928	0.536275	0.0746566	-1.34854	1.67654e-06
3.405	0.328086	-0.175943	0.536242	0.0760757	-1.34893	1.68217e-06
3.41	0.328097	-0.17599	0.536205	0.0760757	-1.34893	1.68902e-06
3.415	0.328125	-0.176005	0.536172	0.0774987	-1.34932	1.69389e-06
3.42	0.328136	-0.176053	0.536134	0.0774987	-1.34932	1.70074e-06
3.425	0.328164	-0.176068	0.536102	0.0789251	-1.34971	1.70484e-06
3.43	0.328175	-0.176115	0.536064	0.0789251	-1.34971	1.71167e-06
3.435	0.328203	-0.176131	0.536031	0.0803546	-1.3501	1.71499e-06
3.44	0.328214	-0.176178	0.535993	0.0803546	-1.3501	1.7218e-06
3.445	0.328242	-0.176193	0.535961	0.0817868	-1.3505	1.72434e-06
3.45	0.328254	-0.176241	0.535923	0.0817868	-1.3505	1.73113e-06
3.455	0.328281	-0.176256	0.53589	0.0832214	-1.35089	1.73288e-06
3.46	0.328293	-0.176304	0.535852	0.0832214	-1.35089	1.73965e-06
3.465	0.328321	-0.176319	0.535819	0.084658	-1.35128	1.7406e-06
3.47	0.328332	-0.176367	0.535781	0.084658	-1.35128	1.74734e-06
3.475	0.32836	-0.176382	0.535748	0.0860963	-1.35168	1.74748e-06
3.48	0.328372	-0.17643	0.53571	0.0860963	-1.35168	1.75418e-06
3.485	0.328399	-0.176445	0.535677	0.0875359	-1.35207	1.75352e-06
3.49	0.328411	-0.176493	0.535639	0.0875359	-1.35207	1.76019e-06
3.495	0.328439	-0.176508	0.535606	0.0889764	-1.35246	1.75871e-06
3.5	0.328451	-0.176556	0.535568	0.0889764	-1.35246	1.76534e-06
3.505	0.328478	-0.176572	0.535535	0.0904175	-1.35286	1.76304e-06
3.51	0.32849	-0.176619	0.535497	0.0904174	-1.35286	1.76963e-06
3.515	0.328518	-0.176635	0.535464	0.0918588	-1.35325	1.76651e-06
3.52	0.32853	-0.176682	0.535426	0.0918587	-1.35325	1.77306e-06
3.525	0.328557	-0.176698	0.535393	0.0932999	-1.35365	1.76911e-06
3.53	0.328569	-0.176745	0.535355	0.0932999	-1.35365	1.77561e-06
3.535	0.328597	-0.176761	0.535322	0.0947406	-1.35404	1.77084e-06
3.54	0.328609	-0.176808	0.535284	0.0947406	-1.35404	1.77728e-06
3.545	0.328636	-0.176824	0.535251	0.0961804	-1.35444	1.77169e-06
3.55	0.328648	-0.176871	0.535213	0.0961804	-1.35444	1.77808e-06
3.555	0.328676	-0.176887	0.53518	0.097619	-1.35483	1.77166e-06
3.56	0.328687	-0.176934	0.535142	0.097619	-1.35483	1.77799e-06
3.565	0.328715	-0.17695	0.53511	0.099056	-1.35522	1.77075e-06
3.57	0.328727	-0.176997	0.535071	0.099056	-1.35522	1.77702e-06
3.575	0.328754	-0.177013	0.535039	0.100491	-1.35562	1.76896e-06
3.58	0.328766	-0.17706	0.535001	0.100491	-1.35562	1.77516e-06
3.585	0.328793	-0.177076	0.534968	0.101924	-1.35601	1.76628e-06
3.59	0.328805	-0.177123	0.53493	0.101924	-1.35601	1.77241e-06
3.595	0.328833	-0.177138	0.534898	0.103354	-1.3564	1.76271e-06
3.6	0.328845	-0.177185	0.53486	0.103354	-1.3564	1.76878e-06
3.605	0.328872	-0.177201	0.534827	0.104781	-1.35679	1.75827e-06
3.61	0.328872	-0.177201	0.534827	0.104859	-1.35717	-4.80357e-05
3.615	0.328869	-0.177196	0.534884	0.104933	-1.35752	-9.26666e-05
3.62	0.328864	-0.17719	0.534937	0.105005	-1.35786	-0.000135335
3.625	0.328858	-0.177184	0.534982	0.105072	-1.35817	-0.000172408
3.63	0.328851	-0.177179	0.535021	0.105135	-1.35846	-0.000206345
3.635	0.328842	-0.177174	0.535053	0.105194	-1.35873	-0.000235758
3.64	0.328833	-0.177168	0.53508	0.105251	-1.35898	-0.000263133
3.645	0.328823	-0.177163	0.535102	0.105304	-1.35922	-0.000286984
3.65	0.328812	-0.177158	0.535122	0.105356	-1.35944	-0.000309684
3.655	0.328801	-0.177153	0.535137	0.105406	-1.35966	-0.0003296
3.66	0.328789	-0.177148	0.535151	0.105455	-1.35987	-0.000349017
3.665	0.328777	-0.177143	0.535161	0.105502	-1.36006	-0.000366184
3.67	0.328766	-0.177139	0.535171	0.105548	-1.36026	-0.000383329
3.675	0.328753	-0.177134	0.535178	0.105593	-1.36044	-0.000398605
3.68	0.328741	-0.177129	0.535185	0.105637	-1.36063	-0.000414205
3.685	0.328729	-0.177124	0.53519	0.105681	-1.3608	-0.000428209
3.69	0.328717	-0.17712	0.535194	0.105725	-1.36098	-0.000442788
3.695	0.328705	-0.177115	0.535197	0.105767	-1.36115	-0.000455963
3.7	0.328693	-0.177111	0.535201	0.10581	-1.36133	-0.000469895
3.705	0.328681	-0.177106	0.535202	0.105852	-1.36149	-0.000482557
3.71	0.328669	-0.177101	0.535205	0.105894	-1.36166	-0.000496108
3.715	0.328657	-0.177097	0.535206	0.105936	-1.36183	-0.00050848
3.72	0.328645	-0.177092	0.535207	0.105978	-1.362	-0.000521837
3.725	0.328633	-0.177088	0.535208	0.10602	-1.36216	-0.000534076
3.73	0.328622	-0.177083	0.535209	0.106062	-1.36232	-0.000547372
3.735	0.32861	-0.177079	0.535209	0.106103	-1.36248	-0.000559588
3.74	0.328598	-0.177074	0.535209	0.106145	-1.36265	-0.000572913
3.745	0.328587	-0.17707	0.535209	0.106186	-1.36281	-0.000585182
3.75	0.328575	-0.177066	0.53521	0.106228	-1.36297	-0.000598598
3.755	0.328564	-0.177061	0.535209	0.10627	-1.36313	-0.000610971
3.76	0.328553	-0.177057	0.535209	0.106312	-1.36329	-0.000624521
3.765	0.328541	-0.177052	0.535209	0.106353	-1.36345	-0.000637033
3.77	0.32853	-0.177048	0.535209	0.106395	-1.36361	-0.000650744
3.775	0.328519	-0.177043	0.535208	0.106437	-1.36377	-0.000663415
3.78	0.328508	-0.177039	0.535208	0.106479	-1.36393	-0.000677306
3.785	0.328497	-0.177035	0.535207	0.106521	-1.36409	-0.000690151
3.79	0.328486	-0.17703	0.535208	0.106564	-1.36425	-0.000704231
3.795	0.328475	-0.177026	0.535207	0.106605	-1.36441	-0.000717259
3.8	0.328464	-0.177022	0.535207	0.106648	-1.36457	-0.000731535
3.805	0.328453	-0.177017	0.535206	0.10669	-1.36473	-0.000744749
3.81	0.328442	-0.177013	0.535206	0.106733	-1.36489	-0.000759534
3.815	0.328431	-0.177009	0.535206	0.106776	-1.36505	-0.000773682
3.82	0.32842	-0.177004	0.535206	0.106818	-1.36521	-0.000787935
3.825	0.328409	-0.177	0.535205	0.106861	-1.36537	-0.000801592
3.83	0.328398	-0.176996	0.535203	0.106903	-1.36553	-0.000815416
3.835	0.328387	-0.176991	0.535202	0.106945	-1.36568	-0.000828735
3.84	0.328376	-0.176987	0.5352	0.106987	-1.36584	-0.000842297
3.845	0.328365	-0.176982	0.535198	0.107029	-1.36599	-0.000855426
3.85	0.328354	-0.176978	0.535195	0.107071	-1.36615	-0.000868876
3.855	0.328343	-0.176974	0.535193	0.107113	-1.3663	-0.000881952
3.86	0.328332	-0.176969	0.53519	0.107155	-1.36645	-0.000895387
3.865	0.328321	-0.176965	0.535188	0.107197	-1.3666	-0.000908483
3.87	0.32831	-0.176961	0.535185	0.107239	-1.36675	-0.000921965
3.875	0.328299	-0.176956	0.535182	0.107281	-1.36691	-0.000935134
3.88	0.328288	-0.176952	0.535179	0.107323	-1.36706	-0.000948707
3.885	0.328277	-0.176948	0.535176	0.107365	-1.36721	-0.000961988
3.89	0.328266	-0.176943	0.535173	0.107408	-1.36736	-0.000975685
3.895	0.328255	-0.176939	0.53517	0.10745	-1.36751	-0.000989103
3.9	0.328244	-0.176934	0.535167	0.107493	-1.36766	-0.00100295
3.905	0.328233	-0.17693	0.535164	0.107535	-1.36781	-0.00101652
3.91	0.328222	-0.176926	0.535161	0.107578	-1.36796	-0.00103053
3.915	0.328211	-0.176921	0.535158	0.10762	-1.36811	-0.00104428
3.92	0.3282	-0.176917	0.535155	0.107663	-1.36826	-0.00105846
3.925	0.328189	-0.176913	0.535152	0.107706	-1.36841	-0.00107243
3.93	0.328178	-0.176908	0.53515	0.107749	-1.36857	-0.00108701
3.935	0.328168	-0.176904	0.535147	0.107792	-1.36872	-0.00110137
3.94	0.328157	-0.176899	0.535144	0.107836	-1.36887	-0.00111631
3.945	0.328146	-0.176895	0.535142	0.107879	-1.36902	-0.001131
3.95	0.328135	-0.176891	0.535139	0.107923	-1.36917	-0.00114626
3.955	0.328124	-0.176886	0.535137	0.107967	-1.36933	-0.00116126
3.96	0.328114	-0.176882	0.535135	0.108011	-1.36948	-0.00117681
3.965	0.328103	-0.176878	0.535132	0.108055	-1.36963	-0.00119208
3.97	0.328092	-0.176873	0.53513	0.108099	-1.36979	-0.0012079
3.975	0.328081	-0.176869	0.535128	0.108144	-1.36994	-0.00122342
3.98	0.32807	-0.176864	0.535126	0.108188	-1.37009	-0.00123949
3.985	0.32806	-0.17686	0.535124	0.108233	-1.37025	-0.00125525
3.99	0.328049	-0.176856	0.535122	0.108278	-1.3704	-0.00127155
3.995	0.328038	-0.176851	0.535119	0.108322	-1.37055	-0.00128755
4.0	0.328027	-0.176847	0.535117	0.108367	-1.37071	-0.00130408
4.005	0.328016	-0.176843	0.535115	0.108412	-1.37086	-0.00132031
4.01	0.328005	-0.176838	0.535113	0.108457	-1.37102	-0.00133705
4.015	0.327995	-0.176834	0.535111	0.108503	-1.37117	-0.0013535
4.02	0.327984	-0.17683	0.535109	0.108548	-1.37132	-0.00137046
4.025	0.327973	-0.176825	0.535107	0.108593	-1.37148	-0.00138712
4.03	0.327962	-0.176821	0.535105	0.108639	-1.37163	-0.0014043
4.035	0.327951	-0.176816	0.535103	0.108685	-1.37178	-0.00142118
4.04	0.32794	-0.176812	0.535101	0.108731	-1.37194	-0.00143857
4.045	0.32793	-0.176808	0.535099	0.108776	-1.37209	-0.00145565
4.05	0.327919	-0.176803	0.535097	0.108822	-1.37225	-0.00147326
4.055	0.327908	-0.176799	0.535095	0.108868	-1.3724	-0.00149048
4.06	0.327897	-0.176795	0.535092	0.108914	-1.37255	-0.0015081
4.065	0.327886	-0.17679	0.53509	0.108961	-1.37271	-0.00152564
4.07	0.327875	-0.176786	0.535089	0.109007	-1.37286	-0.0015438
4.075	0.327864	-0.176782	0.535087	0.109054	-1.37301	-0.00156171
4.08	0.327854	-0.176777	0.535085	0.1091	-1.37317	-0.00157975
4.085	0.327843	-0.176773	0.535082	0.109147	-1.37332	-0.00159757
4.09	0.327832	-0.176769	0.53508	0.109193	-1.37347	-0.00161547
4.095	0.327821	-0.176764	0.535077	0.109239	-1.37362	-0.00163313
4.1	0.32781	-0.17676	0.535075	0.109286	-1.37378	-0.00165137
4.105	0.327799	-0.176755	0.535072	0.109333	-1.37393	-0.00166937
4.11	0.327788	-0.176751	0.53507	0.10938	-1.37408	-0.00168795
4.115	0.327777	-0.176747	0.535067	0.109427	-1.37423	-0.00170625
4.12	0.327766	-0.176742	0.535065	0.109474	-1.37439	-0.00172508
4.125	0.327755	-0.176738	0.535061	0.10952	-1.37453	-0.00174215
4.13	0.327743	-0.176733	0.535054	0.109564	-1.37467	-0.0017569
4.135	0.327732	-0.176729	0.53505	0.109611	-1.37482	-0.00177481
4.14	0.32772	-0.176724	0.535044	0.109656	-1.37496	-0.00179045
4.145	0.327709	-0.17672	0.535042	0.109704	-1.37511	-0.0018093
4.15	0.327697	-0.176715	0.535036	0.109749	-1.37525	-0.0018258
4.155	0.327687	-0.176711	0.535034	0.109797	-1.37541	-0.00184543
4.16	0.327675	-0.176707	0.53503	0.109844	-1.37555	-0.00186265
4.165	0.327664	-0.176702	0.535028	0.109893	-1.37571	-0.00188291
4.17	0.327653	-0.176698	0.535024	0.109939	-1.37585	-0.00190072
4.175	0.327643	-0.176693	0.535023	0.109989	-1.37601	-0.0019215
4.18	0.327631	-0.176689	0.535019	0.110036	-1.37616	-0.00193979
4.185	0.327621	-0.176685	0.535018	0.110085	-1.37632	-0.00196101
4.19	0.327609	-0.17668	0.535014	0.110133	-1.37646	-0.00197971
4.195	0.327599	-0.176676	0.535014	0.110183	-1.37662	-0.00200131
4.2	0.327587	-0.176671	0.53501	0.110231	-1.37677	-0.00202038
4.205	0.327577	-0.176667	0.535009	0.110281	-1.37693	-0.00204232
4.21	0.327566	-0.176663	0.535006	0.110329	-1.37708	-0.00206171
4.215	0.327555	-0.176658	0.535005	0.11038	-1.37724	-0.00208397
4.22	0.327544	-0.176654	0.535002	0.110428	-1.37739	-0.00210366
4.225	0.327533	-0.176649	0.535002	0.110479	-1.37754	-0.00212621
4.23	0.327522	-0.176645	0.534998	0.110528	-1.37769	-0.00214618
4.235	0.327511	-0.176641	0.534998	0.110579	-1.37785	-0.00216901
4.24	0.3275	-0.176636	0.534994	0.110628	-1.378	-0.00218924
4.245	0.32749	-0.176632	0.534994	0.110679	-1.37816	-0.00221234
4.25	0.327478	-0.176628	0.534991	0.110728	-1.37831	-0.00223283
4.255	0.327468	-0.176623	0.53499	0.11078	-1.37847	-0.00225619
4.26	0.327456	-0.176619	0.534987	0.110829	-1.37862	-0.00227693
4.265	0.327446	-0.176615	0.534987	0.110881	-1.37878	-0.00230054
4.27	0.327434	-0.17661	0.534983	0.110931	-1.37893	-0.00232152
4.275	0.327424	-0.176606	0.534983	0.110983	-1.37908	-0.00234533
4.28	0.327412	-0.176601	0.534976	0.11103	-1.37922	-0.00236396
4.285	0.327398	-0.176597	0.534964	0.111074	-1.37934	-0.00237799
4.29	0.327383	-0.176592	0.534946	0.111114	-1.37944	-0.0023874
4.295	0.327367	-0.176587	0.534923	0.11115	-1.37953	-0.00239261
4.3	0.327351	-0.176583	0.534899	0.111185	-1.37961	-0.00239706
4.305	0.327336	-0.176578	0.534882	0.111226	-1.37971	-0.00240726
4.31	0.327321	-0.176573	0.53486	0.111263	-1.3798	-0.00241302
4.315	0.327304	-0.176568	0.534833	0.111296	-1.37987	-0.00241449
4.32	0.327287	-0.176563	0.534802	0.111327	-1.37993	-0.00241216
4.325	0.327268	-0.176557	0.534766	0.111354	-1.37997	-0.00240614
4.33	0.327249	-0.176552	0.534727	0.111379	-1.38	-0.00239683
4.335	0.327229	-0.176546	0.534684	0.111402	-1.38002	-0.00238432
4.34	0.327209	-0.17654	0.534638	0.111422	-1.38003	-0.00236899
4.345	0.327187	-0.176534	0.534589	0.11144	-1.38002	-0.00235089
4.35	0.327166	-0.176528	0.534537	0.111456	-1.38001	-0.00233037
4.355	0.327144	-0.176522	0.534483	0.111471	-1.37999	-0.00230747
4.36	0.327122	-0.176515	0.534426	0.111484	-1.37997	-0.00228295
4.365	0.3271	-0.176509	0.534369	0.111497	-1.37994	-0.00225773
4.37	0.327078	-0.176502	0.53431	0.111509	-1.3799	-0.00223071
4.375	0.327056	-0.176496	0.534249	0.111519	-1.37986	-0.00220167
4.38	0.327033	-0.176489	0.534187	0.111528	-1.37981	-0.00217167
4.385	0.327011	-0.176482	0.534124	0.111537	-1.37976	-0.00214148
4.39	0.326989	-0.176475	0.534059	0.111546	-1.37971	-0.00210996
4.395	0.326966	-0.176468	0.533993	0.111553	-1.37965	-0.00207686
4.4	0.326942	-0.176461	0.533925	0.111559	-1.37959	-0.00204266
4.405	0.326919	-0.176454	0.533857	0.111565	-1.37952	-0.0020074
4.41	0.326896	-0.176447	0.533788	0.111571	-1.37945	-0.00197225
4.415	0.326872	-0.17644	0.533718	0.111576	-1.37938	-0.00193635
4.42	0.326848	-0.176433	0.533646	0.11158	-1.3793	-0.00189965
4.425	0.326823	-0.176426	0.533573	0.111583	-1.37922	-0.00186233
4.43	0.326798	-0.176418	0.5335	0.111587	-1.37913	-0.00182436
4.435	0.326772	-0.176411	0.533425	0.111589	-1.37905	-0.00178589
4.44	0.326747	-0.176405	0.533354	0.111595	-1.37897	-0.00175213
4.445	0.326726	-0.176399	0.533299	0.111612	-1.37895	-0.00173331
4.45	0.326706	-0.176393	0.533246	0.111631	-1.37893	-0.00171732
4.455	0.326688	-0.176389	0.533206	0.111659	-1.37896	-0.00171343
4.46	0.326671	-0.176384	0.533166	0.111687	-1.37899	-0.00170978
4.465	0.326656	-0.176379	0.533135	0.111721	-1.37905	-0.00171367
4.47	0.32664	-0.176374	0.533102	0.111754	-1.3791	-0.0017158
4.475	0.326626	-0.17637	0.533072	0.111789	-1.37915	-0.00171981
4.48	0.326611	-0.176365	0.533041	0.111824	-1.37921	-0.0017242
4.485	0.326599	-0.176362	0.533017	0.111864	-1.37929	-0.00173689
4.49	0.326586	-0.176358	0.532992	0.111903	-1.37937	-0.0017492
4.495	0.326574	-0.176355	0.532973	0.111947	-1.37947	-0.00176706
4.5	0.326561	-0.176352	0.532952	0.111989	-1.37955	-0.00178354
4.505	0.32655	-0.176349	0.532935	0.112034	-1.37966	-0.00180493
4.51	0.326538	-0.176346	0.532916	0.112079	-1.37976	-0.00182461
4.515	0.326528	-0.176343	0.532902	0.112126	-1.37987	-0.00184878
4.52	0.326517	-0.176341	0.532886	0.112172	-1.37997	-0.0018721
4.525	0.326506	-0.176339	0.532875	0.112223	-1.3801	-0.00190209
4.53	0.326495	-0.176337	0.532862	0.112272	-1.38021	-0.00193075
4.535	0.326485	-0.176336	0.532854	0.112325	-1.38035	-0.00196579
4.54	0.326474	-0.176335	0.532843	0.112376	-1.38047	-0.0019983
4.545	0.326463	-0.176335	0.532836	0.11243	-1.38061	-0.00203548
4.55	0.326452	-0.176334	0.532826	0.112482	-1.38073	-0.00207048
4.555	0.326442	-0.176334	0.53282	0.112537	-1.38087	-0.00210993
4.56	0.326431	-0.176334	0.532811	0.112591	-1.381	-0.00214839
4.565	0.32642	-0.176335	0.532807	0.112648	-1.38115	-0.00219567
4.57	0.326408	-0.176337	0.532801	0.112705	-1.38129	-0.00224157
4.575	0.326397	-0.176339	0.532798	0.112764	-1.38144	-0.00229414
4.58	0.326385	-0.176342	0.532792	0.112822	-1.38158	-0.00234473
4.585	0.326372	-0.176346	0.53279	0.112884	-1.38173	-0.00240196
4.59	0.32636	-0.176349	0.532786	0.112943	-1.38188	-0.00245699
4.595	0.326347	-0.176354	0.532786	0.113006	-1.38204	-0.00251778
4.6	0.326334	-0.176358	0.532779	0.113065	-1.38218	-0.0025722
4.605	0.326319	-0.176361	0.53277	0.113121	-1.38231	-0.00262257
4.61	0.326306	-0.176364	0.532767	0.113182	-1.38246	-0.00267699
4.615	0.326294	-0.176367	0.532767	0.113245	-1.38262	-0.00273227
4.62	0.326281	-0.176369	0.532765	0.113306	-1.38277	-0.00278415
4.625	0.326268	-0.176371	0.532765	0.113369	-1.38293	-0.00283704
4.63	0.326254	-0.176372	0.532761	0.113429	-1.38308	-0.00288571
4.635	0.326241	-0.176374	0.532758	0.113489	-1.38323	-0.00293439
4.64	0.326228	-0.176375	0.532754	0.11355	-1.38338	-0.0029822
4.645	0.326214	-0.176376	0.532751	0.11361	-1.38353	-0.00303012
4.65	0.326201	-0.176377	0.532748	0.11367	-1.38367	-0.00307755
4.655	0.326188	-0.176378	0.532745	0.113731	-1.38382	-0.00312508
4.66	0.326174	-0.176379	0.532742	0.113792	-1.38397	-0.00317234
4.665	0.326161	-0.176379	0.532739	0.113853	-1.38412	-0.0032196
4.67	0.326147	-0.17638	0.532736	0.113914	-1.38427	-0.00326671
4.675	0.326134	-0.17638	0.532733	0.113975	-1.38443	-0.00331374
4.68	0.326121	-0.176381	0.53273	0.114036	-1.38458	-0.00336074
4.685	0.326107	-0.176381	0.532727	0.114098	-1.38473	-0.0034076
4.69	0.326094	-0.176382	0.532724	0.114159	-1.38488	-0.0034545
4.695	0.32608	-0.176382	0.532721	0.114221	-1.38503	-0.00350123
4.7	0.326067	-0.176383	0.532718	0.114282	-1.38518	-0.00354807
4.705	0.326053	-0.176383	0.532715	0.114344	-1.38533	-0.00359477
4.71	0.32604	-0.176383	0.532712	0.114406	-1.38548	-0.00364159
4.715	0.326026	-0.176383	0.53271	0.114468	-1.38563	-0.00368831
4.72	0.326013	-0.176383	0.532707	0.11453	-1.38578	-0.00373516
4.725	0.325999	-0.176384	0.532704	0.114593	-1.38593	-0.00378195
4.73	0.325986	-0.176384	0.532701	0.114655	-1.38608	-0.00382891
4.735	0.325972	-0.176384	0.532698	0.114717	-1.38623	-0.00387592
4.74	0.325958	-0.176384	0.532695	0.11478	-1.38638	-0.00392284
4.745	0.325945	-0.176384	0.532692	0.114843	-1.38653	-0.00396997
4.75	0.325931	-0.176384	0.532689	0.114905	-1.38668	-0.00401702
4.755	0.325918	-0.176384	0.532686	0.114968	-1.38683	-0.00406427
4.76	0.325904	-0.176384	0.532683	0.115031	-1.38698	-0.00411147
4.765	0.32589	-0.176384	0.53268	0.115095	-1.38713	-0.00415888
4.77	0.325877	-0.176384	0.532677	0.115158	-1.38728	-0.00420625
4.775	0.325863	-0.176384	0.532675	0.115221	-1.38743	-0.00425382
4.78	0.325849	-0.176384	0.532671	0.115285	-1.38758	-0.00430137
4.785	0.325836	-0.176384	0.532669	0.115348	-1.38774	-0.00434912
4.79	0.325822	-0.176385	0.532667	0.115413	-1.38789	-0.00439991
4.795	0.325809	-0.176387	0.532668	0.115482	-1.38805	-0.00445828
4.8	0.325795	-0.176389	0.532666	0.115547	-1.38821	-0.0045141
4.805	0.325781	-0.176392	0.532667	0.115617	-1.38837	-0.00457701
4.81	0.325766	-0.176394	0.532664	0.115683	-1.38852	-0.00463525
4.815	0.325752	-0.176397	0.532665	0.115751	-1.38868	-0.00469502
4.82	0.325738	-0.176399	0.532661	0.115817	-1.38883	-0.00475043
4.825	0.325724	-0.1764	0.532661	0.115885	-1.38899	-0.00480769
4.83	0.32571	-0.176402	0.532658	0.11595	-1.38914	-0.00486085
4.835	0.325696	-0.176403	0.532657	0.116018	-1.3893	-0.00491628
4.84	0.325682	-0.176404	0.532653	0.116083	-1.38945	-0.00496782
4.845	0.325668	-0.176404	0.532652	0.116151	-1.3896	-0.00502194
4.85	0.325654	-0.176405	0.532648	0.116215	-1.38975	-0.00507233
4.855	0.32564	-0.176406	0.532647	0.116283	-1.3899	-0.00512555
4.86	0.325626	-0.176406	0.532642	0.116348	-1.39005	-0.00517513
4.865	0.325612	-0.176406	0.532641	0.116415	-1.39021	-0.00522773
4.87	0.325598	-0.176406	0.532637	0.11648	-1.39035	-0.00527678
4.875	0.325584	-0.176406	0.532635	0.116548	-1.39051	-0.00532897
4.88	0.32557	-0.176407	0.532631	0.116613	-1.39065	-0.00537936
4.885	0.325556	-0.176408	0.53263	0.116683	-1.39081	-0.00543806
4.89	0.325542	-0.17641	0.532626	0.11675	-1.39095	-0.00549444
4.895	0.325527	-0.176413	0.532625	0.11682	-1.39111	-0.00555853
4.9	0.325513	-0.176416	0.532621	0.116888	-1.39126	-0.0056198
4.905	0.325498	-0.17642	0.532621	0.11696	-1.39142	-0.00568807
4.91	0.325483	-0.176424	0.532618	0.117029	-1.39157	-0.00575314
4.915	0.325469	-0.176429	0.532617	0.117102	-1.39173	-0.00582467
4.92	0.325453	-0.176434	0.532614	0.117172	-1.39188	-0.00589271
4.925	0.325439	-0.176439	0.532614	0.117246	-1.39204	-0.00596683
4.93	0.325423	-0.176445	0.532611	0.117317	-1.39219	-0.00603722
4.935	0.325408	-0.176451	0.532611	0.117391	-1.39235	-0.00611339
4.94	0.325393	-0.176456	0.532608	0.117462	-1.3925	-0.00618566
4.945	0.325378	-0.176463	0.532608	0.117537	-1.39266	-0.00626349
4.95	0.325362	-0.176469	0.532604	0.117609	-1.39281	-0.00633728
4.955	0.325348	-0.176475	0.532606	0.117685	-1.39297	-0.00641723
4.96	0.325332	-0.176481	0.532603	0.117758	-1.39312	-0.00649113
4.965	0.325316	-0.176485	0.532597	0.117827	-1.39326	-0.00655788
4.97	0.3253	-0.176489	0.532584	0.117892	-1.39338	-0.00661725
4.975	0.325283	-0.176493	0.53257	0.117955	-1.39349	-0.00667412
4.98	0.325267	-0.176497	0.53256	0.118021	-1.39362	-0.00673615
4.985	0.325251	-0.176501	0.532549	0.118088	-1.39374	-0.00679931
4.99	0.325235	-0.176506	0.532542	0.118157	-1.39388	-0.00686714
4.995	0.325219	-0.176511	0.532534	0.118226	-1.39401	-0.00693551
5.0	0.325203	-0.176517	0.532528	0.118298	-1.39415	-0.00700769
5.005	0.325188	-0.176523	0.532522	0.118369	-1.39429	-0.00708005
5.01	0.325173	-0.176528	0.532518	0.118442	-1.39444	-0.00715492
5.015	0.325158	-0.176534	0.532514	0.118515	-1.39459	-0.0072269
5.02	0.325143	-0.176538	0.532511	0.118589	-1.39473	-0.00729715
5.025	0.325128	-0.176542	0.532507	0.118661	-1.39488	-0.00736528
5.03	0.325114	-0.176545	0.532504	0.118734	-1.39503	-0.00743166
5.035	0.325099	-0.176548	0.5325	0.118807	-1.39518	-0.00749654
5.04	0.325085	-0.17655	0.532497	0.118879	-1.39533	-0.00755953
5.045	0.325071	-0.176552	0.532493	0.118952	-1.39547	-0.00762126
5.05	0.325056	-0.176553	0.53249	0.119024	-1.39562	-0.00768144
5.055	0.325042	-0.176554	0.532486	0.119095	-1.39577	-0.00773945
5.06	0.325028	-0.176555	0.532482	0.119168	-1.39592	-0.00779687
5.065	0.325015	-0.176555	0.532478	0.119239	-1.39606	-0.00785232
5.07	0.325001	-0.176555	0.532474	0.119311	-1.39621	-0.0079077
5.075	0.324987	-0.176554	0.53247	0.119381	-1.39635	-0.00796129
5.08	0.324973	-0.176554	0.532466	0.119453	-1.3965	-0.00801518
5.085	0.32496	-0.176553	0.532462	0.119524	-1.39665	-0.0080674
5.09	0.324946	-0.176552	0.532458	0.119596	-1.39679	-0.00812022
5.095	0.324932	-0.176551	0.532453	0.119667	-1.39694	-0.00817146
5.1	0.324919	-0.176549	0.53245	0.119739	-1.39708	-0.00822351
5.105	0.324905	-0.176548	0.532445	0.119809	-1.39723	-0.00827406
5.11	0.324892	-0.176547	0.532441	0.119881	-1.39738	-0.00832557
5.115	0.324878	-0.176545	0.532436	0.119952	-1.39752	-0.00837564
5.12	0.324865	-0.176543	0.532432	0.120024	-1.39767	-0.00842681
5.125	0.324852	-0.176541	0.532427	0.120095	-1.39781	-0.00847656
5.13	0.324838	-0.17654	0.532424	0.120168	-1.39796	-0.00852751
5.135	0.324825	-0.176538	0.532419	0.120239	-1.3981	-0.00857706
5.14	0.324812	-0.176536	0.532415	0.120312	-1.39825	-0.0086279
5.145	0.324798	-0.176534	0.53241	0.120383	-1.39839	-0.00867734
5.15	0.324785	-0.176532	0.532406	0.120456	-1.39853	-0.00872814
5.155	0.324772	-0.17653	0.532401	0.120527	-1.39868	-0.00877753
5.16	0.324758	-0.176528	0.532398	0.1206	-1.39882	-0.00882837
5.165	0.324745	-0.176525	0.532392	0.120672	-1.39897	-0.00887777
5.17	0.324732	-0.176523	0.532389	0.120746	-1.39911	-0.00892867
5.175	0.324719	-0.176521	0.532384	0.120818	-1.39926	-0.00897811
5.18	0.324705	-0.176519	0.53238	0.120891	-1.3994	-0.00902913
5.185	0.324692	-0.176516	0.532375	0.120963	-1.39954	-0.00907867
5.19	0.324679	-0.176514	0.532371	0.121037	-1.39969	-0.00912981
5.195	0.324666	-0.176512	0.532366	0.12111	-1.39983	-0.00917948
5.2	0.324652	-0.176509	0.532362	0.121184	-1.39998	-0.00923076
5.205	0.324639	-0.176507	0.532357	0.121257	-1.40012	-0.00928057
5.21	0.324626	-0.176505	0.532354	0.121331	-1.40027	-0.00933201
5.215	0.324613	-0.176502	0.532348	0.121404	-1.40041	-0.00938199
5.22	0.3246	-0.1765	0.532345	0.121479	-1.40056	-0.00943359
5.225	0.324586	-0.176497	0.53234	0.121552	-1.4007	-0.00948375
5.23	0.324573	-0.176495	0.532336	0.121627	-1.40085	-0.00953552
5.235	0.32456	-0.176492	0.532331	0.121701	-1.40099	-0.00958586
5.24	0.324547	-0.17649	0.532327	0.121776	-1.40114	-0.00963783
5.245	0.324534	-0.176487	0.532322	0.12185	-1.40128	-0.00968835
5.25	0.32452	-0.176485	0.532318	0.121926	-1.40143	-0.00974051
5.255	0.324507	-0.176482	0.532313	0.122	-1.40157	-0.00979123
5.26	0.324494	-0.176479	0.532309	0.122076	-1.40171	-0.0098436
5.265	0.324481	-0.176477	0.532304	0.12215	-1.40186	-0.00989453
5.27	0.324468	-0.176474	0.5323	0.122227	-1.402	-0.0099471
5.275	0.324455	-0.176471	0.532295	0.122301	-1.40214	-0.00999823
5.28	0.324441	-0.176469	0.532291	0.122378	-1.40229	-0.010051
5.285	0.324428	-0.176466	0.532286	0.122453	-1.40243	-0.0101024
5.29	0.324415	-0.176463	0.532283	0.12253	-1.40258	-0.0101554
5.295	0.324402	-0.176461	0.532277	0.122605	-1.40272	-0.010207
5.3	0.324389	-0.176458	0.532274	0.122682	-1.40287	-0.0102603
5.305	0.324376	-0.176455	0.532268	0.122758	-1.40301	-0.0103122
5.31	0.324362	-0.176453	0.532265	0.122835	-1.40316	-0.0103657
5.315	0.324349	-0.17645	0.53226	0.122912	-1.4033	-0.0104178
5.32	0.324336	-0.176447	0.532256	0.122989	-1.40344	-0.0104716
5.325	0.324323	-0.176444	0.532251	0.123066	-1.40359	-0.010524
5.33	0.324309	-0.176442	0.532247	0.123144	-1.40373	-0.010578
5.335	0.324296	-0.176439	0.532242	0.123221	-1.40387	-0.0106307
5.34	0.324283	-0.176436	0.532238	0.123299	-1.40402	-0.010685
5.345	0.32427	-0.176433	0.532233	0.123376	-1.40416	-0.010738
5.35	0.324257	-0.17643	0.532229	0.123455	-1.40431	-0.0107925
5.355	0.324244	-0.176428	0.532224	0.123532	-1.40445	-0.0108458
5.36	0.32423	-0.176425	0.53222	0.123611	-1.4046	-0.0109005
5.365	0.324217	-0.176422	0.532215	0.123689	-1.40474	-0.010954
5.37	0.324204	-0.176419	0.532211	0.123768	-1.40488	-0.011009
5.375	0.324191	-0.176416	0.532206	0.123846	-1.40503	-0.0110628
5.38	0.324178	-0.176413	0.532202	0.123926	-1.40517	-0.011118
5.385	0.324165	-0.176411	0.532197	0.124004	-1.40531	-0.0111721
5.39	0.324151	-0.176408	0.532193	0.124084	-1.40546	-0.0112276
5.395	0.324138	-0.176405	0.532188	0.124163	-1.4056	-0.0112819
5.4	0.324125	-0.176402	0.532184	0.124243	-1.40575	-0.0113376
5.405	0.324112	-0.176399	0.532179	0.124322	-1.40589	-0.0113922
5.41	0.324099	-0.176396	0.532175	0.124403	-1.40604	-0.0114482
5.415	0.324086	-0.176393	0.53217	0.124482	-1.40618	-0.0115031
5.42	0.324072	-0.17639	0.532166	0.124563	-1.40632	-0.0115593
5.425	0.324059	-0.176387	0.532161	0.124643	-1.40647	-0.0116144
5.43	0.324046	-0.176384	0.532157	0.124724	-1.40661	-0.0116709
5.435	0.324033	-0.176381	0.532152	0.124804	-1.40675	-0.0117263
5.44	0.32402	-0.176378	0.532148	0.124886	-1.4069	-0.011783
5.445	0.324007	-0.176375	0.532143	0.124966	-1.40704	-0.0118387
5.45	0.323993	-0.176372	0.532139	0.125048	-1.40719	-0.0118956
5.455	0.32398	-0.176369	0.532133	0.125129	-1.40733	-0.0119516
5.46	0.323967	-0.176366	0.532129	0.125211	-1.40747	-0.0120088
5.465	0.323954	-0.176363	0.532124	0.125292	-1.40761	-0.0120651
5.47	0.323941	-0.17636	0.53212	0.125375	-1.40776	-0.0121225
5.475	0.323928	-0.176357	0.532115	0.125456	-1.4079	-0.0121791
5.48	0.323914	-0.176353	0.532111	0.125539	-1.40805	-0.0122368
5.485	0.323901	-0.17635	0.532106	0.125621	-1.40819	-0.0122936
5.49	0.323888	-0.176347	0.532102	0.125704	-1.40833	-0.0123516
5.495	0.323875	-0.176344	0.532097	0.125787	-1.40848	-0.0124088
5.5	0.323862	-0.176341	0.532093	0.12587	-1.40862	-0.012467
5.505	0.323849	-0.176338	0.532088	0.125953	-1.40876	-0.0125244
5.51	0.323835	-0.176335	0.532084	0.126037	-1.40891	-0.0125836
5.515	0.323822	-0.176332	0.532079	0.12612	-1.40905	-0.0126426
5.52	0.323808	-0.176329	0.532071	0.126201	-1.40918	-0.0127003
5.525	0.323795	-0.176327	0.532067	0.126286	-1.40933	-0.0127622
5.53	0.323781	-0.176325	0.53206	0.126368	-1.40946	-0.0128208
5.535	0.323767	-0.176322	0.532057	0.126455	-1.40961	-0.0128833
5.54	0.323754	-0.176319	0.532051	0.126538	-1.40975	-0.0129422
5.545	0.323741	-0.176316	0.532049	0.126625	-1.4099	-0.013005
5.55	0.323727	-0.176314	0.532045	0.12671	-1.41005	-0.0130653
5.555	0.323714	-0.176311	0.532043	0.126798	-1.4102	-0.013129
5.56	0.3237	-0.176308	0.532038	0.126884	-1.41034	-0.01319
5.565	0.323687	-0.176305	0.532036	0.126972	-1.41049	-0.0132539
5.57	0.323673	-0.176303	0.532032	0.127058	-1.41064	-0.0133157
5.575	0.32366	-0.1763	0.532031	0.127148	-1.41079	-0.0133815
5.58	0.323646	-0.176298	0.532028	0.127236	-1.41094	-0.013448
5.585	0.323633	-0.176295	0.532026	0.127325	-1.4111	-0.0135126
5.59	0.323619	-0.176293	0.532023	0.127414	-1.41124	-0.0135781
5.595	0.323606	-0.17629	0.532021	0.127503	-1.41139	-0.0136408
5.6	0.323593	-0.176287	0.532017	0.127591	-1.41154	-0.0137036
5.605	0.32358	-0.176283	0.532013	0.127678	-1.41169	-0.0137652
5.61	0.323566	-0.17628	0.532009	0.127767	-1.41183	-0.0138292
5.615	0.323553	-0.176278	0.532005	0.127855	-1.41198	-0.0138927
5.62	0.323539	-0.176275	0.532001	0.127943	-1.41212	-0.0139579
5.625	0.323526	-0.176273	0.531996	0.128032	-1.41226	-0.0140231
5.63	0.323512	-0.17627	0.531991	0.12812	-1.41241	-0.0140898
5.635	0.323499	-0.176268	0.531986	0.128209	-1.41255	-0.0141564
5.64	0.323485	-0.176266	0.531982	0.128298	-1.41269	-0.0142245
5.645	0.323472	-0.176265	0.531977	0.128388	-1.41283	-0.0142925
5.65	0.323458	-0.176263	0.531972	0.128477	-1.41297	-0.0143617
5.655	0.323444	-0.176261	0.531966	0.128567	-1.41311	-0.0144303
5.66	0.323431	-0.176259	0.531961	0.128657	-1.41326	-0.0144998
5.665	0.323417	-0.176257	0.531956	0.128747	-1.4134	-0.0145678
5.67	0.323404	-0.176255	0.531952	0.128837	-1.41354	-0.0146364
5.675	0.323391	-0.176252	0.531947	0.128927	-1.41368	-0.0147011
5.68	0.323378	-0.176247	0.531943	0.129017	-1.41383	-0.0147609
5.685	0.323366	-0.176243	0.531939	0.129107	-1.41397	-0.0148215
5.69	0.323353	-0.176238	0.531934	0.129197	-1.41412	-0.0148823
5.695	0.32334	-0.176234	0.53193	0.129287	-1.41426	-0.0149438
5.7	0.323327	-0.17623	0.531925	0.129377	-1.4144	-0.0150051
5.705	0.323315	-0.176225	0.531921	0.129469	-1.41455	-0.0150674
5.71	0.323302	-0.17622	0.531917	0.129559	-1.41469	-0.0151269
5.715	0.323291	-0.176215	0.531914	0.129651	-1.41484	-0.0151867
5.72	0.323279	-0.176208	0.53191	0.129742	-1.41498	-0.0152422
5.725	0.323268	-0.1762	0.531908	0.129833	-1.41513	-0.0152906
5.73	0.323256	-0.176192	0.531905	0.129924	-1.41528	-0.0153404
5.735	0.323245	-0.176183	0.531902	0.130015	-1.41543	-0.0153891
5.74	0.323234	-0.176175	0.531899	0.130105	-1.41558	-0.0154386
5.745	0.323223	-0.176166	0.531896	0.130196	-1.41572	-0.0154855
5.75	0.323211	-0.176157	0.531892	0.130287	-1.41587	-0.015534
5.755	0.323201	-0.176146	0.53189	0.130377	-1.41602	-0.0155763
5.76	0.32319	-0.176135	0.531886	0.130467	-1.41616	-0.0156163
5.765	0.323179	-0.176124	0.531882	0.130557	-1.41631	-0.0156555
5.77	0.323167	-0.176114	0.531878	0.130647	-1.41645	-0.0156986
5.775	0.323155	-0.176105	0.53187	0.130733	-1.41659	-0.0157415
5.78	0.323142	-0.176097	0.53186	0.130819	-1.41671	-0.015787
5.785	0.323129	-0.176091	0.531853	0.130908	-1.41684	-0.0158414
5.79	0.323116	-0.176086	0.531844	0.130997	-1.41697	-0.0158985
5.795	0.323103	-0.176082	0.531838	0.13109	-1.41711	-0.015963
5.8	0.323089	-0.176079	0.53183	0.131181	-1.41724	-0.0160294
5.805	0.323076	-0.176076	0.531825	0.131276	-1.41738	-0.0161021
5.81	0.323062	-0.176075	0.531817	0.13137	-1.41751	-0.0161775
5.815	0.323048	-0.176076	0.531812	0.131467	-1.41766	-0.0162618
5.82	0.323033	-0.176077	0.531805	0.131562	-1.41779	-0.0163451
5.825	0.323019	-0.17608	0.531801	0.131664	-1.41793	-0.0164419
5.83	0.323005	-0.176083	0.531794	0.131762	-1.41807	-0.0165344
5.835	0.322991	-0.176087	0.531791	0.131864	-1.41822	-0.0166339
5.84	0.322975	-0.176092	0.531782	0.131962	-1.41835	-0.0167317
5.845	0.32296	-0.176097	0.531776	0.132063	-1.41849	-0.0168326
5.85	0.322945	-0.176101	0.531768	0.132161	-1.41862	-0.0169303
5.855	0.32293	-0.176107	0.531763	0.132264	-1.41876	-0.0170371
5.86	0.322914	-0.176113	0.531755	0.132364	-1.41889	-0.0171408
5.865	0.322899	-0.17612	0.531751	0.13247	-1.41903	-0.0172532
5.87	0.322884	-0.176127	0.531745	0.132572	-1.41917	-0.0173611
5.875	0.322869	-0.176134	0.531742	0.13268	-1.41932	-0.0174762
5.88	0.322854	-0.17614	0.531737	0.132785	-1.41946	-0.0175861
5.885	0.322839	-0.176147	0.531735	0.132893	-1.41961	-0.0177004
5.89	0.322823	-0.176153	0.53173	0.132998	-1.41975	-0.0178099
5.895	0.322808	-0.17616	0.531727	0.133106	-1.4199	-0.0179242
5.9	0.322793	-0.176166	0.531722	0.133211	-1.42004	-0.0180333
5.905	0.322778	-0.176172	0.531719	0.13332	-1.42019	-0.0181472
5.91	0.322763	-0.176178	0.531713	0.133425	-1.42033	-0.0182565
5.915	0.322748	-0.176185	0.53171	0.133534	-1.42048	-0.0183705
5.92	0.322733	-0.176191	0.531704	0.13364	-1.42062	-0.0184807
5.925	0.322718	-0.176198	0.531701	0.133749	-1.42077	-0.0185976
5.93	0.322702	-0.176205	0.531696	0.133856	-1.42091	-0.018711
5.935	0.322687	-0.176212	0.531693	0.133967	-1.42106	-0.0188291
5.94	0.322671	-0.176218	0.531687	0.134074	-1.42119	-0.0189417
5.945	0.322656	-0.176225	0.531684	0.134184	-1.42134	-0.0190593
5.95	0.322641	-0.176231	0.531678	0.134291	-1.42148	-0.0191713
5.955	0.322626	-0.176238	0.531674	0.134402	-1.42163	-0.0192886
5.96	0.32261	-0.176245	0.531668	0.134509	-1.42176	-0.0194011
5.965	0.322595	-0.176252	0.531665	0.134621	-1.42191	-0.0195214
5.97	0.32258	-0.176258	0.531659	0.134729	-1.42205	-0.0196354
5.975	0.322564	-0.176265	0.531655	0.134841	-1.42219	-0.0197546
5.98	0.322549	-0.176272	0.531648	0.134949	-1.42233	-0.0198697
5.985	0.322533	-0.176279	0.531644	0.13506	-1.42247	-0.0199866
5.99	0.322518	-0.176285	0.531637	0.135168	-1.42261	-0.0201
5.995	0.322502	-0.176291	0.531632	0.135279	-1.42275	-0.0202155
6.0	0.322487	-0.176298	0.531625	0.135387	-1.42288	-0.0203279
6.005	0.322472	-0.176303	0.531619	0.135497	-1.42302	-0.0204423
6.01	0.322456	-0.176309	0.531612	0.135606	-1.42316	-0.0205539
6.015	0.322441	-0.176314	0.531606	0.135715	-1.4233	-0.020666
6.02	0.322425	-0.17632	0.531598	0.135823	-1.42343	-0.0207767
6.025	0.32241	-0.176328	0.531595	0.135938	-1.42357	-0.0209024
6.03	0.322394	-0.176336	0.531588	0.13605	-1.42371	-0.0210249
6.035	0.322378	-0.176346	0.531586	0.136168	-1.42386	-0.0211613
6.04	0.322362	-0.176356	0.531581	0.136284	-1.424	-0.0212935
6.045	0.322346	-0.176368	0.531579	0.136405	-1.42416	-0.0214383
6.05	0.32233	-0.17638	0.531575	0.136523	-1.4243	-0.0215782
6.055	0.322314	-0.176393	0.531575	0.136647	-1.42446	-0.0217297
6.06	0.322297	-0.176406	0.531571	0.136767	-1.4246	-0.0218756
6.065	0.322281	-0.176421	0.531571	0.136893	-1.42476	-0.0220323
6.07	0.322264	-0.176435	0.531568	0.137016	-1.42491	-0.0221853
6.075	0.322247	-0.176453	0.531569	0.137145	-1.42507	-0.0223554
6.08	0.32223	-0.17647	0.531566	0.137271	-1.42522	-0.0225206
6.085	0.322212	-0.17649	0.531568	0.137404	-1.42538	-0.0227014
6.09	0.322195	-0.176509	0.531566	0.137533	-1.42554	-0.0228764
6.095	0.322177	-0.176531	0.531568	0.137669	-1.4257	-0.0230659
6.1	0.322159	-0.176552	0.531567	0.1378	-1.42585	-0.023249
6.105	0.322141	-0.176576	0.531569	0.137938	-1.42602	-0.0234456
6.11	0.322123	-0.176598	0.531568	0.138071	-1.42617	-0.0236351
6.115	0.322105	-0.176623	0.531571	0.138211	-1.42634	-0.0238376
6.12	0.322086	-0.176647	0.53157	0.138346	-1.4265	-0.0240326
6.125	0.322068	-0.176672	0.531573	0.138488	-1.42666	-0.0242401
6.13	0.322049	-0.176697	0.531572	0.138625	-1.42682	-0.0244398
6.135	0.322031	-0.176724	0.531575	0.138768	-1.42699	-0.0246519
6.14	0.322012	-0.176749	0.531575	0.138906	-1.42715	-0.0248535
6.145	0.321994	-0.176774	0.531579	0.13905	-1.42732	-0.0250604
6.15	0.321975	-0.176797	0.531579	0.139189	-1.42748	-0.0252575
6.155	0.321958	-0.17682	0.531584	0.139334	-1.42765	-0.0254602
6.16	0.321939	-0.176842	0.531585	0.139472	-1.42781	-0.025651
6.165	0.321922	-0.176862	0.531589	0.139615	-1.42798	-0.0258415
6.17	0.321904	-0.176881	0.53159	0.139753	-1.42814	-0.0260236
6.175	0.321887	-0.176899	0.531594	0.139894	-1.42831	-0.0262067
6.18	0.321869	-0.176917	0.531594	0.140031	-1.42847	-0.0263815
6.185	0.321852	-0.176933	0.531598	0.140173	-1.42865	-0.0265584
6.19	0.321834	-0.176948	0.531599	0.140309	-1.42881	-0.0267276
6.195	0.321818	-0.176963	0.531603	0.14045	-1.42898	-0.0268989
6.2	0.3218	-0.176977	0.531603	0.140585	-1.42914	-0.0270616
6.205	0.321783	-0.176991	0.531607	0.140725	-1.42931	-0.0272288
6.21	0.321766	-0.177003	0.531607	0.14086	-1.42946	-0.0273851
6.215	0.32175	-0.177014	0.53161	0.140997	-1.42963	-0.0275395
6.22	0.321733	-0.177023	0.53161	0.141131	-1.42979	-0.0276848
6.225	0.321717	-0.17703	0.53161	0.141263	-1.42995	-0.027825
6.23	0.3217	-0.177037	0.53161	0.141395	-1.4301	-0.027962
6.235	0.321684	-0.177044	0.531609	0.141525	-1.43026	-0.0280947
6.24	0.321667	-0.177049	0.531605	0.141652	-1.4304	-0.028221
6.245	0.321651	-0.177053	0.531605	0.141782	-1.43056	-0.0283479
6.25	0.321634	-0.177056	0.531602	0.141909	-1.43071	-0.0284687
6.255	0.321619	-0.177059	0.531602	0.142039	-1.43086	-0.0285911
6.26	0.321603	-0.177061	0.531599	0.142166	-1.43101	-0.0287076
6.265	0.321587	-0.177063	0.5316	0.142297	-1.43117	-0.0288263
6.27	0.321571	-0.177064	0.531598	0.142424	-1.43132	-0.028939
6.275	0.321556	-0.177064	0.531598	0.142554	-1.43148	-0.0290543
6.28	0.32154	-0.177064	0.531596	0.142681	-1.43163	-0.0291651
6.285	0.321525	-0.177064	0.531596	0.142813	-1.43179	-0.029279
6.29	0.321509	-0.177064	0.531594	0.142939	-1.43194	-0.0293869
6.295	0.321494	-0.177063	0.531594	0.143069	-1.4321	-0.0294976
6.3	0.321478	-0.177062	0.53159	0.143195	-1.43224	-0.0296027
6.305	0.321463	-0.17706	0.53159	0.143324	-1.4324	-0.0297112
6.31	0.321447	-0.177059	0.531585	0.143448	-1.43254	-0.0298139
6.315	0.321431	-0.177058	0.53158	0.143573	-1.43268	-0.0299204
6.32	0.321415	-0.177057	0.531573	0.143694	-1.43282	-0.0300229
6.325	0.321399	-0.177058	0.531569	0.143821	-1.43296	-0.030134
6.33	0.321382	-0.177058	0.531562	0.143944	-1.43309	-0.0302407
6.335	0.321366	-0.177059	0.531558	0.144072	-1.43324	-0.0303558
6.34	0.32135	-0.177059	0.531551	0.144196	-1.43337	-0.0304662
6.345	0.321334	-0.177061	0.531547	0.144325	-1.43352	-0.0305847
6.35	0.321318	-0.177062	0.531541	0.14445	-1.43365	-0.0306972
6.355	0.321302	-0.177063	0.531537	0.14458	-1.4338	-0.0308133
6.36	0.321285	-0.177063	0.531531	0.144706	-1.43394	-0.0309251
6.365	0.32127	-0.177063	0.531528	0.144836	-1.43408	-0.0310398
6.37	0.321253	-0.177063	0.531522	0.144963	-1.43422	-0.0311497
6.375	0.321238	-0.177063	0.531521	0.145096	-1.43437	-0.0312656
6.38	0.321222	-0.177062	0.531516	0.145225	-1.43452	-0.0313754
6.385	0.321208	-0.177061	0.531516	0.145359	-1.43467	-0.0314902
6.39	0.321192	-0.177059	0.531512	0.145489	-1.43482	-0.0315989
6.395	0.321178	-0.177057	0.531513	0.145624	-1.43498	-0.0317121
6.4	0.321163	-0.177054	0.531509	0.145755	-1.43512	-0.0318196
6.405	0.321149	-0.177051	0.53151	0.145891	-1.43528	-0.0319316
6.41	0.321134	-0.177048	0.531507	0.146022	-1.43543	-0.0320379
6.415	0.32112	-0.177045	0.531508	0.146159	-1.43559	-0.032149
6.42	0.321105	-0.177041	0.531505	0.146291	-1.43574	-0.0322544
6.425	0.321091	-0.177038	0.531506	0.146428	-1.4359	-0.0323647
6.43	0.321077	-0.177033	0.531504	0.146561	-1.43605	-0.0324701
6.435	0.321063	-0.177029	0.531505	0.146699	-1.43621	-0.0325805
6.44	0.321047	-0.177026	0.531499	0.146826	-1.43634	-0.0326803
6.445	0.321033	-0.177022	0.531496	0.146959	-1.43649	-0.0327862
6.45	0.321018	-0.177018	0.531491	0.147089	-1.43663	-0.0328907
6.455	0.321002	-0.177018	0.531485	0.14722	-1.43677	-0.0330049
6.46	0.320986	-0.177017	0.531477	0.147348	-1.4369	-0.0331172
6.465	0.32097	-0.17702	0.531472	0.147483	-1.43704	-0.0332448
6.47	0.320953	-0.177022	0.531464	0.147615	-1.43717	-0.0333691
6.475	0.320937	-0.177027	0.531461	0.147755	-1.43732	-0.0335073
6.48	0.32092	-0.177031	0.531454	0.14789	-1.43745	-0.0336413
6.485	0.320903	-0.177037	0.531451	0.148032	-1.4376	-0.0337879
6.49	0.320886	-0.177042	0.531445	0.14817	-1.43774	-0.0339266
6.495	0.32087	-0.177046	0.531444	0.148315	-1.43789	-0.0340686
6.5	0.320854	-0.17705	0.53144	0.148454	-1.43803	-0.0342031
6.505	0.320838	-0.177052	0.53144	0.148601	-1.43819	-0.0343414
6.51	0.320822	-0.177054	0.531437	0.148742	-1.43834	-0.0344725
6.515	0.320807	-0.177055	0.531438	0.14889	-1.4385	-0.0346076
6.52	0.320791	-0.177056	0.531437	0.149033	-1.43865	-0.0347357
6.525	0.320775	-0.177056	0.531439	0.149182	-1.43881	-0.0348682
6.53	0.32076	-0.177055	0.531437	0.149325	-1.43897	-0.034994
6.535	0.320744	-0.177054	0.53144	0.149475	-1.43913	-0.0351243
6.54	0.320729	-0.177053	0.531439	0.14962	-1.43929	-0.0352481
6.545	0.320713	-0.177051	0.531442	0.14977	-1.43945	-0.0353768
6.55	0.320697	-0.177049	0.531438	0.149911	-1.4396	-0.035494
6.555	0.320681	-0.177047	0.531429	0.150043	-1.43972	-0.0356016
6.56	0.320664	-0.177044	0.531415	0.150167	-1.43983	-0.0356999
6.565	0.320646	-0.177041	0.531396	0.150283	-1.43993	-0.0357894
6.57	0.320628	-0.177037	0.531373	0.150392	-1.44001	-0.0358706
6.575	0.320609	-0.177033	0.531345	0.150494	-1.44007	-0.0359432
6.58	0.320589	-0.177029	0.531316	0.150593	-1.44013	-0.0360132
6.585	0.320571	-0.177025	0.53129	0.150699	-1.4402	-0.0360912
6.59	0.320552	-0.177021	0.53126	0.150798	-1.44026	-0.0361618
6.595	0.320532	-0.177017	0.531227	0.150893	-1.44031	-0.0362269
6.6	0.320513	-0.177013	0.531194	0.150988	-1.44036	-0.0362927
6.605	0.320495	-0.177009	0.531169	0.151095	-1.44043	-0.0363752
6.61	0.320476	-0.177006	0.531142	0.151201	-1.4405	-0.0364552
6.615	0.320459	-0.177004	0.531121	0.151316	-1.44058	-0.0365467
6.62	0.320442	-0.177001	0.5311	0.151431	-1.44067	-0.0366396
6.625	0.320426	-0.176999	0.531084	0.151557	-1.44077	-0.0367439
6.63	0.32041	-0.176997	0.531066	0.151678	-1.44087	-0.0368436
6.635	0.320395	-0.176995	0.531052	0.151806	-1.44098	-0.0369504
6.64	0.320379	-0.176994	0.531035	0.151931	-1.44108	-0.0370584
6.645	0.320363	-0.176997	0.531025	0.152069	-1.4412	-0.0371901
6.65	0.320346	-0.177	0.531011	0.152203	-1.44132	-0.0373209
6.655	0.320329	-0.177007	0.531003	0.152348	-1.44145	-0.0374738
6.66	0.320311	-0.177015	0.530992	0.152489	-1.44157	-0.037625
6.665	0.320294	-0.177025	0.530985	0.15264	-1.4417	-0.0377926
6.67	0.320275	-0.177034	0.530976	0.152786	-1.44183	-0.0379557
6.675	0.320257	-0.177047	0.53097	0.15294	-1.44196	-0.0381352
6.68	0.320238	-0.177058	0.53096	0.153087	-1.44209	-0.0383024
6.685	0.32022	-0.177067	0.530951	0.153236	-1.44222	-0.0384688
6.69	0.320202	-0.177077	0.530943	0.153386	-1.44235	-0.0386352
6.695	0.320184	-0.177087	0.530935	0.153537	-1.44248	-0.038805
6.7	0.320167	-0.177097	0.530927	0.153689	-1.44261	-0.038973
6.705	0.32015	-0.177105	0.530919	0.153839	-1.44274	-0.039137
6.71	0.320133	-0.177113	0.530911	0.15399	-1.44287	-0.0392986
6.715	0.320116	-0.17712	0.530903	0.15414	-1.443	-0.0394563
6.72	0.320099	-0.177126	0.530895	0.15429	-1.44313	-0.0396125
6.725	0.320083	-0.177132	0.530885	0.154436	-1.44325	-0.0397632
6.73	0.320066	-0.177137	0.530872	0.154578	-1.44337	-0.039908
6.735	0.320049	-0.177143	0.530863	0.154727	-1.44349	-0.040062
6.74	0.320032	-0.177148	0.530852	0.154872	-1.44361	-0.0402101
6.745	0.320016	-0.177154	0.530844	0.155024	-1.44374	-0.0403673
6.75	0.319999	-0.17716	0.530834	0.155173	-1.44387	-0.040521
6.755	0.319983	-0.177167	0.53083	0.155333	-1.44401	-0.0406907
6.76	0.319966	-0.177174	0.530823	0.155488	-1.44414	-0.0408546
6.765	0.31995	-0.177183	0.53082	0.155651	-1.44429	-0.0410317
6.77	0.319934	-0.17719	0.530812	0.155807	-1.44442	-0.0411969
6.775	0.319918	-0.177196	0.530805	0.155962	-1.44455	-0.0413577
6.78	0.319901	-0.177201	0.530794	0.156111	-1.44467	-0.0415095
6.785	0.319885	-0.177206	0.530786	0.156265	-1.4448	-0.0416646
6.79	0.319869	-0.17721	0.530777	0.156418	-1.44493	-0.0418171
6.795	0.319853	-0.177215	0.530772	0.156577	-1.44507	-0.0419793
6.8	0.319837	-0.177219	0.530764	0.156733	-1.4452	-0.0421366
6.805	0.319822	-0.177225	0.53076	0.156896	-1.44534	-0.042303
6.81	0.319806	-0.177229	0.530753	0.157054	-1.44548	-0.0424614
6.815	0.319791	-0.177233	0.530748	0.157214	-1.44561	-0.0426215
6.82	0.319775	-0.177237	0.53074	0.157369	-1.44574	-0.0427741
6.825	0.31976	-0.17724	0.530733	0.157528	-1.44588	-0.0429291
6.83	0.319744	-0.177242	0.530724	0.157682	-1.44601	-0.0430772
6.835	0.319729	-0.177244	0.530717	0.157839	-1.44614	-0.0432278
6.84	0.319714	-0.177245	0.530708	0.157992	-1.44626	-0.0433721
6.845	0.319698	-0.177247	0.5307	0.158148	-1.44639	-0.0435196
6.85	0.319683	-0.177247	0.53069	0.158301	-1.44652	-0.0436614
6.855	0.319668	-0.177248	0.530683	0.158459	-1.44665	-0.0438092
6.86	0.319653	-0.177249	0.530676	0.158616	-1.44678	-0.0439552
6.865	0.319638	-0.177249	0.530669	0.158774	-1.44691	-0.0441024
6.87	0.319623	-0.17725	0.530661	0.158931	-1.44704	-0.0442478
6.875	0.319608	-0.17725	0.530653	0.15909	-1.44718	-0.0443945
6.88	0.319593	-0.17725	0.530645	0.159247	-1.44731	-0.0445395
6.885	0.319578	-0.177251	0.530638	0.159406	-1.44744	-0.0446863
6.89	0.319562	-0.177251	0.530629	0.159564	-1.44757	-0.044833
6.895	0.319547	-0.177251	0.530621	0.159723	-1.4477	-0.0449796
6.9	0.319532	-0.177251	0.530613	0.15988	-1.44782	-0.045124
6.905	0.319517	-0.177251	0.530604	0.160038	-1.44795	-0.0452685
6.91	0.319501	-0.177251	0.530595	0.160195	-1.44808	-0.0454112
6.915	0.319486	-0.17725	0.530586	0.160353	-1.4482	-0.0455542
6.92	0.319471	-0.177249	0.530577	0.16051	-1.44833	-0.0456956
6.925	0.319456	-0.177248	0.530568	0.160668	-1.44845	-0.0458371
6.93	0.319441	-0.177247	0.530557	0.160823	-1.44857	-0.0459749
6.935	0.319426	-0.177246	0.530548	0.160981	-1.4487	-0.0461194
6.94	0.319412	-0.177248	0.53054	0.161145	-1.44883	-0.0462748
6.945	0.319398	-0.177249	0.530533	0.161311	-1.44896	-0.0464317
6.95	0.319384	-0.177251	0.530526	0.161477	-1.4491	-0.0465903
6.955	0.31937	-0.177252	0.53052	0.161644	-1.44923	-0.0467504
6.96	0.319356	-0.177254	0.530514	0.161813	-1.44937	-0.0469118
6.965	0.319342	-0.177256	0.530508	0.161982	-1.4495	-0.0470747
6.97	0.319328	-0.177258	0.530502	0.162152	-1.44964	-0.0472387
6.975	0.319314	-0.17726	0.530496	0.162324	-1.44978	-0.0474043
6.98	0.319299	-0.177263	0.530491	0.162495	-1.44991	-0.0475707
6.985	0.319285	-0.177265	0.530486	0.162669	-1.45005	-0.0477401
6.99	0.319272	-0.177269	0.530482	0.162846	-1.45019	-0.0479168
6.995	0.319258	-0.177275	0.530481	0.163031	-1.45035	-0.0481067
7.0	0.319245	-0.177281	0.53048	0.163219	-1.4505	-0.0483033
7.005	0.319232	-0.17729	0.530482	0.163413	-1.45066	-0.0485105
7.01	0.319219	-0.177299	0.530485	0.163609	-1.45083	-0.0487223
7.015	0.319206	-0.177309	0.530489	0.163809	-1.45099	-0.0489422
7.02	0.319193	-0.177319	0.530493	0.164011	-1.45116	-0.0491651
7.025	0.31918	-0.177331	0.530498	0.164217	-1.45134	-0.0493952
7.03	0.319168	-0.177344	0.530503	0.164424	-1.45151	-0.0496296
7.035	0.319155	-0.177355	0.530507	0.164628	-1.45167	-0.0498582
7.04	0.319141	-0.177366	0.530509	0.164829	-1.45184	-0.0500818
7.045	0.319128	-0.177377	0.53051	0.165028	-1.45199	-0.0503002
7.05	0.319114	-0.177386	0.53051	0.165225	-1.45215	-0.0505145
7.055	0.3191	-0.177395	0.530509	0.165419	-1.4523	-0.0507244
7.06	0.319086	-0.177403	0.530507	0.165613	-1.45245	-0.050931
7.065	0.319072	-0.177411	0.530505	0.165804	-1.4526	-0.051134
7.07	0.319058	-0.177418	0.530502	0.165995	-1.45274	-0.0513346
7.075	0.319043	-0.177425	0.530499	0.166186	-1.45289	-0.0515358
7.08	0.319029	-0.177434	0.530498	0.166383	-1.45304	-0.0517467
7.085	0.319015	-0.177442	0.530497	0.16658	-1.45319	-0.0519585
7.09	0.319001	-0.177452	0.530497	0.166782	-1.45335	-0.0521777
7.095	0.318987	-0.177462	0.530497	0.166984	-1.45351	-0.0523992
7.1	0.318973	-0.177472	0.530499	0.16719	-1.45367	-0.0526252
7.105	0.318958	-0.177483	0.5305	0.167396	-1.45382	-0.0528532
7.11	0.318944	-0.177494	0.530502	0.167605	-1.45399	-0.0530851
7.115	0.31893	-0.177506	0.530504	0.167814	-1.45415	-0.0533179
7.12	0.318915	-0.177518	0.530506	0.168025	-1.45431	-0.0535541
7.125	0.318901	-0.17753	0.530508	0.168237	-1.45447	-0.053791
7.13	0.318887	-0.177542	0.53051	0.16845	-1.45463	-0.0540307
7.135	0.318872	-0.177554	0.530513	0.168663	-1.4548	-0.0542708
7.14	0.318858	-0.177567	0.530515	0.168879	-1.45496	-0.0545131
7.145	0.318843	-0.177579	0.530517	0.169093	-1.45512	-0.0547554
7.15	0.318828	-0.177592	0.53052	0.16931	-1.45529	-0.0549997
7.155	0.318814	-0.177605	0.530522	0.169526	-1.45545	-0.0552435
7.16	0.318799	-0.177618	0.530525	0.169744	-1.45561	-0.0554896
7.165	0.318784	-0.17763	0.530527	0.169963	-1.45578	-0.0557365
7.17	0.31877	-0.177643	0.530531	0.170184	-1.45594	-0.0559851
7.175	0.318755	-0.177656	0.530534	0.170405	-1.45611	-0.0562336
7.18	0.31874	-0.177668	0.530538	0.170629	-1.45628	-0.0564845
7.185	0.318726	-0.177681	0.530541	0.170852	-1.45644	-0.0567349
7.19	0.318711	-0.177694	0.530546	0.171078	-1.45661	-0.0569877
7.195	0.318696	-0.177706	0.53055	0.171303	-1.45678	-0.0572401
7.2	0.318681	-0.177719	0.530554	0.171531	-1.45695	-0.0574947
7.205	0.318666	-0.177731	0.530558	0.171758	-1.45712	-0.0577488
7.21	0.318652	-0.177744	0.530563	0.171988	-1.45729	-0.0580052
7.215	0.318637	-0.177757	0.530567	0.172217	-1.45746	-0.058261
7.22	0.318622	-0.177769	0.530572	0.172449	-1.45763	-0.0585192
7.225	0.318607	-0.177782	0.530576	0.17268	-1.4578	-0.0587768
7.23	0.318592	-0.177794	0.530581	0.172913	-1.45797	-0.0590366
7.235	0.318577	-0.177807	0.530586	0.173145	-1.45814	-0.059296
7.24	0.318562	-0.17782	0.530591	0.17338	-1.45831	-0.0595576
7.245	0.318547	-0.177832	0.530595	0.173615	-1.45848	-0.0598187
7.25	0.318532	-0.177845	0.530601	0.173851	-1.45865	-0.0600821
7.255	0.318517	-0.177858	0.530605	0.174087	-1.45882	-0.060345
7.26	0.318502	-0.177871	0.53061	0.174325	-1.45899	-0.0606101
7.265	0.318487	-0.177883	0.530615	0.174563	-1.45916	-0.0608748
7.27	0.318471	-0.177896	0.53062	0.174803	-1.45933	-0.0611418
7.275	0.318456	-0.177909	0.530625	0.175042	-1.4595	-0.0614083
7.28	0.318441	-0.177922	0.53063	0.175284	-1.45968	-0.0616771
7.285	0.318426	-0.177935	0.530635	0.175525	-1.45985	-0.0619455
7.29	0.318411	-0.177948	0.53064	0.175768	-1.46002	-0.0622161
7.295	0.318395	-0.177961	0.530645	0.176011	-1.46019	-0.0624863
7.3	0.31838	-0.177974	0.53065	0.176256	-1.46036	-0.0627589
7.305	0.318365	-0.177987	0.530655	0.1765	-1.46053	-0.063031
7.31	0.318349	-0.178	0.53066	0.176747	-1.4607	-0.0633054
7.315	0.318334	-0.178013	0.530665	0.176993	-1.46087	-0.0635794
7.32	0.318319	-0.178026	0.530671	0.177242	-1.46105	-0.0638557
7.325	0.318303	-0.178039	0.530676	0.17749	-1.46122	-0.0641317
7.33	0.318288	-0.178052	0.530681	0.17774	-1.46139	-0.06441
7.335	0.318272	-0.178065	0.530686	0.17799	-1.46156	-0.0646888
7.34	0.318257	-0.17808	0.530691	0.178242	-1.46173	-0.0649728
7.345	0.318241	-0.178094	0.530696	0.178494	-1.4619	-0.0652564
7.35	0.318226	-0.178108	0.530701	0.178747	-1.46207	-0.0655418
7.355	0.31821	-0.178123	0.530706	0.179	-1.46224	-0.0658282
7.36	0.318195	-0.178138	0.53071	0.179255	-1.46241	-0.066116
7.365	0.318179	-0.178152	0.530715	0.179509	-1.46258	-0.0664045
7.37	0.318164	-0.178167	0.530719	0.179764	-1.46275	-0.066694
7.375	0.318148	-0.178182	0.530723	0.18002	-1.46292	-0.0669839
7.38	0.318133	-0.178197	0.530727	0.180276	-1.46308	-0.0672746
7.385	0.318117	-0.178213	0.530731	0.180533	-1.46325	-0.0675675
7.39	0.3181	-0.178229	0.530734	0.180788	-1.46341	-0.0678612
7.395	0.318086	-0.178242	0.530735	0.181037	-1.46357	-0.0681409
7.4	0.318069	-0.178256	0.530738	0.181294	-1.46374	-0.0684286
7.405	0.318056	-0.178267	0.530738	0.18154	-1.46389	-0.0686958
7.41	0.31804	-0.178278	0.530741	0.181796	-1.46406	-0.0689742
7.415	0.318027	-0.178286	0.530741	0.182041	-1.46421	-0.0692328
7.42	0.318013	-0.178295	0.530744	0.182296	-1.46438	-0.0695039
7.425	0.318	-0.178302	0.530744	0.18254	-1.46453	-0.0697558
7.43	0.317986	-0.178309	0.530747	0.182794	-1.46469	-0.0700211
7.435	0.317975	-0.178314	0.530746	0.183038	-1.46484	-0.0702678
7.44	0.317961	-0.17832	0.530749	0.183293	-1.46501	-0.0705285
7.445	0.31795	-0.178323	0.530748	0.183537	-1.46516	-0.0707711
7.45	0.317936	-0.178328	0.530751	0.183792	-1.46532	-0.0710283
7.455	0.317925	-0.17833	0.53075	0.184036	-1.46548	-0.0712677
7.46	0.317912	-0.178333	0.530753	0.184292	-1.46564	-0.0715222
7.465	0.317902	-0.178335	0.530752	0.184537	-1.46579	-0.0717592
7.47	0.317889	-0.178337	0.530755	0.184793	-1.46595	-0.0720116
7.475	0.317879	-0.178338	0.530754	0.185039	-1.46611	-0.0722468
7.48	0.317866	-0.17834	0.530757	0.185295	-1.46627	-0.0724979
7.485	0.317856	-0.17834	0.530756	0.185542	-1.46642	-0.0727318
7.49	0.317843	-0.178341	0.530758	0.1858	-1.46658	-0.0729819
7.495	0.317833	-0.17834	0.530757	0.186047	-1.46673	-0.0732151
7.5	0.317821	-0.178341	0.53076	0.186306	-1.4669	-0.0734646
7.505	0.317811	-0.17834	0.530759	0.186555	-1.46705	-0.0736973
7.51	0.317799	-0.17834	0.530762	0.186815	-1.46721	-0.0739466
7.515	0.317789	-0.178339	0.530761	0.187064	-1.46736	-0.0741792
7.52	0.317776	-0.17834	0.530766	0.187334	-1.46753	-0.0744419
7.525	0.317764	-0.178343	0.530773	0.187612	-1.46771	-0.074716
7.53	0.31775	-0.178346	0.530777	0.187882	-1.46788	-0.0749831
7.535	0.317737	-0.178349	0.530782	0.188158	-1.46805	-0.0752594
7.54	0.317723	-0.178353	0.530785	0.188426	-1.46821	-0.0755281
7.545	0.317709	-0.178358	0.530789	0.188701	-1.46838	-0.0758057
7.55	0.317694	-0.178363	0.530791	0.188968	-1.46854	-0.0760759
7.555	0.317681	-0.178368	0.530794	0.189241	-1.4687	-0.076355
7.56	0.317666	-0.178373	0.530794	0.189508	-1.46886	-0.0766267
7.565	0.317651	-0.178379	0.530796	0.189781	-1.46902	-0.0769073
7.57	0.317636	-0.178385	0.530796	0.190048	-1.46917	-0.0771805
7.575	0.317622	-0.178392	0.530798	0.190321	-1.46933	-0.0774626
7.58	0.317607	-0.178398	0.530797	0.190588	-1.46949	-0.0777376
7.585	0.317592	-0.178405	0.530798	0.190863	-1.46964	-0.0780215
7.59	0.317577	-0.178411	0.530797	0.19113	-1.46979	-0.0782983
7.595	0.317562	-0.178418	0.530797	0.191406	-1.46995	-0.0785839
7.6	0.317547	-0.178425	0.530796	0.191674	-1.4701	-0.0788625
7.605	0.317532	-0.178432	0.530796	0.19195	-1.47025	-0.0791497
