0	0.310429 	-0.173769 	0.537008 	0.180534 	-1.45468 	-0.24872 	
0.005	0.310429 	-0.173769 	0.537008 	0.180534 	-1.45468 	-0.24872 	
0.01	0.310429 	-0.173769 	0.537008 	0.180534 	-1.45468 	-0.24872 	
0.015	0.31043 	-0.173769 	0.537008 	0.180534 	-1.45468 	-0.24872 	
0.02	0.310431 	-0.173769 	0.537008 	0.180534 	-1.45468 	-0.24872 	
0.025	0.310433 	-0.173769 	0.537009 	0.180534 	-1.45468 	-0.24872 	
0.03	0.310435 	-0.173769 	0.537009 	0.180534 	-1.45468 	-0.24872 	
0.035	0.310438 	-0.173769 	0.53701 	0.180534 	-1.45468 	-0.24872 	
0.04	0.310441 	-0.173769 	0.53701 	0.180534 	-1.45468 	-0.24872 	
0.045	0.310445 	-0.173769 	0.537011 	0.180534 	-1.45468 	-0.24872 	
0.05	0.31045 	-0.173769 	0.537012 	0.180534 	-1.45468 	-0.24872 	
0.055	0.310455 	-0.17377 	0.537013 	0.180534 	-1.45468 	-0.24872 	
0.06	0.310461 	-0.17377 	0.537014 	0.180534 	-1.45468 	-0.24872 	
0.065	0.310467 	-0.17377 	0.537015 	0.180534 	-1.45468 	-0.24872 	
0.07	0.310473 	-0.17377 	0.537016 	0.180534 	-1.45468 	-0.24872 	
0.075	0.310481 	-0.17377 	0.537018 	0.180534 	-1.45468 	-0.24872 	
0.08	0.310488 	-0.17377 	0.537019 	0.180534 	-1.45468 	-0.24872 	
0.085	0.310497 	-0.17377 	0.537021 	0.180534 	-1.45468 	-0.24872 	
0.09	0.310505 	-0.173771 	0.537022 	0.180534 	-1.45468 	-0.24872 	
0.095	0.310516 	-0.173771 	0.537024 	0.180534 	-1.45468 	-0.24872 	
0.1	0.310526 	-0.173771 	0.537026 	0.180534 	-1.45468 	-0.24872 	
0.105	0.310536 	-0.173771 	0.537028 	0.180534 	-1.45468 	-0.24872 	
0.11	0.310547 	-0.173771 	0.53703 	0.180534 	-1.45468 	-0.24872 	
0.115	0.310559 	-0.173772 	0.537032 	0.180534 	-1.45468 	-0.24872 	
0.12	0.310571 	-0.173772 	0.537034 	0.180534 	-1.45468 	-0.24872 	
0.125	0.310583 	-0.173772 	0.537037 	0.180534 	-1.45468 	-0.24872 	
0.13	0.310597 	-0.173772 	0.537039 	0.180534 	-1.45468 	-0.24872 	
0.135	0.31061 	-0.173773 	0.537042 	0.180534 	-1.45468 	-0.24872 	
0.14	0.310624 	-0.173773 	0.537044 	0.180534 	-1.45468 	-0.24872 	
0.145	0.310639 	-0.173773 	0.537047 	0.180534 	-1.45468 	-0.24872 	
0.15	0.310654 	-0.173774 	0.53705 	0.180534 	-1.45468 	-0.24872 	
0.155	0.31067 	-0.173774 	0.537053 	0.180534 	-1.45468 	-0.24872 	
0.16	0.310687 	-0.173774 	0.537056 	0.180534 	-1.45468 	-0.24872 	
0.165	0.310641 	-0.173759 	0.53704 	0.178912 	-1.45354 	-0.246485 	
0.17	0.310658 	-0.173759 	0.537043 	0.178912 	-1.45354 	-0.246485 	
0.175	0.310676 	-0.17376 	0.537047 	0.178912 	-1.45354 	-0.246485 	
0.18	0.310695 	-0.17376 	0.53705 	0.178912 	-1.45354 	-0.246485 	
0.185	0.310714 	-0.17376 	0.537054 	0.178912 	-1.45354 	-0.246485 	
0.19	0.310733 	-0.173761 	0.537057 	0.178912 	-1.45354 	-0.246485 	
0.195	0.310753 	-0.173761 	0.537061 	0.178912 	-1.45354 	-0.246485 	
0.2	0.310774 	-0.173762 	0.537065 	0.178912 	-1.45354 	-0.246485 	
0.205	0.310795 	-0.173762 	0.537069 	0.178912 	-1.45354 	-0.246485 	
0.21	0.310816 	-0.173762 	0.537073 	0.178912 	-1.45354 	-0.246485 	
0.215	0.310839 	-0.173763 	0.537077 	0.178912 	-1.45354 	-0.246485 	
0.22	0.310861 	-0.173763 	0.537081 	0.178912 	-1.45354 	-0.246485 	
0.225	0.310823 	-0.173749 	0.537066 	0.177313 	-1.45242 	-0.244282 	
0.23	0.310846 	-0.173749 	0.537071 	0.177313 	-1.45242 	-0.244282 	
0.235	0.310871 	-0.173749 	0.537075 	0.177313 	-1.45242 	-0.244282 	
0.24	0.310895 	-0.17375 	0.53708 	0.177313 	-1.45242 	-0.244282 	
0.245	0.310921 	-0.17375 	0.537085 	0.177313 	-1.45242 	-0.244282 	
0.25	0.310946 	-0.173751 	0.537089 	0.177313 	-1.45242 	-0.244282 	
0.255	0.310973 	-0.173751 	0.537094 	0.177313 	-1.45242 	-0.244282 	
0.26	0.310999 	-0.173752 	0.537099 	0.177313 	-1.45242 	-0.244282 	
0.265	0.311027 	-0.173752 	0.537104 	0.177313 	-1.45242 	-0.244282 	
0.27	0.311054 	-0.173753 	0.537109 	0.177313 	-1.45242 	-0.244282 	
0.275	0.311017 	-0.173738 	0.537095 	0.175618 	-1.45123 	-0.241947 	
0.28	0.311046 	-0.173738 	0.5371 	0.175618 	-1.45123 	-0.241947 	
0.285	0.311076 	-0.173739 	0.537106 	0.175618 	-1.45123 	-0.241947 	
0.29	0.311105 	-0.173739 	0.537111 	0.175618 	-1.45123 	-0.241947 	
0.295	0.311136 	-0.17374 	0.537117 	0.175618 	-1.45123 	-0.241947 	
0.3	0.311167 	-0.17374 	0.537122 	0.175618 	-1.45123 	-0.241947 	
0.305	0.311198 	-0.173741 	0.537128 	0.175618 	-1.45123 	-0.241947 	
0.31	0.31123 	-0.173741 	0.537134 	0.175618 	-1.45123 	-0.241947 	
0.315	0.3112 	-0.173727 	0.537121 	0.174005 	-1.4501 	-0.239725 	
0.32	0.311233 	-0.173728 	0.537127 	0.174005 	-1.4501 	-0.239725 	
0.325	0.311266 	-0.173728 	0.537134 	0.174005 	-1.4501 	-0.239725 	
0.33	0.3113 	-0.173729 	0.53714 	0.174005 	-1.4501 	-0.239725 	
0.335	0.311334 	-0.173729 	0.537146 	0.174005 	-1.4501 	-0.239725 	
0.34	0.311369 	-0.17373 	0.537153 	0.174005 	-1.4501 	-0.239725 	
0.345	0.311404 	-0.17373 	0.537159 	0.174005 	-1.4501 	-0.239725 	
0.35	0.311379 	-0.173717 	0.537147 	0.172425 	-1.44899 	-0.237548 	
0.355	0.311416 	-0.173717 	0.537154 	0.172425 	-1.44899 	-0.237548 	
0.36	0.311452 	-0.173718 	0.537161 	0.172425 	-1.44899 	-0.237548 	
0.365	0.31149 	-0.173719 	0.537168 	0.172425 	-1.44899 	-0.237548 	
0.37	0.311527 	-0.173719 	0.537175 	0.172425 	-1.44899 	-0.237548 	
0.375	0.311566 	-0.17372 	0.537182 	0.172425 	-1.44899 	-0.237548 	
0.38	0.311604 	-0.17372 	0.537189 	0.172425 	-1.44899 	-0.237548 	
0.385	0.311577 	-0.173706 	0.537176 	0.170708 	-1.44779 	-0.235182 	
0.39	0.311617 	-0.173706 	0.537184 	0.170708 	-1.44779 	-0.235182 	
0.395	0.311657 	-0.173707 	0.537191 	0.170708 	-1.44779 	-0.235182 	
0.4	0.311698 	-0.173707 	0.537198 	0.170708 	-1.44779 	-0.235182 	
0.405	0.311739 	-0.173708 	0.537206 	0.170708 	-1.44779 	-0.235182 	
0.41	0.311781 	-0.173708 	0.537214 	0.170708 	-1.44779 	-0.235182 	
0.415	0.31176 	-0.173695 	0.537203 	0.169088 	-1.44665 	-0.232951 	
0.42	0.311803 	-0.173696 	0.537211 	0.169088 	-1.44665 	-0.232951 	
0.425	0.311846 	-0.173696 	0.537218 	0.169089 	-1.44665 	-0.232951 	
0.43	0.311889 	-0.173697 	0.537226 	0.169089 	-1.44665 	-0.232951 	
0.435	0.311933 	-0.173697 	0.537235 	0.169089 	-1.44665 	-0.232951 	
0.44	0.311978 	-0.173698 	0.537243 	0.169089 	-1.44665 	-0.232951 	
0.445	0.311956 	-0.173684 	0.537231 	0.16738 	-1.44546 	-0.230597 	
0.45	0.312002 	-0.173685 	0.53724 	0.16738 	-1.44546 	-0.230597 	
0.455	0.312047 	-0.173685 	0.537248 	0.16738 	-1.44546 	-0.230597 	
0.46	0.312094 	-0.173686 	0.537257 	0.16738 	-1.44546 	-0.230597 	
0.465	0.312141 	-0.173686 	0.537265 	0.16738 	-1.44546 	-0.230597 	
0.47	0.312188 	-0.173687 	0.537274 	0.16738 	-1.44546 	-0.230597 	
0.475	0.312165 	-0.173672 	0.537262 	0.165564 	-1.44418 	-0.228096 	
0.48	0.312213 	-0.173673 	0.537271 	0.165564 	-1.44418 	-0.228096 	
0.485	0.312262 	-0.173673 	0.537279 	0.165564 	-1.44418 	-0.228096 	
0.49	0.312311 	-0.173674 	0.537288 	0.165564 	-1.44418 	-0.228096 	
0.495	0.31236 	-0.173674 	0.537297 	0.165564 	-1.44418 	-0.228096 	
0.5	0.312347 	-0.173662 	0.537288 	0.163939 	-1.44304 	-0.225857 	
0.505	0.312397 	-0.173662 	0.537297 	0.163939 	-1.44304 	-0.225857 	
0.51	0.312448 	-0.173663 	0.537307 	0.163939 	-1.44304 	-0.225857 	
0.515	0.312499 	-0.173663 	0.537316 	0.163939 	-1.44304 	-0.225857 	
0.52	0.312551 	-0.173664 	0.537325 	0.163939 	-1.44304 	-0.225857 	
0.525	0.312538 	-0.173651 	0.537316 	0.162268 	-1.44187 	-0.223555 	
0.53	0.312591 	-0.173651 	0.537325 	0.162268 	-1.44187 	-0.223555 	
0.535	0.312643 	-0.173652 	0.537335 	0.162268 	-1.44187 	-0.223555 	
0.54	0.312697 	-0.173652 	0.537345 	0.162268 	-1.44187 	-0.223555 	
0.545	0.312751 	-0.173653 	0.537355 	0.162268 	-1.44187 	-0.223555 	
0.55	0.312737 	-0.17364 	0.537345 	0.16053 	-1.44065 	-0.22116 	
0.555	0.312792 	-0.17364 	0.537355 	0.16053 	-1.44065 	-0.22116 	
0.56	0.312847 	-0.17364 	0.537365 	0.16053 	-1.44065 	-0.22116 	
0.565	0.312902 	-0.173641 	0.537375 	0.16053 	-1.44065 	-0.22116 	
0.57	0.312958 	-0.173641 	0.537385 	0.16053 	-1.44065 	-0.22116 	
0.575	0.312944 	-0.173628 	0.537375 	0.158723 	-1.43939 	-0.21867 	
0.58	0.313001 	-0.173628 	0.537385 	0.158723 	-1.43939 	-0.21867 	
0.585	0.313058 	-0.173629 	0.537396 	0.158723 	-1.43939 	-0.21867 	
0.59	0.313116 	-0.173629 	0.537406 	0.158723 	-1.43939 	-0.21867 	
0.595	0.313174 	-0.173629 	0.537417 	0.158723 	-1.43939 	-0.21867 	
0.6	0.313159 	-0.173616 	0.537406 	0.156849 	-1.43807 	-0.216089 	
0.605	0.313218 	-0.173616 	0.537417 	0.156849 	-1.43807 	-0.216089 	
0.61	0.313277 	-0.173616 	0.537428 	0.156849 	-1.43807 	-0.216089 	
0.615	0.313336 	-0.173617 	0.537439 	0.156849 	-1.43807 	-0.216089 	
0.62	0.313335 	-0.173605 	0.537432 	0.155264 	-1.43696 	-0.213905 	
0.625	0.313395 	-0.173606 	0.537443 	0.155264 	-1.43696 	-0.213905 	
0.63	0.313456 	-0.173606 	0.537454 	0.155264 	-1.43696 	-0.213905 	
0.635	0.313517 	-0.173606 	0.537465 	0.155264 	-1.43696 	-0.213905 	
0.64	0.313516 	-0.173595 	0.537458 	0.153672 	-1.43585 	-0.211712 	
0.645	0.313578 	-0.173595 	0.537469 	0.153672 	-1.43585 	-0.211712 	
0.65	0.31364 	-0.173595 	0.537481 	0.153672 	-1.43585 	-0.211712 	
0.655	0.313703 	-0.173596 	0.537492 	0.153672 	-1.43585 	-0.211712 	
0.66	0.313702 	-0.173585 	0.537485 	0.152044 	-1.4347 	-0.209469 	
0.665	0.313766 	-0.173585 	0.537497 	0.152044 	-1.4347 	-0.209469 	
0.67	0.313829 	-0.173585 	0.537508 	0.152044 	-1.4347 	-0.209469 	
0.675	0.313893 	-0.173585 	0.53752 	0.152044 	-1.4347 	-0.209469 	
0.68	0.313893 	-0.173574 	0.537513 	0.150377 	-1.43353 	-0.207173 	
0.685	0.313958 	-0.173574 	0.537525 	0.150377 	-1.43353 	-0.207173 	
0.69	0.314023 	-0.173574 	0.537536 	0.150377 	-1.43353 	-0.207173 	
0.695	0.314088 	-0.173574 	0.537548 	0.150377 	-1.43353 	-0.207173 	
0.7	0.314088 	-0.173563 	0.537541 	0.148673 	-1.43234 	-0.204825 	
0.705	0.314154 	-0.173563 	0.537553 	0.148673 	-1.43234 	-0.204825 	
0.71	0.314221 	-0.173562 	0.537565 	0.148673 	-1.43234 	-0.204825 	
0.715	0.314288 	-0.173562 	0.537577 	0.148673 	-1.43234 	-0.204825 	
0.72	0.314287 	-0.173551 	0.53757 	0.146932 	-1.43112 	-0.202427 	
0.725	0.314354 	-0.173551 	0.537582 	0.146932 	-1.43112 	-0.202427 	
0.73	0.314422 	-0.173551 	0.537595 	0.146932 	-1.43112 	-0.202427 	
0.735	0.314491 	-0.173551 	0.537607 	0.146932 	-1.43112 	-0.202427 	
0.74	0.31449 	-0.17354 	0.5376 	0.145156 	-1.42987 	-0.199979 	
0.745	0.314559 	-0.17354 	0.537612 	0.145156 	-1.42987 	-0.199979 	
0.75	0.314628 	-0.173539 	0.537625 	0.145156 	-1.42987 	-0.199979 	
0.755	0.314698 	-0.173539 	0.537637 	0.145156 	-1.42987 	-0.199979 	
0.76	0.314697 	-0.173528 	0.53763 	0.143345 	-1.4286 	-0.197485 	
0.765	0.314767 	-0.173528 	0.537642 	0.143345 	-1.4286 	-0.197485 	
0.77	0.314837 	-0.173527 	0.537655 	0.143345 	-1.4286 	-0.197485 	
0.775	0.314908 	-0.173527 	0.537668 	0.143345 	-1.4286 	-0.197485 	
0.78	0.314907 	-0.173516 	0.53766 	0.141501 	-1.42731 	-0.194944 	
0.785	0.314979 	-0.173516 	0.537673 	0.141501 	-1.42731 	-0.194944 	
0.79	0.315051 	-0.173515 	0.537686 	0.141501 	-1.42731 	-0.194944 	
0.795	0.315123 	-0.173515 	0.537699 	0.141501 	-1.42731 	-0.194944 	
0.8	0.315122 	-0.173504 	0.537692 	0.139625 	-1.426 	-0.19236 	
0.805	0.315194 	-0.173503 	0.537705 	0.139625 	-1.426 	-0.19236 	
0.81	0.315267 	-0.173503 	0.537718 	0.139625 	-1.426 	-0.19236 	
0.815	0.315341 	-0.173502 	0.537731 	0.139625 	-1.426 	-0.19236 	
0.82	0.315339 	-0.173491 	0.537723 	0.137718 	-1.42466 	-0.189732 	
0.825	0.315413 	-0.173491 	0.537737 	0.137718 	-1.42466 	-0.189732 	
0.83	0.315488 	-0.17349 	0.53775 	0.137718 	-1.42466 	-0.189732 	
0.835	0.315562 	-0.17349 	0.537763 	0.137718 	-1.42466 	-0.189732 	
0.84	0.315561 	-0.173479 	0.537756 	0.135781 	-1.4233 	-0.187064 	
0.845	0.315636 	-0.173478 	0.537769 	0.135781 	-1.4233 	-0.187064 	
0.85	0.315711 	-0.173477 	0.537782 	0.135781 	-1.4233 	-0.187064 	
0.855	0.315787 	-0.173477 	0.537796 	0.135781 	-1.4233 	-0.187064 	
0.86	0.315785 	-0.173466 	0.537788 	0.133816 	-1.42192 	-0.184357 	
0.865	0.315861 	-0.173465 	0.537802 	0.133816 	-1.42192 	-0.184357 	
0.87	0.315938 	-0.173464 	0.537815 	0.133816 	-1.42192 	-0.184357 	
0.875	0.316014 	-0.173464 	0.537829 	0.133816 	-1.42192 	-0.184357 	
0.88	0.316013 	-0.173453 	0.537821 	0.131824 	-1.42053 	-0.181612 	
0.885	0.31609 	-0.173452 	0.537835 	0.131824 	-1.42053 	-0.181612 	
0.89	0.316167 	-0.173451 	0.537849 	0.131824 	-1.42053 	-0.181612 	
0.895	0.316183 	-0.173443 	0.537846 	0.130261 	-1.41943 	-0.179459 	
0.9	0.316261 	-0.173442 	0.53786 	0.130261 	-1.41943 	-0.179459 	
0.905	0.316339 	-0.173441 	0.537873 	0.130261 	-1.41943 	-0.179459 	
0.91	0.316418 	-0.17344 	0.537887 	0.130261 	-1.41943 	-0.179459 	
0.915	0.316418 	-0.17343 	0.53788 	0.12827 	-1.41803 	-0.176715 	
0.92	0.316496 	-0.173429 	0.537894 	0.12827 	-1.41803 	-0.176715 	
0.925	0.316575 	-0.173428 	0.537908 	0.12827 	-1.41803 	-0.176715 	
0.93	0.316592 	-0.17342 	0.537905 	0.126678 	-1.41692 	-0.174523 	
0.935	0.316671 	-0.173419 	0.537919 	0.126678 	-1.41692 	-0.174523 	
0.94	0.316751 	-0.173417 	0.537933 	0.126678 	-1.41692 	-0.174523 	
0.945	0.316769 	-0.17341 	0.537931 	0.125116 	-1.41582 	-0.172371 	
0.95	0.316849 	-0.173408 	0.537945 	0.125116 	-1.41582 	-0.172371 	
0.955	0.31693 	-0.173407 	0.537959 	0.125116 	-1.41582 	-0.172371 	
0.96	0.316948 	-0.173399 	0.537957 	0.123547 	-1.41472 	-0.170209 	
0.965	0.317029 	-0.173398 	0.537971 	0.123547 	-1.41472 	-0.170209 	
0.97	0.31711 	-0.173397 	0.537986 	0.123547 	-1.41472 	-0.170209 	
0.975	0.317129 	-0.173389 	0.537983 	0.121966 	-1.41361 	-0.168031 	
0.98	0.31721 	-0.173388 	0.537998 	0.121966 	-1.41361 	-0.168031 	
0.985	0.317292 	-0.173386 	0.538012 	0.121966 	-1.41361 	-0.168031 	
0.99	0.31731 	-0.173379 	0.53801 	0.120373 	-1.4125 	-0.165837 	
0.995	0.317392 	-0.173377 	0.538024 	0.120373 	-1.4125 	-0.165837 	
1	0.317474 	-0.173376 	0.538039 	0.120373 	-1.4125 	-0.165837 	
1.005	0.317493 	-0.173368 	0.538036 	0.118771 	-1.41137 	-0.163629 	
1.01	0.317576 	-0.173367 	0.538051 	0.118771 	-1.41137 	-0.163629 	
1.015	0.317658 	-0.173365 	0.538065 	0.118771 	-1.41137 	-0.163629 	
1.02	0.317677 	-0.173358 	0.538063 	0.117158 	-1.41024 	-0.161407 	
1.025	0.31776 	-0.173356 	0.538078 	0.117158 	-1.41024 	-0.161407 	
1.03	0.317843 	-0.173354 	0.538092 	0.117158 	-1.41024 	-0.161407 	
1.035	0.317862 	-0.173347 	0.53809 	0.115535 	-1.40911 	-0.159172 	
1.04	0.317946 	-0.173346 	0.538105 	0.115535 	-1.40911 	-0.159172 	
1.045	0.318029 	-0.173344 	0.538119 	0.115535 	-1.40911 	-0.159172 	
1.05	0.318048 	-0.173337 	0.538117 	0.113904 	-1.40796 	-0.156924 	
1.055	0.318132 	-0.173335 	0.538132 	0.113904 	-1.40796 	-0.156924 	
1.06	0.318216 	-0.173333 	0.538146 	0.113904 	-1.40796 	-0.156924 	
1.065	0.318235 	-0.173326 	0.538144 	0.112264 	-1.40681 	-0.154665 	
1.07	0.318319 	-0.173324 	0.538159 	0.112264 	-1.40681 	-0.154665 	
1.075	0.318404 	-0.173322 	0.538174 	0.112264 	-1.40681 	-0.154665 	
1.08	0.318423 	-0.173316 	0.538172 	0.110617 	-1.40566 	-0.152396 	
1.085	0.318508 	-0.173313 	0.538186 	0.110617 	-1.40566 	-0.152396 	
1.09	0.318592 	-0.173311 	0.538201 	0.110617 	-1.40566 	-0.152396 	
1.095	0.318612 	-0.173305 	0.538199 	0.108963 	-1.4045 	-0.150116 	
1.1	0.318697 	-0.173302 	0.538214 	0.108963 	-1.4045 	-0.150116 	
1.105	0.318782 	-0.1733 	0.538229 	0.108963 	-1.4045 	-0.150116 	
1.11	0.318801 	-0.173294 	0.538227 	0.107301 	-1.40333 	-0.147828 	
1.115	0.318886 	-0.173292 	0.538241 	0.107301 	-1.40333 	-0.147828 	
1.12	0.318972 	-0.173289 	0.538256 	0.107301 	-1.40333 	-0.147828 	
1.125	0.318991 	-0.173283 	0.538254 	0.105634 	-1.40216 	-0.145531 	
1.13	0.319077 	-0.173281 	0.538269 	0.105634 	-1.40216 	-0.145531 	
1.135	0.319162 	-0.173278 	0.538284 	0.105634 	-1.40216 	-0.145531 	
1.14	0.319182 	-0.173272 	0.538282 	0.103962 	-1.40099 	-0.143227 	
1.145	0.319268 	-0.17327 	0.538297 	0.103962 	-1.40099 	-0.143227 	
1.15	0.319354 	-0.173267 	0.538312 	0.103962 	-1.40099 	-0.143227 	
1.155	0.319373 	-0.173261 	0.53831 	0.102284 	-1.39981 	-0.140916 	
1.16	0.319459 	-0.173259 	0.538325 	0.102284 	-1.39981 	-0.140916 	
1.165	0.319545 	-0.173256 	0.538339 	0.102284 	-1.39981 	-0.140916 	
1.17	0.319565 	-0.17325 	0.538338 	0.100603 	-1.39864 	-0.138599 	
1.175	0.319651 	-0.173248 	0.538352 	0.100603 	-1.39864 	-0.138599 	
1.18	0.319737 	-0.173245 	0.538367 	0.100603 	-1.39864 	-0.138599 	
1.185	0.319757 	-0.17324 	0.538366 	0.0989176 	-1.39745 	-0.136278 	
1.19	0.319843 	-0.173237 	0.53838 	0.0989176 	-1.39745 	-0.136278 	
1.195	0.31993 	-0.173234 	0.538395 	0.0989176 	-1.39745 	-0.136278 	
1.2	0.319949 	-0.173229 	0.538393 	0.0972293 	-1.39627 	-0.133952 	
1.205	0.320036 	-0.173225 	0.538408 	0.0972293 	-1.39627 	-0.133952 	
1.21	0.320122 	-0.173222 	0.538423 	0.0972293 	-1.39627 	-0.133952 	
1.215	0.320142 	-0.173218 	0.538422 	0.0955386 	-1.39508 	-0.131622 	
1.22	0.320229 	-0.173214 	0.538436 	0.0955386 	-1.39508 	-0.131622 	
1.225	0.320315 	-0.173211 	0.538451 	0.0955386 	-1.39508 	-0.131622 	
1.23	0.320335 	-0.173207 	0.53845 	0.093846 	-1.3939 	-0.12929 	
1.235	0.320422 	-0.173203 	0.538464 	0.093846 	-1.3939 	-0.12929 	
1.24	0.320508 	-0.1732 	0.538479 	0.093846 	-1.3939 	-0.12929 	
1.245	0.320528 	-0.173196 	0.538478 	0.0921521 	-1.39271 	-0.126957 	
1.25	0.320615 	-0.173192 	0.538492 	0.0921521 	-1.39271 	-0.126957 	
1.255	0.320702 	-0.173189 	0.538507 	0.0921521 	-1.39271 	-0.126957 	
1.26	0.320721 	-0.173185 	0.538506 	0.0904576 	-1.39152 	-0.124622 	
1.265	0.320808 	-0.173181 	0.538521 	0.0904576 	-1.39152 	-0.124622 	
1.27	0.320895 	-0.173178 	0.538535 	0.0904576 	-1.39152 	-0.124622 	
1.275	0.320914 	-0.173174 	0.538534 	0.088763 	-1.39033 	-0.122288 	
1.28	0.321001 	-0.17317 	0.538549 	0.088763 	-1.39033 	-0.122288 	
1.285	0.321088 	-0.173166 	0.538563 	0.088763 	-1.39033 	-0.122288 	
1.29	0.321107 	-0.173163 	0.538562 	0.0870689 	-1.38915 	-0.119954 	
1.295	0.321194 	-0.173159 	0.538577 	0.0870689 	-1.38915 	-0.119954 	
1.3	0.321281 	-0.173155 	0.538591 	0.0870689 	-1.38915 	-0.119954 	
1.305	0.3213 	-0.173152 	0.53859 	0.085376 	-1.38796 	-0.117621 	
1.31	0.321387 	-0.173148 	0.538605 	0.085376 	-1.38796 	-0.117621 	
1.315	0.321473 	-0.173144 	0.538619 	0.085376 	-1.38796 	-0.117621 	
1.32	0.321493 	-0.173141 	0.538618 	0.0836848 	-1.38677 	-0.115291 	
1.325	0.321579 	-0.173137 	0.538633 	0.0836848 	-1.38677 	-0.115291 	
1.33	0.321666 	-0.173133 	0.538647 	0.0836848 	-1.38677 	-0.115291 	
1.335	0.321685 	-0.17313 	0.538646 	0.0819959 	-1.38559 	-0.112965 	
1.34	0.321772 	-0.173126 	0.538661 	0.0819959 	-1.38559 	-0.112965 	
1.345	0.321858 	-0.173122 	0.538675 	0.0819959 	-1.38559 	-0.112965 	
1.35	0.321877 	-0.173119 	0.538674 	0.0803099 	-1.38441 	-0.110642 	
1.355	0.321963 	-0.173115 	0.538688 	0.0803099 	-1.38441 	-0.110642 	
1.36	0.32205 	-0.17311 	0.538703 	0.0803099 	-1.38441 	-0.110642 	
1.365	0.322069 	-0.173108 	0.538702 	0.0786274 	-1.38323 	-0.108324 	
1.37	0.322155 	-0.173104 	0.538716 	0.0786274 	-1.38323 	-0.108324 	
1.375	0.322241 	-0.173099 	0.538731 	0.0786274 	-1.38323 	-0.108324 	
1.38	0.32226 	-0.173097 	0.538729 	0.076949 	-1.38205 	-0.106012 	
1.385	0.322346 	-0.173093 	0.538744 	0.076949 	-1.38205 	-0.106012 	
1.39	0.322432 	-0.173088 	0.538758 	0.076949 	-1.38205 	-0.106012 	
1.395	0.322451 	-0.173086 	0.538757 	0.0752753 	-1.38088 	-0.103706 	
1.4	0.322536 	-0.173082 	0.538772 	0.0752753 	-1.38088 	-0.103706 	
1.405	0.322622 	-0.173077 	0.538786 	0.0752753 	-1.38088 	-0.103706 	
1.41	0.322641 	-0.173075 	0.538785 	0.0736069 	-1.37971 	-0.101407 	
1.415	0.322726 	-0.173071 	0.538799 	0.0736069 	-1.37971 	-0.101407 	
1.42	0.322811 	-0.173066 	0.538813 	0.0736069 	-1.37971 	-0.101407 	
1.425	0.32283 	-0.173064 	0.538812 	0.0719444 	-1.37854 	-0.0991169 	
1.43	0.322915 	-0.17306 	0.538827 	0.0719444 	-1.37854 	-0.0991169 	
1.435	0.323 	-0.173055 	0.538841 	0.0719444 	-1.37854 	-0.0991169 	
1.44	0.323019 	-0.173054 	0.53884 	0.0702883 	-1.37738 	-0.0968353 	
1.445	0.323103 	-0.173049 	0.538854 	0.0702883 	-1.37738 	-0.0968353 	
1.45	0.323188 	-0.173044 	0.538868 	0.0702883 	-1.37738 	-0.0968353 	
1.455	0.323206 	-0.173043 	0.538867 	0.0686393 	-1.37622 	-0.0945635 	
1.46	0.323291 	-0.173038 	0.538881 	0.0686393 	-1.37622 	-0.0945635 	
1.465	0.323375 	-0.173034 	0.538895 	0.0686393 	-1.37622 	-0.0945635 	
1.47	0.323393 	-0.173032 	0.538894 	0.0669979 	-1.37507 	-0.0923021 	
1.475	0.323477 	-0.173028 	0.538908 	0.0669979 	-1.37507 	-0.0923021 	
1.48	0.323561 	-0.173023 	0.538922 	0.0669979 	-1.37507 	-0.0923021 	
1.485	0.323579 	-0.173022 	0.538921 	0.0653647 	-1.37393 	-0.0900521 	
1.49	0.323663 	-0.173017 	0.538935 	0.0653647 	-1.37393 	-0.0900521 	
1.495	0.323746 	-0.173012 	0.538949 	0.0653647 	-1.37393 	-0.0900521 	
1.5	0.323764 	-0.173011 	0.538948 	0.0637403 	-1.37279 	-0.0878141 	
1.505	0.323847 	-0.173006 	0.538962 	0.0637403 	-1.37279 	-0.0878141 	
1.51	0.32393 	-0.173001 	0.538976 	0.0637403 	-1.37279 	-0.0878141 	
1.515	0.323948 	-0.173001 	0.538975 	0.0621252 	-1.37166 	-0.085589 	
1.52	0.32403 	-0.172996 	0.538989 	0.0621252 	-1.37166 	-0.085589 	
1.525	0.324113 	-0.172991 	0.539002 	0.0621252 	-1.37166 	-0.085589 	
1.53	0.324131 	-0.17299 	0.539001 	0.06052 	-1.37053 	-0.0833776 	
1.535	0.324213 	-0.172985 	0.539015 	0.06052 	-1.37053 	-0.0833776 	
1.54	0.324294 	-0.17298 	0.539029 	0.06052 	-1.37053 	-0.0833776 	
1.545	0.324312 	-0.17298 	0.539028 	0.0589253 	-1.36941 	-0.0811806 	
1.55	0.324394 	-0.172975 	0.539041 	0.0589253 	-1.36941 	-0.0811806 	
1.555	0.324475 	-0.17297 	0.539055 	0.0589253 	-1.36941 	-0.0811806 	
1.56	0.324493 	-0.17297 	0.539054 	0.0573417 	-1.3683 	-0.0789989 	
1.565	0.324573 	-0.172965 	0.539067 	0.0573417 	-1.3683 	-0.0789989 	
1.57	0.324654 	-0.172959 	0.539081 	0.0573417 	-1.3683 	-0.0789989 	
1.575	0.324671 	-0.172959 	0.53908 	0.0557697 	-1.3672 	-0.0768331 	
1.58	0.324752 	-0.172954 	0.539093 	0.0557697 	-1.3672 	-0.0768331 	
1.585	0.324832 	-0.172949 	0.539106 	0.0557697 	-1.3672 	-0.0768331 	
1.59	0.324849 	-0.172949 	0.539106 	0.0542098 	-1.36611 	-0.0746841 	
1.595	0.324929 	-0.172944 	0.539119 	0.0542098 	-1.36611 	-0.0746841 	
1.6	0.325008 	-0.172939 	0.539132 	0.0542098 	-1.36611 	-0.0746841 	
1.605	0.325025 	-0.172939 	0.539131 	0.0526626 	-1.36502 	-0.0725526 	
1.61	0.325104 	-0.172934 	0.539144 	0.0526626 	-1.36502 	-0.0725526 	
1.615	0.325182 	-0.172929 	0.539157 	0.0526626 	-1.36502 	-0.0725526 	
1.62	0.3252 	-0.172929 	0.539157 	0.0511287 	-1.36395 	-0.0704394 	
1.625	0.325278 	-0.172924 	0.53917 	0.0511287 	-1.36395 	-0.0704394 	
1.63	0.325356 	-0.172919 	0.539182 	0.0511287 	-1.36395 	-0.0704394 	
1.635	0.325433 	-0.172914 	0.539195 	0.0511287 	-1.36395 	-0.0704394 	
1.64	0.325432 	-0.172916 	0.539191 	0.0491571 	-1.36256 	-0.067723 	
1.645	0.325509 	-0.172911 	0.539203 	0.0491571 	-1.36256 	-0.067723 	
1.65	0.325586 	-0.172905 	0.539216 	0.0491571 	-1.36256 	-0.067723 	
1.655	0.325601 	-0.172906 	0.539215 	0.0476095 	-1.36148 	-0.0655909 	
1.66	0.325677 	-0.172901 	0.539228 	0.0476095 	-1.36148 	-0.0655909 	
1.665	0.325753 	-0.172896 	0.53924 	0.0476095 	-1.36148 	-0.0655909 	
1.67	0.325829 	-0.17289 	0.539252 	0.0476095 	-1.36148 	-0.0655909 	
1.675	0.325828 	-0.172893 	0.539248 	0.0456779 	-1.36012 	-0.0629297 	
1.68	0.325903 	-0.172888 	0.539261 	0.0456779 	-1.36012 	-0.0629297 	
1.685	0.325978 	-0.172883 	0.539273 	0.0456779 	-1.36012 	-0.0629297 	
1.69	0.326053 	-0.172877 	0.539285 	0.0456779 	-1.36012 	-0.0629297 	
1.695	0.32605 	-0.172881 	0.539281 	0.0437322 	-1.35876 	-0.0602491 	
1.7	0.326124 	-0.172875 	0.539293 	0.0437322 	-1.35876 	-0.0602491 	
1.705	0.326198 	-0.17287 	0.539305 	0.0437322 	-1.35876 	-0.0602491 	
1.71	0.326271 	-0.172865 	0.539317 	0.0437322 	-1.35876 	-0.0602491 	
1.715	0.326268 	-0.172868 	0.539312 	0.0418113 	-1.35741 	-0.0576027 	
1.72	0.326341 	-0.172863 	0.539324 	0.0418113 	-1.35741 	-0.0576027 	
1.725	0.326414 	-0.172858 	0.539336 	0.0418113 	-1.35741 	-0.0576027 	
1.73	0.326486 	-0.172852 	0.539348 	0.0418113 	-1.35741 	-0.0576027 	
1.735	0.326483 	-0.172856 	0.539344 	0.0399204 	-1.35609 	-0.0549976 	
1.74	0.326555 	-0.172851 	0.539355 	0.0399204 	-1.35609 	-0.0549976 	
1.745	0.326626 	-0.172845 	0.539367 	0.0399204 	-1.35609 	-0.0549976 	
1.75	0.326698 	-0.17284 	0.539378 	0.0399204 	-1.35609 	-0.0549976 	
1.755	0.326694 	-0.172844 	0.539374 	0.0380609 	-1.35478 	-0.0524358 	
1.76	0.326765 	-0.172839 	0.539386 	0.0380609 	-1.35478 	-0.0524358 	
1.765	0.326835 	-0.172833 	0.539397 	0.0380609 	-1.35478 	-0.0524358 	
1.77	0.326905 	-0.172828 	0.539408 	0.0380609 	-1.35478 	-0.0524358 	
1.775	0.326902 	-0.172832 	0.539404 	0.0362341 	-1.3535 	-0.0499191 	
1.78	0.326971 	-0.172827 	0.539416 	0.0362341 	-1.3535 	-0.0499191 	
1.785	0.32704 	-0.172821 	0.539427 	0.0362341 	-1.3535 	-0.0499191 	
1.79	0.327109 	-0.172816 	0.539438 	0.0362341 	-1.3535 	-0.0499191 	
1.795	0.327106 	-0.172821 	0.539434 	0.0344412 	-1.35225 	-0.0474491 	
1.8	0.327174 	-0.172815 	0.539445 	0.0344412 	-1.35225 	-0.0474491 	
1.805	0.327241 	-0.17281 	0.539456 	0.0344412 	-1.35225 	-0.0474491 	
1.81	0.327308 	-0.172805 	0.539467 	0.0344412 	-1.35225 	-0.0474491 	
1.815	0.327305 	-0.172809 	0.539463 	0.0326833 	-1.35101 	-0.0450272 	
1.82	0.327372 	-0.172804 	0.539474 	0.0326833 	-1.35101 	-0.0450272 	
1.825	0.327438 	-0.172799 	0.539484 	0.0326833 	-1.35101 	-0.0450272 	
1.83	0.327504 	-0.172793 	0.539495 	0.0326833 	-1.35101 	-0.0450272 	
1.835	0.327501 	-0.172798 	0.539492 	0.0309615 	-1.34981 	-0.0426551 	
1.84	0.327566 	-0.172793 	0.539502 	0.0309615 	-1.34981 	-0.0426551 	
1.845	0.327631 	-0.172788 	0.539512 	0.0309615 	-1.34981 	-0.0426551 	
1.85	0.327695 	-0.172782 	0.539523 	0.0309615 	-1.34981 	-0.0426551 	
1.855	0.327692 	-0.172787 	0.539519 	0.0292768 	-1.34863 	-0.0403341 	
1.86	0.327756 	-0.172782 	0.53953 	0.0292768 	-1.34863 	-0.0403341 	
1.865	0.327819 	-0.172777 	0.53954 	0.0292768 	-1.34863 	-0.0403341 	
1.87	0.327882 	-0.172771 	0.53955 	0.0292768 	-1.34863 	-0.0403341 	
1.875	0.327879 	-0.172777 	0.539547 	0.0276303 	-1.34747 	-0.0380658 	
1.88	0.327941 	-0.172771 	0.539556 	0.0276303 	-1.34747 	-0.0380658 	
1.885	0.328003 	-0.172766 	0.539566 	0.0276303 	-1.34747 	-0.0380658 	
1.89	0.328065 	-0.172761 	0.539576 	0.0276303 	-1.34747 	-0.0380658 	
1.895	0.328062 	-0.172766 	0.539573 	0.0260231 	-1.34634 	-0.0358516 	
1.9	0.328122 	-0.172761 	0.539583 	0.0260231 	-1.34634 	-0.0358516 	
1.905	0.328183 	-0.172756 	0.539592 	0.0260231 	-1.34634 	-0.0358516 	
1.91	0.328242 	-0.172751 	0.539602 	0.0260231 	-1.34634 	-0.0358516 	
1.915	0.32824 	-0.172756 	0.539599 	0.0244562 	-1.34525 	-0.0336928 	
1.92	0.328299 	-0.172751 	0.539608 	0.0244562 	-1.34525 	-0.0336928 	
1.925	0.328357 	-0.172746 	0.539618 	0.0244562 	-1.34525 	-0.0336928 	
1.93	0.328415 	-0.172741 	0.539627 	0.0244562 	-1.34525 	-0.0336928 	
1.935	0.328413 	-0.172746 	0.539624 	0.0229304 	-1.34418 	-0.0315909 	
1.94	0.32847 	-0.172741 	0.539633 	0.0229304 	-1.34418 	-0.0315909 	
1.945	0.328527 	-0.172736 	0.539642 	0.0229304 	-1.34418 	-0.0315909 	
1.95	0.328584 	-0.172731 	0.539651 	0.0229304 	-1.34418 	-0.0315909 	
1.955	0.32864 	-0.172726 	0.53966 	0.0229304 	-1.34418 	-0.0315909 	
1.96	0.328624 	-0.172734 	0.539655 	0.0211211 	-1.34291 	-0.0290981 	
1.965	0.328679 	-0.172729 	0.539664 	0.0211211 	-1.34291 	-0.0290981 	
1.97	0.328734 	-0.172724 	0.539672 	0.0211211 	-1.34291 	-0.0290981 	
1.975	0.328789 	-0.172719 	0.539681 	0.0211211 	-1.34291 	-0.0290981 	
1.98	0.328843 	-0.172715 	0.53969 	0.0211211 	-1.34291 	-0.0290981 	
1.985	0.328826 	-0.172723 	0.539684 	0.0193437 	-1.34166 	-0.0266494 	
1.99	0.328879 	-0.172718 	0.539693 	0.0193437 	-1.34166 	-0.0266494 	
1.995	0.328932 	-0.172713 	0.539701 	0.0193437 	-1.34166 	-0.0266494 	
2	0.328984 	-0.172708 	0.539709 	0.0193437 	-1.34166 	-0.0266494 	
2.005	0.329036 	-0.172704 	0.539717 	0.0193437 	-1.34166 	-0.0266494 	
2.01	0.32902 	-0.172712 	0.539712 	0.017632 	-1.34046 	-0.0242913 	
2.015	0.329071 	-0.172707 	0.53972 	0.017632 	-1.34046 	-0.0242913 	
2.02	0.329121 	-0.172702 	0.539728 	0.017632 	-1.34046 	-0.0242913 	
2.025	0.329172 	-0.172698 	0.539736 	0.017632 	-1.34046 	-0.0242913 	
2.03	0.329221 	-0.172693 	0.539744 	0.017632 	-1.34046 	-0.0242913 	
2.035	0.329206 	-0.172701 	0.539739 	0.0159911 	-1.33931 	-0.0220306 	
2.04	0.329254 	-0.172697 	0.539747 	0.0159911 	-1.33931 	-0.0220306 	
2.045	0.329303 	-0.172692 	0.539755 	0.0159911 	-1.33931 	-0.0220306 	
2.05	0.329351 	-0.172688 	0.539762 	0.0159911 	-1.33931 	-0.0220306 	
2.055	0.329398 	-0.172683 	0.53977 	0.0159911 	-1.33931 	-0.0220306 	
2.06	0.329383 	-0.172691 	0.539765 	0.0144229 	-1.33821 	-0.0198701 	
2.065	0.32943 	-0.172687 	0.539772 	0.0144229 	-1.33821 	-0.0198701 	
2.07	0.329476 	-0.172682 	0.53978 	0.0144229 	-1.33821 	-0.0198701 	
2.075	0.329521 	-0.172678 	0.539787 	0.0144229 	-1.33821 	-0.0198701 	
2.08	0.329566 	-0.172674 	0.539794 	0.0144229 	-1.33821 	-0.0198701 	
2.085	0.329611 	-0.17267 	0.539801 	0.0144229 	-1.33821 	-0.0198701 	
2.09	0.329586 	-0.172679 	0.539795 	0.0126703 	-1.33698 	-0.0174556 	
2.095	0.32963 	-0.172675 	0.539802 	0.0126703 	-1.33698 	-0.0174556 	
2.1	0.329673 	-0.172671 	0.539808 	0.0126703 	-1.33698 	-0.0174556 	
2.105	0.329716 	-0.172667 	0.539815 	0.0126703 	-1.33698 	-0.0174556 	
2.11	0.329758 	-0.172663 	0.539822 	0.0126703 	-1.33698 	-0.0174556 	
2.115	0.3298 	-0.172659 	0.539828 	0.0126703 	-1.33698 	-0.0174556 	
2.12	0.329775 	-0.172668 	0.539822 	0.0109973 	-1.33581 	-0.0151507 	
2.125	0.329816 	-0.172665 	0.539829 	0.0109973 	-1.33581 	-0.0151507 	
2.13	0.329857 	-0.172661 	0.539835 	0.0109973 	-1.33581 	-0.0151507 	
2.135	0.329897 	-0.172657 	0.539841 	0.0109973 	-1.33581 	-0.0151507 	
2.14	0.329936 	-0.172653 	0.539847 	0.0109973 	-1.33581 	-0.0151507 	
2.145	0.329975 	-0.172649 	0.539854 	0.0109973 	-1.33581 	-0.0151507 	
2.15	0.329952 	-0.172659 	0.539848 	0.00943304 	-1.33471 	-0.0129956 	
2.155	0.32999 	-0.172655 	0.539854 	0.00943304 	-1.33471 	-0.0129956 	
2.16	0.330027 	-0.172651 	0.53986 	0.00943304 	-1.33471 	-0.0129956 	
2.165	0.330064 	-0.172648 	0.539865 	0.00943304 	-1.33471 	-0.0129956 	
2.17	0.330101 	-0.172644 	0.539871 	0.00943304 	-1.33471 	-0.0129956 	
2.175	0.330137 	-0.172641 	0.539877 	0.00943304 	-1.33471 	-0.0129956 	
2.18	0.330172 	-0.172637 	0.539882 	0.00943304 	-1.33471 	-0.0129956 	
2.185	0.330142 	-0.172648 	0.539876 	0.00777741 	-1.33355 	-0.0107147 	
2.19	0.330176 	-0.172644 	0.539881 	0.00777741 	-1.33355 	-0.0107147 	
2.195	0.33021 	-0.172641 	0.539886 	0.00777741 	-1.33355 	-0.0107147 	
2.2	0.330244 	-0.172638 	0.539891 	0.00777741 	-1.33355 	-0.0107147 	
2.205	0.330277 	-0.172634 	0.539897 	0.00777741 	-1.33355 	-0.0107147 	
2.21	0.33031 	-0.172631 	0.539902 	0.00777741 	-1.33355 	-0.0107147 	
2.215	0.330342 	-0.172628 	0.539907 	0.00777741 	-1.33355 	-0.0107147 	
2.22	0.330313 	-0.172638 	0.5399 	0.00625483 	-1.33248 	-0.00861705 	
2.225	0.330344 	-0.172635 	0.539905 	0.00625483 	-1.33248 	-0.00861705 	
2.23	0.330375 	-0.172632 	0.53991 	0.00625483 	-1.33248 	-0.00861705 	
2.235	0.330405 	-0.172629 	0.539915 	0.00625483 	-1.33248 	-0.00861705 	
2.24	0.330434 	-0.172626 	0.539919 	0.00625483 	-1.33248 	-0.00861705 	
2.245	0.330463 	-0.172623 	0.539924 	0.00625483 	-1.33248 	-0.00861705 	
2.25	0.330492 	-0.17262 	0.539928 	0.00625483 	-1.33248 	-0.00861705 	
2.255	0.33052 	-0.172617 	0.539933 	0.00625483 	-1.33248 	-0.00861705 	
2.26	0.330487 	-0.172628 	0.539926 	0.00473024 	-1.33141 	-0.00651664 	
2.265	0.330514 	-0.172625 	0.53993 	0.00473024 	-1.33141 	-0.00651664 	
2.27	0.33054 	-0.172623 	0.539934 	0.00473024 	-1.33141 	-0.00651664 	
2.275	0.330566 	-0.17262 	0.539938 	0.00473024 	-1.33141 	-0.00651664 	
2.28	0.330592 	-0.172618 	0.539942 	0.00473024 	-1.33141 	-0.00651664 	
2.285	0.330616 	-0.172615 	0.539946 	0.00473024 	-1.33141 	-0.00651664 	
2.29	0.330641 	-0.172613 	0.53995 	0.00473024 	-1.33141 	-0.00651664 	
2.295	0.330665 	-0.17261 	0.539953 	0.00473024 	-1.33141 	-0.00651664 	
2.3	0.330688 	-0.172608 	0.539957 	0.00473024 	-1.33141 	-0.00651664 	
2.305	0.330711 	-0.172606 	0.53996 	0.00473024 	-1.33141 	-0.00651664 	
2.31	0.33067 	-0.172618 	0.539952 	0.00313474 	-1.3303 	-0.00431852 	
2.315	0.330692 	-0.172615 	0.539956 	0.00313474 	-1.3303 	-0.00431852 	
2.32	0.330713 	-0.172613 	0.539959 	0.00313474 	-1.3303 	-0.00431852 	
2.325	0.330734 	-0.172611 	0.539962 	0.00313474 	-1.3303 	-0.00431852 	
2.33	0.330754 	-0.172609 	0.539965 	0.00313474 	-1.3303 	-0.00431852 	
2.335	0.330773 	-0.172607 	0.539968 	0.00313474 	-1.3303 	-0.00431852 	
2.34	0.330792 	-0.172605 	0.539971 	0.00313474 	-1.3303 	-0.00431852 	
2.345	0.330811 	-0.172603 	0.539974 	0.00313474 	-1.3303 	-0.00431852 	
2.35	0.330829 	-0.172601 	0.539977 	0.00313474 	-1.3303 	-0.00431852 	
2.355	0.330847 	-0.1726 	0.53998 	0.00313474 	-1.3303 	-0.00431852 	
2.36	0.330864 	-0.172598 	0.539982 	0.00313474 	-1.3303 	-0.00431852 	
2.365	0.33088 	-0.172596 	0.539985 	0.00313474 	-1.3303 	-0.00431852 	
2.37	0.330896 	-0.172595 	0.539987 	0.00313474 	-1.3303 	-0.00431852 	
2.375	0.330849 	-0.172607 	0.539978 	0.00155958 	-1.32919 	-0.00214844 	
2.38	0.330864 	-0.172606 	0.539981 	0.00155958 	-1.32919 	-0.00214844 	
2.385	0.330878 	-0.172604 	0.539983 	0.00155958 	-1.32919 	-0.00214844 	
2.39	0.330892 	-0.172603 	0.539985 	0.00155958 	-1.32919 	-0.00214844 	
2.395	0.330905 	-0.172602 	0.539987 	0.00155958 	-1.32919 	-0.00214844 	
2.4	0.330918 	-0.1726 	0.539989 	0.00155958 	-1.32919 	-0.00214844 	
2.405	0.33093 	-0.172599 	0.539991 	0.00155958 	-1.32919 	-0.00214844 	
2.41	0.330942 	-0.172598 	0.539993 	0.00155958 	-1.32919 	-0.00214844 	
2.415	0.330953 	-0.172597 	0.539994 	0.00155958 	-1.32919 	-0.00214844 	
2.42	0.330963 	-0.172596 	0.539996 	0.00155958 	-1.32919 	-0.00214844 	
2.425	0.330973 	-0.172595 	0.539998 	0.00155958 	-1.32919 	-0.00214844 	
2.43	0.330982 	-0.172594 	0.539999 	0.00155958 	-1.32919 	-0.00214844 	
2.435	0.330992 	-0.172593 	0.54 	0.00155958 	-1.32919 	-0.00214844 	
2.44	0.330999 	-0.172592 	0.540002 	0.00155958 	-1.32919 	-0.00214844 	
2.445	0.331007 	-0.172591 	0.540003 	0.00155958 	-1.32919 	-0.00214844 	
2.45	0.331015 	-0.17259 	0.540004 	0.00155958 	-1.32919 	-0.00214844 	
2.455	0.331021 	-0.17259 	0.540005 	0.00155958 	-1.32919 	-0.00214844 	
2.46	0.331028 	-0.172589 	0.540006 	0.00155958 	-1.32919 	-0.00214844 	
2.465	0.331034 	-0.172588 	0.540007 	0.00155958 	-1.32919 	-0.00214844 	
2.47	0.331039 	-0.172588 	0.540008 	0.00155958 	-1.32919 	-0.00214844 	
2.475	0.331043 	-0.172587 	0.540008 	0.00155958 	-1.32919 	-0.00214844 	
2.48	0.331048 	-0.172587 	0.540009 	0.00155958 	-1.32919 	-0.00214844 	
2.485	0.331051 	-0.172587 	0.54001 	0.00155958 	-1.32919 	-0.00214844 	
2.49	0.331054 	-0.172586 	0.54001 	0.00155958 	-1.32919 	-0.00214844 	
2.495	0.331057 	-0.172586 	0.540011 	0.00155958 	-1.32919 	-0.00214844 	
2.5	0.331059 	-0.172586 	0.540011 	0.00155958 	-1.32919 	-0.00214844 	
2.505	0.33106 	-0.172586 	0.540011 	0.00155958 	-1.32919 	-0.00214844 	
2.51	0.33106 	-0.172586 	0.540011 	0.00155958 	-1.32919 	-0.00214844 	
2.515	0.331061 	-0.172586 	0.540011 	0.00155958 	-1.32919 	-0.00214844 	
2.52	0.331061 	-0.172586 	0.540011 	0.00155958 	-1.32919 	-0.00214844 	
2.525	0.331062 	-0.172586 	0.54001 	0.00155958 	-1.32919 	-0.00214844 	
2.53	0.331063 	-0.172585 	0.540009 	0.00155958 	-1.32919 	-0.00214844 	
2.535	0.331064 	-0.172585 	0.540008 	0.00155958 	-1.32919 	-0.00214844 	
2.54	0.331065 	-0.172585 	0.540006 	0.00155958 	-1.32919 	-0.00214844 	
2.545	0.331067 	-0.172585 	0.540003 	0.00155958 	-1.32919 	-0.00214844 	
2.55	0.33107 	-0.172584 	0.54 	0.00155958 	-1.32919 	-0.00214844 	
2.555	0.331072 	-0.172584 	0.539997 	0.00155958 	-1.32919 	-0.00214844 	
2.56	0.331022 	-0.17259 	0.539984 	0.00045521 	-1.32827 	-0.000217399 	
2.565	0.331026 	-0.172589 	0.53998 	0.000455211 	-1.32827 	-0.0002174 	
2.57	0.331029 	-0.172589 	0.539975 	0.000455211 	-1.32827 	-0.0002174 	
2.575	0.331033 	-0.172588 	0.53997 	0.000455212 	-1.32827 	-0.000217401 	
2.58	0.331038 	-0.172588 	0.539964 	0.000455213 	-1.32827 	-0.000217401 	
2.585	0.331042 	-0.172587 	0.539958 	0.000455214 	-1.32827 	-0.000217402 	
2.59	0.331048 	-0.172586 	0.539951 	0.000455214 	-1.32827 	-0.000217403 	
2.595	0.331053 	-0.172586 	0.539944 	0.000455216 	-1.32827 	-0.000217405 	
2.6	0.331059 	-0.172585 	0.539936 	0.000455217 	-1.32827 	-0.000217406 	
2.605	0.331065 	-0.172584 	0.539928 	0.000455218 	-1.32827 	-0.000217407 	
2.61	0.331072 	-0.172583 	0.53992 	0.000455219 	-1.32827 	-0.000217409 	
2.615	0.331079 	-0.172582 	0.539911 	0.000455221 	-1.32827 	-0.00021741 	
2.62	0.331092 	-0.172552 	0.539904 	0.00165988 	-1.32842 	-2.1234e-05 	
2.625	0.331099 	-0.172551 	0.539894 	0.00165988 	-1.32842 	-2.1236e-05 	
2.63	0.331107 	-0.17255 	0.539884 	0.00165988 	-1.32842 	-2.12381e-05 	
2.635	0.331115 	-0.172548 	0.539873 	0.00165988 	-1.32842 	-2.12404e-05 	
2.64	0.331124 	-0.172547 	0.539862 	0.00165988 	-1.32842 	-2.12429e-05 	
2.645	0.331133 	-0.172546 	0.539851 	0.00165989 	-1.32842 	-2.12456e-05 	
2.65	0.331142 	-0.172545 	0.539839 	0.00165989 	-1.32842 	-2.12486e-05 	
2.655	0.331163 	-0.172512 	0.53983 	0.00303096 	-1.32868 	-1.35765e-06 	
2.66	0.331173 	-0.172511 	0.539817 	0.00303096 	-1.32868 	-1.36104e-06 	
2.665	0.331183 	-0.172509 	0.539803 	0.00303096 	-1.32868 	-1.36467e-06 	
2.67	0.331194 	-0.172508 	0.53979 	0.00303097 	-1.32868 	-1.36854e-06 	
2.675	0.331205 	-0.172506 	0.539775 	0.00303097 	-1.32868 	-1.37266e-06 	
2.68	0.331216 	-0.172505 	0.539761 	0.00303097 	-1.32868 	-1.37705e-06 	
2.685	0.33124 	-0.17247 	0.539749 	0.00451951 	-1.32896 	7.705e-07 	
2.69	0.331252 	-0.172468 	0.539734 	0.00451952 	-1.32896 	7.65571e-07 	
2.695	0.331264 	-0.172466 	0.539718 	0.00451952 	-1.32896 	7.60361e-07 	
2.7	0.331277 	-0.172464 	0.539701 	0.00451953 	-1.32896 	7.54861e-07 	
2.705	0.33129 	-0.172462 	0.539685 	0.00451953 	-1.32896 	7.49065e-07 	
2.71	0.331316 	-0.172427 	0.539671 	0.00598947 	-1.32924 	9.55998e-07 	
2.715	0.331329 	-0.172425 	0.539653 	0.00598947 	-1.32924 	9.49585e-07 	
2.72	0.331344 	-0.172423 	0.539635 	0.00598948 	-1.32924 	9.42855e-07 	
2.725	0.331358 	-0.172421 	0.539616 	0.00598948 	-1.32924 	9.35802e-07 	
2.73	0.331384 	-0.172389 	0.5396 	0.00731948 	-1.3295 	8.07505e-07 	
2.735	0.331399 	-0.172387 	0.539581 	0.00731949 	-1.3295 	7.9978e-07 	
2.74	0.331414 	-0.172385 	0.539561 	0.0073195 	-1.3295 	7.91711e-07 	
2.745	0.33143 	-0.172383 	0.539541 	0.00731951 	-1.3295 	7.83292e-07 	
2.75	0.331458 	-0.172348 	0.539524 	0.00874598 	-1.32977 	9.00104e-07 	
2.755	0.331474 	-0.172346 	0.539502 	0.00874599 	-1.32977 	8.90961e-07 	
2.76	0.331491 	-0.172344 	0.539481 	0.00874599 	-1.32977 	8.81449e-07 	
2.765	0.331508 	-0.172341 	0.539459 	0.008746 	-1.32977 	8.71562e-07 	
2.77	0.331538 	-0.172304 	0.53944 	0.0102915 	-1.33007 	1.05335e-06 	
2.775	0.331556 	-0.172302 	0.539417 	0.0102915 	-1.33007 	1.04269e-06 	
2.78	0.331574 	-0.172299 	0.539394 	0.0102915 	-1.33007 	1.03163e-06 	
2.785	0.331603 	-0.172268 	0.539374 	0.0115697 	-1.33031 	7.51416e-07 	
2.79	0.331621 	-0.172265 	0.539349 	0.0115697 	-1.33031 	7.39554e-07 	
2.795	0.33164 	-0.172262 	0.539325 	0.0115697 	-1.33031 	7.27282e-07 	
2.8	0.33167 	-0.17223 	0.539303 	0.0128809 	-1.33056 	7.54472e-07 	
2.805	0.33169 	-0.172227 	0.539278 	0.0128809 	-1.33056 	7.41359e-07 	
2.81	0.33171 	-0.172224 	0.539252 	0.0128809 	-1.33056 	7.27819e-07 	
2.815	0.331742 	-0.172191 	0.539229 	0.0142548 	-1.33082 	8.22272e-07 	
2.82	0.331762 	-0.172188 	0.539203 	0.0142548 	-1.33082 	8.07859e-07 	
2.825	0.331783 	-0.172185 	0.539176 	0.0142548 	-1.33082 	7.93006e-07 	
2.83	0.331816 	-0.172149 	0.539152 	0.0156938 	-1.3311 	9.02614e-07 	
2.835	0.331838 	-0.172146 	0.539124 	0.0156938 	-1.3311 	8.86857e-07 	
2.84	0.331859 	-0.172143 	0.539096 	0.0156939 	-1.3311 	8.70646e-07 	
2.845	0.331894 	-0.172106 	0.539071 	0.0171974 	-1.33138 	9.87237e-07 	
2.85	0.331916 	-0.172103 	0.539042 	0.0171974 	-1.33138 	9.70094e-07 	
2.855	0.331939 	-0.1721 	0.539013 	0.0171974 	-1.33138 	9.52484e-07 	
2.86	0.331975 	-0.172061 	0.538987 	0.0187647 	-1.33168 	1.07486e-06 	
2.865	0.331998 	-0.172058 	0.538957 	0.0187648 	-1.33168 	1.0563e-06 	
2.87	0.332022 	-0.172055 	0.538926 	0.0187648 	-1.33168 	1.03725e-06 	
2.875	0.332059 	-0.172015 	0.538899 	0.0203949 	-1.332 	1.16518e-06 	
2.88	0.332084 	-0.172011 	0.538868 	0.020395 	-1.332 	1.14515e-06 	
2.885	0.332108 	-0.172008 	0.538837 	0.020395 	-1.332 	1.12463e-06 	
2.89	0.332147 	-0.171966 	0.538809 	0.0220871 	-1.33232 	1.258e-06 	
2.895	0.332172 	-0.171963 	0.538776 	0.0220871 	-1.33232 	1.23648e-06 	
2.9	0.332198 	-0.171959 	0.538743 	0.0220871 	-1.33232 	1.21446e-06 	
2.905	0.332238 	-0.171916 	0.538714 	0.0238403 	-1.33265 	1.35314e-06 	
2.91	0.332264 	-0.171912 	0.538681 	0.0238403 	-1.33265 	1.33009e-06 	
2.915	0.3323 	-0.17188 	0.53865 	0.0251022 	-1.33289 	7.43154e-07 	
2.92	0.332327 	-0.171876 	0.538616 	0.0251023 	-1.33289 	7.19079e-07 	
2.925	0.332354 	-0.171872 	0.538581 	0.0251023 	-1.33289 	6.94492e-07 	
2.93	0.332396 	-0.171828 	0.538551 	0.0269012 	-1.33324 	1.36721e-06 	
2.935	0.332423 	-0.171824 	0.538515 	0.0269012 	-1.33324 	1.34157e-06 	
2.94	0.332462 	-0.17179 	0.538483 	0.0282265 	-1.33349 	8.08787e-07 	
2.945	0.33249 	-0.171786 	0.538447 	0.0282265 	-1.33349 	7.82094e-07 	
2.95	0.332529 	-0.171753 	0.538413 	0.0295268 	-1.33374 	7.24745e-07 	
2.955	0.332557 	-0.171749 	0.538376 	0.0295268 	-1.33374 	6.9699e-07 	
2.96	0.332597 	-0.171715 	0.538343 	0.0308473 	-1.33399 	7.36967e-07 	
2.965	0.332626 	-0.171711 	0.538305 	0.0308473 	-1.33399 	7.08142e-07 	
2.97	0.332666 	-0.171677 	0.53827 	0.0321922 	-1.33425 	7.6388e-07 	
2.975	0.332696 	-0.171673 	0.538232 	0.0321922 	-1.33425 	7.33979e-07 	
2.98	0.332737 	-0.171638 	0.538197 	0.0335616 	-1.33451 	7.92962e-07 	
2.985	0.332767 	-0.171633 	0.538158 	0.0335616 	-1.33451 	7.61981e-07 	
2.99	0.332809 	-0.171598 	0.538122 	0.0349553 	-1.33478 	8.22497e-07 	
2.995	0.33284 	-0.171593 	0.538083 	0.0349554 	-1.33478 	7.90431e-07 	
3	0.332882 	-0.171557 	0.538046 	0.0363729 	-1.33505 	8.52245e-07 	
3.005	0.332914 	-0.171553 	0.538006 	0.036373 	-1.33505 	8.19092e-07 	
3.01	0.332957 	-0.171516 	0.537969 	0.0378141 	-1.33532 	8.82153e-07 	
3.015	0.332989 	-0.171511 	0.537928 	0.0378141 	-1.33532 	8.47912e-07 	
3.02	0.333032 	-0.171474 	0.537891 	0.0392785 	-1.3356 	9.12194e-07 	
3.025	0.333065 	-0.171469 	0.537849 	0.0392785 	-1.3356 	8.76863e-07 	
3.03	0.333109 	-0.171431 	0.537811 	0.0407657 	-1.33589 	9.42338e-07 	
3.035	0.333142 	-0.171426 	0.537769 	0.0407657 	-1.33589 	9.05917e-07 	
3.04	0.333187 	-0.171388 	0.53773 	0.0422754 	-1.33617 	9.7256e-07 	
3.045	0.333221 	-0.171383 	0.537687 	0.0422754 	-1.33617 	9.35051e-07 	
3.05	0.333266 	-0.171344 	0.537648 	0.0438071 	-1.33647 	1.00283e-06 	
3.055	0.3333 	-0.171339 	0.537605 	0.0438072 	-1.33647 	9.64237e-07 	
3.06	0.333346 	-0.171299 	0.537565 	0.0453606 	-1.33676 	1.03313e-06 	
3.065	0.333381 	-0.171295 	0.537521 	0.0453606 	-1.33676 	9.9345e-07 	
3.07	0.333428 	-0.171254 	0.537481 	0.0469354 	-1.33706 	1.06342e-06 	
3.075	0.333463 	-0.171249 	0.537436 	0.0469354 	-1.33706 	1.02266e-06 	
3.08	0.33351 	-0.171209 	0.537395 	0.0485311 	-1.33737 	1.09368e-06 	
3.085	0.333546 	-0.171204 	0.53735 	0.0485311 	-1.33737 	1.05185e-06 	
3.09	0.333594 	-0.171162 	0.537309 	0.0501473 	-1.33768 	1.12388e-06 	
3.095	0.33363 	-0.171157 	0.537263 	0.0501473 	-1.33768 	1.08098e-06 	
3.1	0.333678 	-0.171115 	0.537221 	0.0517837 	-1.33799 	1.15399e-06 	
3.105	0.333715 	-0.17111 	0.537175 	0.0517837 	-1.33799 	1.11004e-06 	
3.11	0.333764 	-0.171068 	0.537132 	0.0534397 	-1.33831 	1.18399e-06 	
3.115	0.3338 	-0.171063 	0.537085 	0.0534398 	-1.33831 	1.13899e-06 	
3.12	0.33385 	-0.17102 	0.537043 	0.0551151 	-1.33863 	1.21384e-06 	
3.125	0.333887 	-0.171015 	0.536995 	0.0551151 	-1.33863 	1.1678e-06 	
3.13	0.333937 	-0.170971 	0.536952 	0.0568094 	-1.33895 	1.24353e-06 	
3.135	0.333975 	-0.170966 	0.536904 	0.0568094 	-1.33895 	1.19646e-06 	
3.14	0.334026 	-0.170922 	0.53686 	0.0585221 	-1.33928 	1.27302e-06 	
3.145	0.334064 	-0.170917 	0.536812 	0.0585221 	-1.33928 	1.22493e-06 	
3.15	0.334115 	-0.170873 	0.536768 	0.0602529 	-1.33961 	1.30228e-06 	
3.155	0.334154 	-0.170867 	0.536719 	0.0602529 	-1.33961 	1.25319e-06 	
3.16	0.334205 	-0.170823 	0.536674 	0.0620012 	-1.33994 	1.3313e-06 	
3.165	0.334245 	-0.170817 	0.536624 	0.0620013 	-1.33994 	1.28122e-06 	
3.17	0.334297 	-0.170772 	0.536579 	0.0637668 	-1.34028 	1.36003e-06 	
3.175	0.334336 	-0.170766 	0.536529 	0.0637668 	-1.34028 	1.30897e-06 	
3.18	0.334389 	-0.170721 	0.536484 	0.0655491 	-1.34062 	1.38845e-06 	
3.185	0.334429 	-0.170715 	0.536434 	0.0655491 	-1.34062 	1.33644e-06 	
3.19	0.334481 	-0.170669 	0.536388 	0.0673476 	-1.34096 	1.41655e-06 	
3.195	0.334522 	-0.170664 	0.536337 	0.0673477 	-1.34096 	1.36358e-06 	
3.2	0.334575 	-0.170617 	0.536291 	0.069162 	-1.34131 	1.44428e-06 	
3.205	0.334616 	-0.170612 	0.536239 	0.0691621 	-1.34131 	1.39039e-06 	
3.21	0.33467 	-0.170565 	0.536193 	0.0709918 	-1.34166 	1.47162e-06 	
3.215	0.334711 	-0.170559 	0.536141 	0.0709919 	-1.34166 	1.41682e-06 	
3.22	0.334765 	-0.170512 	0.536094 	0.0728365 	-1.34201 	1.49855e-06 	
3.225	0.334806 	-0.170506 	0.536042 	0.0728366 	-1.34201 	1.44286e-06 	
3.23	0.334861 	-0.170459 	0.535994 	0.0746957 	-1.34237 	1.52504e-06 	
3.235	0.334902 	-0.170453 	0.535942 	0.0746958 	-1.34237 	1.46848e-06 	
3.24	0.334957 	-0.170405 	0.535894 	0.0765689 	-1.34272 	1.55106e-06 	
3.245	0.334999 	-0.170399 	0.535841 	0.076569 	-1.34272 	1.49365e-06 	
3.25	0.335055 	-0.170351 	0.535793 	0.0784557 	-1.34308 	1.57659e-06 	
3.255	0.335097 	-0.170345 	0.53574 	0.0784557 	-1.34308 	1.51835e-06 	
3.26	0.335153 	-0.170297 	0.535691 	0.0803555 	-1.34345 	1.6016e-06 	
3.265	0.335196 	-0.170291 	0.535638 	0.0803555 	-1.34345 	1.54256e-06 	
3.27	0.335251 	-0.170242 	0.535589 	0.0822679 	-1.34381 	1.62607e-06 	
3.275	0.335295 	-0.170236 	0.535535 	0.0822679 	-1.34381 	1.56625e-06 	
3.28	0.335351 	-0.170187 	0.535486 	0.0841924 	-1.34418 	1.64998e-06 	
3.285	0.335394 	-0.170181 	0.535432 	0.0841925 	-1.34418 	1.5894e-06 	
3.29	0.335451 	-0.170131 	0.535383 	0.0861286 	-1.34455 	1.67329e-06 	
3.295	0.335494 	-0.170125 	0.535328 	0.0861286 	-1.34455 	1.61198e-06 	
3.3	0.335551 	-0.170075 	0.535278 	0.0880759 	-1.34492 	1.69599e-06 	
3.305	0.335595 	-0.170069 	0.535223 	0.088076 	-1.34492 	1.63397e-06 	
3.31	0.335652 	-0.170019 	0.535174 	0.0900339 	-1.3453 	1.71805e-06 	
3.315	0.335696 	-0.170013 	0.535118 	0.090034 	-1.3453 	1.65535e-06 	
3.32	0.335754 	-0.169963 	0.535068 	0.0920021 	-1.34567 	1.73945e-06 	
3.325	0.335798 	-0.169957 	0.535013 	0.0920021 	-1.34567 	1.67609e-06 	
3.33	0.335856 	-0.169906 	0.534962 	0.09398 	-1.34605 	1.76017e-06 	
3.335	0.335901 	-0.1699 	0.534906 	0.09398 	-1.34605 	1.69618e-06 	
3.34	0.335958 	-0.169849 	0.534856 	0.095967 	-1.34643 	1.78018e-06 	
3.345	0.336003 	-0.169843 	0.5348 	0.0959671 	-1.34643 	1.7156e-06 	
3.35	0.336061 	-0.169792 	0.534749 	0.0979628 	-1.34681 	1.79946e-06 	
3.355	0.336107 	-0.169786 	0.534693 	0.0979629 	-1.34681 	1.73432e-06 	
3.36	0.336165 	-0.169735 	0.534642 	0.0999668 	-1.34719 	1.818e-06 	
3.365	0.33621 	-0.169728 	0.534585 	0.0999669 	-1.34719 	1.75232e-06 	
3.37	0.336268 	-0.169677 	0.534534 	0.101979 	-1.34758 	1.83578e-06 	
3.375	0.336314 	-0.169671 	0.534478 	0.101979 	-1.34758 	1.76958e-06 	
3.38	0.336373 	-0.169619 	0.534426 	0.103997 	-1.34796 	1.85276e-06 	
3.385	0.336418 	-0.169613 	0.534369 	0.103997 	-1.34796 	1.78609e-06 	
3.39	0.336477 	-0.169561 	0.534318 	0.106023 	-1.34835 	1.86895e-06 	
3.395	0.336523 	-0.169555 	0.534261 	0.106023 	-1.34835 	1.80182e-06 	
3.4	0.336582 	-0.169503 	0.534209 	0.108055 	-1.34874 	1.88431e-06 	
3.405	0.336628 	-0.169496 	0.534152 	0.108055 	-1.34874 	1.81676e-06 	
3.41	0.336687 	-0.169445 	0.5341 	0.110092 	-1.34913 	1.89883e-06 	
3.415	0.336733 	-0.169438 	0.534043 	0.110092 	-1.34913 	1.8309e-06 	
3.42	0.336792 	-0.169386 	0.533991 	0.112135 	-1.34952 	1.91249e-06 	
3.425	0.336839 	-0.169379 	0.533933 	0.112135 	-1.34952 	1.84421e-06 	
3.43	0.336898 	-0.169327 	0.533882 	0.114182 	-1.34991 	1.92528e-06 	
3.435	0.336945 	-0.169321 	0.533824 	0.114183 	-1.34991 	1.85668e-06 	
3.44	0.337004 	-0.169269 	0.533772 	0.116234 	-1.3503 	1.93719e-06 	
3.445	0.337051 	-0.169262 	0.533714 	0.116234 	-1.3503 	1.86829e-06 	
3.45	0.33711 	-0.16921 	0.533662 	0.118289 	-1.35069 	1.94819e-06 	
3.455	0.337157 	-0.169203 	0.533604 	0.118289 	-1.35069 	1.87904e-06 	
3.46	0.337216 	-0.169151 	0.533552 	0.120348 	-1.35108 	1.95827e-06 	
3.465	0.337263 	-0.169144 	0.533494 	0.120348 	-1.35108 	1.8889e-06 	
3.47	0.337322 	-0.169092 	0.533442 	0.122408 	-1.35148 	1.96743e-06 	
3.475	0.337369 	-0.169085 	0.533383 	0.122409 	-1.35148 	1.89787e-06 	
3.48	0.337429 	-0.169033 	0.533331 	0.124472 	-1.35187 	1.97565e-06 	
3.485	0.337476 	-0.169026 	0.533273 	0.124472 	-1.35187 	1.90593e-06 	
3.49	0.337535 	-0.168974 	0.533221 	0.126536 	-1.35227 	1.98292e-06 	
3.495	0.337582 	-0.168967 	0.533162 	0.126536 	-1.35227 	1.91308e-06 	
3.5	0.337642 	-0.168914 	0.53311 	0.128602 	-1.35266 	1.98922e-06 	
3.505	0.337689 	-0.168908 	0.533052 	0.128602 	-1.35266 	1.9193e-06 	
3.51	0.337748 	-0.168855 	0.533 	0.130668 	-1.35306 	1.99456e-06 	
3.515	0.337796 	-0.168848 	0.532941 	0.130668 	-1.35306 	1.92459e-06 	
3.52	0.337855 	-0.168796 	0.532889 	0.132735 	-1.35345 	1.99891e-06 	
3.525	0.337902 	-0.168789 	0.532831 	0.132735 	-1.35345 	1.92893e-06 	
3.53	0.337961 	-0.168737 	0.532779 	0.134801 	-1.35385 	2.00228e-06 	
3.535	0.338009 	-0.16873 	0.53272 	0.134801 	-1.35385 	1.93231e-06 	
3.54	0.338068 	-0.168678 	0.532668 	0.136866 	-1.35424 	2.00466e-06 	
3.545	0.338115 	-0.168671 	0.53261 	0.136866 	-1.35424 	1.93475e-06 	
3.55	0.338174 	-0.168618 	0.532558 	0.138929 	-1.35463 	2.00604e-06 	
3.555	0.338222 	-0.168612 	0.5325 	0.138929 	-1.35463 	1.93621e-06 	
3.56	0.338281 	-0.168559 	0.532448 	0.140991 	-1.35503 	2.00642e-06 	
3.565	0.338328 	-0.168553 	0.53239 	0.140991 	-1.35503 	1.93671e-06 	
3.57	0.338387 	-0.1685 	0.532338 	0.14305 	-1.35542 	2.0058e-06 	
3.575	0.338434 	-0.168494 	0.53228 	0.14305 	-1.35542 	1.93624e-06 	
3.58	0.338493 	-0.168442 	0.532228 	0.145106 	-1.35581 	2.00416e-06 	
3.585	0.33854 	-0.168435 	0.53217 	0.145106 	-1.35581 	1.9348e-06 	
3.59	0.338599 	-0.168383 	0.532118 	0.147158 	-1.35621 	2.00152e-06 	
3.595	0.338646 	-0.168376 	0.53206 	0.147158 	-1.35621 	1.93238e-06 	
3.6	0.338704 	-0.168324 	0.532009 	0.149206 	-1.3566 	1.99787e-06 	
3.605	0.338752 	-0.168317 	0.531951 	0.149206 	-1.3566 	1.92898e-06 	
3.61	0.33881 	-0.168266 	0.531899 	0.15125 	-1.35699 	1.9932e-06 	
3.615	0.338857 	-0.168259 	0.531842 	0.15125 	-1.35699 	1.92461e-06 	
3.62	0.338915 	-0.168207 	0.53179 	0.153289 	-1.35738 	1.98753e-06 	
3.625	0.338962 	-0.1682 	0.531733 	0.153289 	-1.35738 	1.91926e-06 	
3.63	0.339019 	-0.168149 	0.531682 	0.155322 	-1.35776 	1.98086e-06 	
3.635	0.339067 	-0.168142 	0.531624 	0.155322 	-1.35776 	1.91294e-06 	
3.64	0.339124 	-0.168091 	0.531573 	0.157349 	-1.35815 	1.97318e-06 	
3.645	0.339171 	-0.168084 	0.531516 	0.157349 	-1.35815 	1.90566e-06 	
3.65	0.339228 	-0.168033 	0.531465 	0.15937 	-1.35854 	1.96451e-06 	
3.655	0.339275 	-0.168026 	0.531408 	0.15937 	-1.35854 	1.89741e-06 	
3.66	0.339332 	-0.167975 	0.531358 	0.161383 	-1.35892 	1.95484e-06 	
3.665	0.339379 	-0.167968 	0.531301 	0.161383 	-1.35892 	1.8882e-06 	
3.67	0.339435 	-0.167918 	0.53125 	0.163389 	-1.35931 	1.9442e-06 	
3.675	0.339482 	-0.167911 	0.531194 	0.163389 	-1.35931 	1.87804e-06 	
3.68	0.339538 	-0.167861 	0.531144 	0.165386 	-1.35969 	1.93257e-06 	
3.685	0.339585 	-0.167854 	0.531087 	0.165387 	-1.35969 	1.86693e-06 	
3.69	0.339641 	-0.167804 	0.531037 	0.167376 	-1.36007 	1.91998e-06 	
3.695	0.339687 	-0.167797 	0.530981 	0.167376 	-1.36007 	1.85489e-06 	
3.7	0.339743 	-0.167747 	0.530932 	0.169356 	-1.36044 	1.90644e-06 	
3.705	0.339789 	-0.16774 	0.530876 	0.169356 	-1.36044 	1.84193e-06 	
3.71	0.339844 	-0.16769 	0.530826 	0.171326 	-1.36082 	1.89195e-06 	
3.715	0.33989 	-0.167684 	0.530771 	0.171326 	-1.36082 	1.82805e-06 	
3.72	0.339946 	-0.167634 	0.530721 	0.173286 	-1.3612 	1.87652e-06 	
3.725	0.339991 	-0.167628 	0.530666 	0.173286 	-1.3612 	1.81326e-06 	
3.73	0.340046 	-0.167578 	0.530617 	0.175236 	-1.36157 	1.86018e-06 	
3.735	0.340092 	-0.167572 	0.530562 	0.175236 	-1.36157 	1.79758e-06 	
3.74	0.340146 	-0.167523 	0.530514 	0.177175 	-1.36194 	1.84293e-06 	
3.745	0.340191 	-0.167516 	0.530459 	0.177175 	-1.36194 	1.78103e-06 	
3.75	0.340245 	-0.167468 	0.530411 	0.179102 	-1.36231 	1.8248e-06 	
3.755	0.34029 	-0.167461 	0.530356 	0.179102 	-1.36231 	1.76361e-06 	
3.76	0.340344 	-0.167413 	0.530308 	0.181017 	-1.36267 	1.80578e-06 	
3.765	0.329614 	-0.173413 	0.58465 	0.181117 	-1.36283 	-4.72409e-05 	
3.77	0.329606 	-0.173401 	0.584658 	0.181226 	-1.36301 	-0.000102842 	
3.775	0.329596 	-0.173389 	0.584658 	0.181328 	-1.36318 	-0.000153839 	
3.78	0.329585 	-0.173378 	0.584652 	0.181426 	-1.36332 	-0.000200814 	
3.785	0.329572 	-0.173367 	0.58464 	0.181519 	-1.36344 	-0.000244147 	
3.79	0.329558 	-0.173357 	0.584622 	0.181608 	-1.36354 	-0.000284086 	
3.795	0.329543 	-0.173347 	0.584599 	0.181693 	-1.36363 	-0.000320875 	
3.8	0.329527 	-0.173337 	0.584573 	0.181775 	-1.36371 	-0.000356305 	
3.805	0.329511 	-0.173329 	0.584546 	0.181857 	-1.36378 	-0.000394649 	
3.81	0.329494 	-0.173321 	0.584515 	0.181936 	-1.36384 	-0.000429847 	
3.815	0.329477 	-0.173313 	0.58448 	0.182012 	-1.36389 	-0.000462905 	
3.82	0.329459 	-0.173305 	0.584442 	0.182085 	-1.36393 	-0.000493244 	
3.825	0.32944 	-0.173297 	0.5844 	0.182157 	-1.36396 	-0.000521877 	
3.83	0.329421 	-0.17329 	0.584356 	0.182225 	-1.36397 	-0.000548203 	
3.835	0.329401 	-0.173283 	0.584309 	0.182292 	-1.36398 	-0.000573206 	
3.84	0.329381 	-0.173276 	0.584259 	0.182356 	-1.36398 	-0.000596247 	
3.845	0.32936 	-0.173269 	0.584207 	0.18242 	-1.36398 	-0.000618289 	
3.85	0.32934 	-0.173262 	0.584153 	0.182481 	-1.36396 	-0.000638654 	
3.855	0.329319 	-0.173256 	0.584098 	0.182541 	-1.36394 	-0.000658295 	
3.86	0.329297 	-0.173249 	0.58404 	0.1826 	-1.36392 	-0.000676499 	
3.865	0.329276 	-0.173243 	0.583982 	0.182658 	-1.36389 	-0.000694208 	
3.87	0.329255 	-0.173237 	0.583923 	0.182716 	-1.36386 	-0.000712872 	
3.875	0.329235 	-0.173232 	0.583868 	0.182778 	-1.36384 	-0.000737683 	
3.88	0.329213 	-0.173227 	0.58381 	0.182837 	-1.36381 	-0.000760979 	
3.885	0.329192 	-0.173222 	0.583752 	0.182896 	-1.36379 	-0.000785114 	
3.89	0.329171 	-0.173218 	0.583694 	0.182956 	-1.36376 	-0.000811488 	
3.895	0.329148 	-0.173214 	0.583634 	0.183015 	-1.36373 	-0.000837131 	
3.9	0.329126 	-0.17321 	0.583572 	0.183072 	-1.36369 	-0.000861166 	
3.905	0.329104 	-0.173206 	0.58351 	0.183129 	-1.36365 	-0.000884571 	
3.91	0.329081 	-0.173202 	0.583446 	0.183185 	-1.3636 	-0.000906857 	
3.915	0.329058 	-0.173199 	0.583382 	0.18324 	-1.36355 	-0.000930425 	
3.92	0.329034 	-0.173195 	0.583317 	0.183295 	-1.3635 	-0.000952902 	
3.925	0.32901 	-0.173192 	0.58325 	0.183349 	-1.36345 	-0.000975062 	
3.93	0.328986 	-0.173188 	0.583182 	0.183402 	-1.36339 	-0.000996402 	
3.935	0.328961 	-0.173185 	0.583113 	0.183454 	-1.36333 	-0.00101706 	
3.94	0.328935 	-0.173182 	0.583042 	0.183505 	-1.36326 	-0.00103497 	
3.945	0.328909 	-0.173178 	0.58297 	0.183554 	-1.36319 	-0.0010519 	
3.95	0.328882 	-0.173175 	0.582897 	0.183604 	-1.36311 	-0.00106953 	
3.955	0.328855 	-0.173172 	0.582823 	0.183652 	-1.36303 	-0.00108624 	
3.96	0.328828 	-0.173169 	0.582748 	0.183701 	-1.36295 	-0.00110412 	
3.965	0.328801 	-0.173166 	0.582674 	0.18375 	-1.36287 	-0.0011216 	
3.97	0.328774 	-0.173163 	0.582599 	0.183798 	-1.36279 	-0.0011383 	
3.975	0.328748 	-0.173159 	0.582525 	0.183847 	-1.36271 	-0.00115489 	
3.98	0.328722 	-0.173156 	0.58245 	0.183895 	-1.36263 	-0.00117111 	
3.985	0.328697 	-0.173152 	0.582376 	0.183945 	-1.36255 	-0.00118796 	
3.99	0.328672 	-0.173149 	0.582302 	0.183995 	-1.36247 	-0.00120525 	
3.995	0.328651 	-0.173147 	0.582238 	0.184054 	-1.36243 	-0.00123898 	
4	0.328635 	-0.173151 	0.582192 	0.184131 	-1.36244 	-0.00130568 	
4.005	0.328617 	-0.173153 	0.582143 	0.184205 	-1.36244 	-0.00136666 	
4.01	0.3286 	-0.173155 	0.582096 	0.184281 	-1.36244 	-0.00143046 	
4.015	0.328586 	-0.173161 	0.582061 	0.184369 	-1.36249 	-0.00151612 	
4.02	0.328573 	-0.173166 	0.582027 	0.184458 	-1.36254 	-0.00160224 	
4.025	0.328561 	-0.173174 	0.582003 	0.184556 	-1.36262 	-0.00170797 	
4.03	0.32855 	-0.173183 	0.581979 	0.184655 	-1.3627 	-0.00181525 	
4.035	0.32854 	-0.173194 	0.581962 	0.184762 	-1.3628 	-0.00193891 	
4.04	0.32853 	-0.173206 	0.581944 	0.184868 	-1.36291 	-0.00206169 	
4.045	0.328521 	-0.173219 	0.581932 	0.184981 	-1.36303 	-0.00219821 	
4.05	0.328511 	-0.173232 	0.581918 	0.185092 	-1.36314 	-0.00233215 	
4.055	0.328503 	-0.173247 	0.58191 	0.185209 	-1.36327 	-0.00247802 	
4.06	0.328493 	-0.173262 	0.581899 	0.185323 	-1.3634 	-0.00262009 	
4.065	0.328485 	-0.173278 	0.581893 	0.185443 	-1.36354 	-0.00277278 	
4.07	0.328476 	-0.173294 	0.581884 	0.185561 	-1.36367 	-0.00292102 	
4.075	0.328468 	-0.173311 	0.58188 	0.185683 	-1.36381 	-0.00307882 	
4.08	0.328459 	-0.173327 	0.581873 	0.185803 	-1.36395 	-0.00323097 	
4.085	0.328452 	-0.173344 	0.581871 	0.185927 	-1.3641 	-0.00338982 	
4.09	0.328443 	-0.173359 	0.581865 	0.186049 	-1.36424 	-0.00354237 	
4.095	0.328435 	-0.173375 	0.581865 	0.186174 	-1.3644 	-0.00369959 	
4.1	0.328427 	-0.17339 	0.581861 	0.186297 	-1.36455 	-0.00385119 	
4.105	0.328419 	-0.173405 	0.581861 	0.186424 	-1.36471 	-0.00400923 	
4.11	0.328411 	-0.17342 	0.581857 	0.186547 	-1.36486 	-0.00416152 	
4.115	0.328403 	-0.173435 	0.581858 	0.186675 	-1.36502 	-0.00431989 	
4.12	0.328395 	-0.17345 	0.581855 	0.186799 	-1.36517 	-0.00447192 	
4.125	0.328387 	-0.173464 	0.581855 	0.186927 	-1.36533 	-0.0046282 	
4.13	0.328379 	-0.173478 	0.581853 	0.187052 	-1.36548 	-0.00477829 	
4.135	0.328371 	-0.173492 	0.581854 	0.18718 	-1.36565 	-0.00493312 	
4.14	0.328362 	-0.173505 	0.581852 	0.187305 	-1.3658 	-0.00508168 	
4.145	0.328355 	-0.173518 	0.581854 	0.187434 	-1.36596 	-0.00523515 	
4.15	0.328346 	-0.17353 	0.581852 	0.18756 	-1.36612 	-0.00538182 	
4.155	0.328338 	-0.173543 	0.581853 	0.187688 	-1.36628 	-0.00553147 	
4.16	0.328329 	-0.173554 	0.58185 	0.187813 	-1.36643 	-0.00567621 	
4.165	0.328321 	-0.173566 	0.581851 	0.187941 	-1.36659 	-0.00582419 	
4.17	0.328312 	-0.173577 	0.581848 	0.188066 	-1.36674 	-0.00596751 	
4.175	0.328304 	-0.173589 	0.581849 	0.188194 	-1.3669 	-0.00611422 	
4.18	0.328295 	-0.1736 	0.581846 	0.18832 	-1.36706 	-0.00625639 	
4.185	0.328287 	-0.17361 	0.581846 	0.188448 	-1.36722 	-0.0064021 	
4.19	0.328278 	-0.173621 	0.581844 	0.188573 	-1.36737 	-0.00654336 	
4.195	0.32827 	-0.173631 	0.581844 	0.188702 	-1.36753 	-0.00668826 	
4.2	0.32826 	-0.173642 	0.581841 	0.188828 	-1.36768 	-0.00682879 	
4.205	0.328252 	-0.173652 	0.581841 	0.188956 	-1.36784 	-0.00697305 	
4.21	0.328243 	-0.173662 	0.581838 	0.189082 	-1.36799 	-0.007113 	
4.215	0.328235 	-0.173672 	0.581838 	0.189211 	-1.36815 	-0.00725677 	
4.22	0.328225 	-0.173681 	0.581836 	0.189338 	-1.3683 	-0.00739626 	
4.225	0.328217 	-0.173691 	0.581836 	0.189467 	-1.36846 	-0.00753964 	
4.23	0.328208 	-0.1737 	0.581833 	0.189594 	-1.36861 	-0.00767878 	
4.235	0.328199 	-0.17371 	0.581833 	0.189724 	-1.36877 	-0.00782186 	
4.24	0.32819 	-0.173719 	0.58183 	0.189851 	-1.36892 	-0.00796073 	
4.245	0.328182 	-0.173728 	0.58183 	0.189981 	-1.36908 	-0.00810359 	
4.25	0.328172 	-0.173737 	0.581827 	0.190108 	-1.36923 	-0.00824226 	
4.255	0.328164 	-0.173747 	0.581827 	0.190238 	-1.36939 	-0.00838496 	
4.26	0.328155 	-0.173755 	0.581824 	0.190366 	-1.36954 	-0.00852349 	
4.265	0.328146 	-0.173765 	0.581824 	0.190497 	-1.3697 	-0.00866609 	
4.27	0.328137 	-0.173773 	0.581821 	0.190625 	-1.36985 	-0.00880453 	
4.275	0.328129 	-0.173782 	0.581821 	0.190756 	-1.37001 	-0.00894708 	
4.28	0.328119 	-0.173791 	0.581818 	0.190884 	-1.37016 	-0.00908546 	
4.285	0.328111 	-0.173799 	0.581818 	0.191015 	-1.37032 	-0.00922738 	
4.29	0.328101 	-0.173807 	0.581812 	0.19114 	-1.37046 	-0.00935839 	
4.295	0.328089 	-0.173812 	0.5818 	0.19126 	-1.37058 	-0.0094786 	
4.3	0.328076 	-0.173817 	0.581784 	0.191374 	-1.37069 	-0.00958944 	
4.305	0.328062 	-0.173819 	0.581763 	0.191484 	-1.37078 	-0.00969094 	
4.31	0.328047 	-0.173821 	0.581737 	0.191588 	-1.37086 	-0.00978444 	
4.315	0.328031 	-0.173822 	0.581708 	0.19169 	-1.37092 	-0.00986985 	
4.32	0.328014 	-0.173822 	0.581675 	0.191786 	-1.37098 	-0.00994844 	
4.325	0.327995 	-0.173821 	0.581639 	0.19188 	-1.37102 	-0.01002 	
4.33	0.327976 	-0.173819 	0.581599 	0.19197 	-1.37105 	-0.0100858 	
4.335	0.327957 	-0.173816 	0.581557 	0.192057 	-1.37108 	-0.0101456 	
4.34	0.327936 	-0.173813 	0.581512 	0.192141 	-1.37109 	-0.0102004 	
4.345	0.327915 	-0.173808 	0.581464 	0.192222 	-1.3711 	-0.01025 	
4.35	0.327893 	-0.173804 	0.581414 	0.192301 	-1.37109 	-0.0102955 	
4.355	0.32787 	-0.173798 	0.581362 	0.192378 	-1.37109 	-0.0103364 	
4.36	0.327847 	-0.173792 	0.581307 	0.192452 	-1.37107 	-0.0103738 	
4.365	0.327825 	-0.173787 	0.581257 	0.192531 	-1.37107 	-0.0104176 	
4.37	0.327808 	-0.173786 	0.58122 	0.192624 	-1.37111 	-0.0104883 	
4.375	0.327791 	-0.173784 	0.581185 	0.19272 	-1.37116 	-0.010561 	
4.38	0.327777 	-0.173784 	0.581162 	0.192828 	-1.37124 	-0.0106533 	
4.385	0.327764 	-0.173785 	0.581139 	0.192936 	-1.37133 	-0.0107457 	
4.39	0.327753 	-0.173786 	0.581126 	0.193054 	-1.37144 	-0.0108518 	
4.395	0.327742 	-0.173787 	0.581111 	0.193171 	-1.37155 	-0.0109556 	
4.4	0.327734 	-0.173789 	0.581105 	0.193296 	-1.37169 	-0.0110712 	
4.405	0.327724 	-0.173791 	0.581095 	0.193418 	-1.37182 	-0.0111829 	
4.41	0.327716 	-0.173794 	0.581093 	0.193548 	-1.37197 	-0.0113048 	
4.415	0.327708 	-0.173796 	0.581087 	0.193674 	-1.37211 	-0.0114215 	
4.42	0.3277 	-0.173798 	0.581086 	0.193806 	-1.37227 	-0.0115461 	
4.425	0.327692 	-0.173801 	0.581082 	0.193935 	-1.37242 	-0.0116667 	
4.43	0.327685 	-0.173804 	0.581084 	0.19407 	-1.37258 	-0.0117947 	
4.435	0.327678 	-0.173806 	0.581082 	0.194201 	-1.37273 	-0.0119182 	
4.44	0.327671 	-0.173809 	0.581085 	0.194338 	-1.3729 	-0.0120485 	
4.445	0.327664 	-0.173812 	0.581085 	0.194472 	-1.37306 	-0.0121748 	
4.45	0.327658 	-0.173815 	0.58109 	0.194611 	-1.37324 	-0.012308 	
4.455	0.327651 	-0.173818 	0.581091 	0.194746 	-1.3734 	-0.0124363 	
4.46	0.327645 	-0.173821 	0.581097 	0.194886 	-1.37357 	-0.0125704 	
4.465	0.327638 	-0.173823 	0.581098 	0.195022 	-1.37374 	-0.0126972 	
4.47	0.327633 	-0.173823 	0.581104 	0.195161 	-1.37392 	-0.0128223 	
4.475	0.327626 	-0.173822 	0.581106 	0.195297 	-1.37408 	-0.012941 	
4.48	0.327621 	-0.17382 	0.581111 	0.195435 	-1.37426 	-0.0130581 	
4.485	0.327615 	-0.173818 	0.581114 	0.19557 	-1.37442 	-0.0131699 	
4.49	0.32761 	-0.173815 	0.581119 	0.195708 	-1.3746 	-0.0132837 	
4.495	0.327603 	-0.173814 	0.581122 	0.195845 	-1.37477 	-0.0134018 	
4.5	0.327598 	-0.173812 	0.581127 	0.195985 	-1.37494 	-0.0135215 	
4.505	0.327592 	-0.173812 	0.58113 	0.196123 	-1.37511 	-0.0136448 	
4.51	0.327586 	-0.173812 	0.581136 	0.196264 	-1.37529 	-0.0137689 	
4.515	0.32758 	-0.173813 	0.581139 	0.196403 	-1.37546 	-0.0138961 	
4.52	0.327574 	-0.173813 	0.581144 	0.196545 	-1.37563 	-0.0140234 	
4.525	0.327567 	-0.173815 	0.581147 	0.196685 	-1.3758 	-0.0141535 	
4.53	0.327561 	-0.173815 	0.581152 	0.196828 	-1.37598 	-0.0142833 	
4.535	0.327554 	-0.173818 	0.581155 	0.196968 	-1.37614 	-0.0144153 	
4.54	0.327548 	-0.173819 	0.58116 	0.197111 	-1.37632 	-0.0145468 	
4.545	0.32754 	-0.173821 	0.581163 	0.197252 	-1.37649 	-0.0146803 	
4.55	0.327534 	-0.173823 	0.581168 	0.197396 	-1.37666 	-0.0148132 	
4.555	0.327526 	-0.173826 	0.58117 	0.197538 	-1.37683 	-0.0149479 	
4.56	0.32752 	-0.173827 	0.581175 	0.197682 	-1.377 	-0.015082 	
4.565	0.327512 	-0.17383 	0.581177 	0.197824 	-1.37717 	-0.0152178 	
4.57	0.327505 	-0.173832 	0.581182 	0.197968 	-1.37734 	-0.0153529 	
4.575	0.327498 	-0.173835 	0.581184 	0.198111 	-1.37751 	-0.0154896 	
4.58	0.327491 	-0.173837 	0.581189 	0.198256 	-1.37768 	-0.0156256 	
4.585	0.327483 	-0.17384 	0.581191 	0.1984 	-1.37785 	-0.015763 	
4.59	0.327476 	-0.173842 	0.581195 	0.198545 	-1.37802 	-0.0158998 	
4.595	0.327469 	-0.173845 	0.581198 	0.19869 	-1.37819 	-0.0160379 	
4.6	0.327462 	-0.173847 	0.581202 	0.198836 	-1.37836 	-0.0161754 	
4.605	0.327454 	-0.173851 	0.581205 	0.198981 	-1.37853 	-0.016317 	
4.61	0.327448 	-0.173855 	0.581212 	0.199131 	-1.37871 	-0.016463 	
4.615	0.327439 	-0.173857 	0.581211 	0.199273 	-1.37887 	-0.0165976 	
4.62	0.327429 	-0.173859 	0.581204 	0.199408 	-1.379 	-0.0167227 	
4.625	0.327417 	-0.173861 	0.581192 	0.199537 	-1.37912 	-0.0168395 	
4.63	0.327403 	-0.173861 	0.581174 	0.19966 	-1.37923 	-0.0169484 	
4.635	0.32739 	-0.173862 	0.581155 	0.199782 	-1.37932 	-0.0170552 	
4.64	0.327379 	-0.173862 	0.581145 	0.199914 	-1.37945 	-0.0171728 	
4.645	0.327369 	-0.173862 	0.581134 	0.200045 	-1.37958 	-0.0172883 	
4.65	0.327361 	-0.173863 	0.581131 	0.200185 	-1.37972 	-0.0174137 	
4.655	0.327352 	-0.173863 	0.581126 	0.200323 	-1.37987 	-0.0175358 	
4.66	0.327345 	-0.173864 	0.581128 	0.200468 	-1.38003 	-0.0176679 	
4.665	0.327338 	-0.173864 	0.581126 	0.200611 	-1.38018 	-0.0177977 	
4.67	0.327334 	-0.173863 	0.581133 	0.200762 	-1.38036 	-0.01793 	
4.675	0.327329 	-0.173865 	0.581137 	0.200911 	-1.38053 	-0.0180713 	
4.68	0.327327 	-0.173865 	0.581148 	0.201069 	-1.38073 	-0.0182139 	
4.685	0.327323 	-0.173866 	0.581155 	0.201222 	-1.38091 	-0.018355 	
4.69	0.32732 	-0.173867 	0.581167 	0.20138 	-1.3811 	-0.018501 	
4.695	0.327316 	-0.173868 	0.581173 	0.201533 	-1.38128 	-0.0186415 	
4.7	0.327313 	-0.173868 	0.581184 	0.201692 	-1.38147 	-0.0187864 	
4.705	0.327309 	-0.173869 	0.58119 	0.201845 	-1.38165 	-0.0189265 	
4.71	0.327305 	-0.173869 	0.581201 	0.202004 	-1.38184 	-0.0190706 	
4.715	0.327301 	-0.173869 	0.581206 	0.202157 	-1.38202 	-0.0192108 	
4.72	0.327298 	-0.173869 	0.581217 	0.202316 	-1.38221 	-0.0193548 	
4.725	0.327293 	-0.17387 	0.581222 	0.202469 	-1.38238 	-0.0194938 	
4.73	0.327289 	-0.173869 	0.58123 	0.202625 	-1.38256 	-0.0196325 	
4.735	0.327285 	-0.17387 	0.581236 	0.202781 	-1.38274 	-0.0197762 	
4.74	0.327281 	-0.173868 	0.581244 	0.202937 	-1.38293 	-0.0199147 	
4.745	0.327276 	-0.17387 	0.581252 	0.203095 	-1.38311 	-0.0200616 	
4.75	0.327272 	-0.173869 	0.581259 	0.203252 	-1.38329 	-0.0202001 	
4.755	0.327268 	-0.17387 	0.581267 	0.203411 	-1.38347 	-0.0203503 	
4.76	0.327263 	-0.173869 	0.581273 	0.203567 	-1.38365 	-0.0204861 	
4.765	0.327259 	-0.173868 	0.581281 	0.203725 	-1.38383 	-0.0206263 	
4.77	0.327254 	-0.173867 	0.581287 	0.203882 	-1.38401 	-0.0207663 	
4.775	0.327249 	-0.173867 	0.581295 	0.204042 	-1.38419 	-0.0209122 	
4.78	0.327245 	-0.173867 	0.581303 	0.204202 	-1.38438 	-0.0210584 	
4.785	0.32724 	-0.173869 	0.581311 	0.204364 	-1.38456 	-0.0212105 	
4.79	0.327236 	-0.17387 	0.58132 	0.204526 	-1.38475 	-0.0213623 	
4.795	0.327231 	-0.173873 	0.581328 	0.204689 	-1.38493 	-0.021518 	
4.8	0.327226 	-0.173875 	0.581336 	0.204852 	-1.38512 	-0.0216722 	
4.805	0.327221 	-0.173878 	0.581344 	0.205015 	-1.3853 	-0.0218303 	
4.81	0.327216 	-0.17388 	0.581352 	0.205178 	-1.38548 	-0.021987 	
4.815	0.327211 	-0.173883 	0.58136 	0.205342 	-1.38567 	-0.0221453 	
4.82	0.327206 	-0.173886 	0.581367 	0.205506 	-1.38585 	-0.0223011 	
4.825	0.327201 	-0.173888 	0.581375 	0.20567 	-1.38603 	-0.0224567 	
4.83	0.327195 	-0.173891 	0.581382 	0.205833 	-1.38621 	-0.0226143 	
4.835	0.327189 	-0.173894 	0.581388 	0.205997 	-1.38639 	-0.0227747 	
4.84	0.327182 	-0.173899 	0.581392 	0.206159 	-1.38656 	-0.022937 	
4.845	0.327175 	-0.173905 	0.581396 	0.206321 	-1.38673 	-0.0231023 	
4.85	0.327168 	-0.173911 	0.5814 	0.206485 	-1.3869 	-0.0232688 	
4.855	0.327162 	-0.173914 	0.581409 	0.206654 	-1.38709 	-0.0234339 	
4.86	0.327156 	-0.173917 	0.581416 	0.206819 	-1.38727 	-0.0235913 	
4.865	0.327151 	-0.173917 	0.581431 	0.206992 	-1.38747 	-0.0237503 	
4.87	0.327146 	-0.173915 	0.581442 	0.207162 	-1.38767 	-0.0239021 	
4.875	0.327142 	-0.173912 	0.58146 	0.207338 	-1.38788 	-0.0240557 	
4.88	0.327137 	-0.17391 	0.581472 	0.207509 	-1.38808 	-0.0242041 	
4.885	0.327132 	-0.173908 	0.581486 	0.207683 	-1.38829 	-0.0243597 	
4.89	0.327126 	-0.173907 	0.581495 	0.207851 	-1.38847 	-0.0245102 	
4.895	0.32712 	-0.173908 	0.581505 	0.208022 	-1.38867 	-0.0246676 	
4.9	0.327112 	-0.173908 	0.581511 	0.208188 	-1.38884 	-0.0248207 	
4.905	0.327105 	-0.17391 	0.581519 	0.208357 	-1.38903 	-0.0249823 	
4.91	0.327096 	-0.173913 	0.581522 	0.208521 	-1.3892 	-0.0251396 	
4.915	0.327088 	-0.173917 	0.581528 	0.20869 	-1.38937 	-0.0253058 	
4.92	0.32708 	-0.17392 	0.581531 	0.208855 	-1.38954 	-0.0254658 	
4.925	0.327072 	-0.173923 	0.581537 	0.209023 	-1.38972 	-0.0256279 	
4.93	0.327063 	-0.173925 	0.581539 	0.209188 	-1.38989 	-0.0257842 	
4.935	0.327056 	-0.173926 	0.581545 	0.209356 	-1.39006 	-0.0259429 	
4.94	0.327047 	-0.173927 	0.581548 	0.209521 	-1.39023 	-0.0260962 	
4.945	0.32704 	-0.173928 	0.581553 	0.209689 	-1.3904 	-0.0262524 	
4.95	0.327031 	-0.173929 	0.581555 	0.209854 	-1.39057 	-0.0264051 	
4.955	0.327023 	-0.173931 	0.581559 	0.210022 	-1.39074 	-0.0265658 	
4.96	0.327014 	-0.173934 	0.581559 	0.210187 	-1.3909 	-0.026724 	
4.965	0.327005 	-0.173939 	0.581562 	0.210355 	-1.39107 	-0.0268904 	
4.97	0.326996 	-0.173943 	0.581563 	0.210521 	-1.39123 	-0.0270563 	
4.975	0.326987 	-0.173949 	0.581564 	0.210689 	-1.39139 	-0.0272269 	
4.98	0.326977 	-0.173955 	0.581564 	0.210856 	-1.39155 	-0.0273984 	
4.985	0.326967 	-0.173962 	0.581565 	0.211025 	-1.39171 	-0.0275743 	
4.99	0.326958 	-0.173969 	0.581565 	0.211193 	-1.39187 	-0.0277476 	
4.995	0.326948 	-0.173974 	0.581564 	0.211358 	-1.39202 	-0.0279126 	
5	0.326937 	-0.173976 	0.58156 	0.211521 	-1.39217 	-0.0280687 	
5.005	0.326929 	-0.173976 	0.581565 	0.211691 	-1.39235 	-0.0282234 	
5.01	0.326921 	-0.173974 	0.581567 	0.211858 	-1.39251 	-0.02837 	
5.015	0.326914 	-0.17397 	0.581575 	0.212033 	-1.3927 	-0.0285161 	
5.02	0.326906 	-0.173965 	0.58158 	0.212202 	-1.39287 	-0.028657 	
5.025	0.326899 	-0.173961 	0.581588 	0.212377 	-1.39305 	-0.0288044 	
5.03	0.326892 	-0.173957 	0.581592 	0.212547 	-1.39323 	-0.0289473 	
5.035	0.326884 	-0.173953 	0.581599 	0.212722 	-1.39341 	-0.0290982 	
5.04	0.326876 	-0.17395 	0.581602 	0.212892 	-1.39358 	-0.0292443 	
5.045	0.326869 	-0.173948 	0.581609 	0.213067 	-1.39376 	-0.0293983 	
5.05	0.326861 	-0.173946 	0.581612 	0.213238 	-1.39392 	-0.0295472 	
5.055	0.326853 	-0.173944 	0.581618 	0.213413 	-1.3941 	-0.0297036 	
5.06	0.326845 	-0.173942 	0.58162 	0.213584 	-1.39427 	-0.0298549 	
5.065	0.326838 	-0.173941 	0.581626 	0.213761 	-1.39444 	-0.0300133 	
5.07	0.326829 	-0.17394 	0.581628 	0.213932 	-1.39461 	-0.0301663 	
5.075	0.326822 	-0.173939 	0.581633 	0.214109 	-1.39478 	-0.0303262 	
5.08	0.326813 	-0.173938 	0.581635 	0.214281 	-1.39495 	-0.0304807 	
5.085	0.326806 	-0.173938 	0.58164 	0.214458 	-1.39512 	-0.030642 	
5.09	0.326797 	-0.173938 	0.581641 	0.214631 	-1.39528 	-0.0307995 	
5.095	0.326789 	-0.17394 	0.581644 	0.214808 	-1.39545 	-0.0309692 	
5.1	0.326779 	-0.173943 	0.581643 	0.21498 	-1.39561 	-0.0311346 	
5.105	0.326771 	-0.173948 	0.581645 	0.215157 	-1.39577 	-0.031312 	
5.11	0.326761 	-0.173953 	0.581642 	0.215329 	-1.39592 	-0.0314847 	
5.115	0.326751 	-0.17396 	0.581642 	0.215506 	-1.39608 	-0.0316689 	
5.12	0.326741 	-0.173967 	0.581639 	0.215678 	-1.39623 	-0.0318481 	
5.125	0.326732 	-0.173976 	0.581638 	0.215856 	-1.39638 	-0.0320386 	
5.13	0.326721 	-0.173985 	0.581634 	0.216029 	-1.39653 	-0.0322236 	
5.135	0.326711 	-0.173996 	0.581632 	0.216207 	-1.39668 	-0.0324197 	
5.14	0.326701 	-0.174006 	0.581628 	0.216381 	-1.39682 	-0.0326074 	
5.145	0.326692 	-0.174013 	0.581628 	0.216562 	-1.39698 	-0.0327969 	
5.15	0.326682 	-0.17402 	0.581626 	0.216738 	-1.39713 	-0.0329791 	
5.155	0.326674 	-0.174026 	0.581628 	0.21692 	-1.3973 	-0.0331651 	
5.16	0.326665 	-0.174031 	0.581627 	0.217097 	-1.39745 	-0.0333413 	
5.165	0.326658 	-0.174033 	0.58163 	0.217279 	-1.39762 	-0.0335155 	
5.17	0.326649 	-0.174034 	0.581629 	0.217455 	-1.39777 	-0.0336807 	
5.175	0.326642 	-0.174034 	0.581631 	0.217636 	-1.39794 	-0.0338444 	
5.18	0.326634 	-0.174032 	0.581631 	0.217812 	-1.3981 	-0.0340016 	
5.185	0.326628 	-0.17403 	0.581635 	0.217994 	-1.39827 	-0.0341631 	
5.19	0.326622 	-0.174028 	0.581637 	0.218174 	-1.39843 	-0.0343211 	
5.195	0.326618 	-0.174027 	0.581646 	0.218365 	-1.39862 	-0.0344933 	
5.2	0.326614 	-0.174026 	0.581653 	0.218554 	-1.3988 	-0.0346663 	
5.205	0.326616 	-0.174027 	0.581673 	0.218764 	-1.39901 	-0.0348656 	
5.21	0.326616 	-0.174029 	0.581689 	0.218969 	-1.39922 	-0.0350629 	
5.215	0.326618 	-0.174029 	0.581708 	0.219178 	-1.39944 	-0.0352583 	
5.22	0.326617 	-0.174027 	0.581723 	0.21938 	-1.39964 	-0.035443 	
5.225	0.326616 	-0.174028 	0.581737 	0.219584 	-1.39984 	-0.0356341 	
5.23	0.326614 	-0.174027 	0.581748 	0.219782 	-1.40004 	-0.0358151 	
5.235	0.326611 	-0.174028 	0.581759 	0.21998 	-1.40023 	-0.0360043 	
5.24	0.326606 	-0.17403 	0.581765 	0.220174 	-1.4004 	-0.0361896 	
5.245	0.326602 	-0.174034 	0.581772 	0.220369 	-1.40058 	-0.0363823 	
5.25	0.326596 	-0.174039 	0.581775 	0.220559 	-1.40075 	-0.0365715 	
5.255	0.326589 	-0.174045 	0.581778 	0.220752 	-1.40091 	-0.0367682 	
5.26	0.326583 	-0.17405 	0.581781 	0.220943 	-1.40108 	-0.0369622 	
5.265	0.326577 	-0.174057 	0.581785 	0.221139 	-1.40125 	-0.0371643 	
5.27	0.326568 	-0.174063 	0.581783 	0.221323 	-1.4014 	-0.0373515 	
5.275	0.326558 	-0.174068 	0.581774 	0.221497 	-1.40153 	-0.0375248 	
5.28	0.326546 	-0.174072 	0.581759 	0.22166 	-1.40164 	-0.0376852 	
5.285	0.326532 	-0.174075 	0.581737 	0.221815 	-1.40172 	-0.0378335 	
5.29	0.326516 	-0.174078 	0.581711 	0.22196 	-1.4018 	-0.0379706 	
5.295	0.326501 	-0.17408 	0.581684 	0.222105 	-1.40187 	-0.0381047 	
5.3	0.32649 	-0.17408 	0.581668 	0.222266 	-1.40197 	-0.0382507 	
5.305	0.326478 	-0.174079 	0.581651 	0.222426 	-1.40208 	-0.0383935 	
5.31	0.32647 	-0.174078 	0.581644 	0.222601 	-1.40221 	-0.038549 	
5.315	0.326461 	-0.174076 	0.581635 	0.222773 	-1.40234 	-0.0386987 	
5.32	0.326455 	-0.174071 	0.581633 	0.222955 	-1.40249 	-0.0388536 	
5.325	0.326449 	-0.174067 	0.581629 	0.223133 	-1.40263 	-0.0390023 	
5.33	0.326444 	-0.174061 	0.58163 	0.22332 	-1.40279 	-0.0391565 	
5.335	0.326441 	-0.174056 	0.581634 	0.223511 	-1.40296 	-0.0393179 	
5.34	0.326442 	-0.174053 	0.581646 	0.223718 	-1.40315 	-0.0395019 	
5.345	0.326441 	-0.17405 	0.581655 	0.223919 	-1.40333 	-0.0396806 	
5.35	0.326441 	-0.174048 	0.581666 	0.224127 	-1.40353 	-0.0398677 	
5.355	0.326439 	-0.174045 	0.581674 	0.224328 	-1.40371 	-0.0400484 	
5.36	0.326438 	-0.174044 	0.581684 	0.224535 	-1.40389 	-0.0402372 	
5.365	0.326435 	-0.174043 	0.581691 	0.224736 	-1.40407 	-0.0404198 	
5.37	0.326432 	-0.174042 	0.5817 	0.224943 	-1.40426 	-0.04061 	
5.375	0.326429 	-0.174041 	0.581706 	0.225145 	-1.40443 	-0.040794 	
5.38	0.326426 	-0.17404 	0.581715 	0.225352 	-1.40462 	-0.0409854 	
5.385	0.326421 	-0.174039 	0.581721 	0.225554 	-1.40479 	-0.0411704 	
5.39	0.326418 	-0.174039 	0.58173 	0.225762 	-1.40498 	-0.0413631 	
5.395	0.326414 	-0.174038 	0.581736 	0.225965 	-1.40515 	-0.0415497 	
5.4	0.32641 	-0.174038 	0.581744 	0.226173 	-1.40533 	-0.0417419 	
5.405	0.326405 	-0.174037 	0.58175 	0.226377 	-1.40551 	-0.0419296 	
5.41	0.326401 	-0.174036 	0.581758 	0.226585 	-1.40569 	-0.0421219 	
5.415	0.326396 	-0.174035 	0.581764 	0.226791 	-1.40587 	-0.0423098 	
5.42	0.326392 	-0.174034 	0.581772 	0.227 	-1.40605 	-0.0425013 	
5.425	0.326387 	-0.174032 	0.581779 	0.227207 	-1.40623 	-0.0426887 	
5.43	0.326383 	-0.17403 	0.581787 	0.227417 	-1.40641 	-0.0428794 	
5.435	0.326378 	-0.174028 	0.581794 	0.227625 	-1.40659 	-0.0430666 	
5.44	0.326374 	-0.174026 	0.581802 	0.227836 	-1.40677 	-0.0432569 	
5.445	0.326369 	-0.174023 	0.581809 	0.228043 	-1.40695 	-0.0434415 	
5.45	0.326365 	-0.174019 	0.581817 	0.228253 	-1.40713 	-0.0436261 	
5.455	0.32636 	-0.174015 	0.581823 	0.22846 	-1.40731 	-0.0438053 	
5.46	0.326358 	-0.17401 	0.581833 	0.228675 	-1.40749 	-0.0439924 	
5.465	0.32636 	-0.174008 	0.581852 	0.228907 	-1.40771 	-0.0442029 	
5.47	0.326366 	-0.174005 	0.581878 	0.22915 	-1.40794 	-0.0444252 	
5.475	0.326374 	-0.174004 	0.581905 	0.229399 	-1.40819 	-0.0446579 	
5.48	0.326382 	-0.174002 	0.581935 	0.229652 	-1.40843 	-0.0448928 	
5.485	0.326388 	-0.174001 	0.581959 	0.229897 	-1.40866 	-0.0451223 	
5.49	0.326392 	-0.174 	0.581981 	0.230138 	-1.40889 	-0.0453456 	
5.495	0.326394 	-0.173999 	0.581999 	0.230373 	-1.4091 	-0.0455666 	
5.5	0.326395 	-0.173998 	0.582015 	0.230606 	-1.4093 	-0.045783 	
5.505	0.326395 	-0.173999 	0.582028 	0.230834 	-1.4095 	-0.0459986 	
5.51	0.326394 	-0.173998 	0.58204 	0.231061 	-1.4097 	-0.046211 	
5.515	0.326392 	-0.173999 	0.58205 	0.231285 	-1.40988 	-0.0464234 	
5.52	0.326389 	-0.173999 	0.58206 	0.231509 	-1.41007 	-0.0466335 	
5.525	0.326385 	-0.174 	0.582067 	0.23173 	-1.41025 	-0.0468443 	
5.53	0.326381 	-0.174001 	0.582075 	0.231951 	-1.41043 	-0.0470533 	
5.535	0.326376 	-0.174002 	0.582081 	0.232171 	-1.4106 	-0.0472634 	
5.54	0.326371 	-0.174003 	0.582087 	0.232391 	-1.41078 	-0.0474721 	
5.545	0.326366 	-0.174005 	0.582092 	0.23261 	-1.41095 	-0.0476821 	
5.55	0.32636 	-0.174006 	0.582097 	0.232828 	-1.41112 	-0.0478887 	
5.555	0.326353 	-0.174006 	0.582098 	0.23304 	-1.41128 	-0.0480874 	
5.56	0.326344 	-0.174006 	0.582093 	0.233242 	-1.41142 	-0.0482756 	
5.565	0.326334 	-0.174006 	0.582084 	0.233435 	-1.41155 	-0.0484542 	
5.57	0.326323 	-0.174006 	0.582071 	0.233622 	-1.41166 	-0.0486248 	
5.575	0.32631 	-0.174005 	0.582054 	0.233801 	-1.41176 	-0.0487864 	
5.58	0.326296 	-0.174004 	0.582034 	0.233974 	-1.41186 	-0.0489406 	
5.585	0.326283 	-0.174003 	0.582013 	0.234146 	-1.41195 	-0.049094 	
5.59	0.326271 	-0.174002 	0.582001 	0.234334 	-1.41206 	-0.0492635 	
5.595	0.32626 	-0.174 	0.581988 	0.234521 	-1.41218 	-0.0494302 	
5.6	0.326251 	-0.173998 	0.581982 	0.234722 	-1.41231 	-0.0496099 	
5.605	0.326242 	-0.173995 	0.581975 	0.234921 	-1.41245 	-0.0497849 	
5.61	0.326235 	-0.173991 	0.581976 	0.235134 	-1.41261 	-0.0499712 	
5.615	0.326228 	-0.173987 	0.581975 	0.235344 	-1.41276 	-0.0501532 	
5.62	0.326223 	-0.173983 	0.581979 	0.235564 	-1.41293 	-0.0503486 	
5.625	0.326217 	-0.17398 	0.58198 	0.235781 	-1.41309 	-0.0505403 	
5.63	0.326212 	-0.173977 	0.581987 	0.236007 	-1.41327 	-0.0507439 	
5.635	0.326206 	-0.173974 	0.58199 	0.236228 	-1.41343 	-0.0509427 	
5.64	0.326202 	-0.173972 	0.581998 	0.236459 	-1.41361 	-0.0511523 	
5.645	0.326196 	-0.173969 	0.582002 	0.236683 	-1.41378 	-0.0513542 	
5.65	0.326192 	-0.173965 	0.58201 	0.236913 	-1.41396 	-0.0515585 	
5.655	0.326186 	-0.173961 	0.582014 	0.237137 	-1.41413 	-0.0517543 	
5.66	0.326183 	-0.173956 	0.582022 	0.237367 	-1.41431 	-0.0519566 	
5.665	0.326177 	-0.17395 	0.582026 	0.237591 	-1.41448 	-0.05215 	
5.67	0.326173 	-0.173944 	0.582031 	0.237818 	-1.41465 	-0.0523443 	
5.675	0.326168 	-0.173938 	0.582034 	0.238038 	-1.41482 	-0.0525309 	
5.68	0.326163 	-0.17393 	0.582039 	0.238264 	-1.41499 	-0.05272 	
5.685	0.326158 	-0.173923 	0.582041 	0.238484 	-1.41515 	-0.0529019 	
5.69	0.326153 	-0.173914 	0.582044 	0.238707 	-1.41532 	-0.053085 	
5.695	0.326147 	-0.173906 	0.582044 	0.238924 	-1.41547 	-0.0532615 	
5.7	0.326142 	-0.173897 	0.582046 	0.239144 	-1.41564 	-0.0534399 	
5.705	0.326136 	-0.173888 	0.582045 	0.239359 	-1.41579 	-0.0536123 	
5.71	0.32613 	-0.173878 	0.582046 	0.239578 	-1.41595 	-0.0537872 	
5.715	0.326124 	-0.173868 	0.582045 	0.239792 	-1.4161 	-0.0539568 	
5.72	0.326119 	-0.173857 	0.582047 	0.240013 	-1.41626 	-0.0541309 	
5.725	0.326113 	-0.173847 	0.582046 	0.240229 	-1.41641 	-0.0543013 	
5.73	0.326108 	-0.173836 	0.582049 	0.240453 	-1.41658 	-0.0544794 	
5.735	0.326103 	-0.173827 	0.58205 	0.240675 	-1.41674 	-0.0546581 	
5.74	0.3261 	-0.17382 	0.582056 	0.240909 	-1.41691 	-0.054857 	
5.745	0.326096 	-0.173814 	0.582061 	0.241141 	-1.41708 	-0.0550554 	
5.75	0.326093 	-0.173809 	0.58207 	0.241383 	-1.41726 	-0.0552703 	
5.755	0.326089 	-0.173807 	0.582077 	0.241625 	-1.41744 	-0.0554919 	
5.76	0.326088 	-0.17381 	0.582089 	0.24188 	-1.41764 	-0.0557417 	
5.765	0.326085 	-0.173804 	0.582098 	0.242124 	-1.41782 	-0.0559536 	
5.77	0.326084 	-0.173805 	0.582113 	0.242385 	-1.41802 	-0.0562045 	
5.775	0.326081 	-0.1738 	0.58212 	0.242627 	-1.4182 	-0.0564189 	
5.78	0.326078 	-0.173811 	0.582135 	0.242895 	-1.4184 	-0.0567067 	
5.785	0.326073 	-0.173818 	0.582141 	0.243145 	-1.41858 	-0.0569648 	
5.79	0.32607 	-0.173824 	0.582151 	0.243401 	-1.41877 	-0.0572244 	
5.795	0.326065 	-0.173827 	0.582157 	0.243648 	-1.41894 	-0.0574687 	
5.8	0.326062 	-0.17383 	0.582165 	0.243899 	-1.41912 	-0.0577129 	
5.805	0.326057 	-0.173831 	0.582169 	0.244141 	-1.41929 	-0.0579439 	
5.81	0.326052 	-0.17383 	0.582175 	0.244388 	-1.41946 	-0.0581753 	
5.815	0.326047 	-0.173829 	0.582177 	0.244626 	-1.41962 	-0.0583948 	
5.82	0.326043 	-0.173826 	0.582181 	0.244868 	-1.41979 	-0.0586154 	
5.825	0.326037 	-0.173823 	0.582182 	0.245103 	-1.41995 	-0.0588253 	
5.83	0.326032 	-0.173818 	0.582185 	0.245342 	-1.42011 	-0.0590371 	
5.835	0.326027 	-0.173813 	0.582184 	0.245574 	-1.42027 	-0.059239 	
5.84	0.326022 	-0.173807 	0.582186 	0.245811 	-1.42043 	-0.0594434 	
5.845	0.326016 	-0.1738 	0.582185 	0.246041 	-1.42058 	-0.0596386 	
5.85	0.326011 	-0.173793 	0.582186 	0.246276 	-1.42074 	-0.059837 	
5.855	0.326005 	-0.173785 	0.582183 	0.246504 	-1.42088 	-0.0600265 	
5.86	0.326 	-0.173776 	0.582184 	0.246737 	-1.42104 	-0.0602198 	
5.865	0.325994 	-0.173768 	0.582181 	0.246966 	-1.42119 	-0.0604086 	
5.87	0.32599 	-0.173761 	0.582183 	0.247206 	-1.42135 	-0.0606132 	
5.875	0.325984 	-0.173754 	0.582182 	0.24744 	-1.4215 	-0.0608125 	
5.88	0.325979 	-0.173749 	0.582186 	0.247685 	-1.42167 	-0.0610253 	
5.885	0.325973 	-0.173743 	0.582186 	0.247923 	-1.42182 	-0.0612321 	
5.89	0.325968 	-0.173738 	0.58219 	0.248172 	-1.42199 	-0.061451 	
5.895	0.325962 	-0.173733 	0.582191 	0.248413 	-1.42215 	-0.0616636 	
5.9	0.325957 	-0.173728 	0.582196 	0.248665 	-1.42232 	-0.0618876 	
5.905	0.325951 	-0.173724 	0.582198 	0.248909 	-1.42248 	-0.0621045 	
5.91	0.325946 	-0.17372 	0.582203 	0.249163 	-1.42265 	-0.0623325 	
5.915	0.32594 	-0.173716 	0.582204 	0.24941 	-1.42281 	-0.0625528 	
5.92	0.325935 	-0.173713 	0.58221 	0.249666 	-1.42299 	-0.0627839 	
5.925	0.325928 	-0.173709 	0.582212 	0.249914 	-1.42315 	-0.0630071 	
5.93	0.325923 	-0.173706 	0.582217 	0.250172 	-1.42332 	-0.0632411 	
5.935	0.325917 	-0.173702 	0.582219 	0.250422 	-1.42348 	-0.0634661 	
5.94	0.325911 	-0.173699 	0.582224 	0.250678 	-1.42365 	-0.0636968 	
5.945	0.325905 	-0.173695 	0.582225 	0.250927 	-1.42381 	-0.0639196 	
5.95	0.325899 	-0.17369 	0.582229 	0.251183 	-1.42398 	-0.0641482 	
5.955	0.325893 	-0.173686 	0.58223 	0.251432 	-1.42414 	-0.064369 	
5.96	0.325887 	-0.173681 	0.582233 	0.251688 	-1.4243 	-0.0645964 	
5.965	0.32588 	-0.173676 	0.582233 	0.251936 	-1.42446 	-0.0648161 	
5.97	0.325875 	-0.173671 	0.582236 	0.252192 	-1.42463 	-0.0650425 	
5.975	0.325868 	-0.173666 	0.582236 	0.252441 	-1.42478 	-0.0652614 	
5.98	0.325862 	-0.173661 	0.582239 	0.252697 	-1.42494 	-0.0654872 	
5.985	0.325855 	-0.173656 	0.582239 	0.252946 	-1.4251 	-0.0657057 	
5.99	0.32585 	-0.17365 	0.582241 	0.253202 	-1.42526 	-0.0659312 	
5.995	0.325843 	-0.173645 	0.58224 	0.253451 	-1.42542 	-0.0661493 	
6	0.325837 	-0.173639 	0.582243 	0.253708 	-1.42558 	-0.0663746 	
6.005	0.32583 	-0.173633 	0.582242 	0.253958 	-1.42573 	-0.0665931 	
6.01	0.325824 	-0.173628 	0.582244 	0.254216 	-1.42589 	-0.0668207 	
6.015	0.325818 	-0.173623 	0.582243 	0.254468 	-1.42604 	-0.0670426 	
6.02	0.325812 	-0.173617 	0.582245 	0.254727 	-1.42621 	-0.0672716 	
6.025	0.325805 	-0.173612 	0.582245 	0.254981 	-1.42636 	-0.0674948 	
6.03	0.325799 	-0.173607 	0.582247 	0.255242 	-1.42652 	-0.0677261 	
6.035	0.325792 	-0.173602 	0.582246 	0.255496 	-1.42668 	-0.0679518 	
6.04	0.325786 	-0.173598 	0.582247 	0.255755 	-1.42683 	-0.068183 	
6.045	0.325779 	-0.173593 	0.582244 	0.256004 	-1.42698 	-0.0684027 	
6.05	0.325772 	-0.173587 	0.58224 	0.256253 	-1.42712 	-0.0686195 	
6.055	0.325765 	-0.173581 	0.582234 	0.256494 	-1.42725 	-0.068826 	
6.06	0.325758 	-0.173574 	0.582227 	0.256735 	-1.42739 	-0.0690311 	
6.065	0.32575 	-0.173566 	0.582218 	0.256968 	-1.42751 	-0.0692273 	
6.07	0.325743 	-0.173558 	0.582209 	0.257204 	-1.42764 	-0.0694235 	
6.075	0.325735 	-0.17355 	0.582199 	0.257437 	-1.42776 	-0.0696174 	
6.08	0.325729 	-0.173543 	0.582195 	0.257684 	-1.4279 	-0.0698282 	
6.085	0.325722 	-0.173536 	0.582188 	0.257927 	-1.42804 	-0.0700361 	
6.09	0.325716 	-0.17353 	0.582186 	0.258183 	-1.42819 	-0.0702604 	
6.095	0.325709 	-0.173525 	0.582182 	0.258435 	-1.42833 	-0.07048 	
6.1	0.325703 	-0.17352 	0.582182 	0.258699 	-1.42848 	-0.0707141 	
6.105	0.325697 	-0.173515 	0.58218 	0.258956 	-1.42863 	-0.0709423 	
6.11	0.325692 	-0.17351 	0.582181 	0.259225 	-1.42879 	-0.0711839 	
6.115	0.325685 	-0.173505 	0.58218 	0.259485 	-1.42894 	-0.0714148 	
6.12	0.325679 	-0.173499 	0.582179 	0.25975 	-1.42909 	-0.0716467 	
6.125	0.325673 	-0.173493 	0.582176 	0.260006 	-1.42924 	-0.0718685 	
6.13	0.325667 	-0.173485 	0.582174 	0.260267 	-1.42939 	-0.0720924 	
6.135	0.32566 	-0.173478 	0.58217 	0.260519 	-1.42952 	-0.0723071 	
6.14	0.325654 	-0.173469 	0.582167 	0.260778 	-1.42967 	-0.0725248 	
6.145	0.325648 	-0.17346 	0.582162 	0.261028 	-1.42981 	-0.0727338 	
6.15	0.325642 	-0.17345 	0.582158 	0.261285 	-1.42995 	-0.0729467 	
6.155	0.325635 	-0.173441 	0.582152 	0.261534 	-1.43009 	-0.0731514 	
6.16	0.325629 	-0.17343 	0.582148 	0.26179 	-1.43023 	-0.0733606 	
6.165	0.325622 	-0.173419 	0.582142 	0.262038 	-1.43036 	-0.073562 	
6.17	0.325616 	-0.173408 	0.582137 	0.262293 	-1.4305 	-0.0737677 	
6.175	0.325609 	-0.173397 	0.582127 	0.262532 	-1.43062 	-0.0739589 	
6.18	0.3256 	-0.173386 	0.582112 	0.26276 	-1.43073 	-0.0741384 	
6.185	0.32559 	-0.173375 	0.582093 	0.262976 	-1.43082 	-0.0743054 	
6.19	0.325579 	-0.173364 	0.58207 	0.263181 	-1.4309 	-0.0744626 	
6.195	0.325568 	-0.173353 	0.582045 	0.263384 	-1.43098 	-0.0746171 	
6.2	0.32556 	-0.173341 	0.582029 	0.263609 	-1.43108 	-0.0747899 	
6.205	0.325551 	-0.173331 	0.582012 	0.263832 	-1.43118 	-0.0749657 	
6.21	0.325545 	-0.173323 	0.582004 	0.264083 	-1.43131 	-0.0751781 	
6.215	0.325538 	-0.173316 	0.581995 	0.264334 	-1.43144 	-0.0753938 	
6.22	0.325533 	-0.17331 	0.581992 	0.2646 	-1.43158 	-0.0756277 	
6.225	0.325526 	-0.173304 	0.581985 	0.264858 	-1.43171 	-0.0758536 	
6.23	0.325519 	-0.1733 	0.581978 	0.265115 	-1.43184 	-0.0760824 	
6.235	0.325511 	-0.173295 	0.581966 	0.26536 	-1.43196 	-0.0762999 	
6.24	0.325502 	-0.173292 	0.581952 	0.265603 	-1.43207 	-0.0765174 	
6.245	0.325493 	-0.173289 	0.581938 	0.265846 	-1.43218 	-0.0767379 	
6.25	0.325484 	-0.17329 	0.581929 	0.266104 	-1.4323 	-0.0769841 	
6.255	0.325476 	-0.173291 	0.581919 	0.266361 	-1.43242 	-0.0772321 	
6.26	0.325468 	-0.173296 	0.581913 	0.266633 	-1.43256 	-0.077503 	
6.265	0.325459 	-0.173301 	0.581905 	0.266901 	-1.43269 	-0.0777723 	
6.27	0.325452 	-0.173308 	0.581901 	0.267183 	-1.43283 	-0.0780618 	
6.275	0.325444 	-0.173315 	0.581896 	0.267459 	-1.43297 	-0.0783471 	
6.28	0.325437 	-0.173325 	0.581895 	0.267752 	-1.43312 	-0.0786566 	
6.285	0.32543 	-0.173336 	0.581894 	0.268046 	-1.43327 	-0.0789716 	
6.29	0.325422 	-0.173348 	0.581893 	0.268342 	-1.43342 	-0.0792892 	
6.295	0.325415 	-0.17336 	0.581892 	0.268639 	-1.43357 	-0.0796095 	
6.3	0.325407 	-0.173373 	0.581891 	0.268936 	-1.43372 	-0.0799319 	
6.305	0.3254 	-0.173386 	0.58189 	0.269234 	-1.43387 	-0.0802566 	
6.31	0.325392 	-0.173399 	0.581888 	0.269533 	-1.43402 	-0.0805832 	
6.315	0.325384 	-0.173413 	0.581887 	0.269832 	-1.43417 	-0.0809121 	
6.32	0.325376 	-0.173428 	0.581886 	0.270133 	-1.43432 	-0.081243 	
6.325	0.325368 	-0.173442 	0.581884 	0.270435 	-1.43447 	-0.0815759 	
6.33	0.325361 	-0.173458 	0.581884 	0.270741 	-1.43462 	-0.0819164 	
6.335	0.325353 	-0.173474 	0.581886 	0.271057 	-1.43478 	-0.0822688 	
6.34	0.325345 	-0.173489 	0.581882 	0.271354 	-1.43493 	-0.0825968 	
6.345	0.325334 	-0.173502 	0.581873 	0.271634 	-1.43505 	-0.0829024 	
6.35	0.325323 	-0.173513 	0.581859 	0.271898 	-1.43516 	-0.0831869 	
6.355	0.32531 	-0.173523 	0.58184 	0.272147 	-1.43525 	-0.0834518 	
6.36	0.325296 	-0.173531 	0.581816 	0.272383 	-1.43533 	-0.0836985 	
6.365	0.325282 	-0.173538 	0.581789 	0.272607 	-1.4354 	-0.0839291 	
6.37	0.325266 	-0.173544 	0.581758 	0.272819 	-1.43545 	-0.0841435 	
6.375	0.32525 	-0.173548 	0.581724 	0.27302 	-1.4355 	-0.0843431 	
6.38	0.325234 	-0.173552 	0.581687 	0.273214 	-1.43553 	-0.084532 	
6.385	0.325217 	-0.173554 	0.581651 	0.273409 	-1.43557 	-0.0847207 	
6.39	0.325202 	-0.173557 	0.581617 	0.273609 	-1.43562 	-0.084912 	
6.395	0.325191 	-0.173558 	0.581595 	0.273848 	-1.4357 	-0.0851406 	
6.4	0.32518 	-0.173559 	0.581574 	0.274088 	-1.43579 	-0.0853693 	
6.405	0.325172 	-0.173559 	0.581564 	0.274362 	-1.43591 	-0.0856306 	
6.41	0.325164 	-0.173559 	0.581553 	0.274632 	-1.43603 	-0.0858852 	
6.415	0.325159 	-0.173558 	0.58155 	0.274927 	-1.43617 	-0.0861627 	
6.42	0.325152 	-0.173556 	0.581545 	0.275215 	-1.43631 	-0.0864322 	
6.425	0.325148 	-0.173553 	0.581547 	0.275524 	-1.43647 	-0.0867191 	
6.43	0.325142 	-0.17355 	0.581542 	0.275814 	-1.4366 	-0.0869871 	
6.435	0.325135 	-0.173547 	0.581533 	0.276093 	-1.43673 	-0.0872431 	
6.44	0.325126 	-0.173544 	0.581519 	0.276355 	-1.43684 	-0.0874812 	
6.445	0.325115 	-0.173541 	0.5815 	0.276603 	-1.43693 	-0.0877043 	
6.45	0.325104 	-0.173537 	0.581479 	0.276842 	-1.43702 	-0.0879184 	
6.455	0.325091 	-0.173533 	0.581455 	0.277074 	-1.43709 	-0.0881249 	
6.46	0.32508 	-0.173531 	0.581433 	0.277316 	-1.43718 	-0.0883451 	
6.465	0.325068 	-0.173531 	0.581411 	0.277558 	-1.43726 	-0.088574 	
6.47	0.325055 	-0.173531 	0.581385 	0.277788 	-1.43733 	-0.0887874 	
