0.0	0.310429	-0.173769	0.537008	0.180534	-1.45468	-0.24872
0.005	0.310429	-0.173769	0.537008	0.180534	-1.45468	-0.24872
0.01	0.310429	-0.173769	0.537008	0.180534	-1.45468	-0.24872
0.015	0.31043	-0.173769	0.537008	0.180534	-1.45468	-0.24872
0.02	0.310431	-0.173769	0.537008	0.180534	-1.45468	-0.24872
0.025	0.310433	-0.173769	0.537009	0.180534	-1.45468	-0.24872
0.03	0.310435	-0.173769	0.537009	0.180534	-1.45468	-0.24872
0.035	0.310438	-0.173769	0.53701	0.180534	-1.45468	-0.24872
0.04	0.310441	-0.173769	0.53701	0.180534	-1.45468	-0.24872
0.045	0.310445	-0.173769	0.537011	0.180534	-1.45468	-0.24872
0.05	0.31045	-0.173769	0.537012	0.180534	-1.45468	-0.24872
0.055	0.310455	-0.17377	0.537013	0.180534	-1.45468	-0.24872
0.06	0.310461	-0.17377	0.537014	0.180534	-1.45468	-0.24872
0.065	0.310467	-0.17377	0.537015	0.180534	-1.45468	-0.24872
0.07	0.310473	-0.17377	0.537016	0.180534	-1.45468	-0.24872
0.075	0.310481	-0.17377	0.537018	0.180534	-1.45468	-0.24872
0.08	0.310488	-0.17377	0.537019	0.180534	-1.45468	-0.24872
0.085	0.310497	-0.17377	0.537021	0.180534	-1.45468	-0.24872
0.09	0.310505	-0.173771	0.537022	0.180534	-1.45468	-0.24872
0.095	0.310516	-0.173771	0.537024	0.180534	-1.45468	-0.24872
0.1	0.310526	-0.173771	0.537026	0.180534	-1.45468	-0.24872
0.105	0.310536	-0.173771	0.537028	0.180534	-1.45468	-0.24872
0.11	0.310547	-0.173771	0.53703	0.180534	-1.45468	-0.24872
0.115	0.310559	-0.173772	0.537032	0.180534	-1.45468	-0.24872
0.12	0.310571	-0.173772	0.537034	0.180534	-1.45468	-0.24872
0.125	0.310583	-0.173772	0.537037	0.180534	-1.45468	-0.24872
0.13	0.310597	-0.173772	0.537039	0.180534	-1.45468	-0.24872
0.135	0.31061	-0.173773	0.537042	0.180534	-1.45468	-0.24872
0.14	0.310624	-0.173773	0.537044	0.180534	-1.45468	-0.24872
0.145	0.310639	-0.173773	0.537047	0.180534	-1.45468	-0.24872
0.15	0.310654	-0.173774	0.53705	0.180534	-1.45468	-0.24872
0.155	0.31067	-0.173774	0.537053	0.180534	-1.45468	-0.24872
0.16	0.310687	-0.173774	0.537056	0.180534	-1.45468	-0.24872
0.165	0.310641	-0.173759	0.53704	0.178912	-1.45354	-0.246485
0.17	0.310658	-0.173759	0.537043	0.178912	-1.45354	-0.246485
0.175	0.310676	-0.17376	0.537047	0.178912	-1.45354	-0.246485
0.18	0.310695	-0.17376	0.53705	0.178912	-1.45354	-0.246485
0.185	0.310714	-0.17376	0.537054	0.178912	-1.45354	-0.246485
0.19	0.310733	-0.173761	0.537057	0.178912	-1.45354	-0.246485
0.195	0.310753	-0.173761	0.537061	0.178912	-1.45354	-0.246485
0.2	0.310774	-0.173762	0.537065	0.178912	-1.45354	-0.246485
0.205	0.310795	-0.173762	0.537069	0.178912	-1.45354	-0.246485
0.21	0.310816	-0.173762	0.537073	0.178912	-1.45354	-0.246485
0.215	0.310839	-0.173763	0.537077	0.178912	-1.45354	-0.246485
0.22	0.310861	-0.173763	0.537081	0.178912	-1.45354	-0.246485
0.225	0.310823	-0.173749	0.537066	0.177313	-1.45242	-0.244282
0.23	0.310846	-0.173749	0.537071	0.177313	-1.45242	-0.244282
0.235	0.310871	-0.173749	0.537075	0.177313	-1.45242	-0.244282
0.24	0.310895	-0.17375	0.53708	0.177313	-1.45242	-0.244282
0.245	0.310921	-0.17375	0.537085	0.177313	-1.45242	-0.244282
0.25	0.310946	-0.173751	0.537089	0.177313	-1.45242	-0.244282
0.255	0.310973	-0.173751	0.537094	0.177313	-1.45242	-0.244282
0.26	0.310999	-0.173752	0.537099	0.177313	-1.45242	-0.244282
0.265	0.311027	-0.173752	0.537104	0.177313	-1.45242	-0.244282
0.27	0.311054	-0.173753	0.537109	0.177313	-1.45242	-0.244282
0.275	0.311017	-0.173738	0.537095	0.175618	-1.45123	-0.241947
0.28	0.311046	-0.173738	0.5371	0.175618	-1.45123	-0.241947
0.285	0.311076	-0.173739	0.537106	0.175618	-1.45123	-0.241947
0.29	0.311105	-0.173739	0.537111	0.175618	-1.45123	-0.241947
0.295	0.311136	-0.17374	0.537117	0.175618	-1.45123	-0.241947
0.3	0.311167	-0.17374	0.537122	0.175618	-1.45123	-0.241947
0.305	0.311198	-0.173741	0.537128	0.175618	-1.45123	-0.241947
0.31	0.31123	-0.173741	0.537134	0.175618	-1.45123	-0.241947
0.315	0.3112	-0.173727	0.537121	0.174005	-1.4501	-0.239725
0.32	0.311233	-0.173728	0.537127	0.174005	-1.4501	-0.239725
0.325	0.311266	-0.173728	0.537134	0.174005	-1.4501	-0.239725
0.33	0.3113	-0.173729	0.53714	0.174005	-1.4501	-0.239725
0.335	0.311334	-0.173729	0.537146	0.174005	-1.4501	-0.239725
0.34	0.311369	-0.17373	0.537153	0.174005	-1.4501	-0.239725
0.345	0.311404	-0.17373	0.537159	0.174005	-1.4501	-0.239725
0.35	0.311379	-0.173717	0.537147	0.172425	-1.44899	-0.237548
0.355	0.311416	-0.173717	0.537154	0.172425	-1.44899	-0.237548
0.36	0.311452	-0.173718	0.537161	0.172425	-1.44899	-0.237548
0.365	0.31149	-0.173719	0.537168	0.172425	-1.44899	-0.237548
0.37	0.311527	-0.173719	0.537175	0.172425	-1.44899	-0.237548
0.375	0.311566	-0.17372	0.537182	0.172425	-1.44899	-0.237548
0.38	0.311604	-0.17372	0.537189	0.172425	-1.44899	-0.237548
0.385	0.311577	-0.173706	0.537176	0.170708	-1.44779	-0.235182
0.39	0.311617	-0.173706	0.537184	0.170708	-1.44779	-0.235182
0.395	0.311657	-0.173707	0.537191	0.170708	-1.44779	-0.235182
0.4	0.311698	-0.173707	0.537198	0.170708	-1.44779	-0.235182
0.405	0.311739	-0.173708	0.537206	0.170708	-1.44779	-0.235182
0.41	0.311781	-0.173708	0.537214	0.170708	-1.44779	-0.235182
0.415	0.31176	-0.173695	0.537203	0.169088	-1.44665	-0.232951
0.42	0.311803	-0.173696	0.537211	0.169088	-1.44665	-0.232951
0.425	0.311846	-0.173696	0.537218	0.169089	-1.44665	-0.232951
0.43	0.311889	-0.173697	0.537226	0.169089	-1.44665	-0.232951
0.435	0.311933	-0.173697	0.537235	0.169089	-1.44665	-0.232951
0.44	0.311978	-0.173698	0.537243	0.169089	-1.44665	-0.232951
0.445	0.311956	-0.173684	0.537231	0.16738	-1.44546	-0.230597
0.45	0.312002	-0.173685	0.53724	0.16738	-1.44546	-0.230597
0.455	0.312047	-0.173685	0.537248	0.16738	-1.44546	-0.230597
0.46	0.312094	-0.173686	0.537257	0.16738	-1.44546	-0.230597
0.465	0.312141	-0.173686	0.537265	0.16738	-1.44546	-0.230597
0.47	0.312188	-0.173687	0.537274	0.16738	-1.44546	-0.230597
0.475	0.312165	-0.173672	0.537262	0.165564	-1.44418	-0.228096
0.48	0.312213	-0.173673	0.537271	0.165564	-1.44418	-0.228096
0.485	0.312262	-0.173673	0.537279	0.165564	-1.44418	-0.228096
0.49	0.312311	-0.173674	0.537288	0.165564	-1.44418	-0.228096
0.495	0.31236	-0.173674	0.537297	0.165564	-1.44418	-0.228096
0.5	0.312347	-0.173662	0.537288	0.163939	-1.44304	-0.225857
0.505	0.312397	-0.173662	0.537297	0.163939	-1.44304	-0.225857
0.51	0.312448	-0.173663	0.537307	0.163939	-1.44304	-0.225857
0.515	0.312499	-0.173663	0.537316	0.163939	-1.44304	-0.225857
0.52	0.312551	-0.173664	0.537325	0.163939	-1.44304	-0.225857
0.525	0.312538	-0.173651	0.537316	0.162268	-1.44187	-0.223555
0.53	0.312591	-0.173651	0.537325	0.162268	-1.44187	-0.223555
0.535	0.312643	-0.173652	0.537335	0.162268	-1.44187	-0.223555
0.54	0.312697	-0.173652	0.537345	0.162268	-1.44187	-0.223555
0.545	0.312751	-0.173653	0.537355	0.162268	-1.44187	-0.223555
0.55	0.312737	-0.17364	0.537345	0.16053	-1.44065	-0.22116
0.555	0.312792	-0.17364	0.537355	0.16053	-1.44065	-0.22116
0.56	0.312847	-0.17364	0.537365	0.16053	-1.44065	-0.22116
0.565	0.312902	-0.173641	0.537375	0.16053	-1.44065	-0.22116
0.57	0.312958	-0.173641	0.537385	0.16053	-1.44065	-0.22116
0.575	0.312944	-0.173628	0.537375	0.158723	-1.43939	-0.21867
0.58	0.313001	-0.173628	0.537385	0.158723	-1.43939	-0.21867
0.585	0.313058	-0.173629	0.537396	0.158723	-1.43939	-0.21867
0.59	0.313116	-0.173629	0.537406	0.158723	-1.43939	-0.21867
0.595	0.313174	-0.173629	0.537417	0.158723	-1.43939	-0.21867
0.6	0.313159	-0.173616	0.537406	0.156849	-1.43807	-0.216089
0.605	0.313218	-0.173616	0.537417	0.156849	-1.43807	-0.216089
0.61	0.313277	-0.173616	0.537428	0.156849	-1.43807	-0.216089
0.615	0.313336	-0.173617	0.537439	0.156849	-1.43807	-0.216089
0.62	0.313335	-0.173605	0.537432	0.155264	-1.43696	-0.213905
0.625	0.313395	-0.173606	0.537443	0.155264	-1.43696	-0.213905
0.63	0.313456	-0.173606	0.537454	0.155264	-1.43696	-0.213905
0.635	0.313517	-0.173606	0.537465	0.155264	-1.43696	-0.213905
0.64	0.313516	-0.173595	0.537458	0.153672	-1.43585	-0.211712
0.645	0.313578	-0.173595	0.537469	0.153672	-1.43585	-0.211712
0.65	0.31364	-0.173595	0.537481	0.153672	-1.43585	-0.211712
0.655	0.313703	-0.173596	0.537492	0.153672	-1.43585	-0.211712
0.66	0.313702	-0.173585	0.537485	0.152044	-1.4347	-0.209469
0.665	0.313766	-0.173585	0.537497	0.152044	-1.4347	-0.209469
0.67	0.313829	-0.173585	0.537508	0.152044	-1.4347	-0.209469
0.675	0.313893	-0.173585	0.53752	0.152044	-1.4347	-0.209469
0.68	0.313893	-0.173574	0.537513	0.150377	-1.43353	-0.207173
0.685	0.313958	-0.173574	0.537525	0.150377	-1.43353	-0.207173
0.69	0.314023	-0.173574	0.537536	0.150377	-1.43353	-0.207173
0.695	0.314088	-0.173574	0.537548	0.150377	-1.43353	-0.207173
0.7	0.314088	-0.173563	0.537541	0.148673	-1.43234	-0.204825
0.705	0.314154	-0.173563	0.537553	0.148673	-1.43234	-0.204825
0.71	0.314221	-0.173562	0.537565	0.148673	-1.43234	-0.204825
0.715	0.314288	-0.173562	0.537577	0.148673	-1.43234	-0.204825
0.72	0.314287	-0.173551	0.53757	0.146932	-1.43112	-0.202427
0.725	0.314354	-0.173551	0.537582	0.146932	-1.43112	-0.202427
0.73	0.314422	-0.173551	0.537595	0.146932	-1.43112	-0.202427
0.735	0.314491	-0.173551	0.537607	0.146932	-1.43112	-0.202427
0.74	0.31449	-0.17354	0.5376	0.145156	-1.42987	-0.199979
0.745	0.314559	-0.17354	0.537612	0.145156	-1.42987	-0.199979
0.75	0.314628	-0.173539	0.537625	0.145156	-1.42987	-0.199979
0.755	0.314698	-0.173539	0.537637	0.145156	-1.42987	-0.199979
0.76	0.314697	-0.173528	0.53763	0.143345	-1.4286	-0.197485
0.765	0.314767	-0.173528	0.537642	0.143345	-1.4286	-0.197485
0.77	0.314837	-0.173527	0.537655	0.143345	-1.4286	-0.197485
0.775	0.314908	-0.173527	0.537668	0.143345	-1.4286	-0.197485
0.78	0.314907	-0.173516	0.53766	0.141501	-1.42731	-0.194944
0.785	0.314979	-0.173516	0.537673	0.141501	-1.42731	-0.194944
0.79	0.315051	-0.173515	0.537686	0.141501	-1.42731	-0.194944
0.795	0.315123	-0.173515	0.537699	0.141501	-1.42731	-0.194944
0.8	0.315122	-0.173504	0.537692	0.139625	-1.426	-0.19236
0.805	0.315194	-0.173503	0.537705	0.139625	-1.426	-0.19236
0.81	0.315267	-0.173503	0.537718	0.139625	-1.426	-0.19236
0.815	0.315341	-0.173502	0.537731	0.139625	-1.426	-0.19236
0.82	0.315339	-0.173491	0.537723	0.137718	-1.42466	-0.189732
0.825	0.315413	-0.173491	0.537737	0.137718	-1.42466	-0.189732
0.83	0.315488	-0.17349	0.53775	0.137718	-1.42466	-0.189732
0.835	0.315562	-0.17349	0.537763	0.137718	-1.42466	-0.189732
0.84	0.315561	-0.173479	0.537756	0.135781	-1.4233	-0.187064
0.845	0.315636	-0.173478	0.537769	0.135781	-1.4233	-0.187064
0.85	0.315711	-0.173477	0.537782	0.135781	-1.4233	-0.187064
0.855	0.315787	-0.173477	0.537796	0.135781	-1.4233	-0.187064
0.86	0.315785	-0.173466	0.537788	0.133816	-1.42192	-0.184357
0.865	0.315861	-0.173465	0.537802	0.133816	-1.42192	-0.184357
0.87	0.315938	-0.173464	0.537815	0.133816	-1.42192	-0.184357
0.875	0.316014	-0.173464	0.537829	0.133816	-1.42192	-0.184357
0.88	0.316013	-0.173453	0.537821	0.131824	-1.42053	-0.181612
0.885	0.31609	-0.173452	0.537835	0.131824	-1.42053	-0.181612
0.89	0.316167	-0.173451	0.537849	0.131824	-1.42053	-0.181612
0.895	0.316183	-0.173443	0.537846	0.130261	-1.41943	-0.179459
0.9	0.316261	-0.173442	0.53786	0.130261	-1.41943	-0.179459
0.905	0.316339	-0.173441	0.537873	0.130261	-1.41943	-0.179459
0.91	0.316418	-0.17344	0.537887	0.130261	-1.41943	-0.179459
0.915	0.316418	-0.17343	0.53788	0.12827	-1.41803	-0.176715
0.92	0.316496	-0.173429	0.537894	0.12827	-1.41803	-0.176715
0.925	0.316575	-0.173428	0.537908	0.12827	-1.41803	-0.176715
0.93	0.316592	-0.17342	0.537905	0.126678	-1.41692	-0.174523
0.935	0.316671	-0.173419	0.537919	0.126678	-1.41692	-0.174523
0.94	0.316751	-0.173417	0.537933	0.126678	-1.41692	-0.174523
0.945	0.316769	-0.17341	0.537931	0.125116	-1.41582	-0.172371
0.95	0.316849	-0.173408	0.537945	0.125116	-1.41582	-0.172371
0.955	0.31693	-0.173407	0.537959	0.125116	-1.41582	-0.172371
0.96	0.316948	-0.173399	0.537957	0.123547	-1.41472	-0.170209
0.965	0.317029	-0.173398	0.537971	0.123547	-1.41472	-0.170209
0.97	0.31711	-0.173397	0.537986	0.123547	-1.41472	-0.170209
0.975	0.317129	-0.173389	0.537983	0.121966	-1.41361	-0.168031
0.98	0.31721	-0.173388	0.537998	0.121966	-1.41361	-0.168031
0.985	0.317292	-0.173386	0.538012	0.121966	-1.41361	-0.168031
0.99	0.31731	-0.173379	0.53801	0.120373	-1.4125	-0.165837
0.995	0.317392	-0.173377	0.538024	0.120373	-1.4125	-0.165837
1.0	0.317474	-0.173376	0.538039	0.120373	-1.4125	-0.165837
1.005	0.317493	-0.173368	0.538036	0.118771	-1.41137	-0.163629
1.01	0.317576	-0.173367	0.538051	0.118771	-1.41137	-0.163629
1.015	0.317658	-0.173365	0.538065	0.118771	-1.41137	-0.163629
1.02	0.317677	-0.173358	0.538063	0.117158	-1.41024	-0.161407
1.025	0.31776	-0.173356	0.538078	0.117158	-1.41024	-0.161407
1.03	0.317843	-0.173354	0.538092	0.117158	-1.41024	-0.161407
1.035	0.317862	-0.173347	0.53809	0.115535	-1.40911	-0.159172
1.04	0.317946	-0.173346	0.538105	0.115535	-1.40911	-0.159172
1.045	0.318029	-0.173344	0.538119	0.115535	-1.40911	-0.159172
1.05	0.318048	-0.173337	0.538117	0.113904	-1.40796	-0.156924
1.055	0.318132	-0.173335	0.538132	0.113904	-1.40796	-0.156924
1.06	0.318216	-0.173333	0.538146	0.113904	-1.40796	-0.156924
1.065	0.318235	-0.173326	0.538144	0.112264	-1.40681	-0.154665
1.07	0.318319	-0.173324	0.538159	0.112264	-1.40681	-0.154665
1.075	0.318404	-0.173322	0.538174	0.112264	-1.40681	-0.154665
1.08	0.318423	-0.173316	0.538172	0.110617	-1.40566	-0.152396
1.085	0.318508	-0.173313	0.538186	0.110617	-1.40566	-0.152396
1.09	0.318592	-0.173311	0.538201	0.110617	-1.40566	-0.152396
1.095	0.318612	-0.173305	0.538199	0.108963	-1.4045	-0.150116
1.1	0.318697	-0.173302	0.538214	0.108963	-1.4045	-0.150116
1.105	0.318782	-0.1733	0.538229	0.108963	-1.4045	-0.150116
1.11	0.318801	-0.173294	0.538227	0.107301	-1.40333	-0.147828
1.115	0.318886	-0.173292	0.538241	0.107301	-1.40333	-0.147828
1.12	0.318972	-0.173289	0.538256	0.107301	-1.40333	-0.147828
1.125	0.318991	-0.173283	0.538254	0.105634	-1.40216	-0.145531
1.13	0.319077	-0.173281	0.538269	0.105634	-1.40216	-0.145531
1.135	0.319162	-0.173278	0.538284	0.105634	-1.40216	-0.145531
1.14	0.319182	-0.173272	0.538282	0.103962	-1.40099	-0.143227
1.145	0.319268	-0.17327	0.538297	0.103962	-1.40099	-0.143227
1.15	0.319354	-0.173267	0.538312	0.103962	-1.40099	-0.143227
1.155	0.319373	-0.173261	0.53831	0.102284	-1.39981	-0.140916
1.16	0.319459	-0.173259	0.538325	0.102284	-1.39981	-0.140916
1.165	0.319545	-0.173256	0.538339	0.102284	-1.39981	-0.140916
1.17	0.319565	-0.17325	0.538338	0.100603	-1.39864	-0.138599
1.175	0.319651	-0.173248	0.538352	0.100603	-1.39864	-0.138599
1.18	0.319737	-0.173245	0.538367	0.100603	-1.39864	-0.138599
1.185	0.319757	-0.17324	0.538366	0.0989176	-1.39745	-0.136278
1.19	0.319843	-0.173237	0.53838	0.0989176	-1.39745	-0.136278
1.195	0.31993	-0.173234	0.538395	0.0989176	-1.39745	-0.136278
1.2	0.319949	-0.173229	0.538393	0.0972293	-1.39627	-0.133952
1.205	0.320036	-0.173225	0.538408	0.0972293	-1.39627	-0.133952
1.21	0.320122	-0.173222	0.538423	0.0972293	-1.39627	-0.133952
1.215	0.320142	-0.173218	0.538422	0.0955386	-1.39508	-0.131622
1.22	0.320229	-0.173214	0.538436	0.0955386	-1.39508	-0.131622
1.225	0.320315	-0.173211	0.538451	0.0955386	-1.39508	-0.131622
1.23	0.320335	-0.173207	0.53845	0.093846	-1.3939	-0.12929
1.235	0.320422	-0.173203	0.538464	0.093846	-1.3939	-0.12929
1.24	0.320508	-0.1732	0.538479	0.093846	-1.3939	-0.12929
1.245	0.320528	-0.173196	0.538478	0.0921521	-1.39271	-0.126957
1.25	0.320615	-0.173192	0.538492	0.0921521	-1.39271	-0.126957
1.255	0.320702	-0.173189	0.538507	0.0921521	-1.39271	-0.126957
1.26	0.320721	-0.173185	0.538506	0.0904576	-1.39152	-0.124622
1.265	0.320808	-0.173181	0.538521	0.0904576	-1.39152	-0.124622
1.27	0.320895	-0.173178	0.538535	0.0904576	-1.39152	-0.124622
1.275	0.320914	-0.173174	0.538534	0.088763	-1.39033	-0.122288
1.28	0.321001	-0.17317	0.538549	0.088763	-1.39033	-0.122288
1.285	0.321088	-0.173166	0.538563	0.088763	-1.39033	-0.122288
1.29	0.321107	-0.173163	0.538562	0.0870689	-1.38915	-0.119954
1.295	0.321194	-0.173159	0.538577	0.0870689	-1.38915	-0.119954
1.3	0.321281	-0.173155	0.538591	0.0870689	-1.38915	-0.119954
1.305	0.3213	-0.173152	0.53859	0.085376	-1.38796	-0.117621
1.31	0.321387	-0.173148	0.538605	0.085376	-1.38796	-0.117621
1.315	0.321473	-0.173144	0.538619	0.085376	-1.38796	-0.117621
1.32	0.321493	-0.173141	0.538618	0.0836848	-1.38677	-0.115291
1.325	0.321579	-0.173137	0.538633	0.0836848	-1.38677	-0.115291
1.33	0.321666	-0.173133	0.538647	0.0836848	-1.38677	-0.115291
1.335	0.321685	-0.17313	0.538646	0.0819959	-1.38559	-0.112965
1.34	0.321772	-0.173126	0.538661	0.0819959	-1.38559	-0.112965
1.345	0.321858	-0.173122	0.538675	0.0819959	-1.38559	-0.112965
1.35	0.321877	-0.173119	0.538674	0.0803099	-1.38441	-0.110642
1.355	0.321963	-0.173115	0.538688	0.0803099	-1.38441	-0.110642
1.36	0.32205	-0.17311	0.538703	0.0803099	-1.38441	-0.110642
1.365	0.322069	-0.173108	0.538702	0.0786274	-1.38323	-0.108324
1.37	0.322155	-0.173104	0.538716	0.0786274	-1.38323	-0.108324
1.375	0.322241	-0.173099	0.538731	0.0786274	-1.38323	-0.108324
1.38	0.32226	-0.173097	0.538729	0.076949	-1.38205	-0.106012
1.385	0.322346	-0.173093	0.538744	0.076949	-1.38205	-0.106012
1.39	0.322432	-0.173088	0.538758	0.076949	-1.38205	-0.106012
1.395	0.322451	-0.173086	0.538757	0.0752753	-1.38088	-0.103706
1.4	0.322536	-0.173082	0.538772	0.0752753	-1.38088	-0.103706
1.405	0.322622	-0.173077	0.538786	0.0752753	-1.38088	-0.103706
1.41	0.322641	-0.173075	0.538785	0.0736069	-1.37971	-0.101407
1.415	0.322726	-0.173071	0.538799	0.0736069	-1.37971	-0.101407
1.42	0.322811	-0.173066	0.538813	0.0736069	-1.37971	-0.101407
1.425	0.32283	-0.173064	0.538812	0.0719444	-1.37854	-0.0991169
1.43	0.322915	-0.17306	0.538827	0.0719444	-1.37854	-0.0991169
1.435	0.323	-0.173055	0.538841	0.0719444	-1.37854	-0.0991169
1.44	0.323019	-0.173054	0.53884	0.0702883	-1.37738	-0.0968353
1.445	0.323103	-0.173049	0.538854	0.0702883	-1.37738	-0.0968353
1.45	0.323188	-0.173044	0.538868	0.0702883	-1.37738	-0.0968353
1.455	0.323206	-0.173043	0.538867	0.0686393	-1.37622	-0.0945635
1.46	0.323291	-0.173038	0.538881	0.0686393	-1.37622	-0.0945635
1.465	0.323375	-0.173034	0.538895	0.0686393	-1.37622	-0.0945635
1.47	0.323393	-0.173032	0.538894	0.0669979	-1.37507	-0.0923021
1.475	0.323477	-0.173028	0.538908	0.0669979	-1.37507	-0.0923021
1.48	0.323561	-0.173023	0.538922	0.0669979	-1.37507	-0.0923021
1.485	0.323579	-0.173022	0.538921	0.0653647	-1.37393	-0.0900521
1.49	0.323663	-0.173017	0.538935	0.0653647	-1.37393	-0.0900521
1.495	0.323746	-0.173012	0.538949	0.0653647	-1.37393	-0.0900521
1.5	0.323764	-0.173011	0.538948	0.0637403	-1.37279	-0.0878141
1.505	0.323847	-0.173006	0.538962	0.0637403	-1.37279	-0.0878141
1.51	0.32393	-0.173001	0.538976	0.0637403	-1.37279	-0.0878141
1.515	0.323948	-0.173001	0.538975	0.0621252	-1.37166	-0.085589
1.52	0.32403	-0.172996	0.538989	0.0621252	-1.37166	-0.085589
1.525	0.324113	-0.172991	0.539002	0.0621252	-1.37166	-0.085589
1.53	0.324131	-0.17299	0.539001	0.06052	-1.37053	-0.0833776
1.535	0.324213	-0.172985	0.539015	0.06052	-1.37053	-0.0833776
1.54	0.324294	-0.17298	0.539029	0.06052	-1.37053	-0.0833776
1.545	0.324312	-0.17298	0.539028	0.0589253	-1.36941	-0.0811806
1.55	0.324394	-0.172975	0.539041	0.0589253	-1.36941	-0.0811806
1.555	0.324475	-0.17297	0.539055	0.0589253	-1.36941	-0.0811806
1.56	0.324493	-0.17297	0.539054	0.0573417	-1.3683	-0.0789989
1.565	0.324573	-0.172965	0.539067	0.0573417	-1.3683	-0.0789989
1.57	0.324654	-0.172959	0.539081	0.0573417	-1.3683	-0.0789989
1.575	0.324671	-0.172959	0.53908	0.0557697	-1.3672	-0.0768331
1.58	0.324752	-0.172954	0.539093	0.0557697	-1.3672	-0.0768331
1.585	0.324832	-0.172949	0.539106	0.0557697	-1.3672	-0.0768331
1.59	0.324849	-0.172949	0.539106	0.0542098	-1.36611	-0.0746841
1.595	0.324929	-0.172944	0.539119	0.0542098	-1.36611	-0.0746841
1.6	0.325008	-0.172939	0.539132	0.0542098	-1.36611	-0.0746841
1.605	0.325025	-0.172939	0.539131	0.0526626	-1.36502	-0.0725526
1.61	0.325104	-0.172934	0.539144	0.0526626	-1.36502	-0.0725526
1.615	0.325182	-0.172929	0.539157	0.0526626	-1.36502	-0.0725526
1.62	0.3252	-0.172929	0.539157	0.0511287	-1.36395	-0.0704394
1.625	0.325278	-0.172924	0.53917	0.0511287	-1.36395	-0.0704394
1.63	0.325356	-0.172919	0.539182	0.0511287	-1.36395	-0.0704394
1.635	0.325433	-0.172914	0.539195	0.0511287	-1.36395	-0.0704394
1.64	0.325432	-0.172916	0.539191	0.0491571	-1.36256	-0.067723
1.645	0.325509	-0.172911	0.539203	0.0491571	-1.36256	-0.067723
1.65	0.325586	-0.172905	0.539216	0.0491571	-1.36256	-0.067723
1.655	0.325601	-0.172906	0.539215	0.0476095	-1.36148	-0.0655909
1.66	0.325677	-0.172901	0.539228	0.0476095	-1.36148	-0.0655909
1.665	0.325753	-0.172896	0.53924	0.0476095	-1.36148	-0.0655909
1.67	0.325829	-0.17289	0.539252	0.0476095	-1.36148	-0.0655909
1.675	0.325828	-0.172893	0.539248	0.0456779	-1.36012	-0.0629297
1.68	0.325903	-0.172888	0.539261	0.0456779	-1.36012	-0.0629297
1.685	0.325978	-0.172883	0.539273	0.0456779	-1.36012	-0.0629297
1.69	0.326053	-0.172877	0.539285	0.0456779	-1.36012	-0.0629297
1.695	0.32605	-0.172881	0.539281	0.0437322	-1.35876	-0.0602491
1.7	0.326124	-0.172875	0.539293	0.0437322	-1.35876	-0.0602491
1.705	0.326198	-0.17287	0.539305	0.0437322	-1.35876	-0.0602491
1.71	0.326271	-0.172865	0.539317	0.0437322	-1.35876	-0.0602491
1.715	0.326268	-0.172868	0.539312	0.0418113	-1.35741	-0.0576027
1.72	0.326341	-0.172863	0.539324	0.0418113	-1.35741	-0.0576027
1.725	0.326414	-0.172858	0.539336	0.0418113	-1.35741	-0.0576027
1.73	0.326486	-0.172852	0.539348	0.0418113	-1.35741	-0.0576027
1.735	0.326483	-0.172856	0.539344	0.0399204	-1.35609	-0.0549976
1.74	0.326555	-0.172851	0.539355	0.0399204	-1.35609	-0.0549976
1.745	0.326626	-0.172845	0.539367	0.0399204	-1.35609	-0.0549976
1.75	0.326698	-0.17284	0.539378	0.0399204	-1.35609	-0.0549976
1.755	0.326694	-0.172844	0.539374	0.0380609	-1.35478	-0.0524358
1.76	0.326765	-0.172839	0.539386	0.0380609	-1.35478	-0.0524358
1.765	0.326835	-0.172833	0.539397	0.0380609	-1.35478	-0.0524358
1.77	0.326905	-0.172828	0.539408	0.0380609	-1.35478	-0.0524358
1.775	0.326902	-0.172832	0.539404	0.0362341	-1.3535	-0.0499191
1.78	0.326971	-0.172827	0.539416	0.0362341	-1.3535	-0.0499191
1.785	0.32704	-0.172821	0.539427	0.0362341	-1.3535	-0.0499191
1.79	0.327109	-0.172816	0.539438	0.0362341	-1.3535	-0.0499191
1.795	0.327106	-0.172821	0.539434	0.0344412	-1.35225	-0.0474491
1.8	0.327174	-0.172815	0.539445	0.0344412	-1.35225	-0.0474491
1.805	0.327241	-0.17281	0.539456	0.0344412	-1.35225	-0.0474491
1.81	0.327308	-0.172805	0.539467	0.0344412	-1.35225	-0.0474491
1.815	0.327305	-0.172809	0.539463	0.0326833	-1.35101	-0.0450272
1.82	0.327372	-0.172804	0.539474	0.0326833	-1.35101	-0.0450272
1.825	0.327438	-0.172799	0.539484	0.0326833	-1.35101	-0.0450272
1.83	0.327504	-0.172793	0.539495	0.0326833	-1.35101	-0.0450272
1.835	0.327501	-0.172798	0.539492	0.0309615	-1.34981	-0.0426551
1.84	0.327566	-0.172793	0.539502	0.0309615	-1.34981	-0.0426551
1.845	0.327631	-0.172788	0.539512	0.0309615	-1.34981	-0.0426551
1.85	0.327695	-0.172782	0.539523	0.0309615	-1.34981	-0.0426551
1.855	0.327692	-0.172787	0.539519	0.0292768	-1.34863	-0.0403341
1.86	0.327756	-0.172782	0.53953	0.0292768	-1.34863	-0.0403341
1.865	0.327819	-0.172777	0.53954	0.0292768	-1.34863	-0.0403341
1.87	0.327882	-0.172771	0.53955	0.0292768	-1.34863	-0.0403341
1.875	0.327879	-0.172777	0.539547	0.0276303	-1.34747	-0.0380658
1.88	0.327941	-0.172771	0.539556	0.0276303	-1.34747	-0.0380658
1.885	0.328003	-0.172766	0.539566	0.0276303	-1.34747	-0.0380658
1.89	0.328065	-0.172761	0.539576	0.0276303	-1.34747	-0.0380658
1.895	0.328062	-0.172766	0.539573	0.0260231	-1.34634	-0.0358516
1.9	0.328122	-0.172761	0.539583	0.0260231	-1.34634	-0.0358516
1.905	0.328183	-0.172756	0.539592	0.0260231	-1.34634	-0.0358516
1.91	0.328242	-0.172751	0.539602	0.0260231	-1.34634	-0.0358516
1.915	0.32824	-0.172756	0.539599	0.0244562	-1.34525	-0.0336928
1.92	0.328299	-0.172751	0.539608	0.0244562	-1.34525	-0.0336928
1.925	0.328357	-0.172746	0.539618	0.0244562	-1.34525	-0.0336928
1.93	0.328415	-0.172741	0.539627	0.0244562	-1.34525	-0.0336928
1.935	0.328413	-0.172746	0.539624	0.0229304	-1.34418	-0.0315909
1.94	0.32847	-0.172741	0.539633	0.0229304	-1.34418	-0.0315909
1.945	0.328527	-0.172736	0.539642	0.0229304	-1.34418	-0.0315909
1.95	0.328584	-0.172731	0.539651	0.0229304	-1.34418	-0.0315909
1.955	0.32864	-0.172726	0.53966	0.0229304	-1.34418	-0.0315909
1.96	0.328624	-0.172734	0.539655	0.0211211	-1.34291	-0.0290981
1.965	0.328679	-0.172729	0.539664	0.0211211	-1.34291	-0.0290981
1.97	0.328734	-0.172724	0.539672	0.0211211	-1.34291	-0.0290981
1.975	0.328789	-0.172719	0.539681	0.0211211	-1.34291	-0.0290981
1.98	0.328843	-0.172715	0.53969	0.0211211	-1.34291	-0.0290981
1.985	0.328826	-0.172723	0.539684	0.0193437	-1.34166	-0.0266494
1.99	0.328879	-0.172718	0.539693	0.0193437	-1.34166	-0.0266494
1.995	0.328932	-0.172713	0.539701	0.0193437	-1.34166	-0.0266494
2.0	0.328984	-0.172708	0.539709	0.0193437	-1.34166	-0.0266494
2.005	0.329036	-0.172704	0.539717	0.0193437	-1.34166	-0.0266494
2.01	0.32902	-0.172712	0.539712	0.017632	-1.34046	-0.0242913
2.015	0.329071	-0.172707	0.53972	0.017632	-1.34046	-0.0242913
2.02	0.329121	-0.172702	0.539728	0.017632	-1.34046	-0.0242913
2.025	0.329172	-0.172698	0.539736	0.017632	-1.34046	-0.0242913
2.03	0.329221	-0.172693	0.539744	0.017632	-1.34046	-0.0242913
2.035	0.329206	-0.172701	0.539739	0.0159911	-1.33931	-0.0220306
2.04	0.329254	-0.172697	0.539747	0.0159911	-1.33931	-0.0220306
2.045	0.329303	-0.172692	0.539755	0.0159911	-1.33931	-0.0220306
2.05	0.329351	-0.172688	0.539762	0.0159911	-1.33931	-0.0220306
2.055	0.329398	-0.172683	0.53977	0.0159911	-1.33931	-0.0220306
2.06	0.329383	-0.172691	0.539765	0.0144229	-1.33821	-0.0198701
2.065	0.32943	-0.172687	0.539772	0.0144229	-1.33821	-0.0198701
2.07	0.329476	-0.172682	0.53978	0.0144229	-1.33821	-0.0198701
2.075	0.329521	-0.172678	0.539787	0.0144229	-1.33821	-0.0198701
2.08	0.329566	-0.172674	0.539794	0.0144229	-1.33821	-0.0198701
2.085	0.329611	-0.17267	0.539801	0.0144229	-1.33821	-0.0198701
2.09	0.329586	-0.172679	0.539795	0.0126703	-1.33698	-0.0174556
2.095	0.32963	-0.172675	0.539802	0.0126703	-1.33698	-0.0174556
2.1	0.329673	-0.172671	0.539808	0.0126703	-1.33698	-0.0174556
2.105	0.329716	-0.172667	0.539815	0.0126703	-1.33698	-0.0174556
2.11	0.329758	-0.172663	0.539822	0.0126703	-1.33698	-0.0174556
2.115	0.3298	-0.172659	0.539828	0.0126703	-1.33698	-0.0174556
2.12	0.329775	-0.172668	0.539822	0.0109973	-1.33581	-0.0151507
2.125	0.329816	-0.172665	0.539829	0.0109973	-1.33581	-0.0151507
2.13	0.329857	-0.172661	0.539835	0.0109973	-1.33581	-0.0151507
2.135	0.329897	-0.172657	0.539841	0.0109973	-1.33581	-0.0151507
2.14	0.329936	-0.172653	0.539847	0.0109973	-1.33581	-0.0151507
2.145	0.329975	-0.172649	0.539854	0.0109973	-1.33581	-0.0151507
2.15	0.329952	-0.172659	0.539848	0.00943304	-1.33471	-0.0129956
2.155	0.32999	-0.172655	0.539854	0.00943304	-1.33471	-0.0129956
2.16	0.330027	-0.172651	0.53986	0.00943304	-1.33471	-0.0129956
2.165	0.330064	-0.172648	0.539865	0.00943304	-1.33471	-0.0129956
2.17	0.330101	-0.172644	0.539871	0.00943304	-1.33471	-0.0129956
2.175	0.330137	-0.172641	0.539877	0.00943304	-1.33471	-0.0129956
2.18	0.330172	-0.172637	0.539882	0.00943304	-1.33471	-0.0129956
2.185	0.330142	-0.172648	0.539876	0.00777741	-1.33355	-0.0107147
2.19	0.330176	-0.172644	0.539881	0.00777741	-1.33355	-0.0107147
2.195	0.33021	-0.172641	0.539886	0.00777741	-1.33355	-0.0107147
2.2	0.330244	-0.172638	0.539891	0.00777741	-1.33355	-0.0107147
2.205	0.330277	-0.172634	0.539897	0.00777741	-1.33355	-0.0107147
2.21	0.33031	-0.172631	0.539902	0.00777741	-1.33355	-0.0107147
2.215	0.330342	-0.172628	0.539907	0.00777741	-1.33355	-0.0107147
2.22	0.330313	-0.172638	0.5399	0.00625483	-1.33248	-0.00861705
2.225	0.330344	-0.172635	0.539905	0.00625483	-1.33248	-0.00861705
2.23	0.330375	-0.172632	0.53991	0.00625483	-1.33248	-0.00861705
2.235	0.330405	-0.172629	0.539915	0.00625483	-1.33248	-0.00861705
2.24	0.330434	-0.172626	0.539919	0.00625483	-1.33248	-0.00861705
2.245	0.330463	-0.172623	0.539924	0.00625483	-1.33248	-0.00861705
2.25	0.330492	-0.17262	0.539928	0.00625483	-1.33248	-0.00861705
2.255	0.33052	-0.172617	0.539933	0.00625483	-1.33248	-0.00861705
2.26	0.330487	-0.172628	0.539926	0.00473024	-1.33141	-0.00651664
2.265	0.330514	-0.172625	0.53993	0.00473024	-1.33141	-0.00651664
2.27	0.33054	-0.172623	0.539934	0.00473024	-1.33141	-0.00651664
2.275	0.330566	-0.17262	0.539938	0.00473024	-1.33141	-0.00651664
2.28	0.330592	-0.172618	0.539942	0.00473024	-1.33141	-0.00651664
2.285	0.330616	-0.172615	0.539946	0.00473024	-1.33141	-0.00651664
2.29	0.330641	-0.172613	0.53995	0.00473024	-1.33141	-0.00651664
2.295	0.330665	-0.17261	0.539953	0.00473024	-1.33141	-0.00651664
2.3	0.330688	-0.172608	0.539957	0.00473024	-1.33141	-0.00651664
2.305	0.330711	-0.172606	0.53996	0.00473024	-1.33141	-0.00651664
2.31	0.33067	-0.172618	0.539952	0.00313474	-1.3303	-0.00431852
2.315	0.330692	-0.172615	0.539956	0.00313474	-1.3303	-0.00431852
2.32	0.330713	-0.172613	0.539959	0.00313474	-1.3303	-0.00431852
2.325	0.330734	-0.172611	0.539962	0.00313474	-1.3303	-0.00431852
2.33	0.330754	-0.172609	0.539965	0.00313474	-1.3303	-0.00431852
2.335	0.330773	-0.172607	0.539968	0.00313474	-1.3303	-0.00431852
2.34	0.330792	-0.172605	0.539971	0.00313474	-1.3303	-0.00431852
2.345	0.330811	-0.172603	0.539974	0.00313474	-1.3303	-0.00431852
2.35	0.330829	-0.172601	0.539977	0.00313474	-1.3303	-0.00431852
2.355	0.330847	-0.1726	0.53998	0.00313474	-1.3303	-0.00431852
2.36	0.330864	-0.172598	0.539982	0.00313474	-1.3303	-0.00431852
2.365	0.33088	-0.172596	0.539985	0.00313474	-1.3303	-0.00431852
2.37	0.330896	-0.172595	0.539987	0.00313474	-1.3303	-0.00431852
2.375	0.330849	-0.172607	0.539978	0.00155958	-1.32919	-0.00214844
2.38	0.330864	-0.172606	0.539981	0.00155958	-1.32919	-0.00214844
2.385	0.330878	-0.172604	0.539983	0.00155958	-1.32919	-0.00214844
2.39	0.330892	-0.172603	0.539985	0.00155958	-1.32919	-0.00214844
2.395	0.330905	-0.172602	0.539987	0.00155958	-1.32919	-0.00214844
2.4	0.330918	-0.1726	0.539989	0.00155958	-1.32919	-0.00214844
2.405	0.33093	-0.172599	0.539991	0.00155958	-1.32919	-0.00214844
2.41	0.330942	-0.172598	0.539993	0.00155958	-1.32919	-0.00214844
2.415	0.330953	-0.172597	0.539994	0.00155958	-1.32919	-0.00214844
2.42	0.330963	-0.172596	0.539996	0.00155958	-1.32919	-0.00214844
2.425	0.330973	-0.172595	0.539998	0.00155958	-1.32919	-0.00214844
2.43	0.330982	-0.172594	0.539999	0.00155958	-1.32919	-0.00214844
2.435	0.330992	-0.172593	0.54	0.00155958	-1.32919	-0.00214844
2.44	0.330999	-0.172592	0.540002	0.00155958	-1.32919	-0.00214844
2.445	0.331007	-0.172591	0.540003	0.00155958	-1.32919	-0.00214844
2.45	0.331015	-0.17259	0.540004	0.00155958	-1.32919	-0.00214844
2.455	0.331021	-0.17259	0.540005	0.00155958	-1.32919	-0.00214844
2.46	0.331028	-0.172589	0.540006	0.00155958	-1.32919	-0.00214844
2.465	0.331034	-0.172588	0.540007	0.00155958	-1.32919	-0.00214844
2.47	0.331039	-0.172588	0.540008	0.00155958	-1.32919	-0.00214844
2.475	0.331043	-0.172587	0.540008	0.00155958	-1.32919	-0.00214844
2.48	0.331048	-0.172587	0.540009	0.00155958	-1.32919	-0.00214844
2.485	0.331051	-0.172587	0.54001	0.00155958	-1.32919	-0.00214844
2.49	0.331054	-0.172586	0.54001	0.00155958	-1.32919	-0.00214844
2.495	0.331057	-0.172586	0.540011	0.00155958	-1.32919	-0.00214844
2.5	0.331059	-0.172586	0.540011	0.00155958	-1.32919	-0.00214844
2.505	0.33106	-0.172586	0.540011	0.00155958	-1.32919	-0.00214844
2.51	0.33106	-0.172586	0.540011	0.00155958	-1.32919	-0.00214844
2.515	0.331061	-0.172586	0.540011	0.00155958	-1.32919	-0.00214844
2.52	0.331061	-0.172586	0.540011	0.00155958	-1.32919	-0.00214844
2.525	0.331062	-0.172585	0.54001	0.00155958	-1.32919	-0.00214844
2.53	0.331063	-0.172585	0.540009	0.00155958	-1.32919	-0.00214844
2.535	0.331064	-0.172585	0.540008	0.00155958	-1.32919	-0.00214844
2.54	0.331065	-0.172584	0.540006	0.00155958	-1.32919	-0.00214844
2.545	0.331067	-0.172583	0.540003	0.00155958	-1.32919	-0.00214844
2.55	0.331069	-0.172582	0.54	0.00155958	-1.32919	-0.00214844
2.555	0.331071	-0.172581	0.539997	0.00155958	-1.32919	-0.00214844
2.56	0.331074	-0.17258	0.539993	0.00155958	-1.32919	-0.00214845
2.565	0.331077	-0.172579	0.539989	0.00155959	-1.32919	-0.00214845
2.57	0.331029	-0.172583	0.539975	0.000471266	-1.32829	-0.000217316
2.575	0.331032	-0.172582	0.53997	0.000471267	-1.32829	-0.000217317
2.58	0.331036	-0.17258	0.539964	0.000471268	-1.32829	-0.000217318
2.585	0.331041	-0.172578	0.539958	0.000471269	-1.32829	-0.000217319
2.59	0.331045	-0.172576	0.539952	0.00047127	-1.32829	-0.00021732
2.595	0.33105	-0.172574	0.539945	0.000471271	-1.32829	-0.000217321
2.6	0.331056	-0.172572	0.539937	0.000471272	-1.32829	-0.000217323
2.605	0.331061	-0.17257	0.539929	0.000471273	-1.32829	-0.000217324
2.61	0.331067	-0.172567	0.53992	0.000471275	-1.32829	-0.000217326
2.615	0.331073	-0.172565	0.539912	0.000471276	-1.32829	-0.000217328
2.62	0.331079	-0.172562	0.539902	0.000471278	-1.32829	-0.00021733
2.625	0.331086	-0.172559	0.539893	0.00047128	-1.32829	-0.000217332
2.63	0.331093	-0.172556	0.539882	0.000471282	-1.32829	-0.000217334
2.635	0.331111	-0.172527	0.539875	0.00153431	-1.32852	-2.10997e-05
2.64	0.331118	-0.172524	0.539864	0.00153431	-1.32852	-2.11024e-05
2.645	0.331126	-0.17252	0.539852	0.00153431	-1.32852	-2.11054e-05
2.65	0.331135	-0.172517	0.53984	0.00153432	-1.32852	-2.11086e-05
2.655	0.331143	-0.172513	0.539828	0.00153432	-1.32852	-2.1112e-05
2.66	0.331152	-0.172509	0.539815	0.00153432	-1.32852	-2.11157e-05
2.665	0.331161	-0.172505	0.539802	0.00153433	-1.32852	-2.11197e-05
2.67	0.331171	-0.172501	0.539788	0.00153433	-1.32852	-2.11239e-05
2.675	0.331196	-0.172468	0.539778	0.00279137	-1.32886	-1.22371e-06
2.68	0.331207	-0.172464	0.539763	0.00279137	-1.32886	-1.2285e-06
2.685	0.331217	-0.17246	0.539748	0.00279138	-1.32886	-1.23358e-06
2.69	0.331228	-0.172455	0.539733	0.00279138	-1.32886	-1.23895e-06
2.695	0.331239	-0.17245	0.539717	0.00279139	-1.32886	-1.24463e-06
2.7	0.33125	-0.172445	0.5397	0.00279139	-1.32886	-1.25063e-06
2.705	0.331262	-0.17244	0.539683	0.0027914	-1.32886	-1.25695e-06
2.71	0.331292	-0.172404	0.539671	0.00418751	-1.32923	9.62375e-07
2.715	0.331304	-0.172399	0.539653	0.00418752	-1.32923	9.55382e-07
2.72	0.331317	-0.172393	0.539635	0.00418753	-1.32923	9.48044e-07
2.725	0.331329	-0.172388	0.539616	0.00418753	-1.32923	9.40353e-07
2.73	0.331343	-0.172382	0.539597	0.00418754	-1.32923	9.32303e-07
2.735	0.331356	-0.172376	0.539578	0.00418755	-1.32923	9.23886e-07
2.74	0.331388	-0.172338	0.539563	0.0056089	-1.32962	1.21159e-06
2.745	0.331402	-0.172332	0.539543	0.00560891	-1.32962	1.20242e-06
2.75	0.331416	-0.172326	0.539522	0.00560892	-1.32962	1.19285e-06
2.755	0.331431	-0.17232	0.539501	0.00560893	-1.32962	1.18289e-06
2.76	0.331446	-0.172313	0.539479	0.00560894	-1.32962	1.17253e-06
2.765	0.331478	-0.172277	0.539462	0.00695305	-1.32998	1.10589e-06
2.77	0.331494	-0.17227	0.539439	0.00695306	-1.32998	1.0947e-06
2.775	0.33151	-0.172263	0.539417	0.00695307	-1.32998	1.08309e-06
2.78	0.331526	-0.172256	0.539393	0.00695308	-1.32998	1.07105e-06
2.785	0.331542	-0.172249	0.53937	0.00695309	-1.32998	1.05858e-06
2.79	0.331578	-0.172209	0.53935	0.00840873	-1.33038	1.267e-06
2.795	0.331595	-0.172202	0.539326	0.00840874	-1.33038	1.25363e-06
2.8	0.331612	-0.172195	0.539301	0.00840875	-1.33038	1.23982e-06
2.805	0.331629	-0.172187	0.539276	0.00840877	-1.33038	1.22555e-06
2.81	0.331664	-0.172151	0.539254	0.00969642	-1.33072	1.01321e-06
2.815	0.331682	-0.172143	0.539228	0.00969643	-1.33072	9.97999e-07
2.82	0.3317	-0.172135	0.539202	0.00969645	-1.33072	9.82321e-07
2.825	0.331719	-0.172127	0.539175	0.00969646	-1.33072	9.66165e-07
2.83	0.331755	-0.172089	0.539152	0.011041	-1.33109	1.06794e-06
2.835	0.331774	-0.17208	0.539124	0.011041	-1.33109	1.0508e-06
2.84	0.331794	-0.172072	0.539096	0.0110411	-1.33109	1.03317e-06
2.845	0.331814	-0.172064	0.539068	0.0110411	-1.33109	1.01504e-06
2.85	0.331852	-0.172023	0.539043	0.0124642	-1.33147	1.19189e-06
2.855	0.331872	-0.172014	0.539014	0.0124642	-1.33147	1.17275e-06
2.86	0.331893	-0.172005	0.538985	0.0124642	-1.33147	1.15309e-06
2.865	0.331914	-0.171997	0.538955	0.0124642	-1.33147	1.13292e-06
2.87	0.331954	-0.171954	0.538929	0.0139667	-1.33188	1.33163e-06
2.875	0.331975	-0.171945	0.538898	0.0139667	-1.33188	1.31041e-06
2.88	0.331997	-0.171935	0.538867	0.0139667	-1.33188	1.28866e-06
2.885	0.332019	-0.171926	0.538835	0.0139668	-1.33188	1.26638e-06
2.89	0.332061	-0.171881	0.538809	0.0155474	-1.33231	1.47832e-06
2.895	0.332084	-0.171871	0.538776	0.0155474	-1.33231	1.45495e-06
2.9	0.332107	-0.171861	0.538743	0.0155474	-1.33231	1.43105e-06
2.905	0.332146	-0.171823	0.538715	0.0168241	-1.33265	9.92608e-07
2.91	0.332169	-0.171813	0.538681	0.0168241	-1.33265	9.67601e-07
2.915	0.332193	-0.171803	0.538647	0.0168241	-1.33265	9.42047e-07
2.92	0.332233	-0.171764	0.538617	0.018108	-1.333	9.51279e-07
2.925	0.332257	-0.171754	0.538583	0.018108	-1.333	9.24605e-07
2.93	0.332281	-0.171743	0.538548	0.018108	-1.333	8.97376e-07
2.935	0.332322	-0.171703	0.538517	0.0194299	-1.33336	9.99996e-07
2.94	0.332347	-0.171692	0.538481	0.01943	-1.33336	9.71632e-07
2.945	0.332372	-0.171682	0.538445	0.01943	-1.33336	9.42707e-07
2.95	0.332415	-0.17164	0.538413	0.0207925	-1.33373	1.06328e-06
2.955	0.33244	-0.171629	0.538376	0.0207925	-1.33373	1.0332e-06
2.96	0.332466	-0.171618	0.538339	0.0207925	-1.33373	1.00257e-06
2.965	0.33251	-0.171576	0.538307	0.0221951	-1.33411	1.12941e-06
2.97	0.332536	-0.171564	0.538269	0.0221951	-1.33411	1.09761e-06
2.975	0.332563	-0.171553	0.538231	0.0221952	-1.33411	1.06525e-06
2.98	0.332607	-0.171509	0.538197	0.0236371	-1.3345	1.19669e-06
2.985	0.332635	-0.171498	0.538158	0.0236371	-1.3345	1.16316e-06
2.99	0.332662	-0.171486	0.538119	0.0236372	-1.3345	1.12906e-06
2.995	0.332708	-0.171441	0.538084	0.0251177	-1.3349	1.26479e-06
3.0	0.332736	-0.171429	0.538045	0.0251177	-1.3349	1.22951e-06
3.005	0.332764	-0.171417	0.538005	0.0251177	-1.3349	1.19367e-06
3.01	0.332811	-0.171371	0.537969	0.0266359	-1.33531	1.33354e-06
3.015	0.332839	-0.171359	0.537928	0.026636	-1.33531	1.29652e-06
3.02	0.332868	-0.171347	0.537887	0.026636	-1.33531	1.25894e-06
3.025	0.332916	-0.171299	0.537851	0.0281911	-1.33573	1.40281e-06
3.03	0.332945	-0.171287	0.537809	0.0281911	-1.33573	1.36405e-06
3.035	0.332975	-0.171274	0.537767	0.0281912	-1.33573	1.32473e-06
3.04	0.333024	-0.171226	0.53773	0.0297823	-1.33616	1.47247e-06
3.045	0.333054	-0.171213	0.537687	0.0297823	-1.33616	1.43197e-06
3.05	0.333084	-0.171201	0.537644	0.0297823	-1.33616	1.39091e-06
3.055	0.333134	-0.171151	0.537607	0.0314085	-1.3366	1.54237e-06
3.06	0.333165	-0.171138	0.537563	0.0314086	-1.3366	1.50014e-06
3.065	0.333196	-0.171125	0.537519	0.0314086	-1.3366	1.45735e-06
3.07	0.333247	-0.171075	0.537481	0.033069	-1.33705	1.61237e-06
3.075	0.333278	-0.171061	0.537436	0.033069	-1.33705	1.56843e-06
3.08	0.333309	-0.171048	0.537391	0.0330691	-1.33705	1.52392e-06
3.085	0.333362	-0.170997	0.537352	0.0347627	-1.33751	1.68234e-06
3.09	0.333393	-0.170983	0.537307	0.0347628	-1.33751	1.63669e-06
3.095	0.333425	-0.17097	0.537261	0.0347628	-1.33751	1.59049e-06
3.1	0.333479	-0.170917	0.537221	0.0364888	-1.33797	1.75213e-06
3.105	0.333511	-0.170903	0.537175	0.0364888	-1.33797	1.7048e-06
3.11	0.333544	-0.17089	0.537128	0.0364889	-1.33797	1.65692e-06
3.115	0.333598	-0.170836	0.537087	0.0382462	-1.33845	1.82159e-06
3.12	0.333631	-0.170822	0.53704	0.0382462	-1.33845	1.7726e-06
3.125	0.333679	-0.17078	0.536997	0.0394946	-1.33879	9.43771e-07
3.13	0.333712	-0.170766	0.53695	0.0394946	-1.33879	8.93691e-07
3.135	0.333746	-0.170752	0.536902	0.0394947	-1.33879	8.43087e-07
3.14	0.333801	-0.170698	0.53686	0.0412483	-1.33926	1.73319e-06
3.145	0.333835	-0.170684	0.536812	0.0412483	-1.33926	1.6815e-06
3.15	0.333884	-0.170641	0.536768	0.0425253	-1.33961	9.73457e-07
3.155	0.333918	-0.170626	0.536719	0.0425254	-1.33961	9.20711e-07
3.16	0.333968	-0.170584	0.536674	0.0437651	-1.33994	8.43592e-07
3.165	0.334002	-0.170569	0.536625	0.0437651	-1.33994	7.89806e-07
3.17	0.334052	-0.170526	0.536579	0.0450119	-1.34028	8.3985e-07
3.175	0.334087	-0.170512	0.53653	0.045012	-1.34028	7.85042e-07
3.18	0.334137	-0.170469	0.536484	0.04627	-1.34062	8.54788e-07
3.185	0.334173	-0.170454	0.536434	0.0462701	-1.34062	7.98975e-07
3.19	0.334223	-0.17041	0.536388	0.0475396	-1.34096	8.72046e-07
3.195	0.334259	-0.170395	0.536337	0.0475397	-1.34096	8.15247e-07
3.2	0.33431	-0.170351	0.536291	0.0488204	-1.34131	8.89411e-07
3.205	0.334346	-0.170336	0.53624	0.0488204	-1.34131	8.31647e-07
3.21	0.334397	-0.170292	0.536193	0.050112	-1.34166	9.06589e-07
3.215	0.334434	-0.170276	0.536141	0.0501121	-1.34166	8.4788e-07
3.22	0.334485	-0.170232	0.536094	0.0514142	-1.34201	9.23531e-07
3.225	0.334522	-0.170216	0.536042	0.0514142	-1.34201	8.63898e-07
3.23	0.334574	-0.170171	0.535994	0.0527265	-1.34237	9.40215e-07
3.235	0.334611	-0.170156	0.535942	0.0527266	-1.34237	8.79682e-07
3.24	0.334664	-0.170111	0.535894	0.0540488	-1.34272	9.56626e-07
3.245	0.334701	-0.170095	0.535841	0.0540488	-1.34272	8.95215e-07
3.25	0.334754	-0.170049	0.535793	0.0553806	-1.34308	9.72746e-07
3.255	0.334791	-0.170034	0.53574	0.0553807	-1.34308	9.10482e-07
3.26	0.334845	-0.169988	0.535692	0.0567216	-1.34345	9.88561e-07
3.265	0.334883	-0.169972	0.535638	0.0567217	-1.34345	9.25469e-07
3.27	0.334936	-0.169926	0.535589	0.0580716	-1.34381	1.00405e-06
3.275	0.334974	-0.169909	0.535535	0.0580716	-1.34381	9.40159e-07
3.28	0.335028	-0.169863	0.535486	0.0594301	-1.34418	1.01921e-06
3.285	0.335066	-0.169847	0.535432	0.0594301	-1.34418	9.54539e-07
3.29	0.335121	-0.1698	0.535383	0.0607968	-1.34455	1.03401e-06
3.295	0.335159	-0.169784	0.535328	0.0607968	-1.34455	9.68593e-07
3.3	0.335214	-0.169737	0.535278	0.0621714	-1.34492	1.04844e-06
3.305	0.335252	-0.169721	0.535224	0.0621714	-1.34492	9.82307e-07
3.31	0.335307	-0.169673	0.535174	0.0635535	-1.3453	1.06249e-06
3.315	0.335346	-0.169657	0.535119	0.0635535	-1.3453	9.95667e-07
3.32	0.335401	-0.169609	0.535068	0.0649428	-1.34567	1.07615e-06
3.325	0.33544	-0.169593	0.535013	0.0649429	-1.34567	1.00866e-06
3.33	0.335496	-0.169545	0.534962	0.0663389	-1.34605	1.08939e-06
3.335	0.335535	-0.169529	0.534907	0.066339	-1.34605	1.02127e-06
3.34	0.335591	-0.169481	0.534856	0.0677416	-1.34643	1.1022e-06
3.345	0.33563	-0.169464	0.5348	0.0677416	-1.34643	1.03348e-06
3.35	0.335686	-0.169416	0.534749	0.0691504	-1.34681	1.11457e-06
3.355	0.335726	-0.169399	0.534693	0.0691504	-1.34681	1.04529e-06
3.36	0.335782	-0.169351	0.534642	0.070565	-1.34719	1.1265e-06
3.365	0.335822	-0.169334	0.534586	0.070565	-1.34719	1.05667e-06
3.37	0.335878	-0.169285	0.534535	0.071985	-1.34758	1.13795e-06
3.375	0.335918	-0.169269	0.534478	0.071985	-1.34758	1.06762e-06
3.38	0.335974	-0.16922	0.534427	0.0734101	-1.34796	1.14893e-06
3.385	0.336014	-0.169203	0.53437	0.0734102	-1.34796	1.07813e-06
3.39	0.336071	-0.169154	0.534318	0.0748399	-1.34835	1.15941e-06
3.395	0.336111	-0.169137	0.534261	0.07484	-1.34835	1.08818e-06
3.4	0.336168	-0.169088	0.534209	0.0762742	-1.34874	1.16939e-06
3.405	0.336209	-0.169071	0.534152	0.0762742	-1.34874	1.09775e-06
3.41	0.336265	-0.169022	0.5341	0.0777124	-1.34913	1.17886e-06
3.415	0.336306	-0.169005	0.534043	0.0777125	-1.34913	1.10685e-06
3.42	0.336363	-0.168956	0.533991	0.0791543	-1.34952	1.1878e-06
3.425	0.336404	-0.168938	0.533934	0.0791544	-1.34952	1.11546e-06
3.43	0.336461	-0.168889	0.533882	0.0805995	-1.34991	1.1962e-06
3.435	0.336502	-0.168872	0.533824	0.0805996	-1.34991	1.12356e-06
3.44	0.336559	-0.168822	0.533772	0.0820477	-1.3503	1.20406e-06
3.445	0.3366	-0.168805	0.533714	0.0820477	-1.3503	1.13115e-06
3.45	0.336657	-0.168756	0.533662	0.0834984	-1.35069	1.21136e-06
3.455	0.336698	-0.168738	0.533604	0.0834985	-1.35069	1.13823e-06
3.46	0.336755	-0.168689	0.533552	0.0849513	-1.35108	1.2181e-06
3.465	0.336796	-0.168672	0.533494	0.0849514	-1.35108	1.14477e-06
3.47	0.336853	-0.168622	0.533442	0.0864061	-1.35148	1.22426e-06
3.475	0.336895	-0.168605	0.533384	0.0864062	-1.35148	1.15078e-06
3.48	0.336952	-0.168555	0.533331	0.0878624	-1.35187	1.22984e-06
3.485	0.336993	-0.168538	0.533273	0.0878625	-1.35187	1.15623e-06
3.49	0.337051	-0.168488	0.533221	0.0893199	-1.35227	1.23483e-06
3.495	0.337092	-0.168471	0.533163	0.0893199	-1.35227	1.16114e-06
3.5	0.337149	-0.168421	0.53311	0.0907781	-1.35266	1.23923e-06
3.505	0.337191	-0.168404	0.533052	0.0907781	-1.35266	1.16549e-06
3.51	0.337248	-0.168354	0.533	0.0922367	-1.35306	1.24302e-06
3.515	0.337289	-0.168336	0.532942	0.0922367	-1.35306	1.16926e-06
3.52	0.337346	-0.168287	0.532889	0.0936953	-1.35345	1.2462e-06
3.525	0.337388	-0.168269	0.532831	0.0936954	-1.35345	1.17247e-06
3.53	0.337445	-0.16822	0.532779	0.0951536	-1.35385	1.24877e-06
3.535	0.337487	-0.168202	0.532721	0.0951537	-1.35385	1.17509e-06
3.54	0.337544	-0.168153	0.532669	0.0966113	-1.35424	1.25072e-06
3.545	0.337585	-0.168135	0.532611	0.0966113	-1.35424	1.17714e-06
3.55	0.337642	-0.168086	0.532558	0.0980678	-1.35463	1.25204e-06
3.555	0.337684	-0.168068	0.5325	0.0980679	-1.35463	1.17859e-06
3.56	0.337741	-0.168019	0.532448	0.099523	-1.35503	1.25274e-06
3.565	0.337782	-0.168001	0.53239	0.0995231	-1.35503	1.17946e-06
3.57	0.337839	-0.167952	0.532338	0.100976	-1.35542	1.2528e-06
3.575	0.33788	-0.167935	0.53228	0.100976	-1.35542	1.17973e-06
3.58	0.337937	-0.167885	0.532228	0.102428	-1.35581	1.25224e-06
3.585	0.337979	-0.167868	0.53217	0.102428	-1.35581	1.1794e-06
3.59	0.338035	-0.167818	0.532118	0.103876	-1.35621	1.25104e-06
3.595	0.338076	-0.167801	0.532061	0.103876	-1.35621	1.17848e-06
3.6	0.338133	-0.167752	0.532009	0.105322	-1.3566	1.2492e-06
3.605	0.338174	-0.167735	0.531951	0.105322	-1.3566	1.17695e-06
3.61	0.33823	-0.167686	0.531899	0.106765	-1.35699	1.24673e-06
3.615	0.338272	-0.167668	0.531842	0.106765	-1.35699	1.17483e-06
3.62	0.338328	-0.167619	0.53179	0.108204	-1.35738	1.24363e-06
3.625	0.338369	-0.167602	0.531733	0.108204	-1.35738	1.1721e-06
3.63	0.338425	-0.167553	0.531682	0.109639	-1.35776	1.23989e-06
3.635	0.338466	-0.167536	0.531625	0.109639	-1.35776	1.16877e-06
3.64	0.338522	-0.167488	0.531573	0.11107	-1.35815	1.23552e-06
3.645	0.338563	-0.167471	0.531517	0.11107	-1.35815	1.16485e-06
3.65	0.338618	-0.167422	0.531465	0.112496	-1.35854	1.23051e-06
3.655	0.338659	-0.167405	0.531409	0.112496	-1.35854	1.16033e-06
3.66	0.338714	-0.167357	0.531358	0.113918	-1.35892	1.22488e-06
3.665	0.338755	-0.16734	0.531301	0.113918	-1.35892	1.15521e-06
3.67	0.33881	-0.167292	0.531251	0.115333	-1.35931	1.21863e-06
3.675	0.33885	-0.167275	0.531194	0.115333	-1.35931	1.14951e-06
3.68	0.338905	-0.167227	0.531144	0.116744	-1.35969	1.21176e-06
3.685	0.338946	-0.16721	0.531088	0.116744	-1.35969	1.14321e-06
3.69	0.339	-0.167162	0.531037	0.118148	-1.36007	1.20427e-06
3.695	0.33904	-0.167145	0.530982	0.118148	-1.36007	1.13633e-06
3.7	0.339095	-0.167098	0.530932	0.119545	-1.36044	1.19618e-06
3.705	0.339135	-0.167081	0.530876	0.119545	-1.36044	1.12888e-06
3.71	0.339189	-0.167034	0.530826	0.120936	-1.36082	1.18748e-06
3.715	0.339229	-0.167017	0.530771	0.120936	-1.36082	1.12085e-06
3.72	0.339282	-0.16697	0.530722	0.12232	-1.3612	1.17819e-06
3.725	0.339322	-0.166954	0.530667	0.12232	-1.3612	1.11226e-06
3.73	0.339375	-0.166907	0.530617	0.123696	-1.36157	1.16831e-06
3.735	0.339415	-0.166891	0.530563	0.123696	-1.36157	1.10311e-06
3.74	0.339468	-0.166844	0.530514	0.125065	-1.36194	1.15785e-06
3.745	0.339507	-0.166828	0.530459	0.125065	-1.36194	1.09341e-06
3.75	0.33956	-0.166782	0.530411	0.126425	-1.36231	1.14683e-06
3.755	0.339599	-0.166765	0.530357	0.126425	-1.36231	1.08317e-06
3.76	0.339651	-0.166719	0.530308	0.127777	-1.36267	1.13524e-06
3.765	0.33969	-0.166703	0.530255	0.127777	-1.36267	1.07239e-06
3.77	0.339742	-0.166658	0.530207	0.12912	-1.36304	1.1231e-06
3.775	0.339781	-0.166642	0.530153	0.12912	-1.36304	1.06109e-06
3.78	0.339832	-0.166596	0.530106	0.130454	-1.3634	1.11043e-06
3.785	0.339871	-0.16658	0.530053	0.130454	-1.3634	1.04928e-06
3.79	0.339922	-0.166535	0.530005	0.131778	-1.36375	1.09723e-06
3.795	0.33996	-0.16652	0.529953	0.131778	-1.36375	1.03696e-06
3.8	0.340011	-0.166475	0.529906	0.133093	-1.36411	1.08352e-06
3.805	0.340048	-0.166459	0.529854	0.133093	-1.36411	1.02416e-06
3.81	0.340099	-0.166415	0.529807	0.134398	-1.36446	1.0693e-06
3.815	0.340136	-0.166399	0.529756	0.134398	-1.36446	1.01087e-06
3.82	0.340186	-0.166355	0.529709	0.135692	-1.36481	1.0546e-06
3.825	0.340223	-0.16634	0.529658	0.135692	-1.36481	9.97126e-07
3.83	0.340273	-0.166296	0.529612	0.136975	-1.36516	1.03943e-06
3.835	0.34031	-0.166281	0.529561	0.136975	-1.36516	9.82926e-07
3.84	0.340359	-0.166238	0.529516	0.138247	-1.3655	1.0238e-06
3.845	0.340396	-0.166223	0.529466	0.138247	-1.3655	9.68287e-07
3.85	0.340444	-0.16618	0.52942	0.139508	-1.36585	1.00772e-06
3.855	0.34048	-0.166165	0.529371	0.139508	-1.36585	9.53225e-07
3.86	0.340529	-0.166123	0.529326	0.140757	-1.36618	9.91225e-07
3.865	0.340565	-0.166108	0.529277	0.140757	-1.36618	9.37755e-07
3.87	0.340612	-0.166066	0.529232	0.141993	-1.36652	9.74316e-07
3.875	0.340648	-0.166051	0.529183	0.141993	-1.36652	9.21892e-07
3.88	0.340683	-0.166036	0.529135	0.141994	-1.36652	8.70021e-07
3.885	0.340735	-0.165983	0.529093	0.143763	-1.367	2.05293e-06
3.89	0.340735	-0.165983	0.529093	0.143842	-1.36717	-2.512e-05
3.895	0.340729	-0.165969	0.529105	0.14393	-1.36737	-6.05207e-05
3.9	0.340721	-0.165956	0.529113	0.144015	-1.36756	-9.27665e-05
3.905	0.340715	-0.165943	0.529125	0.144103	-1.36776	-0.000127213
3.91	0.340707	-0.16593	0.529129	0.144184	-1.36793	-0.000156449
3.915	0.340697	-0.165918	0.529126	0.14426	-1.36808	-0.000181073
3.92	0.340686	-0.165907	0.529117	0.14433	-1.36822	-0.000201235
3.925	0.340673	-0.165895	0.529102	0.144395	-1.36833	-0.000217552
3.93	0.34066	-0.165885	0.529082	0.144456	-1.36843	-0.000230159
3.935	0.340645	-0.165874	0.529058	0.144512	-1.36851	-0.000239606
3.94	0.340629	-0.165864	0.529029	0.144565	-1.36858	-0.000245513
3.945	0.340612	-0.165854	0.528997	0.144615	-1.36864	-0.00024729
3.95	0.340595	-0.165843	0.52896	0.144662	-1.36868	-0.000245583
3.955	0.340576	-0.165833	0.528922	0.144706	-1.36872	-0.000240272
3.96	0.340557	-0.165822	0.528879	0.144747	-1.36875	-0.000231982
3.965	0.340537	-0.165811	0.528835	0.144786	-1.36877	-0.000220549
3.97	0.340516	-0.1658	0.528788	0.144822	-1.36878	-0.000206582
3.975	0.340495	-0.165789	0.528739	0.144857	-1.36878	-0.000189878
3.98	0.340473	-0.165778	0.528687	0.144889	-1.36877	-0.000171029
3.985	0.340451	-0.165767	0.528634	0.144921	-1.36877	-0.000149796
3.99	0.34043	-0.165755	0.528584	0.144955	-1.36877	-0.000129923
3.995	0.340413	-0.165741	0.528548	0.145	-1.36881	-0.000117395
4.0	0.340397	-0.165727	0.528512	0.145047	-1.36886	-0.000105596
4.005	0.340384	-0.165712	0.528487	0.145103	-1.36894	-9.88767e-05
4.01	0.340369	-0.165698	0.528457	0.145154	-1.369	-8.9613e-05
4.015	0.340353	-0.165684	0.528422	0.145201	-1.36905	-7.79956e-05
4.02	0.340336	-0.16567	0.528382	0.145244	-1.36908	-6.42036e-05
4.025	0.340319	-0.165657	0.528343	0.145288	-1.36912	-5.09531e-05
4.03	0.340305	-0.165642	0.528315	0.145341	-1.36919	-4.33093e-05
4.035	0.340289	-0.165628	0.528281	0.14539	-1.36924	-3.32211e-05
4.04	0.340272	-0.165615	0.528243	0.145435	-1.36928	-2.08734e-05
4.045	0.340254	-0.165602	0.528201	0.145476	-1.3693	-6.43975e-06
4.05	0.340235	-0.16559	0.528154	0.145515	-1.36931	9.91726e-06
4.055	0.340214	-0.165578	0.528105	0.14555	-1.36932	2.80453e-05
4.06	0.340192	-0.165567	0.528052	0.145582	-1.36931	4.78021e-05
4.065	0.340169	-0.165556	0.527995	0.145612	-1.36929	6.90546e-05
4.07	0.340145	-0.165546	0.527936	0.14564	-1.36926	9.16786e-05
4.075	0.340121	-0.165535	0.527875	0.145666	-1.36922	0.000115558
4.08	0.340095	-0.165526	0.527811	0.145689	-1.36918	0.000140586
4.085	0.340069	-0.165516	0.527744	0.145711	-1.36912	0.000166662
4.09	0.340042	-0.165507	0.527676	0.145731	-1.36907	0.000193692
4.095	0.340015	-0.165498	0.527605	0.14575	-1.369	0.000221589
4.1	0.339989	-0.165488	0.527539	0.145772	-1.36895	0.000247356
4.105	0.339969	-0.165476	0.527491	0.145809	-1.36895	0.000265324
4.11	0.339948	-0.165464	0.527438	0.145843	-1.36895	0.000284824
4.115	0.339925	-0.165453	0.527383	0.145875	-1.36893	0.000305729
4.12	0.339904	-0.165441	0.52733	0.145909	-1.36892	0.000325169
4.125	0.339886	-0.165428	0.527289	0.145953	-1.36895	0.000337742
4.13	0.339869	-0.165415	0.527249	0.145998	-1.36898	0.000349756
4.135	0.339855	-0.1654	0.52722	0.146052	-1.36905	0.000356331
4.14	0.339842	-0.165385	0.527191	0.146107	-1.36912	0.000362915
4.145	0.339831	-0.165369	0.527171	0.146169	-1.36921	0.000364866
4.15	0.339819	-0.165354	0.527149	0.146229	-1.3693	0.000367174
4.155	0.33981	-0.165337	0.527135	0.146297	-1.36942	0.000365224
4.16	0.339801	-0.165321	0.527119	0.146363	-1.36953	0.000363977
4.165	0.339793	-0.165304	0.52711	0.146434	-1.36965	0.000358959
4.17	0.339784	-0.165287	0.527097	0.146503	-1.36978	0.000354909
4.175	0.339777	-0.16527	0.527091	0.146577	-1.36991	0.000347456
4.18	0.339769	-0.165253	0.527081	0.146649	-1.37004	0.000341177
4.185	0.339762	-0.165235	0.527077	0.146726	-1.37019	0.000331771
4.19	0.339755	-0.165219	0.527068	0.146799	-1.37032	0.000323978
4.195	0.339748	-0.165201	0.527064	0.146876	-1.37047	0.000313567
4.2	0.339741	-0.165184	0.52706	0.146953	-1.37062	0.000303501
4.205	0.339735	-0.165167	0.527056	0.147031	-1.37077	0.000291773
4.21	0.339728	-0.165149	0.527052	0.147109	-1.37091	0.000280529
4.215	0.339722	-0.165132	0.52705	0.147188	-1.37107	0.000267737
4.22	0.339715	-0.165115	0.527046	0.147266	-1.37121	0.000255528
4.225	0.339708	-0.165098	0.527044	0.147346	-1.37137	0.000241842
4.23	0.339702	-0.165081	0.527041	0.147425	-1.37152	0.000228817
4.235	0.339695	-0.165064	0.527039	0.147505	-1.37167	0.000214368
4.24	0.339688	-0.165046	0.527036	0.147584	-1.37182	0.000200642
4.245	0.339682	-0.165029	0.527035	0.147665	-1.37198	0.000185534
4.25	0.339675	-0.165012	0.527032	0.147745	-1.37213	0.000171202
4.255	0.339668	-0.164995	0.52703	0.147826	-1.37229	0.000155517
4.26	0.339661	-0.164978	0.527028	0.147906	-1.37244	0.000140652
4.265	0.339655	-0.164961	0.527026	0.147988	-1.37259	0.000124457
4.27	0.339647	-0.164945	0.527022	0.148067	-1.37274	0.000110085
4.275	0.339638	-0.164929	0.527011	0.148141	-1.37287	9.77353e-05
4.28	0.339626	-0.164915	0.526994	0.14821	-1.37297	8.84884e-05
4.285	0.339614	-0.164901	0.526973	0.148274	-1.37306	8.10741e-05
4.29	0.339599	-0.164888	0.526946	0.148335	-1.37314	7.50331e-05
4.295	0.339584	-0.164876	0.526918	0.148395	-1.37321	6.64536e-05
4.3	0.33957	-0.164865	0.52689	0.148455	-1.37328	5.72768e-05
4.305	0.339558	-0.164853	0.526873	0.148524	-1.37338	3.97147e-05
4.31	0.339546	-0.164841	0.526854	0.148593	-1.37349	2.23361e-05
4.315	0.339536	-0.164828	0.526844	0.148671	-1.37362	-2.47258e-06
4.32	0.339526	-0.164816	0.526833	0.148747	-1.37374	-2.52006e-05
4.325	0.339519	-0.164802	0.526828	0.148828	-1.37388	-5.1055e-05
4.33	0.33951	-0.164788	0.526822	0.148909	-1.37402	-7.61902e-05
4.335	0.339504	-0.164774	0.526821	0.148995	-1.37418	-0.000106657
4.34	0.339496	-0.164761	0.526818	0.149079	-1.37433	-0.000134738
4.345	0.33949	-0.164746	0.526819	0.149167	-1.3745	-0.000164787
4.35	0.339484	-0.164732	0.526817	0.149252	-1.37465	-0.000192346
4.355	0.339478	-0.164717	0.526819	0.149341	-1.37482	-0.000221929
4.36	0.33947	-0.164702	0.526815	0.149424	-1.37496	-0.0002472
4.365	0.339461	-0.164689	0.526804	0.149501	-1.37509	-0.000269402
4.37	0.33945	-0.164676	0.526788	0.149574	-1.3752	-0.00028779
4.375	0.339438	-0.164664	0.526766	0.149642	-1.37529	-0.000303483
4.38	0.339424	-0.164652	0.52674	0.149705	-1.37536	-0.000315892
4.385	0.339409	-0.164641	0.526709	0.149765	-1.37543	-0.000325872
4.39	0.339392	-0.16463	0.526675	0.149822	-1.37548	-0.000333047
4.395	0.339376	-0.16462	0.526636	0.149875	-1.37551	-0.000338095
4.4	0.339359	-0.164609	0.526599	0.149929	-1.37555	-0.00034285
4.405	0.339345	-0.164597	0.526569	0.149989	-1.37562	-0.000351368
4.41	0.33933	-0.164586	0.526536	0.150047	-1.37567	-0.000357441
4.415	0.339314	-0.164575	0.526499	0.150101	-1.37571	-0.000361528
4.42	0.339298	-0.164563	0.526463	0.150157	-1.37576	-0.000365827
4.425	0.339287	-0.16455	0.526439	0.150223	-1.37584	-0.000376003
4.43	0.339275	-0.164536	0.526415	0.150289	-1.37592	-0.000386043
4.435	0.339267	-0.164521	0.526401	0.150365	-1.37604	-0.00040139
4.44	0.339257	-0.164507	0.526382	0.150435	-1.37613	-0.000413482
4.445	0.339245	-0.164494	0.526358	0.150502	-1.37622	-0.000423499
4.45	0.339232	-0.164481	0.526329	0.150564	-1.37628	-0.000430677
4.455	0.339218	-0.164468	0.526297	0.150623	-1.37634	-0.000436103
4.46	0.339203	-0.164457	0.52626	0.150678	-1.37638	-0.00043908
4.465	0.339187	-0.164445	0.52622	0.150731	-1.37641	-0.000440508
4.47	0.339171	-0.164434	0.526182	0.150786	-1.37645	-0.000442641
4.475	0.33916	-0.16442	0.526157	0.150851	-1.37653	-0.000451324
4.48	0.339147	-0.164407	0.526128	0.150913	-1.37659	-0.000457541
4.485	0.339134	-0.164394	0.526094	0.150972	-1.37665	-0.000461948
4.49	0.339119	-0.164382	0.526057	0.151028	-1.37668	-0.000464009
4.495	0.339103	-0.16437	0.526017	0.15108	-1.37671	-0.000464615
4.5	0.339086	-0.164359	0.525973	0.15113	-1.37673	-0.000463225
4.505	0.339069	-0.164349	0.525927	0.151177	-1.37674	-0.000460738
4.51	0.339052	-0.164338	0.525882	0.151227	-1.37676	-0.000461833
4.515	0.339038	-0.164328	0.52585	0.151288	-1.37681	-0.000477563
4.52	0.339024	-0.164319	0.525817	0.151351	-1.37687	-0.000495693
4.525	0.339012	-0.16431	0.525795	0.151424	-1.37696	-0.000526766
4.53	0.339001	-0.164302	0.525772	0.151497	-1.37704	-0.000557911
4.535	0.338991	-0.164293	0.525757	0.151577	-1.37716	-0.000596614
4.54	0.338981	-0.164284	0.525741	0.151656	-1.37726	-0.00063446
4.545	0.338973	-0.164275	0.525732	0.151743	-1.37739	-0.000679166
4.55	0.338964	-0.164267	0.52572	0.151827	-1.37752	-0.00072251
4.555	0.338956	-0.164258	0.525715	0.151917	-1.37766	-0.000773444
4.56	0.338947	-0.16425	0.525706	0.152006	-1.37779	-0.000823527
4.565	0.33894	-0.164244	0.525702	0.152099	-1.37794	-0.000882501
4.57	0.338931	-0.164237	0.525695	0.15219	-1.37808	-0.000940688
4.575	0.338923	-0.164232	0.525692	0.152286	-1.37823	-0.00100635
4.58	0.338914	-0.164227	0.525687	0.152379	-1.37837	-0.00107036
4.585	0.338906	-0.164223	0.525685	0.152477	-1.37852	-0.0011416
4.59	0.338896	-0.164219	0.525679	0.152572	-1.37867	-0.00120925
4.595	0.338888	-0.164214	0.525677	0.15267	-1.37882	-0.0012807
4.6	0.338878	-0.16421	0.525673	0.152765	-1.37897	-0.00134765
4.605	0.33887	-0.164204	0.525672	0.152864	-1.37913	-0.00141528
4.61	0.338861	-0.164198	0.525668	0.152959	-1.37927	-0.00147811
4.615	0.338853	-0.164191	0.525668	0.153059	-1.37943	-0.00154256
4.62	0.338845	-0.164183	0.525665	0.153155	-1.37959	-0.00160283
4.625	0.338838	-0.164175	0.525667	0.153256	-1.37975	-0.00166483
4.63	0.338829	-0.164167	0.525665	0.153353	-1.37991	-0.00172284
4.635	0.338822	-0.164158	0.525667	0.153453	-1.38007	-0.00178268
4.64	0.338814	-0.164149	0.525665	0.153551	-1.38023	-0.00183874
4.645	0.338808	-0.164139	0.525667	0.153652	-1.3804	-0.0018968
4.65	0.3388	-0.16413	0.525666	0.153749	-1.38055	-0.00195141
4.655	0.338793	-0.164119	0.525669	0.153851	-1.38072	-0.00200864
4.66	0.338785	-0.164109	0.525668	0.153949	-1.38088	-0.00206235
4.665	0.338778	-0.164099	0.52567	0.154051	-1.38105	-0.00211843
4.67	0.338771	-0.164088	0.52567	0.154149	-1.3812	-0.00217134
4.675	0.338764	-0.164077	0.525673	0.154251	-1.38137	-0.00222669
4.68	0.338756	-0.164066	0.525672	0.154349	-1.38153	-0.00227865
4.685	0.33875	-0.164055	0.525674	0.154451	-1.3817	-0.00233317
4.69	0.338742	-0.164045	0.525673	0.15455	-1.38186	-0.00238623
4.695	0.338734	-0.164036	0.525674	0.154652	-1.38202	-0.00244725
4.7	0.338725	-0.164027	0.525672	0.154751	-1.38217	-0.00250639
4.705	0.338717	-0.16402	0.525673	0.154854	-1.38234	-0.00257307
4.71	0.338708	-0.164012	0.52567	0.154954	-1.38249	-0.00263777
4.715	0.338699	-0.164006	0.52567	0.155058	-1.38265	-0.00270901
4.72	0.338689	-0.164	0.525667	0.155158	-1.3828	-0.00277792
4.725	0.33868	-0.163995	0.525667	0.155262	-1.38296	-0.00285103
4.73	0.33867	-0.163989	0.525664	0.155364	-1.38311	-0.00292229
4.735	0.338661	-0.163984	0.525663	0.155468	-1.38327	-0.00299754
4.74	0.338651	-0.163979	0.52566	0.15557	-1.38342	-0.00307084
4.745	0.338641	-0.163975	0.525659	0.155675	-1.38358	-0.003148
4.75	0.338631	-0.16397	0.525656	0.155778	-1.38373	-0.00322307
4.755	0.338622	-0.163966	0.525655	0.155883	-1.38389	-0.00330192
4.76	0.338611	-0.163962	0.525652	0.155986	-1.38404	-0.00337856
4.765	0.338602	-0.163958	0.525651	0.156092	-1.3842	-0.00345891
4.77	0.338591	-0.163954	0.525648	0.156196	-1.38435	-0.00353693
4.775	0.338581	-0.16395	0.525647	0.156303	-1.38451	-0.00361863
4.78	0.338571	-0.163946	0.525644	0.156407	-1.38466	-0.00369789
4.785	0.338561	-0.163943	0.525643	0.156514	-1.38482	-0.0037808
4.79	0.338551	-0.16394	0.52564	0.156619	-1.38497	-0.00386119
4.795	0.338541	-0.163936	0.525639	0.156727	-1.38512	-0.0039452
4.8	0.33853	-0.163933	0.525636	0.156832	-1.38527	-0.00402661
4.805	0.33852	-0.16393	0.525635	0.15694	-1.38543	-0.00411163
4.81	0.33851	-0.163927	0.525631	0.157046	-1.38558	-0.00419397
4.815	0.3385	-0.163924	0.52563	0.157155	-1.38574	-0.00427993
4.82	0.338489	-0.163921	0.525627	0.157261	-1.38589	-0.00436346
4.825	0.338479	-0.163918	0.525626	0.15737	-1.38605	-0.00445118
4.83	0.338468	-0.163915	0.525622	0.157477	-1.3862	-0.0045353
4.835	0.338458	-0.163913	0.525621	0.157586	-1.38635	-0.00462385
4.84	0.338447	-0.163911	0.525615	0.157691	-1.3865	-0.00470782
4.845	0.338437	-0.163909	0.525613	0.1578	-1.38665	-0.00479666
4.85	0.338425	-0.163907	0.525607	0.157906	-1.38679	-0.00488197
4.855	0.338414	-0.163905	0.525602	0.158012	-1.38694	-0.00496909
4.86	0.338403	-0.163903	0.525597	0.158119	-1.38708	-0.00505559
4.865	0.338392	-0.163902	0.525593	0.158226	-1.38723	-0.0051453
4.87	0.338382	-0.1639	0.525588	0.158334	-1.38737	-0.00523433
4.875	0.338371	-0.163899	0.525584	0.158442	-1.38752	-0.00532527
4.88	0.33836	-0.163897	0.525579	0.15855	-1.38767	-0.00541474
4.885	0.338349	-0.163896	0.525575	0.15866	-1.38781	-0.00550689
4.89	0.338339	-0.163895	0.525571	0.158769	-1.38796	-0.00559789
4.895	0.338328	-0.163893	0.525568	0.158879	-1.38811	-0.00568978
4.9	0.338318	-0.163892	0.525564	0.158989	-1.38826	-0.00578044
4.905	0.338308	-0.16389	0.525563	0.159102	-1.38842	-0.00587446
4.91	0.338298	-0.163888	0.52556	0.159213	-1.38857	-0.00596741
4.915	0.338288	-0.163887	0.525559	0.159327	-1.38873	-0.0060635
4.92	0.338278	-0.163885	0.525557	0.15944	-1.38888	-0.00615828
4.925	0.338269	-0.163884	0.525556	0.159555	-1.38904	-0.00625603
4.93	0.338259	-0.163883	0.525554	0.159669	-1.38919	-0.00635231
4.935	0.338249	-0.163882	0.525554	0.159785	-1.38935	-0.00645144
4.94	0.338239	-0.16388	0.525552	0.1599	-1.38951	-0.00654896
4.945	0.33823	-0.163879	0.525552	0.160017	-1.38967	-0.00664926
4.95	0.33822	-0.163878	0.525551	0.160132	-1.38982	-0.00674783
4.955	0.338211	-0.163877	0.525551	0.16025	-1.38998	-0.00684914
4.96	0.338201	-0.163876	0.52555	0.160366	-1.39014	-0.00694863
4.965	0.338192	-0.163875	0.52555	0.160484	-1.3903	-0.00705082
4.97	0.338182	-0.163874	0.525549	0.160601	-1.39046	-0.00715112
4.975	0.338173	-0.163874	0.525549	0.160719	-1.39062	-0.00725411
4.98	0.338163	-0.163873	0.525548	0.160837	-1.39078	-0.00735514
4.985	0.338153	-0.163872	0.525548	0.160956	-1.39094	-0.00745884
4.99	0.338144	-0.163871	0.525547	0.161074	-1.39109	-0.00756054
4.995	0.338134	-0.16387	0.525547	0.161194	-1.39126	-0.00766492
5.0	0.338125	-0.163869	0.525546	0.161312	-1.39141	-0.00776724
5.005	0.338115	-0.163869	0.525546	0.161433	-1.39157	-0.00787224
5.01	0.338105	-0.163868	0.525545	0.161552	-1.39173	-0.00797515
5.015	0.338096	-0.163867	0.525545	0.161673	-1.39189	-0.00808075
5.02	0.338086	-0.163866	0.525544	0.161792	-1.39205	-0.00818422
5.025	0.338077	-0.163865	0.525545	0.161913	-1.39221	-0.00829046
5.03	0.338067	-0.163865	0.525544	0.162034	-1.39237	-0.00839472
5.035	0.338058	-0.163864	0.525544	0.162156	-1.39253	-0.00850164
5.04	0.338048	-0.163863	0.525543	0.162277	-1.39269	-0.00860623
5.045	0.338039	-0.163862	0.525544	0.162399	-1.39285	-0.00871364
5.05	0.338029	-0.163861	0.525543	0.162521	-1.393	-0.00881858
5.055	0.33802	-0.16386	0.525543	0.162644	-1.39317	-0.00892642
5.06	0.338011	-0.163859	0.525543	0.162766	-1.39332	-0.00903191
5.065	0.338002	-0.163858	0.525543	0.16289	-1.39349	-0.00914028
5.07	0.337993	-0.163857	0.525543	0.163012	-1.39364	-0.00924642
5.075	0.337984	-0.163856	0.525544	0.163137	-1.39381	-0.0093552
5.08	0.337974	-0.163854	0.525543	0.163259	-1.39397	-0.00945866
5.085	0.337966	-0.163852	0.525543	0.163383	-1.39413	-0.00956212
5.09	0.337956	-0.163849	0.525542	0.163505	-1.39428	-0.00966084
5.095	0.337948	-0.163845	0.525542	0.163628	-1.39444	-0.00976017
5.1	0.337938	-0.163841	0.52554	0.163748	-1.3946	-0.0098547
5.105	0.33793	-0.163837	0.525537	0.163867	-1.39475	-0.00994809
5.11	0.337921	-0.163831	0.525535	0.163987	-1.3949	-0.0100376
5.115	0.337912	-0.163826	0.525535	0.164109	-1.39506	-0.0101308
5.12	0.337903	-0.163821	0.525533	0.16423	-1.39521	-0.0102215
5.125	0.337895	-0.163816	0.525532	0.164352	-1.39537	-0.0103156
5.13	0.337886	-0.16381	0.52553	0.164473	-1.39552	-0.0104073
5.135	0.337877	-0.163805	0.525529	0.164596	-1.39568	-0.0105021
5.14	0.337868	-0.1638	0.525527	0.164718	-1.39583	-0.0105946
5.145	0.337859	-0.163795	0.525526	0.164841	-1.39599	-0.0106899
5.15	0.337849	-0.16379	0.525524	0.164963	-1.39614	-0.010783
5.155	0.33784	-0.163785	0.525523	0.165087	-1.3963	-0.0108789
5.16	0.337831	-0.16378	0.525521	0.165209	-1.39645	-0.0109726
5.165	0.337822	-0.163775	0.52552	0.165334	-1.39661	-0.0110688
5.17	0.337813	-0.16377	0.525518	0.165456	-1.39676	-0.011163
5.175	0.337804	-0.163766	0.525517	0.165581	-1.39692	-0.0112596
5.18	0.337795	-0.163761	0.525515	0.165704	-1.39707	-0.0113543
5.185	0.337786	-0.163756	0.525514	0.165829	-1.39723	-0.0114511
5.19	0.337776	-0.163751	0.525512	0.165953	-1.39738	-0.0115462
5.195	0.337767	-0.163746	0.525511	0.166078	-1.39754	-0.0116434
5.2	0.337758	-0.16374	0.525509	0.166203	-1.39769	-0.0117387
5.205	0.337749	-0.163736	0.525508	0.166328	-1.39785	-0.0118363
5.21	0.337739	-0.163731	0.525505	0.166453	-1.398	-0.0119323
5.215	0.33773	-0.163725	0.525504	0.166578	-1.39815	-0.0120292
5.22	0.337721	-0.16372	0.525502	0.166703	-1.39831	-0.0121235
5.225	0.337712	-0.163715	0.525501	0.166831	-1.39847	-0.0122231
5.23	0.337703	-0.16371	0.525499	0.166956	-1.39862	-0.0123188
5.235	0.337694	-0.163705	0.525499	0.167085	-1.39878	-0.0124214
5.24	0.337684	-0.163701	0.525496	0.167211	-1.39893	-0.0125207
5.245	0.337675	-0.163697	0.525497	0.167342	-1.39909	-0.0126265
5.25	0.337666	-0.163693	0.525495	0.167469	-1.39924	-0.0127288
5.255	0.337657	-0.16369	0.525495	0.167601	-1.3994	-0.0128375
5.26	0.337647	-0.163686	0.525493	0.167729	-1.39956	-0.0129412
5.265	0.337638	-0.163682	0.525493	0.16786	-1.39972	-0.0130473
5.27	0.337628	-0.163678	0.525491	0.167988	-1.39987	-0.0131488
5.275	0.33762	-0.163673	0.525491	0.16812	-1.40003	-0.0132528
5.28	0.33761	-0.163668	0.525489	0.168247	-1.40018	-0.0133524
5.285	0.337602	-0.163663	0.525489	0.168379	-1.40034	-0.0134545
5.29	0.337592	-0.163658	0.525487	0.168508	-1.40049	-0.0135558
5.295	0.337585	-0.163655	0.52549	0.168645	-1.40066	-0.0136724
5.3	0.337576	-0.163653	0.52549	0.168779	-1.40082	-0.0137848
5.305	0.337569	-0.16365	0.525494	0.168919	-1.401	-0.013905
5.31	0.33756	-0.163648	0.525496	0.169056	-1.40116	-0.0140227
5.315	0.337554	-0.163648	0.525502	0.169201	-1.40134	-0.0141541
5.32	0.337546	-0.163648	0.525505	0.169341	-1.40151	-0.0142818
5.325	0.337539	-0.163649	0.525512	0.169489	-1.40169	-0.0144219
5.33	0.337532	-0.16365	0.525515	0.169632	-1.40186	-0.0145534
5.335	0.337525	-0.163649	0.52552	0.169777	-1.40204	-0.0146845
5.34	0.337516	-0.163648	0.525522	0.169916	-1.4022	-0.0148079
5.345	0.337509	-0.163647	0.525525	0.170057	-1.40237	-0.0149314
5.35	0.337501	-0.163644	0.525524	0.170194	-1.40253	-0.0150476
5.355	0.337493	-0.163642	0.525526	0.170333	-1.40269	-0.0151656
5.36	0.337484	-0.163639	0.525524	0.170467	-1.40284	-0.0152773
5.365	0.337476	-0.163635	0.525524	0.170604	-1.403	-0.0153915
5.37	0.337467	-0.163632	0.52552	0.170737	-1.40315	-0.0155001
5.375	0.337459	-0.163628	0.525519	0.170873	-1.40331	-0.0156116
5.38	0.33745	-0.163625	0.525516	0.171006	-1.40345	-0.0157229
5.385	0.337442	-0.163624	0.525518	0.17115	-1.40362	-0.0158519
5.39	0.337434	-0.163624	0.525517	0.171289	-1.40377	-0.0159771
5.395	0.337427	-0.163624	0.52552	0.171435	-1.40394	-0.0161123
5.4	0.33742	-0.163625	0.52552	0.171577	-1.4041	-0.0162429
5.405	0.337413	-0.163626	0.525524	0.171725	-1.40427	-0.0163826
5.41	0.337406	-0.163627	0.525524	0.171869	-1.40443	-0.0165172
5.415	0.337399	-0.163629	0.525528	0.172019	-1.4046	-0.0166604
5.42	0.337392	-0.163631	0.525529	0.172165	-1.40476	-0.0167982
5.425	0.337386	-0.163633	0.525533	0.172316	-1.40494	-0.0169442
5.43	0.337378	-0.163636	0.525534	0.172463	-1.4051	-0.0170863
5.435	0.337373	-0.16364	0.52554	0.172619	-1.40528	-0.0172418
5.44	0.337366	-0.163644	0.525542	0.172769	-1.40544	-0.0173907
5.445	0.33736	-0.163648	0.525547	0.172925	-1.40562	-0.0175464
5.45	0.337353	-0.163651	0.525549	0.173074	-1.40578	-0.0176932
5.455	0.337346	-0.163653	0.525552	0.173226	-1.40595	-0.0178399
5.46	0.337338	-0.163655	0.525552	0.173373	-1.40611	-0.0179786
5.465	0.337331	-0.163656	0.525553	0.173522	-1.40627	-0.018119
5.47	0.337323	-0.163657	0.525551	0.173666	-1.40642	-0.0182522
5.475	0.337316	-0.163657	0.525552	0.173814	-1.40658	-0.0183878
5.48	0.337307	-0.163657	0.52555	0.173958	-1.40673	-0.018519
5.485	0.3373	-0.163658	0.525551	0.174108	-1.4069	-0.0186593
5.49	0.337292	-0.163659	0.52555	0.174256	-1.40705	-0.018797
5.495	0.337286	-0.163662	0.525554	0.174412	-1.40722	-0.0189498
5.5	0.337279	-0.163665	0.525555	0.174564	-1.40739	-0.0190988
5.505	0.337272	-0.16367	0.52556	0.174724	-1.40756	-0.0192611
5.51	0.337265	-0.163674	0.525562	0.174879	-1.40772	-0.0194164
5.515	0.337259	-0.163679	0.525567	0.175039	-1.4079	-0.0195775
5.52	0.337252	-0.163682	0.525569	0.175193	-1.40806	-0.0197292
5.525	0.337245	-0.163684	0.525571	0.17535	-1.40823	-0.0198797
5.53	0.337237	-0.163686	0.525571	0.1755	-1.40838	-0.0200218
5.535	0.33723	-0.163687	0.525572	0.175653	-1.40855	-0.0201651
5.54	0.337222	-0.163687	0.525571	0.175803	-1.4087	-0.0203025
5.545	0.337214	-0.163686	0.525571	0.175954	-1.40886	-0.02044
5.55	0.337206	-0.163686	0.52557	0.176104	-1.40902	-0.0205741
5.555	0.337198	-0.163684	0.525569	0.176253	-1.40917	-0.0207061
5.56	0.33719	-0.163682	0.525568	0.176402	-1.40933	-0.0208371
5.565	0.337182	-0.163681	0.525566	0.176551	-1.40948	-0.0209679
5.57	0.337175	-0.163682	0.525568	0.176707	-1.40964	-0.0211146
5.575	0.337167	-0.163682	0.525567	0.17686	-1.4098	-0.0212562
5.58	0.33716	-0.163682	0.525571	0.177019	-1.40997	-0.0214035
5.585	0.337153	-0.163683	0.525572	0.177176	-1.41013	-0.0215495
5.59	0.337145	-0.163684	0.525575	0.177335	-1.4103	-0.0216977
5.595	0.337138	-0.163685	0.525578	0.177495	-1.41047	-0.0218502
5.6	0.337131	-0.163687	0.525581	0.177657	-1.41064	-0.0220052
5.605	0.337123	-0.163688	0.525584	0.177818	-1.4108	-0.0221572
5.61	0.337115	-0.163689	0.525587	0.177979	-1.41097	-0.022308
5.615	0.337107	-0.16369	0.525588	0.178137	-1.41113	-0.0224563
5.62	0.3371	-0.163691	0.525591	0.1783	-1.4113	-0.0226111
5.625	0.337092	-0.163692	0.525593	0.17846	-1.41147	-0.0227622
5.63	0.337085	-0.163694	0.525596	0.178625	-1.41164	-0.0229196
5.635	0.337077	-0.163695	0.525598	0.178785	-1.4118	-0.0230709
5.64	0.337069	-0.163696	0.5256	0.178947	-1.41197	-0.0232208
5.645	0.33706	-0.163695	0.525599	0.179104	-1.41212	-0.0233647
5.65	0.337052	-0.163695	0.525598	0.179261	-1.41228	-0.0235079
5.655	0.337043	-0.163694	0.525597	0.179416	-1.41243	-0.0236482
5.66	0.337034	-0.163693	0.525596	0.179573	-1.41259	-0.023788
5.665	0.337026	-0.163691	0.525595	0.17973	-1.41274	-0.0239271
5.67	0.337017	-0.16369	0.525595	0.179889	-1.4129	-0.0240697
5.675	0.337008	-0.163689	0.525594	0.180047	-1.41306	-0.024212
5.68	0.337	-0.163689	0.525595	0.180209	-1.41322	-0.0243609
5.685	0.336991	-0.163688	0.525596	0.180371	-1.41338	-0.0245094
5.69	0.336983	-0.163688	0.525598	0.180535	-1.41354	-0.0246599
5.695	0.336975	-0.163688	0.525599	0.180699	-1.41371	-0.0248097
5.7	0.336966	-0.163688	0.525601	0.180864	-1.41387	-0.0249623
5.705	0.336958	-0.163688	0.525602	0.181029	-1.41403	-0.0251166
5.71	0.33695	-0.163689	0.525605	0.181196	-1.4142	-0.0252731
5.715	0.336942	-0.163689	0.525606	0.181363	-1.41436	-0.0254285
5.72	0.336934	-0.16369	0.525609	0.181531	-1.41453	-0.025588
5.725	0.336926	-0.163693	0.525612	0.181703	-1.4147	-0.0257535
5.73	0.336918	-0.163694	0.525615	0.181873	-1.41487	-0.025917
5.735	0.336909	-0.163696	0.525615	0.182038	-1.41503	-0.0260737
5.74	0.336901	-0.163698	0.525619	0.182211	-1.4152	-0.02624
5.745	0.336893	-0.1637	0.525618	0.182378	-1.41535	-0.0264007
5.75	0.336885	-0.163704	0.525623	0.182554	-1.41553	-0.0265774
5.755	0.336877	-0.163708	0.525626	0.182729	-1.4157	-0.0267512
5.76	0.336869	-0.163711	0.525629	0.182903	-1.41586	-0.0269239
5.765	0.336862	-0.163713	0.525631	0.183075	-1.41603	-0.0270897
5.77	0.336853	-0.163714	0.525632	0.183243	-1.41619	-0.0272469
5.775	0.336846	-0.163712	0.525632	0.183411	-1.41635	-0.0273985
5.78	0.336837	-0.16371	0.525631	0.183575	-1.4165	-0.0275429
5.785	0.336829	-0.163706	0.52563	0.183739	-1.41666	-0.0276829
5.79	0.336821	-0.163702	0.525629	0.183902	-1.41681	-0.027822
5.795	0.336814	-0.1637	0.525629	0.18407	-1.41697	-0.0279715
5.8	0.336805	-0.163698	0.525627	0.184235	-1.41712	-0.0281168
5.805	0.336798	-0.163697	0.525628	0.184406	-1.41728	-0.0282724
5.81	0.33679	-0.163697	0.52563	0.184579	-1.41745	-0.0284333
5.815	0.336783	-0.163696	0.525632	0.184754	-1.41761	-0.0285931
5.82	0.336775	-0.163696	0.525635	0.184929	-1.41778	-0.0287551
5.825	0.336768	-0.163696	0.525638	0.185106	-1.41795	-0.0289181
5.83	0.336761	-0.163696	0.525642	0.185285	-1.41812	-0.0290884
5.835	0.336754	-0.163698	0.525647	0.185466	-1.41829	-0.029261
5.84	0.336747	-0.163699	0.525651	0.185648	-1.41846	-0.0294351
5.845	0.33674	-0.163699	0.525655	0.185829	-1.41863	-0.0296038
5.85	0.336732	-0.163698	0.525657	0.186005	-1.4188	-0.0297652
5.855	0.336724	-0.163696	0.525658	0.186179	-1.41896	-0.0299192
5.86	0.336717	-0.163692	0.525658	0.186351	-1.41912	-0.0300677
5.865	0.336708	-0.163687	0.525657	0.18652	-1.41927	-0.0302101
5.87	0.336701	-0.163682	0.525656	0.186688	-1.41942	-0.030348
5.875	0.336693	-0.163676	0.525655	0.186857	-1.41958	-0.0304861
5.88	0.336685	-0.163672	0.525655	0.18703	-1.41974	-0.0306356
5.885	0.336677	-0.163668	0.525656	0.187205	-1.4199	-0.0307868
5.89	0.336671	-0.163667	0.52566	0.187388	-1.42007	-0.0309556
5.895	0.336664	-0.163665	0.525662	0.187568	-1.42023	-0.031117
5.9	0.336659	-0.163661	0.52567	0.187757	-1.42042	-0.0312805
5.905	0.336653	-0.163656	0.525676	0.187941	-1.42059	-0.0314365
5.91	0.336649	-0.163648	0.525686	0.188133	-1.42078	-0.0315947
5.915	0.336644	-0.16364	0.525694	0.18832	-1.42096	-0.0317453
5.92	0.336641	-0.163631	0.525706	0.188515	-1.42116	-0.0318986
5.925	0.336636	-0.163621	0.525714	0.188701	-1.42134	-0.0320437
5.93	0.336631	-0.163611	0.525722	0.188889	-1.42153	-0.0321886
5.935	0.336625	-0.1636	0.525726	0.189069	-1.4217	-0.0323251
5.94	0.336619	-0.16359	0.525731	0.18925	-1.42187	-0.0324622
5.945	0.336613	-0.163579	0.525732	0.189425	-1.42203	-0.0325924
5.95	0.336606	-0.163568	0.525732	0.189598	-1.42219	-0.03272
5.955	0.336599	-0.163558	0.52573	0.189768	-1.42234	-0.0328443
5.96	0.336592	-0.163547	0.525728	0.189937	-1.42249	-0.0329668
5.965	0.336584	-0.163536	0.525723	0.190102	-1.42263	-0.0330863
5.97	0.336577	-0.163525	0.525721	0.190271	-1.42278	-0.0332089
5.975	0.336569	-0.163514	0.525717	0.190437	-1.42293	-0.0333276
5.98	0.336562	-0.163502	0.525715	0.190607	-1.42308	-0.0334496
5.985	0.336554	-0.16349	0.525711	0.190774	-1.42322	-0.0335678
5.99	0.336546	-0.163478	0.525709	0.190945	-1.42337	-0.0336894
5.995	0.336538	-0.163466	0.525705	0.191112	-1.42352	-0.0338067
6.0	0.336531	-0.163454	0.525702	0.191282	-1.42367	-0.0339266
6.005	0.336522	-0.163441	0.525697	0.191448	-1.42381	-0.0340416
