0.0	0.310429	-0.173769	0.537008	0.180534	-1.45468	-0.24872
0.005	0.310429	-0.173769	0.537008	0.180534	-1.45468	-0.24872
0.01	0.310429	-0.173769	0.537008	0.180534	-1.45468	-0.24872
0.015	0.310429	-0.173769	0.537008	0.180534	-1.45468	-0.24872
0.02	0.31043	-0.173769	0.537008	0.180534	-1.45468	-0.24872
0.025	0.310432	-0.173769	0.537008	0.180534	-1.45468	-0.24872
0.03	0.310434	-0.173769	0.537008	0.180534	-1.45468	-0.24872
0.035	0.310436	-0.173769	0.537008	0.180534	-1.45468	-0.24872
0.04	0.310439	-0.173769	0.537009	0.180534	-1.45468	-0.24872
0.045	0.310442	-0.173769	0.537009	0.180534	-1.45468	-0.24872
0.05	0.310446	-0.173769	0.537009	0.180534	-1.45468	-0.24872
0.055	0.31045	-0.17377	0.537009	0.180534	-1.45468	-0.24872
0.06	0.310455	-0.17377	0.537009	0.180534	-1.45468	-0.24872
0.065	0.31046	-0.17377	0.53701	0.180534	-1.45468	-0.24872
0.07	0.310465	-0.17377	0.53701	0.180534	-1.45468	-0.24872
0.075	0.310471	-0.17377	0.53701	0.180534	-1.45468	-0.24872
0.08	0.310478	-0.17377	0.53701	0.180534	-1.45468	-0.24872
0.085	0.310484	-0.17377	0.537011	0.180534	-1.45468	-0.24872
0.09	0.310491	-0.173771	0.537011	0.180534	-1.45468	-0.24872
0.095	0.310499	-0.173771	0.537012	0.180534	-1.45468	-0.24872
0.1	0.310507	-0.173771	0.537012	0.180534	-1.45468	-0.24872
0.105	0.310516	-0.173771	0.537012	0.180534	-1.45468	-0.24872
0.11	0.310525	-0.173771	0.537013	0.180534	-1.45468	-0.24872
0.115	0.310535	-0.173772	0.537013	0.180534	-1.45468	-0.24872
0.12	0.310545	-0.173772	0.537014	0.180534	-1.45468	-0.24872
0.125	0.310555	-0.173772	0.537014	0.180534	-1.45468	-0.24872
0.13	0.310566	-0.173772	0.537015	0.180534	-1.45468	-0.24872
0.135	0.310577	-0.173773	0.537015	0.180534	-1.45468	-0.24872
0.14	0.310589	-0.173773	0.537016	0.180534	-1.45468	-0.24872
0.145	0.310601	-0.173773	0.537017	0.180534	-1.45468	-0.24872
0.15	0.310613	-0.173774	0.537017	0.180534	-1.45468	-0.24872
0.155	0.310626	-0.173774	0.537018	0.180534	-1.45468	-0.24872
0.16	0.31064	-0.173774	0.537018	0.180534	-1.45468	-0.24872
0.165	0.310591	-0.173759	0.537	0.178912	-1.45354	-0.246485
0.17	0.310605	-0.173759	0.537001	0.178912	-1.45354	-0.246485
0.175	0.31062	-0.17376	0.537002	0.178912	-1.45354	-0.246485
0.18	0.310635	-0.17376	0.537002	0.178912	-1.45354	-0.246485
0.185	0.310651	-0.17376	0.537003	0.178912	-1.45354	-0.246485
0.19	0.310667	-0.173761	0.537004	0.178912	-1.45354	-0.246485
0.195	0.310683	-0.173761	0.537005	0.178912	-1.45354	-0.246485
0.2	0.3107	-0.173762	0.537005	0.178912	-1.45354	-0.246485
0.205	0.310717	-0.173762	0.537006	0.178912	-1.45354	-0.246485
0.21	0.310735	-0.173762	0.537007	0.178912	-1.45354	-0.246485
0.215	0.310753	-0.173763	0.537008	0.178912	-1.45354	-0.246485
0.22	0.310771	-0.173763	0.537009	0.178912	-1.45354	-0.246485
0.225	0.310729	-0.173749	0.536991	0.177312	-1.45242	-0.244282
0.23	0.310748	-0.173749	0.536992	0.177312	-1.45242	-0.244282
0.235	0.310768	-0.173749	0.536993	0.177312	-1.45242	-0.244282
0.24	0.310788	-0.17375	0.536994	0.177312	-1.45242	-0.244282
0.245	0.310809	-0.17375	0.536995	0.177312	-1.45242	-0.244282
0.25	0.31083	-0.173751	0.536996	0.177312	-1.45242	-0.244282
0.255	0.310851	-0.173751	0.536997	0.177312	-1.45242	-0.244282
0.26	0.310873	-0.173752	0.536998	0.177312	-1.45242	-0.244282
0.265	0.310895	-0.173752	0.536999	0.177312	-1.45242	-0.244282
0.27	0.310918	-0.173753	0.537	0.177312	-1.45242	-0.244282
0.275	0.310876	-0.173738	0.536982	0.175618	-1.45123	-0.241947
0.28	0.3109	-0.173738	0.536983	0.175618	-1.45123	-0.241947
0.285	0.310924	-0.173739	0.536984	0.175618	-1.45123	-0.241947
0.29	0.310948	-0.173739	0.536985	0.175618	-1.45123	-0.241947
0.295	0.310973	-0.17374	0.536986	0.175618	-1.45123	-0.241947
0.3	0.310998	-0.17374	0.536988	0.175618	-1.45123	-0.241947
0.305	0.311024	-0.173741	0.536989	0.175618	-1.45123	-0.241947
0.31	0.31105	-0.173741	0.53699	0.175618	-1.45123	-0.241947
0.315	0.311014	-0.173727	0.536973	0.174005	-1.4501	-0.239724
0.32	0.311041	-0.173728	0.536974	0.174005	-1.4501	-0.239724
0.325	0.311068	-0.173728	0.536975	0.174005	-1.4501	-0.239724
0.33	0.311096	-0.173729	0.536977	0.174005	-1.4501	-0.239724
0.335	0.311124	-0.173729	0.536978	0.174005	-1.4501	-0.239724
0.34	0.311153	-0.17373	0.536979	0.174005	-1.4501	-0.239724
0.345	0.311181	-0.17373	0.536981	0.174005	-1.4501	-0.239724
0.35	0.31115	-0.173717	0.536964	0.172425	-1.44899	-0.237548
0.355	0.31118	-0.173717	0.536965	0.172425	-1.44899	-0.237548
0.36	0.31121	-0.173718	0.536967	0.172425	-1.44899	-0.237548
0.365	0.31124	-0.173719	0.536968	0.172425	-1.44899	-0.237548
0.37	0.311271	-0.173719	0.53697	0.172425	-1.44899	-0.237548
0.375	0.311302	-0.17372	0.536971	0.172425	-1.44899	-0.237548
0.38	0.311334	-0.17372	0.536973	0.172425	-1.44899	-0.237548
0.385	0.3113	-0.173706	0.536954	0.170708	-1.44779	-0.235182
0.39	0.311332	-0.173706	0.536956	0.170708	-1.44779	-0.235182
0.395	0.311365	-0.173707	0.536957	0.170708	-1.44779	-0.235182
0.4	0.311399	-0.173707	0.536959	0.170708	-1.44779	-0.235182
0.405	0.311432	-0.173708	0.536961	0.170708	-1.44779	-0.235182
0.41	0.311466	-0.173708	0.536962	0.170708	-1.44779	-0.235182
0.415	0.311438	-0.173695	0.536945	0.169088	-1.44665	-0.232951
0.42	0.311473	-0.173696	0.536947	0.169088	-1.44665	-0.232951
0.425	0.311508	-0.173696	0.536948	0.169088	-1.44665	-0.232951
0.43	0.311544	-0.173697	0.53695	0.169088	-1.44665	-0.232951
0.435	0.31158	-0.173697	0.536952	0.169088	-1.44665	-0.232951
0.44	0.311616	-0.173698	0.536954	0.169088	-1.44665	-0.232951
0.445	0.311587	-0.173684	0.536936	0.16738	-1.44546	-0.230597
0.45	0.311624	-0.173685	0.536937	0.16738	-1.44546	-0.230597
0.455	0.311661	-0.173685	0.536939	0.16738	-1.44546	-0.230597
0.46	0.311699	-0.173686	0.536941	0.16738	-1.44546	-0.230597
0.465	0.311738	-0.173686	0.536943	0.16738	-1.44546	-0.230597
0.47	0.311776	-0.173687	0.536945	0.16738	-1.44546	-0.230597
0.475	0.311745	-0.173672	0.536926	0.165564	-1.44418	-0.228096
0.48	0.311784	-0.173673	0.536927	0.165564	-1.44418	-0.228096
0.485	0.311824	-0.173673	0.536929	0.165564	-1.44418	-0.228096
0.49	0.311864	-0.173674	0.536931	0.165564	-1.44418	-0.228096
0.495	0.311905	-0.173674	0.536933	0.165564	-1.44418	-0.228096
0.5	0.311882	-0.173662	0.536916	0.163939	-1.44304	-0.225857
0.505	0.311924	-0.173662	0.536918	0.163939	-1.44304	-0.225857
0.51	0.311965	-0.173663	0.53692	0.163939	-1.44304	-0.225857
0.515	0.312007	-0.173663	0.536922	0.163939	-1.44304	-0.225857
0.52	0.312049	-0.173664	0.536924	0.163939	-1.44304	-0.225857
0.525	0.312027	-0.173651	0.536907	0.162268	-1.44187	-0.223555
0.53	0.31207	-0.173651	0.536909	0.162268	-1.44187	-0.223555
0.535	0.312113	-0.173652	0.536911	0.162268	-1.44187	-0.223555
0.54	0.312157	-0.173652	0.536913	0.162268	-1.44187	-0.223555
0.545	0.312201	-0.173653	0.536915	0.162268	-1.44187	-0.223555
0.55	0.312178	-0.17364	0.536897	0.16053	-1.44065	-0.22116
0.555	0.312223	-0.17364	0.536899	0.16053	-1.44065	-0.22116
0.56	0.312268	-0.17364	0.536902	0.16053	-1.44065	-0.22116
0.565	0.312313	-0.173641	0.536904	0.16053	-1.44065	-0.22116
0.57	0.312359	-0.173641	0.536906	0.16053	-1.44065	-0.22116
0.575	0.312335	-0.173628	0.536887	0.158723	-1.43939	-0.21867
0.58	0.312381	-0.173628	0.536889	0.158723	-1.43939	-0.21867
0.585	0.312428	-0.173629	0.536892	0.158723	-1.43939	-0.21867
0.59	0.312475	-0.173629	0.536894	0.158723	-1.43939	-0.21867
0.595	0.312523	-0.173629	0.536896	0.158723	-1.43939	-0.21867
0.6	0.312497	-0.173616	0.536877	0.156849	-1.43807	-0.216089
0.605	0.312545	-0.173616	0.536879	0.156849	-1.43807	-0.216089
0.61	0.312594	-0.173616	0.536881	0.156849	-1.43807	-0.216089
0.615	0.312643	-0.173617	0.536883	0.156849	-1.43807	-0.216089
0.62	0.31263	-0.173605	0.536868	0.155264	-1.43696	-0.213905
0.625	0.312679	-0.173606	0.53687	0.155264	-1.43696	-0.213905
0.63	0.312729	-0.173606	0.536872	0.155264	-1.43696	-0.213905
0.635	0.312779	-0.173606	0.536875	0.155264	-1.43696	-0.213905
0.64	0.312767	-0.173595	0.536859	0.153672	-1.43585	-0.211712
0.645	0.312818	-0.173595	0.536861	0.153672	-1.43585	-0.211712
0.65	0.312869	-0.173595	0.536864	0.153672	-1.43585	-0.211712
0.655	0.31292	-0.173596	0.536866	0.153672	-1.43585	-0.211712
0.66	0.312908	-0.173585	0.53685	0.152044	-1.4347	-0.209469
0.665	0.31296	-0.173585	0.536852	0.152044	-1.4347	-0.209469
0.67	0.313012	-0.173585	0.536855	0.152044	-1.4347	-0.209469
0.675	0.313065	-0.173585	0.536857	0.152044	-1.4347	-0.209469
0.68	0.313053	-0.173574	0.536841	0.150377	-1.43353	-0.207173
0.685	0.313106	-0.173574	0.536843	0.150377	-1.43353	-0.207173
0.69	0.313159	-0.173574	0.536845	0.150377	-1.43353	-0.207173
0.695	0.313213	-0.173574	0.536848	0.150377	-1.43353	-0.207173
0.7	0.3132	-0.173563	0.536831	0.148673	-1.43234	-0.204825
0.705	0.313254	-0.173563	0.536834	0.148673	-1.43234	-0.204825
0.71	0.313309	-0.173562	0.536836	0.148673	-1.43234	-0.204825
0.715	0.313364	-0.173562	0.536838	0.148673	-1.43234	-0.204825
0.72	0.313351	-0.173551	0.536821	0.146932	-1.43112	-0.202427
0.725	0.313406	-0.173551	0.536824	0.146932	-1.43112	-0.202427
0.73	0.313462	-0.173551	0.536826	0.146932	-1.43112	-0.202427
0.735	0.313518	-0.173551	0.536829	0.146932	-1.43112	-0.202427
0.74	0.313504	-0.17354	0.536812	0.145156	-1.42987	-0.199979
0.745	0.313561	-0.17354	0.536814	0.145156	-1.42987	-0.199979
0.75	0.313618	-0.173539	0.536816	0.145156	-1.42987	-0.199979
0.755	0.313675	-0.173539	0.536819	0.145156	-1.42987	-0.199979
0.76	0.313661	-0.173528	0.536801	0.143345	-1.4286	-0.197485
0.765	0.313719	-0.173528	0.536804	0.143345	-1.4286	-0.197485
0.77	0.313777	-0.173527	0.536806	0.143345	-1.4286	-0.197485
0.775	0.313835	-0.173527	0.536809	0.143345	-1.4286	-0.197485
0.78	0.313821	-0.173516	0.536791	0.141501	-1.42731	-0.194944
0.785	0.313879	-0.173516	0.536794	0.141501	-1.42731	-0.194944
0.79	0.313938	-0.173515	0.536796	0.141501	-1.42731	-0.194944
0.795	0.313997	-0.173515	0.536799	0.141501	-1.42731	-0.194944
0.8	0.313983	-0.173504	0.536781	0.139625	-1.426	-0.19236
0.805	0.314043	-0.173503	0.536783	0.139625	-1.426	-0.19236
0.81	0.314102	-0.173503	0.536786	0.139625	-1.426	-0.19236
0.815	0.314162	-0.173502	0.536788	0.139625	-1.426	-0.19236
0.82	0.314148	-0.173491	0.53677	0.137718	-1.42466	-0.189732
0.825	0.314208	-0.173491	0.536773	0.137718	-1.42466	-0.189732
0.83	0.314269	-0.17349	0.536775	0.137718	-1.42466	-0.189732
0.835	0.31433	-0.17349	0.536778	0.137718	-1.42466	-0.189732
0.84	0.314315	-0.173479	0.536759	0.135781	-1.4233	-0.187064
0.845	0.314377	-0.173478	0.536762	0.135781	-1.4233	-0.187064
0.85	0.314438	-0.173477	0.536764	0.135781	-1.4233	-0.187064
0.855	0.3145	-0.173477	0.536767	0.135781	-1.4233	-0.187064
0.86	0.314485	-0.173466	0.536748	0.133816	-1.42192	-0.184357
0.865	0.314548	-0.173465	0.536751	0.133816	-1.42192	-0.184357
0.87	0.31461	-0.173464	0.536753	0.133816	-1.42192	-0.184357
0.875	0.314673	-0.173464	0.536756	0.133816	-1.42192	-0.184357
0.88	0.314657	-0.173453	0.536737	0.131823	-1.42053	-0.181611
0.885	0.314721	-0.173452	0.53674	0.131823	-1.42053	-0.181611
0.89	0.314784	-0.173451	0.536742	0.131823	-1.42053	-0.181611
0.895	0.314786	-0.173443	0.536728	0.130261	-1.41943	-0.179459
0.9	0.31485	-0.173442	0.536731	0.130261	-1.41943	-0.179459
0.905	0.314914	-0.173441	0.536733	0.130261	-1.41943	-0.179459
0.91	0.314978	-0.17344	0.536736	0.130261	-1.41943	-0.179459
0.915	0.314964	-0.17343	0.536717	0.128269	-1.41803	-0.176715
0.92	0.315029	-0.173429	0.53672	0.128269	-1.41803	-0.176715
0.925	0.315093	-0.173428	0.536722	0.128269	-1.41803	-0.176715
0.93	0.315096	-0.17342	0.536708	0.126678	-1.41692	-0.174523
0.935	0.315161	-0.173419	0.536711	0.126678	-1.41692	-0.174523
0.94	0.315226	-0.173417	0.536713	0.126678	-1.41692	-0.174523
0.945	0.31523	-0.17341	0.536699	0.125116	-1.41582	-0.172371
0.95	0.315295	-0.173408	0.536702	0.125116	-1.41582	-0.172371
0.955	0.315361	-0.173407	0.536705	0.125116	-1.41582	-0.172371
0.96	0.315365	-0.173399	0.536691	0.123547	-1.41472	-0.170209
0.965	0.315432	-0.173398	0.536693	0.123547	-1.41472	-0.170209
0.97	0.315498	-0.173397	0.536696	0.123547	-1.41472	-0.170209
0.975	0.315502	-0.173389	0.536682	0.121965	-1.41361	-0.16803
0.98	0.315569	-0.173388	0.536684	0.121965	-1.41361	-0.16803
0.985	0.315635	-0.173386	0.536687	0.121965	-1.41361	-0.16803
0.99	0.315639	-0.173379	0.536673	0.120373	-1.4125	-0.165837
0.995	0.315706	-0.173377	0.536676	0.120373	-1.4125	-0.165837
1.0	0.315774	-0.173376	0.536678	0.120373	-1.4125	-0.165837
1.005	0.315778	-0.173368	0.536664	0.11877	-1.41137	-0.163629
1.01	0.315845	-0.173367	0.536667	0.11877	-1.41137	-0.163629
1.015	0.315913	-0.173365	0.536669	0.11877	-1.41137	-0.163629
1.02	0.315917	-0.173358	0.536655	0.117157	-1.41024	-0.161407
1.025	0.315985	-0.173356	0.536658	0.117157	-1.41024	-0.161407
1.03	0.316053	-0.173354	0.53666	0.117157	-1.41024	-0.161407
1.035	0.316057	-0.173347	0.536646	0.115535	-1.40911	-0.159171
1.04	0.316125	-0.173346	0.536648	0.115535	-1.40911	-0.159171
1.045	0.316194	-0.173344	0.536651	0.115535	-1.40911	-0.159171
1.05	0.316198	-0.173337	0.536637	0.113904	-1.40796	-0.156924
1.055	0.316267	-0.173335	0.536639	0.113904	-1.40796	-0.156924
1.06	0.316335	-0.173333	0.536642	0.113904	-1.40796	-0.156924
1.065	0.316339	-0.173326	0.536628	0.112264	-1.40681	-0.154665
1.07	0.316409	-0.173324	0.53663	0.112264	-1.40681	-0.154665
1.075	0.316478	-0.173322	0.536633	0.112264	-1.40681	-0.154665
1.08	0.316482	-0.173316	0.536618	0.110617	-1.40566	-0.152396
1.085	0.316551	-0.173313	0.536621	0.110617	-1.40566	-0.152396
1.09	0.31662	-0.173311	0.536624	0.110617	-1.40566	-0.152396
1.095	0.316624	-0.173305	0.536609	0.108962	-1.4045	-0.150116
1.1	0.316694	-0.173302	0.536612	0.108962	-1.4045	-0.150116
1.105	0.316764	-0.1733	0.536614	0.108962	-1.4045	-0.150116
1.11	0.316768	-0.173294	0.5366	0.107301	-1.40333	-0.147828
1.115	0.316838	-0.173292	0.536602	0.107301	-1.40333	-0.147828
1.12	0.316908	-0.173289	0.536605	0.107301	-1.40333	-0.147828
1.125	0.316912	-0.173283	0.536591	0.105634	-1.40216	-0.145531
1.13	0.316982	-0.173281	0.536593	0.105634	-1.40216	-0.145531
1.135	0.317052	-0.173278	0.536596	0.105634	-1.40216	-0.145531
1.14	0.317056	-0.173272	0.536581	0.103962	-1.40099	-0.143227
1.145	0.317126	-0.17327	0.536584	0.103962	-1.40099	-0.143227
1.15	0.317197	-0.173267	0.536586	0.103962	-1.40099	-0.143227
1.155	0.317201	-0.173261	0.536572	0.102284	-1.39981	-0.140916
1.16	0.317271	-0.173259	0.536574	0.102284	-1.39981	-0.140916
1.165	0.317342	-0.173256	0.536577	0.102284	-1.39981	-0.140916
1.17	0.317346	-0.17325	0.536563	0.100603	-1.39864	-0.138599
1.175	0.317417	-0.173248	0.536565	0.100603	-1.39864	-0.138599
1.18	0.317487	-0.173245	0.536567	0.100603	-1.39864	-0.138599
1.185	0.317491	-0.17324	0.536553	0.0989175	-1.39745	-0.136277
1.19	0.317562	-0.173237	0.536556	0.0989175	-1.39745	-0.136277
1.195	0.317633	-0.173234	0.536558	0.0989175	-1.39745	-0.136277
1.2	0.317637	-0.173229	0.536544	0.0972292	-1.39627	-0.133951
1.205	0.317708	-0.173225	0.536546	0.0972292	-1.39627	-0.133951
1.21	0.317779	-0.173222	0.536548	0.0972292	-1.39627	-0.133951
1.215	0.317783	-0.173218	0.536534	0.0955384	-1.39508	-0.131622
1.22	0.317854	-0.173214	0.536537	0.0955384	-1.39508	-0.131622
1.225	0.317925	-0.173211	0.536539	0.0955384	-1.39508	-0.131622
1.23	0.317929	-0.173207	0.536525	0.0938458	-1.3939	-0.12929
1.235	0.318	-0.173203	0.536527	0.0938458	-1.3939	-0.12929
1.24	0.318071	-0.1732	0.536529	0.0938458	-1.3939	-0.12929
1.245	0.318075	-0.173196	0.536515	0.092152	-1.39271	-0.126957
1.25	0.318146	-0.173192	0.536518	0.092152	-1.39271	-0.126957
1.255	0.318217	-0.173189	0.53652	0.092152	-1.39271	-0.126957
1.26	0.318221	-0.173185	0.536506	0.0904574	-1.39152	-0.124622
1.265	0.318292	-0.173181	0.536508	0.0904574	-1.39152	-0.124622
1.27	0.318364	-0.173178	0.53651	0.0904574	-1.39152	-0.124622
1.275	0.318367	-0.173174	0.536496	0.0887628	-1.39033	-0.122287
1.28	0.318438	-0.17317	0.536499	0.0887628	-1.39033	-0.122287
1.285	0.31851	-0.173166	0.536501	0.0887628	-1.39033	-0.122287
1.29	0.318513	-0.173163	0.536487	0.0870688	-1.38915	-0.119954
1.295	0.318585	-0.173159	0.536489	0.0870688	-1.38915	-0.119954
1.3	0.318656	-0.173155	0.536491	0.0870688	-1.38915	-0.119954
1.305	0.318659	-0.173152	0.536477	0.0853758	-1.38796	-0.117621
1.31	0.31873	-0.173148	0.53648	0.0853758	-1.38796	-0.117621
1.315	0.318802	-0.173144	0.536482	0.0853758	-1.38796	-0.117621
1.32	0.318805	-0.173141	0.536468	0.0836846	-1.38677	-0.115291
1.325	0.318876	-0.173137	0.53647	0.0836846	-1.38677	-0.115291
1.33	0.318947	-0.173133	0.536472	0.0836846	-1.38677	-0.115291
1.335	0.318951	-0.17313	0.536459	0.0819957	-1.38559	-0.112964
1.34	0.319022	-0.173126	0.536461	0.0819957	-1.38559	-0.112964
1.345	0.319093	-0.173122	0.536463	0.0819957	-1.38559	-0.112964
1.35	0.319096	-0.173119	0.536449	0.0803097	-1.38441	-0.110642
1.355	0.319167	-0.173115	0.536451	0.0803097	-1.38441	-0.110642
1.36	0.319238	-0.17311	0.536453	0.0803097	-1.38441	-0.110642
1.365	0.319241	-0.173108	0.53644	0.0786272	-1.38323	-0.108324
1.37	0.319312	-0.173104	0.536442	0.0786272	-1.38323	-0.108324
1.375	0.319382	-0.173099	0.536444	0.0786272	-1.38323	-0.108324
1.38	0.319386	-0.173097	0.53643	0.0769488	-1.38205	-0.106011
1.385	0.319456	-0.173093	0.536432	0.0769488	-1.38205	-0.106011
1.39	0.319527	-0.173088	0.536434	0.0769488	-1.38205	-0.106011
1.395	0.31953	-0.173086	0.536421	0.0752752	-1.38088	-0.103706
1.4	0.319601	-0.173082	0.536423	0.0752752	-1.38088	-0.103706
1.405	0.319671	-0.173077	0.536425	0.0752752	-1.38088	-0.103706
1.41	0.319674	-0.173075	0.536412	0.0736068	-1.37971	-0.101407
1.415	0.319744	-0.173071	0.536414	0.0736068	-1.37971	-0.101407
1.42	0.319814	-0.173066	0.536416	0.0736068	-1.37971	-0.101407
1.425	0.319817	-0.173064	0.536402	0.0719442	-1.37854	-0.0991167
1.43	0.319887	-0.17306	0.536404	0.0719442	-1.37854	-0.0991167
1.435	0.319957	-0.173055	0.536406	0.0719442	-1.37854	-0.0991167
1.44	0.31996	-0.173054	0.536393	0.0702882	-1.37738	-0.0968351
1.445	0.32003	-0.173049	0.536395	0.0702882	-1.37738	-0.0968351
1.45	0.320099	-0.173044	0.536397	0.0702882	-1.37738	-0.0968351
1.455	0.320102	-0.173043	0.536384	0.0686391	-1.37622	-0.0945633
1.46	0.320171	-0.173038	0.536386	0.0686391	-1.37622	-0.0945633
1.465	0.32024	-0.173034	0.536388	0.0686391	-1.37622	-0.0945633
1.47	0.320244	-0.173032	0.536375	0.0669977	-1.37507	-0.0923019
1.475	0.320313	-0.173028	0.536377	0.0669977	-1.37507	-0.0923019
1.48	0.320381	-0.173023	0.536378	0.0669977	-1.37507	-0.0923019
1.485	0.320385	-0.173022	0.536366	0.0653645	-1.37393	-0.0900519
1.49	0.320453	-0.173017	0.536367	0.0653645	-1.37393	-0.0900519
1.495	0.320521	-0.173012	0.536369	0.0653645	-1.37393	-0.0900519
1.5	0.320525	-0.173011	0.536357	0.0637401	-1.37279	-0.0878139
1.505	0.320593	-0.173006	0.536358	0.0637401	-1.37279	-0.0878139
1.51	0.32066	-0.173001	0.53636	0.0637401	-1.37279	-0.0878139
1.515	0.320664	-0.173001	0.536347	0.062125	-1.37166	-0.0855889
1.52	0.320731	-0.172996	0.536349	0.062125	-1.37166	-0.0855889
1.525	0.320799	-0.172991	0.536351	0.062125	-1.37166	-0.0855889
1.53	0.320802	-0.17299	0.536338	0.0605198	-1.37053	-0.0833774
1.535	0.320869	-0.172985	0.53634	0.0605198	-1.37053	-0.0833774
1.54	0.320936	-0.17298	0.536342	0.0605198	-1.37053	-0.0833774
1.545	0.320939	-0.17298	0.53633	0.0589252	-1.36941	-0.0811805
1.55	0.321006	-0.172975	0.536331	0.0589252	-1.36941	-0.0811805
1.555	0.321073	-0.17297	0.536333	0.0589252	-1.36941	-0.0811805
1.56	0.321076	-0.17297	0.536321	0.0573415	-1.3683	-0.0789987
1.565	0.321142	-0.172965	0.536322	0.0573415	-1.3683	-0.0789987
1.57	0.321208	-0.172959	0.536324	0.0573415	-1.3683	-0.0789987
1.575	0.321211	-0.172959	0.536312	0.0557695	-1.3672	-0.076833
1.58	0.321277	-0.172954	0.536314	0.0557695	-1.3672	-0.076833
1.585	0.321343	-0.172949	0.536315	0.0557695	-1.3672	-0.076833
1.59	0.321346	-0.172949	0.536303	0.0542096	-1.36611	-0.0746839
1.595	0.321411	-0.172944	0.536305	0.0542096	-1.36611	-0.0746839
1.6	0.321476	-0.172939	0.536306	0.0542096	-1.36611	-0.0746839
1.605	0.321479	-0.172939	0.536295	0.0526625	-1.36502	-0.0725524
1.61	0.321544	-0.172934	0.536296	0.0526625	-1.36502	-0.0725524
1.615	0.321608	-0.172929	0.536298	0.0526625	-1.36502	-0.0725524
1.62	0.321611	-0.172929	0.536286	0.0511286	-1.36395	-0.0704392
1.625	0.321675	-0.172924	0.536288	0.0511286	-1.36395	-0.0704392
1.63	0.321739	-0.172919	0.536289	0.0511286	-1.36395	-0.0704392
1.635	0.321803	-0.172914	0.536291	0.0511286	-1.36395	-0.0704392
1.64	0.321787	-0.172916	0.536275	0.0491569	-1.36256	-0.0677228
1.645	0.321851	-0.172911	0.536277	0.0491569	-1.36256	-0.0677228
1.65	0.321914	-0.172905	0.536278	0.0491569	-1.36256	-0.0677228
1.655	0.321915	-0.172906	0.536266	0.0476093	-1.36148	-0.0655908
1.66	0.321977	-0.172901	0.536268	0.0476093	-1.36148	-0.0655908
1.665	0.32204	-0.172896	0.536269	0.0476093	-1.36148	-0.0655908
1.67	0.322102	-0.17289	0.536271	0.0476093	-1.36148	-0.0655908
1.675	0.322087	-0.172893	0.536256	0.0456777	-1.36012	-0.0629295
1.68	0.322149	-0.172888	0.536257	0.0456777	-1.36012	-0.0629295
1.685	0.32221	-0.172883	0.536258	0.0456777	-1.36012	-0.0629295
1.69	0.322271	-0.172877	0.53626	0.0456777	-1.36012	-0.0629295
1.695	0.322255	-0.172881	0.536245	0.043732	-1.35876	-0.0602489
1.7	0.322316	-0.172875	0.536246	0.043732	-1.35876	-0.0602489
1.705	0.322376	-0.17287	0.536248	0.043732	-1.35876	-0.0602489
1.71	0.322437	-0.172865	0.536249	0.043732	-1.35876	-0.0602489
1.715	0.32242	-0.172868	0.536234	0.0418111	-1.35741	-0.0576025
1.72	0.32248	-0.172863	0.536235	0.0418111	-1.35741	-0.0576025
1.725	0.32254	-0.172858	0.536237	0.0418111	-1.35741	-0.0576025
1.73	0.322599	-0.172852	0.536238	0.0418111	-1.35741	-0.0576025
1.735	0.322583	-0.172856	0.536223	0.0399202	-1.35609	-0.0549974
1.74	0.322642	-0.172851	0.536225	0.0399202	-1.35609	-0.0549974
1.745	0.3227	-0.172845	0.536226	0.0399202	-1.35609	-0.0549974
1.75	0.322759	-0.17284	0.536227	0.0399202	-1.35609	-0.0549974
1.755	0.322743	-0.172844	0.536213	0.0380607	-1.35478	-0.0524356
1.76	0.322801	-0.172839	0.536214	0.0380607	-1.35478	-0.0524356
1.765	0.322858	-0.172833	0.536216	0.0380607	-1.35478	-0.0524356
1.77	0.322916	-0.172828	0.536217	0.0380607	-1.35478	-0.0524356
1.775	0.3229	-0.172832	0.536203	0.0362339	-1.3535	-0.0499189
1.78	0.322957	-0.172827	0.536204	0.0362339	-1.3535	-0.0499189
1.785	0.323013	-0.172821	0.536205	0.0362339	-1.3535	-0.0499189
1.79	0.323069	-0.172816	0.536206	0.0362339	-1.3535	-0.0499189
1.795	0.323054	-0.172821	0.536193	0.034441	-1.35225	-0.0474489
1.8	0.32311	-0.172815	0.536194	0.034441	-1.35225	-0.0474489
1.805	0.323165	-0.17281	0.536195	0.034441	-1.35225	-0.0474489
1.81	0.32322	-0.172805	0.536196	0.034441	-1.35225	-0.0474489
1.815	0.323205	-0.172809	0.536183	0.0326831	-1.35101	-0.045027
1.82	0.32326	-0.172804	0.536184	0.0326831	-1.35101	-0.045027
1.825	0.323314	-0.172799	0.536185	0.0326831	-1.35101	-0.045027
1.83	0.323368	-0.172793	0.536186	0.0326831	-1.35101	-0.045027
1.835	0.323353	-0.172798	0.536173	0.0309613	-1.34981	-0.0426549
1.84	0.323407	-0.172793	0.536174	0.0309613	-1.34981	-0.0426549
1.845	0.32346	-0.172788	0.536175	0.0309613	-1.34981	-0.0426549
1.85	0.323513	-0.172782	0.536176	0.0309613	-1.34981	-0.0426549
1.855	0.323498	-0.172787	0.536164	0.0292766	-1.34863	-0.040334
1.86	0.32355	-0.172782	0.536165	0.0292766	-1.34863	-0.040334
1.865	0.323602	-0.172777	0.536166	0.0292766	-1.34863	-0.040334
1.87	0.323654	-0.172771	0.536167	0.0292766	-1.34863	-0.040334
1.875	0.32364	-0.172777	0.536155	0.0276302	-1.34747	-0.0380657
1.88	0.32369	-0.172771	0.536156	0.0276302	-1.34747	-0.0380657
1.885	0.323741	-0.172766	0.536157	0.0276302	-1.34747	-0.0380657
1.89	0.323791	-0.172761	0.536158	0.0276302	-1.34747	-0.0380657
1.895	0.323778	-0.172766	0.536146	0.026023	-1.34634	-0.0358514
1.9	0.323827	-0.172761	0.536147	0.026023	-1.34634	-0.0358514
1.905	0.323877	-0.172756	0.536148	0.026023	-1.34634	-0.0358514
1.91	0.323926	-0.172751	0.536148	0.026023	-1.34634	-0.0358514
1.915	0.323912	-0.172756	0.536137	0.024456	-1.34525	-0.0336927
1.92	0.323961	-0.172751	0.536138	0.024456	-1.34525	-0.0336927
1.925	0.324009	-0.172746	0.536139	0.024456	-1.34525	-0.0336927
1.93	0.324056	-0.172741	0.53614	0.024456	-1.34525	-0.0336927
1.935	0.324043	-0.172746	0.536128	0.0229303	-1.34418	-0.0315907
1.94	0.32409	-0.172741	0.536129	0.0229303	-1.34418	-0.0315907
1.945	0.324137	-0.172736	0.53613	0.0229303	-1.34418	-0.0315907
1.95	0.324183	-0.172731	0.536131	0.0229303	-1.34418	-0.0315907
1.955	0.324229	-0.172726	0.536132	0.0229303	-1.34418	-0.0315907
1.96	0.324203	-0.172734	0.536118	0.021121	-1.34291	-0.029098
1.965	0.324249	-0.172729	0.536119	0.021121	-1.34291	-0.029098
1.97	0.324294	-0.172724	0.53612	0.021121	-1.34291	-0.029098
1.975	0.324338	-0.172719	0.536121	0.021121	-1.34291	-0.029098
1.98	0.324383	-0.172715	0.536122	0.021121	-1.34291	-0.029098
1.985	0.324356	-0.172723	0.536108	0.0193435	-1.34166	-0.0266492
1.99	0.3244	-0.172718	0.536109	0.0193435	-1.34166	-0.0266492
1.995	0.324443	-0.172713	0.53611	0.0193435	-1.34166	-0.0266492
2.0	0.324486	-0.172708	0.536111	0.0193435	-1.34166	-0.0266492
2.005	0.324528	-0.172704	0.536111	0.0193435	-1.34166	-0.0266492
2.01	0.324503	-0.172712	0.536099	0.0176319	-1.34046	-0.0242911
2.015	0.324545	-0.172707	0.5361	0.0176319	-1.34046	-0.0242911
2.02	0.324586	-0.172702	0.5361	0.0176319	-1.34046	-0.0242911
2.025	0.324627	-0.172698	0.536101	0.0176319	-1.34046	-0.0242911
2.03	0.324668	-0.172693	0.536102	0.0176319	-1.34046	-0.0242911
2.035	0.324643	-0.172701	0.53609	0.015991	-1.33931	-0.0220304
2.04	0.324683	-0.172697	0.53609	0.015991	-1.33931	-0.0220304
2.045	0.324723	-0.172692	0.536091	0.015991	-1.33931	-0.0220304
2.05	0.324762	-0.172688	0.536092	0.015991	-1.33931	-0.0220304
2.055	0.324801	-0.172683	0.536092	0.015991	-1.33931	-0.0220304
2.06	0.324778	-0.172691	0.536081	0.0144227	-1.33821	-0.0198699
2.065	0.324816	-0.172687	0.536081	0.0144227	-1.33821	-0.0198699
2.07	0.324854	-0.172682	0.536082	0.0144227	-1.33821	-0.0198699
2.075	0.324891	-0.172678	0.536083	0.0144227	-1.33821	-0.0198699
2.08	0.324928	-0.172674	0.536083	0.0144227	-1.33821	-0.0198699
2.085	0.324965	-0.17267	0.536084	0.0144227	-1.33821	-0.0198699
2.09	0.324932	-0.172679	0.536071	0.0126702	-1.33698	-0.0174554
2.095	0.324967	-0.172675	0.536072	0.0126702	-1.33698	-0.0174554
2.1	0.325003	-0.172671	0.536072	0.0126702	-1.33698	-0.0174554
2.105	0.325038	-0.172667	0.536073	0.0126702	-1.33698	-0.0174554
2.11	0.325073	-0.172663	0.536073	0.0126702	-1.33698	-0.0174554
2.115	0.325107	-0.172659	0.536074	0.0126702	-1.33698	-0.0174554
2.12	0.325075	-0.172668	0.536062	0.0109972	-1.33581	-0.0151506
2.125	0.325108	-0.172665	0.536062	0.0109972	-1.33581	-0.0151506
2.13	0.325141	-0.172661	0.536063	0.0109972	-1.33581	-0.0151506
2.135	0.325174	-0.172657	0.536063	0.0109972	-1.33581	-0.0151506
2.14	0.325206	-0.172653	0.536064	0.0109972	-1.33581	-0.0151506
2.145	0.325238	-0.172649	0.536064	0.0109972	-1.33581	-0.0151506
2.15	0.325208	-0.172659	0.536053	0.00943292	-1.33471	-0.0129955
2.155	0.325239	-0.172655	0.536053	0.00943292	-1.33471	-0.0129955
2.16	0.32527	-0.172651	0.536054	0.00943292	-1.33471	-0.0129955
2.165	0.3253	-0.172648	0.536054	0.00943292	-1.33471	-0.0129955
2.17	0.32533	-0.172644	0.536055	0.00943292	-1.33471	-0.0129955
2.175	0.32536	-0.172641	0.536055	0.00943292	-1.33471	-0.0129955
2.18	0.325389	-0.172637	0.536056	0.00943292	-1.33471	-0.0129955
2.185	0.325352	-0.172648	0.536044	0.00777728	-1.33355	-0.0107145
2.19	0.325381	-0.172644	0.536044	0.00777728	-1.33355	-0.0107145
2.195	0.325408	-0.172641	0.536045	0.00777728	-1.33355	-0.0107145
2.2	0.325436	-0.172638	0.536045	0.00777728	-1.33355	-0.0107145
2.205	0.325463	-0.172634	0.536045	0.00777728	-1.33355	-0.0107145
2.21	0.32549	-0.172631	0.536046	0.00777728	-1.33355	-0.0107145
2.215	0.325516	-0.172628	0.536046	0.00777728	-1.33355	-0.0107145
2.22	0.325482	-0.172638	0.536035	0.00625471	-1.33248	-0.00861693
2.225	0.325507	-0.172635	0.536036	0.00625471	-1.33248	-0.00861693
2.23	0.325532	-0.172632	0.536036	0.00625471	-1.33248	-0.00861693
2.235	0.325557	-0.172629	0.536036	0.00625471	-1.33248	-0.00861693
2.24	0.325581	-0.172626	0.536037	0.00625471	-1.33248	-0.00861693
2.245	0.325605	-0.172623	0.536037	0.00625471	-1.33248	-0.00861693
2.25	0.325628	-0.17262	0.536037	0.00625471	-1.33248	-0.00861693
2.255	0.325651	-0.172617	0.536038	0.00625471	-1.33248	-0.00861693
2.26	0.325613	-0.172628	0.536027	0.00473013	-1.33141	-0.00651652
2.265	0.325635	-0.172625	0.536027	0.00473013	-1.33141	-0.00651652
2.27	0.325657	-0.172623	0.536027	0.00473013	-1.33141	-0.00651652
2.275	0.325678	-0.17262	0.536028	0.00473013	-1.33141	-0.00651652
2.28	0.325699	-0.172618	0.536028	0.00473013	-1.33141	-0.00651652
2.285	0.325719	-0.172615	0.536028	0.00473013	-1.33141	-0.00651652
2.29	0.325739	-0.172613	0.536028	0.00473013	-1.33141	-0.00651652
2.295	0.325759	-0.17261	0.536029	0.00473013	-1.33141	-0.00651652
2.3	0.325778	-0.172608	0.536029	0.00473013	-1.33141	-0.00651652
2.305	0.325797	-0.172606	0.536029	0.00473013	-1.33141	-0.00651652
2.31	0.325752	-0.172618	0.536018	0.00313463	-1.3303	-0.0043184
2.315	0.32577	-0.172615	0.536018	0.00313463	-1.3303	-0.0043184
2.32	0.325787	-0.172613	0.536018	0.00313463	-1.3303	-0.0043184
2.325	0.325804	-0.172611	0.536018	0.00313463	-1.3303	-0.0043184
2.33	0.325821	-0.172609	0.536019	0.00313463	-1.3303	-0.0043184
2.335	0.325837	-0.172607	0.536019	0.00313463	-1.3303	-0.0043184
2.34	0.325852	-0.172605	0.536019	0.00313463	-1.3303	-0.0043184
2.345	0.325867	-0.172603	0.536019	0.00313463	-1.3303	-0.0043184
2.35	0.325882	-0.172601	0.53602	0.00313463	-1.3303	-0.0043184
2.355	0.325897	-0.1726	0.53602	0.00313463	-1.3303	-0.0043184
2.36	0.32591	-0.172598	0.53602	0.00313463	-1.3303	-0.0043184
2.365	0.325924	-0.172596	0.53602	0.00313463	-1.3303	-0.0043184
2.37	0.325937	-0.172595	0.53602	0.00313463	-1.3303	-0.0043184
2.375	0.325888	-0.172607	0.536009	0.00155948	-1.32919	-0.00214833
2.38	0.3259	-0.172606	0.536009	0.00155948	-1.32919	-0.00214833
2.385	0.325911	-0.172604	0.536009	0.00155948	-1.32919	-0.00214833
2.39	0.325923	-0.172603	0.536009	0.00155948	-1.32919	-0.00214833
2.395	0.325934	-0.172602	0.53601	0.00155948	-1.32919	-0.00214833
2.4	0.325944	-0.1726	0.53601	0.00155948	-1.32919	-0.00214833
2.405	0.325954	-0.172599	0.53601	0.00155948	-1.32919	-0.00214833
2.41	0.325963	-0.172598	0.53601	0.00155948	-1.32919	-0.00214833
2.415	0.325972	-0.172597	0.53601	0.00155948	-1.32919	-0.00214833
2.42	0.32598	-0.172596	0.53601	0.00155948	-1.32919	-0.00214833
2.425	0.325988	-0.172595	0.53601	0.00155948	-1.32919	-0.00214833
2.43	0.325996	-0.172594	0.53601	0.00155948	-1.32919	-0.00214833
2.435	0.326004	-0.172593	0.536011	0.00155948	-1.32919	-0.00214833
2.44	0.326011	-0.172592	0.536011	0.00155948	-1.32919	-0.00214833
2.445	0.326017	-0.172591	0.536011	0.00155948	-1.32919	-0.00214833
2.45	0.326023	-0.17259	0.536011	0.00155948	-1.32919	-0.00214833
2.455	0.326029	-0.17259	0.536011	0.00155948	-1.32919	-0.00214833
2.46	0.326034	-0.172589	0.536011	0.00155948	-1.32919	-0.00214833
2.465	0.326039	-0.172588	0.536011	0.00155948	-1.32919	-0.00214833
2.47	0.326043	-0.172588	0.536011	0.00155948	-1.32919	-0.00214833
2.475	0.326047	-0.172587	0.536011	0.00155948	-1.32919	-0.00214833
2.48	0.32605	-0.172587	0.536011	0.00155948	-1.32919	-0.00214833
2.485	0.326053	-0.172587	0.536011	0.00155948	-1.32919	-0.00214833
2.49	0.326055	-0.172586	0.536011	0.00155948	-1.32919	-0.00214833
2.495	0.326057	-0.172586	0.536011	0.00155948	-1.32919	-0.00214833
2.5	0.326059	-0.172586	0.536011	0.00155948	-1.32919	-0.00214833
2.505	0.32606	-0.172586	0.536011	0.00155948	-1.32919	-0.00214833
2.51	0.32606	-0.172586	0.536011	0.00155948	-1.32919	-0.00214833
2.515	0.326061	-0.172586	0.536011	0.00155948	-1.32919	-0.00214833
2.52	0.326061	-0.172586	0.536011	0.00155948	-1.32919	-0.00214833
2.525	0.326061	-0.172586	0.536011	0.00155948	-1.32919	-0.00214833
2.53	0.326061	-0.172586	0.536011	0.00155948	-1.32919	-0.00214833
2.535	0.326062	-0.172585	0.53601	0.00155948	-1.32919	-0.00214834
2.54	0.326062	-0.172585	0.536009	0.00155948	-1.32919	-0.00214834
2.545	0.326062	-0.172585	0.536008	0.00155948	-1.32919	-0.00214834
2.55	0.326063	-0.172584	0.536007	0.00155948	-1.32919	-0.00214834
2.555	0.326063	-0.172584	0.536006	0.00155948	-1.32919	-0.00214834
2.56	0.326064	-0.172583	0.536005	0.00155948	-1.32919	-0.00214834
2.565	0.326064	-0.172583	0.536003	0.00155948	-1.32919	-0.00214834
2.57	0.326065	-0.172582	0.536001	0.00155948	-1.32919	-0.00214834
2.575	0.326066	-0.172581	0.535999	0.00155948	-1.32919	-0.00214834
2.58	0.326067	-0.172581	0.535997	0.00155948	-1.32919	-0.00214834
2.585	0.326068	-0.17258	0.535995	0.00155948	-1.32919	-0.00214834
2.59	0.326068	-0.172579	0.535992	0.00155948	-1.32919	-0.00214834
2.595	0.326069	-0.172578	0.53599	0.00155948	-1.32919	-0.00214834
2.6	0.32607	-0.172577	0.535987	0.00155948	-1.32919	-0.00214834
2.605	0.326072	-0.172576	0.535984	0.00155948	-1.32919	-0.00214834
2.61	0.326073	-0.172575	0.535981	0.00155948	-1.32919	-0.00214834
2.615	0.326074	-0.172574	0.535978	0.00155948	-1.32919	-0.00214834
2.62	0.326075	-0.172572	0.535974	0.00155948	-1.32919	-0.00214834
2.625	0.326077	-0.172571	0.535971	0.00155948	-1.32919	-0.00214834
2.63	0.326078	-0.17257	0.535967	0.00155948	-1.32919	-0.00214834
2.635	0.32608	-0.172568	0.535963	0.00155948	-1.32919	-0.00214834
2.64	0.326081	-0.172567	0.535959	0.00155948	-1.32919	-0.00214834
2.645	0.326083	-0.172565	0.535955	0.00155948	-1.32919	-0.00214834
2.65	0.326085	-0.172564	0.53595	0.00155948	-1.32919	-0.00214834
2.655	0.326086	-0.172562	0.535946	0.00155948	-1.32919	-0.00214834
2.66	0.326088	-0.17256	0.535941	0.00155948	-1.32919	-0.00214834
2.665	0.32609	-0.172558	0.535936	0.00155949	-1.32919	-0.00214834
2.67	0.326092	-0.172557	0.535931	0.00155949	-1.32919	-0.00214834
2.675	0.326094	-0.172555	0.535926	0.00155949	-1.32919	-0.00214834
2.68	0.326096	-0.172553	0.53592	0.00155949	-1.32919	-0.00214834
2.685	0.326098	-0.172551	0.535915	0.00155949	-1.32919	-0.00214834
2.69	0.326101	-0.172549	0.535909	0.00155949	-1.32919	-0.00214835
2.695	0.326103	-0.172547	0.535903	0.00155949	-1.32919	-0.00214835
2.7	0.326106	-0.172595	0.535895	-0.00150682	-1.32916	-0.000214679
2.705	0.326108	-0.172592	0.535889	-0.00150682	-1.32916	-0.00021468
2.71	0.32611	-0.17259	0.535882	-0.00150682	-1.32916	-0.000214681
2.715	0.326113	-0.172588	0.535876	-0.00150682	-1.32916	-0.000214682
2.72	0.326116	-0.172585	0.535869	-0.00150682	-1.32916	-0.000214683
2.725	0.326118	-0.172583	0.535862	-0.00150682	-1.32916	-0.000214684
2.73	0.326121	-0.17258	0.535855	-0.00150681	-1.32916	-0.000214685
2.735	0.326124	-0.172578	0.535848	-0.00150681	-1.32916	-0.000214687
2.74	0.326127	-0.172575	0.535841	-0.00150681	-1.32916	-0.000214688
2.745	0.326129	-0.172572	0.535833	-0.00150681	-1.32916	-0.000214689
2.75	0.326132	-0.172569	0.535825	-0.00150681	-1.32916	-0.000214691
2.755	0.326173	-0.172597	0.535822	-0.00293328	-1.3298	-2.35261e-05
2.76	0.326176	-0.172594	0.535815	-0.00293328	-1.3298	-2.35274e-05
2.765	0.326179	-0.172591	0.535806	-0.00293328	-1.3298	-2.35291e-05
2.77	0.326182	-0.172588	0.535798	-0.00293328	-1.3298	-2.35305e-05
2.775	0.326186	-0.172585	0.535789	-0.00293328	-1.3298	-2.35323e-05
2.78	0.326189	-0.172582	0.535781	-0.00293327	-1.3298	-2.35339e-05
2.785	0.326193	-0.172578	0.535772	-0.00293327	-1.3298	-2.35358e-05
2.79	0.326196	-0.172575	0.535763	-0.00293327	-1.3298	-2.35375e-05
2.795	0.326236	-0.172597	0.535759	-0.00406528	-1.33043	-4.23724e-06
2.8	0.32624	-0.172594	0.53575	-0.00406528	-1.33043	-4.23905e-06
2.805	0.326243	-0.17259	0.53574	-0.00406528	-1.33043	-4.24091e-06
2.81	0.326247	-0.172587	0.535731	-0.00406528	-1.33043	-4.24284e-06
2.815	0.326251	-0.172583	0.535721	-0.00406528	-1.33043	-4.24483e-06
2.82	0.326255	-0.17258	0.535711	-0.00406527	-1.33043	-4.24687e-06
2.825	0.326258	-0.172576	0.535701	-0.00406527	-1.33043	-4.24899e-06
2.83	0.326262	-0.172573	0.535691	-0.00406527	-1.33043	-4.25116e-06
2.835	0.326308	-0.172597	0.535687	-0.00530864	-1.33114	-2.80813e-06
2.84	0.326312	-0.172593	0.535677	-0.00530864	-1.33114	-2.81044e-06
2.845	0.326316	-0.172589	0.535666	-0.00530864	-1.33114	-2.81281e-06
2.85	0.32632	-0.172585	0.535655	-0.00530863	-1.33114	-2.81525e-06
2.855	0.326324	-0.172581	0.535644	-0.00530863	-1.33114	-2.81776e-06
2.86	0.326328	-0.172577	0.535633	-0.00530863	-1.33114	-2.82033e-06
2.865	0.326333	-0.172573	0.535622	-0.00530863	-1.33114	-2.82297e-06
2.87	0.326378	-0.172597	0.535617	-0.00653484	-1.33185	-2.62154e-06
2.875	0.326382	-0.172593	0.535605	-0.00653484	-1.33185	-2.62432e-06
2.88	0.326387	-0.172589	0.535594	-0.00653483	-1.33185	-2.62717e-06
2.885	0.326391	-0.172584	0.535582	-0.00653483	-1.33185	-2.6301e-06
2.89	0.326396	-0.17258	0.53557	-0.00653483	-1.33185	-2.63309e-06
2.895	0.326401	-0.172576	0.535558	-0.00653483	-1.33185	-2.63615e-06
2.9	0.326443	-0.172597	0.535552	-0.00768307	-1.3325	-2.33043e-06
2.905	0.326448	-0.172593	0.535539	-0.00768306	-1.3325	-2.33364e-06
2.91	0.326453	-0.172588	0.535527	-0.00768306	-1.3325	-2.33693e-06
2.915	0.326458	-0.172584	0.535514	-0.00768306	-1.3325	-2.34028e-06
2.92	0.326463	-0.172579	0.535501	-0.00768305	-1.3325	-2.34372e-06
2.925	0.326468	-0.172574	0.535489	-0.00768305	-1.3325	-2.34722e-06
2.93	0.326513	-0.172597	0.535482	-0.00889528	-1.3332	-2.54716e-06
2.935	0.326518	-0.172592	0.535469	-0.00889528	-1.3332	-2.55081e-06
2.94	0.326523	-0.172587	0.535455	-0.00889527	-1.3332	-2.55454e-06
2.945	0.326529	-0.172583	0.535442	-0.00889527	-1.3332	-2.55835e-06
2.95	0.326534	-0.172578	0.535428	-0.00889527	-1.3332	-2.56223e-06
2.955	0.326539	-0.172573	0.535415	-0.00889526	-1.3332	-2.56619e-06
2.96	0.326587	-0.172597	0.535407	-0.0101837	-1.33394	-2.87589e-06
2.965	0.326593	-0.172592	0.535393	-0.0101837	-1.33394	-2.88001e-06
2.97	0.326598	-0.172587	0.535379	-0.0101836	-1.33394	-2.8842e-06
2.975	0.326604	-0.172582	0.535365	-0.0101836	-1.33394	-2.88847e-06
2.98	0.326609	-0.172576	0.535351	-0.0101836	-1.33394	-2.89281e-06
2.985	0.326653	-0.172597	0.535342	-0.0113373	-1.3346	-2.40645e-06
2.99	0.326659	-0.172592	0.535328	-0.0113373	-1.3346	-2.41095e-06
2.995	0.326664	-0.172587	0.535313	-0.0113373	-1.3346	-2.41553e-06
3.0	0.32667	-0.172581	0.535298	-0.0113373	-1.3346	-2.42019e-06
3.005	0.326676	-0.172576	0.535283	-0.0113373	-1.3346	-2.42492e-06
3.01	0.326721	-0.172597	0.535274	-0.0125219	-1.33528	-2.48424e-06
3.015	0.326727	-0.172592	0.535259	-0.0125219	-1.33528	-2.48914e-06
3.02	0.326733	-0.172586	0.535244	-0.0125219	-1.33528	-2.49411e-06
3.025	0.326739	-0.17258	0.535228	-0.0125219	-1.33528	-2.49916e-06
3.03	0.326745	-0.172575	0.535212	-0.0125219	-1.33528	-2.50429e-06
3.035	0.326792	-0.172597	0.535203	-0.013753	-1.33598	-2.67805e-06
3.04	0.326798	-0.172591	0.535187	-0.013753	-1.33598	-2.68334e-06
3.045	0.326804	-0.172586	0.535171	-0.013753	-1.33598	-2.68871e-06
3.05	0.32681	-0.17258	0.535155	-0.013753	-1.33598	-2.69415e-06
3.055	0.326816	-0.172574	0.535139	-0.013753	-1.33598	-2.69967e-06
3.06	0.326865	-0.172597	0.53513	-0.0150304	-1.33672	-2.8905e-06
3.065	0.326871	-0.172591	0.535113	-0.0150304	-1.33672	-2.89618e-06
3.07	0.326878	-0.172585	0.535097	-0.0150304	-1.33672	-2.90194e-06
3.075	0.326884	-0.172579	0.53508	-0.0150304	-1.33672	-2.90777e-06
3.08	0.326891	-0.172573	0.535063	-0.0150304	-1.33672	-2.91368e-06
3.085	0.326941	-0.172597	0.535054	-0.0163524	-1.33747	-3.10523e-06
3.09	0.326947	-0.172591	0.535037	-0.0163524	-1.33747	-3.1113e-06
3.095	0.326954	-0.172584	0.53502	-0.0163524	-1.33747	-3.11745e-06
3.1	0.326961	-0.172578	0.535002	-0.0163523	-1.33747	-3.12367e-06
3.105	0.327004	-0.172597	0.534991	-0.0174683	-1.33811	-2.34022e-06
3.11	0.327011	-0.172591	0.534974	-0.0174683	-1.33811	-2.3466e-06
3.115	0.327018	-0.172585	0.534956	-0.0174683	-1.33811	-2.35305e-06
3.12	0.327024	-0.172578	0.534939	-0.0174682	-1.33811	-2.35957e-06
3.125	0.327068	-0.172597	0.534927	-0.0185861	-1.33875	-2.28099e-06
3.13	0.327075	-0.172591	0.534909	-0.0185861	-1.33875	-2.28767e-06
3.135	0.327082	-0.172584	0.534891	-0.0185861	-1.33875	-2.29442e-06
3.14	0.327089	-0.172578	0.534873	-0.0185861	-1.33875	-2.30124e-06
3.145	0.327134	-0.172597	0.534862	-0.0197265	-1.33941	-2.36404e-06
3.15	0.327141	-0.172591	0.534843	-0.0197265	-1.33941	-2.37102e-06
3.155	0.327148	-0.172584	0.534825	-0.0197265	-1.33941	-2.37807e-06
3.16	0.327155	-0.172578	0.534807	-0.0197265	-1.33941	-2.38519e-06
3.165	0.3272	-0.172597	0.534795	-0.0208904	-1.34007	-2.467e-06
3.17	0.327208	-0.17259	0.534776	-0.0208904	-1.34007	-2.47426e-06
3.175	0.327215	-0.172584	0.534758	-0.0208904	-1.34007	-2.4816e-06
3.18	0.327222	-0.172577	0.534739	-0.0208904	-1.34007	-2.489e-06
3.185	0.327268	-0.172597	0.534727	-0.022077	-1.34075	-2.5706e-06
3.19	0.327276	-0.17259	0.534708	-0.022077	-1.34075	-2.57815e-06
3.195	0.327283	-0.172583	0.534689	-0.022077	-1.34075	-2.58577e-06
3.2	0.327291	-0.172577	0.53467	-0.022077	-1.34075	-2.59344e-06
3.205	0.327338	-0.172597	0.534657	-0.023285	-1.34145	-2.6719e-06
3.21	0.327345	-0.17259	0.534638	-0.023285	-1.34145	-2.67972e-06
3.215	0.327353	-0.172583	0.534619	-0.023285	-1.34145	-2.68761e-06
3.22	0.32736	-0.172576	0.534599	-0.023285	-1.34145	-2.69555e-06
3.225	0.327408	-0.172597	0.534587	-0.0245134	-1.34215	-2.77018e-06
3.23	0.327416	-0.17259	0.534567	-0.0245133	-1.34215	-2.77826e-06
3.235	0.327423	-0.172583	0.534547	-0.0245133	-1.34215	-2.7864e-06
3.24	0.327431	-0.172576	0.534528	-0.0245133	-1.34215	-2.79461e-06
3.245	0.32748	-0.172597	0.534515	-0.0257607	-1.34286	-2.86502e-06
3.25	0.327487	-0.17259	0.534495	-0.0257607	-1.34286	-2.87335e-06
3.255	0.327495	-0.172583	0.534475	-0.0257607	-1.34286	-2.88173e-06
3.26	0.327503	-0.172576	0.534455	-0.0257607	-1.34286	-2.89018e-06
3.265	0.327552	-0.172597	0.534442	-0.0270259	-1.34359	-2.95603e-06
3.27	0.32756	-0.17259	0.534422	-0.0270259	-1.34359	-2.9646e-06
3.275	0.327568	-0.172582	0.534402	-0.0270259	-1.34359	-2.97322e-06
3.28	0.327576	-0.172575	0.534382	-0.0270259	-1.34359	-2.98189e-06
3.285	0.327626	-0.172597	0.534369	-0.0283076	-1.34432	-3.04286e-06
3.29	0.327634	-0.17259	0.534348	-0.0283076	-1.34432	-3.05165e-06
3.295	0.327642	-0.172582	0.534328	-0.0283076	-1.34432	-3.06049e-06
3.3	0.32765	-0.172575	0.534308	-0.0283076	-1.34432	-3.06939e-06
3.305	0.3277	-0.172597	0.534294	-0.0296046	-1.34507	-3.12516e-06
3.31	0.327708	-0.172589	0.534274	-0.0296046	-1.34507	-3.13416e-06
3.315	0.327716	-0.172582	0.534253	-0.0296046	-1.34507	-3.14321e-06
3.32	0.327724	-0.172575	0.534232	-0.0296046	-1.34507	-3.15231e-06
3.325	0.327775	-0.172597	0.534219	-0.0309156	-1.34582	-3.2026e-06
3.33	0.327783	-0.172589	0.534198	-0.0309156	-1.34582	-3.2118e-06
3.335	0.327792	-0.172582	0.534177	-0.0309156	-1.34582	-3.22104e-06
3.34	0.3278	-0.172574	0.534157	-0.0309156	-1.34582	-3.23032e-06
3.345	0.327851	-0.172597	0.534143	-0.0322392	-1.34658	-3.27486e-06
3.35	0.327859	-0.172589	0.534122	-0.0322392	-1.34658	-3.28424e-06
3.355	0.327868	-0.172582	0.534101	-0.0322392	-1.34658	-3.29365e-06
3.36	0.327876	-0.172574	0.53408	-0.0322392	-1.34658	-3.3031e-06
3.365	0.327928	-0.172597	0.534067	-0.0335742	-1.34734	-3.34165e-06
3.37	0.327936	-0.172589	0.534045	-0.0335742	-1.34734	-3.35119e-06
3.375	0.327944	-0.172582	0.534024	-0.0335742	-1.34734	-3.36076e-06
3.38	0.327953	-0.172574	0.534003	-0.0335742	-1.34734	-3.37036e-06
3.385	0.328005	-0.172597	0.533989	-0.0349192	-1.34811	-3.40267e-06
3.39	0.328013	-0.172589	0.533968	-0.0349192	-1.34811	-3.41236e-06
3.395	0.328022	-0.172581	0.533947	-0.0349192	-1.34811	-3.42207e-06
3.4	0.32803	-0.172574	0.533925	-0.0349192	-1.34811	-3.43181e-06
3.405	0.328083	-0.172597	0.533912	-0.0362729	-1.34889	-3.45768e-06
3.41	0.328091	-0.172589	0.53389	-0.0362729	-1.34889	-3.4675e-06
3.415	0.328099	-0.172581	0.533869	-0.0362729	-1.34889	-3.47733e-06
3.42	0.328108	-0.172574	0.533847	-0.0362729	-1.34889	-3.48719e-06
3.425	0.328161	-0.172597	0.533834	-0.037634	-1.34967	-3.50644e-06
3.43	0.328169	-0.172589	0.533812	-0.0376339	-1.34967	-3.51636e-06
3.435	0.328178	-0.172581	0.533791	-0.0376339	-1.34967	-3.5263e-06
3.44	0.328186	-0.172573	0.533769	-0.0376339	-1.34967	-3.53626e-06
3.445	0.328239	-0.172597	0.533755	-0.039001	-1.35045	-3.54871e-06
3.45	0.328247	-0.172589	0.533734	-0.0390009	-1.35045	-3.55872e-06
3.455	0.328256	-0.172581	0.533712	-0.0390009	-1.35045	-3.56875e-06
3.46	0.328264	-0.172573	0.53369	-0.0390009	-1.35045	-3.57879e-06
3.465	0.328318	-0.172597	0.533677	-0.0403726	-1.35124	-3.58432e-06
3.47	0.328326	-0.172589	0.533655	-0.0403726	-1.35124	-3.5944e-06
3.475	0.328335	-0.172581	0.533633	-0.0403726	-1.35124	-3.60449e-06
3.48	0.328343	-0.172573	0.533611	-0.0403725	-1.35124	-3.61459e-06
3.485	0.328396	-0.172597	0.533598	-0.0417474	-1.35203	-3.61309e-06
3.49	0.328405	-0.172589	0.533576	-0.0417474	-1.35203	-3.62322e-06
3.495	0.328413	-0.172581	0.533554	-0.0417474	-1.35203	-3.63336e-06
3.5	0.328422	-0.172573	0.533532	-0.0417474	-1.35203	-3.6435e-06
3.505	0.328475	-0.172597	0.533519	-0.0431242	-1.35281	-3.63487e-06
3.51	0.328484	-0.172589	0.533497	-0.0431242	-1.35281	-3.64504e-06
3.515	0.328492	-0.172581	0.533475	-0.0431241	-1.35281	-3.6552e-06
3.52	0.328501	-0.172573	0.533454	-0.0431241	-1.35281	-3.66536e-06
3.525	0.328554	-0.172597	0.53344	-0.0445014	-1.3536	-3.64956e-06
3.53	0.328563	-0.172589	0.533418	-0.0445014	-1.3536	-3.65973e-06
3.535	0.328571	-0.172581	0.533396	-0.0445014	-1.3536	-3.6699e-06
3.54	0.32858	-0.172573	0.533375	-0.0445014	-1.3536	-3.68006e-06
3.545	0.328633	-0.172597	0.533361	-0.0458778	-1.35439	-3.65705e-06
3.55	0.328642	-0.172589	0.533339	-0.0458778	-1.35439	-3.66721e-06
3.555	0.32865	-0.172581	0.533318	-0.0458777	-1.35439	-3.67736e-06
3.56	0.328659	-0.172573	0.533296	-0.0458777	-1.35439	-3.68751e-06
3.565	0.328712	-0.172597	0.533282	-0.0472519	-1.35518	-3.65728e-06
3.57	0.32872	-0.172589	0.533261	-0.0472519	-1.35518	-3.66741e-06
3.575	0.328729	-0.172581	0.533239	-0.0472519	-1.35518	-3.67753e-06
3.58	0.328738	-0.172573	0.533217	-0.0472519	-1.35518	-3.68764e-06
3.585	0.32879	-0.172597	0.533204	-0.0486224	-1.35597	-3.65022e-06
3.59	0.328799	-0.172589	0.533182	-0.0486224	-1.35597	-3.6603e-06
3.595	0.328807	-0.172581	0.533161	-0.0486224	-1.35597	-3.67037e-06
3.6	0.328816	-0.172573	0.533139	-0.0486224	-1.35597	-3.68041e-06
3.605	0.328869	-0.172597	0.533126	-0.0499879	-1.35675	-3.63586e-06
3.61	0.328877	-0.172589	0.533104	-0.0499879	-1.35675	-3.64588e-06
3.615	0.328886	-0.172581	0.533083	-0.0499879	-1.35675	-3.65587e-06
3.62	0.328894	-0.172574	0.533061	-0.0499879	-1.35675	-3.66583e-06
3.625	0.328946	-0.172597	0.533048	-0.0513471	-1.35753	-3.61423e-06
3.63	0.328955	-0.172589	0.533026	-0.0513471	-1.35753	-3.62415e-06
3.635	0.328963	-0.172581	0.533005	-0.0513471	-1.35753	-3.63405e-06
3.64	0.328972	-0.172574	0.532983	-0.0513471	-1.35753	-3.64392e-06
3.645	0.329024	-0.172597	0.53297	-0.0526986	-1.3583	-3.58537e-06
3.65	0.329032	-0.172589	0.532949	-0.0526986	-1.3583	-3.59519e-06
3.655	0.329032	-0.172589	0.532949	-0.0527621	-1.35846	2.84906e-05
3.66	0.329016	-0.172601	0.532952	-0.0528214	-1.35863	5.66377e-05
3.665	0.329001	-0.172611	0.532952	-0.0528843	-1.3588	9.23625e-05
3.67	0.328986	-0.172621	0.532954	-0.052946	-1.35897	0.000129734
3.675	0.328972	-0.172629	0.532953	-0.0530117	-1.35913	0.000175595
3.68	0.328958	-0.172637	0.532954	-0.053076	-1.35929	0.000222717
3.685	0.328944	-0.172643	0.532952	-0.053144	-1.35945	0.000277351
3.69	0.32893	-0.172648	0.532952	-0.0532103	-1.35961	0.000332232
3.695	0.328917	-0.172653	0.532949	-0.0532802	-1.35976	0.000393485
3.7	0.328904	-0.172657	0.532949	-0.053348	-1.35992	0.000454134
3.705	0.32889	-0.172661	0.532945	-0.0534192	-1.36008	0.000520403
3.71	0.328878	-0.172664	0.532944	-0.0534881	-1.36024	0.00058516
3.715	0.328865	-0.172667	0.53294	-0.0535603	-1.36039	0.00065499
3.72	0.328853	-0.172669	0.53294	-0.0536299	-1.36054	0.000722468
3.725	0.328841	-0.172671	0.532936	-0.0537027	-1.36069	0.000794817
3.73	0.328829	-0.172674	0.532935	-0.0537727	-1.36085	0.000864098
3.735	0.328817	-0.172675	0.532931	-0.0538459	-1.361	0.00093819
3.74	0.328806	-0.172677	0.53293	-0.0539163	-1.36116	0.00100867
3.745	0.328794	-0.172678	0.532926	-0.0539898	-1.36131	0.00108391
3.75	0.328783	-0.17268	0.532926	-0.0540605	-1.36147	0.00115519
3.755	0.328771	-0.172681	0.532922	-0.0541342	-1.36162	0.00123119
3.76	0.328761	-0.172683	0.532921	-0.054205	-1.36178	0.00130296
3.765	0.328749	-0.172684	0.532918	-0.054279	-1.36193	0.00137944
3.77	0.328739	-0.172685	0.532917	-0.0543499	-1.36209	0.00145148
3.775	0.328727	-0.172686	0.532914	-0.0544241	-1.36224	0.00152824
3.78	0.328717	-0.172687	0.532914	-0.0544951	-1.3624	0.00160037
3.785	0.328706	-0.172688	0.53291	-0.0545694	-1.36255	0.00167727
3.79	0.328696	-0.17269	0.53291	-0.0546406	-1.36271	0.00174935
3.795	0.328685	-0.172691	0.532906	-0.0547151	-1.36286	0.00182632
3.8	0.328675	-0.172692	0.532906	-0.0547867	-1.36302	0.00189877
3.805	0.328664	-0.172694	0.532902	-0.0548616	-1.36317	0.00197608
3.81	0.328653	-0.172695	0.532902	-0.0549335	-1.36333	0.00204871
3.815	0.328642	-0.172696	0.532898	-0.0550087	-1.36348	0.00212612
3.82	0.328632	-0.172698	0.532897	-0.0550806	-1.36364	0.00219817
3.825	0.328621	-0.172699	0.532894	-0.0551559	-1.36379	0.00227497
3.83	0.32861	-0.172701	0.532893	-0.0552285	-1.36395	0.00234776
3.835	0.328599	-0.172702	0.532889	-0.0553041	-1.36409	0.00242478
3.84	0.328589	-0.172704	0.532887	-0.0553773	-1.36425	0.00249809
3.845	0.328578	-0.172705	0.532883	-0.0554531	-1.3644	0.00257507
3.85	0.328567	-0.172707	0.532882	-0.0555261	-1.36456	0.00264761
3.855	0.328556	-0.172709	0.532879	-0.0556017	-1.36471	0.00272399
3.86	0.328546	-0.172711	0.532878	-0.0556745	-1.36486	0.00279585
3.865	0.328535	-0.172713	0.532874	-0.05575	-1.36502	0.00287166
3.87	0.328525	-0.172715	0.532874	-0.0558228	-1.36517	0.00294293
3.875	0.328514	-0.172717	0.532871	-0.0558983	-1.36533	0.00301826
3.88	0.328504	-0.172719	0.53287	-0.0559709	-1.36549	0.00308903
3.885	0.328494	-0.172721	0.532867	-0.0560465	-1.36564	0.00316398
3.89	0.328484	-0.172724	0.532867	-0.0561192	-1.3658	0.0032344
3.895	0.328473	-0.172726	0.532864	-0.0561949	-1.36595	0.00330917
3.9	0.328463	-0.172728	0.532863	-0.056268	-1.36611	0.00337966
3.905	0.328452	-0.172731	0.53286	-0.0563441	-1.36626	0.00345407
3.91	0.328441	-0.172734	0.532859	-0.056418	-1.36641	0.00352405
3.915	0.32843	-0.172736	0.532855	-0.0564944	-1.36656	0.00359791
3.92	0.328419	-0.172739	0.532853	-0.0565687	-1.36672	0.00366791
3.925	0.328408	-0.172742	0.532849	-0.0566454	-1.36687	0.00374171
3.93	0.328397	-0.172745	0.532847	-0.0567199	-1.36702	0.00381196
3.935	0.328386	-0.172748	0.532844	-0.0567962	-1.36717	0.00388602
3.94	0.328376	-0.172751	0.532843	-0.05687	-1.36733	0.00395478
3.945	0.328367	-0.172753	0.532842	-0.0569454	-1.36749	0.00403063
3.95	0.328359	-0.172754	0.532847	-0.0570155	-1.36766	0.00409989
3.955	0.328353	-0.17276	0.532851	-0.0570835	-1.36784	0.0041556
3.96	0.328347	-0.172765	0.532858	-0.0571488	-1.36802	0.0042081
3.965	0.328342	-0.17277	0.532864	-0.057216	-1.3682	0.00426391
3.97	0.328337	-0.172776	0.532873	-0.0572801	-1.36839	0.00431655
3.975	0.328333	-0.17278	0.532881	-0.0573458	-1.36858	0.0043733
3.98	0.328328	-0.172784	0.53289	-0.057411	-1.36876	0.00442818
3.985	0.328323	-0.172788	0.532894	-0.0574801	-1.36894	0.00448971
3.99	0.328317	-0.172791	0.5329	-0.0575491	-1.36912	0.00455392
3.995	0.328309	-0.172794	0.532903	-0.0576212	-1.36928	0.00462231
4.0	0.328302	-0.172797	0.532906	-0.0576928	-1.36946	0.00468924
4.005	0.328294	-0.1728	0.532906	-0.0577673	-1.36962	0.00476105
4.01	0.328285	-0.172803	0.532908	-0.0578408	-1.36978	0.00483022
4.015	0.328276	-0.172805	0.532907	-0.0579164	-1.36994	0.0049027
4.02	0.328267	-0.172808	0.532907	-0.0579915	-1.3701	0.00497366
4.025	0.328257	-0.172811	0.532905	-0.0580682	-1.37026	0.00504737
4.03	0.328248	-0.172814	0.532904	-0.0581443	-1.37041	0.00511818
4.035	0.328237	-0.172818	0.532902	-0.0582217	-1.37056	0.00519047
4.04	0.328227	-0.172821	0.5329	-0.0582987	-1.37072	0.00526189
4.045	0.328216	-0.172825	0.532897	-0.0583767	-1.37087	0.00533365
4.05	0.328206	-0.172829	0.532894	-0.0584543	-1.37102	0.00540467
4.055	0.328195	-0.172833	0.53289	-0.0585329	-1.37117	0.00547655
4.06	0.328184	-0.172836	0.532887	-0.0586112	-1.37132	0.00554869
4.065	0.328173	-0.17284	0.532883	-0.0586902	-1.37147	0.0056206
4.07	0.328162	-0.172844	0.53288	-0.0587689	-1.37162	0.00569262
4.075	0.32815	-0.172848	0.532876	-0.0588482	-1.37177	0.00576403
4.08	0.328139	-0.172852	0.532872	-0.0589274	-1.37191	0.00583646
4.085	0.328128	-0.172856	0.532868	-0.0590074	-1.37206	0.00591029
4.09	0.328116	-0.17286	0.532864	-0.0590871	-1.37221	0.00598272
4.095	0.328105	-0.172864	0.532859	-0.0591676	-1.37235	0.00605649
4.1	0.328093	-0.172869	0.532855	-0.0592475	-1.3725	0.00612827
4.105	0.328081	-0.172873	0.53285	-0.0593281	-1.37265	0.00620007
4.11	0.328069	-0.172878	0.532845	-0.059408	-1.37279	0.00626991
4.115	0.328057	-0.172883	0.53284	-0.0594886	-1.37294	0.00633994
4.12	0.328045	-0.172888	0.532836	-0.0595692	-1.37308	0.0064129
4.125	0.328034	-0.172888	0.532831	-0.0596519	-1.37323	0.00649988
4.13	0.328023	-0.172889	0.532828	-0.0597334	-1.37338	0.00658287
4.135	0.328011	-0.172891	0.532825	-0.0598151	-1.37353	0.00666537
4.14	0.328	-0.172893	0.532822	-0.0598964	-1.37368	0.00674673
4.145	0.327988	-0.172895	0.532818	-0.0599783	-1.37383	0.00682699
4.15	0.327977	-0.172898	0.532814	-0.0600595	-1.37398	0.0069052
4.155	0.327965	-0.172901	0.53281	-0.0601413	-1.37413	0.00698274
4.16	0.327954	-0.172905	0.532806	-0.0602226	-1.37428	0.00705853
4.165	0.327942	-0.172909	0.532802	-0.0603044	-1.37442	0.00713395
4.17	0.32793	-0.172913	0.532798	-0.0603857	-1.37457	0.00720793
4.175	0.327918	-0.172918	0.532794	-0.0604675	-1.37472	0.00728164
4.18	0.327906	-0.172922	0.53279	-0.0605487	-1.37487	0.00735418
4.185	0.327894	-0.172927	0.532786	-0.0606307	-1.37501	0.00742821
4.19	0.327882	-0.172931	0.532782	-0.0607122	-1.37516	0.00750124
4.195	0.327871	-0.172936	0.532777	-0.0607945	-1.37531	0.00757572
4.2	0.327859	-0.17294	0.532774	-0.0608762	-1.37546	0.0076493
4.205	0.327847	-0.172944	0.532769	-0.0609587	-1.3756	0.00772424
4.21	0.327835	-0.172949	0.532766	-0.0610407	-1.37575	0.00779842
4.215	0.327823	-0.172953	0.532761	-0.0611236	-1.3759	0.00787341
4.22	0.327811	-0.172958	0.532758	-0.0612057	-1.37605	0.00794685
4.225	0.327799	-0.172962	0.532753	-0.0612887	-1.37619	0.00802261
4.23	0.327788	-0.172966	0.53275	-0.0613711	-1.37634	0.00809828
4.235	0.327776	-0.172969	0.532746	-0.0614543	-1.37649	0.00817588
4.24	0.327764	-0.172973	0.532744	-0.0615367	-1.37664	0.00825252
4.245	0.327753	-0.172977	0.53274	-0.0616196	-1.3768	0.00832969
4.25	0.327741	-0.17298	0.532737	-0.061703	-1.37695	0.00840865
4.255	0.327729	-0.172983	0.532734	-0.061787	-1.37709	0.00849003
4.26	0.327718	-0.172985	0.53273	-0.0618716	-1.37724	0.0085729
4.265	0.327706	-0.172987	0.532726	-0.0619565	-1.37739	0.00865787
4.27	0.327694	-0.172989	0.532722	-0.062042	-1.37754	0.00874403
4.275	0.327682	-0.17299	0.532719	-0.0621278	-1.37769	0.00883212
4.28	0.327671	-0.172991	0.532715	-0.0622141	-1.37784	0.00892115
4.285	0.327659	-0.172991	0.53271	-0.0623007	-1.37798	0.00901187
4.29	0.327648	-0.172992	0.532706	-0.0623876	-1.37813	0.0091033
4.295	0.327636	-0.172992	0.532702	-0.0624749	-1.37828	0.00919623
4.3	0.327624	-0.172992	0.532698	-0.0625625	-1.37843	0.00928964
4.305	0.327612	-0.172992	0.532694	-0.0626503	-1.37857	0.00938411
4.31	0.327601	-0.172991	0.53269	-0.0627383	-1.37872	0.00947872
4.315	0.327589	-0.172991	0.532685	-0.062827	-1.37887	0.00957495
4.32	0.327578	-0.172991	0.532681	-0.0629153	-1.37901	0.00967049
4.325	0.327566	-0.17299	0.532676	-0.0630044	-1.37916	0.00976738
4.33	0.327554	-0.17299	0.532672	-0.0630924	-1.37931	0.00986103
4.335	0.327543	-0.17299	0.532668	-0.0631813	-1.37945	0.00995633
4.34	0.327531	-0.172991	0.532664	-0.0632697	-1.3796	0.0100483
4.345	0.327519	-0.172991	0.532659	-0.0633589	-1.37974	0.0101423
4.35	0.327508	-0.172992	0.532654	-0.0634476	-1.37989	0.0102335
4.355	0.327496	-0.172993	0.532649	-0.0635372	-1.38003	0.0103268
4.36	0.327484	-0.172994	0.532644	-0.0636262	-1.38018	0.0104172
4.365	0.327472	-0.172995	0.532638	-0.063716	-1.38032	0.0105099
4.37	0.32746	-0.172997	0.532633	-0.0638053	-1.38046	0.0105999
4.375	0.327448	-0.172998	0.532627	-0.063896	-1.3806	0.0106938
4.38	0.327436	-0.172999	0.532623	-0.0639854	-1.38075	0.0107863
4.385	0.327425	-0.173	0.532617	-0.0640753	-1.38089	0.0108779
4.39	0.327413	-0.173003	0.532614	-0.0641622	-1.38104	0.0109607
4.395	0.327401	-0.173006	0.532609	-0.0642515	-1.38119	0.0110462
4.4	0.327389	-0.173011	0.532606	-0.0643375	-1.38134	0.0111234
4.405	0.327377	-0.173016	0.532601	-0.0644257	-1.38148	0.0112025
4.41	0.327365	-0.173022	0.532599	-0.0645109	-1.38163	0.0112742
4.415	0.327352	-0.173028	0.532594	-0.0645984	-1.38178	0.0113485
4.42	0.32734	-0.173035	0.532592	-0.0646826	-1.38193	0.0114151
4.425	0.327327	-0.173043	0.532588	-0.0647688	-1.38208	0.0114841
4.43	0.327315	-0.17305	0.532584	-0.064854	-1.38223	0.0115502
4.435	0.327302	-0.173059	0.53258	-0.0649399	-1.38238	0.0116163
4.44	0.32729	-0.173067	0.532577	-0.0650248	-1.38253	0.0116802
4.445	0.327277	-0.173076	0.532573	-0.065111	-1.38267	0.0117457
4.45	0.327264	-0.173083	0.532568	-0.0651974	-1.38282	0.0118132
4.455	0.327252	-0.173091	0.532564	-0.0652843	-1.38297	0.0118832
4.46	0.327239	-0.173097	0.53256	-0.0653719	-1.38311	0.0119574
4.465	0.327227	-0.173102	0.532556	-0.0654603	-1.38326	0.0120355
4.47	0.327214	-0.173106	0.532552	-0.0655494	-1.38341	0.0121191
4.475	0.327202	-0.173108	0.532548	-0.0656393	-1.38356	0.0122065
4.48	0.32719	-0.17311	0.532545	-0.0657298	-1.38371	0.0122981
4.485	0.327178	-0.173111	0.532542	-0.0658209	-1.38386	0.0123925
4.49	0.327166	-0.173111	0.532538	-0.0659125	-1.38401	0.0124901
4.495	0.327155	-0.17311	0.532535	-0.0660046	-1.38415	0.0125899
4.5	0.327143	-0.173109	0.532532	-0.0660971	-1.3843	0.0126919
4.505	0.327131	-0.173108	0.532528	-0.0661904	-1.38445	0.012797
4.51	0.32712	-0.173103	0.532526	-0.066285	-1.38461	0.0129117
4.515	0.327109	-0.173094	0.532524	-0.0663822	-1.38476	0.0130434
4.52	0.327098	-0.173082	0.532522	-0.066481	-1.38492	0.0131866
4.525	0.327088	-0.173068	0.53252	-0.0665822	-1.38507	0.0133392
4.53	0.327077	-0.173055	0.532515	-0.0666849	-1.38521	0.0134903
4.535	0.327065	-0.173041	0.532511	-0.0667877	-1.38536	0.0136423
4.54	0.327055	-0.173024	0.532508	-0.066892	-1.38551	0.013807
4.545	0.327045	-0.173005	0.532505	-0.0669968	-1.38566	0.0139776
4.55	0.327035	-0.172984	0.532504	-0.0671032	-1.38582	0.0141585
4.555	0.327026	-0.17296	0.532504	-0.0672099	-1.38598	0.0143454
4.56	0.327017	-0.172937	0.532503	-0.0673171	-1.38613	0.0145326
4.565	0.327008	-0.17292	0.532503	-0.0674208	-1.38629	0.0146984
4.57	0.326998	-0.172905	0.532502	-0.0675231	-1.38645	0.0148545
4.575	0.326988	-0.172892	0.532502	-0.0676241	-1.38661	0.0150019
4.58	0.326978	-0.172878	0.532502	-0.0677256	-1.38677	0.0151539
4.585	0.326969	-0.172858	0.532503	-0.0678308	-1.38694	0.0153296
4.59	0.32696	-0.172838	0.532505	-0.0679354	-1.3871	0.0155016
4.595	0.32695	-0.172821	0.532504	-0.0680406	-1.38726	0.0156692
4.6	0.32694	-0.172806	0.532504	-0.068144	-1.38742	0.0158268
4.605	0.32693	-0.172792	0.532502	-0.068248	-1.38757	0.01598
4.61	0.326919	-0.17278	0.5325	-0.0683506	-1.38773	0.0161258
4.615	0.326908	-0.172771	0.532498	-0.0684527	-1.38788	0.0162652
4.62	0.326897	-0.172763	0.532498	-0.0685516	-1.38804	0.0163929
4.625	0.326886	-0.172757	0.532496	-0.0686519	-1.38819	0.016519
4.63	0.326874	-0.172753	0.532495	-0.0687494	-1.38835	0.0166355
4.635	0.326863	-0.17275	0.532492	-0.0688485	-1.3885	0.0167515
4.64	0.326851	-0.172747	0.532491	-0.0689459	-1.38866	0.0168639
4.645	0.32684	-0.172741	0.532488	-0.0690468	-1.38881	0.0169898
4.65	0.326829	-0.172737	0.532488	-0.0691452	-1.38897	0.0171097
4.655	0.326818	-0.172728	0.532483	-0.0692496	-1.38911	0.0172483
4.66	0.326806	-0.172722	0.53248	-0.069351	-1.38926	0.0173759
4.665	0.326795	-0.172716	0.532475	-0.0694536	-1.38941	0.0175025
4.67	0.326784	-0.172713	0.532473	-0.0695533	-1.38956	0.0176197
4.675	0.326772	-0.17271	0.532468	-0.0696545	-1.3897	0.0177366
4.68	0.32676	-0.172708	0.532466	-0.069753	-1.38986	0.017846
4.685	0.326748	-0.172707	0.532462	-0.069853	-1.39	0.0179557
4.69	0.326736	-0.172707	0.53246	-0.0699506	-1.39016	0.018059
4.695	0.326724	-0.172708	0.532456	-0.0700495	-1.3903	0.0181627
4.7	0.326712	-0.172709	0.532454	-0.0701462	-1.39046	0.0182609
4.705	0.3267	-0.172711	0.53245	-0.0702449	-1.3906	0.0183615
4.71	0.326688	-0.172713	0.532448	-0.0703409	-1.39076	0.0184558
4.715	0.326675	-0.172715	0.532444	-0.0704394	-1.39091	0.0185533
4.72	0.326663	-0.172719	0.532443	-0.0705351	-1.39106	0.018645
4.725	0.326651	-0.172721	0.532438	-0.0706334	-1.39121	0.0187402
4.73	0.326639	-0.172725	0.532437	-0.0707289	-1.39136	0.0188298
4.735	0.326626	-0.172729	0.532433	-0.0708271	-1.39151	0.0189231
4.74	0.326614	-0.172733	0.532432	-0.0709226	-1.39167	0.0190112
4.745	0.326601	-0.172737	0.532427	-0.0710207	-1.39181	0.0191031
4.75	0.326589	-0.172742	0.532426	-0.0711162	-1.39197	0.0191899
4.755	0.326576	-0.172746	0.532422	-0.0712143	-1.39212	0.0192807
4.76	0.326564	-0.172751	0.532421	-0.0713098	-1.39227	0.0193666
4.765	0.326552	-0.172755	0.532417	-0.071408	-1.39242	0.0194565
4.77	0.326539	-0.172761	0.532416	-0.0715036	-1.39257	0.0195414
4.775	0.326527	-0.172765	0.532411	-0.0716019	-1.39272	0.0196306
4.78	0.326514	-0.172771	0.53241	-0.0716976	-1.39288	0.0197149
4.785	0.326502	-0.172776	0.532406	-0.0717959	-1.39302	0.0198034
4.79	0.326489	-0.172782	0.532405	-0.0718918	-1.39318	0.0198871
4.795	0.326476	-0.172787	0.532401	-0.0719902	-1.39333	0.0199741
4.8	0.326464	-0.172794	0.532399	-0.0720857	-1.39348	0.0200538
4.805	0.326451	-0.172801	0.532395	-0.0721838	-1.39363	0.0201372
4.81	0.326438	-0.172808	0.532394	-0.072279	-1.39378	0.0202137
4.815	0.326425	-0.172816	0.532389	-0.0723769	-1.39393	0.0202943
4.82	0.326413	-0.172824	0.532388	-0.0724724	-1.39408	0.0203701
4.825	0.326399	-0.172831	0.532384	-0.0725705	-1.39423	0.0204526
4.83	0.326387	-0.17284	0.532385	-0.072664	-1.39439	0.0205239
4.835	0.326373	-0.172844	0.532379	-0.0727657	-1.39454	0.0206187
4.84	0.326362	-0.172839	0.532382	-0.0728672	-1.39471	0.0207399
4.845	0.326351	-0.172832	0.532381	-0.0729732	-1.39486	0.0208745
4.85	0.32634	-0.172817	0.532384	-0.0730829	-1.39503	0.0210391
4.855	0.326329	-0.172799	0.532383	-0.0731971	-1.39519	0.021217
4.86	0.326319	-0.172775	0.532386	-0.0733135	-1.39536	0.0214161
4.865	0.326308	-0.172753	0.532384	-0.073431	-1.39551	0.0216088
4.87	0.326297	-0.172735	0.532386	-0.0735443	-1.39568	0.0217852
4.875	0.326285	-0.172719	0.532384	-0.0736589	-1.39583	0.0219577
4.88	0.326274	-0.172706	0.532385	-0.0737699	-1.396	0.0221157
4.885	0.326262	-0.172695	0.532383	-0.0738824	-1.39615	0.0222716
4.89	0.32625	-0.172686	0.532383	-0.0739914	-1.39631	0.0224145
4.895	0.326237	-0.172678	0.532379	-0.0741022	-1.39646	0.0225564
4.9	0.326225	-0.172673	0.532379	-0.0742097	-1.39662	0.0226866
4.905	0.326212	-0.172668	0.532375	-0.074319	-1.39677	0.0228168
4.91	0.3262	-0.172666	0.532374	-0.0744251	-1.39692	0.0229364
4.915	0.326186	-0.172664	0.53237	-0.0745332	-1.39707	0.0230568
4.92	0.326174	-0.172664	0.532369	-0.0746382	-1.39722	0.0231676
4.925	0.32616	-0.172665	0.532364	-0.0747453	-1.39737	0.0232799
4.93	0.326148	-0.172667	0.532363	-0.0748494	-1.39752	0.0233834
4.935	0.326134	-0.172669	0.532358	-0.0749556	-1.39767	0.023489
4.94	0.326121	-0.172673	0.532356	-0.0750589	-1.39782	0.0235866
4.945	0.326108	-0.172676	0.532351	-0.0751645	-1.39797	0.0236867
4.95	0.326095	-0.172682	0.532349	-0.0752672	-1.39812	0.0237793
4.955	0.326081	-0.172686	0.532344	-0.0753723	-1.39826	0.0238755
4.96	0.326068	-0.172692	0.532343	-0.0754749	-1.39842	0.0239662
4.965	0.326055	-0.172697	0.532338	-0.0755798	-1.39856	0.0240606
4.97	0.326042	-0.172703	0.532336	-0.0756823	-1.39872	0.0241498
4.975	0.326028	-0.172709	0.532331	-0.0757872	-1.39886	0.0242429
4.98	0.326015	-0.172716	0.53233	-0.0758897	-1.39902	0.024331
4.985	0.326002	-0.172722	0.532325	-0.0759946	-1.39916	0.0244231
4.99	0.325989	-0.172728	0.532323	-0.0760971	-1.39931	0.0245104
4.995	0.325976	-0.172734	0.532318	-0.076203	-1.39946	0.0246058
5.0	0.325963	-0.172737	0.532316	-0.0763087	-1.39961	0.0247064
5.005	0.32595	-0.172741	0.532312	-0.0764152	-1.39976	0.0248069
5.01	0.325938	-0.172745	0.532309	-0.0765207	-1.39991	0.0249048
5.015	0.325924	-0.17275	0.532306	-0.0766268	-1.40005	0.0250024
5.02	0.325912	-0.172755	0.532303	-0.0767322	-1.40021	0.0250978
5.025	0.325899	-0.17276	0.5323	-0.0768376	-1.40036	0.0251917
5.03	0.325886	-0.172767	0.532299	-0.0769416	-1.40051	0.0252821
5.035	0.325873	-0.172772	0.532295	-0.0770477	-1.40066	0.025376
5.04	0.32586	-0.172779	0.532294	-0.0771518	-1.40081	0.0254654
5.045	0.325847	-0.172785	0.532289	-0.0772581	-1.40096	0.0255578
5.05	0.325834	-0.172793	0.532288	-0.0773621	-1.40111	0.0256438
5.055	0.32582	-0.172797	0.532283	-0.0774711	-1.40126	0.0257476
5.06	0.325807	-0.172791	0.532279	-0.0775862	-1.40141	0.0258879
5.065	0.325795	-0.172781	0.532274	-0.0777047	-1.40155	0.0260422
5.07	0.325782	-0.172765	0.53227	-0.0778275	-1.4017	0.0262225
5.075	0.32577	-0.172749	0.532266	-0.0779515	-1.40184	0.0264058
5.08	0.325758	-0.172735	0.532263	-0.0780728	-1.40199	0.0265774
5.085	0.325745	-0.172724	0.532258	-0.0781939	-1.40214	0.0267428
5.09	0.325732	-0.172714	0.532256	-0.0783126	-1.40229	0.0268975
5.095	0.32572	-0.172706	0.532251	-0.0784314	-1.40243	0.0270477
5.1	0.325707	-0.172701	0.532248	-0.0785478	-1.40258	0.0271885
5.105	0.325694	-0.172696	0.532244	-0.0786647	-1.40273	0.0273261
5.11	0.325681	-0.172694	0.532241	-0.0787795	-1.40288	0.0274554
5.115	0.325667	-0.172692	0.532236	-0.0788948	-1.40302	0.0275826
5.12	0.325654	-0.172692	0.532233	-0.0790082	-1.40317	0.0277026
5.125	0.325641	-0.172693	0.532229	-0.0791224	-1.40332	0.0278216
5.13	0.325628	-0.172694	0.532226	-0.0792347	-1.40347	0.0279345
5.135	0.325614	-0.172697	0.532221	-0.0793484	-1.40361	0.0280482
5.14	0.325601	-0.172699	0.532217	-0.0794614	-1.40376	0.0281607
5.145	0.325588	-0.172698	0.532213	-0.0795765	-1.4039	0.0282843
5.15	0.325577	-0.172692	0.532212	-0.0796944	-1.40406	0.0284277
5.155	0.325566	-0.172681	0.532212	-0.0798155	-1.40422	0.0285915
5.16	0.325557	-0.172665	0.532213	-0.0799391	-1.40438	0.0287717
5.165	0.325548	-0.172646	0.532215	-0.0800647	-1.40455	0.0289624
5.17	0.325538	-0.17263	0.532216	-0.0801892	-1.40471	0.0291439
5.175	0.325528	-0.172617	0.532217	-0.0803125	-1.40487	0.0293163
5.18	0.325518	-0.172605	0.532216	-0.0804351	-1.40503	0.0294815
5.185	0.325507	-0.172596	0.532215	-0.0805569	-1.40518	0.0296396
5.19	0.325496	-0.172588	0.532214	-0.0806776	-1.40534	0.0297904
5.195	0.325485	-0.172583	0.532213	-0.0807976	-1.40549	0.0299354
5.2	0.325473	-0.172578	0.532211	-0.0809167	-1.40565	0.0300742
5.205	0.325461	-0.172575	0.532209	-0.0810353	-1.4058	0.0302082
5.21	0.325449	-0.172574	0.532207	-0.0811531	-1.40595	0.0303369
5.215	0.325437	-0.172574	0.532204	-0.0812706	-1.4061	0.0304618
5.22	0.325424	-0.172574	0.532202	-0.0813874	-1.40625	0.0305825
5.225	0.325411	-0.172576	0.532199	-0.0815039	-1.4064	0.0307004
5.23	0.325399	-0.172578	0.532196	-0.08162	-1.40655	0.0308148
5.235	0.325386	-0.172582	0.532193	-0.0817359	-1.4067	0.030927
5.24	0.325373	-0.172586	0.53219	-0.0818513	-1.40685	0.0310357
5.245	0.325359	-0.17259	0.532187	-0.0819665	-1.407	0.0311424
5.25	0.325346	-0.172596	0.532184	-0.0820814	-1.40715	0.0312461
5.255	0.325333	-0.172602	0.53218	-0.0821962	-1.4073	0.0313481
5.26	0.325319	-0.172608	0.532177	-0.0823106	-1.40744	0.0314476
5.265	0.325306	-0.172615	0.532173	-0.082425	-1.40759	0.0315459
5.27	0.325292	-0.172623	0.532169	-0.0825392	-1.40774	0.031642
5.275	0.325279	-0.172631	0.532165	-0.0826534	-1.40788	0.0317372
5.28	0.325265	-0.172639	0.532161	-0.0827673	-1.40803	0.0318307
5.285	0.325251	-0.172648	0.532157	-0.0828813	-1.40818	0.0319235
5.29	0.325237	-0.172657	0.532154	-0.0829951	-1.40832	0.0320147
5.295	0.325224	-0.172664	0.53215	-0.0831103	-1.40847	0.0321141
5.3	0.325213	-0.172664	0.53215	-0.0832286	-1.40863	0.0322368
5.305	0.325203	-0.172664	0.532152	-0.0833471	-1.40879	0.0323623
5.31	0.325192	-0.17266	0.532153	-0.0834684	-1.40896	0.0325023
5.315	0.325182	-0.172657	0.532154	-0.0835895	-1.40912	0.0326382
5.32	0.325171	-0.172656	0.532154	-0.08371	-1.40928	0.0327691
5.325	0.325159	-0.172655	0.532154	-0.0838304	-1.40944	0.0328966
5.33	0.325148	-0.172656	0.532153	-0.0839502	-1.40959	0.0330196
5.335	0.325136	-0.172658	0.532152	-0.0840701	-1.40975	0.0331398
5.34	0.325123	-0.172661	0.53215	-0.0841894	-1.4099	0.0332561
5.345	0.325111	-0.172664	0.532148	-0.0843087	-1.41005	0.0333702
5.35	0.325098	-0.172669	0.532146	-0.0844276	-1.4102	0.0334809
5.355	0.325085	-0.172674	0.532143	-0.0845466	-1.41035	0.0335899
5.36	0.325072	-0.17268	0.53214	-0.0846651	-1.4105	0.0336959
5.365	0.325059	-0.172686	0.532137	-0.0847837	-1.41065	0.0338005
5.37	0.325046	-0.172693	0.532134	-0.084902	-1.4108	0.0339026
5.375	0.325032	-0.172701	0.53213	-0.0850205	-1.41095	0.0340039
5.38	0.325019	-0.172708	0.532127	-0.0851387	-1.4111	0.0341037
5.385	0.325005	-0.172716	0.532123	-0.0852572	-1.41124	0.034203
5.39	0.324992	-0.172724	0.53212	-0.0853754	-1.41139	0.0343011
5.395	0.324978	-0.172733	0.532116	-0.0854939	-1.41154	0.0343989
5.4	0.324965	-0.172742	0.532113	-0.0856123	-1.41169	0.0344957
5.405	0.324951	-0.17275	0.532109	-0.0857309	-1.41183	0.0345923
5.41	0.324938	-0.172759	0.532105	-0.0858494	-1.41198	0.034688
5.415	0.324924	-0.172769	0.532101	-0.0859682	-1.41212	0.0347836
5.42	0.32491	-0.172778	0.532098	-0.0860868	-1.41227	0.0348784
5.425	0.324896	-0.172786	0.532093	-0.0862073	-1.41242	0.0349806
5.43	0.324883	-0.172787	0.532089	-0.086333	-1.41256	0.0351096
5.435	0.32487	-0.172782	0.532085	-0.0864632	-1.41271	0.0352621
5.44	0.324858	-0.172771	0.532081	-0.0865978	-1.41285	0.0354363
5.445	0.324846	-0.172757	0.532078	-0.086736	-1.413	0.0356288
5.45	0.324834	-0.172738	0.532074	-0.0868776	-1.41315	0.035838
5.455	0.324822	-0.172715	0.532071	-0.0870221	-1.4133	0.0360609
5.46	0.324811	-0.17269	0.532068	-0.0871692	-1.41345	0.0362963
5.465	0.3248	-0.172662	0.532065	-0.0873185	-1.4136	0.0365418
5.47	0.324789	-0.172632	0.532062	-0.08747	-1.41374	0.0367966
5.475	0.324778	-0.1726	0.53206	-0.0876231	-1.41389	0.0370587
5.48	0.324767	-0.172567	0.532057	-0.0877775	-1.41404	0.0373249
5.485	0.324756	-0.172536	0.532054	-0.087931	-1.41419	0.0375858
5.49	0.324745	-0.172506	0.532051	-0.0880841	-1.41434	0.0378424
5.495	0.324734	-0.172479	0.532048	-0.0882352	-1.41449	0.0380869
5.5	0.324723	-0.172454	0.532045	-0.088385	-1.41464	0.0383213
5.505	0.324711	-0.172433	0.532041	-0.088533	-1.41478	0.0385453
5.51	0.324699	-0.172413	0.532036	-0.0886799	-1.41493	0.0387609
5.515	0.324687	-0.172396	0.532032	-0.0888253	-1.41507	0.0389677
5.52	0.324675	-0.172381	0.532027	-0.0889697	-1.41521	0.0391676
5.525	0.324662	-0.172368	0.532022	-0.0891129	-1.41536	0.0393599
5.53	0.32465	-0.172356	0.532017	-0.0892553	-1.4155	0.0395467
5.535	0.324637	-0.172346	0.532012	-0.0893967	-1.41564	0.0397276
5.54	0.324625	-0.172336	0.532006	-0.0895381	-1.41578	0.0399068
5.545	0.324612	-0.172326	0.532001	-0.0896801	-1.41592	0.0400879
5.55	0.3246	-0.172316	0.531995	-0.0898221	-1.41606	0.040268
5.555	0.324587	-0.172306	0.53199	-0.089964	-1.4162	0.0404473
5.56	0.324575	-0.172297	0.531984	-0.0901061	-1.41634	0.0406265
5.565	0.324563	-0.172287	0.531979	-0.0902483	-1.41648	0.040805
5.57	0.324551	-0.172278	0.531974	-0.0903906	-1.41662	0.0409835
5.575	0.324538	-0.172269	0.531968	-0.0905329	-1.41676	0.0411607
5.58	0.324526	-0.172261	0.531962	-0.0906748	-1.4169	0.0413345
5.585	0.324514	-0.172254	0.531956	-0.0908163	-1.41704	0.0415047
5.59	0.324501	-0.172248	0.53195	-0.0909574	-1.41718	0.0416718
5.595	0.324488	-0.172242	0.531943	-0.091098	-1.41732	0.0418358
5.6	0.324476	-0.172237	0.531937	-0.0912386	-1.41745	0.0419984
5.605	0.324463	-0.172232	0.53193	-0.0913798	-1.41759	0.042163
5.61	0.32445	-0.172226	0.531923	-0.0915223	-1.41772	0.0423325
5.615	0.324437	-0.172216	0.531916	-0.0916679	-1.41786	0.0425163
5.62	0.324424	-0.172205	0.531907	-0.0918142	-1.41799	0.0427017
5.625	0.324412	-0.172196	0.531901	-0.0919593	-1.41812	0.0428817
5.63	0.324398	-0.172188	0.531892	-0.0921047	-1.41826	0.0430604
5.635	0.324386	-0.172181	0.531887	-0.0922485	-1.41839	0.0432333
5.64	0.324373	-0.172174	0.531879	-0.0923928	-1.41853	0.0434052
5.645	0.32436	-0.172168	0.531874	-0.0925356	-1.41867	0.0435719
5.65	0.324347	-0.172163	0.531866	-0.0926791	-1.4188	0.0437383
5.655	0.324335	-0.172159	0.531861	-0.0928213	-1.41894	0.0438993
5.66	0.324322	-0.172155	0.531854	-0.0929635	-1.41908	0.0440585
5.665	0.324309	-0.172153	0.531848	-0.0931051	-1.41922	0.0442141
5.67	0.324296	-0.172151	0.531841	-0.0932467	-1.41935	0.0443683
5.675	0.324283	-0.17215	0.531835	-0.0933878	-1.41949	0.0445194
5.68	0.32427	-0.172149	0.531827	-0.0935291	-1.41962	0.0446701
5.685	0.324257	-0.172148	0.531821	-0.0936702	-1.41976	0.0448197
5.69	0.324245	-0.172146	0.531814	-0.0938121	-1.4199	0.0449718
5.695	0.324232	-0.172143	0.531809	-0.0939556	-1.42004	0.0451323
5.7	0.32422	-0.172138	0.531803	-0.0941003	-1.42017	0.0452975
5.705	0.324208	-0.172133	0.531798	-0.0942452	-1.42032	0.045464
5.71	0.324196	-0.172128	0.531792	-0.0943912	-1.42046	0.0456337
5.715	0.324184	-0.172121	0.531787	-0.0945378	-1.4206	0.045807
5.72	0.324172	-0.172114	0.531782	-0.0946853	-1.42074	0.0459828
5.725	0.32416	-0.172106	0.531778	-0.0948334	-1.42088	0.0461614
5.73	0.324148	-0.172098	0.531772	-0.0949824	-1.42102	0.0463421
5.735	0.324137	-0.172089	0.531768	-0.0951317	-1.42117	0.046525
5.74	0.324125	-0.17208	0.531763	-0.0952819	-1.42131	0.0467098
5.745	0.324113	-0.172071	0.531759	-0.0954324	-1.42145	0.0468957
5.75	0.3241	-0.172062	0.531753	-0.0955833	-1.42159	0.0470801
5.755	0.324088	-0.172054	0.531746	-0.0957341	-1.42173	0.0472631
5.76	0.324074	-0.172046	0.531737	-0.0958858	-1.42185	0.0474467
5.765	0.324059	-0.172038	0.531728	-0.0960376	-1.42198	0.0476298
5.77	0.324044	-0.17203	0.531717	-0.0961905	-1.4221	0.0478153
5.775	0.32403	-0.172021	0.531708	-0.0963435	-1.42223	0.0480022
5.78	0.324015	-0.172012	0.531698	-0.096497	-1.42236	0.04819
5.785	0.324002	-0.172003	0.53169	-0.0966505	-1.42249	0.0483779
5.79	0.323988	-0.171996	0.531682	-0.0968034	-1.42262	0.0485619
5.795	0.323975	-0.171989	0.531675	-0.0969551	-1.42276	0.04874
5.8	0.323961	-0.171983	0.531668	-0.0971066	-1.42289	0.0489156
5.805	0.323948	-0.171978	0.531662	-0.0972576	-1.42303	0.049089
5.81	0.323934	-0.171973	0.531656	-0.0974088	-1.42317	0.0492617
5.815	0.323921	-0.171968	0.53165	-0.09756	-1.42331	0.0494342
5.82	0.323909	-0.171962	0.531644	-0.0977122	-1.42345	0.0496111
5.825	0.323896	-0.171956	0.531641	-0.0978648	-1.42359	0.0497901
5.83	0.323885	-0.171947	0.531638	-0.0980191	-1.42374	0.0499767
5.835	0.323874	-0.171939	0.531637	-0.0981737	-1.42389	0.0501645
5.84	0.323863	-0.171928	0.531636	-0.0983298	-1.42405	0.0503588
5.845	0.323852	-0.171918	0.531636	-0.098486	-1.42421	0.0505534
5.85	0.323842	-0.171907	0.531637	-0.0986434	-1.42437	0.0507519
5.855	0.323831	-0.171897	0.531638	-0.0987997	-1.42453	0.0509439
5.86	0.32382	-0.171887	0.531636	-0.0989567	-1.42468	0.0511371
5.865	0.323809	-0.171879	0.531635	-0.0991133	-1.42483	0.0513268
5.87	0.323797	-0.17187	0.531631	-0.0992699	-1.42498	0.051515
5.875	0.323786	-0.171864	0.531629	-0.0994255	-1.42513	0.0516977
5.88	0.323776	-0.171857	0.53163	-0.0995808	-1.42529	0.0518799
5.885	0.32377	-0.171853	0.531637	-0.0997328	-1.42547	0.0520492
5.89	0.323767	-0.171848	0.531648	-0.0998842	-1.42566	0.0522174
5.895	0.323766	-0.171846	0.531664	-0.100033	-1.42587	0.0523765
5.9	0.323764	-0.171844	0.531676	-0.100183	-1.42606	0.0525363
5.905	0.32376	-0.171844	0.531686	-0.100333	-1.42625	0.0526911
5.91	0.323755	-0.171846	0.531693	-0.100481	-1.42643	0.0528374
5.915	0.323751	-0.171848	0.531702	-0.10063	-1.42662	0.0529834
5.92	0.323745	-0.171851	0.531709	-0.100778	-1.4268	0.0531274
5.925	0.323739	-0.171854	0.531716	-0.100926	-1.42698	0.0532685
5.93	0.323731	-0.171858	0.53172	-0.101075	-1.42715	0.0534105
5.935	0.323724	-0.171862	0.531723	-0.101224	-1.42731	0.0535513
5.94	0.323715	-0.171866	0.531725	-0.101373	-1.42747	0.0536925
5.945	0.323705	-0.17187	0.531725	-0.101523	-1.42763	0.0538329
5.95	0.323694	-0.171875	0.531723	-0.101673	-1.42778	0.0539736
5.955	0.323683	-0.17188	0.53172	-0.101823	-1.42793	0.0541134
5.96	0.323671	-0.171885	0.531716	-0.101974	-1.42807	0.0542534
5.965	0.323658	-0.17189	0.531711	-0.102125	-1.42821	0.0543936
