0	0.310429 	-0.173769 	0.537008 	0.180534 	-1.45468 	-0.24872 	
0.005	0.310429 	-0.173769 	0.537008 	0.180534 	-1.45468 	-0.24872 	
0.01	0.310429 	-0.173769 	0.537008 	0.180534 	-1.45468 	-0.24872 	
0.015	0.31043 	-0.173769 	0.537008 	0.180534 	-1.45468 	-0.24872 	
0.02	0.310431 	-0.173769 	0.537008 	0.180534 	-1.45468 	-0.24872 	
0.025	0.310433 	-0.173769 	0.537009 	0.180534 	-1.45468 	-0.24872 	
0.03	0.310435 	-0.173769 	0.537009 	0.180534 	-1.45468 	-0.24872 	
0.035	0.310438 	-0.173769 	0.53701 	0.180534 	-1.45468 	-0.24872 	
0.04	0.310441 	-0.173769 	0.53701 	0.180534 	-1.45468 	-0.24872 	
0.045	0.310445 	-0.173769 	0.537011 	0.180534 	-1.45468 	-0.24872 	
0.05	0.31045 	-0.173769 	0.537012 	0.180534 	-1.45468 	-0.24872 	
0.055	0.310455 	-0.17377 	0.537013 	0.180534 	-1.45468 	-0.24872 	
0.06	0.310461 	-0.17377 	0.537014 	0.180534 	-1.45468 	-0.24872 	
0.065	0.310467 	-0.17377 	0.537015 	0.180534 	-1.45468 	-0.24872 	
0.07	0.310473 	-0.17377 	0.537016 	0.180534 	-1.45468 	-0.24872 	
0.075	0.310481 	-0.17377 	0.537018 	0.180534 	-1.45468 	-0.24872 	
0.08	0.310488 	-0.17377 	0.537019 	0.180534 	-1.45468 	-0.24872 	
0.085	0.310497 	-0.17377 	0.537021 	0.180534 	-1.45468 	-0.24872 	
0.09	0.310505 	-0.173771 	0.537022 	0.180534 	-1.45468 	-0.24872 	
0.095	0.310516 	-0.173771 	0.537024 	0.180534 	-1.45468 	-0.24872 	
0.1	0.310526 	-0.173771 	0.537026 	0.180534 	-1.45468 	-0.24872 	
0.105	0.310536 	-0.173771 	0.537028 	0.180534 	-1.45468 	-0.24872 	
0.11	0.310547 	-0.173771 	0.53703 	0.180534 	-1.45468 	-0.24872 	
0.115	0.310559 	-0.173772 	0.537032 	0.180534 	-1.45468 	-0.24872 	
0.12	0.310571 	-0.173772 	0.537034 	0.180534 	-1.45468 	-0.24872 	
0.125	0.310583 	-0.173772 	0.537037 	0.180534 	-1.45468 	-0.24872 	
0.13	0.310597 	-0.173772 	0.537039 	0.180534 	-1.45468 	-0.24872 	
0.135	0.31061 	-0.173773 	0.537042 	0.180534 	-1.45468 	-0.24872 	
0.14	0.310624 	-0.173773 	0.537044 	0.180534 	-1.45468 	-0.24872 	
0.145	0.310639 	-0.173773 	0.537047 	0.180534 	-1.45468 	-0.24872 	
0.15	0.310654 	-0.173774 	0.53705 	0.180534 	-1.45468 	-0.24872 	
0.155	0.31067 	-0.173774 	0.537053 	0.180534 	-1.45468 	-0.24872 	
0.16	0.310687 	-0.173774 	0.537056 	0.180534 	-1.45468 	-0.24872 	
0.165	0.310641 	-0.173759 	0.53704 	0.178912 	-1.45354 	-0.246485 	
0.17	0.310658 	-0.173759 	0.537043 	0.178912 	-1.45354 	-0.246485 	
0.175	0.310676 	-0.17376 	0.537047 	0.178912 	-1.45354 	-0.246485 	
0.18	0.310695 	-0.17376 	0.53705 	0.178912 	-1.45354 	-0.246485 	
0.185	0.310714 	-0.17376 	0.537054 	0.178912 	-1.45354 	-0.246485 	
0.19	0.310733 	-0.173761 	0.537057 	0.178912 	-1.45354 	-0.246485 	
0.195	0.310753 	-0.173761 	0.537061 	0.178912 	-1.45354 	-0.246485 	
0.2	0.310774 	-0.173762 	0.537065 	0.178912 	-1.45354 	-0.246485 	
0.205	0.310795 	-0.173762 	0.537069 	0.178912 	-1.45354 	-0.246485 	
0.21	0.310816 	-0.173762 	0.537073 	0.178912 	-1.45354 	-0.246485 	
0.215	0.310839 	-0.173763 	0.537077 	0.178912 	-1.45354 	-0.246485 	
0.22	0.310861 	-0.173763 	0.537081 	0.178912 	-1.45354 	-0.246485 	
0.225	0.310823 	-0.173749 	0.537066 	0.177313 	-1.45242 	-0.244282 	
0.23	0.310846 	-0.173749 	0.537071 	0.177313 	-1.45242 	-0.244282 	
0.235	0.310871 	-0.173749 	0.537075 	0.177313 	-1.45242 	-0.244282 	
0.24	0.310895 	-0.17375 	0.53708 	0.177313 	-1.45242 	-0.244282 	
0.245	0.310921 	-0.17375 	0.537085 	0.177313 	-1.45242 	-0.244282 	
0.25	0.310946 	-0.173751 	0.537089 	0.177313 	-1.45242 	-0.244282 	
0.255	0.310973 	-0.173751 	0.537094 	0.177313 	-1.45242 	-0.244282 	
0.26	0.310999 	-0.173752 	0.537099 	0.177313 	-1.45242 	-0.244282 	
0.265	0.311027 	-0.173752 	0.537104 	0.177313 	-1.45242 	-0.244282 	
0.27	0.311054 	-0.173753 	0.537109 	0.177313 	-1.45242 	-0.244282 	
0.275	0.311017 	-0.173738 	0.537095 	0.175618 	-1.45123 	-0.241947 	
0.28	0.311046 	-0.173738 	0.5371 	0.175618 	-1.45123 	-0.241947 	
0.285	0.311076 	-0.173739 	0.537106 	0.175618 	-1.45123 	-0.241947 	
0.29	0.311105 	-0.173739 	0.537111 	0.175618 	-1.45123 	-0.241947 	
0.295	0.311136 	-0.17374 	0.537117 	0.175618 	-1.45123 	-0.241947 	
0.3	0.311167 	-0.17374 	0.537122 	0.175618 	-1.45123 	-0.241947 	
0.305	0.311198 	-0.173741 	0.537128 	0.175618 	-1.45123 	-0.241947 	
0.31	0.31123 	-0.173741 	0.537134 	0.175618 	-1.45123 	-0.241947 	
0.315	0.3112 	-0.173727 	0.537121 	0.174005 	-1.4501 	-0.239725 	
0.32	0.311233 	-0.173728 	0.537127 	0.174005 	-1.4501 	-0.239725 	
0.325	0.311266 	-0.173728 	0.537134 	0.174005 	-1.4501 	-0.239725 	
0.33	0.3113 	-0.173729 	0.53714 	0.174005 	-1.4501 	-0.239725 	
0.335	0.311334 	-0.173729 	0.537146 	0.174005 	-1.4501 	-0.239725 	
0.34	0.311369 	-0.17373 	0.537153 	0.174005 	-1.4501 	-0.239725 	
0.345	0.311404 	-0.17373 	0.537159 	0.174005 	-1.4501 	-0.239725 	
0.35	0.311379 	-0.173717 	0.537147 	0.172425 	-1.44899 	-0.237548 	
0.355	0.311416 	-0.173717 	0.537154 	0.172425 	-1.44899 	-0.237548 	
0.36	0.311452 	-0.173718 	0.537161 	0.172425 	-1.44899 	-0.237548 	
0.365	0.31149 	-0.173719 	0.537168 	0.172425 	-1.44899 	-0.237548 	
0.37	0.311527 	-0.173719 	0.537175 	0.172425 	-1.44899 	-0.237548 	
0.375	0.311566 	-0.17372 	0.537182 	0.172425 	-1.44899 	-0.237548 	
0.38	0.311604 	-0.17372 	0.537189 	0.172425 	-1.44899 	-0.237548 	
0.385	0.311577 	-0.173706 	0.537176 	0.170708 	-1.44779 	-0.235182 	
0.39	0.311617 	-0.173706 	0.537184 	0.170708 	-1.44779 	-0.235182 	
0.395	0.311657 	-0.173707 	0.537191 	0.170708 	-1.44779 	-0.235182 	
0.4	0.311698 	-0.173707 	0.537198 	0.170708 	-1.44779 	-0.235182 	
0.405	0.311739 	-0.173708 	0.537206 	0.170708 	-1.44779 	-0.235182 	
0.41	0.311781 	-0.173708 	0.537214 	0.170708 	-1.44779 	-0.235182 	
0.415	0.31176 	-0.173695 	0.537203 	0.169088 	-1.44665 	-0.232951 	
0.42	0.311803 	-0.173696 	0.537211 	0.169088 	-1.44665 	-0.232951 	
0.425	0.311846 	-0.173696 	0.537218 	0.169089 	-1.44665 	-0.232951 	
0.43	0.311889 	-0.173697 	0.537226 	0.169089 	-1.44665 	-0.232951 	
0.435	0.311933 	-0.173697 	0.537235 	0.169089 	-1.44665 	-0.232951 	
0.44	0.311978 	-0.173698 	0.537243 	0.169089 	-1.44665 	-0.232951 	
0.445	0.311956 	-0.173684 	0.537231 	0.16738 	-1.44546 	-0.230597 	
0.45	0.312002 	-0.173685 	0.53724 	0.16738 	-1.44546 	-0.230597 	
0.455	0.312047 	-0.173685 	0.537248 	0.16738 	-1.44546 	-0.230597 	
0.46	0.312094 	-0.173686 	0.537257 	0.16738 	-1.44546 	-0.230597 	
0.465	0.312141 	-0.173686 	0.537265 	0.16738 	-1.44546 	-0.230597 	
0.47	0.312188 	-0.173687 	0.537274 	0.16738 	-1.44546 	-0.230597 	
0.475	0.312165 	-0.173672 	0.537262 	0.165564 	-1.44418 	-0.228096 	
0.48	0.312213 	-0.173673 	0.537271 	0.165564 	-1.44418 	-0.228096 	
0.485	0.312262 	-0.173673 	0.537279 	0.165564 	-1.44418 	-0.228096 	
0.49	0.312311 	-0.173674 	0.537288 	0.165564 	-1.44418 	-0.228096 	
0.495	0.31236 	-0.173674 	0.537297 	0.165564 	-1.44418 	-0.228096 	
0.5	0.312347 	-0.173662 	0.537288 	0.163939 	-1.44304 	-0.225857 	
0.505	0.312397 	-0.173662 	0.537297 	0.163939 	-1.44304 	-0.225857 	
0.51	0.312448 	-0.173663 	0.537307 	0.163939 	-1.44304 	-0.225857 	
0.515	0.312499 	-0.173663 	0.537316 	0.163939 	-1.44304 	-0.225857 	
0.52	0.312551 	-0.173664 	0.537325 	0.163939 	-1.44304 	-0.225857 	
0.525	0.312538 	-0.173651 	0.537316 	0.162268 	-1.44187 	-0.223555 	
0.53	0.312591 	-0.173651 	0.537325 	0.162268 	-1.44187 	-0.223555 	
0.535	0.312643 	-0.173652 	0.537335 	0.162268 	-1.44187 	-0.223555 	
0.54	0.312697 	-0.173652 	0.537345 	0.162268 	-1.44187 	-0.223555 	
0.545	0.312751 	-0.173653 	0.537355 	0.162268 	-1.44187 	-0.223555 	
0.55	0.312737 	-0.17364 	0.537345 	0.16053 	-1.44065 	-0.22116 	
0.555	0.312792 	-0.17364 	0.537355 	0.16053 	-1.44065 	-0.22116 	
0.56	0.312847 	-0.17364 	0.537365 	0.16053 	-1.44065 	-0.22116 	
0.565	0.312902 	-0.173641 	0.537375 	0.16053 	-1.44065 	-0.22116 	
0.57	0.312958 	-0.173641 	0.537385 	0.16053 	-1.44065 	-0.22116 	
0.575	0.312944 	-0.173628 	0.537375 	0.158723 	-1.43939 	-0.21867 	
0.58	0.313001 	-0.173628 	0.537385 	0.158723 	-1.43939 	-0.21867 	
0.585	0.313058 	-0.173629 	0.537396 	0.158723 	-1.43939 	-0.21867 	
0.59	0.313116 	-0.173629 	0.537406 	0.158723 	-1.43939 	-0.21867 	
0.595	0.313174 	-0.173629 	0.537417 	0.158723 	-1.43939 	-0.21867 	
0.6	0.313159 	-0.173616 	0.537406 	0.156849 	-1.43807 	-0.216089 	
0.605	0.313218 	-0.173616 	0.537417 	0.156849 	-1.43807 	-0.216089 	
0.61	0.313277 	-0.173616 	0.537428 	0.156849 	-1.43807 	-0.216089 	
0.615	0.313336 	-0.173617 	0.537439 	0.156849 	-1.43807 	-0.216089 	
0.62	0.313335 	-0.173605 	0.537432 	0.155264 	-1.43696 	-0.213905 	
0.625	0.313395 	-0.173606 	0.537443 	0.155264 	-1.43696 	-0.213905 	
0.63	0.313456 	-0.173606 	0.537454 	0.155264 	-1.43696 	-0.213905 	
0.635	0.313517 	-0.173606 	0.537465 	0.155264 	-1.43696 	-0.213905 	
0.64	0.313516 	-0.173595 	0.537458 	0.153672 	-1.43585 	-0.211712 	
0.645	0.313578 	-0.173595 	0.537469 	0.153672 	-1.43585 	-0.211712 	
0.65	0.31364 	-0.173595 	0.537481 	0.153672 	-1.43585 	-0.211712 	
0.655	0.313703 	-0.173596 	0.537492 	0.153672 	-1.43585 	-0.211712 	
0.66	0.313702 	-0.173585 	0.537485 	0.152044 	-1.4347 	-0.209469 	
0.665	0.313766 	-0.173585 	0.537497 	0.152044 	-1.4347 	-0.209469 	
0.67	0.313829 	-0.173585 	0.537508 	0.152044 	-1.4347 	-0.209469 	
0.675	0.313893 	-0.173585 	0.53752 	0.152044 	-1.4347 	-0.209469 	
0.68	0.313893 	-0.173574 	0.537513 	0.150377 	-1.43353 	-0.207173 	
0.685	0.313958 	-0.173574 	0.537525 	0.150377 	-1.43353 	-0.207173 	
0.69	0.314023 	-0.173574 	0.537536 	0.150377 	-1.43353 	-0.207173 	
0.695	0.314088 	-0.173574 	0.537548 	0.150377 	-1.43353 	-0.207173 	
0.7	0.314088 	-0.173563 	0.537541 	0.148673 	-1.43234 	-0.204825 	
0.705	0.314154 	-0.173563 	0.537553 	0.148673 	-1.43234 	-0.204825 	
0.71	0.314221 	-0.173562 	0.537565 	0.148673 	-1.43234 	-0.204825 	
0.715	0.314288 	-0.173562 	0.537577 	0.148673 	-1.43234 	-0.204825 	
0.72	0.314287 	-0.173551 	0.53757 	0.146932 	-1.43112 	-0.202427 	
0.725	0.314354 	-0.173551 	0.537582 	0.146932 	-1.43112 	-0.202427 	
0.73	0.314422 	-0.173551 	0.537595 	0.146932 	-1.43112 	-0.202427 	
0.735	0.314491 	-0.173551 	0.537607 	0.146932 	-1.43112 	-0.202427 	
0.74	0.31449 	-0.17354 	0.5376 	0.145156 	-1.42987 	-0.199979 	
0.745	0.314559 	-0.17354 	0.537612 	0.145156 	-1.42987 	-0.199979 	
0.75	0.314628 	-0.173539 	0.537625 	0.145156 	-1.42987 	-0.199979 	
0.755	0.314698 	-0.173539 	0.537637 	0.145156 	-1.42987 	-0.199979 	
0.76	0.314697 	-0.173528 	0.53763 	0.143345 	-1.4286 	-0.197485 	
0.765	0.314767 	-0.173528 	0.537642 	0.143345 	-1.4286 	-0.197485 	
0.77	0.314837 	-0.173527 	0.537655 	0.143345 	-1.4286 	-0.197485 	
0.775	0.314908 	-0.173527 	0.537668 	0.143345 	-1.4286 	-0.197485 	
0.78	0.314907 	-0.173516 	0.53766 	0.141501 	-1.42731 	-0.194944 	
0.785	0.314979 	-0.173516 	0.537673 	0.141501 	-1.42731 	-0.194944 	
0.79	0.315051 	-0.173515 	0.537686 	0.141501 	-1.42731 	-0.194944 	
0.795	0.315123 	-0.173515 	0.537699 	0.141501 	-1.42731 	-0.194944 	
0.8	0.315122 	-0.173504 	0.537692 	0.139625 	-1.426 	-0.19236 	
0.805	0.315194 	-0.173503 	0.537705 	0.139625 	-1.426 	-0.19236 	
0.81	0.315267 	-0.173503 	0.537718 	0.139625 	-1.426 	-0.19236 	
0.815	0.315341 	-0.173502 	0.537731 	0.139625 	-1.426 	-0.19236 	
0.82	0.315339 	-0.173491 	0.537723 	0.137718 	-1.42466 	-0.189732 	
0.825	0.315413 	-0.173491 	0.537737 	0.137718 	-1.42466 	-0.189732 	
0.83	0.315488 	-0.17349 	0.53775 	0.137718 	-1.42466 	-0.189732 	
0.835	0.315562 	-0.17349 	0.537763 	0.137718 	-1.42466 	-0.189732 	
0.84	0.315561 	-0.173479 	0.537756 	0.135781 	-1.4233 	-0.187064 	
0.845	0.315636 	-0.173478 	0.537769 	0.135781 	-1.4233 	-0.187064 	
0.85	0.315711 	-0.173477 	0.537782 	0.135781 	-1.4233 	-0.187064 	
0.855	0.315787 	-0.173477 	0.537796 	0.135781 	-1.4233 	-0.187064 	
0.86	0.315785 	-0.173466 	0.537788 	0.133816 	-1.42192 	-0.184357 	
0.865	0.315861 	-0.173465 	0.537802 	0.133816 	-1.42192 	-0.184357 	
0.87	0.315938 	-0.173464 	0.537815 	0.133816 	-1.42192 	-0.184357 	
0.875	0.316014 	-0.173464 	0.537829 	0.133816 	-1.42192 	-0.184357 	
0.88	0.316013 	-0.173453 	0.537821 	0.131824 	-1.42053 	-0.181612 	
0.885	0.31609 	-0.173452 	0.537835 	0.131824 	-1.42053 	-0.181612 	
0.89	0.316167 	-0.173451 	0.537849 	0.131824 	-1.42053 	-0.181612 	
0.895	0.316183 	-0.173443 	0.537846 	0.130261 	-1.41943 	-0.179459 	
0.9	0.316261 	-0.173442 	0.53786 	0.130261 	-1.41943 	-0.179459 	
0.905	0.316339 	-0.173441 	0.537873 	0.130261 	-1.41943 	-0.179459 	
0.91	0.316418 	-0.17344 	0.537887 	0.130261 	-1.41943 	-0.179459 	
0.915	0.316418 	-0.17343 	0.53788 	0.12827 	-1.41803 	-0.176715 	
0.92	0.316496 	-0.173429 	0.537894 	0.12827 	-1.41803 	-0.176715 	
0.925	0.316575 	-0.173428 	0.537908 	0.12827 	-1.41803 	-0.176715 	
0.93	0.316592 	-0.17342 	0.537905 	0.126678 	-1.41692 	-0.174523 	
0.935	0.316671 	-0.173419 	0.537919 	0.126678 	-1.41692 	-0.174523 	
0.94	0.316751 	-0.173417 	0.537933 	0.126678 	-1.41692 	-0.174523 	
0.945	0.316769 	-0.17341 	0.537931 	0.125116 	-1.41582 	-0.172371 	
0.95	0.316849 	-0.173408 	0.537945 	0.125116 	-1.41582 	-0.172371 	
0.955	0.31693 	-0.173407 	0.537959 	0.125116 	-1.41582 	-0.172371 	
0.96	0.316948 	-0.173399 	0.537957 	0.123547 	-1.41472 	-0.170209 	
0.965	0.317029 	-0.173398 	0.537971 	0.123547 	-1.41472 	-0.170209 	
0.97	0.31711 	-0.173397 	0.537986 	0.123547 	-1.41472 	-0.170209 	
0.975	0.317129 	-0.173389 	0.537983 	0.121966 	-1.41361 	-0.168031 	
0.98	0.31721 	-0.173388 	0.537998 	0.121966 	-1.41361 	-0.168031 	
0.985	0.317292 	-0.173386 	0.538012 	0.121966 	-1.41361 	-0.168031 	
0.99	0.31731 	-0.173379 	0.53801 	0.120373 	-1.4125 	-0.165837 	
0.995	0.317392 	-0.173377 	0.538024 	0.120373 	-1.4125 	-0.165837 	
1	0.317474 	-0.173376 	0.538039 	0.120373 	-1.4125 	-0.165837 	
1.005	0.317493 	-0.173368 	0.538036 	0.118771 	-1.41137 	-0.163629 	
1.01	0.317576 	-0.173367 	0.538051 	0.118771 	-1.41137 	-0.163629 	
1.015	0.317658 	-0.173365 	0.538065 	0.118771 	-1.41137 	-0.163629 	
1.02	0.317677 	-0.173358 	0.538063 	0.117158 	-1.41024 	-0.161407 	
1.025	0.31776 	-0.173356 	0.538078 	0.117158 	-1.41024 	-0.161407 	
1.03	0.317843 	-0.173354 	0.538092 	0.117158 	-1.41024 	-0.161407 	
1.035	0.317862 	-0.173347 	0.53809 	0.115535 	-1.40911 	-0.159172 	
1.04	0.317946 	-0.173346 	0.538105 	0.115535 	-1.40911 	-0.159172 	
1.045	0.318029 	-0.173344 	0.538119 	0.115535 	-1.40911 	-0.159172 	
1.05	0.318048 	-0.173337 	0.538117 	0.113904 	-1.40796 	-0.156924 	
1.055	0.318132 	-0.173335 	0.538132 	0.113904 	-1.40796 	-0.156924 	
1.06	0.318216 	-0.173333 	0.538146 	0.113904 	-1.40796 	-0.156924 	
1.065	0.318235 	-0.173326 	0.538144 	0.112264 	-1.40681 	-0.154665 	
1.07	0.318319 	-0.173324 	0.538159 	0.112264 	-1.40681 	-0.154665 	
1.075	0.318404 	-0.173322 	0.538174 	0.112264 	-1.40681 	-0.154665 	
1.08	0.318423 	-0.173316 	0.538172 	0.110617 	-1.40566 	-0.152396 	
1.085	0.318508 	-0.173313 	0.538186 	0.110617 	-1.40566 	-0.152396 	
1.09	0.318592 	-0.173311 	0.538201 	0.110617 	-1.40566 	-0.152396 	
1.095	0.318612 	-0.173305 	0.538199 	0.108963 	-1.4045 	-0.150116 	
1.1	0.318697 	-0.173302 	0.538214 	0.108963 	-1.4045 	-0.150116 	
1.105	0.318782 	-0.1733 	0.538229 	0.108963 	-1.4045 	-0.150116 	
1.11	0.318801 	-0.173294 	0.538227 	0.107301 	-1.40333 	-0.147828 	
1.115	0.318886 	-0.173292 	0.538241 	0.107301 	-1.40333 	-0.147828 	
1.12	0.318972 	-0.173289 	0.538256 	0.107301 	-1.40333 	-0.147828 	
1.125	0.318991 	-0.173283 	0.538254 	0.105634 	-1.40216 	-0.145531 	
1.13	0.319077 	-0.173281 	0.538269 	0.105634 	-1.40216 	-0.145531 	
1.135	0.319162 	-0.173278 	0.538284 	0.105634 	-1.40216 	-0.145531 	
1.14	0.319182 	-0.173272 	0.538282 	0.103962 	-1.40099 	-0.143227 	
1.145	0.319268 	-0.17327 	0.538297 	0.103962 	-1.40099 	-0.143227 	
1.15	0.319354 	-0.173267 	0.538312 	0.103962 	-1.40099 	-0.143227 	
1.155	0.319373 	-0.173261 	0.53831 	0.102284 	-1.39981 	-0.140916 	
1.16	0.319459 	-0.173259 	0.538325 	0.102284 	-1.39981 	-0.140916 	
1.165	0.319545 	-0.173256 	0.538339 	0.102284 	-1.39981 	-0.140916 	
1.17	0.319565 	-0.17325 	0.538338 	0.100603 	-1.39864 	-0.138599 	
1.175	0.319651 	-0.173248 	0.538352 	0.100603 	-1.39864 	-0.138599 	
1.18	0.319737 	-0.173245 	0.538367 	0.100603 	-1.39864 	-0.138599 	
1.185	0.319757 	-0.17324 	0.538366 	0.0989176 	-1.39745 	-0.136278 	
1.19	0.319843 	-0.173237 	0.53838 	0.0989176 	-1.39745 	-0.136278 	
1.195	0.31993 	-0.173234 	0.538395 	0.0989176 	-1.39745 	-0.136278 	
1.2	0.319949 	-0.173229 	0.538393 	0.0972293 	-1.39627 	-0.133952 	
1.205	0.320036 	-0.173225 	0.538408 	0.0972293 	-1.39627 	-0.133952 	
1.21	0.320122 	-0.173222 	0.538423 	0.0972293 	-1.39627 	-0.133952 	
1.215	0.320142 	-0.173218 	0.538422 	0.0955386 	-1.39508 	-0.131622 	
1.22	0.320229 	-0.173214 	0.538436 	0.0955386 	-1.39508 	-0.131622 	
1.225	0.320315 	-0.173211 	0.538451 	0.0955386 	-1.39508 	-0.131622 	
1.23	0.320335 	-0.173207 	0.53845 	0.093846 	-1.3939 	-0.12929 	
1.235	0.320422 	-0.173203 	0.538464 	0.093846 	-1.3939 	-0.12929 	
1.24	0.320508 	-0.1732 	0.538479 	0.093846 	-1.3939 	-0.12929 	
1.245	0.320528 	-0.173196 	0.538478 	0.0921521 	-1.39271 	-0.126957 	
1.25	0.320615 	-0.173192 	0.538492 	0.0921521 	-1.39271 	-0.126957 	
1.255	0.320702 	-0.173189 	0.538507 	0.0921521 	-1.39271 	-0.126957 	
1.26	0.320721 	-0.173185 	0.538506 	0.0904576 	-1.39152 	-0.124622 	
1.265	0.320808 	-0.173181 	0.538521 	0.0904576 	-1.39152 	-0.124622 	
1.27	0.320895 	-0.173178 	0.538535 	0.0904576 	-1.39152 	-0.124622 	
1.275	0.320914 	-0.173174 	0.538534 	0.088763 	-1.39033 	-0.122288 	
1.28	0.321001 	-0.17317 	0.538549 	0.088763 	-1.39033 	-0.122288 	
1.285	0.321088 	-0.173166 	0.538563 	0.088763 	-1.39033 	-0.122288 	
1.29	0.321107 	-0.173163 	0.538562 	0.0870689 	-1.38915 	-0.119954 	
1.295	0.321194 	-0.173159 	0.538577 	0.0870689 	-1.38915 	-0.119954 	
1.3	0.321281 	-0.173155 	0.538591 	0.0870689 	-1.38915 	-0.119954 	
1.305	0.3213 	-0.173152 	0.53859 	0.085376 	-1.38796 	-0.117621 	
1.31	0.321387 	-0.173148 	0.538605 	0.085376 	-1.38796 	-0.117621 	
1.315	0.321473 	-0.173144 	0.538619 	0.085376 	-1.38796 	-0.117621 	
1.32	0.321493 	-0.173141 	0.538618 	0.0836848 	-1.38677 	-0.115291 	
1.325	0.321579 	-0.173137 	0.538633 	0.0836848 	-1.38677 	-0.115291 	
1.33	0.321666 	-0.173133 	0.538647 	0.0836848 	-1.38677 	-0.115291 	
1.335	0.321685 	-0.17313 	0.538646 	0.0819959 	-1.38559 	-0.112965 	
1.34	0.321772 	-0.173126 	0.538661 	0.0819959 	-1.38559 	-0.112965 	
1.345	0.321858 	-0.173122 	0.538675 	0.0819959 	-1.38559 	-0.112965 	
1.35	0.321877 	-0.173119 	0.538674 	0.0803099 	-1.38441 	-0.110642 	
1.355	0.321963 	-0.173115 	0.538688 	0.0803099 	-1.38441 	-0.110642 	
1.36	0.32205 	-0.17311 	0.538703 	0.0803099 	-1.38441 	-0.110642 	
1.365	0.322069 	-0.173108 	0.538702 	0.0786274 	-1.38323 	-0.108324 	
1.37	0.322155 	-0.173104 	0.538716 	0.0786274 	-1.38323 	-0.108324 	
1.375	0.322241 	-0.173099 	0.538731 	0.0786274 	-1.38323 	-0.108324 	
1.38	0.32226 	-0.173097 	0.538729 	0.076949 	-1.38205 	-0.106012 	
1.385	0.322346 	-0.173093 	0.538744 	0.076949 	-1.38205 	-0.106012 	
1.39	0.322432 	-0.173088 	0.538758 	0.076949 	-1.38205 	-0.106012 	
1.395	0.322451 	-0.173086 	0.538757 	0.0752753 	-1.38088 	-0.103706 	
1.4	0.322536 	-0.173082 	0.538772 	0.0752753 	-1.38088 	-0.103706 	
1.405	0.322622 	-0.173077 	0.538786 	0.0752753 	-1.38088 	-0.103706 	
1.41	0.322641 	-0.173075 	0.538785 	0.0736069 	-1.37971 	-0.101407 	
1.415	0.322726 	-0.173071 	0.538799 	0.0736069 	-1.37971 	-0.101407 	
1.42	0.322811 	-0.173066 	0.538813 	0.0736069 	-1.37971 	-0.101407 	
1.425	0.32283 	-0.173064 	0.538812 	0.0719444 	-1.37854 	-0.0991169 	
1.43	0.322915 	-0.17306 	0.538827 	0.0719444 	-1.37854 	-0.0991169 	
1.435	0.323 	-0.173055 	0.538841 	0.0719444 	-1.37854 	-0.0991169 	
1.44	0.323019 	-0.173054 	0.53884 	0.0702883 	-1.37738 	-0.0968353 	
1.445	0.323103 	-0.173049 	0.538854 	0.0702883 	-1.37738 	-0.0968353 	
1.45	0.323188 	-0.173044 	0.538868 	0.0702883 	-1.37738 	-0.0968353 	
1.455	0.323206 	-0.173043 	0.538867 	0.0686393 	-1.37622 	-0.0945635 	
1.46	0.323291 	-0.173038 	0.538881 	0.0686393 	-1.37622 	-0.0945635 	
1.465	0.323375 	-0.173034 	0.538895 	0.0686393 	-1.37622 	-0.0945635 	
1.47	0.323393 	-0.173032 	0.538894 	0.0669979 	-1.37507 	-0.0923021 	
1.475	0.323477 	-0.173028 	0.538908 	0.0669979 	-1.37507 	-0.0923021 	
1.48	0.323561 	-0.173023 	0.538922 	0.0669979 	-1.37507 	-0.0923021 	
1.485	0.323579 	-0.173022 	0.538921 	0.0653647 	-1.37393 	-0.0900521 	
1.49	0.323663 	-0.173017 	0.538935 	0.0653647 	-1.37393 	-0.0900521 	
1.495	0.323746 	-0.173012 	0.538949 	0.0653647 	-1.37393 	-0.0900521 	
1.5	0.323764 	-0.173011 	0.538948 	0.0637403 	-1.37279 	-0.0878141 	
1.505	0.323847 	-0.173006 	0.538962 	0.0637403 	-1.37279 	-0.0878141 	
1.51	0.32393 	-0.173001 	0.538976 	0.0637403 	-1.37279 	-0.0878141 	
1.515	0.323948 	-0.173001 	0.538975 	0.0621252 	-1.37166 	-0.085589 	
1.52	0.32403 	-0.172996 	0.538989 	0.0621252 	-1.37166 	-0.085589 	
1.525	0.324113 	-0.172991 	0.539002 	0.0621252 	-1.37166 	-0.085589 	
1.53	0.324131 	-0.17299 	0.539001 	0.06052 	-1.37053 	-0.0833776 	
1.535	0.324213 	-0.172985 	0.539015 	0.06052 	-1.37053 	-0.0833776 	
1.54	0.324294 	-0.17298 	0.539029 	0.06052 	-1.37053 	-0.0833776 	
1.545	0.324312 	-0.17298 	0.539028 	0.0589253 	-1.36941 	-0.0811806 	
1.55	0.324394 	-0.172975 	0.539041 	0.0589253 	-1.36941 	-0.0811806 	
1.555	0.324475 	-0.17297 	0.539055 	0.0589253 	-1.36941 	-0.0811806 	
1.56	0.324493 	-0.17297 	0.539054 	0.0573417 	-1.3683 	-0.0789989 	
1.565	0.324573 	-0.172965 	0.539067 	0.0573417 	-1.3683 	-0.0789989 	
1.57	0.324654 	-0.172959 	0.539081 	0.0573417 	-1.3683 	-0.0789989 	
1.575	0.324671 	-0.172959 	0.53908 	0.0557697 	-1.3672 	-0.0768331 	
1.58	0.324752 	-0.172954 	0.539093 	0.0557697 	-1.3672 	-0.0768331 	
1.585	0.324832 	-0.172949 	0.539106 	0.0557697 	-1.3672 	-0.0768331 	
1.59	0.324849 	-0.172949 	0.539106 	0.0542098 	-1.36611 	-0.0746841 	
1.595	0.324929 	-0.172944 	0.539119 	0.0542098 	-1.36611 	-0.0746841 	
1.6	0.325008 	-0.172939 	0.539132 	0.0542098 	-1.36611 	-0.0746841 	
1.605	0.325025 	-0.172939 	0.539131 	0.0526626 	-1.36502 	-0.0725526 	
1.61	0.325104 	-0.172934 	0.539144 	0.0526626 	-1.36502 	-0.0725526 	
1.615	0.325182 	-0.172929 	0.539157 	0.0526626 	-1.36502 	-0.0725526 	
1.62	0.3252 	-0.172929 	0.539157 	0.0511287 	-1.36395 	-0.0704394 	
1.625	0.325278 	-0.172924 	0.53917 	0.0511287 	-1.36395 	-0.0704394 	
1.63	0.325356 	-0.172919 	0.539182 	0.0511287 	-1.36395 	-0.0704394 	
1.635	0.325433 	-0.172914 	0.539195 	0.0511287 	-1.36395 	-0.0704394 	
1.64	0.325432 	-0.172916 	0.539191 	0.0491571 	-1.36256 	-0.067723 	
1.645	0.325509 	-0.172911 	0.539203 	0.0491571 	-1.36256 	-0.067723 	
1.65	0.325586 	-0.172905 	0.539216 	0.0491571 	-1.36256 	-0.067723 	
1.655	0.325601 	-0.172906 	0.539215 	0.0476095 	-1.36148 	-0.0655909 	
1.66	0.325677 	-0.172901 	0.539228 	0.0476095 	-1.36148 	-0.0655909 	
1.665	0.325753 	-0.172896 	0.53924 	0.0476095 	-1.36148 	-0.0655909 	
1.67	0.325829 	-0.17289 	0.539252 	0.0476095 	-1.36148 	-0.0655909 	
1.675	0.325828 	-0.172893 	0.539248 	0.0456779 	-1.36012 	-0.0629297 	
1.68	0.325903 	-0.172888 	0.539261 	0.0456779 	-1.36012 	-0.0629297 	
1.685	0.325978 	-0.172883 	0.539273 	0.0456779 	-1.36012 	-0.0629297 	
1.69	0.326053 	-0.172877 	0.539285 	0.0456779 	-1.36012 	-0.0629297 	
1.695	0.32605 	-0.172881 	0.539281 	0.0437322 	-1.35876 	-0.0602491 	
1.7	0.326124 	-0.172875 	0.539293 	0.0437322 	-1.35876 	-0.0602491 	
1.705	0.326198 	-0.17287 	0.539305 	0.0437322 	-1.35876 	-0.0602491 	
1.71	0.326271 	-0.172865 	0.539317 	0.0437322 	-1.35876 	-0.0602491 	
1.715	0.326268 	-0.172868 	0.539312 	0.0418113 	-1.35741 	-0.0576027 	
1.72	0.326341 	-0.172863 	0.539324 	0.0418113 	-1.35741 	-0.0576027 	
1.725	0.326414 	-0.172858 	0.539336 	0.0418113 	-1.35741 	-0.0576027 	
1.73	0.326486 	-0.172852 	0.539348 	0.0418113 	-1.35741 	-0.0576027 	
1.735	0.326483 	-0.172856 	0.539344 	0.0399204 	-1.35609 	-0.0549976 	
1.74	0.326555 	-0.172851 	0.539355 	0.0399204 	-1.35609 	-0.0549976 	
1.745	0.326626 	-0.172845 	0.539367 	0.0399204 	-1.35609 	-0.0549976 	
1.75	0.326698 	-0.17284 	0.539378 	0.0399204 	-1.35609 	-0.0549976 	
1.755	0.326694 	-0.172844 	0.539374 	0.0380609 	-1.35478 	-0.0524358 	
1.76	0.326765 	-0.172839 	0.539386 	0.0380609 	-1.35478 	-0.0524358 	
1.765	0.326835 	-0.172833 	0.539397 	0.0380609 	-1.35478 	-0.0524358 	
1.77	0.326905 	-0.172828 	0.539408 	0.0380609 	-1.35478 	-0.0524358 	
1.775	0.326902 	-0.172832 	0.539404 	0.0362341 	-1.3535 	-0.0499191 	
1.78	0.326971 	-0.172827 	0.539416 	0.0362341 	-1.3535 	-0.0499191 	
1.785	0.32704 	-0.172821 	0.539427 	0.0362341 	-1.3535 	-0.0499191 	
1.79	0.327109 	-0.172816 	0.539438 	0.0362341 	-1.3535 	-0.0499191 	
1.795	0.327106 	-0.172821 	0.539434 	0.0344412 	-1.35225 	-0.0474491 	
1.8	0.327174 	-0.172815 	0.539445 	0.0344412 	-1.35225 	-0.0474491 	
1.805	0.327241 	-0.17281 	0.539456 	0.0344412 	-1.35225 	-0.0474491 	
1.81	0.327308 	-0.172805 	0.539467 	0.0344412 	-1.35225 	-0.0474491 	
1.815	0.327305 	-0.172809 	0.539463 	0.0326833 	-1.35101 	-0.0450272 	
1.82	0.327372 	-0.172804 	0.539474 	0.0326833 	-1.35101 	-0.0450272 	
1.825	0.327438 	-0.172799 	0.539484 	0.0326833 	-1.35101 	-0.0450272 	
1.83	0.327504 	-0.172793 	0.539495 	0.0326833 	-1.35101 	-0.0450272 	
1.835	0.327501 	-0.172798 	0.539492 	0.0309615 	-1.34981 	-0.0426551 	
1.84	0.327566 	-0.172793 	0.539502 	0.0309615 	-1.34981 	-0.0426551 	
1.845	0.327631 	-0.172788 	0.539512 	0.0309615 	-1.34981 	-0.0426551 	
1.85	0.327695 	-0.172782 	0.539523 	0.0309615 	-1.34981 	-0.0426551 	
1.855	0.327692 	-0.172787 	0.539519 	0.0292768 	-1.34863 	-0.0403341 	
1.86	0.327756 	-0.172782 	0.53953 	0.0292768 	-1.34863 	-0.0403341 	
1.865	0.327819 	-0.172777 	0.53954 	0.0292768 	-1.34863 	-0.0403341 	
1.87	0.327882 	-0.172771 	0.53955 	0.0292768 	-1.34863 	-0.0403341 	
1.875	0.327879 	-0.172777 	0.539547 	0.0276303 	-1.34747 	-0.0380658 	
1.88	0.327941 	-0.172771 	0.539556 	0.0276303 	-1.34747 	-0.0380658 	
1.885	0.328003 	-0.172766 	0.539566 	0.0276303 	-1.34747 	-0.0380658 	
1.89	0.328065 	-0.172761 	0.539576 	0.0276303 	-1.34747 	-0.0380658 	
1.895	0.328062 	-0.172766 	0.539573 	0.0260231 	-1.34634 	-0.0358516 	
1.9	0.328122 	-0.172761 	0.539583 	0.0260231 	-1.34634 	-0.0358516 	
1.905	0.328183 	-0.172756 	0.539592 	0.0260231 	-1.34634 	-0.0358516 	
1.91	0.328242 	-0.172751 	0.539602 	0.0260231 	-1.34634 	-0.0358516 	
1.915	0.32824 	-0.172756 	0.539599 	0.0244562 	-1.34525 	-0.0336928 	
1.92	0.328299 	-0.172751 	0.539608 	0.0244562 	-1.34525 	-0.0336928 	
1.925	0.328357 	-0.172746 	0.539618 	0.0244562 	-1.34525 	-0.0336928 	
1.93	0.328415 	-0.172741 	0.539627 	0.0244562 	-1.34525 	-0.0336928 	
1.935	0.328413 	-0.172746 	0.539624 	0.0229304 	-1.34418 	-0.0315909 	
1.94	0.32847 	-0.172741 	0.539633 	0.0229304 	-1.34418 	-0.0315909 	
1.945	0.328527 	-0.172736 	0.539642 	0.0229304 	-1.34418 	-0.0315909 	
1.95	0.328584 	-0.172731 	0.539651 	0.0229304 	-1.34418 	-0.0315909 	
1.955	0.32864 	-0.172726 	0.53966 	0.0229304 	-1.34418 	-0.0315909 	
1.96	0.328624 	-0.172734 	0.539655 	0.0211211 	-1.34291 	-0.0290981 	
1.965	0.328679 	-0.172729 	0.539664 	0.0211211 	-1.34291 	-0.0290981 	
1.97	0.328734 	-0.172724 	0.539672 	0.0211211 	-1.34291 	-0.0290981 	
1.975	0.328789 	-0.172719 	0.539681 	0.0211211 	-1.34291 	-0.0290981 	
1.98	0.328843 	-0.172715 	0.53969 	0.0211211 	-1.34291 	-0.0290981 	
1.985	0.328826 	-0.172723 	0.539684 	0.0193437 	-1.34166 	-0.0266494 	
1.99	0.328879 	-0.172718 	0.539693 	0.0193437 	-1.34166 	-0.0266494 	
1.995	0.328932 	-0.172713 	0.539701 	0.0193437 	-1.34166 	-0.0266494 	
2	0.328984 	-0.172708 	0.539709 	0.0193437 	-1.34166 	-0.0266494 	
2.005	0.329036 	-0.172704 	0.539717 	0.0193437 	-1.34166 	-0.0266494 	
2.01	0.32902 	-0.172712 	0.539712 	0.017632 	-1.34046 	-0.0242913 	
2.015	0.329071 	-0.172707 	0.53972 	0.017632 	-1.34046 	-0.0242913 	
2.02	0.329121 	-0.172702 	0.539728 	0.017632 	-1.34046 	-0.0242913 	
2.025	0.329172 	-0.172698 	0.539736 	0.017632 	-1.34046 	-0.0242913 	
2.03	0.329221 	-0.172693 	0.539744 	0.017632 	-1.34046 	-0.0242913 	
2.035	0.329206 	-0.172701 	0.539739 	0.0159911 	-1.33931 	-0.0220306 	
2.04	0.329254 	-0.172697 	0.539747 	0.0159911 	-1.33931 	-0.0220306 	
2.045	0.329303 	-0.172692 	0.539755 	0.0159911 	-1.33931 	-0.0220306 	
2.05	0.329351 	-0.172688 	0.539762 	0.0159911 	-1.33931 	-0.0220306 	
2.055	0.329398 	-0.172683 	0.53977 	0.0159911 	-1.33931 	-0.0220306 	
2.06	0.329383 	-0.172691 	0.539765 	0.0144229 	-1.33821 	-0.0198701 	
2.065	0.32943 	-0.172687 	0.539772 	0.0144229 	-1.33821 	-0.0198701 	
2.07	0.329476 	-0.172682 	0.53978 	0.0144229 	-1.33821 	-0.0198701 	
2.075	0.329521 	-0.172678 	0.539787 	0.0144229 	-1.33821 	-0.0198701 	
2.08	0.329566 	-0.172674 	0.539794 	0.0144229 	-1.33821 	-0.0198701 	
2.085	0.329611 	-0.17267 	0.539801 	0.0144229 	-1.33821 	-0.0198701 	
2.09	0.329586 	-0.172679 	0.539795 	0.0126703 	-1.33698 	-0.0174556 	
2.095	0.32963 	-0.172675 	0.539802 	0.0126703 	-1.33698 	-0.0174556 	
2.1	0.329673 	-0.172671 	0.539808 	0.0126703 	-1.33698 	-0.0174556 	
2.105	0.329716 	-0.172667 	0.539815 	0.0126703 	-1.33698 	-0.0174556 	
2.11	0.329758 	-0.172663 	0.539822 	0.0126703 	-1.33698 	-0.0174556 	
2.115	0.3298 	-0.172659 	0.539828 	0.0126703 	-1.33698 	-0.0174556 	
2.12	0.329775 	-0.172668 	0.539822 	0.0109973 	-1.33581 	-0.0151507 	
2.125	0.329816 	-0.172665 	0.539829 	0.0109973 	-1.33581 	-0.0151507 	
2.13	0.329857 	-0.172661 	0.539835 	0.0109973 	-1.33581 	-0.0151507 	
2.135	0.329897 	-0.172657 	0.539841 	0.0109973 	-1.33581 	-0.0151507 	
2.14	0.329936 	-0.172653 	0.539847 	0.0109973 	-1.33581 	-0.0151507 	
2.145	0.329975 	-0.172649 	0.539854 	0.0109973 	-1.33581 	-0.0151507 	
2.15	0.329952 	-0.172659 	0.539848 	0.00943304 	-1.33471 	-0.0129956 	
2.155	0.32999 	-0.172655 	0.539854 	0.00943304 	-1.33471 	-0.0129956 	
2.16	0.330027 	-0.172651 	0.53986 	0.00943304 	-1.33471 	-0.0129956 	
2.165	0.330064 	-0.172648 	0.539865 	0.00943304 	-1.33471 	-0.0129956 	
2.17	0.330101 	-0.172644 	0.539871 	0.00943304 	-1.33471 	-0.0129956 	
2.175	0.330137 	-0.172641 	0.539877 	0.00943304 	-1.33471 	-0.0129956 	
2.18	0.330172 	-0.172637 	0.539882 	0.00943304 	-1.33471 	-0.0129956 	
2.185	0.330142 	-0.172648 	0.539876 	0.00777741 	-1.33355 	-0.0107147 	
2.19	0.330176 	-0.172644 	0.539881 	0.00777741 	-1.33355 	-0.0107147 	
2.195	0.33021 	-0.172641 	0.539886 	0.00777741 	-1.33355 	-0.0107147 	
2.2	0.330244 	-0.172638 	0.539891 	0.00777741 	-1.33355 	-0.0107147 	
2.205	0.330277 	-0.172634 	0.539897 	0.00777741 	-1.33355 	-0.0107147 	
2.21	0.33031 	-0.172631 	0.539902 	0.00777741 	-1.33355 	-0.0107147 	
2.215	0.330342 	-0.172628 	0.539907 	0.00777741 	-1.33355 	-0.0107147 	
2.22	0.330313 	-0.172638 	0.5399 	0.00625483 	-1.33248 	-0.00861705 	
2.225	0.330344 	-0.172635 	0.539905 	0.00625483 	-1.33248 	-0.00861705 	
2.23	0.330375 	-0.172632 	0.53991 	0.00625483 	-1.33248 	-0.00861705 	
2.235	0.330405 	-0.172629 	0.539915 	0.00625483 	-1.33248 	-0.00861705 	
2.24	0.330434 	-0.172626 	0.539919 	0.00625483 	-1.33248 	-0.00861705 	
2.245	0.330463 	-0.172623 	0.539924 	0.00625483 	-1.33248 	-0.00861705 	
2.25	0.330492 	-0.17262 	0.539928 	0.00625483 	-1.33248 	-0.00861705 	
2.255	0.33052 	-0.172617 	0.539933 	0.00625483 	-1.33248 	-0.00861705 	
2.26	0.330487 	-0.172628 	0.539926 	0.00473024 	-1.33141 	-0.00651664 	
2.265	0.330514 	-0.172625 	0.53993 	0.00473024 	-1.33141 	-0.00651664 	
2.27	0.33054 	-0.172623 	0.539934 	0.00473024 	-1.33141 	-0.00651664 	
2.275	0.330566 	-0.17262 	0.539938 	0.00473024 	-1.33141 	-0.00651664 	
2.28	0.330592 	-0.172618 	0.539942 	0.00473024 	-1.33141 	-0.00651664 	
2.285	0.330616 	-0.172615 	0.539946 	0.00473024 	-1.33141 	-0.00651664 	
2.29	0.330641 	-0.172613 	0.53995 	0.00473024 	-1.33141 	-0.00651664 	
2.295	0.330665 	-0.17261 	0.539953 	0.00473024 	-1.33141 	-0.00651664 	
2.3	0.330688 	-0.172608 	0.539957 	0.00473024 	-1.33141 	-0.00651664 	
2.305	0.330711 	-0.172606 	0.53996 	0.00473024 	-1.33141 	-0.00651664 	
2.31	0.33067 	-0.172618 	0.539952 	0.00313474 	-1.3303 	-0.00431852 	
2.315	0.330692 	-0.172615 	0.539956 	0.00313474 	-1.3303 	-0.00431852 	
2.32	0.330713 	-0.172613 	0.539959 	0.00313474 	-1.3303 	-0.00431852 	
2.325	0.330734 	-0.172611 	0.539962 	0.00313474 	-1.3303 	-0.00431852 	
2.33	0.330754 	-0.172609 	0.539965 	0.00313474 	-1.3303 	-0.00431852 	
2.335	0.330773 	-0.172607 	0.539968 	0.00313474 	-1.3303 	-0.00431852 	
2.34	0.330792 	-0.172605 	0.539971 	0.00313474 	-1.3303 	-0.00431852 	
2.345	0.330811 	-0.172603 	0.539974 	0.00313474 	-1.3303 	-0.00431852 	
2.35	0.330829 	-0.172601 	0.539977 	0.00313474 	-1.3303 	-0.00431852 	
2.355	0.330847 	-0.1726 	0.53998 	0.00313474 	-1.3303 	-0.00431852 	
2.36	0.330864 	-0.172598 	0.539982 	0.00313474 	-1.3303 	-0.00431852 	
2.365	0.33088 	-0.172596 	0.539985 	0.00313474 	-1.3303 	-0.00431852 	
2.37	0.330896 	-0.172595 	0.539987 	0.00313474 	-1.3303 	-0.00431852 	
2.375	0.330849 	-0.172607 	0.539978 	0.00155958 	-1.32919 	-0.00214844 	
2.38	0.330864 	-0.172606 	0.539981 	0.00155958 	-1.32919 	-0.00214844 	
2.385	0.330878 	-0.172604 	0.539983 	0.00155958 	-1.32919 	-0.00214844 	
2.39	0.330892 	-0.172603 	0.539985 	0.00155958 	-1.32919 	-0.00214844 	
2.395	0.330905 	-0.172602 	0.539987 	0.00155958 	-1.32919 	-0.00214844 	
2.4	0.330918 	-0.1726 	0.539989 	0.00155958 	-1.32919 	-0.00214844 	
2.405	0.33093 	-0.172599 	0.539991 	0.00155958 	-1.32919 	-0.00214844 	
2.41	0.330942 	-0.172598 	0.539993 	0.00155958 	-1.32919 	-0.00214844 	
2.415	0.330953 	-0.172597 	0.539994 	0.00155958 	-1.32919 	-0.00214844 	
2.42	0.330963 	-0.172596 	0.539996 	0.00155958 	-1.32919 	-0.00214844 	
2.425	0.330973 	-0.172595 	0.539998 	0.00155958 	-1.32919 	-0.00214844 	
2.43	0.330982 	-0.172594 	0.539999 	0.00155958 	-1.32919 	-0.00214844 	
2.435	0.330992 	-0.172593 	0.54 	0.00155958 	-1.32919 	-0.00214844 	
2.44	0.330999 	-0.172592 	0.540002 	0.00155958 	-1.32919 	-0.00214844 	
2.445	0.331007 	-0.172591 	0.540003 	0.00155958 	-1.32919 	-0.00214844 	
2.45	0.331015 	-0.17259 	0.540004 	0.00155958 	-1.32919 	-0.00214844 	
2.455	0.331021 	-0.17259 	0.540005 	0.00155958 	-1.32919 	-0.00214844 	
2.46	0.331028 	-0.172589 	0.540006 	0.00155958 	-1.32919 	-0.00214844 	
2.465	0.331034 	-0.172588 	0.540007 	0.00155958 	-1.32919 	-0.00214844 	
2.47	0.331039 	-0.172588 	0.540008 	0.00155958 	-1.32919 	-0.00214844 	
2.475	0.331043 	-0.172587 	0.540008 	0.00155958 	-1.32919 	-0.00214844 	
2.48	0.331048 	-0.172587 	0.540009 	0.00155958 	-1.32919 	-0.00214844 	
2.485	0.331051 	-0.172587 	0.54001 	0.00155958 	-1.32919 	-0.00214844 	
2.49	0.331054 	-0.172586 	0.54001 	0.00155958 	-1.32919 	-0.00214844 	
2.495	0.331057 	-0.172586 	0.540011 	0.00155958 	-1.32919 	-0.00214844 	
2.5	0.331059 	-0.172586 	0.540011 	0.00155958 	-1.32919 	-0.00214844 	
2.505	0.33106 	-0.172586 	0.540011 	0.00155958 	-1.32919 	-0.00214844 	
2.51	0.33106 	-0.172586 	0.540011 	0.00155958 	-1.32919 	-0.00214844 	
2.515	0.331061 	-0.172586 	0.540011 	0.00155958 	-1.32919 	-0.00214844 	
2.52	0.331061 	-0.172586 	0.540011 	0.00155958 	-1.32919 	-0.00214844 	
2.525	0.331062 	-0.172585 	0.54001 	0.00155958 	-1.32919 	-0.00214844 	
2.53	0.331063 	-0.172585 	0.540009 	0.00155958 	-1.32919 	-0.00214844 	
2.535	0.331064 	-0.172584 	0.540008 	0.00155958 	-1.32919 	-0.00214844 	
2.54	0.331065 	-0.172584 	0.540006 	0.00155958 	-1.32919 	-0.00214844 	
2.545	0.331067 	-0.172583 	0.540003 	0.00155958 	-1.32919 	-0.00214844 	
2.55	0.331069 	-0.172582 	0.54 	0.00155958 	-1.32919 	-0.00214844 	
2.555	0.331072 	-0.17258 	0.539997 	0.00155958 	-1.32919 	-0.00214844 	
2.56	0.331075 	-0.172579 	0.539993 	0.00155958 	-1.32919 	-0.00214845 	
2.565	0.331078 	-0.172577 	0.539989 	0.00155959 	-1.32919 	-0.00214845 	
2.57	0.331081 	-0.172575 	0.539984 	0.00155959 	-1.32919 	-0.00214845 	
2.575	0.331085 	-0.172573 	0.539979 	0.00155959 	-1.32919 	-0.00214845 	
2.58	0.33109 	-0.172571 	0.539974 	0.00155959 	-1.32919 	-0.00214845 	
2.585	0.331094 	-0.172569 	0.539968 	0.00155959 	-1.32919 	-0.00214845 	
2.59	0.331099 	-0.172567 	0.539961 	0.00155959 	-1.32919 	-0.00214845 	
2.595	0.331105 	-0.172564 	0.539953 	0.00155959 	-1.32919 	-0.00214845 	
2.6	0.33111 	-0.172561 	0.539947 	0.00155959 	-1.32919 	-0.00214845 	
2.605	0.331116 	-0.172558 	0.539938 	0.00155959 	-1.32919 	-0.00214845 	
2.61	0.331122 	-0.172555 	0.53993 	0.00155959 	-1.32919 	-0.00214846 	
2.615	0.331088 	-0.172553 	0.539914 	0.000645957 	-1.32849 	-0.000216926 	
2.62	0.331095 	-0.17255 	0.539905 	0.000645959 	-1.32849 	-0.000216928 	
2.625	0.331103 	-0.172546 	0.539895 	0.000645961 	-1.32849 	-0.000216931 	
2.63	0.33111 	-0.172542 	0.539885 	0.000645963 	-1.32849 	-0.000216933 	
2.635	0.331118 	-0.172538 	0.539874 	0.000645966 	-1.32849 	-0.000216936 	
2.64	0.331126 	-0.172534 	0.539863 	0.000645968 	-1.32849 	-0.000216939 	
2.645	0.331135 	-0.172529 	0.539852 	0.000645971 	-1.32849 	-0.000216942 	
2.65	0.331144 	-0.172525 	0.53984 	0.000645974 	-1.32849 	-0.000216945 	
2.655	0.331153 	-0.17252 	0.539828 	0.000645977 	-1.32849 	-0.000216949 	
2.66	0.331163 	-0.172515 	0.539815 	0.000645981 	-1.32849 	-0.000216953 	
2.665	0.331173 	-0.17251 	0.539802 	0.000645985 	-1.32849 	-0.000216957 	
2.67	0.331183 	-0.172505 	0.539788 	0.000645989 	-1.32849 	-0.000216961 	
2.675	0.331194 	-0.1725 	0.539774 	0.000645993 	-1.32849 	-0.000216966 	
2.68	0.331205 	-0.172494 	0.539759 	0.000645997 	-1.32849 	-0.000216971 	
2.685	0.331216 	-0.172489 	0.539744 	0.000646002 	-1.32849 	-0.000216976 	
2.69	0.331228 	-0.172483 	0.539729 	0.000646007 	-1.32849 	-0.000216982 	
2.695	0.331267 	-0.172452 	0.539719 	0.0016379 	-1.32904 	-2.03838e-05 	
2.7	0.33128 	-0.172446 	0.539703 	0.0016379 	-1.32904 	-2.03901e-05 	
2.705	0.331292 	-0.17244 	0.539686 	0.00163791 	-1.32904 	-2.03967e-05 	
2.71	0.331305 	-0.172433 	0.539669 	0.00163791 	-1.32904 	-2.04037e-05 	
2.715	0.331318 	-0.172427 	0.539651 	0.00163792 	-1.32904 	-2.0411e-05 	
2.72	0.331332 	-0.17242 	0.539633 	0.00163793 	-1.32904 	-2.04187e-05 	
2.725	0.331346 	-0.172413 	0.539615 	0.00163793 	-1.32904 	-2.04267e-05 	
2.73	0.33136 	-0.172405 	0.539596 	0.00163794 	-1.32904 	-2.04352e-05 	
2.735	0.331375 	-0.172398 	0.539576 	0.00163795 	-1.32904 	-2.0444e-05 	
2.74	0.331389 	-0.172391 	0.539557 	0.00163796 	-1.32904 	-2.04532e-05 	
2.745	0.331405 	-0.172383 	0.539537 	0.00163797 	-1.32904 	-2.04628e-05 	
2.75	0.331455 	-0.172348 	0.539523 	0.00283336 	-1.32972 	-4.95441e-07 	
2.755	0.331471 	-0.17234 	0.539502 	0.00283337 	-1.32972 	-5.05868e-07 	
2.76	0.331487 	-0.172332 	0.539481 	0.00283338 	-1.32972 	-5.16714e-07 	
2.765	0.331503 	-0.172324 	0.539459 	0.00283339 	-1.32972 	-5.27986e-07 	
2.77	0.33152 	-0.172315 	0.539437 	0.0028334 	-1.32972 	-5.39691e-07 	
2.775	0.331537 	-0.172306 	0.539414 	0.00283341 	-1.32972 	-5.51835e-07 	
2.78	0.331555 	-0.172298 	0.539391 	0.00283342 	-1.32972 	-5.64424e-07 	
2.785	0.331572 	-0.172289 	0.539367 	0.00283343 	-1.32972 	-5.77466e-07 	
2.79	0.33159 	-0.17228 	0.539344 	0.00283344 	-1.32972 	-5.90966e-07 	
2.795	0.331645 	-0.172243 	0.539327 	0.00405554 	-1.33043 	1.50911e-06 	
2.8	0.331663 	-0.172233 	0.539302 	0.00405556 	-1.33043 	1.49466e-06 	
2.805	0.331682 	-0.172224 	0.539277 	0.00405557 	-1.33043 	1.47973e-06 	
2.81	0.331701 	-0.172214 	0.539251 	0.00405558 	-1.33043 	1.46432e-06 	
2.815	0.331721 	-0.172204 	0.539225 	0.0040556 	-1.33043 	1.44843e-06 	
2.82	0.331741 	-0.172194 	0.539199 	0.00405561 	-1.33043 	1.43204e-06 	
2.825	0.331761 	-0.172184 	0.539172 	0.00405563 	-1.33043 	1.41515e-06 	
2.83	0.331781 	-0.172174 	0.539145 	0.00405564 	-1.33043 	1.39776e-06 	
2.835	0.331839 	-0.172135 	0.539125 	0.00530833 	-1.33114 	1.76867e-06 	
2.84	0.33186 	-0.172124 	0.539097 	0.00530835 	-1.33114 	1.75023e-06 	
2.845	0.331881 	-0.172113 	0.539069 	0.00530837 	-1.33114 	1.73128e-06 	
2.85	0.331903 	-0.172102 	0.53904 	0.00530839 	-1.33114 	1.71181e-06 	
2.855	0.331925 	-0.172091 	0.539011 	0.0053084 	-1.33114 	1.6918e-06 	
2.86	0.331947 	-0.17208 	0.538981 	0.00530842 	-1.33114 	1.67127e-06 	
2.865	0.33197 	-0.172069 	0.538951 	0.00530844 	-1.33114 	1.6502e-06 	
2.87	0.332028 	-0.17203 	0.538929 	0.00653552 	-1.33185 	1.7054e-06 	
2.875	0.332051 	-0.172018 	0.538898 	0.00653554 	-1.33185 	1.68322e-06 	
2.88	0.332075 	-0.172006 	0.538867 	0.00653556 	-1.33185 	1.66049e-06 	
2.885	0.332098 	-0.171994 	0.538835 	0.00653558 	-1.33185 	1.63722e-06 	
2.89	0.332122 	-0.171982 	0.538804 	0.00653561 	-1.33185 	1.61338e-06 	
2.895	0.332147 	-0.17197 	0.538771 	0.00653563 	-1.33185 	1.58899e-06 	
2.9	0.332205 	-0.171931 	0.538746 	0.00768381 	-1.3325 	1.47764e-06 	
2.905	0.33223 	-0.171919 	0.538713 	0.00768383 	-1.3325 	1.45209e-06 	
2.91	0.332255 	-0.171906 	0.53868 	0.00768385 	-1.3325 	1.42598e-06 	
2.915	0.33228 	-0.171893 	0.538646 	0.00768388 	-1.3325 	1.3993e-06 	
2.92	0.332306 	-0.17188 	0.538612 	0.0076839 	-1.3325 	1.37204e-06 	
2.925	0.332332 	-0.171867 	0.538578 	0.00768393 	-1.3325 	1.34421e-06 	
2.93	0.332393 	-0.171827 	0.53855 	0.00889611 	-1.3332 	1.60872e-06 	
2.935	0.33242 	-0.171813 	0.538515 	0.00889613 	-1.3332 	1.57969e-06 	
2.94	0.332447 	-0.1718 	0.53848 	0.00889616 	-1.3332 	1.55009e-06 	
2.945	0.332474 	-0.171786 	0.538444 	0.00889619 	-1.3332 	1.5199e-06 	
2.95	0.332501 	-0.171772 	0.538408 	0.00889622 	-1.3332 	1.48913e-06 	
2.955	0.332528 	-0.171758 	0.538371 	0.00889624 	-1.3332 	1.45777e-06 	
2.96	0.332594 	-0.171715 	0.538342 	0.0101846 	-1.33394 	1.82011e-06 	
2.965	0.332622 	-0.171701 	0.538305 	0.0101846 	-1.33394 	1.78753e-06 	
2.97	0.33265 	-0.171687 	0.538267 	0.0101846 	-1.33394 	1.75436e-06 	
2.975	0.332679 	-0.171672 	0.538229 	0.0101847 	-1.33394 	1.7206e-06 	
2.98	0.332708 	-0.171658 	0.538191 	0.0101847 	-1.33394 	1.68624e-06 	
2.985	0.33277 	-0.171617 	0.538159 	0.0113381 	-1.3346 	1.46702e-06 	
2.99	0.3328 	-0.171602 	0.538121 	0.0113382 	-1.3346 	1.43144e-06 	
2.995	0.332829 	-0.171587 	0.538081 	0.0113382 	-1.3346 	1.39527e-06 	
3	0.332859 	-0.171572 	0.538042 	0.0113382 	-1.3346 	1.3585e-06 	
3.005	0.332889 	-0.171557 	0.538002 	0.0113383 	-1.3346 	1.32114e-06 	
3.01	0.332954 	-0.171515 	0.537969 	0.0125228 	-1.33528 	1.50365e-06 	
3.015	0.332985 	-0.1715 	0.537928 	0.0125228 	-1.33528 	1.46506e-06 	
3.02	0.333015 	-0.171484 	0.537887 	0.0125229 	-1.33528 	1.42587e-06 	
3.025	0.333046 	-0.171468 	0.537846 	0.0125229 	-1.33528 	1.38609e-06 	
3.03	0.333078 	-0.171453 	0.537805 	0.012523 	-1.33528 	1.34572e-06 	
3.035	0.333145 	-0.171409 	0.53777 	0.013754 	-1.33598 	1.62321e-06 	
3.04	0.333177 	-0.171393 	0.537728 	0.013754 	-1.33598 	1.58161e-06 	
3.045	0.333209 	-0.171377 	0.537686 	0.013754 	-1.33598 	1.53942e-06 	
3.05	0.333241 	-0.171361 	0.537643 	0.0137541 	-1.33598 	1.49665e-06 	
3.055	0.333274 	-0.171344 	0.5376 	0.0137541 	-1.33598 	1.45328e-06 	
3.06	0.333344 	-0.171299 	0.537565 	0.0150314 	-1.33672 	1.75668e-06 	
3.065	0.333376 	-0.171282 	0.537521 	0.0150315 	-1.33672 	1.7121e-06 	
3.07	0.33341 	-0.171266 	0.537477 	0.0150315 	-1.33672 	1.66693e-06 	
3.075	0.333443 	-0.171249 	0.537433 	0.0150316 	-1.33672 	1.62119e-06 	
3.08	0.333476 	-0.171232 	0.537388 	0.0150316 	-1.33672 	1.57488e-06 	
3.085	0.333549 	-0.171185 	0.537352 	0.0163534 	-1.33747 	1.8926e-06 	
3.09	0.333583 	-0.171168 	0.537306 	0.0163535 	-1.33747 	1.84508e-06 	
3.095	0.333617 	-0.171151 	0.537261 	0.0163535 	-1.33747 	1.79699e-06 	
3.1	0.333651 	-0.171133 	0.537215 	0.0163536 	-1.33747 	1.74833e-06 	
3.105	0.333718 	-0.171091 	0.537177 	0.0174692 	-1.33811 	1.34428e-06 	
3.11	0.333753 	-0.171073 	0.53713 	0.0174692 	-1.33811 	1.29444e-06 	
3.115	0.333788 	-0.171055 	0.537084 	0.0174692 	-1.33811 	1.24405e-06 	
3.12	0.333823 	-0.171037 	0.537037 	0.0174693 	-1.33811 	1.19311e-06 	
3.125	0.333891 	-0.170994 	0.536997 	0.018587 	-1.33875 	1.29146e-06 	
3.13	0.333927 	-0.170976 	0.53695 	0.0185871 	-1.33875 	1.23937e-06 	
3.135	0.333963 	-0.170958 	0.536902 	0.0185871 	-1.33875 	1.18673e-06 	
3.14	0.333999 	-0.17094 	0.536854 	0.0185872 	-1.33875 	1.13356e-06 	
3.145	0.334068 	-0.170896 	0.536814 	0.0197274 	-1.33941 	1.33864e-06 	
3.15	0.334105 	-0.170878 	0.536765 	0.0197275 	-1.33941 	1.28434e-06 	
3.155	0.334141 	-0.170859 	0.536717 	0.0197275 	-1.33941 	1.22952e-06 	
3.16	0.334178 	-0.170841 	0.536668 	0.0197276 	-1.33941 	1.17418e-06 	
3.165	0.334249 	-0.170796 	0.536626 	0.0208914 	-1.34007 	1.40031e-06 	
3.17	0.334286 	-0.170777 	0.536577 	0.0208914 	-1.34007 	1.34387e-06 	
3.175	0.334323 	-0.170758 	0.536528 	0.0208915 	-1.34007 	1.28694e-06 	
3.18	0.33436 	-0.17074 	0.536478 	0.0208915 	-1.34007 	1.2295e-06 	
3.185	0.334433 	-0.170694 	0.536436 	0.022078 	-1.34075 	1.46309e-06 	
3.19	0.33447 	-0.170675 	0.536385 	0.022078 	-1.34075 	1.4046e-06 	
3.195	0.334508 	-0.170656 	0.536335 	0.0220781 	-1.34075 	1.34562e-06 	
3.2	0.334546 	-0.170636 	0.536284 	0.0220781 	-1.34075 	1.28616e-06 	
3.205	0.33462 	-0.17059 	0.536241 	0.0232861 	-1.34145 	1.52497e-06 	
3.21	0.334658 	-0.17057 	0.53619 	0.0232861 	-1.34145 	1.46449e-06 	
3.215	0.334697 	-0.170551 	0.536139 	0.0232862 	-1.34145 	1.40356e-06 	
3.22	0.334736 	-0.170531 	0.536088 	0.0232862 	-1.34145 	1.34217e-06 	
3.225	0.33481 	-0.170484 	0.536044 	0.0245144 	-1.34215 	1.58547e-06 	
3.23	0.334849 	-0.170464 	0.535992 	0.0245145 	-1.34215 	1.5231e-06 	
3.235	0.334888 	-0.170445 	0.53594 	0.0245145 	-1.34215 	1.4603e-06 	
3.24	0.334928 	-0.170425 	0.535888 	0.0245146 	-1.34215 	1.39708e-06 	
3.245	0.335003 	-0.170377 	0.535843 	0.0257618 	-1.34286 	1.64433e-06 	
3.25	0.335043 	-0.170357 	0.535791 	0.0257619 	-1.34286 	1.58018e-06 	
3.255	0.335083 	-0.170337 	0.535738 	0.0257619 	-1.34286 	1.51561e-06 	
3.26	0.335123 	-0.170317 	0.535685 	0.025762 	-1.34286 	1.45065e-06 	
3.265	0.335199 	-0.170268 	0.53564 	0.027027 	-1.34359 	1.70133e-06 	
3.27	0.33524 	-0.170248 	0.535587 	0.0270271 	-1.34359 	1.63549e-06 	
3.275	0.33528 	-0.170227 	0.535533 	0.0270271 	-1.34359 	1.56926e-06 	
3.28	0.33532 	-0.170207 	0.53548 	0.0270272 	-1.34359 	1.50267e-06 	
3.285	0.335398 	-0.170158 	0.535434 	0.0283088 	-1.34432 	1.75623e-06 	
3.29	0.335439 	-0.170137 	0.53538 	0.0283088 	-1.34432 	1.68881e-06 	
3.295	0.33548 	-0.170116 	0.535326 	0.0283089 	-1.34432 	1.62104e-06 	
3.3	0.33552 	-0.170096 	0.535272 	0.028309 	-1.34432 	1.55293e-06 	
3.305	0.335599 	-0.170046 	0.535226 	0.0296058 	-1.34507 	1.8088e-06 	
3.31	0.33564 	-0.170025 	0.535171 	0.0296059 	-1.34507 	1.73993e-06 	
3.315	0.335681 	-0.170004 	0.535116 	0.0296059 	-1.34507 	1.67073e-06 	
3.32	0.335723 	-0.169984 	0.535061 	0.029606 	-1.34507 	1.60123e-06 	
3.325	0.335802 	-0.169933 	0.535015 	0.0309168 	-1.34582 	1.85884e-06 	
3.33	0.335844 	-0.169912 	0.53496 	0.0309169 	-1.34582 	1.78863e-06 	
3.335	0.335885 	-0.169891 	0.534905 	0.0309169 	-1.34582 	1.71813e-06 	
3.34	0.335927 	-0.16987 	0.534849 	0.030917 	-1.34582 	1.64736e-06 	
3.345	0.336007 	-0.169819 	0.534802 	0.0322405 	-1.34658 	1.90613e-06 	
3.35	0.336049 	-0.169798 	0.534747 	0.0322405 	-1.34658 	1.83471e-06 	
3.355	0.336091 	-0.169777 	0.534691 	0.0322406 	-1.34658 	1.76304e-06 	
3.36	0.336133 	-0.169756 	0.534635 	0.0322406 	-1.34658 	1.69113e-06 	
3.365	0.336214 	-0.169705 	0.534588 	0.0335755 	-1.34734 	1.95046e-06 	
3.37	0.336256 	-0.169683 	0.534532 	0.0335755 	-1.34734 	1.87797e-06 	
3.375	0.336298 	-0.169662 	0.534476 	0.0335756 	-1.34734 	1.80526e-06 	
3.38	0.336341 	-0.16964 	0.534419 	0.0335757 	-1.34734 	1.73234e-06 	
3.385	0.336422 	-0.169589 	0.534372 	0.0349205 	-1.34811 	1.99165e-06 	
3.39	0.336465 	-0.169567 	0.534315 	0.0349206 	-1.34811 	1.91821e-06 	
3.395	0.336507 	-0.169546 	0.534259 	0.0349206 	-1.34811 	1.8446e-06 	
3.4	0.33655 	-0.169524 	0.534202 	0.0349207 	-1.34811 	1.77082e-06 	
3.405	0.336631 	-0.169472 	0.534155 	0.0362742 	-1.34889 	2.02949e-06 	
3.41	0.336674 	-0.169451 	0.534098 	0.0362743 	-1.34889 	1.95526e-06 	
3.415	0.336717 	-0.169429 	0.534041 	0.0362743 	-1.34889 	1.88089e-06 	
3.42	0.33676 	-0.169408 	0.533984 	0.0362744 	-1.34889 	1.80638e-06 	
3.425	0.336842 	-0.169355 	0.533936 	0.0376353 	-1.34967 	2.06383e-06 	
3.43	0.336885 	-0.169334 	0.533879 	0.0376353 	-1.34967 	1.98895e-06 	
3.435	0.336928 	-0.169312 	0.533822 	0.0376354 	-1.34967 	1.91395e-06 	
3.44	0.336972 	-0.16929 	0.533765 	0.0376355 	-1.34967 	1.83886e-06 	
3.445	0.337054 	-0.169238 	0.533717 	0.0390023 	-1.35045 	2.0945e-06 	
3.45	0.337097 	-0.169216 	0.533659 	0.0390023 	-1.35045 	2.0191e-06 	
3.455	0.33714 	-0.169194 	0.533602 	0.0390024 	-1.35045 	1.94363e-06 	
3.46	0.337184 	-0.169172 	0.533545 	0.0390025 	-1.35045 	1.86811e-06 	
3.465	0.337266 	-0.16912 	0.533496 	0.0403739 	-1.35124 	2.12133e-06 	
3.47	0.337309 	-0.169098 	0.533439 	0.040374 	-1.35124 	2.04557e-06 	
3.475	0.337353 	-0.169076 	0.533381 	0.040374 	-1.35124 	1.96978e-06 	
3.48	0.337396 	-0.169054 	0.533324 	0.0403741 	-1.35124 	1.89397e-06 	
3.485	0.337479 	-0.169002 	0.533276 	0.0417488 	-1.35203 	2.1442e-06 	
3.49	0.337522 	-0.16898 	0.533218 	0.0417488 	-1.35203 	2.06823e-06 	
3.495	0.337566 	-0.168958 	0.533161 	0.0417489 	-1.35203 	1.99226e-06 	
3.5	0.337609 	-0.168936 	0.533103 	0.041749 	-1.35203 	1.91631e-06 	
3.505	0.337692 	-0.168883 	0.533055 	0.0431255 	-1.35281 	2.16298e-06 	
3.51	0.337735 	-0.168861 	0.532997 	0.0431256 	-1.35281 	2.08695e-06 	
3.515	0.337779 	-0.168839 	0.53294 	0.0431256 	-1.35281 	2.01095e-06 	
3.52	0.337822 	-0.168818 	0.532882 	0.0431257 	-1.35281 	1.93501e-06 	
3.525	0.337905 	-0.168765 	0.532834 	0.0445027 	-1.3536 	2.17757e-06 	
3.53	0.337949 	-0.168743 	0.532776 	0.0445028 	-1.3536 	2.10161e-06 	
3.535	0.337992 	-0.168721 	0.532719 	0.0445029 	-1.3536 	2.02574e-06 	
3.54	0.338036 	-0.168699 	0.532661 	0.0445029 	-1.3536 	1.94996e-06 	
3.545	0.338118 	-0.168647 	0.532613 	0.0458791 	-1.35439 	2.18786e-06 	
3.55	0.338161 	-0.168625 	0.532555 	0.0458792 	-1.35439 	2.11214e-06 	
3.555	0.338205 	-0.168603 	0.532498 	0.0458792 	-1.35439 	2.03654e-06 	
3.56	0.338248 	-0.168581 	0.53244 	0.0458793 	-1.35439 	1.96106e-06 	
3.565	0.338331 	-0.168528 	0.532392 	0.0472532 	-1.35518 	2.19378e-06 	
3.57	0.338374 	-0.168507 	0.532335 	0.0472533 	-1.35518 	2.11844e-06 	
3.575	0.338417 	-0.168485 	0.532278 	0.0472533 	-1.35518 	2.04326e-06 	
3.58	0.338461 	-0.168463 	0.53222 	0.0472534 	-1.35518 	1.96824e-06 	
3.585	0.338543 	-0.168411 	0.532173 	0.0486237 	-1.35597 	2.19527e-06 	
3.59	0.338586 	-0.168389 	0.532115 	0.0486238 	-1.35597 	2.12046e-06 	
3.595	0.338629 	-0.168367 	0.532058 	0.0486239 	-1.35597 	2.04584e-06 	
3.6	0.338672 	-0.168346 	0.532001 	0.0486239 	-1.35597 	1.97142e-06 	
3.605	0.338754 	-0.168293 	0.531954 	0.0499892 	-1.35675 	2.19229e-06 	
3.61	0.338797 	-0.168272 	0.531897 	0.0499893 	-1.35675 	2.11815e-06 	
3.615	0.33884 	-0.16825 	0.53184 	0.0499894 	-1.35675 	2.04424e-06 	
3.62	0.338883 	-0.168229 	0.531783 	0.0499894 	-1.35675 	1.97057e-06 	
3.625	0.338964 	-0.168177 	0.531736 	0.0513484 	-1.35753 	2.18481e-06 	
3.63	0.339007 	-0.168155 	0.531679 	0.0513485 	-1.35753 	2.11149e-06 	
3.635	0.33905 	-0.168134 	0.531622 	0.0513486 	-1.35753 	2.03843e-06 	
3.64	0.339092 	-0.168112 	0.531566 	0.0513486 	-1.35753 	1.96564e-06 	
3.645	0.339173 	-0.16806 	0.531519 	0.0526999 	-1.3583 	2.17284e-06 	
3.65	0.339216 	-0.168039 	0.531463 	0.0527 	-1.3583 	2.10047e-06 	
3.655	0.339258 	-0.168018 	0.531406 	0.0527 	-1.3583 	2.0284e-06 	
3.66	0.339301 	-0.167996 	0.53135 	0.0527001 	-1.3583 	1.95663e-06 	
3.665	0.339381 	-0.167945 	0.531304 	0.0540424 	-1.35907 	2.15638e-06 	
3.67	0.339423 	-0.167924 	0.531248 	0.0540424 	-1.35907 	2.0851e-06 	
3.675	0.339465 	-0.167903 	0.531192 	0.0540425 	-1.35907 	2.01415e-06 	
3.68	0.339507 	-0.167882 	0.531136 	0.0540425 	-1.35907 	1.94353e-06 	
3.685	0.339587 	-0.167831 	0.53109 	0.0553744 	-1.35983 	2.13547e-06 	
3.69	0.339629 	-0.16781 	0.531035 	0.0553745 	-1.35983 	2.06541e-06 	
3.695	0.33967 	-0.167789 	0.530979 	0.0553745 	-1.35983 	1.99571e-06 	
3.7	0.339712 	-0.167768 	0.530924 	0.0553746 	-1.35983 	1.92637e-06 	
3.705	0.339791 	-0.167717 	0.530878 	0.0566948 	-1.36059 	2.11017e-06 	
3.71	0.339832 	-0.167696 	0.530824 	0.0566948 	-1.36059 	2.04145e-06 	
3.715	0.339874 	-0.167676 	0.530769 	0.0566949 	-1.36059 	1.97312e-06 	
3.72	0.339915 	-0.167655 	0.530714 	0.0566949 	-1.36059 	1.90518e-06 	
3.725	0.339993 	-0.167605 	0.530669 	0.0580021 	-1.36134 	2.08054e-06 	
3.73	0.340034 	-0.167584 	0.530615 	0.0580021 	-1.36134 	2.01328e-06 	
3.735	0.340075 	-0.167564 	0.53056 	0.0580022 	-1.36134 	1.94645e-06 	
3.74	0.340116 	-0.167543 	0.530506 	0.0580023 	-1.36134 	1.88003e-06 	
3.745	0.340193 	-0.167494 	0.530462 	0.0592951 	-1.36208 	2.04668e-06 	
3.75	0.340233 	-0.167474 	0.530408 	0.0592951 	-1.36208 	1.98101e-06 	
3.755	0.340274 	-0.167453 	0.530354 	0.0592952 	-1.36208 	1.91578e-06 	
3.76	0.340314 	-0.167433 	0.530301 	0.0592953 	-1.36208 	1.851e-06 	
3.765	0.34039 	-0.167384 	0.530257 	0.0605725 	-1.36281 	2.00871e-06 	
3.77	0.34043 	-0.167364 	0.530204 	0.0605725 	-1.36281 	1.94472e-06 	
3.775	0.34047 	-0.167344 	0.530151 	0.0605726 	-1.36281 	1.88121e-06 	
3.78	0.34051 	-0.167324 	0.530099 	0.0605726 	-1.36281 	1.81817e-06 	
3.785	0.340585 	-0.167276 	0.530055 	0.0618329 	-1.36354 	1.96676e-06 	
3.79	0.340624 	-0.167256 	0.530003 	0.061833 	-1.36354 	1.90456e-06 	
3.795	0.340664 	-0.167236 	0.529951 	0.0618331 	-1.36354 	1.84286e-06 	
3.8	0.340703 	-0.167217 	0.529899 	0.0618331 	-1.36354 	1.78166e-06 	
3.805	0.329372 	-0.170567 	0.584345 	0.0630805 	-1.36439 	5.85846e-05 	
3.81	0.329364 	-0.170548 	0.584347 	0.063093 	-1.36456 	0.000111294 	
3.815	0.329355 	-0.17053 	0.584345 	0.0631024 	-1.36472 	0.000165501 	
3.82	0.329348 	-0.170513 	0.584348 	0.0631159 	-1.36489 	0.000215649 	
3.825	0.32934 	-0.170495 	0.584347 	0.0631263 	-1.36505 	0.000267491 	
3.83	0.329333 	-0.170478 	0.58435 	0.0631402 	-1.36522 	0.000316001 	
3.835	0.329324 	-0.170461 	0.584346 	0.0631477 	-1.36537 	0.000369456 	
3.84	0.329313 	-0.170445 	0.584336 	0.0631497 	-1.3655 	0.000427263 	
3.845	0.329301 	-0.170429 	0.58432 	0.0631462 	-1.36561 	0.000488904 	
3.85	0.329287 	-0.170415 	0.584298 	0.0631375 	-1.36571 	0.000554093 	
3.855	0.329271 	-0.1704 	0.58427 	0.0631241 	-1.36578 	0.000622561 	
3.86	0.329254 	-0.170387 	0.584238 	0.0631062 	-1.36584 	0.000694058 	
3.865	0.329236 	-0.170374 	0.584201 	0.0630843 	-1.36588 	0.000768347 	
3.87	0.329217 	-0.170361 	0.58416 	0.0630586 	-1.36591 	0.00084521 	
3.875	0.329196 	-0.170349 	0.584115 	0.06303 	-1.36593 	0.000924699 	
3.88	0.329176 	-0.170336 	0.584069 	0.0629998 	-1.36595 	0.00100713 	
3.885	0.329155 	-0.170324 	0.58402 	0.0629673 	-1.36595 	0.00109007 	
3.89	0.329133 	-0.170313 	0.58397 	0.0629345 	-1.36596 	0.00117037 	
3.895	0.329111 	-0.170302 	0.583918 	0.0628996 	-1.36595 	0.00125114 	
3.9	0.329088 	-0.170293 	0.583865 	0.0628644 	-1.36594 	0.00132931 	
3.905	0.329066 	-0.170284 	0.583812 	0.0628295 	-1.36594 	0.00140619 	
3.91	0.329046 	-0.170275 	0.583765 	0.0628004 	-1.36595 	0.00147496 	
3.915	0.329025 	-0.170267 	0.583715 	0.0627688 	-1.36595 	0.00154591 	
3.92	0.329004 	-0.170259 	0.583664 	0.0627361 	-1.36595 	0.00161748 	
3.925	0.328983 	-0.170251 	0.58361 	0.0627013 	-1.36594 	0.00169098 	
3.93	0.328963 	-0.170243 	0.583556 	0.0626657 	-1.36592 	0.00176489 	
3.935	0.328941 	-0.170235 	0.583499 	0.0626282 	-1.3659 	0.00184049 	
3.94	0.328921 	-0.170228 	0.583441 	0.0625902 	-1.36588 	0.00191626 	
3.945	0.328899 	-0.17022 	0.583381 	0.0625505 	-1.36585 	0.00199353 	
3.95	0.328878 	-0.170213 	0.583321 	0.0625106 	-1.36582 	0.00207077 	
3.955	0.328857 	-0.170205 	0.583259 	0.0624692 	-1.36578 	0.00214934 	
3.96	0.328837 	-0.170198 	0.583198 	0.0624285 	-1.36574 	0.00222699 	
3.965	0.328817 	-0.170191 	0.583136 	0.0623877 	-1.36571 	0.00230444 	
3.97	0.328797 	-0.170183 	0.583078 	0.0623497 	-1.36568 	0.00238157 	
3.975	0.328783 	-0.170172 	0.583035 	0.062324 	-1.3657 	0.00245371 	
3.98	0.328767 	-0.170162 	0.582988 	0.0622951 	-1.36571 	0.0025283 	
3.985	0.32875 	-0.170151 	0.582937 	0.0622633 	-1.36571 	0.00260516 	
3.99	0.328731 	-0.170142 	0.582883 	0.0622288 	-1.3657 	0.00268409 	
3.995	0.328711 	-0.170132 	0.582826 	0.0621918 	-1.36567 	0.00276493 	
4	0.32869 	-0.170122 	0.582766 	0.0621525 	-1.36564 	0.0028475 	
4.005	0.328668 	-0.170113 	0.582704 	0.0621111 	-1.3656 	0.00293181 	
4.01	0.328647 	-0.170103 	0.582646 	0.0620728 	-1.36558 	0.00301515 	
4.015	0.328631 	-0.170091 	0.582601 	0.0620464 	-1.3656 	0.00309155 	
4.02	0.328613 	-0.17008 	0.582553 	0.062017 	-1.3656 	0.00317002 	
4.025	0.328594 	-0.170068 	0.582502 	0.0619849 	-1.3656 	0.00325038 	
4.03	0.328574 	-0.170058 	0.582447 	0.0619501 	-1.36558 	0.00333246 	
4.035	0.328552 	-0.170047 	0.58239 	0.0619129 	-1.36556 	0.00341611 	
4.04	0.32853 	-0.170037 	0.582329 	0.0618736 	-1.36553 	0.00350121 	
4.045	0.328507 	-0.170027 	0.582266 	0.0618323 	-1.36549 	0.00358763 	
4.05	0.328483 	-0.170017 	0.582201 	0.0617892 	-1.36544 	0.00367524 	
4.055	0.328458 	-0.170008 	0.582134 	0.0617444 	-1.36539 	0.00376392 	
4.06	0.328434 	-0.169998 	0.582071 	0.0617032 	-1.36534 	0.00385057 	
4.065	0.328416 	-0.169986 	0.582024 	0.0616751 	-1.36535 	0.00392937 	
4.07	0.328398 	-0.169973 	0.581978 	0.061649 	-1.36537 	0.00400704 	
4.075	0.328385 	-0.169959 	0.581947 	0.061634 	-1.36543 	0.00407789 	
4.08	0.328371 	-0.169945 	0.581912 	0.0616159 	-1.36548 	0.00415033 	
4.085	0.328355 	-0.169932 	0.581873 	0.0615948 	-1.36552 	0.00422356 	
4.09	0.328338 	-0.16992 	0.58183 	0.0615709 	-1.36554 	0.00429843 	
4.095	0.328321 	-0.169908 	0.581785 	0.061545 	-1.36556 	0.00437389 	
4.1	0.328302 	-0.169897 	0.581736 	0.0615167 	-1.36556 	0.00445075 	
4.105	0.328284 	-0.169886 	0.581686 	0.0614869 	-1.36556 	0.00452809 	
4.11	0.328264 	-0.169875 	0.581633 	0.061455 	-1.36555 	0.00460658 	
4.115	0.328244 	-0.169865 	0.581578 	0.0614219 	-1.36554 	0.00468533 	
4.12	0.328224 	-0.169855 	0.581521 	0.0613872 	-1.36551 	0.00476502 	
4.125	0.328204 	-0.169845 	0.581463 	0.0613516 	-1.36549 	0.00484479 	
4.13	0.328183 	-0.169835 	0.581403 	0.0613146 	-1.36545 	0.00492534 	
4.135	0.328162 	-0.169826 	0.581342 	0.061277 	-1.36542 	0.00500581 	
4.14	0.328142 	-0.169817 	0.581284 	0.0612427 	-1.3654 	0.0050834 	
4.145	0.328126 	-0.169806 	0.581243 	0.0612216 	-1.36542 	0.00515039 	
4.15	0.328111 	-0.169795 	0.581204 	0.0612026 	-1.36546 	0.00521464 	
4.155	0.328099 	-0.169785 	0.581177 	0.0611949 	-1.36554 	0.00526748 	
4.16	0.328088 	-0.169773 	0.581151 	0.0611868 	-1.36561 	0.00532133 	
4.165	0.328079 	-0.169761 	0.581134 	0.0611863 	-1.36572 	0.00537203 	
4.17	0.32807 	-0.169748 	0.581116 	0.0611849 	-1.36582 	0.00542347 	
4.175	0.328063 	-0.169734 	0.581107 	0.0611904 	-1.36595 	0.00546969 	
4.18	0.328056 	-0.169721 	0.581096 	0.0611943 	-1.36608 	0.00551725 	
4.185	0.32805 	-0.169707 	0.581091 	0.0612037 	-1.36622 	0.00556067 	
4.19	0.328043 	-0.169693 	0.581084 	0.061211 	-1.36636 	0.00560571 	
4.195	0.328038 	-0.169679 	0.581082 	0.061223 	-1.36652 	0.00564713 	
4.2	0.328032 	-0.169665 	0.581078 	0.0612327 	-1.36667 	0.00569037 	
4.205	0.328027 	-0.16965 	0.581079 	0.0612465 	-1.36683 	0.00573033 	
4.21	0.328021 	-0.169636 	0.581076 	0.0612578 	-1.36699 	0.00577227 	
4.215	0.328016 	-0.169622 	0.581079 	0.0612729 	-1.36715 	0.00581118 	
4.22	0.32801 	-0.169607 	0.581078 	0.0612853 	-1.36731 	0.00585217 	
4.225	0.328006 	-0.169593 	0.581081 	0.0613013 	-1.36748 	0.00589027 	
4.23	0.328 	-0.169578 	0.581081 	0.0613147 	-1.36765 	0.00593035 	
4.235	0.327995 	-0.169564 	0.581085 	0.0613315 	-1.36782 	0.00596746 	
4.24	0.327988 	-0.16955 	0.581082 	0.0613429 	-1.36797 	0.00600826 	
4.245	0.327979 	-0.169537 	0.581073 	0.0613494 	-1.36811 	0.0060521 	
4.25	0.327969 	-0.169524 	0.581059 	0.0613512 	-1.36822 	0.00609916 	
4.255	0.327957 	-0.169513 	0.581039 	0.061349 	-1.36832 	0.00614883 	
4.26	0.327944 	-0.169501 	0.581015 	0.0613429 	-1.36841 	0.00620133 	
4.265	0.32793 	-0.16949 	0.580986 	0.0613333 	-1.36848 	0.00625607 	
4.27	0.327915 	-0.16948 	0.580953 	0.0613204 	-1.36853 	0.00631329 	
4.275	0.327898 	-0.16947 	0.580917 	0.0613048 	-1.36858 	0.0063724 	
4.28	0.327881 	-0.16946 	0.580877 	0.0612863 	-1.36861 	0.0064337 	
4.285	0.327863 	-0.169451 	0.580834 	0.0612655 	-1.36863 	0.00649667 	
4.29	0.327847 	-0.169441 	0.580793 	0.0612464 	-1.36866 	0.00655896 	
4.295	0.327833 	-0.16943 	0.580765 	0.0612368 	-1.36873 	0.00661476 	
4.3	0.32782 	-0.169418 	0.580737 	0.061228 	-1.3688 	0.00667055 	
4.305	0.32781 	-0.169405 	0.58072 	0.0612284 	-1.36891 	0.00671994 	
4.31	0.3278 	-0.169393 	0.580703 	0.0612281 	-1.36902 	0.00677004 	
4.315	0.327793 	-0.169379 	0.580694 	0.0612352 	-1.36915 	0.0068148 	
4.32	0.327785 	-0.169366 	0.580684 	0.0612406 	-1.36928 	0.00686107 	
4.325	0.327778 	-0.169352 	0.58068 	0.0612512 	-1.36943 	0.00690364 	
4.33	0.327771 	-0.169338 	0.580673 	0.0612597 	-1.36957 	0.00694795 	
4.335	0.327765 	-0.169323 	0.580672 	0.0612727 	-1.36973 	0.00698901 	
4.34	0.327758 	-0.169309 	0.580668 	0.0612832 	-1.36988 	0.00703197 	
4.345	0.327753 	-0.169294 	0.580669 	0.0612978 	-1.37004 	0.00707198 	
4.35	0.327746 	-0.16928 	0.580666 	0.0613098 	-1.37019 	0.007114 	
4.355	0.327741 	-0.169265 	0.580668 	0.0613254 	-1.37036 	0.00715338 	
4.36	0.327735 	-0.16925 	0.580667 	0.0613382 	-1.37052 	0.00719487 	
4.365	0.327729 	-0.169235 	0.58067 	0.0613544 	-1.37069 	0.00723392 	
4.37	0.327723 	-0.16922 	0.580669 	0.061368 	-1.37085 	0.00727531 	
4.375	0.327718 	-0.169205 	0.580674 	0.0613855 	-1.37103 	0.00731488 	
4.38	0.327712 	-0.169189 	0.580675 	0.0614003 	-1.37119 	0.0073568 	
4.385	0.327708 	-0.169173 	0.580681 	0.0614187 	-1.37137 	0.00739688 	
4.39	0.327703 	-0.169157 	0.580684 	0.0614344 	-1.37154 	0.00743929 	
4.395	0.327699 	-0.16914 	0.58069 	0.0614534 	-1.37173 	0.00747986 	
4.4	0.327694 	-0.169124 	0.580694 	0.0614695 	-1.3719 	0.00752274 	
4.405	0.32769 	-0.169107 	0.580701 	0.0614889 	-1.37208 	0.00756379 	
4.41	0.327686 	-0.169091 	0.580705 	0.0615054 	-1.37226 	0.00760712 	
4.415	0.327682 	-0.169074 	0.580713 	0.0615249 	-1.37244 	0.00764861 	
4.42	0.327677 	-0.169057 	0.580717 	0.0615415 	-1.37262 	0.00769237 	
4.425	0.327674 	-0.16904 	0.580724 	0.0615611 	-1.3728 	0.00773427 	
4.43	0.327669 	-0.169023 	0.580728 	0.0615778 	-1.37298 	0.00777841 	
4.435	0.327665 	-0.169006 	0.580736 	0.0615974 	-1.37317 	0.00782067 	
4.44	0.327661 	-0.168989 	0.58074 	0.0616138 	-1.37334 	0.00786504 	
4.445	0.327657 	-0.168972 	0.580747 	0.0616331 	-1.37352 	0.00790679 	
4.45	0.327652 	-0.168955 	0.580752 	0.0616509 	-1.3737 	0.00794964 	
4.455	0.327648 	-0.168938 	0.580761 	0.0616716 	-1.37389 	0.00799011 	
4.46	0.327644 	-0.168921 	0.580767 	0.0616906 	-1.37407 	0.00803178 	
4.465	0.32764 	-0.168904 	0.580777 	0.0617122 	-1.37427 	0.00807128 	
4.47	0.327635 	-0.168887 	0.580784 	0.061732 	-1.37445 	0.00811208 	
4.475	0.327631 	-0.16887 	0.580794 	0.0617542 	-1.37464 	0.00815089 	
4.48	0.327627 	-0.168853 	0.580801 	0.0617745 	-1.37483 	0.00819107 	
4.485	0.327623 	-0.168836 	0.580811 	0.061797 	-1.37502 	0.00822939 	
4.49	0.327618 	-0.168819 	0.580819 	0.0618175 	-1.37521 	0.00826912 	
4.495	0.327614 	-0.168802 	0.580829 	0.0618402 	-1.3754 	0.00830708 	
4.5	0.327609 	-0.168785 	0.580837 	0.0618609 	-1.37559 	0.00834649 	
4.505	0.327605 	-0.168768 	0.580847 	0.0618837 	-1.37579 	0.00838418 	
4.51	0.327599 	-0.168751 	0.580854 	0.0619043 	-1.37597 	0.00842337 	
4.515	0.327595 	-0.168735 	0.580864 	0.0619271 	-1.37616 	0.00846086 	
4.52	0.32759 	-0.168718 	0.580871 	0.0619477 	-1.37635 	0.00849987 	
4.525	0.327585 	-0.168701 	0.58088 	0.0619704 	-1.37654 	0.00853721 	
4.53	0.32758 	-0.168685 	0.580887 	0.0619909 	-1.37673 	0.00857609 	
4.535	0.327575 	-0.168668 	0.580897 	0.0620135 	-1.37692 	0.00861331 	
4.54	0.327569 	-0.168652 	0.580903 	0.0620339 	-1.3771 	0.00865209 	
4.545	0.327564 	-0.168635 	0.580912 	0.0620564 	-1.37729 	0.00868919 	
4.55	0.327559 	-0.168619 	0.580918 	0.0620767 	-1.37747 	0.00872789 	
4.555	0.327553 	-0.168602 	0.580927 	0.0620991 	-1.37766 	0.00876491 	
4.56	0.327548 	-0.168586 	0.580933 	0.0621192 	-1.37784 	0.00880354 	
4.565	0.327542 	-0.168569 	0.580941 	0.0621415 	-1.37803 	0.00884048 	
4.57	0.327536 	-0.168553 	0.580947 	0.0621614 	-1.37821 	0.00887905 	
4.575	0.327531 	-0.168537 	0.580955 	0.0621836 	-1.3784 	0.00891592 	
4.58	0.327525 	-0.168521 	0.58096 	0.0622034 	-1.37858 	0.00895443 	
4.585	0.327519 	-0.168504 	0.580968 	0.0622254 	-1.37877 	0.00899124 	
4.59	0.327513 	-0.168488 	0.580973 	0.0622451 	-1.37895 	0.00902971 	
4.595	0.327508 	-0.168472 	0.58098 	0.062267 	-1.37913 	0.00906645 	
4.6	0.3275 	-0.168456 	0.580982 	0.0622842 	-1.3793 	0.00910654 	
4.605	0.327492 	-0.168441 	0.580978 	0.0622962 	-1.37945 	0.00915003 	
4.61	0.327482 	-0.168427 	0.580967 	0.0623032 	-1.37958 	0.00919721 	
4.615	0.32747 	-0.168413 	0.580952 	0.0623059 	-1.37969 	0.00924714 	
4.62	0.327457 	-0.1684 	0.580931 	0.0623043 	-1.37978 	0.0093001 	
4.625	0.327445 	-0.168387 	0.58091 	0.0623028 	-1.37988 	0.00935275 	
4.63	0.327435 	-0.168374 	0.580897 	0.0623077 	-1.38 	0.00940083 	
4.635	0.327424 	-0.16836 	0.58088 	0.0623092 	-1.3801 	0.00945161 	
4.64	0.327411 	-0.168347 	0.580858 	0.0623067 	-1.38019 	0.00950498 	
4.645	0.327398 	-0.168335 	0.580832 	0.0623004 	-1.38027 	0.00956104 	
4.65	0.327383 	-0.168323 	0.5808 	0.0622903 	-1.38033 	0.00961966 	
4.655	0.327368 	-0.168311 	0.580768 	0.0622794 	-1.38039 	0.00967892 	
4.66	0.327357 	-0.168298 	0.580747 	0.0622777 	-1.38048 	0.00973186 	
4.665	0.327346 	-0.168285 	0.580726 	0.0622759 	-1.38057 	0.00978514 	
4.67	0.327337 	-0.168271 	0.580714 	0.0622824 	-1.3807 	0.00983273 	
4.675	0.327328 	-0.168257 	0.580701 	0.0622876 	-1.38082 	0.00988136 	
4.68	0.327321 	-0.168242 	0.580696 	0.0622996 	-1.38096 	0.00992523 	
4.685	0.327314 	-0.168227 	0.580689 	0.0623098 	-1.3811 	0.00997055 	
4.69	0.327308 	-0.168211 	0.580688 	0.0623256 	-1.38126 	0.0100118 	
4.695	0.327301 	-0.168196 	0.580685 	0.0623389 	-1.38141 	0.0100551 	
4.7	0.327296 	-0.16818 	0.580686 	0.0623563 	-1.38157 	0.0100958 	
4.705	0.32729 	-0.168164 	0.580684 	0.0623709 	-1.38173 	0.0101391 	
4.71	0.327285 	-0.168148 	0.580687 	0.0623896 	-1.3819 	0.0101799 	
4.715	0.32728 	-0.168132 	0.580687 	0.0624054 	-1.38206 	0.010223 	
4.72	0.327276 	-0.168115 	0.580692 	0.0624251 	-1.38224 	0.0102639 	
4.725	0.32727 	-0.168098 	0.580692 	0.0624415 	-1.3824 	0.0103073 	
4.73	0.327266 	-0.168081 	0.580696 	0.0624604 	-1.38257 	0.0103493 	
4.735	0.327262 	-0.168065 	0.580696 	0.0624761 	-1.38273 	0.0103936 	
4.74	0.327258 	-0.168048 	0.580699 	0.0624943 	-1.3829 	0.0104366 	
4.745	0.327253 	-0.168031 	0.580698 	0.0625094 	-1.38306 	0.0104819 	
4.75	0.32725 	-0.168014 	0.580701 	0.0625271 	-1.38323 	0.0105256 	
4.755	0.327246 	-0.167998 	0.580699 	0.0625417 	-1.38338 	0.0105715 	
4.76	0.327243 	-0.16798 	0.580701 	0.0625591 	-1.38355 	0.0106158 	
4.765	0.327238 	-0.167964 	0.5807 	0.0625735 	-1.38371 	0.0106623 	
4.77	0.327236 	-0.167946 	0.580702 	0.0625907 	-1.38387 	0.0107071 	
4.775	0.327232 	-0.16793 	0.5807 	0.062605 	-1.38403 	0.0107539 	
4.78	0.327229 	-0.167912 	0.580702 	0.0626224 	-1.38419 	0.0107986 	
4.785	0.327225 	-0.167895 	0.580701 	0.0626368 	-1.38435 	0.0108454 	
4.79	0.327223 	-0.167878 	0.580703 	0.0626544 	-1.38452 	0.01089 	
4.795	0.327219 	-0.167861 	0.580702 	0.0626689 	-1.38467 	0.0109367 	
4.8	0.327216 	-0.167844 	0.580704 	0.0626866 	-1.38484 	0.0109813 	
4.805	0.327213 	-0.167827 	0.580703 	0.0627013 	-1.38499 	0.0110279 	
4.81	0.32721 	-0.16781 	0.580705 	0.0627191 	-1.38516 	0.0110725 	
4.815	0.327207 	-0.167793 	0.580704 	0.0627339 	-1.38532 	0.0111191 	
4.82	0.327204 	-0.167775 	0.580706 	0.0627518 	-1.38549 	0.0111636 	
4.825	0.327201 	-0.167758 	0.580705 	0.0627667 	-1.38564 	0.0112102 	
4.83	0.327199 	-0.167741 	0.580708 	0.0627847 	-1.38581 	0.0112547 	
4.835	0.327195 	-0.167724 	0.580706 	0.0627998 	-1.38597 	0.0113013 	
4.84	0.327193 	-0.167706 	0.580709 	0.0628178 	-1.38613 	0.0113458 	
4.845	0.327189 	-0.167689 	0.580708 	0.062833 	-1.38629 	0.0113923 	
4.85	0.327187 	-0.167672 	0.58071 	0.0628511 	-1.38646 	0.0114368 	
4.855	0.327183 	-0.167655 	0.580709 	0.0628664 	-1.38662 	0.0114828 	
4.86	0.32718 	-0.167638 	0.580712 	0.0628855 	-1.38679 	0.0115246 	
4.865	0.327176 	-0.167621 	0.580712 	0.0629015 	-1.38694 	0.0115684 	
4.87	0.327171 	-0.167606 	0.580708 	0.0629149 	-1.38709 	0.0116134 	
4.875	0.327165 	-0.16759 	0.580701 	0.0629258 	-1.38723 	0.0116603 	
4.88	0.32716 	-0.167574 	0.580698 	0.0629401 	-1.38738 	0.0117054 	
4.885	0.327154 	-0.167558 	0.580692 	0.0629519 	-1.38752 	0.0117524 	
4.89	0.327149 	-0.167541 	0.580691 	0.0629671 	-1.38768 	0.0117974 	
4.895	0.327142 	-0.167525 	0.580686 	0.0629797 	-1.38782 	0.0118445 	
4.9	0.327137 	-0.167508 	0.580685 	0.0629955 	-1.38798 	0.0118896 	
4.905	0.327131 	-0.167492 	0.580681 	0.0630086 	-1.38813 	0.0119367 	
4.91	0.327126 	-0.167475 	0.58068 	0.0630249 	-1.38828 	0.0119819 	
4.915	0.327119 	-0.167458 	0.580676 	0.0630383 	-1.38843 	0.0120292 	
4.92	0.327114 	-0.167441 	0.580676 	0.0630549 	-1.38859 	0.0120745 	
4.925	0.327107 	-0.167424 	0.580673 	0.0630686 	-1.38874 	0.0121219 	
4.93	0.327102 	-0.167407 	0.580673 	0.0630854 	-1.3889 	0.0121673 	
4.935	0.327094 	-0.16739 	0.580666 	0.0630963 	-1.38904 	0.0122167 	
4.94	0.327084 	-0.167375 	0.580653 	0.0631018 	-1.38916 	0.01227 	
4.945	0.327073 	-0.16736 	0.580634 	0.0631022 	-1.38926 	0.0123268 	
4.95	0.327061 	-0.167345 	0.580613 	0.0631016 	-1.38936 	0.0123845 	
4.955	0.327051 	-0.167329 	0.5806 	0.0631069 	-1.38947 	0.0124386 	
4.96	0.327041 	-0.167313 	0.580585 	0.0631112 	-1.38959 	0.0124936 	
4.965	0.327032 	-0.167296 	0.580577 	0.0631209 	-1.38972 	0.0125454 	
4.97	0.327023 	-0.16728 	0.580567 	0.0631288 	-1.38985 	0.0125984 	
4.975	0.327016 	-0.167262 	0.580562 	0.0631417 	-1.39 	0.0126483 	
4.98	0.327008 	-0.167245 	0.580555 	0.0631523 	-1.39013 	0.0126998 	
4.985	0.327002 	-0.167228 	0.580553 	0.0631673 	-1.39029 	0.0127485 	
4.99	0.326994 	-0.16721 	0.580548 	0.0631798 	-1.39043 	0.0127988 	
4.995	0.326988 	-0.167192 	0.580547 	0.0631964 	-1.39059 	0.0128464 	
5	0.326981 	-0.167175 	0.580544 	0.0632103 	-1.39074 	0.0128958 	
5.005	0.326975 	-0.167157 	0.580545 	0.063228 	-1.3909 	0.0129426 	
5.01	0.326968 	-0.167139 	0.580542 	0.0632429 	-1.39106 	0.0129913 	
5.015	0.326963 	-0.167121 	0.580544 	0.0632613 	-1.39122 	0.0130376 	
5.02	0.326956 	-0.167104 	0.580542 	0.0632769 	-1.39138 	0.0130858 	
5.025	0.32695 	-0.167085 	0.580544 	0.0632958 	-1.39155 	0.0131316 	
5.03	0.326944 	-0.167068 	0.580543 	0.0633119 	-1.3917 	0.0131793 	
5.035	0.326938 	-0.16705 	0.580545 	0.0633313 	-1.39187 	0.0132245 	
5.04	0.326931 	-0.167032 	0.580544 	0.0633478 	-1.39203 	0.0132716 	
5.045	0.326926 	-0.167014 	0.580547 	0.0633675 	-1.3922 	0.0133163 	
5.05	0.326919 	-0.166996 	0.580546 	0.0633843 	-1.39236 	0.013363 	
5.055	0.326913 	-0.166978 	0.580549 	0.0634042 	-1.39253 	0.0134074 	
5.06	0.326906 	-0.166961 	0.580548 	0.0634212 	-1.39269 	0.0134538 	
5.065	0.326901 	-0.166943 	0.580551 	0.0634413 	-1.39286 	0.0134978 	
5.07	0.326894 	-0.166925 	0.580551 	0.0634584 	-1.39302 	0.0135439 	
5.075	0.326888 	-0.166908 	0.580554 	0.0634787 	-1.39319 	0.0135878 	
5.08	0.326881 	-0.16689 	0.580553 	0.0634959 	-1.39334 	0.0136337 	
5.085	0.326875 	-0.166872 	0.580556 	0.0635162 	-1.39351 	0.0136773 	
5.09	0.326868 	-0.166855 	0.580555 	0.0635335 	-1.39367 	0.0137231 	
5.095	0.326862 	-0.166837 	0.580558 	0.0635539 	-1.39384 	0.0137666 	
5.1	0.326855 	-0.166819 	0.580557 	0.0635713 	-1.394 	0.0138122 	
5.105	0.326849 	-0.166802 	0.58056 	0.0635918 	-1.39417 	0.0138556 	
5.11	0.326842 	-0.166784 	0.580559 	0.0636092 	-1.39433 	0.0139011 	
5.115	0.326836 	-0.166766 	0.580562 	0.0636297 	-1.3945 	0.0139444 	
5.12	0.326829 	-0.166749 	0.580561 	0.0636471 	-1.39466 	0.0139899 	
5.125	0.326823 	-0.166731 	0.580564 	0.0636677 	-1.39483 	0.0140331 	
5.13	0.326816 	-0.166714 	0.580563 	0.0636852 	-1.39499 	0.0140785 	
5.135	0.326809 	-0.166696 	0.580565 	0.0637058 	-1.39515 	0.0141217 	
5.14	0.326802 	-0.166679 	0.580564 	0.0637234 	-1.39531 	0.0141671 	
5.145	0.326796 	-0.166661 	0.580567 	0.063744 	-1.39548 	0.0142103 	
5.15	0.326789 	-0.166643 	0.580566 	0.0637616 	-1.39564 	0.0142556 	
5.155	0.326783 	-0.166626 	0.580568 	0.0637823 	-1.39581 	0.0142987 	
5.16	0.326775 	-0.166608 	0.580567 	0.0637999 	-1.39597 	0.014344 	
5.165	0.326769 	-0.16659 	0.58057 	0.0638206 	-1.39613 	0.0143872 	
5.17	0.326762 	-0.166573 	0.580569 	0.0638382 	-1.39629 	0.0144325 	
5.175	0.326756 	-0.166555 	0.580571 	0.063859 	-1.39646 	0.0144756 	
5.18	0.326748 	-0.166538 	0.58057 	0.0638766 	-1.39662 	0.0145209 	
5.185	0.326742 	-0.16652 	0.580572 	0.0638974 	-1.39678 	0.014564 	
5.19	0.326735 	-0.166502 	0.580571 	0.0639151 	-1.39694 	0.0146093 	
5.195	0.326728 	-0.166485 	0.580573 	0.0639359 	-1.39711 	0.0146524 	
5.2	0.326721 	-0.166467 	0.580571 	0.0639537 	-1.39727 	0.0146977 	
5.205	0.326715 	-0.166449 	0.580574 	0.0639745 	-1.39743 	0.0147408 	
5.21	0.326707 	-0.166432 	0.580572 	0.0639923 	-1.39759 	0.0147861 	
5.215	0.326701 	-0.166414 	0.580574 	0.0640132 	-1.39776 	0.0148293 	
5.22	0.326693 	-0.166397 	0.580573 	0.064031 	-1.39791 	0.0148746 	
5.225	0.326687 	-0.166379 	0.580575 	0.0640519 	-1.39808 	0.0149177 	
5.23	0.326679 	-0.166361 	0.580573 	0.0640698 	-1.39824 	0.014963 	
5.235	0.326673 	-0.166343 	0.580575 	0.0640907 	-1.3984 	0.0150062 	
5.24	0.326665 	-0.166326 	0.58057 	0.0641056 	-1.39855 	0.0150536 	
5.245	0.326654 	-0.16631 	0.580559 	0.0641146 	-1.39867 	0.015105 	
5.25	0.326642 	-0.166294 	0.580541 	0.0641182 	-1.39878 	0.0151601 	
5.255	0.326628 	-0.16628 	0.580517 	0.0641169 	-1.39886 	0.0152186 	
5.26	0.326612 	-0.166265 	0.580489 	0.064111 	-1.39893 	0.0152803 	
5.265	0.326595 	-0.166252 	0.580455 	0.0641008 	-1.39898 	0.015345 	
5.27	0.326576 	-0.166238 	0.580417 	0.0640866 	-1.39902 	0.0154123 	
5.275	0.326556 	-0.166226 	0.580375 	0.0640689 	-1.39905 	0.015482 	
5.28	0.326535 	-0.166214 	0.580329 	0.0640478 	-1.39906 	0.0155541 	
5.285	0.326513 	-0.166202 	0.580279 	0.0640236 	-1.39906 	0.0156282 	
5.29	0.32649 	-0.16619 	0.580226 	0.0639967 	-1.39905 	0.0157043 	
5.295	0.326466 	-0.166179 	0.58017 	0.0639671 	-1.39903 	0.0157821 	
5.3	0.326441 	-0.166169 	0.580111 	0.0639352 	-1.399 	0.0158615 	
5.305	0.326415 	-0.166158 	0.580049 	0.0639011 	-1.39897 	0.0159423 	
5.31	0.326389 	-0.166148 	0.579985 	0.063865 	-1.39892 	0.0160245 	
5.315	0.326364 	-0.166139 	0.579925 	0.0638337 	-1.39889 	0.0160985 	
5.32	0.326343 	-0.166132 	0.579882 	0.0638203 	-1.39891 	0.0161464 	
5.325	0.326324 	-0.166124 	0.579841 	0.0638086 	-1.39894 	0.0161951 	
5.33	0.326309 	-0.166114 	0.579815 	0.063809 	-1.39902 	0.0162386 	
5.335	0.326294 	-0.166103 	0.579789 	0.0638094 	-1.3991 	0.0162835 	
5.34	0.326284 	-0.16609 	0.579774 	0.0638193 	-1.39921 	0.0163243 	
5.345	0.326273 	-0.166077 	0.579759 	0.0638285 	-1.39932 	0.016366 	
5.35	0.326265 	-0.166062 	0.579753 	0.0638461 	-1.39946 	0.0164018 	
5.355	0.326256 	-0.166048 	0.579746 	0.0638622 	-1.3996 	0.0164388 	
5.36	0.32625 	-0.166034 	0.579746 	0.0638858 	-1.39976 	0.0164694 	
5.365	0.326243 	-0.166019 	0.579745 	0.0639076 	-1.39992 	0.0165008 	
5.37	0.326238 	-0.166005 	0.57975 	0.0639353 	-1.40009 	0.0165279 	
5.375	0.326232 	-0.16599 	0.579752 	0.0639602 	-1.40026 	0.0165571 	
5.38	0.326227 	-0.165975 	0.579759 	0.0639903 	-1.40045 	0.0165823 	
5.385	0.326222 	-0.16596 	0.579764 	0.0640175 	-1.40062 	0.0166099 	
5.39	0.326218 	-0.165945 	0.579773 	0.0640493 	-1.40081 	0.0166338 	
5.395	0.326213 	-0.16593 	0.579779 	0.0640779 	-1.40099 	0.0166602 	
5.4	0.326209 	-0.165914 	0.57979 	0.0641109 	-1.40119 	0.0166832 	
5.405	0.326204 	-0.165899 	0.579797 	0.0641407 	-1.40137 	0.0167088 	
5.41	0.3262 	-0.165884 	0.579809 	0.064175 	-1.40157 	0.0167303 	
5.415	0.326195 	-0.165869 	0.579818 	0.0642069 	-1.40176 	0.0167525 	
5.42	0.326191 	-0.165853 	0.57983 	0.0642417 	-1.40196 	0.0167736 	
5.425	0.326186 	-0.16584 	0.579838 	0.064274 	-1.40215 	0.0167926 	
5.43	0.326182 	-0.165828 	0.579849 	0.0643108 	-1.40234 	0.0167994 	
5.435	0.326177 	-0.165817 	0.579858 	0.0643456 	-1.40253 	0.0168069 	
5.44	0.326172 	-0.165807 	0.579867 	0.0643816 	-1.40272 	0.0168121 	
5.445	0.326166 	-0.165797 	0.579873 	0.0644159 	-1.4029 	0.016816 	
5.45	0.32616 	-0.165789 	0.579882 	0.0644535 	-1.40309 	0.0168117 	
5.455	0.326154 	-0.165782 	0.579888 	0.0644895 	-1.40327 	0.0168074 	
5.46	0.326149 	-0.165776 	0.579896 	0.0645284 	-1.40346 	0.0167943 	
5.465	0.326142 	-0.165771 	0.579901 	0.0645648 	-1.40363 	0.0167837 	
5.47	0.326136 	-0.165766 	0.579907 	0.0646022 	-1.40381 	0.0167697 	
5.475	0.326129 	-0.165762 	0.579911 	0.064639 	-1.40399 	0.0167554 	
5.48	0.326123 	-0.165758 	0.579917 	0.0646774 	-1.40416 	0.0167366 	
5.485	0.326117 	-0.165755 	0.579921 	0.0647153 	-1.40434 	0.0167172 	
5.49	0.326111 	-0.165752 	0.579927 	0.0647548 	-1.40452 	0.0166977 	
5.495	0.326105 	-0.165749 	0.579932 	0.0647936 	-1.40469 	0.0166764 	
5.5	0.326099 	-0.165747 	0.579938 	0.0648343 	-1.40487 	0.0166506 	
5.505	0.326093 	-0.165745 	0.579943 	0.0648747 	-1.40505 	0.016625 	
5.51	0.326086 	-0.165744 	0.57995 	0.0649162 	-1.40523 	0.0165977 	
5.515	0.326079 	-0.165742 	0.579956 	0.0649579 	-1.40541 	0.0165693 	
5.52	0.326073 	-0.165742 	0.579964 	0.0650018 	-1.4056 	0.0165354 	
5.525	0.326065 	-0.165741 	0.579968 	0.0650425 	-1.40577 	0.016505 	
5.53	0.326058 	-0.165742 	0.579974 	0.0650849 	-1.40595 	0.0164716 	
5.535	0.326049 	-0.165741 	0.579976 	0.0651245 	-1.40612 	0.0164421 	
5.54	0.326041 	-0.165742 	0.579982 	0.0651669 	-1.4063 	0.0164079 	
5.545	0.326032 	-0.165741 	0.579983 	0.0652048 	-1.40647 	0.0163798 	
5.55	0.326024 	-0.165742 	0.579986 	0.0652458 	-1.40664 	0.016348 	
5.555	0.326015 	-0.165741 	0.579986 	0.0652826 	-1.4068 	0.0163225 	
5.56	0.326006 	-0.16574 	0.579987 	0.06532 	-1.40696 	0.0162977 	
5.565	0.325996 	-0.165739 	0.579986 	0.0653557 	-1.40712 	0.0162746 	
5.57	0.325988 	-0.165739 	0.579989 	0.0653964 	-1.40729 	0.0162423 	
5.575	0.325979 	-0.16574 	0.579989 	0.0654346 	-1.40745 	0.0162114 	
5.58	0.325972 	-0.165743 	0.579994 	0.0654796 	-1.40763 	0.0161668 	
5.585	0.325964 	-0.165746 	0.579995 	0.0655213 	-1.40779 	0.0161252 	
5.59	0.325957 	-0.165751 	0.580001 	0.0655692 	-1.40797 	0.0160718 	
5.595	0.32595 	-0.165755 	0.580003 	0.0656133 	-1.40814 	0.0160226 	
5.6	0.325943 	-0.165761 	0.58001 	0.065663 	-1.40832 	0.0159633 	
5.605	0.325936 	-0.165767 	0.580012 	0.065709 	-1.40849 	0.015908 	
5.61	0.325931 	-0.165775 	0.580019 	0.0657609 	-1.40867 	0.0158412 	
5.615	0.325924 	-0.165782 	0.580023 	0.0658089 	-1.40884 	0.0157792 	
5.62	0.325919 	-0.165791 	0.58003 	0.0658625 	-1.40903 	0.0157064 	
5.625	0.325912 	-0.1658 	0.580033 	0.0659121 	-1.4092 	0.0156389 	
5.63	0.325907 	-0.16581 	0.580041 	0.065967 	-1.40938 	0.0155613 	
5.635	0.325901 	-0.16582 	0.580044 	0.0660177 	-1.40955 	0.0154898 	
5.64	0.325896 	-0.165831 	0.580051 	0.0660734 	-1.40973 	0.0154097 	
5.645	0.32589 	-0.165841 	0.580055 	0.0661249 	-1.40991 	0.0153362 	
5.65	0.325885 	-0.165851 	0.580062 	0.0661809 	-1.41009 	0.0152562 	
5.655	0.325879 	-0.165861 	0.580066 	0.0662325 	-1.41026 	0.0151832 	
5.66	0.325875 	-0.165871 	0.580073 	0.0662885 	-1.41044 	0.0151038 	
5.665	0.325869 	-0.165881 	0.580076 	0.0663401 	-1.41061 	0.0150312 	
5.67	0.325864 	-0.165891 	0.580083 	0.0663962 	-1.41079 	0.0149522 	
5.675	0.325858 	-0.165901 	0.580086 	0.0664479 	-1.41096 	0.01488 	
5.68	0.325853 	-0.165911 	0.580093 	0.0665042 	-1.41114 	0.0148012 	
5.685	0.325846 	-0.16592 	0.580093 	0.0665517 	-1.4113 	0.014736 	
5.69	0.325837 	-0.165927 	0.580086 	0.0665913 	-1.41144 	0.0146836 	
5.695	0.325828 	-0.165934 	0.580076 	0.0666283 	-1.41157 	0.0146352 	
5.7	0.32582 	-0.165942 	0.580073 	0.0666727 	-1.41172 	0.0145756 	
5.705	0.325812 	-0.16595 	0.580068 	0.0667144 	-1.41186 	0.01452 	
5.71	0.325806 	-0.165959 	0.580069 	0.0667639 	-1.41202 	0.0144527 	
5.715	0.325798 	-0.165967 	0.580066 	0.06681 	-1.41218 	0.0143903 	
5.72	0.325793 	-0.165976 	0.58007 	0.066863 	-1.41235 	0.0143177 	
5.725	0.325787 	-0.165985 	0.58007 	0.0669123 	-1.41251 	0.0142505 	
5.73	0.325782 	-0.165994 	0.580075 	0.0669673 	-1.41268 	0.0141749 	
5.735	0.325776 	-0.166003 	0.580077 	0.0670189 	-1.41285 	0.0141045 	
5.74	0.325771 	-0.166013 	0.580082 	0.0670752 	-1.41302 	0.0140272 	
5.745	0.325766 	-0.166022 	0.580085 	0.0671283 	-1.41319 	0.0139547 	
5.75	0.325761 	-0.166032 	0.580091 	0.0671854 	-1.41337 	0.0138764 	
5.755	0.325756 	-0.166041 	0.580095 	0.0672397 	-1.41354 	0.0138023 	
5.76	0.325752 	-0.166051 	0.580101 	0.0672972 	-1.41372 	0.0137237 	
5.765	0.325746 	-0.16606 	0.580105 	0.0673523 	-1.41389 	0.0136488 	
5.77	0.325742 	-0.16607 	0.580112 	0.0674105 	-1.41407 	0.0135695 	
5.775	0.325737 	-0.166079 	0.580116 	0.0674662 	-1.41425 	0.013494 	
5.78	0.325732 	-0.166089 	0.580123 	0.0675249 	-1.41443 	0.0134143 	
5.785	0.325727 	-0.166098 	0.580127 	0.067581 	-1.4146 	0.0133385 	
5.79	0.325723 	-0.166107 	0.580134 	0.0676401 	-1.41478 	0.0132585 	
5.795	0.325717 	-0.166117 	0.580139 	0.0676965 	-1.41495 	0.0131826 	
5.8	0.325713 	-0.166126 	0.580146 	0.067756 	-1.41514 	0.0131026 	
5.805	0.325708 	-0.166135 	0.58015 	0.0678127 	-1.41531 	0.0130266 	
5.81	0.325703 	-0.166144 	0.580157 	0.0678724 	-1.41549 	0.0129466 	
5.815	0.325698 	-0.166153 	0.580162 	0.0679293 	-1.41566 	0.0128707 	
5.82	0.325693 	-0.166163 	0.580168 	0.0679892 	-1.41585 	0.0127907 	
5.825	0.325688 	-0.166172 	0.580173 	0.0680463 	-1.41602 	0.0127147 	
5.83	0.325684 	-0.166181 	0.58018 	0.0681065 	-1.4162 	0.0126346 	
5.835	0.325678 	-0.16619 	0.580184 	0.0681637 	-1.41637 	0.012559 	
5.84	0.325674 	-0.166199 	0.580191 	0.0682241 	-1.41655 	0.012479 	
5.845	0.325668 	-0.166208 	0.580195 	0.0682813 	-1.41673 	0.0124038 	
5.85	0.325664 	-0.166217 	0.580202 	0.0683422 	-1.41691 	0.0123234 	
5.855	0.325658 	-0.166225 	0.580207 	0.0684005 	-1.41708 	0.0122468 	
5.86	0.325654 	-0.166234 	0.580214 	0.0684614 	-1.41726 	0.0121671 	
5.865	0.325649 	-0.166243 	0.580219 	0.0685209 	-1.41744 	0.0120895 	
5.87	0.325644 	-0.166251 	0.580226 	0.0685814 	-1.41762 	0.0120116 	
5.875	0.325639 	-0.16626 	0.580232 	0.0686422 	-1.4178 	0.0119321 	
5.88	0.325634 	-0.166269 	0.580239 	0.0687036 	-1.41798 	0.011852 	
5.885	0.32563 	-0.166278 	0.580246 	0.0687663 	-1.41816 	0.0117693 	
5.89	0.325626 	-0.166289 	0.580258 	0.0688345 	-1.41836 	0.0116781 	
5.895	0.325621 	-0.166297 	0.580262 	0.068893 	-1.41853 	0.0116015 	
5.9	0.325613 	-0.166304 	0.580259 	0.0689427 	-1.41868 	0.0115392 	
5.905	0.325605 	-0.166311 	0.580253 	0.0689891 	-1.41882 	0.0114808 	
5.91	0.325598 	-0.16632 	0.580253 	0.0690429 	-1.41898 	0.0114093 	
5.915	0.32559 	-0.166329 	0.580249 	0.0690933 	-1.41913 	0.011342 	
5.92	0.325585 	-0.166339 	0.580252 	0.0691524 	-1.4193 	0.0112595 	
5.925	0.325578 	-0.166349 	0.580253 	0.0692095 	-1.41946 	0.0111794 	
5.93	0.325573 	-0.166361 	0.580257 	0.0692711 	-1.41963 	0.0110913 	
5.935	0.325567 	-0.166372 	0.580259 	0.069331 	-1.4198 	0.0110049 	
5.94	0.325562 	-0.166384 	0.580264 	0.0693947 	-1.41997 	0.0109119 	
5.945	0.325557 	-0.166397 	0.580267 	0.0694561 	-1.42014 	0.0108218 	
5.95	0.325552 	-0.16641 	0.580273 	0.0695214 	-1.42032 	0.010725 	
5.955	0.325547 	-0.166422 	0.580276 	0.0695838 	-1.42048 	0.0106321 	
5.96	0.325542 	-0.166436 	0.580282 	0.0696503 	-1.42066 	0.0105323 	
5.965	0.325537 	-0.166449 	0.580285 	0.0697136 	-1.42083 	0.0104373 	
5.97	0.325532 	-0.166463 	0.580291 	0.0697814 	-1.42101 	0.0103346 	
5.975	0.325527 	-0.166476 	0.580295 	0.0698457 	-1.42118 	0.0102371 	
5.98	0.325522 	-0.166491 	0.580301 	0.0699135 	-1.42136 	0.0101338 	
5.985	0.325517 	-0.166503 	0.580305 	0.0699773 	-1.42153 	0.01004 	
5.99	0.325512 	-0.166513 	0.580311 	0.0700422 	-1.42171 	0.00995441 	
5.995	0.325507 	-0.166521 	0.580315 	0.0701034 	-1.42188 	0.00987677 	
6	0.325502 	-0.166526 	0.580323 	0.0701659 	-1.42206 	0.0098058 	
6.005	0.325497 	-0.166531 	0.580327 	0.0702249 	-1.42224 	0.00974081 	
6.01	0.325492 	-0.166534 	0.580335 	0.070286 	-1.42242 	0.00967947 	
6.015	0.325487 	-0.166537 	0.580342 	0.0703469 	-1.4226 	0.00961755 	
6.02	0.325483 	-0.166539 	0.58035 	0.0704088 	-1.42279 	0.00955821 	
6.025	0.325478 	-0.166541 	0.580359 	0.0704717 	-1.42298 	0.00949608 	
6.03	0.325474 	-0.166544 	0.580371 	0.0705383 	-1.42318 	0.00942952 	
6.035	0.325469 	-0.166545 	0.58038 	0.0706 	-1.42336 	0.00937258 	
6.04	0.325464 	-0.166544 	0.580389 	0.070661 	-1.42355 	0.00932217 	
6.045	0.325458 	-0.166542 	0.580395 	0.0707175 	-1.42373 	0.0092802 	
6.05	0.325453 	-0.166539 	0.580402 	0.0707738 	-1.42391 	0.00924346 	
6.055	0.325447 	-0.166534 	0.580407 	0.070826 	-1.42409 	0.00921396 	
6.06	0.325441 	-0.166528 	0.580412 	0.0708785 	-1.42426 	0.00918852 	
6.065	0.325435 	-0.166521 	0.580415 	0.0709273 	-1.42443 	0.00916934 	
6.07	0.325429 	-0.166513 	0.580419 	0.0709759 	-1.4246 	0.00915397 	
6.075	0.32542 	-0.166505 	0.580415 	0.0710157 	-1.42475 	0.009148 	
6.08	0.32541 	-0.166497 	0.580405 	0.0710474 	-1.42488 	0.00915043 	
6.085	0.325398 	-0.166489 	0.580392 	0.0710758 	-1.425 	0.00915771 	
6.09	0.325389 	-0.166479 	0.580385 	0.0711098 	-1.42513 	0.0091636 	
6.095	0.325379 	-0.16647 	0.580375 	0.071141 	-1.42526 	0.0091716 	
6.1	0.325371 	-0.166461 	0.580372 	0.0711803 	-1.42541 	0.0091694 	
6.105	0.325363 	-0.166452 	0.580368 	0.0712194 	-1.42556 	0.00916546 	
6.11	0.325356 	-0.166445 	0.580369 	0.0712656 	-1.42572 	0.00915198 	
6.115	0.325349 	-0.166438 	0.580369 	0.0713112 	-1.42588 	0.0091367 	
6.12	0.325343 	-0.166432 	0.580374 	0.0713649 	-1.42606 	0.00910864 	
6.125	0.325337 	-0.166427 	0.580377 	0.0714155 	-1.42622 	0.0090836 	
6.13	0.325332 	-0.166422 	0.580385 	0.0714731 	-1.42641 	0.00904849 	
6.135	0.325326 	-0.166418 	0.580389 	0.0715268 	-1.42658 	0.00901728 	
6.14	0.325321 	-0.166414 	0.580398 	0.0715871 	-1.42677 	0.0089771 	
6.145	0.325315 	-0.16641 	0.580404 	0.071643 	-1.42695 	0.00894141 	
6.15	0.325311 	-0.166407 	0.580414 	0.0717053 	-1.42714 	0.00889725 	
6.155	0.325305 	-0.166404 	0.58042 	0.0717631 	-1.42732 	0.00885579 	
6.16	0.3253 	-0.166404 	0.580429 	0.0718276 	-1.42751 	0.00879977 	
6.165	0.325295 	-0.166404 	0.580435 	0.0718878 	-1.42768 	0.00874712 	
6.17	0.32529 	-0.166407 	0.580444 	0.0719541 	-1.42787 	0.00868122 	
6.175	0.325284 	-0.16641 	0.580448 	0.0720158 	-1.42805 	0.00861974 	
6.18	0.32528 	-0.166414 	0.580457 	0.0720841 	-1.42823 	0.00854514 	
6.185	0.325274 	-0.166419 	0.580462 	0.0721478 	-1.42841 	0.00847507 	
6.19	0.32527 	-0.166426 	0.58047 	0.0722176 	-1.42859 	0.00839336 	
6.195	0.325264 	-0.166432 	0.580475 	0.0722844 	-1.42877 	0.00831412 	
6.2	0.325259 	-0.16644 	0.580482 	0.0723541 	-1.42895 	0.00822846 	
6.205	0.325254 	-0.166448 	0.580487 	0.0724218 	-1.42912 	0.00814426 	
6.21	0.325249 	-0.166458 	0.580495 	0.0724959 	-1.42931 	0.00804837 	
6.215	0.325244 	-0.166468 	0.580502 	0.0725678 	-1.42949 	0.00795467 	
6.22	0.325239 	-0.166478 	0.580507 	0.0726389 	-1.42967 	0.00786094 	
6.225	0.325233 	-0.166488 	0.58051 	0.0727057 	-1.42983 	0.00777329 	
6.23	0.325229 	-0.166499 	0.58052 	0.0727852 	-1.43002 	0.00766492 	
6.235	0.325227 	-0.166512 	0.580534 	0.0728697 	-1.43023 	0.00754974 	
6.24	0.325222 	-0.166523 	0.58054 	0.0729429 	-1.4304 	0.00745138 	
6.245	0.325214 	-0.166532 	0.580539 	0.0730058 	-1.43056 	0.00736878 	
6.25	0.325205 	-0.16654 	0.580531 	0.073059 	-1.43069 	0.00730069 	
6.255	0.325194 	-0.166547 	0.580517 	0.0731031 	-1.43081 	0.00724614 	
6.26	0.325182 	-0.166552 	0.580497 	0.0731388 	-1.4309 	0.00720398 	
6.265	0.325169 	-0.166557 	0.580477 	0.0731733 	-1.431 	0.00716387 	
6.27	0.325158 	-0.166564 	0.580464 	0.0732196 	-1.43111 	0.00710637 	
6.275	0.325148 	-0.166571 	0.58045 	0.0732642 	-1.43123 	0.00705137 	
6.28	0.32514 	-0.166579 	0.580444 	0.073321 	-1.43137 	0.00697851 	
6.285	0.325131 	-0.166586 	0.580436 	0.0733741 	-1.4315 	0.00691121 	
6.29	0.325125 	-0.166595 	0.580434 	0.0734365 	-1.43165 	0.00683157 	
6.295	0.325118 	-0.166603 	0.580432 	0.0734988 	-1.4318 	0.00675201 	
6.3	0.325112 	-0.166612 	0.580434 	0.0735675 	-1.43197 	0.00666432 	
6.305	0.325106 	-0.166621 	0.580433 	0.0736315 	-1.43212 	0.00658333 	
6.31	0.325101 	-0.16663 	0.580437 	0.073704 	-1.4323 	0.00649022 	
6.315	0.325095 	-0.166639 	0.580441 	0.0737752 	-1.43247 	0.00639922 	
6.32	0.32509 	-0.166649 	0.580447 	0.0738501 	-1.43264 	0.00630323 	
6.325	0.325085 	-0.166658 	0.580452 	0.0739246 	-1.43282 	0.00620746 	
6.33	0.325081 	-0.166668 	0.580458 	0.0740007 	-1.433 	0.00610957 	
6.335	0.325076 	-0.166678 	0.580465 	0.0740783 	-1.43318 	0.00600943 	
6.34	0.325071 	-0.166688 	0.580472 	0.0741562 	-1.43336 	0.00591045 	
6.345	0.325067 	-0.166697 	0.580479 	0.0742332 	-1.43354 	0.0058131 	
6.35	0.325062 	-0.166706 	0.580486 	0.0743106 	-1.43372 	0.00571607 	
6.355	0.325057 	-0.166715 	0.580492 	0.0743872 	-1.4339 	0.00562054 	
6.36	0.325052 	-0.166723 	0.580499 	0.0744642 	-1.43408 	0.00552508 	
6.365	0.325046 	-0.166732 	0.580505 	0.0745405 	-1.43426 	0.00543091 	
6.37	0.325041 	-0.16674 	0.580511 	0.0746184 	-1.43444 	0.00533473 	
6.375	0.325036 	-0.16675 	0.580519 	0.0746986 	-1.43462 	0.0052338 	
6.38	0.325031 	-0.16676 	0.580528 	0.0747801 	-1.43481 	0.00513039 	
6.385	0.325027 	-0.16677 	0.580537 	0.0748636 	-1.435 	0.00502291 	
6.39	0.325022 	-0.166781 	0.580546 	0.0749478 	-1.43518 	0.00491402 	
6.395	0.325017 	-0.166792 	0.580556 	0.0750334 	-1.43537 	0.00480212 	
6.4	0.325012 	-0.166803 	0.580566 	0.0751192 	-1.43556 	0.00468981 	
6.405	0.325007 	-0.166815 	0.580575 	0.0752048 	-1.43575 	0.00457726 	
6.41	0.325001 	-0.166825 	0.580582 	0.0752862 	-1.43593 	0.00447176 	
6.415	0.324996 	-0.166836 	0.580591 	0.0753716 	-1.43612 	0.00436055 	
6.42	0.32499 	-0.166846 	0.580596 	0.075451 	-1.4363 	0.00425879 	
6.425	0.324985 	-0.166857 	0.580605 	0.0755359 	-1.43648 	0.0041492 	
6.43	0.324979 	-0.166867 	0.58061 	0.0756157 	-1.43666 	0.00404736 	
6.435	0.324973 	-0.166878 	0.580617 	0.0756989 	-1.43684 	0.00393796 	
