0	0.0375657 	-0.00170152 	-0.0284831 	4.31391e-06 	-0.00180521 	8.30314e-05 	
0.005	0.185079 	-0.00838305 	-0.140331 	2.12538e-05 	-0.00889393 	0.00040908 	
0.01	0.321796 	-0.0145756 	-0.243993 	3.69539e-05 	-0.0154638 	0.000711265 	
0.015	0.448506 	-0.0203148 	-0.340067 	5.15049e-05 	-0.0215529 	0.000991334 	
0.02	0.565942 	-0.025634 	-0.42911 	6.49908e-05 	-0.0271963 	0.0012509 	
0.025	0.674784 	-0.0305639 	-0.511636 	7.74893e-05 	-0.0324266 	0.00149147 	
0.03	0.775659 	-0.0351329 	-0.588121 	8.90722e-05 	-0.0372742 	0.00171444 	
0.035	0.869152 	-0.0393675 	-0.659007 	9.98062e-05 	-0.041767 	0.00192108 	
0.04	0.955802 	-0.0432921 	-0.724705 	0.000109753 	-0.045931 	0.00211259 	
0.045	1.03611 	-0.0469294 	-0.785593 	0.000118971 	-0.0497903 	0.00229009 	
0.05	1.11054 	-0.0503004 	-0.842024 	0.000127512 	-0.0533672 	0.00245459 	
0.055	1.17953 	-0.0534247 	-0.894324 	0.000135427 	-0.0566823 	0.00260705 	
0.06	1.24346 	-0.0563202 	-0.942794 	0.000142759 	-0.0597549 	0.00274834 	
0.065	1.30272 	-0.0590037 	-0.987716 	0.000149553 	-0.0626026 	0.00287929 	
0.07	1.35764 	-0.0614907 	-1.02935 	0.000155846 	-0.0652419 	0.00300065 	
0.075	1.40854 	-0.0637956 	-1.06793 	0.000161676 	-0.0676882 	0.00311313 	
0.08	1.45572 	-0.0659317 	-1.10369 	0.000167076 	-0.0699555 	0.00321736 	
0.085	1.49944 	-0.0679113 	-1.13683 	0.000172077 	-0.0720569 	0.00331397 	
0.09	1.53997 	-0.069746 	-1.16754 	0.000176708 	-0.0740047 	0.00340349 	
0.095	1.57753 	-0.0714462 	-1.19601 	0.000180997 	-0.0758099 	0.00348646 	
0.1	1.61234 	-0.0730219 	-1.22238 	0.000184967 	-0.0774832 	0.00356334 	
0.105	1.6446 	-0.0744821 	-1.24683 	0.000188642 	-0.0790341 	0.00363459 	
0.11	1.67451 	-0.0758353 	-1.26948 	0.000192043 	-0.0804715 	0.00370062 	
0.115	1.70223 	-0.0770893 	-1.29047 	0.00019519 	-0.0818039 	0.00376181 	
0.12	1.72791 	-0.0782514 	-1.30992 	0.000198102 	-0.083039 	0.00381851 	
0.125	1.75173 	-0.0793282 	-1.32795 	0.000200795 	-0.0841837 	0.00387105 	
0.13	1.7738 	-0.0803261 	-1.34466 	0.000203285 	-0.0852448 	0.00391974 	
0.135	1.79425 	-0.0812507 	-1.36013 	0.000205586 	-0.0862284 	0.00396485 	
0.14	1.81321 	-0.0821075 	-1.37448 	0.000207713 	-0.0871401 	0.00400665 	
0.145	1.83078 	-0.0829013 	-1.38777 	0.000209678 	-0.0879853 	0.00404538 	
0.15	1.84707 	-0.0836369 	-1.40008 	0.000211492 	-0.0887688 	0.00408127 	
0.155	1.86217 	-0.0843184 	-1.41149 	0.000213167 	-0.0894951 	0.00411451 	
0.16	1.87617 	-0.0849498 	-1.42206 	0.000214712 	-0.0901684 	0.00414531 	
0.165	1.88763 	-0.0842351 	-1.43408 	0.000276783 	-0.090796 	0.00416465 	
0.17	1.89996 	-0.0848384 	-1.44332 	0.000274948 	-0.0913872 	0.00419008 	
0.175	1.91133 	-0.085411 	-1.45181 	0.000272387 	-0.0919344 	0.00421317 	
0.18	1.92179 	-0.0859334 	-1.45962 	0.000270341 	-0.092439 	0.00423453 	
0.185	1.93149 	-0.0864174 	-1.46685 	0.000268437 	-0.0929068 	0.00425431 	
0.19	1.94048 	-0.0868656 	-1.47355 	0.000266663 	-0.0933406 	0.00427263 	
0.195	1.94881 	-0.0872808 	-1.47976 	0.000265011 	-0.0937429 	0.00428959 	
0.2	1.95654 	-0.0876654 	-1.4855 	0.00026347 	-0.0941159 	0.0043053 	
0.205	1.9637 	-0.0880215 	-1.49082 	0.000262033 	-0.0944619 	0.00431984 	
0.21	1.97034 	-0.0883513 	-1.49575 	0.000260692 	-0.0947827 	0.0043333 	
0.215	1.97649 	-0.0886566 	-1.50031 	0.00025944 	-0.0950804 	0.00434576 	
0.22	1.9822 	-0.0889392 	-1.50453 	0.00025827 	-0.0953564 	0.00435729 	
0.225	1.98592 	-0.0878591 	-1.51074 	0.00032012 	-0.0956159 	0.00435882 	
0.23	1.99113 	-0.0881669 	-1.51452 	0.000315748 	-0.0958658 	0.00436773 	
0.235	1.99591 	-0.0884653 	-1.51795 	0.000310841 	-0.0960968 	0.0043755 	
0.24	2.00027 	-0.0887337 	-1.52106 	0.000306616 	-0.0963085 	0.00438265 	
0.245	2.0043 	-0.088982 	-1.52394 	0.00030269 	-0.0965048 	0.00438926 	
0.25	2.00804 	-0.0892119 	-1.5266 	0.000299041 	-0.0966871 	0.00439536 	
0.255	2.01152 	-0.0894245 	-1.52906 	0.000295647 	-0.0968563 	0.004401 	
0.26	2.01474 	-0.0896212 	-1.53134 	0.000292491 	-0.0970135 	0.00440621 	
0.265	2.01772 	-0.0898032 	-1.53344 	0.000289554 	-0.0971594 	0.00441102 	
0.27	2.0205 	-0.0899714 	-1.53538 	0.000286821 	-0.0972949 	0.00441545 	
0.275	2.02137 	-0.0886863 	-1.53966 	0.000352219 	-0.0974244 	0.00441009 	
0.28	2.02409 	-0.0889023 	-1.54149 	0.00034617 	-0.0975548 	0.00441285 	
0.285	2.02655 	-0.089116 	-1.54311 	0.000339669 	-0.0976748 	0.00441486 	
0.29	2.02875 	-0.089305 	-1.54453 	0.000333998 	-0.0977833 	0.00441667 	
0.295	2.03079 	-0.0894797 	-1.54584 	0.000328729 	-0.0978842 	0.00441833 	
0.3	2.03268 	-0.0896411 	-1.54705 	0.000323834 	-0.097978 	0.00441984 	
0.305	2.03444 	-0.0897904 	-1.54817 	0.000319285 	-0.0980653 	0.00442121 	
0.31	2.03607 	-0.0899282 	-1.54919 	0.000315056 	-0.0981465 	0.00442247 	
0.315	2.03595 	-0.08868 	-1.55252 	0.000376349 	-0.0982255 	0.00441495 	
0.32	2.03767 	-0.0888668 	-1.55355 	0.000369153 	-0.0983085 	0.00441501 	
0.325	2.03922 	-0.089053 	-1.55442 	0.000361615 	-0.0983848 	0.00441453 	
0.33	2.04057 	-0.0892169 	-1.55517 	0.000354961 	-0.0984531 	0.00441403 	
0.335	2.04182 	-0.0893684 	-1.55585 	0.000348782 	-0.0985167 	0.00441354 	
0.34	2.04299 	-0.0895083 	-1.55647 	0.000343041 	-0.098576 	0.00441306 	
0.345	2.04408 	-0.0896374 	-1.55704 	0.000337707 	-0.0986314 	0.00441259 	
0.35	2.04347 	-0.0884108 	-1.5599 	0.000396894 	-0.0986863 	0.004404 	
0.355	2.04472 	-0.0885889 	-1.56053 	0.000388794 	-0.0987469 	0.00440259 	
0.36	2.04583 	-0.0887669 	-1.56104 	0.000380427 	-0.0988025 	0.00440075 	
0.365	2.04677 	-0.0889233 	-1.56144 	0.000372999 	-0.0988516 	0.00439898 	
0.37	2.04766 	-0.0890678 	-1.56181 	0.000366099 	-0.0988976 	0.00439731 	
0.375	2.04848 	-0.0892011 	-1.56214 	0.000359691 	-0.0989405 	0.00439573 	
0.38	2.04924 	-0.0893242 	-1.56244 	0.000353737 	-0.0989808 	0.00439424 	
0.385	2.0482 	-0.0879776 	-1.56526 	0.00041817 	-0.0990222 	0.0043844 	
0.39	2.04921 	-0.0881575 	-1.56568 	0.000409169 	-0.0990714 	0.00438202 	
0.395	2.05009 	-0.0883378 	-1.56597 	0.000399908 	-0.0991161 	0.00437922 	
0.4	2.05081 	-0.0884953 	-1.56617 	0.000391696 	-0.0991548 	0.00437655 	
0.405	2.05149 	-0.0886407 	-1.56635 	0.00038407 	-0.099191 	0.00437404 	
0.41	2.05212 	-0.0887748 	-1.5665 	0.000376988 	-0.0992251 	0.00437169 	
0.415	2.05104 	-0.0875266 	-1.56905 	0.000436511 	-0.0992605 	0.00436193 	
0.42	2.05191 	-0.0877114 	-1.56933 	0.00042676 	-0.0993034 	0.00435885 	
0.425	2.05266 	-0.0878958 	-1.5695 	0.000416836 	-0.0993426 	0.00435543 	
0.43	2.05328 	-0.0880577 	-1.56959 	0.000407981 	-0.0993764 	0.00435217 	
0.435	2.05385 	-0.088207 	-1.56967 	0.00039976 	-0.0994082 	0.00434911 	
0.44	2.05439 	-0.0883448 	-1.56972 	0.000392126 	-0.0994381 	0.00434625 	
0.445	2.05313 	-0.0870293 	-1.57232 	0.000454928 	-0.0994699 	0.00433604 	
0.45	2.05395 	-0.0872218 	-1.57253 	0.000444457 	-0.0995104 	0.00433246 	
0.455	2.05465 	-0.0874138 	-1.57264 	0.000433825 	-0.0995471 	0.00432852 	
0.46	2.05521 	-0.087582 	-1.57266 	0.000424345 	-0.0995783 	0.00432478 	
0.465	2.05573 	-0.0877372 	-1.57266 	0.000415543 	-0.0996077 	0.00432128 	
0.47	2.05621 	-0.0878803 	-1.57266 	0.000407372 	-0.0996355 	0.004318 	
0.475	2.0548 	-0.0864863 	-1.57536 	0.000474153 	-0.0996656 	0.00430742 	
0.48	2.05561 	-0.0866889 	-1.57554 	0.000462928 	-0.0997056 	0.00430341 	
0.485	2.05628 	-0.0868908 	-1.5756 	0.00045155 	-0.0997414 	0.00429901 	
0.49	2.05681 	-0.0870672 	-1.57557 	0.000441416 	-0.0997716 	0.00429483 	
0.495	2.05731 	-0.0872299 	-1.57553 	0.00043201 	-0.0998 	0.00429092 	
0.5	2.05609 	-0.0860199 	-1.57791 	0.000489952 	-0.0998302 	0.00428098 	
0.505	2.05685 	-0.0862299 	-1.57802 	0.000478126 	-0.0998687 	0.00427653 	
0.51	2.0575 	-0.0864378 	-1.57804 	0.000466261 	-0.0999038 	0.00427177 	
0.515	2.05802 	-0.0866212 	-1.57798 	0.000455617 	-0.0999337 	0.00426727 	
0.52	2.0585 	-0.0867903 	-1.57792 	0.000445738 	-0.0999621 	0.00426306 	
0.525	2.05723 	-0.0855538 	-1.58035 	0.000505205 	-0.0999923 	0.00425308 	
0.53	2.058 	-0.0857717 	-1.58045 	0.000492839 	-0.100031 	0.00424834 	
0.535	2.05865 	-0.0859871 	-1.58045 	0.000480451 	-0.100067 	0.00424328 	
0.54	2.05917 	-0.086177 	-1.58037 	0.000469339 	-0.100097 	0.00423848 	
0.545	2.05966 	-0.0863522 	-1.58029 	0.000459026 	-0.100125 	0.004234 	
0.55	2.05831 	-0.0850712 	-1.5828 	0.000520971 	-0.100156 	0.00422399 	
0.555	2.05909 	-0.0852978 	-1.5829 	0.000508042 	-0.100196 	0.00421896 	
0.56	2.05976 	-0.0855217 	-1.58288 	0.000495098 	-0.100232 	0.00421359 	
0.565	2.06028 	-0.0857188 	-1.58279 	0.000483495 	-0.100262 	0.0042085 	
0.57	2.06078 	-0.0859006 	-1.58269 	0.000472728 	-0.100291 	0.00420374 	
0.575	2.05936 	-0.084576 	-1.5853 	0.000537171 	-0.100322 	0.00419375 	
0.58	2.06017 	-0.0848119 	-1.58539 	0.000523655 	-0.100364 	0.00418844 	
0.585	2.06086 	-0.0850447 	-1.58537 	0.000510134 	-0.100401 	0.00418275 	
0.59	2.06139 	-0.0852496 	-1.58526 	0.000498021 	-0.100432 	0.00417736 	
0.595	2.06189 	-0.0854385 	-1.58515 	0.000486783 	-0.100461 	0.00417233 	
0.6	2.06041 	-0.0840727 	-1.58785 	0.000553655 	-0.100493 	0.00416242 	
0.605	2.06125 	-0.0843183 	-1.58795 	0.000539539 	-0.100536 	0.00415681 	
0.61	2.06196 	-0.0845604 	-1.58792 	0.000525428 	-0.100574 	0.00415081 	
0.615	2.0625 	-0.0847733 	-1.5878 	0.000512795 	-0.100606 	0.00414511 	
0.62	2.06135 	-0.0836736 	-1.59006 	0.000566529 	-0.10064 	0.00413583 	
0.625	2.06215 	-0.0839252 	-1.5901 	0.000551944 	-0.100681 	0.00412981 	
0.63	2.06284 	-0.0841715 	-1.59004 	0.000537512 	-0.100719 	0.00412354 	
0.635	2.0634 	-0.0843904 	-1.58992 	0.00052449 	-0.100752 	0.00411761 	
0.64	2.06225 	-0.0832956 	-1.59219 	0.000578252 	-0.100786 	0.00410849 	
0.645	2.06306 	-0.0835528 	-1.59222 	0.000563297 	-0.100828 	0.00410226 	
0.65	2.06376 	-0.0838043 	-1.59216 	0.000548516 	-0.100867 	0.00409578 	
0.655	2.06433 	-0.084028 	-1.59204 	0.000535174 	-0.1009 	0.00408965 	
0.66	2.06315 	-0.0829138 	-1.59435 	0.000590228 	-0.100935 	0.00408068 	
0.665	2.06398 	-0.083177 	-1.59439 	0.000574889 	-0.100978 	0.00407424 	
0.67	2.0647 	-0.0834344 	-1.59433 	0.000559731 	-0.101018 	0.00406754 	
0.675	2.06528 	-0.0836631 	-1.5942 	0.000546055 	-0.101052 	0.0040612 	
0.68	2.06407 	-0.0825286 	-1.59657 	0.000602473 	-0.101087 	0.00405241 	
0.685	2.06492 	-0.0827981 	-1.59661 	0.000586731 	-0.101131 	0.00404576 	
0.69	2.06565 	-0.0830616 	-1.59655 	0.000571177 	-0.101172 	0.00403882 	
0.695	2.06625 	-0.0832957 	-1.59641 	0.000557148 	-0.101206 	0.00403226 	
0.7	2.06501 	-0.0821422 	-1.59884 	0.000614891 	-0.101243 	0.00402366 	
0.705	2.06588 	-0.0824183 	-1.59888 	0.000598731 	-0.101288 	0.00401679 	
0.71	2.06663 	-0.0826882 	-1.59882 	0.000582767 	-0.101329 	0.00400961 	
0.715	2.06723 	-0.0829278 	-1.59868 	0.000568373 	-0.101365 	0.00400282 	
0.72	2.06596 	-0.0817568 	-1.60116 	0.000627393 	-0.101402 	0.00399444 	
0.725	2.06686 	-0.0820397 	-1.6012 	0.000610806 	-0.101448 	0.00398734 	
0.73	2.06762 	-0.0823161 	-1.60114 	0.000594423 	-0.10149 	0.00397992 	
0.735	2.06824 	-0.0825613 	-1.60099 	0.000579657 	-0.101526 	0.00397289 	
0.74	2.06694 	-0.0813743 	-1.60352 	0.000639908 	-0.101564 	0.00396475 	
0.745	2.06785 	-0.081664 	-1.60357 	0.000622888 	-0.101611 	0.00395742 	
0.75	2.06863 	-0.0819469 	-1.60351 	0.000606082 	-0.101654 	0.00394974 	
0.755	2.06926 	-0.0821978 	-1.60336 	0.000590938 	-0.101691 	0.00394247 	
0.76	2.06793 	-0.0809961 	-1.60594 	0.000652377 	-0.101729 	0.00393461 	
0.765	2.06887 	-0.0812926 	-1.60599 	0.000634921 	-0.101778 	0.00392704 	
0.77	2.06967 	-0.081582 	-1.60592 	0.000617691 	-0.101822 	0.0039191 	
0.775	2.07031 	-0.0818387 	-1.60577 	0.000602168 	-0.101859 	0.00391158 	
0.78	2.06895 	-0.0806236 	-1.6084 	0.000664752 	-0.101898 	0.00390403 	
0.785	2.06991 	-0.0809269 	-1.60845 	0.000646861 	-0.101948 	0.00389621 	
0.79	2.07072 	-0.0812228 	-1.60839 	0.000629206 	-0.101993 	0.00388802 	
0.795	2.07137 	-0.0814853 	-1.60823 	0.000613304 	-0.102031 	0.00388025 	
0.8	2.06999 	-0.0802581 	-1.61091 	0.00067699 	-0.10207 	0.00387303 	
0.805	2.07097 	-0.0805681 	-1.61096 	0.000658666 	-0.102121 	0.00386497 	
0.81	2.0718 	-0.0808705 	-1.61089 	0.000640588 	-0.102167 	0.00385651 	
0.815	2.07246 	-0.0811386 	-1.61073 	0.000624308 	-0.102205 	0.00384848 	
0.82	2.07105 	-0.0799007 	-1.61346 	0.000689056 	-0.102246 	0.00384164 	
0.825	2.07205 	-0.0802173 	-1.61351 	0.000670302 	-0.102297 	0.00383333 	
0.83	2.07289 	-0.0805261 	-1.61345 	0.000651804 	-0.102344 	0.00382461 	
0.835	2.07357 	-0.0807998 	-1.61328 	0.000635149 	-0.102383 	0.00381632 	
0.84	2.07213 	-0.0795524 	-1.61605 	0.000700918 	-0.102424 	0.00380987 	
0.845	2.07315 	-0.0798755 	-1.61611 	0.000681737 	-0.102477 	0.00380132 	
0.85	2.07401 	-0.0801905 	-1.61604 	0.000662823 	-0.102524 	0.00379233 	
0.855	2.07469 	-0.0804697 	-1.61587 	0.000645796 	-0.102564 	0.00378378 	
0.86	2.07323 	-0.0792142 	-1.61868 	0.000712546 	-0.102605 	0.00377776 	
0.865	2.07427 	-0.0795436 	-1.61875 	0.000692943 	-0.102659 	0.00376896 	
0.87	2.07514 	-0.0798648 	-1.61868 	0.000673618 	-0.102707 	0.0037597 	
0.875	2.07584 	-0.0801494 	-1.61851 	0.000656224 	-0.102747 	0.0037509 	
0.88	2.07435 	-0.0788869 	-1.62136 	0.000723912 	-0.102789 	0.00374532 	
0.885	2.07541 	-0.0792226 	-1.62142 	0.000703894 	-0.102844 	0.00373628 	
0.89	2.07629 	-0.0795498 	-1.62136 	0.000684164 	-0.102892 	0.00372675 	
0.895	2.07531 	-0.0786508 	-1.62355 	0.000732213 	-0.102936 	0.00372021 	
0.9	2.07628 	-0.07899 	-1.62353 	0.000711836 	-0.102988 	0.00371058 	
0.905	2.07713 	-0.0793179 	-1.62343 	0.000691972 	-0.103035 	0.00370079 	
0.91	2.07785 	-0.0796116 	-1.62326 	0.00067395 	-0.103077 	0.00369155 	
0.915	2.07638 	-0.0783742 	-1.62611 	0.000741273 	-0.10312 	0.00368676 	
0.92	2.07745 	-0.0787181 	-1.62617 	0.000720673 	-0.103175 	0.00367732 	
0.925	2.07835 	-0.079053 	-1.6261 	0.000700389 	-0.103225 	0.00366738 	
0.93	2.07735 	-0.0781523 	-1.62834 	0.000749331 	-0.10327 	0.00366146 	
0.935	2.07834 	-0.0784998 	-1.62833 	0.000728369 	-0.103322 	0.00365145 	
0.94	2.07921 	-0.0788356 	-1.62823 	0.000707937 	-0.103371 	0.00364124 	
0.945	2.07825 	-0.0779662 	-1.63042 	0.000755471 	-0.103416 	0.00363548 	
0.95	2.07924 	-0.078316 	-1.63041 	0.000734322 	-0.103469 	0.0036253 	
0.955	2.08012 	-0.0786538 	-1.6303 	0.000713727 	-0.103518 	0.00361495 	
0.96	2.07915 	-0.077786 	-1.63251 	0.000761529 	-0.103563 	0.0036095 	
0.965	2.08015 	-0.0781382 	-1.6325 	0.000740195 	-0.103616 	0.00359918 	
0.97	2.08104 	-0.0784783 	-1.6324 	0.00071942 	-0.103665 	0.00358869 	
0.975	2.08005 	-0.07761 	-1.63462 	0.000767624 	-0.103711 	0.00358357 	
0.98	2.08107 	-0.0779647 	-1.63461 	0.000746093 	-0.103765 	0.0035731 	
0.985	2.08196 	-0.0783074 	-1.63451 	0.000725124 	-0.103814 	0.00356245 	
0.99	2.08097 	-0.0774389 	-1.63675 	0.000773714 	-0.10386 	0.00355766 	
0.995	2.08199 	-0.0777964 	-1.63675 	0.000751974 	-0.103914 	0.00354705 	
1	2.08288 	-0.0781417 	-1.63664 	0.0007308 	-0.103964 	0.00353624 	
1.005	2.08188 	-0.0772738 	-1.6389 	0.000779747 	-0.10401 	0.00353178 	
1.01	2.08291 	-0.0776343 	-1.6389 	0.00075779 	-0.104064 	0.00352101 	
1.015	2.08382 	-0.0779824 	-1.6388 	0.000736405 	-0.104114 	0.00351004 	
1.02	2.08281 	-0.0771156 	-1.64107 	0.00078568 	-0.104161 	0.00350591 	
1.025	2.08384 	-0.077479 	-1.64107 	0.000763501 	-0.104216 	0.00349498 	
1.03	2.08475 	-0.07783 	-1.64097 	0.000741901 	-0.104266 	0.00348384 	
1.035	2.08374 	-0.076965 	-1.64326 	0.000791477 	-0.104312 	0.00348005 	
1.04	2.08478 	-0.0773314 	-1.64325 	0.000769074 	-0.104368 	0.00346896 	
1.045	2.0857 	-0.0776852 	-1.64315 	0.000747255 	-0.104418 	0.00345765 	
1.05	2.08467 	-0.0768227 	-1.64546 	0.000797107 	-0.104465 	0.0034542 	
1.055	2.08572 	-0.0771921 	-1.64545 	0.000774479 	-0.104521 	0.00344294 	
1.06	2.08664 	-0.0775487 	-1.64535 	0.00075244 	-0.104571 	0.00343146 	
1.065	2.08561 	-0.0766891 	-1.64767 	0.000802546 	-0.104618 	0.00342836 	
1.07	2.08667 	-0.0770614 	-1.64767 	0.000779692 	-0.104674 	0.00341693 	
1.075	2.08759 	-0.077421 	-1.64757 	0.000757435 	-0.104725 	0.00340527 	
1.08	2.08656 	-0.0765647 	-1.6499 	0.000807771 	-0.104773 	0.00340253 	
1.085	2.08762 	-0.07694 	-1.6499 	0.000784693 	-0.104829 	0.00339093 	
1.09	2.08855 	-0.0773023 	-1.64979 	0.000762219 	-0.10488 	0.0033791 	
1.095	2.0875 	-0.07645 	-1.65214 	0.000812764 	-0.104928 	0.00337671 	
1.1	2.08857 	-0.0768281 	-1.65214 	0.000789465 	-0.104984 	0.00336496 	
1.105	2.08951 	-0.0771932 	-1.65203 	0.000766776 	-0.105035 	0.00335295 	
1.11	2.08846 	-0.0763452 	-1.65439 	0.000817509 	-0.105083 	0.00335093 	
1.115	2.08953 	-0.0767262 	-1.65439 	0.000793992 	-0.10514 	0.003339 	
1.12	2.09047 	-0.077094 	-1.65428 	0.000771091 	-0.105192 	0.00332683 	
1.125	2.08941 	-0.0762508 	-1.65665 	0.000821991 	-0.105239 	0.00332517 	
1.13	2.09049 	-0.0766345 	-1.65665 	0.000798261 	-0.105296 	0.00331308 	
1.135	2.09143 	-0.0770049 	-1.65654 	0.000775152 	-0.105348 	0.00330074 	
1.14	2.09037 	-0.0761669 	-1.65891 	0.000826199 	-0.105396 	0.00329945 	
1.145	2.09145 	-0.0765532 	-1.65892 	0.000802259 	-0.105453 	0.0032872 	
1.15	2.0924 	-0.0769262 	-1.65881 	0.000778948 	-0.105505 	0.00327469 	
1.155	2.09133 	-0.0760939 	-1.66119 	0.000830122 	-0.105554 	0.00327378 	
1.16	2.09242 	-0.0764827 	-1.66119 	0.000805978 	-0.105611 	0.00326137 	
1.165	2.09337 	-0.0768581 	-1.66109 	0.000782469 	-0.105663 	0.00324869 	
1.17	2.0923 	-0.0760318 	-1.66348 	0.00083375 	-0.105711 	0.00324817 	
1.175	2.09339 	-0.0764231 	-1.66348 	0.000809406 	-0.105769 	0.0032356 	
1.18	2.09434 	-0.0768008 	-1.66338 	0.000785705 	-0.105821 	0.00322276 	
1.185	2.09326 	-0.075981 	-1.66577 	0.000837073 	-0.105869 	0.00322263 	
1.19	2.09436 	-0.0763746 	-1.66577 	0.000812537 	-0.105927 	0.0032099 	
1.195	2.09531 	-0.0767545 	-1.66567 	0.000788648 	-0.105979 	0.0031969 	
1.2	2.09423 	-0.0759415 	-1.66806 	0.000840085 	-0.106028 	0.00319716 	
1.205	2.09533 	-0.0763374 	-1.66806 	0.000815362 	-0.106086 	0.00318428 	
1.21	2.09628 	-0.0767194 	-1.66796 	0.000791292 	-0.106138 	0.00317112 	
1.215	2.0952 	-0.0759136 	-1.67036 	0.000842777 	-0.106186 	0.00317177 	
1.22	2.0963 	-0.0763116 	-1.67036 	0.000817874 	-0.106244 	0.00315875 	
1.225	2.09726 	-0.0766956 	-1.67026 	0.00079363 	-0.106297 	0.00314544 	
1.23	2.09617 	-0.0758973 	-1.67266 	0.000845145 	-0.106345 	0.00314648 	
1.235	2.09727 	-0.0762972 	-1.67267 	0.000820068 	-0.106403 	0.00313331 	
1.24	2.09823 	-0.0766832 	-1.67257 	0.000795656 	-0.106456 	0.00311985 	
1.245	2.09714 	-0.0758928 	-1.67497 	0.000847181 	-0.106504 	0.00312129 	
1.25	2.09824 	-0.0762945 	-1.67498 	0.000821938 	-0.106562 	0.00310798 	
1.255	2.0992 	-0.0766823 	-1.67487 	0.000797365 	-0.106615 	0.00309437 	
1.26	2.09811 	-0.0759 	-1.67728 	0.00084888 	-0.106664 	0.00309622 	
1.265	2.09921 	-0.0763035 	-1.67728 	0.000823479 	-0.106722 	0.00308277 	
1.27	2.10017 	-0.0766929 	-1.67718 	0.000798751 	-0.106774 	0.00306902 	
1.275	2.09908 	-0.0759192 	-1.67959 	0.000850239 	-0.106823 	0.00307127 	
1.28	2.10018 	-0.0763243 	-1.67959 	0.000824685 	-0.106881 	0.00305768 	
1.285	2.10114 	-0.0767152 	-1.67949 	0.000799811 	-0.106933 	0.0030438 	
1.29	2.10005 	-0.0759503 	-1.6819 	0.000851251 	-0.106982 	0.00304644 	
1.295	2.10115 	-0.0763569 	-1.6819 	0.000825554 	-0.10704 	0.00303273 	
1.3	2.10211 	-0.0767492 	-1.6818 	0.00080054 	-0.107092 	0.00301871 	
1.305	2.10102 	-0.0759933 	-1.6842 	0.000851914 	-0.107141 	0.00302176 	
1.31	2.10212 	-0.0764013 	-1.68421 	0.000826081 	-0.107199 	0.00300792 	
1.315	2.10308 	-0.0767949 	-1.68411 	0.000800936 	-0.107251 	0.00299377 	
1.32	2.10198 	-0.0760484 	-1.68651 	0.000852225 	-0.1073 	0.00299723 	
1.325	2.10308 	-0.0764575 	-1.68651 	0.000826263 	-0.107358 	0.00298326 	
1.33	2.10404 	-0.0768523 	-1.68641 	0.000800994 	-0.10741 	0.00296899 	
1.335	2.10295 	-0.0761154 	-1.68881 	0.000852179 	-0.107459 	0.00297285 	
1.34	2.10404 	-0.0765256 	-1.68882 	0.000826098 	-0.107516 	0.00295877 	
1.345	2.105 	-0.0769214 	-1.68871 	0.000800714 	-0.107569 	0.00294438 	
1.35	2.10391 	-0.0761944 	-1.69111 	0.000851775 	-0.107617 	0.00294863 	
1.355	2.105 	-0.0766056 	-1.69112 	0.000825583 	-0.107675 	0.00293444 	
1.36	2.10596 	-0.0770022 	-1.69101 	0.000800091 	-0.107727 	0.00291994 	
1.365	2.10487 	-0.0762854 	-1.6934 	0.000851011 	-0.107775 	0.00292459 	
1.37	2.10596 	-0.0766973 	-1.69341 	0.000824717 	-0.107833 	0.00291029 	
1.375	2.10692 	-0.0770947 	-1.69331 	0.000799125 	-0.107885 	0.00289569 	
1.38	2.10582 	-0.0763882 	-1.69569 	0.000849884 	-0.107933 	0.00290073 	
1.385	2.10691 	-0.0768008 	-1.6957 	0.000823497 	-0.10799 	0.00288633 	
1.39	2.10787 	-0.0771988 	-1.6956 	0.000797815 	-0.108042 	0.00287162 	
1.395	2.10677 	-0.0765028 	-1.69798 	0.000848394 	-0.10809 	0.00287705 	
1.4	2.10786 	-0.076916 	-1.69798 	0.000821922 	-0.108147 	0.00286256 	
1.405	2.10882 	-0.0773145 	-1.69788 	0.000796159 	-0.108199 	0.00284775 	
1.41	2.10772 	-0.0766292 	-1.70025 	0.00084654 	-0.108247 	0.00285357 	
1.415	2.10881 	-0.0770427 	-1.70026 	0.000819993 	-0.108304 	0.00283898 	
1.42	2.10976 	-0.0774416 	-1.70015 	0.000794157 	-0.108356 	0.00282409 	
1.425	2.10867 	-0.0767673 	-1.70252 	0.000844321 	-0.108403 	0.00283029 	
1.43	2.10975 	-0.077181 	-1.70252 	0.000817708 	-0.10846 	0.00281562 	
1.435	2.1107 	-0.07758 	-1.70242 	0.000791808 	-0.108511 	0.00280064 	
1.44	2.10961 	-0.0769169 	-1.70478 	0.000841738 	-0.108559 	0.00280721 	
1.445	2.11068 	-0.0773306 	-1.70478 	0.000815068 	-0.108615 	0.00279246 	
1.45	2.11163 	-0.0777297 	-1.70468 	0.000789114 	-0.108667 	0.00277741 	
1.455	2.11055 	-0.0770779 	-1.70702 	0.00083879 	-0.108714 	0.00278435 	
1.46	2.11162 	-0.0774915 	-1.70703 	0.000812074 	-0.10877 	0.00276953 	
1.465	2.11256 	-0.0778906 	-1.70693 	0.000786074 	-0.108821 	0.00275441 	
1.47	2.11148 	-0.0772501 	-1.70926 	0.000835479 	-0.108868 	0.00276171 	
1.475	2.11254 	-0.0776636 	-1.70926 	0.000808726 	-0.108924 	0.00274682 	
1.48	2.11348 	-0.0780624 	-1.70916 	0.000782691 	-0.108975 	0.00273164 	
1.485	2.1124 	-0.0774335 	-1.71149 	0.000831805 	-0.109021 	0.00273929 	
1.49	2.11346 	-0.0778466 	-1.71149 	0.000805025 	-0.109077 	0.00272434 	
1.495	2.11439 	-0.078245 	-1.71139 	0.000778965 	-0.109128 	0.0027091 	
1.5	2.11332 	-0.0776278 	-1.7137 	0.000827771 	-0.109174 	0.0027171 	
1.505	2.11438 	-0.0780404 	-1.7137 	0.000800974 	-0.109229 	0.0027021 	
1.51	2.1153 	-0.0784382 	-1.7136 	0.000774898 	-0.10928 	0.00268681 	
1.515	2.11424 	-0.0778329 	-1.7159 	0.000823378 	-0.109326 	0.00269515 	
1.52	2.11528 	-0.0782447 	-1.7159 	0.000796575 	-0.109381 	0.0026801 	
1.525	2.11621 	-0.078642 	-1.7158 	0.000770493 	-0.109431 	0.00266477 	
1.53	2.11514 	-0.0780485 	-1.71808 	0.000818629 	-0.109477 	0.00267344 	
1.535	2.11619 	-0.0784595 	-1.71808 	0.00079183 	-0.109531 	0.00265835 	
1.54	2.1171 	-0.0788559 	-1.71799 	0.000765753 	-0.109581 	0.00264298 	
1.545	2.11605 	-0.0782745 	-1.72025 	0.000813527 	-0.109627 	0.00265197 	
1.55	2.11708 	-0.0786845 	-1.72025 	0.000786743 	-0.109681 	0.00263685 	
1.555	2.11799 	-0.0790799 	-1.72015 	0.00076068 	-0.10973 	0.00262144 	
1.56	2.11694 	-0.0785106 	-1.7224 	0.000808075 	-0.109775 	0.00263075 	
1.565	2.11797 	-0.0789195 	-1.72241 	0.000781317 	-0.109829 	0.0026156 	
1.57	2.11887 	-0.0793138 	-1.72231 	0.000755279 	-0.109878 	0.00260017 	
1.575	2.11783 	-0.0787566 	-1.72454 	0.000802277 	-0.109923 	0.00260978 	
1.58	2.11885 	-0.0791641 	-1.72454 	0.000775555 	-0.109976 	0.00259461 	
1.585	2.11975 	-0.0795572 	-1.72444 	0.000749553 	-0.110025 	0.00257917 	
1.59	2.11871 	-0.0790122 	-1.72666 	0.000796137 	-0.11007 	0.00258906 	
1.595	2.11972 	-0.0794182 	-1.72666 	0.000769462 	-0.110123 	0.00257388 	
1.6	2.12061 	-0.0798098 	-1.72656 	0.000743506 	-0.110171 	0.00255843 	
1.605	2.11958 	-0.0792771 	-1.72876 	0.00078966 	-0.110215 	0.0025686 	
1.61	2.12059 	-0.0796816 	-1.72876 	0.000763043 	-0.110268 	0.00255341 	
1.615	2.12147 	-0.0800716 	-1.72866 	0.000737144 	-0.110315 	0.00253797 	
1.62	2.12045 	-0.0795512 	-1.73084 	0.00078285 	-0.110359 	0.00254841 	
1.625	2.12144 	-0.0799538 	-1.73084 	0.000756303 	-0.110411 	0.00253322 	
1.63	2.12232 	-0.0803421 	-1.73075 	0.000730472 	-0.110459 	0.00251778 	
1.635	2.12307 	-0.0806896 	-1.73057 	0.000707063 	-0.1105 	0.00250328 	
1.64	2.1215 	-0.0798998 	-1.73343 	0.000774525 	-0.110542 	0.00252267 	
1.645	2.12257 	-0.080301 	-1.73351 	0.000748181 	-0.110597 	0.0025082 	
1.65	2.12347 	-0.0806917 	-1.73345 	0.000722214 	-0.110646 	0.00249289 	
1.655	2.12242 	-0.0801749 	-1.73565 	0.000768852 	-0.110689 	0.00250462 	
1.66	2.1234 	-0.0805762 	-1.73565 	0.000742303 	-0.11074 	0.00248937 	
1.665	2.12426 	-0.0809635 	-1.73556 	0.000716445 	-0.110786 	0.00247384 	
1.67	2.12499 	-0.0813098 	-1.73538 	0.000693021 	-0.110827 	0.00245924 	
1.675	2.12345 	-0.0805592 	-1.73818 	0.000758944 	-0.110868 	0.00247925 	
1.68	2.12449 	-0.0809578 	-1.73825 	0.000732662 	-0.110922 	0.00246469 	
1.685	2.12538 	-0.0813459 	-1.73819 	0.000706762 	-0.110969 	0.00244932 	
1.69	2.1261 	-0.0816898 	-1.73802 	0.000683448 	-0.111009 	0.00243474 	
1.695	2.12453 	-0.0809392 	-1.74083 	0.00075026 	-0.11105 	0.00245577 	
1.7	2.12557 	-0.081337 	-1.74091 	0.000723986 	-0.111103 	0.00244121 	
1.705	2.12645 	-0.0817247 	-1.74085 	0.000698072 	-0.11115 	0.00242579 	
1.71	2.12716 	-0.0820679 	-1.74067 	0.000674754 	-0.11119 	0.00241116 	
1.715	2.12561 	-0.0813401 	-1.74345 	0.000740592 	-0.11123 	0.00243246 	
1.72	2.12663 	-0.0817363 	-1.74353 	0.000714365 	-0.111282 	0.00241786 	
1.725	2.1275 	-0.0821223 	-1.74346 	0.000688503 	-0.111329 	0.00240241 	
1.73	2.1282 	-0.0824643 	-1.74329 	0.000665227 	-0.111368 	0.00238777 	
1.735	2.12667 	-0.0817609 	-1.74602 	0.000729896 	-0.111407 	0.00240926 	
1.74	2.12768 	-0.0821547 	-1.74609 	0.000703776 	-0.111459 	0.00239464 	
1.745	2.12853 	-0.0825382 	-1.74603 	0.000678022 	-0.111505 	0.00237921 	
1.75	2.12923 	-0.0828781 	-1.74586 	0.000654838 	-0.111543 	0.0023646 	
1.755	2.12772 	-0.082199 	-1.74854 	0.000718308 	-0.111582 	0.00238624 	
1.76	2.12871 	-0.0825895 	-1.74861 	0.000692344 	-0.111633 	0.00237164 	
1.765	2.12955 	-0.0829699 	-1.74854 	0.000666747 	-0.111678 	0.00235627 	
1.77	2.13023 	-0.0833071 	-1.74837 	0.000643699 	-0.111715 	0.00234171 	
1.775	2.12876 	-0.0826518 	-1.75101 	0.000705949 	-0.111754 	0.00236347 	
1.78	2.12972 	-0.0830384 	-1.75107 	0.000680184 	-0.111804 	0.00234893 	
1.785	2.13055 	-0.0834151 	-1.75101 	0.000654786 	-0.111848 	0.00233364 	
1.79	2.13122 	-0.0837491 	-1.75084 	0.000631911 	-0.111885 	0.00231917 	
1.795	2.12978 	-0.0831172 	-1.75342 	0.000692916 	-0.111923 	0.00234103 	
1.8	2.13072 	-0.0834994 	-1.75348 	0.000667387 	-0.111972 	0.00232656 	
1.805	2.13153 	-0.0838718 	-1.75342 	0.000642224 	-0.112015 	0.00231138 	
1.81	2.1322 	-0.0842022 	-1.75325 	0.000619556 	-0.112051 	0.00229702 	
1.815	2.13078 	-0.0835934 	-1.75578 	0.000679287 	-0.112089 	0.00231894 	
1.82	2.1317 	-0.0839708 	-1.75584 	0.000654029 	-0.112136 	0.00230457 	
1.825	2.1325 	-0.0843385 	-1.75577 	0.000629133 	-0.112179 	0.00228952 	
1.83	2.13315 	-0.0846648 	-1.75561 	0.000606702 	-0.112215 	0.0022753 	
1.835	2.13176 	-0.0840788 	-1.75809 	0.000665127 	-0.112251 	0.00229723 	
1.84	2.13267 	-0.0844509 	-1.75814 	0.000640171 	-0.112298 	0.00228299 	
1.845	2.13345 	-0.0848135 	-1.75808 	0.000615573 	-0.112339 	0.00226808 	
1.85	2.13409 	-0.0851353 	-1.75792 	0.000593405 	-0.112375 	0.00225402 	
1.855	2.13273 	-0.084572 	-1.76034 	0.000650492 	-0.112411 	0.00227593 	
1.86	2.13361 	-0.0849383 	-1.76039 	0.000625865 	-0.112456 	0.00226183 	
1.865	2.13438 	-0.0852954 	-1.76033 	0.000601592 	-0.112497 	0.00224709 	
1.87	2.13501 	-0.0856126 	-1.76018 	0.000579712 	-0.112531 	0.0022332 	
1.875	2.13368 	-0.0850715 	-1.76254 	0.000635428 	-0.112566 	0.00225506 	
1.88	2.13454 	-0.0854318 	-1.76259 	0.000611158 	-0.112611 	0.00224111 	
1.885	2.13529 	-0.0857831 	-1.76252 	0.000587235 	-0.112651 	0.00222656 	
1.89	2.13591 	-0.0860951 	-1.76238 	0.000565667 	-0.112685 	0.00221286 	
1.895	2.13461 	-0.0855762 	-1.76468 	0.000619979 	-0.112719 	0.0022346 	
1.9	2.13545 	-0.0859301 	-1.76472 	0.000596089 	-0.112762 	0.00222083 	
1.905	2.13618 	-0.0862751 	-1.76466 	0.000572542 	-0.112801 	0.00220649 	
1.91	2.13679 	-0.0865818 	-1.76452 	0.000551308 	-0.112834 	0.00219299 	
1.915	2.13553 	-0.0860847 	-1.76677 	0.000604181 	-0.112868 	0.00221459 	
1.92	2.13634 	-0.0864319 	-1.7668 	0.000580697 	-0.11291 	0.002201 	
1.925	2.13706 	-0.0867705 	-1.76674 	0.00055755 	-0.112948 	0.00218689 	
1.93	2.13765 	-0.0870715 	-1.7666 	0.000536672 	-0.11298 	0.00217361 	
1.935	2.13642 	-0.0865959 	-1.76879 	0.000588072 	-0.113013 	0.002195 	
1.94	2.13722 	-0.0869361 	-1.76882 	0.000565017 	-0.113054 	0.00218163 	
1.945	2.13791 	-0.0872679 	-1.76877 	0.000542292 	-0.113091 	0.00216775 	
1.95	2.13849 	-0.0875631 	-1.76863 	0.00052179 	-0.113123 	0.00215471 	
1.955	2.13903 	-0.0878337 	-1.76849 	0.000502899 	-0.113153 	0.00214262 	
1.96	2.13743 	-0.0871983 	-1.77112 	0.000569394 	-0.113184 	0.00217208 	
1.965	2.13826 	-0.0875309 	-1.77121 	0.000546944 	-0.113226 	0.00215952 	
1.97	2.13896 	-0.0878584 	-1.77118 	0.00052454 	-0.113263 	0.002146 	
1.975	2.13952 	-0.0881472 	-1.77104 	0.000504448 	-0.113294 	0.00213319 	
1.98	2.14005 	-0.0884118 	-1.7709 	0.000485934 	-0.113322 	0.00212132 	
1.985	2.13847 	-0.0877953 	-1.77348 	0.000551432 	-0.113352 	0.00215094 	
1.99	2.13927 	-0.0881213 	-1.77357 	0.000529388 	-0.113393 	0.00213856 	
1.995	2.13995 	-0.0884426 	-1.77354 	0.000507372 	-0.113429 	0.00212525 	
2	2.1405 	-0.0887259 	-1.77341 	0.000487628 	-0.113459 	0.00211265 	
2.005	2.14101 	-0.0889857 	-1.77328 	0.000469433 	-0.113487 	0.00210097 	
2.01	2.13948 	-0.0884043 	-1.77576 	0.000532306 	-0.113516 	0.00212989 	
2.015	2.14025 	-0.0887224 	-1.77584 	0.000510748 	-0.113555 	0.0021177 	
2.02	2.14091 	-0.0890359 	-1.7758 	0.000489223 	-0.11359 	0.00210465 	
2.025	2.14144 	-0.0893127 	-1.77568 	0.000469907 	-0.113619 	0.00209231 	
2.03	2.14194 	-0.0895665 	-1.77555 	0.000452107 	-0.113646 	0.00208088 	
2.035	2.14048 	-0.0890208 	-1.77793 	0.000512178 	-0.113674 	0.00210897 	
2.04	2.14121 	-0.0893297 	-1.778 	0.00049119 	-0.113711 	0.00209703 	
2.045	2.14185 	-0.0896343 	-1.77796 	0.000470241 	-0.113745 	0.00208429 	
2.05	2.14236 	-0.0899034 	-1.77785 	0.000451429 	-0.113773 	0.00207227 	
2.055	2.14284 	-0.0901502 	-1.77772 	0.000434094 	-0.113799 	0.00206114 	
2.06	2.14145 	-0.0896393 	-1.77999 	0.000491322 	-0.113826 	0.00208833 	
2.065	2.14215 	-0.0899381 	-1.78005 	0.000470975 	-0.113862 	0.00207668 	
2.07	2.14276 	-0.0902327 	-1.78002 	0.000450669 	-0.113893 	0.0020643 	
2.075	2.14325 	-0.0904935 	-1.77991 	0.000432425 	-0.11392 	0.00205265 	
2.08	2.14371 	-0.0907325 	-1.77979 	0.000415611 	-0.113945 	0.00204186 	
2.085	2.14415 	-0.0909516 	-1.77967 	0.000400123 	-0.113969 	0.00203185 	
2.09	2.1425 	-0.0903362 	-1.78222 	0.000467788 	-0.113994 	0.00206517 	
2.095	2.14321 	-0.0906238 	-1.78233 	0.000448276 	-0.11403 	0.00205434 	
2.1	2.14381 	-0.09091 	-1.78231 	0.000428577 	-0.114061 	0.00204245 	
2.105	2.14428 	-0.0911613 	-1.78221 	0.000410968 	-0.114087 	0.0020312 	
2.11	2.14472 	-0.0913917 	-1.78209 	0.000394739 	-0.114111 	0.00202077 	
2.115	2.14513 	-0.0916029 	-1.78198 	0.000379789 	-0.114134 	0.0020111 	
2.12	2.14356 	-0.0910251 	-1.78442 	0.000444357 	-0.114157 	0.00204341 	
2.125	2.14422 	-0.0913013 	-1.78451 	0.000425573 	-0.114191 	0.0020329 	
2.13	2.14479 	-0.0915765 	-1.7845 	0.000406602 	-0.114221 	0.00202143 	
2.135	2.14524 	-0.0918184 	-1.7844 	0.000389632 	-0.114245 	0.00201058 	
2.14	2.14566 	-0.0920404 	-1.78429 	0.000373991 	-0.114268 	0.00200054 	
2.145	2.14606 	-0.0922438 	-1.78418 	0.00035958 	-0.11429 	0.00199123 	
2.15	2.14459 	-0.0917156 	-1.78646 	0.000419673 	-0.114312 	0.00202171 	
2.155	2.14521 	-0.0919787 	-1.78654 	0.000401735 	-0.114344 	0.00201157 	
2.16	2.14574 	-0.0922408 	-1.78652 	0.000383626 	-0.114372 	0.00200058 	
2.165	2.14617 	-0.0924718 	-1.78643 	0.00036741 	-0.114395 	0.00199023 	
2.17	2.14657 	-0.0926838 	-1.78633 	0.000352461 	-0.114417 	0.00198064 	
2.175	2.14694 	-0.0928781 	-1.78623 	0.000338687 	-0.114437 	0.00197175 	
2.18	2.14729 	-0.0930561 	-1.78613 	0.000326001 	-0.114456 	0.00196351 	
2.185	2.14568 	-0.0924699 	-1.78855 	0.000392091 	-0.114477 	0.00199789 	
2.19	2.14628 	-0.0927178 	-1.78866 	0.000375235 	-0.114507 	0.00198858 	
2.195	2.1468 	-0.092967 	-1.78866 	0.000358035 	-0.114534 	0.00197822 	
2.2	2.1472 	-0.0931854 	-1.78857 	0.000342694 	-0.114555 	0.00196843 	
2.205	2.14757 	-0.0933858 	-1.78848 	0.00032855 	-0.114576 	0.00195936 	
2.21	2.14792 	-0.0935696 	-1.78839 	0.000315516 	-0.114594 	0.00195095 	
2.215	2.14824 	-0.0937381 	-1.7883 	0.000303508 	-0.114612 	0.00194316 	
2.22	2.14676 	-0.0932097 	-1.79052 	0.000364085 	-0.114631 	0.00197509 	
2.225	2.14731 	-0.0934413 	-1.79061 	0.000348289 	-0.114659 	0.00196625 	
2.23	2.14778 	-0.0936744 	-1.79061 	0.000332173 	-0.114684 	0.00195651 	
2.235	2.14815 	-0.0938793 	-1.79053 	0.000317779 	-0.114704 	0.00194734 	
2.24	2.1485 	-0.0940673 	-1.79045 	0.000304505 	-0.114722 	0.00193884 	
2.245	2.14883 	-0.0942399 	-1.79037 	0.00029227 	-0.11474 	0.00193097 	
2.25	2.14913 	-0.0943982 	-1.79029 	0.000280996 	-0.114757 	0.00192367 	
2.255	2.14941 	-0.0945431 	-1.7902 	0.000270612 	-0.114772 	0.00191691 	
2.26	2.14789 	-0.0939983 	-1.79244 	0.00033289 	-0.114789 	0.00195037 	
2.265	2.1484 	-0.0942105 	-1.79253 	0.000318437 	-0.114815 	0.00194239 	
2.27	2.14884 	-0.0944261 	-1.79254 	0.000303547 	-0.114837 	0.00193344 	
2.275	2.14918 	-0.0946148 	-1.79247 	0.000290284 	-0.114856 	0.00192501 	
2.28	2.14949 	-0.0947882 	-1.79241 	0.000278051 	-0.114873 	0.00191719 	
2.285	2.14979 	-0.0949474 	-1.79234 	0.000266772 	-0.114889 	0.00190995 	
2.29	2.15006 	-0.0950935 	-1.79226 	0.000256375 	-0.114904 	0.00190324 	
2.295	2.15032 	-0.0952274 	-1.79219 	0.000246795 	-0.114918 	0.00189702 	
2.3	2.15057 	-0.0953501 	-1.79212 	0.00023797 	-0.114931 	0.00189126 	
2.305	2.15079 	-0.0954625 	-1.79204 	0.000229846 	-0.114944 	0.00188592 	
2.31	2.14913 	-0.0948627 	-1.79439 	0.000297662 	-0.114958 	0.00192313 	
2.315	2.14961 	-0.0950524 	-1.79451 	0.000284818 	-0.114981 	0.00191629 	
2.32	2.15001 	-0.0952482 	-1.79454 	0.000271339 	-0.115002 	0.00190829 	
2.325	2.15031 	-0.0954183 	-1.79448 	0.000259403 	-0.115018 	0.00190072 	
2.33	2.15059 	-0.0955747 	-1.79443 	0.000248389 	-0.115033 	0.0018937 	
2.335	2.15085 	-0.0957185 	-1.79437 	0.000238227 	-0.115047 	0.0018872 	
2.34	2.15109 	-0.0958505 	-1.79431 	0.000228855 	-0.11506 	0.00188118 	
2.345	2.15132 	-0.0959718 	-1.79426 	0.000220213 	-0.115072 	0.0018756 	
2.35	2.15153 	-0.0960831 	-1.7942 	0.000212247 	-0.115084 	0.00187043 	
2.355	2.15173 	-0.0961851 	-1.79414 	0.000204906 	-0.115095 	0.00186564 	
2.36	2.15192 	-0.0962786 	-1.79407 	0.000198143 	-0.115105 	0.0018612 	
2.365	2.15209 	-0.0963643 	-1.79401 	0.000191914 	-0.115115 	0.00185709 	
2.37	2.15225 	-0.0964427 	-1.79395 	0.00018618 	-0.115124 	0.00185328 	
2.375	2.15055 	-0.0958271 	-1.79629 	0.000255354 	-0.115135 	0.00189194 	
2.38	2.15097 	-0.0959874 	-1.79642 	0.000244583 	-0.115155 	0.0018864 	
2.385	2.15131 	-0.0961561 	-1.79646 	0.00023302 	-0.115172 	0.00187963 	
2.39	2.15156 	-0.0963019 	-1.79642 	0.00022284 	-0.115186 	0.00187321 	
2.395	2.15179 	-0.0964361 	-1.79638 	0.000213436 	-0.115198 	0.00186726 	
2.4	2.15201 	-0.0965597 	-1.79635 	0.000204752 	-0.11521 	0.00186175 	
2.405	2.15221 	-0.0966735 	-1.79631 	0.000196733 	-0.11522 	0.00185664 	
2.41	2.1524 	-0.0967783 	-1.79627 	0.000189329 	-0.11523 	0.00185191 	
2.415	2.15257 	-0.0968747 	-1.79623 	0.000182493 	-0.11524 	0.00184752 	
2.42	2.15274 	-0.0969634 	-1.79619 	0.000176185 	-0.115249 	0.00184346 	
2.425	2.15289 	-0.097045 	-1.79615 	0.000170361 	-0.115257 	0.0018397 	
2.43	2.15303 	-0.09712 	-1.79611 	0.000164987 	-0.115265 	0.00183621 	
2.435	2.15316 	-0.0971889 	-1.79607 	0.000160029 	-0.115272 	0.00183298 	
2.44	2.15329 	-0.0972523 	-1.79603 	0.000155454 	-0.115279 	0.00182998 	
2.445	2.1534 	-0.0973105 	-1.796 	0.000151234 	-0.115285 	0.00182721 	
2.45	2.15351 	-0.097364 	-1.79596 	0.000147342 	-0.115291 	0.00182464 	
2.455	2.15361 	-0.0974131 	-1.79592 	0.000143752 	-0.115297 	0.00182226 	
2.46	2.15371 	-0.0974582 	-1.79589 	0.00014044 	-0.115302 	0.00182005 	
2.465	2.1538 	-0.0974997 	-1.79585 	0.000137386 	-0.115307 	0.00181801 	
2.47	2.15388 	-0.0975377 	-1.79582 	0.000134568 	-0.115311 	0.00181612 	
2.475	2.15395 	-0.0975727 	-1.79578 	0.000131969 	-0.115316 	0.00181436 	
2.48	2.15403 	-0.0976048 	-1.79575 	0.000129571 	-0.11532 	0.00181274 	
2.485	2.15409 	-0.0976344 	-1.79572 	0.000127358 	-0.115323 	0.00181123 	
2.49	2.15416 	-0.0976615 	-1.79569 	0.000125315 	-0.115327 	0.00180983 	
2.495	2.15421 	-0.0976865 	-1.79566 	0.000123429 	-0.11533 	0.00180854 	
2.5	2.15427 	-0.0977095 	-1.79564 	0.000121687 	-0.115333 	0.00180734 	
2.505	2.15432 	-0.0977307 	-1.79561 	0.000120076 	-0.115336 	0.00180623 	
2.51	2.15436 	-0.0977503 	-1.79559 	0.000118587 	-0.115339 	0.00180521 	
2.515	2.15441 	-0.0977685 	-1.79557 	0.000117206 	-0.115341 	0.00180425 	
2.52	2.15445 	-0.0977853 	-1.79554 	0.000115929 	-0.115343 	0.00180337 	
2.525	2.15449 	-0.0978008 	-1.79553 	0.000114745 	-0.115345 	0.00180255 	
2.53	2.15452 	-0.0978154 	-1.79551 	0.000113639 	-0.115347 	0.00180179 	
2.535	2.15455 	-0.0978295 	-1.79549 	0.000112573 	-0.115349 	0.00180106 	
2.54	2.15458 	-0.0978435 	-1.79548 	0.000111535 	-0.115351 	0.00180036 	
2.545	2.15461 	-0.0978573 	-1.79546 	0.00011052 	-0.115353 	0.00179969 	
2.55	2.15464 	-0.0978712 	-1.79545 	0.000109513 	-0.115354 	0.00179904 	
2.555	2.15467 	-0.0978855 	-1.79544 	0.000108502 	-0.115356 	0.0017984 	
2.56	2.1547 	-0.0979001 	-1.79543 	0.000107475 	-0.115357 	0.00179776 	
2.565	2.15473 	-0.0979154 	-1.79542 	0.000106421 	-0.115359 	0.00179713 	
2.57	2.15475 	-0.0979315 	-1.79541 	0.000105331 	-0.11536 	0.00179648 	
2.575	2.15478 	-0.0979485 	-1.7954 	0.000104194 	-0.115362 	0.00179583 	
2.58	2.15481 	-0.0979666 	-1.79539 	0.000103004 	-0.115363 	0.00179515 	
2.585	2.15484 	-0.0979859 	-1.79539 	0.000101751 	-0.115364 	0.00179446 	
2.59	2.15487 	-0.0980064 	-1.79538 	0.000100428 	-0.115366 	0.00179374 	
2.595	2.1549 	-0.0980283 	-1.79538 	9.90287e-05 	-0.115367 	0.001793 	
2.6	2.15493 	-0.0980518 	-1.79537 	9.7547e-05 	-0.115369 	0.00179222 	
2.605	2.15496 	-0.0980768 	-1.79537 	9.59768e-05 	-0.11537 	0.00179141 	
2.61	2.15499 	-0.0981034 	-1.79537 	9.43128e-05 	-0.115372 	0.00179055 	
2.615	2.1539 	-0.0963051 	-1.79689 	0.000212313 	-0.115375 	0.00181393 	
2.62	2.15409 	-0.0964755 	-1.79699 	0.00020166 	-0.115387 	0.00180935 	
2.625	2.15425 	-0.0966778 	-1.79705 	0.000189115 	-0.115396 	0.00180333 	
2.63	2.15436 	-0.0968582 	-1.79707 	0.00017799 	-0.115402 	0.00179772 	
2.635	2.15447 	-0.09703 	-1.79708 	0.000167403 	-0.115408 	0.00179239 	
2.64	2.15458 	-0.0971939 	-1.7971 	0.000157312 	-0.115414 	0.00178732 	
2.645	2.15468 	-0.0973506 	-1.79712 	0.000147668 	-0.115419 	0.00178249 	
2.65	2.15478 	-0.097501 	-1.79713 	0.000138425 	-0.115424 	0.00177787 	
2.655	2.15488 	-0.0976457 	-1.79715 	0.000129543 	-0.11543 	0.00177344 	
2.66	2.15498 	-0.0977852 	-1.79716 	0.000120983 	-0.115435 	0.00176918 	
2.665	2.15507 	-0.0979203 	-1.79717 	0.00011271 	-0.11544 	0.00176507 	
2.67	2.15516 	-0.0980513 	-1.79719 	0.000104693 	-0.115444 	0.0017611 	
2.675	2.15526 	-0.0981788 	-1.7972 	9.68989e-05 	-0.115449 	0.00175725 	
2.68	2.15535 	-0.0983032 	-1.79721 	8.93016e-05 	-0.115454 	0.00175351 	
2.685	2.15544 	-0.098425 	-1.79722 	8.18746e-05 	-0.115458 	0.00174986 	
2.69	2.15553 	-0.0985445 	-1.79724 	7.4594e-05 	-0.115463 	0.0017463 	
2.695	2.15672 	-0.0957691 	-1.79608 	0.00019845 	-0.115468 	0.00171465 	
2.7	2.15679 	-0.0960355 	-1.7961 	0.000182918 	-0.115473 	0.00170779 	
2.705	2.1568 	-0.096333 	-1.7961 	0.00016558 	-0.115476 	0.00170032 	
2.71	2.1568 	-0.0966036 	-1.79609 	0.000149775 	-0.115478 	0.00169349 	
2.715	2.15681 	-0.0968621 	-1.79608 	0.000134672 	-0.115481 	0.00168694 	
2.72	2.15683 	-0.0971094 	-1.79607 	0.000120208 	-0.115483 	0.00168066 	
2.725	2.15686 	-0.0973466 	-1.79607 	0.000106326 	-0.115486 	0.00167461 	
2.73	2.15689 	-0.0975746 	-1.79607 	9.29718e-05 	-0.115489 	0.00166878 	
2.735	2.15693 	-0.0977943 	-1.79606 	8.00948e-05 	-0.115492 	0.00166314 	
2.74	2.15697 	-0.0980065 	-1.79606 	6.76491e-05 	-0.115495 	0.00165767 	
2.745	2.15702 	-0.0982119 	-1.79606 	5.5592e-05 	-0.115499 	0.00165236 	
2.75	2.15841 	-0.0953857 	-1.79462 	0.000177205 	-0.115503 	0.00161349 	
2.755	2.15844 	-0.0957335 	-1.79463 	0.00015729 	-0.115506 	0.0016051 	
2.76	2.1584 	-0.0961084 	-1.79462 	0.000135745 	-0.115508 	0.00159615 	
2.765	2.15836 	-0.0964521 	-1.79459 	0.000115916 	-0.115509 	0.00158789 	
2.77	2.15834 	-0.0967804 	-1.79457 	9.69593e-05 	-0.11551 	0.00157997 	
2.775	2.15832 	-0.0970945 	-1.79455 	7.88016e-05 	-0.115512 	0.00157234 	
2.78	2.15832 	-0.0973957 	-1.79454 	6.13729e-05 	-0.115514 	0.001565 	
2.785	2.15832 	-0.097685 	-1.79452 	4.46089e-05 	-0.115516 	0.0015579 	
2.79	2.15834 	-0.0979636 	-1.79451 	2.84499e-05 	-0.115519 	0.00155104 	
2.795	2.15973 	-0.0951782 	-1.79302 	0.000147177 	-0.115522 	0.00151 	
2.8	2.15974 	-0.0955932 	-1.79303 	0.000123512 	-0.115525 	0.00150016 	
2.805	2.15968 	-0.0960322 	-1.79301 	9.83766e-05 	-0.115526 	0.00148983 	
2.81	2.15962 	-0.096437 	-1.79297 	7.51179e-05 	-0.115527 	0.00148023 	
2.815	2.15958 	-0.0968235 	-1.79295 	5.28858e-05 	-0.115528 	0.00147103 	
2.82	2.15955 	-0.0971932 	-1.79292 	3.15945e-05 	-0.115529 	0.00146217 	
2.825	2.15953 	-0.0975475 	-1.7929 	1.11645e-05 	-0.115531 	0.00145363 	
2.83	2.15953 	-0.0978877 	-1.79288 	-8.47786e-06 	-0.115533 	0.00144539 	
2.835	2.16094 	-0.0950884 	-1.79135 	0.000110215 	-0.115536 	0.00140224 	
2.84	2.16093 	-0.0955628 	-1.79135 	8.32042e-05 	-0.11554 	0.00139105 	
2.845	2.16086 	-0.0960593 	-1.79132 	5.48204e-05 	-0.11554 	0.0013794 	
2.85	2.16079 	-0.0965186 	-1.79128 	2.84784e-05 	-0.115541 	0.00136856 	
2.855	2.16074 	-0.0969569 	-1.79125 	3.30471e-06 	-0.115542 	0.00135816 	
2.86	2.1607 	-0.0973761 	-1.79122 	-2.07966e-05 	-0.115543 	0.00134815 	
2.865	2.16068 	-0.0977777 	-1.79119 	-4.39144e-05 	-0.115545 	0.00133851 	
2.87	2.16204 	-0.0951012 	-1.78969 	6.87533e-05 	-0.115548 	0.00129482 	
2.875	2.16202 	-0.0956271 	-1.78968 	3.88116e-05 	-0.115551 	0.00128242 	
2.88	2.16194 	-0.0961718 	-1.78965 	7.69025e-06 	-0.115552 	0.00126964 	
2.885	2.16186 	-0.0966774 	-1.7896 	-2.12807e-05 	-0.115552 	0.00125771 	
2.89	2.1618 	-0.0971598 	-1.78957 	-4.89622e-05 	-0.115553 	0.00124626 	
2.895	2.16176 	-0.0976211 	-1.78954 	-7.54585e-05 	-0.115554 	0.00123525 	
2.9	2.16302 	-0.0951982 	-1.78812 	2.54295e-05 	-0.115557 	0.00119254 	
2.905	2.16298 	-0.0957668 	-1.7881 	-6.96391e-06 	-0.11556 	0.00117913 	
2.91	2.1629 	-0.0963497 	-1.78806 	-4.02577e-05 	-0.11556 	0.00116544 	
2.915	2.16281 	-0.0968926 	-1.78802 	-7.13523e-05 	-0.115561 	0.00115262 	
2.92	2.16275 	-0.0974107 	-1.78798 	-0.000101061 	-0.115562 	0.0011403 	
2.925	2.16271 	-0.0979059 	-1.78795 	-0.000129495 	-0.115564 	0.00112847 	
2.93	2.16404 	-0.0953554 	-1.78645 	-2.3268e-05 	-0.115566 	0.00108322 	
2.935	2.16401 	-0.0959636 	-1.78644 	-5.78828e-05 	-0.115569 	0.00106885 	
2.94	2.16392 	-0.0965862 	-1.7864 	-9.34258e-05 	-0.11557 	0.0010542 	
2.945	2.16383 	-0.0971661 	-1.78635 	-0.000126628 	-0.115571 	0.00104048 	
2.95	2.16377 	-0.0977195 	-1.78631 	-0.000158346 	-0.115572 	0.00102731 	
2.955	2.16373 	-0.0982484 	-1.78627 	-0.000188699 	-0.115574 	0.00101465 	
2.96	2.16514 	-0.0955403 	-1.78468 	-7.57884e-05 	-0.115577 	0.000966528 	
2.965	2.16511 	-0.0961892 	-1.78468 	-0.000112689 	-0.11558 	0.000951171 	
2.97	2.16502 	-0.0968531 	-1.78463 	-0.000150563 	-0.115581 	0.000935522 	
2.975	2.16493 	-0.0974712 	-1.78459 	-0.000185938 	-0.115582 	0.000920868 	
2.98	2.16486 	-0.098061 	-1.78454 	-0.000219725 	-0.115583 	0.000906809 	
2.985	2.1661 	-0.0957479 	-1.78311 	-0.000124868 	-0.115586 	0.0008612 	
2.99	2.16605 	-0.0964326 	-1.78309 	-0.000163845 	-0.115589 	0.00084499 	
2.995	2.16595 	-0.0971261 	-1.78304 	-0.000203412 	-0.115589 	0.000828616 	
3	2.16586 	-0.0977742 	-1.78299 	-0.000240484 	-0.11559 	0.000813226 	
3.005	2.16579 	-0.0983925 	-1.78295 	-0.000275889 	-0.115592 	0.000798463 	
3.01	2.16706 	-0.0960284 	-1.78147 	-0.000178989 	-0.115594 	0.00075136 	
3.015	2.16701 	-0.0967431 	-1.78145 	-0.000219654 	-0.115597 	0.000734403 	
3.02	2.16691 	-0.0974662 	-1.7814 	-0.000260894 	-0.115598 	0.000717294 	
3.025	2.16682 	-0.0981422 	-1.78135 	-0.000299543 	-0.115599 	0.000701212 	
3.03	2.16675 	-0.0987869 	-1.78131 	-0.000336452 	-0.115601 	0.000685786 	
3.035	2.16808 	-0.0963324 	-1.77978 	-0.000235734 	-0.115604 	0.000636803 	
3.04	2.16803 	-0.0970774 	-1.77976 	-0.000278093 	-0.115607 	0.000619091 	
3.045	2.16793 	-0.0978307 	-1.77971 	-0.00032104 	-0.115608 	0.000601231 	
3.05	2.16783 	-0.0985349 	-1.77966 	-0.000361287 	-0.115609 	0.000584447 	
3.055	2.16776 	-0.0992066 	-1.77962 	-0.000399716 	-0.115611 	0.00056835 	
3.06	2.16914 	-0.0966625 	-1.77803 	-0.000295206 	-0.115614 	0.000517491 	
3.065	2.16909 	-0.0974379 	-1.77801 	-0.00033927 	-0.115618 	0.000499016 	
3.07	2.16899 	-0.0982217 	-1.77796 	-0.00038393 	-0.115619 	0.000480401 	
3.075	2.16889 	-0.0989543 	-1.77791 	-0.000425779 	-0.11562 	0.000462912 	
3.08	2.16882 	-0.0996528 	-1.77786 	-0.000465733 	-0.115621 	0.000446142 	
3.085	2.17025 	-0.0970238 	-1.77622 	-0.000357619 	-0.115625 	0.000393458 	
3.09	2.1702 	-0.0978295 	-1.77621 	-0.000403373 	-0.115629 	0.000374225 	
3.095	2.17009 	-0.0986435 	-1.77616 	-0.000449728 	-0.11563 	0.000354859 	
3.1	2.16999 	-0.0994041 	-1.7761 	-0.000493162 	-0.115631 	0.00033667 	
3.105	2.17116 	-0.0973488 	-1.7747 	-0.000411103 	-0.115633 	0.000288428 	
3.11	2.17108 	-0.0981816 	-1.77467 	-0.000458444 	-0.115636 	0.000268557 	
3.115	2.17096 	-0.0990144 	-1.77461 	-0.000505879 	-0.115637 	0.000248717 	
3.12	2.17086 	-0.0997956 	-1.77456 	-0.000550464 	-0.115638 	0.000230008 	
3.125	2.17203 	-0.0977537 	-1.77315 	-0.000469109 	-0.115641 	0.00018125 	
3.13	2.17195 	-0.0986054 	-1.77312 	-0.000517509 	-0.115643 	0.000160889 	
3.135	2.17183 	-0.0994564 	-1.77307 	-0.000565959 	-0.115645 	0.000140578 	
3.14	2.17173 	-0.100255 	-1.77302 	-0.000611512 	-0.115646 	0.00012142 	
3.145	2.17293 	-0.0981734 	-1.77158 	-0.000528473 	-0.115649 	7.16499e-05 	
3.15	2.17285 	-0.0990438 	-1.77155 	-0.000577912 	-0.115652 	5.08017e-05 	
3.155	2.17274 	-0.0999133 	-1.7715 	-0.000627396 	-0.115653 	3.00099e-05 	
3.16	2.17263 	-0.100729 	-1.77145 	-0.000673923 	-0.115654 	1.04003e-05 	
3.165	2.17385 	-0.0986058 	-1.76998 	-0.000589092 	-0.115657 	-4.0411e-05 	
3.17	2.17378 	-0.099495 	-1.76995 	-0.000639578 	-0.11566 	-6.17507e-05 	
3.175	2.17367 	-0.100383 	-1.7699 	-0.000690106 	-0.115662 	-8.30268e-05 	
3.18	2.17357 	-0.101217 	-1.76985 	-0.000737613 	-0.115663 	-0.00010309 	
3.185	2.17481 	-0.0990539 	-1.76836 	-0.000651092 	-0.115666 	-0.000154917 	
3.19	2.17474 	-0.0999619 	-1.76833 	-0.000702622 	-0.115669 	-0.000176747 	
3.195	2.17462 	-0.100869 	-1.76828 	-0.000754188 	-0.115671 	-0.000198505 	
3.2	2.17452 	-0.10172 	-1.76823 	-0.000802668 	-0.115672 	-0.000219021 	
3.205	2.17579 	-0.0995203 	-1.76671 	-0.000714572 	-0.115675 	-0.000271825 	
3.21	2.17572 	-0.100447 	-1.76669 	-0.00076713 	-0.115679 	-0.00029414 	
3.215	2.1756 	-0.101372 	-1.76664 	-0.000819714 	-0.11568 	-0.000316374 	
3.22	2.1755 	-0.10224 	-1.76658 	-0.000869149 	-0.115682 	-0.000337334 	
3.225	2.17679 	-0.100007 	-1.76504 	-0.000779588 	-0.115685 	-0.000391074 	
3.23	2.17672 	-0.100951 	-1.76502 	-0.000833148 	-0.115688 	-0.000413864 	
3.235	2.1766 	-0.101894 	-1.76497 	-0.000886722 	-0.11569 	-0.000436561 	
3.24	2.1765 	-0.102779 	-1.76491 	-0.000937084 	-0.115691 	-0.000457956 	
3.245	2.17781 	-0.100515 	-1.76334 	-0.000846161 	-0.115695 	-0.000512587 	
3.25	2.17774 	-0.101477 	-1.76332 	-0.000900689 	-0.115698 	-0.000535838 	
3.255	2.17762 	-0.102437 	-1.76327 	-0.000955217 	-0.1157 	-0.000558986 	
3.26	2.17751 	-0.103338 	-1.76322 	-0.00100647 	-0.115701 	-0.000580802 	
3.265	2.17884 	-0.101045 	-1.76163 	-0.000914288 	-0.115705 	-0.000636275 	
3.27	2.17877 	-0.102024 	-1.76161 	-0.000969743 	-0.115709 	-0.000659972 	
3.275	2.17865 	-0.103001 	-1.76156 	-0.00102518 	-0.11571 	-0.000683554 	
3.28	2.17854 	-0.103917 	-1.7615 	-0.00107729 	-0.115712 	-0.000705776 	
3.285	2.17988 	-0.101597 	-1.75989 	-0.000983945 	-0.115715 	-0.00076204 	
3.29	2.17981 	-0.102592 	-1.75988 	-0.00104028 	-0.115719 	-0.000786165 	
3.295	2.17969 	-0.103585 	-1.75983 	-0.00109659 	-0.11572 	-0.000810164 	
3.3	2.17958 	-0.104516 	-1.75977 	-0.00114951 	-0.115722 	-0.000832775 	
3.305	2.18094 	-0.102173 	-1.75814 	-0.0010551 	-0.115726 	-0.000889778 	
3.31	2.18087 	-0.103183 	-1.75813 	-0.00111227 	-0.115729 	-0.000914312 	
3.315	2.18075 	-0.104191 	-1.75808 	-0.00116939 	-0.115731 	-0.000938708 	
3.32	2.18063 	-0.105135 	-1.75802 	-0.00122308 	-0.115732 	-0.00096169 	
3.325	2.18201 	-0.102771 	-1.75637 	-0.00112769 	-0.115736 	-0.00101938 	
3.33	2.18194 	-0.103796 	-1.75636 	-0.00118564 	-0.11574 	-0.0010443 	
3.335	2.18181 	-0.104817 	-1.75631 	-0.00124354 	-0.115741 	-0.00106907 	
3.34	2.18169 	-0.105775 	-1.75625 	-0.00129794 	-0.115743 	-0.00109241 	
3.345	2.18307 	-0.103388 	-1.7546 	-0.00120134 	-0.115745 	-0.00115047 	
3.35	1.62045 	0.109332 	-0.927195 	-0.0067745 	-0.0771807 	-0.0103181 	
3.355	-0.0260202 	0.733896 	1.49451 	-0.0229757 	0.0356905 	-0.0371033 	
3.36	-0.216863 	0.852276 	1.93085 	-0.027023 	0.0522521 	-0.0405976 	
3.365	-1.13458 	1.32833 	3.72722 	-0.0425606 	0.124986 	-0.0561955 	
3.37	-1.53673 	1.45704 	4.26147 	-0.0467478 	0.151404 	-0.0619003 	
3.375	-2.91649 	1.98209 	6.24713 	-0.0607268 	0.245268 	-0.0849667 	
3.38	-2.54121 	1.82791 	5.70933 	-0.0580685 	0.220023 	-0.0776309 	
3.385	-2.18854 	1.65345 	5.15515 	-0.0557976 	0.194997 	-0.069574 	
3.39	-2.54016 	1.7698 	5.6114 	-0.0588239 	0.217407 	-0.0750047 	
3.395	-4.14485 	2.35582 	7.84985 	-0.0737996 	0.323735 	-0.101023 	
3.4	-4.1506 	2.39625 	7.97351 	-0.0754785 	0.326464 	-0.101513 	
3.405	-5.10502 	2.86732 	9.73757 	-0.0913073 	0.398697 	-0.117428 	
3.41	-4.66914 	2.72333 	9.29622 	-0.0911265 	0.374585 	-0.108112 	
3.415	-4.47926 	2.75588 	9.76581 	-0.104798 	0.381985 	-0.0977402 	
3.42	-4.15038 	2.68869 	9.60501 	-0.107187 	0.368273 	-0.0905919 	
3.425	-4.00754 	2.7537 	10.0997 	-0.119179 	0.376954 	-0.0838261 	
3.43	-3.65384 	2.61874 	9.63783 	-0.116967 	0.354622 	-0.0769852 	
3.435	-3.46294 	2.65522 	10.0908 	-0.129925 	0.361237 	-0.0672948 	
3.44	-2.90788 	2.52557 	9.6321 	-0.130349 	0.33237 	-0.0575826 	
3.445	-2.74644 	2.49344 	9.63934 	-0.133792 	0.327605 	-0.0527459 	
3.45	-2.62355 	2.47252 	9.76265 	-0.13936 	0.32767 	-0.04649 	
3.455	-2.68502 	2.5071 	9.97097 	-0.142271 	0.335298 	-0.0459133 	
3.46	-3.27405 	2.74575 	10.7887 	-0.145644 	0.374259 	-0.0573758 	
3.465	-3.79049 	2.93789 	11.3709 	-0.145519 	0.404133 	-0.0694487 	
3.47	-4.91197 	3.21852 	12.4766 	-0.147649 	0.467822 	-0.0870471 	
3.475	-5.19576 	3.38362 	12.8934 	-0.146828 	0.486441 	-0.0961967 	
3.48	-5.73854 	3.53386 	13.4144 	-0.14641 	0.516619 	-0.106143 	
3.485	-5.26785 	3.32425 	12.6801 	-0.142754 	0.483052 	-0.0973735 	
3.49	-5.02886 	3.29427 	12.8419 	-0.152761 	0.480656 	-0.0868298 	
3.495	-4.65235 	3.17319 	12.4008 	-0.151327 	0.457989 	-0.0800364 	
3.5	-4.45003 	3.201 	12.6199 	-0.158966 	0.457752 	-0.0739933 	
3.505	-4.14167 	3.08189 	12.2362 	-0.158429 	0.438105 	-0.0677488 	
3.51	-3.93892 	3.03467 	12.2429 	-0.163898 	0.432582 	-0.0600161 	
3.515	-3.97216 	3.0489 	12.2075 	-0.161027 	0.432631 	-0.0625171 	
3.52	-4.68559 	3.35982 	13.1511 	-0.160966 	0.478107 	-0.0796364 	
3.525	-4.17453 	3.14541 	12.339 	-0.155856 	0.440577 	-0.0715304 	
3.53	-3.70858 	2.90604 	11.3087 	-0.144651 	0.39985 	-0.0664975 	
3.535	-3.27679 	2.68412 	10.3538 	-0.134272 	0.362105 	-0.0618348 	
3.54	-3.26424 	2.69328 	10.1859 	-0.132163 	0.356387 	-0.0644368 	
3.545	-4.20066 	3.15089 	11.5933 	-0.146259 	0.41789 	-0.0829803 	
3.55	-4.67174 	3.21259 	11.729 	-0.14377 	0.435977 	-0.0925764 	
3.555	-5.58559 	3.63391 	12.9663 	-0.153716 	0.493842 	-0.11195 	
3.56	-5.49108 	3.61237 	12.7665 	-0.152667 	0.485232 	-0.111579 	
3.565	-6.09376 	3.9579 	13.7667 	-0.163368 	0.526627 	-0.125009 	
3.57	-6.21989 	3.93757 	13.6407 	-0.160733 	0.527338 	-0.127799 	
3.575	-7.43636 	4.37731 	15.0279 	-0.169298 	0.599374 	-0.151647 	
3.58	-7.13553 	4.28274 	14.5999 	-0.166663 	0.578427 	-0.147148 	
3.585	-7.82764 	4.61672 	15.635 	-0.177354 	0.62276 	-0.160585 	
3.59	-7.98009 	4.52455 	15.4375 	-0.173427 	0.622724 	-0.16059 	
3.595	-8.5945 	4.73376 	16.2975 	-0.180468 	0.661007 	-0.167469 	
3.6	-8.31385 	4.67126 	15.9292 	-0.176843 	0.642126 	-0.164984 	
3.605	-8.94172 	4.94276 	16.8343 	-0.187202 	0.68176 	-0.175598 	
3.61	-9.25629 	4.95658 	16.8193 	-0.182726 	0.692113 	-0.182904 	
3.615	-9.64505 	5.1952 	17.521 	-0.190842 	0.721673 	-0.190869 	
3.62	-8.92744 	4.85419 	16.3477 	-0.180754 	0.670725 	-0.177845 	
3.625	-8.552 	4.63893 	15.749 	-0.179052 	0.644554 	-0.166991 	
3.63	-7.91894 	4.34911 	14.7537 	-0.170939 	0.600566 	-0.155369 	
3.635	-7.62198 	4.18258 	14.3255 	-0.171208 	0.581013 	-0.145766 	
3.64	-7.06707 	3.94555 	13.5213 	-0.165648 	0.54407 	-0.135131 	
3.645	-6.8473 	3.82729 	13.2659 	-0.168072 	0.531115 	-0.126614 	
3.65	-6.35801 	3.63127 	12.6061 	-0.164237 	0.499699 	-0.116977 	
3.655	-6.20355 	3.55035 	12.48 	-0.168054 	0.491921 	-0.109554 	
3.66	-5.76876 	3.38556 	11.9262 	-0.165283 	0.464759 	-0.100902 	
3.665	-5.66938 	3.33347 	11.8961 	-0.169941 	0.461034 	-0.0945366 	
3.67	-5.27963 	3.1925 	11.4197 	-0.167778 	0.437146 	-0.0868155 	
3.675	-5.25483 	3.16719 	11.4747 	-0.172651 	0.437923 	-0.0820801 	
3.68	-4.93643 	3.04846 	11.067 	-0.170352 	0.418425 	-0.0760602 	
3.685	-4.83765 	3.02258 	11.1225 	-0.176338 	0.417467 	-0.0698086 	
3.69	-4.66093 	2.94583 	10.8438 	-0.173915 	0.405584 	-0.0669204 	
3.695	-4.59145 	2.93236 	10.9348 	-0.179927 	0.40633 	-0.0614146 	
3.7	-4.43406 	2.86482 	10.6813 	-0.177503 	0.395586 	-0.0590684 	
3.705	-4.38863 	2.86054 	10.7962 	-0.183392 	0.397596 	-0.0542395 	
3.71	-4.24612 	2.7997 	10.5592 	-0.180872 	0.387646 	-0.0523625 	
3.715	-4.22135 	2.8028 	10.6922 	-0.186597 	0.390683 	-0.0481372 	
3.72	-4.09058 	2.7471 	10.4668 	-0.183955 	0.381321 	-0.0466566 	
3.725	-4.08363 	2.75622 	10.6139 	-0.1895 	0.385206 	-0.0429659 	
3.73	-3.96196 	2.70444 	10.3967 	-0.186728 	0.376271 	-0.041815 	
3.735	-3.97051 	2.71855 	10.555 	-0.192091 	0.380868 	-0.0385973 	
3.74	-3.8562 	2.66844 	10.3359 	-0.188977 	0.372067 	-0.0378245 	
3.745	-3.87862 	2.68804 	10.5106 	-0.194391 	0.377323 	-0.0348997 	
3.75	-3.76848 	2.64907 	10.3458 	-0.192644 	0.369527 	-0.0335614 	
3.755	-3.8086 	2.65723 	10.4425 	-0.195421 	0.373406 	-0.0322676 	
3.76	-3.69727 	2.63389 	10.36 	-0.195917 	0.367276 	-0.029889 	
3.765	-3.75114 	2.63972 	10.4331 	-0.197759 	0.370361 	-0.0292715 	
3.77	-3.64417 	2.6176 	10.3507 	-0.198065 	0.364443 	-0.0271244 	
3.775	-3.70332 	2.62471 	10.4239 	-0.199705 	0.367766 	-0.0267586 	
3.78	-3.59973 	2.60349 	10.341 	-0.199844 	0.362007 	-0.0248044 	
3.785	-3.66335 	2.61182 	10.4149 	-0.201329 	0.36555 	-0.0246453 	
3.79	-3.56242 	2.59137 	10.3317 	-0.201332 	0.35992 	-0.0228486 	
3.795	-3.62987 	2.60078 	10.4064 	-0.202689 	0.363655 	-0.0228645 	
3.8	-3.53102 	2.58094 	10.3229 	-0.202578 	0.358129 	-0.0211964 	
3.805	-3.60176 	2.5913 	10.3984 	-0.203829 	0.362032 	-0.0213608 	
3.81	-3.5045 	2.57195 	10.3146 	-0.203625 	0.356589 	-0.0197972 	
3.815	-3.56525 	2.58075 	10.3855 	-0.204941 	0.36011 	-0.0197576 	
3.82	-3.45048 	2.55834 	10.2936 	-0.204881 	0.354012 	-0.0178063 	
3.825	-3.56042 	2.57682 	10.3859 	-0.20556 	0.359729 	-0.0190956 	
3.83	-3.4076 	2.54733 	10.2769 	-0.205909 	0.352006 	-0.0161978 	
3.835	-3.52058 	2.56645 	10.3692 	-0.206489 	0.357841 	-0.0176137 	
3.84	-3.37105 	2.5378 	10.2617 	-0.206773 	0.350275 	-0.0148287 	
3.845	-3.48677 	2.55749 	10.3544 	-0.20727 	0.35622 	-0.0163545 	
3.85	-3.34022 	2.52963 	10.2484 	-0.207504 	0.348801 	-0.0136664 	
3.855	-3.45816 	2.54978 	10.3412 	-0.207929 	0.354832 	-0.0152844 	
3.86	-3.31413 	2.52261 	10.2367 	-0.208122 	0.34754 	-0.0126776 	
3.865	-3.43385 	2.54312 	10.3293 	-0.208483 	0.353638 	-0.0143728 	
3.87	-3.29198 	2.51654 	10.2261 	-0.208645 	0.346456 	-0.011834 	
3.875	-3.41311 	2.53732 	10.3185 	-0.208951 	0.352605 	-0.0135942 	
3.88	-3.27309 	2.51127 	10.2165 	-0.209087 	0.34552 	-0.0111125 	
3.885	-3.39534 	2.53225 	10.3087 	-0.209344 	0.351705 	-0.0129271 	
3.89	-3.25692 	2.50666 	10.2078 	-0.209462 	0.344706 	-0.0104931 	
3.895	-3.38003 	2.52779 	10.2995 	-0.209674 	0.350917 	-0.0123534 	
3.9	-3.243 	2.50263 	10.1998 	-0.209779 	0.343995 	-0.00995963 	
3.905	-3.36676 	2.52385 	10.291 	-0.209952 	0.350222 	-0.0118582 	
3.91	-3.23096 	2.49907 	10.1923 	-0.210048 	0.34337 	-0.00949816 	
3.915	-3.3552 	2.52034 	10.283 	-0.210186 	0.349605 	-0.0114287 	
3.92	-3.22049 	2.49591 	10.1854 	-0.210277 	0.342817 	-0.00909717 	
3.925	-3.34507 	2.51719 	10.2755 	-0.210383 	0.349053 	-0.0110546 	
3.93	-3.21135 	2.49309 	10.1788 	-0.210472 	0.342325 	-0.00874707 	
3.935	-3.33613 	2.51436 	10.2683 	-0.210549 	0.348556 	-0.0107268 	
3.94	-3.20331 	2.49056 	10.1727 	-0.210639 	0.341884 	-0.00843976 	
3.945	-3.32819 	2.5118 	10.2615 	-0.210689 	0.348106 	-0.0104382 	
3.95	-3.1962 	2.48829 	10.1668 	-0.210782 	0.341487 	-0.00816848 	
3.955	-3.3211 	2.50946 	10.255 	-0.210808 	0.347696 	-0.0101824 	
3.96	-3.18987 	2.48623 	10.1613 	-0.210906 	0.341127 	-0.00792759 	
3.965	-3.31472 	2.50732 	10.2487 	-0.210908 	0.34732 	-0.00995437 	
3.97	-3.18422 	2.48435 	10.156 	-0.211013 	0.340799 	-0.0077124 	
3.975	-3.30894 	2.50534 	10.2426 	-0.210994 	0.346972 	-0.00974974 	
3.98	-3.17914 	2.48263 	10.1509 	-0.211106 	0.340499 	-0.00751895 	
3.985	-3.30368 	2.50351 	10.2368 	-0.211066 	0.346649 	-0.00956491 	
3.99	-3.17455 	2.48106 	10.1461 	-0.211188 	0.340222 	-0.00734392 	
3.995	-3.29886 	2.50181 	10.2311 	-0.211129 	0.346347 	-0.00939685 	
4	-3.17038 	2.4796 	10.1414 	-0.211261 	0.339966 	-0.00718457 	
4.005	-3.29443 	2.50022 	10.2256 	-0.211183 	0.346064 	-0.00924306 	
4.01	-3.16658 	2.47825 	10.1369 	-0.211327 	0.339729 	-0.00703858 	
4.015	-3.29032 	2.49872 	10.2203 	-0.21123 	0.345798 	-0.00910141 	
4.02	-3.16311 	2.477 	10.1326 	-0.211386 	0.339507 	-0.00690402 	
4.025	-3.2865 	2.49732 	10.2152 	-0.211271 	0.345545 	-0.0089701 	
4.03	-3.15991 	2.47584 	10.1285 	-0.21144 	0.339299 	-0.00677927 	
4.035	-3.28293 	2.49598 	10.2101 	-0.211308 	0.345305 	-0.00884765 	
4.04	-3.15697 	2.47475 	10.1245 	-0.21149 	0.339104 	-0.00666295 	
4.045	-3.27959 	2.49472 	10.2053 	-0.21134 	0.345076 	-0.00873283 	
4.05	-3.15425 	2.47372 	10.1206 	-0.211536 	0.33892 	-0.00655388 	
4.055	-3.27644 	2.49352 	10.2005 	-0.21137 	0.344857 	-0.00862458 	
4.06	-3.15173 	2.47276 	10.1169 	-0.21158 	0.338747 	-0.00645118 	
4.065	-3.27348 	2.49237 	10.1958 	-0.211397 	0.344647 	-0.00852202 	
4.07	-3.1494 	2.47186 	10.1133 	-0.211621 	0.338583 	-0.00635401 	
4.075	-3.27067 	2.49128 	10.1913 	-0.211422 	0.344445 	-0.0084244 	
4.08	-3.14723 	2.47101 	10.1099 	-0.211661 	0.338427 	-0.00626167 	
4.085	-3.26801 	2.49023 	10.1869 	-0.211446 	0.34425 	-0.00833111 	
4.09	-3.14521 	2.47021 	10.1066 	-0.2117 	0.338279 	-0.00617363 	
4.095	-3.26548 	2.48922 	10.1826 	-0.211468 	0.344063 	-0.00824165 	
4.1	-3.14334 	2.46945 	10.1033 	-0.211738 	0.338139 	-0.00608937 	
4.105	-3.26308 	2.48826 	10.1784 	-0.21149 	0.343881 	-0.00815552 	
4.11	-3.1416 	2.46874 	10.1002 	-0.211775 	0.338005 	-0.00600851 	
4.115	-3.26079 	2.48733 	10.1743 	-0.211511 	0.343706 	-0.00807238 	
4.12	-3.13999 	2.46806 	10.0972 	-0.211812 	0.337877 	-0.00593069 	
4.125	-3.2586 	2.48643 	10.1702 	-0.211532 	0.343535 	-0.00799189 	
4.13	-3.13849 	2.46742 	10.0944 	-0.211848 	0.337756 	-0.00585563 	
4.135	-3.25652 	2.48557 	10.1663 	-0.211552 	0.34337 	-0.00791379 	
4.14	-3.13711 	2.46682 	10.0916 	-0.211885 	0.33764 	-0.00578305 	
4.145	-3.25453 	2.48473 	10.1625 	-0.211572 	0.343209 	-0.00783786 	
4.15	-3.13583 	2.46625 	10.0889 	-0.211921 	0.33753 	-0.00571278 	
4.155	-3.25264 	2.48393 	10.1587 	-0.211593 	0.343053 	-0.0077639 	
4.16	-3.13466 	2.46571 	10.0863 	-0.211958 	0.337425 	-0.00564463 	
4.165	-3.25082 	2.48315 	10.1551 	-0.211613 	0.342901 	-0.00769172 	
4.17	-3.13358 	2.4652 	10.0839 	-0.211995 	0.337325 	-0.00557844 	
4.175	-3.24909 	2.4824 	10.1515 	-0.211634 	0.342753 	-0.0076212 	
4.18	-3.13259 	2.46472 	10.0815 	-0.212032 	0.337229 	-0.00551405 	
4.185	-3.24744 	2.48167 	10.148 	-0.211655 	0.342609 	-0.00755221 	
4.19	-3.1317 	2.46427 	10.0792 	-0.21207 	0.337139 	-0.00545139 	
4.195	-3.24586 	2.48097 	10.1445 	-0.211676 	0.342468 	-0.00748463 	
4.2	-3.1309 	2.46385 	10.077 	-0.212108 	0.337052 	-0.00539033 	
4.205	-3.24435 	2.48029 	10.1412 	-0.211698 	0.342331 	-0.00741838 	
4.21	-3.13018 	2.46345 	10.0749 	-0.212147 	0.33697 	-0.0053308 	
4.215	-3.24292 	2.47963 	10.1379 	-0.21172 	0.342198 	-0.00735335 	
4.22	-3.12954 	2.46308 	10.0728 	-0.212186 	0.336892 	-0.00527268 	
4.225	-3.24154 	2.479 	10.1347 	-0.211743 	0.342067 	-0.00728949 	
4.23	-3.12898 	2.46274 	10.0709 	-0.212225 	0.336817 	-0.00521595 	
4.235	-3.24023 	2.47838 	10.1316 	-0.211766 	0.34194 	-0.00722672 	
4.24	-3.1285 	2.46242 	10.069 	-0.212265 	0.336747 	-0.00516054 	
4.245	-3.23899 	2.47778 	10.1285 	-0.211789 	0.341815 	-0.007165 	
4.25	-3.1281 	2.46212 	10.0672 	-0.212306 	0.33668 	-0.0051064 	
4.255	-3.23781 	2.47721 	10.1255 	-0.211813 	0.341694 	-0.00710428 	
4.26	-3.12778 	2.46184 	10.0655 	-0.212347 	0.336618 	-0.0050535 	
4.265	-3.23668 	2.47665 	10.1225 	-0.211838 	0.341575 	-0.0070445 	
4.27	-3.12753 	2.46159 	10.0639 	-0.212389 	0.336558 	-0.00500175 	
4.275	-3.23561 	2.47611 	10.1196 	-0.211862 	0.341459 	-0.00698562 	
4.28	-3.12735 	2.46136 	10.0624 	-0.212432 	0.336502 	-0.00495115 	
4.285	-3.2346 	2.47558 	10.1168 	-0.211888 	0.341345 	-0.00692761 	
4.29	-3.12724 	2.46115 	10.0609 	-0.212474 	0.33645 	-0.00490165 	
4.295	-3.23364 	2.47507 	10.114 	-0.211913 	0.341234 	-0.0068704 	
4.3	-3.1272 	2.46096 	10.0595 	-0.212518 	0.336401 	-0.00485322 	
4.305	-3.23273 	2.47458 	10.1113 	-0.21194 	0.341125 	-0.00681401 	
4.31	-3.12723 	2.46079 	10.0582 	-0.212562 	0.336355 	-0.00480584 	
4.315	-3.23187 	2.47411 	10.1087 	-0.211966 	0.341018 	-0.00675837 	
4.32	-3.12732 	2.46065 	10.0569 	-0.212606 	0.336312 	-0.00475944 	
4.325	-3.23107 	2.47365 	10.1061 	-0.211994 	0.340914 	-0.00670349 	
4.33	-3.12748 	2.46052 	10.0557 	-0.212651 	0.336272 	-0.00471405 	
4.335	-3.23031 	2.47321 	10.1035 	-0.212021 	0.340812 	-0.00664933 	
4.34	-3.1277 	2.46041 	10.0546 	-0.212697 	0.336236 	-0.00466962 	
4.345	-3.2296 	2.47278 	10.1011 	-0.21205 	0.340712 	-0.00659586 	
4.35	-3.12798 	2.46032 	10.0535 	-0.212743 	0.336202 	-0.00462614 	
4.355	-3.22893 	2.47237 	10.0986 	-0.212078 	0.340615 	-0.00654306 	
4.36	-3.12832 	2.46024 	10.0525 	-0.21279 	0.336171 	-0.00458356 	
4.365	-3.22831 	2.47196 	10.0962 	-0.212107 	0.340519 	-0.0064909 	
4.37	-3.12873 	2.46019 	10.0516 	-0.212837 	0.336143 	-0.00454188 	
4.375	-3.22773 	2.47158 	10.0939 	-0.212137 	0.340425 	-0.00643935 	
4.38	-3.12919 	2.46015 	10.0507 	-0.212885 	0.336118 	-0.00450109 	
4.385	-3.2272 	2.4712 	10.0916 	-0.212167 	0.340333 	-0.00638843 	
4.39	-3.12971 	2.46013 	10.0499 	-0.212933 	0.336095 	-0.00446117 	
4.395	-3.2267 	2.47084 	10.0893 	-0.212197 	0.340242 	-0.00633807 	
4.4	-3.13029 	2.46013 	10.0492 	-0.212982 	0.336075 	-0.0044221 	
4.405	-3.22625 	2.47049 	10.0871 	-0.212228 	0.340154 	-0.0062883 	
4.41	-3.13092 	2.46014 	10.0485 	-0.213031 	0.336058 	-0.00438382 	
4.415	-3.22583 	2.47016 	10.0849 	-0.212259 	0.340067 	-0.00623906 	
4.42	-3.13161 	2.46017 	10.0479 	-0.21308 	0.336043 	-0.00434638 	
4.425	-3.22545 	2.46983 	10.0828 	-0.21229 	0.339981 	-0.00619036 	
4.43	-3.13235 	2.46022 	10.0473 	-0.21313 	0.336031 	-0.00430971 	
4.435	-3.22511 	2.46952 	10.0807 	-0.212322 	0.339897 	-0.00614216 	
4.44	-3.13315 	2.46028 	10.0468 	-0.213181 	0.336021 	-0.00427384 	
4.445	-3.22481 	2.46922 	10.0787 	-0.212354 	0.339815 	-0.00609449 	
4.45	-3.134 	2.46035 	10.0463 	-0.213232 	0.336013 	-0.00423873 	
4.455	-3.22454 	2.46893 	10.0767 	-0.212387 	0.339735 	-0.00604727 	
4.46	-3.1349 	2.46044 	10.0459 	-0.213283 	0.336008 	-0.00420438 	
4.465	-3.2243 	2.46865 	10.0747 	-0.21242 	0.339655 	-0.00600055 	
4.47	-3.13585 	2.46055 	10.0455 	-0.213335 	0.336005 	-0.00417077 	
4.475	-3.2241 	2.46838 	10.0728 	-0.212453 	0.339577 	-0.00595426 	
4.48	-3.13684 	2.46067 	10.0452 	-0.213387 	0.336004 	-0.00413787 	
4.485	-3.22393 	2.46812 	10.0709 	-0.212487 	0.339501 	-0.00590843 	
4.49	-3.13789 	2.46081 	10.045 	-0.21344 	0.336006 	-0.00410569 	
4.495	-3.22379 	2.46787 	10.069 	-0.212521 	0.339425 	-0.00586303 	
4.5	-3.13899 	2.46095 	10.0448 	-0.213493 	0.336009 	-0.00407421 	
4.505	-3.22368 	2.46763 	10.0672 	-0.212556 	0.339351 	-0.00581804 	
4.51	-3.14013 	2.46112 	10.0446 	-0.213546 	0.336015 	-0.00404342 	
4.515	-3.2236 	2.46739 	10.0654 	-0.21259 	0.339278 	-0.00577345 	
4.52	-3.14132 	2.46129 	10.0445 	-0.2136 	0.336023 	-0.0040133 	
4.525	-3.22355 	2.46717 	10.0637 	-0.212625 	0.339206 	-0.00572925 	
4.53	-3.14255 	2.46148 	10.0444 	-0.213654 	0.336033 	-0.00398384 	
4.535	-3.22353 	2.46696 	10.0619 	-0.212661 	0.339136 	-0.00568542 	
4.54	-3.14383 	2.46168 	10.0444 	-0.213709 	0.336045 	-0.00395505 	
4.545	-3.22354 	2.46675 	10.0602 	-0.212696 	0.339066 	-0.00564196 	
4.55	-3.14515 	2.4619 	10.0444 	-0.213764 	0.336059 	-0.00392691 	
4.555	-3.22357 	2.46656 	10.0586 	-0.212732 	0.338998 	-0.00559885 	
4.56	-3.14652 	2.46213 	10.0445 	-0.213819 	0.336074 	-0.0038994 	
4.565	-3.22363 	2.46637 	10.0569 	-0.212769 	0.33893 	-0.00555609 	
4.57	-3.14793 	2.46237 	10.0446 	-0.213875 	0.336092 	-0.00387251 	
4.575	-3.22371 	2.46619 	10.0553 	-0.212805 	0.338863 	-0.00551364 	
4.58	-3.14938 	2.46262 	10.0448 	-0.213931 	0.336111 	-0.00384624 	
4.585	-3.22382 	2.46602 	10.0537 	-0.212842 	0.338797 	-0.00547152 	
4.59	-3.15087 	2.46288 	10.0449 	-0.213987 	0.336132 	-0.00382055 	
4.595	-3.22395 	2.46585 	10.0522 	-0.212879 	0.338732 	-0.00542969 	
4.6	-3.1524 	2.46315 	10.0452 	-0.214043 	0.336155 	-0.00379543 	
4.605	-3.22411 	2.46569 	10.0506 	-0.212916 	0.338668 	-0.00538818 	
4.61	-3.15398 	2.46344 	10.0455 	-0.2141 	0.33618 	-0.00377092 	
4.615	-3.22428 	2.46554 	10.0491 	-0.212954 	0.338605 	-0.00534693 	
4.62	-3.15559 	2.46374 	10.0458 	-0.214158 	0.336206 	-0.00374698 	
4.625	-3.22448 	2.4654 	10.0477 	-0.212992 	0.338542 	-0.00530597 	
4.63	-3.15724 	2.46405 	10.0461 	-0.214215 	0.336234 	-0.00372361 	
4.635	-3.2247 	2.46526 	10.0462 	-0.21303 	0.338481 	-0.00526526 	
4.64	-3.15893 	2.46437 	10.0465 	-0.214273 	0.336264 	-0.00370079 	
4.645	-3.22494 	2.46513 	10.0448 	-0.213068 	0.33842 	-0.00522484 	
4.65	-3.16066 	2.4647 	10.0469 	-0.214331 	0.336295 	-0.00367852 	
4.655	-3.22521 	2.465 	10.0433 	-0.213107 	0.338359 	-0.00518466 	
4.66	-3.16243 	2.46504 	10.0474 	-0.214389 	0.336328 	-0.00365678 	
4.665	-3.22549 	2.46488 	10.0419 	-0.213145 	0.3383 	-0.00514472 	
4.67	-3.16423 	2.46539 	10.0479 	-0.214448 	0.336362 	-0.00363558 	
4.675	-3.22578 	2.46477 	10.0406 	-0.213184 	0.33824 	-0.005105 	
4.68	-3.16607 	2.46575 	10.0484 	-0.214507 	0.336398 	-0.00361489 	
4.685	-3.2261 	2.46466 	10.0392 	-0.213224 	0.338182 	-0.00506553 	
4.69	-3.16794 	2.46612 	10.049 	-0.214566 	0.336436 	-0.00359475 	
4.695	-3.22644 	2.46456 	10.0379 	-0.213263 	0.338124 	-0.00502624 	
4.7	-3.16985 	2.4665 	10.0496 	-0.214626 	0.336474 	-0.00357509 	
4.705	-3.22679 	2.46446 	10.0366 	-0.213303 	0.338066 	-0.00498717 	
4.71	-3.1718 	2.46689 	10.0503 	-0.214686 	0.336515 	-0.00355593 	
4.715	-3.22716 	2.46437 	10.0353 	-0.213343 	0.338009 	-0.00494828 	
4.72	-3.17377 	2.46729 	10.0509 	-0.214745 	0.336556 	-0.00353726 	
4.725	-3.22754 	2.46429 	10.034 	-0.213383 	0.337953 	-0.00490959 	
4.73	-3.17579 	2.4677 	10.0516 	-0.214806 	0.336599 	-0.00351907 	
4.735	-3.22794 	2.46421 	10.0327 	-0.213423 	0.337896 	-0.00487106 	
4.74	-3.17783 	2.46812 	10.0524 	-0.214866 	0.336643 	-0.00350135 	
4.745	-3.22836 	2.46413 	10.0315 	-0.213463 	0.337841 	-0.00483273 	
4.75	-3.16482 	2.46401 	10.0369 	-0.214822 	0.335815 	-0.00323747 	
4.755	-3.23034 	2.46454 	10.032 	-0.21352 	0.337864 	-0.00481525 	
4.76	-3.27446 	2.49676 	10.1536 	-0.215643 	0.342036 	-0.00496446 	
4.765	-3.17811 	2.44837 	9.97276 	-0.213168 	0.334677 	-0.00391942 	
4.77	-3.41624 	2.53775 	10.2887 	-0.216132 	0.349718 	-0.00756077 	
4.775	-3.18854 	2.44933 	9.95213 	-0.212209 	0.33441 	-0.00473537 	
4.78	-3.45626 	2.55033 	10.3489 	-0.217168 	0.352356 	-0.00767339 	
4.785	-3.24159 	2.45792 	9.95546 	-0.210993 	0.33611 	-0.00644343 	
4.79	-3.4849 	2.56306 	10.4115 	-0.218482 	0.354669 	-0.00748343 	
4.795	-3.28272 	2.46482 	9.96778 	-0.210448 	0.337651 	-0.00748803 	
4.8	-3.51669 	2.57029 	10.435 	-0.218528 	0.356173 	-0.00802457 	
4.805	-3.31188 	2.47139 	9.98903 	-0.210484 	0.339021 	-0.00798551 	
4.81	-3.54274 	2.57599 	10.453 	-0.218544 	0.357367 	-0.00847303 	
4.815	-3.33576 	2.47654 	10.005 	-0.210489 	0.340103 	-0.00839922 	
4.82	-3.56404 	2.58033 	10.4658 	-0.218521 	0.358292 	-0.0088503 	
4.825	-3.35528 	2.48045 	10.0165 	-0.210462 	0.340941 	-0.00874636 	
4.83	-3.58142 	2.58362 	10.4749 	-0.218477 	0.359006 	-0.0091642 	
4.835	-3.37119 	2.48341 	10.0244 	-0.210417 	0.341587 	-0.0090344 	
4.84	-3.59557 	2.5861 	10.481 	-0.218424 	0.359553 	-0.0094222 	
4.845	-3.38414 	2.48564 	10.0299 	-0.210366 	0.342081 	-0.00927042 	
4.85	-3.60706 	2.58796 	10.4851 	-0.21837 	0.359968 	-0.00963141 	
4.855	-3.39466 	2.48732 	10.0334 	-0.210314 	0.342455 	-0.00946116 	
4.86	-3.61637 	2.58934 	10.4876 	-0.21832 	0.360278 	-0.00979846 	
4.865	-3.40317 	2.48855 	10.0355 	-0.210267 	0.342734 	-0.00961286 	
4.87	-3.62389 	2.59036 	10.4889 	-0.218276 	0.360506 	-0.00992943 	
4.875	-3.41004 	2.48946 	10.0366 	-0.210226 	0.342937 	-0.00973119 	
4.88	-3.62995 	2.59108 	10.4894 	-0.218239 	0.360668 	-0.0100297 	
4.885	-3.39937 	2.4852 	10.0192 	-0.210068 	0.342155 	-0.00956591 	
4.89	-3.57079 	2.57306 	10.4233 	-0.217825 	0.35721 	-0.00905017 	
4.895	-3.34383 	2.47094 	9.97007 	-0.210029 	0.339205 	-0.00849769 	
4.9	-3.52041 	2.56062 	10.3812 	-0.217867 	0.354587 	-0.00804307 	
4.905	-3.29757 	2.45953 	9.93151 	-0.210075 	0.336798 	-0.00756755 	
4.91	-3.47908 	2.55084 	10.3488 	-0.217981 	0.352482 	-0.00717473 	
4.915	-3.25968 	2.45065 	9.90236 	-0.210197 	0.334878 	-0.006762 	
4.92	-3.4453 	2.54323 	10.3245 	-0.218148 	0.350801 	-0.00642534 	
4.925	-3.24521 	2.44875 	9.89848 	-0.210493 	0.33429 	-0.0063256 	
4.93	-3.48296 	2.5563 	10.3739 	-0.218756 	0.35311 	-0.00684417 	
4.935	-3.28129 	2.45871 	9.9335 	-0.210742 	0.336219 	-0.006867 	
4.94	-3.51609 	2.56498 	10.4037 	-0.218932 	0.354821 	-0.00736001 	
4.945	-3.3117 	2.46655 	9.96014 	-0.210887 	0.337772 	-0.00734617 	
4.95	-3.54338 	2.57161 	10.4254 	-0.219015 	0.356157 	-0.00780683 	
4.955	-3.33674 	2.47253 	9.97957 	-0.210952 	0.338984 	-0.00775989 	
4.96	-3.56581 	2.57667 	10.4411 	-0.219039 	0.357198 	-0.00818866 	
4.965	-3.35732 	2.4771 	9.99359 	-0.210966 	0.339928 	-0.00811236 	
4.97	-3.58422 	2.58053 	10.4524 	-0.219027 	0.358006 	-0.0085107 	
4.975	-3.35739 	2.47546 	9.985 	-0.210812 	0.339691 	-0.00814807 	
4.98	-3.53286 	2.56405 	10.3908 	-0.218561 	0.354895 	-0.00770372 	
4.985	-3.30898 	2.46259 	9.93981 	-0.210721 	0.337053 	-0.00723978 	
4.99	-3.48891 	2.55282 	10.352 	-0.218549 	0.352545 	-0.00684462 	
4.995	-3.28561 	2.45746 	9.92307 	-0.210857 	0.335876 	-0.00670839 	
5	-3.52 	2.5637 	10.3929 	-0.219067 	0.354444 	-0.00718025 	
5.005	-3.3156 	2.46543 	9.95032 	-0.211026 	0.337429 	-0.00717131 	
5.01	-3.54768 	2.57072 	10.4163 	-0.219188 	0.355834 	-0.00761849 	
5.015	-3.34103 	2.47178 	9.97132 	-0.211125 	0.338691 	-0.00757766 	
5.02	-3.5705 	2.5761 	10.4334 	-0.219241 	0.356919 	-0.00799516 	
5.025	-3.36197 	2.47663 	9.98659 	-0.211165 	0.339675 	-0.00792585 	
5.03	-3.58882 	2.58087 	10.4491 	-0.219351 	0.357824 	-0.0082642 	
5.035	-3.36019 	2.47764 	9.99136 	-0.211413 	0.339682 	-0.00775854 	
5.04	-3.53503 	2.56567 	10.3944 	-0.21912 	0.354785 	-0.00731425 	
5.045	-3.31088 	2.46381 	9.94178 	-0.21122 	0.336908 	-0.00687731 	
5.05	-3.49024 	2.55334 	10.3506 	-0.218991 	0.352289 	-0.00648933 	
5.055	-3.26982 	2.45264 	9.90231 	-0.211124 	0.334634 	-0.00610962 	
5.06	-3.45408 	2.5432 	10.3144 	-0.218883 	0.350248 	-0.00581618 	
5.065	-3.25536 	2.44683 	9.87924 	-0.210896 	0.333598 	-0.00589797 	
5.07	-3.49431 	2.55459 	10.3547 	-0.21919 	0.35243 	-0.00641002 	
5.075	-3.29261 	2.4573 	9.91616 	-0.211173 	0.335609 	-0.00644894 	
5.08	-3.52864 	2.56407 	10.3877 	-0.219429 	0.354254 	-0.00692178 	
5.085	-3.32415 	2.46588 	9.9458 	-0.211376 	0.337266 	-0.0069252 	
5.09	-3.55701 	2.57136 	10.4121 	-0.219561 	0.355684 	-0.0073685 	
5.095	-3.35019 	2.47245 	9.96759 	-0.211484 	0.338563 	-0.00733971 	
5.1	-3.58039 	2.57692 	10.4298 	-0.21962 	0.356799 	-0.00775361 	
5.105	-3.37166 	2.47748 	9.98343 	-0.211529 	0.339575 	-0.00769588 	
5.11	-3.59964 	2.58119 	10.4426 	-0.219633 	0.357667 	-0.00808106 	
5.115	-3.38934 	2.48134 	9.99487 	-0.211535 	0.340362 	-0.00799783 	
5.12	-3.61549 	2.58445 	10.4518 	-0.21962 	0.358341 	-0.00835597 	
5.125	-3.40389 	2.48429 	10.003 	-0.211519 	0.340973 	-0.00825062 	
5.13	-3.62852 	2.58696 	10.4583 	-0.219594 	0.358861 	-0.00858393 	
5.135	-3.41586 	2.48656 	10.0088 	-0.211493 	0.341444 	-0.00845962 	
5.14	-3.63925 	2.58888 	10.4627 	-0.219563 	0.35926 	-0.00877055 	
5.145	-3.4257 	2.4883 	10.0127 	-0.211463 	0.341806 	-0.0086302 	
5.15	-3.64764 	2.59102 	10.469 	-0.219633 	0.359626 	-0.00887079 	
5.155	-3.41413 	2.48668 	10.008 	-0.211666 	0.341274 	-0.00829964 	
5.16	-3.58279 	2.57277 	10.4032 	-0.219333 	0.355962 	-0.00774774 	
5.165	-3.35469 	2.47009 	9.9485 	-0.211415 	0.337931 	-0.00725735 	
5.17	-3.52898 	2.5581 	10.3511 	-0.219167 	0.352971 	-0.00677183 	
5.175	-3.30536 	2.45681 	9.90156 	-0.211289 	0.335207 	-0.00634951 	
5.18	-3.48549 	2.54619 	10.3089 	-0.219049 	0.350543 	-0.00596762 	
5.185	-3.28491 	2.44965 	9.8741 	-0.211069 	0.333869 	-0.0060223 	
5.19	-3.52271 	2.55728 	10.3488 	-0.219419 	0.352621 	-0.00647394 	
5.195	-3.31942 	2.45987 	9.91088 	-0.211407 	0.335788 	-0.00649286 	
5.2	-3.55468 	2.56658 	10.382 	-0.219717 	0.354369 	-0.00691328 	
5.205	-3.34881 	2.46828 	9.94059 	-0.211664 	0.337375 	-0.00690284 	
5.21	-3.58116 	2.57371 	10.4065 	-0.219897 	0.355738 	-0.00730104 	
5.215	-3.37314 	2.47472 	9.96248 	-0.211816 	0.338617 	-0.00726343 	
5.22	-3.60304 	2.57916 	10.4243 	-0.219995 	0.356805 	-0.00763836 	
5.225	-3.39325 	2.47964 	9.97844 	-0.211897 	0.339585 	-0.00757595 	
5.23	-3.62113 	2.58334 	10.4373 	-0.220041 	0.357635 	-0.00792722 	
5.235	-3.40987 	2.48342 	9.99 	-0.211932 	0.340338 	-0.00784267 	
5.24	-3.63606 	2.58654 	10.4466 	-0.220055 	0.35828 	-0.00817107 	
5.245	-3.42359 	2.48631 	9.9983 	-0.211941 	0.340922 	-0.00806713 	
5.25	-3.64839 	2.589 	10.4532 	-0.220051 	0.358777 	-0.00837413 	
5.255	-3.2261 	2.39617 	9.5756 	-0.204001 	0.324587 	-0.00836923 	
5.26	-2.83826 	2.22825 	8.77505 	-0.188879 	0.293246 	-0.00899115 	
5.265	-2.66075 	2.15222 	8.44742 	-0.183498 	0.279847 	-0.00819352 	
5.27	-2.87456 	2.27576 	9.01728 	-0.19513 	0.299997 	-0.00667268 	
5.275	-2.70552 	2.20624 	8.70331 	-0.189743 	0.287152 	-0.00621488 	
5.28	-2.92311 	2.32812 	9.27566 	-0.201535 	0.307471 	-0.00455088 	
5.285	-2.74225 	2.24698 	8.9217 	-0.195472 	0.293339 	-0.00401603 	
5.29	-2.9605 	2.36522 	9.46738 	-0.206412 	0.313033 	-0.00282877 	
5.295	-2.77731 	2.28059 	9.09549 	-0.199881 	0.29841 	-0.00247388 	
5.3	-2.9939 	2.39311 	9.61255 	-0.210062 	0.317378 	-0.00159371 	
5.305	-2.80868 	2.3057 	9.22629 	-0.203158 	0.302358 	-0.00138112 	
5.31	-3.02401 	2.41375 	9.72064 	-0.21273 	0.320752 	-0.000752344 	
5.315	-2.83694 	2.3243 	9.32373 	-0.205551 	0.305428 	-0.000640506 	
5.32	-3.05162 	2.42852 	9.79846 	-0.214587 	0.323343 	-0.000241706 	
5.325	-2.87276 	2.33874 	9.39602 	-0.207061 	0.308159 	-0.000445091 	
5.33	-3.11068 	2.44877 	9.8893 	-0.216094 	0.327234 	-0.000494129 	
5.335	-2.92758 	2.35714 	9.47833 	-0.208407 	0.311721 	-0.00070143 	
5.34	-3.16173 	2.46537 	9.9632 	-0.217281 	0.330475 	-0.00075805 	
5.345	-2.97503 	2.37392 	9.55367 	-0.209699 	0.314881 	-0.000863808 	
5.35	-3.20549 	2.47922 	10.0239 	-0.218234 	0.333176 	-0.00101516 	
5.355	-3.01555 	2.38642 	9.60826 	-0.210539 	0.317341 	-0.00111917 	
5.36	-3.24291 	2.48988 	10.0698 	-0.218895 	0.335332 	-0.00129783 	
5.365	-3.05024 	2.39611 	9.64979 	-0.211126 	0.319314 	-0.00139162 	
5.37	-3.27501 	2.49817 	10.1047 	-0.219348 	0.337066 	-0.00158721 	
5.375	-2.87831 	2.30868 	9.2569 	-0.203748 	0.30455 	-0.00164399 	
5.38	-2.51019 	2.13108 	8.46125 	-0.18901 	0.27418 	-0.00181217 	
5.385	-2.37432 	2.06287 	8.18715 	-0.18456 	0.263449 	-0.00105051 	
5.39	-2.65931 	2.19254 	8.86024 	-0.198884 	0.288342 	0.00149392 	
5.395	-2.30643 	2.02382 	8.09572 	-0.184572 	0.259184 	0.00114008 	
5.4	-1.97984 	1.8671 	7.38521 	-0.171236 	0.232137 	0.00077385 	
5.405	-1.67699 	1.72185 	6.72676 	-0.158875 	0.207071 	0.000437789 	
5.41	-1.39615 	1.58725 	6.11655 	-0.147419 	0.183839 	0.000129085 	
5.415	-1.13575 	1.46251 	5.55103 	-0.1368 	0.162308 	-0.000154773 	
5.42	-0.894297 	1.34691 	5.02691 	-0.126958 	0.142353 	-0.000416035 	
5.425	-0.67043 	1.23978 	4.54115 	-0.117836 	0.123859 	-0.00065672 	
5.43	-0.46287 	1.14049 	4.09095 	-0.109381 	0.106718 	-0.000878645 	
5.435	-0.270434 	1.04847 	3.67368 	-0.101545 	0.0908312 	-0.00108344 	
5.44	-0.0920234 	0.963198 	3.28693 	-0.0942812 	0.0761066 	-0.00127259 	
5.445	0.0733814 	0.884166 	2.92847 	-0.0875492 	0.0624591 	-0.00144741 	
5.45	0.226728 	0.810921 	2.59621 	-0.0813097 	0.0498097 	-0.00160912 	
5.455	0.368893 	0.743039 	2.28824 	-0.0755266 	0.0380852 	-0.00175881 	
5.46	0.500694 	0.680126 	2.00277 	-0.0701666 	0.0272179 	-0.00189746 	
5.465	0.622887 	0.621819 	1.73815 	-0.0651987 	0.017145 	-0.00202598 	
5.47	0.736172 	0.567779 	1.49286 	-0.0605944 	0.00780811 	-0.00214518 	
5.475	0.841201 	0.517694 	1.26548 	-0.056327 	-0.000846595 	-0.00225581 	
5.48	0.938577 	0.471274 	1.0547 	-0.0523718 	-0.00886916 	-0.00235854 	
5.485	1.02886 	0.42825 	0.859295 	-0.0487061 	-0.0163059 	-0.00245401 	
5.49	1.11257 	0.388374 	0.678145 	-0.0453087 	-0.0231998 	-0.00254277 	
5.495	1.19019 	0.351415 	0.510204 	-0.04216 	-0.0295906 	-0.00262535 	
5.5	1.26216 	0.317159 	0.354504 	-0.0392418 	-0.0355152 	-0.00270222 	
5.505	1.3289 	0.285408 	0.210149 	-0.0365373 	-0.0410078 	-0.00277382 	
5.51	1.39079 	0.255978 	0.0763078 	-0.0340308 	-0.0461 	-0.00284054 	
5.515	1.44819 	0.2287 	-0.0477898 	-0.0317079 	-0.0508212 	-0.00290276 	
5.52	1.50142 	0.203415 	-0.162857 	-0.0295551 	-0.0551986 	-0.00296081 	
5.525	1.5508 	0.179978 	-0.269556 	-0.02756 	-0.0592573 	-0.00301501 	
5.53	1.36845 	0.235588 	0.32663 	-0.0317186 	-0.0422959 	-0.00131827 	
5.535	0.74327 	0.441776 	2.26944 	-0.0475903 	0.0148719 	0.00374883 	
5.54	0.613738 	0.517091 	2.64021 	-0.0550544 	0.0266644 	0.00600832 	
5.545	0.00428203 	0.823636 	4.32012 	-0.0836285 	0.0806861 	0.0136031 	
5.55	-0.117797 	0.849618 	4.53923 	-0.0843919 	0.0881141 	0.0132308 	
5.555	-0.611925 	1.02461 	5.82207 	-0.0976208 	0.127727 	0.015688 	
5.56	-0.418114 	0.939901 	5.4679 	-0.0973548 	0.115423 	0.0198614 	
5.565	-0.226539 	0.861148 	5.55744 	-0.112604 	0.114245 	0.0368761 	
5.57	-0.219945 	0.856758 	5.68096 	-0.116594 	0.120981 	0.0463752 	
5.575	-0.813348 	0.967526 	6.79557 	-0.127111 	0.174197 	0.0644065 	
5.58	-0.701797 	0.961164 	6.72475 	-0.127765 	0.169483 	0.0647524 	
5.585	-1.10217 	1.12679 	7.51103 	-0.135479 	0.199811 	0.0602918 	
5.59	-1.10273 	1.12334 	7.45533 	-0.133768 	0.19902 	0.0584251 	
5.595	-1.78378 	1.34497 	8.6971 	-0.1446 	0.249832 	0.0563232 	
5.6	-2.26887 	1.47357 	9.33407 	-0.146988 	0.280686 	0.051904 	
5.605	-1.66269 	1.26822 	8.4754 	-0.139095 	0.243682 	0.0597792 	
5.61	-1.57757 	1.22974 	8.17062 	-0.133923 	0.234326 	0.0569955 	
5.615	-1.88648 	1.31569 	8.76076 	-0.138734 	0.259031 	0.0588614 	
5.62	-1.80204 	1.21929 	8.50036 	-0.132018 	0.254157 	0.0649439 	
5.625	-2.43254 	1.27371 	9.63987 	-0.136876 	0.309707 	0.0841277 	
5.63	-2.90177 	1.38083 	10.2115 	-0.138876 	0.339699 	0.0824603 	
5.635	-2.85185 	1.16838 	10.1604 	-0.130394 	0.347617 	0.107826 	
5.64	-3.08786 	1.22049 	10.4864 	-0.131028 	0.36353 	0.107782 	
5.645	-2.80985 	1.15133 	9.95773 	-0.126015 	0.341605 	0.10494 	
5.65	-3.08525 	1.2239 	10.3472 	-0.127205 	0.359719 	0.103283 	
5.655	-2.79004 	1.14886 	9.80942 	-0.121964 	0.337067 	0.100719 	
5.66	-3.07336 	1.22999 	10.2238 	-0.123954 	0.355738 	0.0986082 	
5.665	-2.77427 	1.15547 	9.69889 	-0.119134 	0.333273 	0.0964278 	
5.67	-3.06561 	1.24239 	10.1345 	-0.121692 	0.352537 	0.0941163 	
5.675	-2.76223 	1.16692 	9.61809 	-0.117172 	0.330185 	0.0923758 	
5.68	-3.06159 	1.25738 	10.0714 	-0.120122 	0.350048 	0.0900493 	
5.685	-2.75344 	1.18002 	9.55972 	-0.115803 	0.327729 	0.0887601 	
5.69	-3.06076 	1.2725 	10.0279 	-0.119019 	0.348186 	0.0865353 	
5.695	-2.74739 	1.19271 	9.51818 	-0.11483 	0.325828 	0.085687 	
5.7	-3.06258 	1.28616 	9.9992 	-0.11822 	0.346868 	0.0836367 	
5.705	-2.74357 	1.2037 	9.48917 	-0.114111 	0.324411 	0.0832045 	
5.71	-3.05669 	1.29775 	9.96356 	-0.118382 	0.345602 	0.0824554 	
5.715	-2.72536 	1.22939 	9.43411 	-0.117314 	0.322799 	0.084275 	
5.72	-3.09269 	1.36074 	9.98965 	-0.12333 	0.34644 	0.0804527 	
5.725	-2.66889 	1.2416 	9.32414 	-0.12056 	0.319097 	0.0867314 	
5.73	-3.03468 	1.33919 	9.88032 	-0.124052 	0.343537 	0.0847736 	
5.735	-2.69618 	1.30452 	9.35361 	-0.127436 	0.318765 	0.0872701 	
5.74	-3.11432 	1.58535 	9.91026 	-0.154331 	0.34059 	0.0910046 	
5.745	-2.85526 	1.55644 	9.43735 	-0.155517 	0.31976 	0.0908088 	
5.75	-3.16949 	1.79791 	9.93339 	-0.181125 	0.337722 	0.0967151 	
5.755	-3.0012 	1.77919 	9.52737 	-0.180616 	0.321356 	0.0938961 	
5.76	-3.23981 	1.98289 	9.96282 	-0.204137 	0.336153 	0.1008 	
5.765	-3.04692 	1.93731 	9.53252 	-0.199576 	0.318623 	0.0951684 	
5.77	-3.26025 	2.10866 	9.94779 	-0.216184 	0.331965 	0.0952832 	
5.775	-3.09742 	2.06714 	9.55841 	-0.213471 	0.316796 	0.0927224 	
5.78	-3.26909 	2.20939 	9.92625 	-0.225566 	0.327763 	0.0894152 	
5.785	-3.12249 	2.16407 	9.56343 	-0.221892 	0.313864 	0.0862067 	
5.79	-3.2933 	2.30172 	9.93073 	-0.235288 	0.325343 	0.0860845 	
5.795	-3.14256 	2.264 	9.56943 	-0.232666 	0.3122 	0.0832433 	
5.8	-3.31443 	2.44294 	9.95398 	-0.250851 	0.326094 	0.0837525 	
5.805	-3.15977 	2.39087 	9.58737 	-0.24674 	0.312685 	0.0809609 	
5.81	-3.33329 	2.55446 	9.97402 	-0.263244 	0.326531 	0.0814037 	
5.815	-3.17475 	2.49003 	9.60152 	-0.257882 	0.312862 	0.0786747 	
5.82	-3.35057 	2.64089 	9.99085 	-0.272982 	0.326713 	0.0790852 	
5.825	-3.18739 	2.55452 	9.60835 	-0.265173 	0.312181 	0.0761335 	
5.83	-3.36756 	2.66642 	9.99379 	-0.275767 	0.324715 	0.076152 	
5.835	-3.20507 	2.59067 	9.61676 	-0.269348 	0.311051 	0.0740879 	
5.84	-3.38042 	2.69527 	9.99858 	-0.278946 	0.323416 	0.073327 	
5.845	-3.22391 	2.62571 	9.62983 	-0.273875 	0.310538 	0.0733121 	
5.85	-3.39978 	2.72349 	10.0109 	-0.28337 	0.322889 	0.0734336 	
5.855	-3.2265 	2.65201 	9.62799 	-0.276585 	0.309451 	0.0704136 	
5.86	-3.38103 	2.78533 	10.0074 	-0.290887 	0.324199 	0.072006 	
5.865	-3.18538 	2.65537 	9.58833 	-0.281038 	0.309152 	0.074703 	
5.87	-3.32421 	2.79233 	9.95228 	-0.29517 	0.323404 	0.0746748 	
5.875	-3.14799 	2.66447 	9.55759 	-0.285577 	0.309383 	0.0782924 	
5.88	-3.3279 	2.8594 	9.98411 	-0.301789 	0.32634 	0.0741184 	
5.885	-3.21258 	2.77533 	9.66501 	-0.290956 	0.315068 	0.0723491 	
5.89	-3.09857 	2.69083 	9.64488 	-0.295586 	0.312392 	0.0802138 	
5.895	-3.00358 	2.5874 	9.37607 	-0.286971 	0.303734 	0.0811093 	
5.9	-2.94903 	2.59376 	9.44963 	-0.295511 	0.305409 	0.0867162 	
5.905	-2.87627 	2.4873 	9.22049 	-0.284047 	0.297527 	0.0853627 	
5.91	-2.93123 	2.54896 	9.46897 	-0.289876 	0.304929 	0.0860908 	
5.915	-2.87109 	2.48287 	9.24635 	-0.282978 	0.297251 	0.0853881 	
5.92	-2.85772 	2.59921 	9.40231 	-0.29297 	0.300995 	0.0811233 	
5.925	-2.89464 	2.4798 	9.30166 	-0.279966 	0.297532 	0.0817068 	
5.93	-3.00205 	2.44068 	9.65593 	-0.27066 	0.305268 	0.0780348 	
5.935	-2.8843 	2.30031 	9.27326 	-0.263144 	0.294034 	0.0894923 	
5.94	-3.28237 	2.28448 	9.78336 	-0.280966 	0.321262 	0.134703 	
5.945	-3.06981 	2.14541 	9.47592 	-0.273333 	0.306723 	0.144267 	
5.95	-3.48364 	1.99372 	9.89288 	-0.271922 	0.325782 	0.181967 	
5.955	-3.25394 	2.10455 	9.63735 	-0.291828 	0.321459 	0.192343 	
5.96	-3.67239 	2.66758 	10.2584 	-0.371526 	0.373188 	0.238663 	
5.965	-3.35787 	2.70474 	9.8752 	-0.383514 	0.361851 	0.245873 	
5.97	-3.85988 	3.2359 	10.5946 	-0.455366 	0.415103 	0.286176 	
5.975	-3.52053 	3.20439 	10.1626 	-0.460114 	0.399635 	0.291234 	
5.98	-4.01892 	3.67318 	10.8446 	-0.523011 	0.449075 	0.326397 	
5.985	-3.65762 	3.58385 	10.3722 	-0.521646 	0.430143 	0.329957 	
5.99	-4.15349 	4.002 	11.0251 	-0.576984 	0.476448 	0.360578 	
5.995	-3.7728 	3.86681 	10.5226 	-0.570802 	0.454762 	0.363174 	
6	-4.28889 	4.23374 	11.1763 	-0.618881 	0.499102 	0.390865 	
6.005	-3.8777 	4.01867 	10.6325 	-0.597256 	0.469221 	0.379923 	
6.01	-4.16748 	4.34567 	11.0375 	-0.616177 	0.490827 	0.356418 	
6.015	-3.73855 	4.13093 	10.506 	-0.596655 	0.46416 	0.349093 	
6.02	-4.02689 	4.327 	10.8817 	-0.600723 	0.481235 	0.323294 	
6.025	-3.55709 	3.90347 	10.2548 	-0.560055 	0.445274 	0.319333 	
6.03	-3.80316 	3.94411 	10.5206 	-0.547715 	0.452532 	0.293482 	
6.035	-3.43558 	3.60852 	10.0211 	-0.516475 	0.420026 	0.290471 	
6.04	-3.98262 	3.26524 	10.4206 	-0.484059 	0.429452 	0.311561 	
6.045	-3.64307 	2.84423 	9.94673 	-0.452494 	0.398745 	0.327511 	
6.05	-3.82843 	2.94187 	10.2462 	-0.443389 	0.416821 	0.300434 	
6.055	-3.36631 	2.69335 	10.1185 	-0.422844 	0.428887 	0.301399 	
6.06	-3.48259 	2.84971 	10.374 	-0.423215 	0.450458 	0.281037 	
6.065	-3.3077 	2.67607 	10.1171 	-0.405784 	0.429442 	0.279729 	
6.07	-3.65185 	2.33614 	10.2851 	-0.382562 	0.428561 	0.308768 	
6.075	-3.49848 	2.24548 	10.0511 	-0.369466 	0.410794 	0.303674 	
6.08	-3.82906 	1.947 	10.2311 	-0.349569 	0.411584 	0.330556 	
6.085	-3.65443 	1.8985 	10.0052 	-0.340009 	0.395145 	0.324483 	
6.09	-3.97265 	1.64882 	10.1981 	-0.324302 	0.397784 	0.349634 	
6.095	-3.77898 	1.63759 	9.97801 	-0.318074 	0.382527 	0.342601 	
6.1	-4.08939 	1.43673 	10.1806 	-0.305686 	0.386827 	0.36515 	
6.105	-3.7814 	1.43763 	9.92376 	-0.291159 	0.370947 	0.339573 	
6.11	-3.80181 	1.22475 	10.0281 	-0.258563 	0.374176 	0.32042 	
6.115	-3.51213 	1.27228 	9.78469 	-0.248402 	0.359798 	0.297033 	
6.12	-3.55016 	1.06698 	9.90089 	-0.218733 	0.363558 	0.281432 	
6.125	-3.29412 	1.14159 	9.67934 	-0.212359 	0.350684 	0.260501 	
6.13	-3.20729 	0.930455 	9.90389 	-0.186664 	0.380269 	0.253062 	
6.135	-2.22147 	0.90735 	10.1308 	-0.176906 	0.487295 	0.246332 	
6.14	-1.33946 	0.536507 	10.6669 	-0.135161 	0.618531 	0.237756 	
6.145	-1.43058 	0.572481 	10.4677 	-0.143354 	0.598344 	0.252808 	
6.15	-1.87064 	0.585969 	10.5762 	-0.160132 	0.589262 	0.283293 	
6.155	-1.91895 	0.646075 	10.2887 	-0.156241 	0.56049 	0.270807 	
6.16	-2.2069 	0.818248 	10.3893 	-0.17169 	0.55542 	0.265024 	
6.165	-2.29092 	1.16543 	10.3373 	-0.212858 	0.554871 	0.279135 	
6.17	-2.47578 	1.31093 	10.4063 	-0.22266 	0.550983 	0.268325 	
6.175	-2.53892 	1.606 	10.3445 	-0.257297 	0.548305 	0.277816 	
6.18	-2.70194 	1.68257 	10.3961 	-0.262247 	0.541756 	0.27071 	
6.185	-2.70749 	1.76298 	10.2475 	-0.272575 	0.527516 	0.27511 	
6.19	-2.86824 	1.90396 	10.31 	-0.280754 	0.521182 	0.260881 	
6.195	-2.81216 	1.9521 	10.1311 	-0.274444 	0.501925 	0.24053 	
6.2	-2.90293 	1.95843 	10.1595 	-0.273691 	0.49403 	0.233967 	
6.205	-2.90856 	2.05369 	10.0495 	-0.275692 	0.480719 	0.221213 	
6.21	-2.98629 	2.03971 	10.0899 	-0.273257 	0.474405 	0.215522 	
6.215	-3.01151 	2.14569 	10.0184 	-0.280345 	0.465747 	0.21041 	
6.22	-3.17751 	2.19267 	10.1392 	-0.293408 	0.467686 	0.221977 	
6.225	-3.18589 	2.27779 	10.0642 	-0.298295 	0.459227 	0.217061 	
6.23	-3.33794 	2.30985 	10.1812 	-0.309464 	0.461368 	0.227551 	
6.235	-3.33008 	2.37738 	10.0995 	-0.31254 	0.452991 	0.222732 	
6.24	-3.49883 	2.41099 	10.2335 	-0.325106 	0.457045 	0.235086 	
6.245	-3.49872 	2.46732 	10.1611 	-0.327135 	0.449619 	0.230075 	
6.25	-3.47063 	2.37623 	10.1503 	-0.312819 	0.441015 	0.216353 	
6.255	-3.47049 	2.43483 	10.0835 	-0.315662 	0.43462 	0.212185 	
6.26	-3.44703 	2.3469 	10.0888 	-0.300538 	0.427082 	0.197118 	
6.265	-3.47005 	2.42482 	10.0403 	-0.306352 	0.421398 	0.195037 	
6.27	-3.42775 	2.22943 	9.95803 	-0.294318 	0.409737 	0.203932 	
6.275	-3.39542 	2.07862 	9.85507 	-0.27116 	0.398648 	0.193407 	
6.28	-3.43589 	1.97038 	9.88568 	-0.267031 	0.393209 	0.20366 	
6.285	-3.34369 	1.87566 	9.71437 	-0.252087 	0.380247 	0.194748 	
6.29	-3.48757 	1.77064 	9.86896 	-0.249811 	0.381032 	0.212065 	
6.295	-3.39977 	1.76649 	9.67235 	-0.246776 	0.369966 	0.207138 	
6.3	-3.60746 	2.03417 	10.0193 	-0.266439 	0.384652 	0.195765 	
6.305	-3.42806 	1.93555 	9.73835 	-0.270853 	0.374713 	0.217398 	
6.31	-3.51859 	2.23186 	10.0497 	-0.289531 	0.386527 	0.199579 	
6.315	-2.86849 	2.01535 	9.47546 	-0.276726 	0.352702 	0.198752 	
6.32	-3.41794 	2.39076 	10.014 	-0.303606 	0.383337 	0.188835 	
6.325	-2.9839 	2.19943 	9.50791 	-0.285177 	0.354834 	0.180313 	
6.33	-2.98828 	2.00789 	9.63869 	-0.256276 	0.353342 	0.166108 	
6.335	-3.513 	2.10917 	9.87308 	-0.253434 	0.371226 	0.152546 	
6.34	-3.0597 	1.89122 	9.66057 	-0.239013 	0.347845 	0.158026 	
6.345	-3.63145 	1.84455 	9.88925 	-0.228447 	0.362944 	0.160619 	
6.35	-3.15639 	1.80284 	9.64513 	-0.23331 	0.340391 	0.166788 	
6.355	-3.74987 	1.7802 	9.9231 	-0.224395 	0.357886 	0.168258 	
6.36	-3.09984 	1.73515 	9.7191 	-0.231348 	0.356382 	0.178805 	
6.365	-3.31709 	1.73731 	10.239 	-0.230454 	0.441239 	0.191899 	
6.37	-2.67135 	1.70041 	10.0333 	-0.239082 	0.433779 	0.202171 	
6.375	-2.95227 	1.70355 	10.4858 	-0.235762 	0.513688 	0.212202 	
6.38	-2.44125 	1.67455 	10.1983 	-0.243015 	0.477956 	0.215975 	
6.385	-3.15945 	1.68174 	10.342 	-0.228704 	0.485597 	0.204699 	
6.39	-2.60037 	1.5933 	10.0014 	-0.233359 	0.448425 	0.215308 	
6.395	-3.4017 	1.50801 	10.2302 	-0.217732 	0.460125 	0.220973 	
6.4	-2.89131 	1.45499 	9.93607 	-0.222905 	0.427639 	0.228305 	
6.405	-3.5747 	1.39878 	10.1592 	-0.217863 	0.441731 	0.244482 	
6.41	-3.21605 	1.5552 	10.05 	-0.250265 	0.431698 	0.266726 	
6.415	-3.62956 	1.50468 	10.1933 	-0.244353 	0.44456 	0.273976 	
6.42	-3.19601 	1.58095 	10.1205 	-0.262879 	0.453534 	0.289444 	
6.425	-3.47402 	1.49802 	10.1777 	-0.243446 	0.450834 	0.272255 	
6.43	-3.33093 	1.49258 	10.0159 	-0.244363 	0.432754 	0.275638 	
6.435	-3.51966 	1.5914 	10.0526 	-0.246152 	0.431013 	0.25967 	
6.44	-3.4538 	1.4951 	9.98049 	-0.240346 	0.417028 	0.268558 	
6.445	-3.55334 	1.57985 	9.94216 	-0.240736 	0.412149 	0.25312 	
6.45	-3.57014 	1.49776 	9.97843 	-0.237002 	0.404111 	0.262551 	
6.455	-3.52256 	1.58696 	9.91824 	-0.239343 	0.408322 	0.250129 	
6.46	-3.404 	1.57673 	10.124 	-0.246494 	0.438853 	0.266174 	
6.465	-3.40324 	1.66035 	10.0423 	-0.253193 	0.436885 	0.263499 	
6.47	-3.59447 	1.66068 	10.3715 	-0.28158 	0.469242 	0.320067 	
6.475	-3.61497 	1.79736 	10.3046 	-0.300368 	0.475071 	0.33204 	
6.48	-3.5524 	1.91145 	10.3667 	-0.305456 	0.477958 	0.316803 	
6.485	-3.43111 	1.8097 	10.3553 	-0.298765 	0.499385 	0.325651 	
6.49	-3.3529 	1.92559 	10.3177 	-0.299722 	0.485141 	0.300724 	
6.495	-3.37827 	1.83059 	10.2099 	-0.283211 	0.482429 	0.288114 	
6.5	-3.28641 	1.79419 	10.4203 	-0.286522 	0.508293 	0.301378 	
6.505	-3.2613 	1.8185 	10.1861 	-0.279651 	0.488601 	0.282574 	
6.51	-3.39859 	1.76486 	10.2634 	-0.274028 	0.479171 	0.282316 	
6.515	-3.32787 	1.77877 	10.0082 	-0.267241 	0.459564 	0.265479 	
6.52	-3.49133 	1.74208 	10.1599 	-0.263798 	0.454371 	0.266256 	
6.525	-3.38158 	1.74159 	9.86678 	-0.256237 	0.434347 	0.250836 	
6.53	-3.57006 	1.72385 	10.0906 	-0.25513 	0.433084 	0.252503 	
6.535	-3.36769 	1.72156 	9.80689 	-0.250255 	0.425074 	0.242818 	
6.54	-3.38951 	1.7747 	10.2829 	-0.265907 	0.471098 	0.262604 	
6.545	-3.06309 	1.71512 	9.94567 	-0.256831 	0.462655 	0.253581 	
6.55	-3.15451 	1.52562 	10.1529 	-0.225376 	0.45708 	0.232655 	
6.555	-3.14842 	1.47149 	9.86036 	-0.215747 	0.438072 	0.22598 	
6.56	-3.21542 	1.43021 	10.0264 	-0.219306 	0.432012 	0.238848 	
6.565	-3.30176 	1.42457 	9.79403 	-0.211 	0.419096 	0.226769 	
6.57	-3.25015 	1.38791 	9.92274 	-0.215693 	0.410119 	0.239879 	
6.575	-3.44001 	1.45376 	9.76123 	-0.209871 	0.403475 	0.219437 	
6.58	-3.07404 	1.29209 	9.71678 	-0.19566 	0.38671 	0.217309 	
6.585	-3.1181 	0.49377 	9.49437 	-0.106302 	0.382353 	0.215262 	
6.59	-3.11889 	0.85772 	9.85845 	-0.143257 	0.389175 	0.210379 	
6.595	-3.00999 	0.549896 	9.36092 	-0.121154 	0.368868 	0.226066 	
6.6	-3.01491 	0.66665 	9.69891 	-0.134553 	0.375802 	0.216202 	
6.605	-2.95407 	1.08001 	9.56332 	-0.172936 	0.386846 	0.210484 	
6.61	-2.86783 	1.0702 	9.94309 	-0.1792 	0.415262 	0.223474 	
6.615	-2.82656 	1.08953 	9.71889 	-0.166913 	0.414909 	0.20285 	
6.62	-2.5771 	1.01429 	10.1007 	-0.162248 	0.45351 	0.205819 	
6.625	-2.54481 	1.12651 	9.90055 	-0.179304 	0.461454 	0.217923 	
6.63	-2.25068 	0.892484 	10.2249 	-0.135087 	0.493436 	0.182748 	
6.635	-2.43523 	1.3232 	10.0697 	-0.205734 	0.499937 	0.231816 	
6.64	-2.47806 	1.16736 	10.2559 	-0.183955 	0.490081 	0.221286 	
6.645	-2.55157 	1.21699 	9.90932 	-0.193815 	0.473956 	0.236071 	
6.65	-2.64206 	1.2044 	10.0808 	-0.209726 	0.468345 	0.254548 	
6.655	-3.03463 	1.18899 	9.96399 	-0.196581 	0.460953 	0.254505 	
6.66	-2.95262 	1.35036 	10.089 	-0.222357 	0.452971 	0.254484 	
6.665	-3.23354 	1.25189 	9.93883 	-0.208236 	0.442773 	0.265433 	
6.67	-3.30853 	1.52493 	10.2565 	-0.238467 	0.446574 	0.256774 	
6.675	-3.334 	1.32922 	9.86311 	-0.221019 	0.424919 	0.273409 	
6.68	-3.50967 	1.59941 	10.2266 	-0.246764 	0.433537 	0.260229 	
6.685	-3.18447 	1.35064 	9.55993 	-0.224693 	0.399581 	0.273151 	
6.69	-3.30017 	1.5095 	9.93773 	-0.245386 	0.406495 	0.277744 	
