0.0	0.310429	-0.173769	0.537008	0.180534	-1.45468	-0.24872
0.005	0.310429	-0.173769	0.537008	0.180534	-1.45468	-0.24872
0.01	0.310429	-0.173769	0.537008	0.180534	-1.45468	-0.24872
0.015	0.31043	-0.173769	0.537008	0.180534	-1.45468	-0.24872
0.02	0.310431	-0.173769	0.537008	0.180534	-1.45468	-0.24872
0.025	0.310433	-0.173769	0.537009	0.180534	-1.45468	-0.24872
0.03	0.310435	-0.173769	0.537009	0.180534	-1.45468	-0.24872
0.035	0.310438	-0.173769	0.53701	0.180534	-1.45468	-0.24872
0.04	0.310441	-0.173769	0.53701	0.180534	-1.45468	-0.24872
0.045	0.310445	-0.173769	0.537011	0.180534	-1.45468	-0.24872
0.05	0.31045	-0.173769	0.537012	0.180534	-1.45468	-0.24872
0.055	0.310455	-0.17377	0.537013	0.180534	-1.45468	-0.24872
0.06	0.310461	-0.17377	0.537014	0.180534	-1.45468	-0.24872
0.065	0.310467	-0.17377	0.537015	0.180534	-1.45468	-0.24872
0.07	0.310473	-0.17377	0.537016	0.180534	-1.45468	-0.24872
0.075	0.310481	-0.17377	0.537018	0.180534	-1.45468	-0.24872
0.08	0.310488	-0.17377	0.537019	0.180534	-1.45468	-0.24872
0.085	0.310497	-0.17377	0.537021	0.180534	-1.45468	-0.24872
0.09	0.310505	-0.173771	0.537022	0.180534	-1.45468	-0.24872
0.095	0.310516	-0.173771	0.537024	0.180534	-1.45468	-0.24872
0.1	0.310526	-0.173771	0.537026	0.180534	-1.45468	-0.24872
0.105	0.310536	-0.173771	0.537028	0.180534	-1.45468	-0.24872
0.11	0.310547	-0.173771	0.53703	0.180534	-1.45468	-0.24872
0.115	0.310559	-0.173772	0.537032	0.180534	-1.45468	-0.24872
0.12	0.310571	-0.173772	0.537034	0.180534	-1.45468	-0.24872
0.125	0.310583	-0.173772	0.537037	0.180534	-1.45468	-0.24872
0.13	0.310597	-0.173772	0.537039	0.180534	-1.45468	-0.24872
0.135	0.31061	-0.173773	0.537042	0.180534	-1.45468	-0.24872
0.14	0.310624	-0.173773	0.537044	0.180534	-1.45468	-0.24872
0.145	0.310639	-0.173773	0.537047	0.180534	-1.45468	-0.24872
0.15	0.310654	-0.173774	0.53705	0.180534	-1.45468	-0.24872
0.155	0.31067	-0.173774	0.537053	0.180534	-1.45468	-0.24872
0.16	0.310687	-0.173774	0.537056	0.180534	-1.45468	-0.24872
0.165	0.310641	-0.173759	0.53704	0.178912	-1.45354	-0.246485
0.17	0.310658	-0.173759	0.537043	0.178912	-1.45354	-0.246485
0.175	0.310676	-0.17376	0.537047	0.178912	-1.45354	-0.246485
0.18	0.310695	-0.17376	0.53705	0.178912	-1.45354	-0.246485
0.185	0.310714	-0.17376	0.537054	0.178912	-1.45354	-0.246485
0.19	0.310733	-0.173761	0.537057	0.178912	-1.45354	-0.246485
0.195	0.310753	-0.173761	0.537061	0.178912	-1.45354	-0.246485
0.2	0.310774	-0.173762	0.537065	0.178912	-1.45354	-0.246485
0.205	0.310795	-0.173762	0.537069	0.178912	-1.45354	-0.246485
0.21	0.310816	-0.173762	0.537073	0.178912	-1.45354	-0.246485
0.215	0.310839	-0.173763	0.537077	0.178912	-1.45354	-0.246485
0.22	0.310861	-0.173763	0.537081	0.178912	-1.45354	-0.246485
0.225	0.310823	-0.173749	0.537066	0.177313	-1.45242	-0.244282
0.23	0.310846	-0.173749	0.537071	0.177313	-1.45242	-0.244282
0.235	0.310871	-0.173749	0.537075	0.177313	-1.45242	-0.244282
0.24	0.310895	-0.17375	0.53708	0.177313	-1.45242	-0.244282
0.245	0.310921	-0.17375	0.537085	0.177313	-1.45242	-0.244282
0.25	0.310946	-0.173751	0.537089	0.177313	-1.45242	-0.244282
0.255	0.310973	-0.173751	0.537094	0.177313	-1.45242	-0.244282
0.26	0.310999	-0.173752	0.537099	0.177313	-1.45242	-0.244282
0.265	0.311027	-0.173752	0.537104	0.177313	-1.45242	-0.244282
0.27	0.311054	-0.173753	0.537109	0.177313	-1.45242	-0.244282
0.275	0.311017	-0.173738	0.537095	0.175618	-1.45123	-0.241947
0.28	0.311046	-0.173738	0.5371	0.175618	-1.45123	-0.241947
0.285	0.311076	-0.173739	0.537106	0.175618	-1.45123	-0.241947
0.29	0.311105	-0.173739	0.537111	0.175618	-1.45123	-0.241947
0.295	0.311136	-0.17374	0.537117	0.175618	-1.45123	-0.241947
0.3	0.311167	-0.17374	0.537122	0.175618	-1.45123	-0.241947
0.305	0.311198	-0.173741	0.537128	0.175618	-1.45123	-0.241947
0.31	0.31123	-0.173741	0.537134	0.175618	-1.45123	-0.241947
0.315	0.3112	-0.173727	0.537121	0.174005	-1.4501	-0.239725
0.32	0.311233	-0.173728	0.537127	0.174005	-1.4501	-0.239725
0.325	0.311266	-0.173728	0.537134	0.174005	-1.4501	-0.239725
0.33	0.3113	-0.173729	0.53714	0.174005	-1.4501	-0.239725
0.335	0.311334	-0.173729	0.537146	0.174005	-1.4501	-0.239725
0.34	0.311369	-0.17373	0.537153	0.174005	-1.4501	-0.239725
0.345	0.311404	-0.17373	0.537159	0.174005	-1.4501	-0.239725
0.35	0.311379	-0.173717	0.537147	0.172425	-1.44899	-0.237548
0.355	0.311416	-0.173717	0.537154	0.172425	-1.44899	-0.237548
0.36	0.311452	-0.173718	0.537161	0.172425	-1.44899	-0.237548
0.365	0.31149	-0.173719	0.537168	0.172425	-1.44899	-0.237548
0.37	0.311527	-0.173719	0.537175	0.172425	-1.44899	-0.237548
0.375	0.311566	-0.17372	0.537182	0.172425	-1.44899	-0.237548
0.38	0.311604	-0.17372	0.537189	0.172425	-1.44899	-0.237548
0.385	0.311577	-0.173706	0.537176	0.170708	-1.44779	-0.235182
0.39	0.311617	-0.173706	0.537184	0.170708	-1.44779	-0.235182
0.395	0.311657	-0.173707	0.537191	0.170708	-1.44779	-0.235182
0.4	0.311698	-0.173707	0.537198	0.170708	-1.44779	-0.235182
0.405	0.311739	-0.173708	0.537206	0.170708	-1.44779	-0.235182
0.41	0.311781	-0.173708	0.537214	0.170708	-1.44779	-0.235182
0.415	0.31176	-0.173695	0.537203	0.169088	-1.44665	-0.232951
0.42	0.311803	-0.173696	0.537211	0.169088	-1.44665	-0.232951
0.425	0.311846	-0.173696	0.537218	0.169089	-1.44665	-0.232951
0.43	0.311889	-0.173697	0.537226	0.169089	-1.44665	-0.232951
0.435	0.311933	-0.173697	0.537235	0.169089	-1.44665	-0.232951
0.44	0.311978	-0.173698	0.537243	0.169089	-1.44665	-0.232951
0.445	0.311956	-0.173684	0.537231	0.16738	-1.44546	-0.230597
0.45	0.312002	-0.173685	0.53724	0.16738	-1.44546	-0.230597
0.455	0.312047	-0.173685	0.537248	0.16738	-1.44546	-0.230597
0.46	0.312094	-0.173686	0.537257	0.16738	-1.44546	-0.230597
0.465	0.312141	-0.173686	0.537265	0.16738	-1.44546	-0.230597
0.47	0.312188	-0.173687	0.537274	0.16738	-1.44546	-0.230597
0.475	0.312165	-0.173672	0.537262	0.165564	-1.44418	-0.228096
0.48	0.312213	-0.173673	0.537271	0.165564	-1.44418	-0.228096
0.485	0.312262	-0.173673	0.537279	0.165564	-1.44418	-0.228096
0.49	0.312311	-0.173674	0.537288	0.165564	-1.44418	-0.228096
0.495	0.31236	-0.173674	0.537297	0.165564	-1.44418	-0.228096
0.5	0.312347	-0.173662	0.537288	0.163939	-1.44304	-0.225857
0.505	0.312397	-0.173662	0.537297	0.163939	-1.44304	-0.225857
0.51	0.312448	-0.173663	0.537307	0.163939	-1.44304	-0.225857
0.515	0.312499	-0.173663	0.537316	0.163939	-1.44304	-0.225857
0.52	0.312551	-0.173664	0.537325	0.163939	-1.44304	-0.225857
0.525	0.312538	-0.173651	0.537316	0.162268	-1.44187	-0.223555
0.53	0.312591	-0.173651	0.537325	0.162268	-1.44187	-0.223555
0.535	0.312643	-0.173652	0.537335	0.162268	-1.44187	-0.223555
0.54	0.312697	-0.173652	0.537345	0.162268	-1.44187	-0.223555
0.545	0.312751	-0.173653	0.537355	0.162268	-1.44187	-0.223555
0.55	0.312737	-0.17364	0.537345	0.16053	-1.44065	-0.22116
0.555	0.312792	-0.17364	0.537355	0.16053	-1.44065	-0.22116
0.56	0.312847	-0.17364	0.537365	0.16053	-1.44065	-0.22116
0.565	0.312902	-0.173641	0.537375	0.16053	-1.44065	-0.22116
0.57	0.312958	-0.173641	0.537385	0.16053	-1.44065	-0.22116
0.575	0.312944	-0.173628	0.537375	0.158723	-1.43939	-0.21867
0.58	0.313001	-0.173628	0.537385	0.158723	-1.43939	-0.21867
0.585	0.313058	-0.173629	0.537396	0.158723	-1.43939	-0.21867
0.59	0.313116	-0.173629	0.537406	0.158723	-1.43939	-0.21867
0.595	0.313174	-0.173629	0.537417	0.158723	-1.43939	-0.21867
0.6	0.313159	-0.173616	0.537406	0.156849	-1.43807	-0.216089
0.605	0.313218	-0.173616	0.537417	0.156849	-1.43807	-0.216089
0.61	0.313277	-0.173616	0.537428	0.156849	-1.43807	-0.216089
0.615	0.313336	-0.173617	0.537439	0.156849	-1.43807	-0.216089
0.62	0.313335	-0.173605	0.537432	0.155264	-1.43696	-0.213905
0.625	0.313395	-0.173606	0.537443	0.155264	-1.43696	-0.213905
0.63	0.313456	-0.173606	0.537454	0.155264	-1.43696	-0.213905
0.635	0.313517	-0.173606	0.537465	0.155264	-1.43696	-0.213905
0.64	0.313516	-0.173595	0.537458	0.153672	-1.43585	-0.211712
0.645	0.313578	-0.173595	0.537469	0.153672	-1.43585	-0.211712
0.65	0.31364	-0.173595	0.537481	0.153672	-1.43585	-0.211712
0.655	0.313703	-0.173596	0.537492	0.153672	-1.43585	-0.211712
0.66	0.313702	-0.173585	0.537485	0.152044	-1.4347	-0.209469
0.665	0.313766	-0.173585	0.537497	0.152044	-1.4347	-0.209469
0.67	0.313829	-0.173585	0.537508	0.152044	-1.4347	-0.209469
0.675	0.313893	-0.173585	0.53752	0.152044	-1.4347	-0.209469
0.68	0.313893	-0.173574	0.537513	0.150377	-1.43353	-0.207173
0.685	0.313958	-0.173574	0.537525	0.150377	-1.43353	-0.207173
0.69	0.314023	-0.173574	0.537536	0.150377	-1.43353	-0.207173
0.695	0.314088	-0.173574	0.537548	0.150377	-1.43353	-0.207173
0.7	0.314088	-0.173563	0.537541	0.148673	-1.43234	-0.204825
0.705	0.314154	-0.173563	0.537553	0.148673	-1.43234	-0.204825
0.71	0.314221	-0.173562	0.537565	0.148673	-1.43234	-0.204825
0.715	0.314288	-0.173562	0.537577	0.148673	-1.43234	-0.204825
0.72	0.314287	-0.173551	0.53757	0.146932	-1.43112	-0.202427
0.725	0.314354	-0.173551	0.537582	0.146932	-1.43112	-0.202427
0.73	0.314422	-0.173551	0.537595	0.146932	-1.43112	-0.202427
0.735	0.314491	-0.173551	0.537607	0.146932	-1.43112	-0.202427
0.74	0.31449	-0.17354	0.5376	0.145156	-1.42987	-0.199979
0.745	0.314559	-0.17354	0.537612	0.145156	-1.42987	-0.199979
0.75	0.314628	-0.173539	0.537625	0.145156	-1.42987	-0.199979
0.755	0.314698	-0.173539	0.537637	0.145156	-1.42987	-0.199979
0.76	0.314697	-0.173528	0.53763	0.143345	-1.4286	-0.197485
0.765	0.314767	-0.173528	0.537642	0.143345	-1.4286	-0.197485
0.77	0.314837	-0.173527	0.537655	0.143345	-1.4286	-0.197485
0.775	0.314908	-0.173527	0.537668	0.143345	-1.4286	-0.197485
0.78	0.314907	-0.173516	0.53766	0.141501	-1.42731	-0.194944
0.785	0.314979	-0.173516	0.537673	0.141501	-1.42731	-0.194944
0.79	0.315051	-0.173515	0.537686	0.141501	-1.42731	-0.194944
0.795	0.315123	-0.173515	0.537699	0.141501	-1.42731	-0.194944
0.8	0.315122	-0.173504	0.537692	0.139625	-1.426	-0.19236
0.805	0.315194	-0.173503	0.537705	0.139625	-1.426	-0.19236
0.81	0.315267	-0.173503	0.537718	0.139625	-1.426	-0.19236
0.815	0.315341	-0.173502	0.537731	0.139625	-1.426	-0.19236
0.82	0.315339	-0.173491	0.537723	0.137718	-1.42466	-0.189732
0.825	0.315413	-0.173491	0.537737	0.137718	-1.42466	-0.189732
0.83	0.315488	-0.17349	0.53775	0.137718	-1.42466	-0.189732
0.835	0.315562	-0.17349	0.537763	0.137718	-1.42466	-0.189732
0.84	0.315561	-0.173479	0.537756	0.135781	-1.4233	-0.187064
0.845	0.315636	-0.173478	0.537769	0.135781	-1.4233	-0.187064
0.85	0.315711	-0.173477	0.537782	0.135781	-1.4233	-0.187064
0.855	0.315787	-0.173477	0.537796	0.135781	-1.4233	-0.187064
0.86	0.315785	-0.173466	0.537788	0.133816	-1.42192	-0.184357
0.865	0.315861	-0.173465	0.537802	0.133816	-1.42192	-0.184357
0.87	0.315938	-0.173464	0.537815	0.133816	-1.42192	-0.184357
0.875	0.316014	-0.173464	0.537829	0.133816	-1.42192	-0.184357
0.88	0.316013	-0.173453	0.537821	0.131824	-1.42053	-0.181612
0.885	0.31609	-0.173452	0.537835	0.131824	-1.42053	-0.181612
0.89	0.316167	-0.173451	0.537849	0.131824	-1.42053	-0.181612
0.895	0.316183	-0.173443	0.537846	0.130261	-1.41943	-0.179459
0.9	0.316261	-0.173442	0.53786	0.130261	-1.41943	-0.179459
0.905	0.316339	-0.173441	0.537873	0.130261	-1.41943	-0.179459
0.91	0.316418	-0.17344	0.537887	0.130261	-1.41943	-0.179459
0.915	0.316418	-0.17343	0.53788	0.12827	-1.41803	-0.176715
0.92	0.316496	-0.173429	0.537894	0.12827	-1.41803	-0.176715
0.925	0.316575	-0.173428	0.537908	0.12827	-1.41803	-0.176715
0.93	0.316592	-0.17342	0.537905	0.126678	-1.41692	-0.174523
0.935	0.316671	-0.173419	0.537919	0.126678	-1.41692	-0.174523
0.94	0.316751	-0.173417	0.537933	0.126678	-1.41692	-0.174523
0.945	0.316769	-0.17341	0.537931	0.125116	-1.41582	-0.172371
0.95	0.316849	-0.173408	0.537945	0.125116	-1.41582	-0.172371
0.955	0.31693	-0.173407	0.537959	0.125116	-1.41582	-0.172371
0.96	0.316948	-0.173399	0.537957	0.123547	-1.41472	-0.170209
0.965	0.317029	-0.173398	0.537971	0.123547	-1.41472	-0.170209
0.97	0.31711	-0.173397	0.537986	0.123547	-1.41472	-0.170209
0.975	0.317129	-0.173389	0.537983	0.121966	-1.41361	-0.168031
0.98	0.31721	-0.173388	0.537998	0.121966	-1.41361	-0.168031
0.985	0.317292	-0.173386	0.538012	0.121966	-1.41361	-0.168031
0.99	0.31731	-0.173379	0.53801	0.120373	-1.4125	-0.165837
0.995	0.317392	-0.173377	0.538024	0.120373	-1.4125	-0.165837
1.0	0.317474	-0.173376	0.538039	0.120373	-1.4125	-0.165837
1.005	0.317493	-0.173368	0.538036	0.118771	-1.41137	-0.163629
1.01	0.317576	-0.173367	0.538051	0.118771	-1.41137	-0.163629
1.015	0.317658	-0.173365	0.538065	0.118771	-1.41137	-0.163629
1.02	0.317677	-0.173358	0.538063	0.117158	-1.41024	-0.161407
1.025	0.31776	-0.173356	0.538078	0.117158	-1.41024	-0.161407
1.03	0.317843	-0.173354	0.538092	0.117158	-1.41024	-0.161407
1.035	0.317862	-0.173347	0.53809	0.115535	-1.40911	-0.159172
1.04	0.317946	-0.173346	0.538105	0.115535	-1.40911	-0.159172
1.045	0.318029	-0.173344	0.538119	0.115535	-1.40911	-0.159172
1.05	0.318048	-0.173337	0.538117	0.113904	-1.40796	-0.156924
1.055	0.318132	-0.173335	0.538132	0.113904	-1.40796	-0.156924
1.06	0.318216	-0.173333	0.538146	0.113904	-1.40796	-0.156924
1.065	0.318235	-0.173326	0.538144	0.112264	-1.40681	-0.154665
1.07	0.318319	-0.173324	0.538159	0.112264	-1.40681	-0.154665
1.075	0.318404	-0.173322	0.538174	0.112264	-1.40681	-0.154665
1.08	0.318423	-0.173316	0.538172	0.110617	-1.40566	-0.152396
1.085	0.318508	-0.173313	0.538186	0.110617	-1.40566	-0.152396
1.09	0.318592	-0.173311	0.538201	0.110617	-1.40566	-0.152396
1.095	0.318612	-0.173305	0.538199	0.108963	-1.4045	-0.150116
1.1	0.318697	-0.173302	0.538214	0.108963	-1.4045	-0.150116
1.105	0.318782	-0.1733	0.538229	0.108963	-1.4045	-0.150116
1.11	0.318801	-0.173294	0.538227	0.107301	-1.40333	-0.147828
1.115	0.318886	-0.173292	0.538241	0.107301	-1.40333	-0.147828
1.12	0.318972	-0.173289	0.538256	0.107301	-1.40333	-0.147828
1.125	0.318991	-0.173283	0.538254	0.105634	-1.40216	-0.145531
1.13	0.319077	-0.173281	0.538269	0.105634	-1.40216	-0.145531
1.135	0.319162	-0.173278	0.538284	0.105634	-1.40216	-0.145531
1.14	0.319182	-0.173272	0.538282	0.103962	-1.40099	-0.143227
1.145	0.319268	-0.17327	0.538297	0.103962	-1.40099	-0.143227
1.15	0.319354	-0.173267	0.538312	0.103962	-1.40099	-0.143227
1.155	0.319373	-0.173261	0.53831	0.102284	-1.39981	-0.140916
1.16	0.319459	-0.173259	0.538325	0.102284	-1.39981	-0.140916
1.165	0.319545	-0.173256	0.538339	0.102284	-1.39981	-0.140916
1.17	0.319565	-0.17325	0.538338	0.100603	-1.39864	-0.138599
1.175	0.319651	-0.173248	0.538352	0.100603	-1.39864	-0.138599
1.18	0.319737	-0.173245	0.538367	0.100603	-1.39864	-0.138599
1.185	0.319757	-0.17324	0.538366	0.0989176	-1.39745	-0.136278
1.19	0.319843	-0.173237	0.53838	0.0989176	-1.39745	-0.136278
1.195	0.31993	-0.173234	0.538395	0.0989176	-1.39745	-0.136278
1.2	0.319949	-0.173229	0.538393	0.0972293	-1.39627	-0.133952
1.205	0.320036	-0.173225	0.538408	0.0972293	-1.39627	-0.133952
1.21	0.320122	-0.173222	0.538423	0.0972293	-1.39627	-0.133952
1.215	0.320142	-0.173218	0.538422	0.0955386	-1.39508	-0.131622
1.22	0.320229	-0.173214	0.538436	0.0955386	-1.39508	-0.131622
1.225	0.320315	-0.173211	0.538451	0.0955386	-1.39508	-0.131622
1.23	0.320335	-0.173207	0.53845	0.093846	-1.3939	-0.12929
1.235	0.320422	-0.173203	0.538464	0.093846	-1.3939	-0.12929
1.24	0.320508	-0.1732	0.538479	0.093846	-1.3939	-0.12929
1.245	0.320528	-0.173196	0.538478	0.0921521	-1.39271	-0.126957
1.25	0.320615	-0.173192	0.538492	0.0921521	-1.39271	-0.126957
1.255	0.320702	-0.173189	0.538507	0.0921521	-1.39271	-0.126957
1.26	0.320721	-0.173185	0.538506	0.0904576	-1.39152	-0.124622
1.265	0.320808	-0.173181	0.538521	0.0904576	-1.39152	-0.124622
1.27	0.320895	-0.173178	0.538535	0.0904576	-1.39152	-0.124622
1.275	0.320914	-0.173174	0.538534	0.088763	-1.39033	-0.122288
1.28	0.321001	-0.17317	0.538549	0.088763	-1.39033	-0.122288
1.285	0.321088	-0.173166	0.538563	0.088763	-1.39033	-0.122288
1.29	0.321107	-0.173163	0.538562	0.0870689	-1.38915	-0.119954
1.295	0.321194	-0.173159	0.538577	0.0870689	-1.38915	-0.119954
1.3	0.321281	-0.173155	0.538591	0.0870689	-1.38915	-0.119954
1.305	0.3213	-0.173152	0.53859	0.085376	-1.38796	-0.117621
1.31	0.321387	-0.173148	0.538605	0.085376	-1.38796	-0.117621
1.315	0.321473	-0.173144	0.538619	0.085376	-1.38796	-0.117621
1.32	0.321493	-0.173141	0.538618	0.0836848	-1.38677	-0.115291
1.325	0.321579	-0.173137	0.538633	0.0836848	-1.38677	-0.115291
1.33	0.321666	-0.173133	0.538647	0.0836848	-1.38677	-0.115291
1.335	0.321685	-0.17313	0.538646	0.0819959	-1.38559	-0.112965
1.34	0.321772	-0.173126	0.538661	0.0819959	-1.38559	-0.112965
1.345	0.321858	-0.173122	0.538675	0.0819959	-1.38559	-0.112965
1.35	0.321877	-0.173119	0.538674	0.0803099	-1.38441	-0.110642
1.355	0.321963	-0.173115	0.538688	0.0803099	-1.38441	-0.110642
1.36	0.32205	-0.17311	0.538703	0.0803099	-1.38441	-0.110642
1.365	0.322069	-0.173108	0.538702	0.0786274	-1.38323	-0.108324
1.37	0.322155	-0.173104	0.538716	0.0786274	-1.38323	-0.108324
1.375	0.322241	-0.173099	0.538731	0.0786274	-1.38323	-0.108324
1.38	0.32226	-0.173097	0.538729	0.076949	-1.38205	-0.106012
1.385	0.322346	-0.173093	0.538744	0.076949	-1.38205	-0.106012
1.39	0.322432	-0.173088	0.538758	0.076949	-1.38205	-0.106012
1.395	0.322451	-0.173086	0.538757	0.0752753	-1.38088	-0.103706
1.4	0.322536	-0.173082	0.538772	0.0752753	-1.38088	-0.103706
1.405	0.322622	-0.173077	0.538786	0.0752753	-1.38088	-0.103706
1.41	0.322641	-0.173075	0.538785	0.0736069	-1.37971	-0.101407
1.415	0.322726	-0.173071	0.538799	0.0736069	-1.37971	-0.101407
1.42	0.322811	-0.173066	0.538813	0.0736069	-1.37971	-0.101407
1.425	0.32283	-0.173064	0.538812	0.0719444	-1.37854	-0.0991169
1.43	0.322915	-0.17306	0.538827	0.0719444	-1.37854	-0.0991169
1.435	0.323	-0.173055	0.538841	0.0719444	-1.37854	-0.0991169
1.44	0.323019	-0.173054	0.53884	0.0702883	-1.37738	-0.0968353
1.445	0.323103	-0.173049	0.538854	0.0702883	-1.37738	-0.0968353
1.45	0.323188	-0.173044	0.538868	0.0702883	-1.37738	-0.0968353
1.455	0.323206	-0.173043	0.538867	0.0686393	-1.37622	-0.0945635
1.46	0.323291	-0.173038	0.538881	0.0686393	-1.37622	-0.0945635
1.465	0.323375	-0.173034	0.538895	0.0686393	-1.37622	-0.0945635
1.47	0.323393	-0.173032	0.538894	0.0669979	-1.37507	-0.0923021
1.475	0.323477	-0.173028	0.538908	0.0669979	-1.37507	-0.0923021
1.48	0.323561	-0.173023	0.538922	0.0669979	-1.37507	-0.0923021
1.485	0.323579	-0.173022	0.538921	0.0653647	-1.37393	-0.0900521
1.49	0.323663	-0.173017	0.538935	0.0653647	-1.37393	-0.0900521
1.495	0.323746	-0.173012	0.538949	0.0653647	-1.37393	-0.0900521
1.5	0.323764	-0.173011	0.538948	0.0637403	-1.37279	-0.0878141
1.505	0.323847	-0.173006	0.538962	0.0637403	-1.37279	-0.0878141
1.51	0.32393	-0.173001	0.538976	0.0637403	-1.37279	-0.0878141
1.515	0.323948	-0.173001	0.538975	0.0621252	-1.37166	-0.085589
1.52	0.32403	-0.172996	0.538989	0.0621252	-1.37166	-0.085589
1.525	0.324113	-0.172991	0.539002	0.0621252	-1.37166	-0.085589
1.53	0.324131	-0.17299	0.539001	0.06052	-1.37053	-0.0833776
1.535	0.324213	-0.172985	0.539015	0.06052	-1.37053	-0.0833776
1.54	0.324294	-0.17298	0.539029	0.06052	-1.37053	-0.0833776
1.545	0.324312	-0.17298	0.539028	0.0589253	-1.36941	-0.0811806
1.55	0.324394	-0.172975	0.539041	0.0589253	-1.36941	-0.0811806
1.555	0.324475	-0.17297	0.539055	0.0589253	-1.36941	-0.0811806
1.56	0.324493	-0.17297	0.539054	0.0573417	-1.3683	-0.0789989
1.565	0.324573	-0.172965	0.539067	0.0573417	-1.3683	-0.0789989
1.57	0.324654	-0.172959	0.539081	0.0573417	-1.3683	-0.0789989
1.575	0.324671	-0.172959	0.53908	0.0557697	-1.3672	-0.0768331
1.58	0.324752	-0.172954	0.539093	0.0557697	-1.3672	-0.0768331
1.585	0.324832	-0.172949	0.539106	0.0557697	-1.3672	-0.0768331
1.59	0.324849	-0.172949	0.539106	0.0542098	-1.36611	-0.0746841
1.595	0.324929	-0.172944	0.539119	0.0542098	-1.36611	-0.0746841
1.6	0.325008	-0.172939	0.539132	0.0542098	-1.36611	-0.0746841
1.605	0.325025	-0.172939	0.539131	0.0526626	-1.36502	-0.0725526
1.61	0.325104	-0.172934	0.539144	0.0526626	-1.36502	-0.0725526
1.615	0.325182	-0.172929	0.539157	0.0526626	-1.36502	-0.0725526
1.62	0.3252	-0.172929	0.539157	0.0511287	-1.36395	-0.0704394
1.625	0.325278	-0.172924	0.53917	0.0511287	-1.36395	-0.0704394
1.63	0.325356	-0.172919	0.539182	0.0511287	-1.36395	-0.0704394
1.635	0.325433	-0.172914	0.539195	0.0511287	-1.36395	-0.0704394
1.64	0.325432	-0.172916	0.539191	0.0491571	-1.36256	-0.067723
1.645	0.325509	-0.172911	0.539203	0.0491571	-1.36256	-0.067723
1.65	0.325586	-0.172905	0.539216	0.0491571	-1.36256	-0.067723
1.655	0.325601	-0.172906	0.539215	0.0476095	-1.36148	-0.0655909
1.66	0.325677	-0.172901	0.539228	0.0476095	-1.36148	-0.0655909
1.665	0.325753	-0.172896	0.53924	0.0476095	-1.36148	-0.0655909
1.67	0.325829	-0.17289	0.539252	0.0476095	-1.36148	-0.0655909
1.675	0.325828	-0.172893	0.539248	0.0456779	-1.36012	-0.0629297
1.68	0.325903	-0.172888	0.539261	0.0456779	-1.36012	-0.0629297
1.685	0.325978	-0.172883	0.539273	0.0456779	-1.36012	-0.0629297
1.69	0.326053	-0.172877	0.539285	0.0456779	-1.36012	-0.0629297
1.695	0.32605	-0.172881	0.539281	0.0437322	-1.35876	-0.0602491
1.7	0.326124	-0.172875	0.539293	0.0437322	-1.35876	-0.0602491
1.705	0.326198	-0.17287	0.539305	0.0437322	-1.35876	-0.0602491
1.71	0.326271	-0.172865	0.539317	0.0437322	-1.35876	-0.0602491
1.715	0.326268	-0.172868	0.539312	0.0418113	-1.35741	-0.0576027
1.72	0.326341	-0.172863	0.539324	0.0418113	-1.35741	-0.0576027
1.725	0.326414	-0.172858	0.539336	0.0418113	-1.35741	-0.0576027
1.73	0.326486	-0.172852	0.539348	0.0418113	-1.35741	-0.0576027
1.735	0.326483	-0.172856	0.539344	0.0399204	-1.35609	-0.0549976
1.74	0.326555	-0.172851	0.539355	0.0399204	-1.35609	-0.0549976
1.745	0.326626	-0.172845	0.539367	0.0399204	-1.35609	-0.0549976
1.75	0.326698	-0.17284	0.539378	0.0399204	-1.35609	-0.0549976
1.755	0.326694	-0.172844	0.539374	0.0380609	-1.35478	-0.0524358
1.76	0.326765	-0.172839	0.539386	0.0380609	-1.35478	-0.0524358
1.765	0.326835	-0.172833	0.539397	0.0380609	-1.35478	-0.0524358
1.77	0.326905	-0.172828	0.539408	0.0380609	-1.35478	-0.0524358
1.775	0.326902	-0.172832	0.539404	0.0362341	-1.3535	-0.0499191
1.78	0.326971	-0.172827	0.539416	0.0362341	-1.3535	-0.0499191
1.785	0.32704	-0.172821	0.539427	0.0362341	-1.3535	-0.0499191
1.79	0.327109	-0.172816	0.539438	0.0362341	-1.3535	-0.0499191
1.795	0.327106	-0.172821	0.539434	0.0344412	-1.35225	-0.0474491
1.8	0.327174	-0.172815	0.539445	0.0344412	-1.35225	-0.0474491
1.805	0.327241	-0.17281	0.539456	0.0344412	-1.35225	-0.0474491
1.81	0.327308	-0.172805	0.539467	0.0344412	-1.35225	-0.0474491
1.815	0.327305	-0.172809	0.539463	0.0326833	-1.35101	-0.0450272
1.82	0.327372	-0.172804	0.539474	0.0326833	-1.35101	-0.0450272
1.825	0.327438	-0.172799	0.539484	0.0326833	-1.35101	-0.0450272
1.83	0.327504	-0.172793	0.539495	0.0326833	-1.35101	-0.0450272
1.835	0.327501	-0.172798	0.539492	0.0309615	-1.34981	-0.0426551
1.84	0.327566	-0.172793	0.539502	0.0309615	-1.34981	-0.0426551
1.845	0.327631	-0.172788	0.539512	0.0309615	-1.34981	-0.0426551
1.85	0.327695	-0.172782	0.539523	0.0309615	-1.34981	-0.0426551
1.855	0.327692	-0.172787	0.539519	0.0292768	-1.34863	-0.0403341
1.86	0.327756	-0.172782	0.53953	0.0292768	-1.34863	-0.0403341
1.865	0.327819	-0.172777	0.53954	0.0292768	-1.34863	-0.0403341
1.87	0.327882	-0.172771	0.53955	0.0292768	-1.34863	-0.0403341
1.875	0.327879	-0.172777	0.539547	0.0276303	-1.34747	-0.0380658
1.88	0.327941	-0.172771	0.539556	0.0276303	-1.34747	-0.0380658
1.885	0.328003	-0.172766	0.539566	0.0276303	-1.34747	-0.0380658
1.89	0.328065	-0.172761	0.539576	0.0276303	-1.34747	-0.0380658
1.895	0.328062	-0.172766	0.539573	0.0260231	-1.34634	-0.0358516
1.9	0.328122	-0.172761	0.539583	0.0260231	-1.34634	-0.0358516
1.905	0.328183	-0.172756	0.539592	0.0260231	-1.34634	-0.0358516
1.91	0.328242	-0.172751	0.539602	0.0260231	-1.34634	-0.0358516
1.915	0.32824	-0.172756	0.539599	0.0244562	-1.34525	-0.0336928
1.92	0.328299	-0.172751	0.539608	0.0244562	-1.34525	-0.0336928
1.925	0.328357	-0.172746	0.539618	0.0244562	-1.34525	-0.0336928
1.93	0.328415	-0.172741	0.539627	0.0244562	-1.34525	-0.0336928
1.935	0.328413	-0.172746	0.539624	0.0229304	-1.34418	-0.0315909
1.94	0.32847	-0.172741	0.539633	0.0229304	-1.34418	-0.0315909
1.945	0.328527	-0.172736	0.539642	0.0229304	-1.34418	-0.0315909
1.95	0.328584	-0.172731	0.539651	0.0229304	-1.34418	-0.0315909
1.955	0.32864	-0.172726	0.53966	0.0229304	-1.34418	-0.0315909
1.96	0.328624	-0.172734	0.539655	0.0211211	-1.34291	-0.0290981
1.965	0.328679	-0.172729	0.539664	0.0211211	-1.34291	-0.0290981
1.97	0.328734	-0.172724	0.539672	0.0211211	-1.34291	-0.0290981
1.975	0.328789	-0.172719	0.539681	0.0211211	-1.34291	-0.0290981
1.98	0.328843	-0.172715	0.53969	0.0211211	-1.34291	-0.0290981
1.985	0.328826	-0.172723	0.539684	0.0193437	-1.34166	-0.0266494
1.99	0.328879	-0.172718	0.539693	0.0193437	-1.34166	-0.0266494
1.995	0.328932	-0.172713	0.539701	0.0193437	-1.34166	-0.0266494
2.0	0.328984	-0.172708	0.539709	0.0193437	-1.34166	-0.0266494
2.005	0.329036	-0.172704	0.539717	0.0193437	-1.34166	-0.0266494
2.01	0.32902	-0.172712	0.539712	0.017632	-1.34046	-0.0242913
2.015	0.329071	-0.172707	0.53972	0.017632	-1.34046	-0.0242913
2.02	0.329121	-0.172702	0.539728	0.017632	-1.34046	-0.0242913
2.025	0.329172	-0.172698	0.539736	0.017632	-1.34046	-0.0242913
2.03	0.329221	-0.172693	0.539744	0.017632	-1.34046	-0.0242913
2.035	0.329206	-0.172701	0.539739	0.0159911	-1.33931	-0.0220306
2.04	0.329254	-0.172697	0.539747	0.0159911	-1.33931	-0.0220306
2.045	0.329303	-0.172692	0.539755	0.0159911	-1.33931	-0.0220306
2.05	0.329351	-0.172688	0.539762	0.0159911	-1.33931	-0.0220306
2.055	0.329398	-0.172683	0.53977	0.0159911	-1.33931	-0.0220306
2.06	0.329383	-0.172691	0.539765	0.0144229	-1.33821	-0.0198701
2.065	0.32943	-0.172687	0.539772	0.0144229	-1.33821	-0.0198701
2.07	0.329476	-0.172682	0.53978	0.0144229	-1.33821	-0.0198701
2.075	0.329521	-0.172678	0.539787	0.0144229	-1.33821	-0.0198701
2.08	0.329566	-0.172674	0.539794	0.0144229	-1.33821	-0.0198701
2.085	0.329611	-0.17267	0.539801	0.0144229	-1.33821	-0.0198701
2.09	0.329586	-0.172679	0.539795	0.0126703	-1.33698	-0.0174556
2.095	0.32963	-0.172675	0.539802	0.0126703	-1.33698	-0.0174556
2.1	0.329673	-0.172671	0.539808	0.0126703	-1.33698	-0.0174556
2.105	0.329716	-0.172667	0.539815	0.0126703	-1.33698	-0.0174556
2.11	0.329758	-0.172663	0.539822	0.0126703	-1.33698	-0.0174556
2.115	0.3298	-0.172659	0.539828	0.0126703	-1.33698	-0.0174556
2.12	0.329775	-0.172668	0.539822	0.0109973	-1.33581	-0.0151507
2.125	0.329816	-0.172665	0.539829	0.0109973	-1.33581	-0.0151507
2.13	0.329857	-0.172661	0.539835	0.0109973	-1.33581	-0.0151507
2.135	0.329897	-0.172657	0.539841	0.0109973	-1.33581	-0.0151507
2.14	0.329936	-0.172653	0.539847	0.0109973	-1.33581	-0.0151507
2.145	0.329975	-0.172649	0.539854	0.0109973	-1.33581	-0.0151507
2.15	0.329952	-0.172659	0.539848	0.00943304	-1.33471	-0.0129956
2.155	0.32999	-0.172655	0.539854	0.00943304	-1.33471	-0.0129956
2.16	0.330027	-0.172651	0.53986	0.00943304	-1.33471	-0.0129956
2.165	0.330064	-0.172648	0.539865	0.00943304	-1.33471	-0.0129956
2.17	0.330101	-0.172644	0.539871	0.00943304	-1.33471	-0.0129956
2.175	0.330137	-0.172641	0.539877	0.00943304	-1.33471	-0.0129956
2.18	0.330172	-0.172637	0.539882	0.00943304	-1.33471	-0.0129956
2.185	0.330142	-0.172648	0.539876	0.00777741	-1.33355	-0.0107147
2.19	0.330176	-0.172644	0.539881	0.00777741	-1.33355	-0.0107147
2.195	0.33021	-0.172641	0.539886	0.00777741	-1.33355	-0.0107147
2.2	0.330244	-0.172638	0.539891	0.00777741	-1.33355	-0.0107147
2.205	0.330277	-0.172634	0.539897	0.00777741	-1.33355	-0.0107147
2.21	0.33031	-0.172631	0.539902	0.00777741	-1.33355	-0.0107147
2.215	0.330342	-0.172628	0.539907	0.00777741	-1.33355	-0.0107147
2.22	0.330313	-0.172638	0.5399	0.00625483	-1.33248	-0.00861705
2.225	0.330344	-0.172635	0.539905	0.00625483	-1.33248	-0.00861705
2.23	0.330375	-0.172632	0.53991	0.00625483	-1.33248	-0.00861705
2.235	0.330405	-0.172629	0.539915	0.00625483	-1.33248	-0.00861705
2.24	0.330434	-0.172626	0.539919	0.00625483	-1.33248	-0.00861705
2.245	0.330463	-0.172623	0.539924	0.00625483	-1.33248	-0.00861705
2.25	0.330492	-0.17262	0.539928	0.00625483	-1.33248	-0.00861705
2.255	0.33052	-0.172617	0.539933	0.00625483	-1.33248	-0.00861705
2.26	0.330487	-0.172628	0.539926	0.00473024	-1.33141	-0.00651664
2.265	0.330514	-0.172625	0.53993	0.00473024	-1.33141	-0.00651664
2.27	0.33054	-0.172623	0.539934	0.00473024	-1.33141	-0.00651664
2.275	0.330566	-0.17262	0.539938	0.00473024	-1.33141	-0.00651664
2.28	0.330592	-0.172618	0.539942	0.00473024	-1.33141	-0.00651664
2.285	0.330616	-0.172615	0.539946	0.00473024	-1.33141	-0.00651664
2.29	0.330641	-0.172613	0.53995	0.00473024	-1.33141	-0.00651664
2.295	0.330665	-0.17261	0.539953	0.00473024	-1.33141	-0.00651664
2.3	0.330688	-0.172608	0.539957	0.00473024	-1.33141	-0.00651664
2.305	0.330711	-0.172606	0.53996	0.00473024	-1.33141	-0.00651664
2.31	0.33067	-0.172618	0.539952	0.00313474	-1.3303	-0.00431852
2.315	0.330692	-0.172615	0.539956	0.00313474	-1.3303	-0.00431852
2.32	0.330713	-0.172613	0.539959	0.00313474	-1.3303	-0.00431852
2.325	0.330734	-0.172611	0.539962	0.00313474	-1.3303	-0.00431852
2.33	0.330754	-0.172609	0.539965	0.00313474	-1.3303	-0.00431852
2.335	0.330773	-0.172607	0.539968	0.00313474	-1.3303	-0.00431852
2.34	0.330792	-0.172605	0.539971	0.00313474	-1.3303	-0.00431852
2.345	0.330811	-0.172603	0.539974	0.00313474	-1.3303	-0.00431852
2.35	0.330829	-0.172601	0.539977	0.00313474	-1.3303	-0.00431852
2.355	0.330847	-0.1726	0.53998	0.00313474	-1.3303	-0.00431852
2.36	0.330864	-0.172598	0.539982	0.00313474	-1.3303	-0.00431852
2.365	0.33088	-0.172596	0.539985	0.00313474	-1.3303	-0.00431852
2.37	0.330896	-0.172595	0.539987	0.00313474	-1.3303	-0.00431852
2.375	0.330849	-0.172607	0.539978	0.00155958	-1.32919	-0.00214844
2.38	0.330864	-0.172606	0.539981	0.00155958	-1.32919	-0.00214844
2.385	0.330878	-0.172604	0.539983	0.00155958	-1.32919	-0.00214844
2.39	0.330892	-0.172603	0.539985	0.00155958	-1.32919	-0.00214844
2.395	0.330905	-0.172602	0.539987	0.00155958	-1.32919	-0.00214844
2.4	0.330918	-0.1726	0.539989	0.00155958	-1.32919	-0.00214844
2.405	0.33093	-0.172599	0.539991	0.00155958	-1.32919	-0.00214844
2.41	0.330942	-0.172598	0.539993	0.00155958	-1.32919	-0.00214844
2.415	0.330953	-0.172597	0.539994	0.00155958	-1.32919	-0.00214844
2.42	0.330963	-0.172596	0.539996	0.00155958	-1.32919	-0.00214844
2.425	0.330973	-0.172595	0.539998	0.00155958	-1.32919	-0.00214844
2.43	0.330982	-0.172594	0.539999	0.00155958	-1.32919	-0.00214844
2.435	0.330992	-0.172593	0.54	0.00155958	-1.32919	-0.00214844
2.44	0.330999	-0.172592	0.540002	0.00155958	-1.32919	-0.00214844
2.445	0.331007	-0.172591	0.540003	0.00155958	-1.32919	-0.00214844
2.45	0.331015	-0.17259	0.540004	0.00155958	-1.32919	-0.00214844
2.455	0.331021	-0.17259	0.540005	0.00155958	-1.32919	-0.00214844
2.46	0.331028	-0.172589	0.540006	0.00155958	-1.32919	-0.00214844
2.465	0.331034	-0.172588	0.540007	0.00155958	-1.32919	-0.00214844
2.47	0.331039	-0.172588	0.540008	0.00155958	-1.32919	-0.00214844
2.475	0.331043	-0.172587	0.540008	0.00155958	-1.32919	-0.00214844
2.48	0.331048	-0.172587	0.540009	0.00155958	-1.32919	-0.00214844
2.485	0.331051	-0.172587	0.54001	0.00155958	-1.32919	-0.00214844
2.49	0.331054	-0.172586	0.54001	0.00155958	-1.32919	-0.00214844
2.495	0.331057	-0.172586	0.540011	0.00155958	-1.32919	-0.00214844
2.5	0.331059	-0.172586	0.540011	0.00155958	-1.32919	-0.00214844
2.505	0.33106	-0.172586	0.540011	0.00155958	-1.32919	-0.00214844
2.51	0.33106	-0.172586	0.540011	0.00155958	-1.32919	-0.00214844
2.515	0.331061	-0.172586	0.540011	0.00155958	-1.32919	-0.00214844
2.52	0.331061	-0.172586	0.540011	0.00155958	-1.32919	-0.00214844
2.525	0.331062	-0.172586	0.54001	0.00155958	-1.32919	-0.00214844
2.53	0.331062	-0.172587	0.540009	0.00155958	-1.32919	-0.00214844
2.535	0.331063	-0.172588	0.540008	0.00155958	-1.32919	-0.00214844
2.54	0.331065	-0.172589	0.540006	0.00155958	-1.32919	-0.00214844
2.545	0.331066	-0.172591	0.540003	0.00155958	-1.32919	-0.00214844
2.55	0.331068	-0.172593	0.540001	0.00155958	-1.32919	-0.00214844
2.555	0.33107	-0.172595	0.539997	0.00155958	-1.32919	-0.00214844
2.56	0.331072	-0.172597	0.539993	0.00155958	-1.32919	-0.00214844
2.565	0.331075	-0.1726	0.539989	0.00155958	-1.32919	-0.00214844
2.57	0.331077	-0.172603	0.539984	0.00155958	-1.32919	-0.00214844
2.575	0.331081	-0.172607	0.539979	0.00155958	-1.32919	-0.00214844
2.58	0.331084	-0.17261	0.539974	0.00155959	-1.32919	-0.00214845
2.585	0.331088	-0.172614	0.539968	0.00155959	-1.32919	-0.00214845
2.59	0.331091	-0.172618	0.539961	0.00155959	-1.32919	-0.00214845
2.595	0.331096	-0.172623	0.539954	0.00155959	-1.32919	-0.00214845
2.6	0.331101	-0.172628	0.539946	0.00155959	-1.32919	-0.00214845
2.605	0.331105	-0.172633	0.539938	0.00155959	-1.32919	-0.00214845
2.61	0.33111	-0.172639	0.53993	0.00155959	-1.32919	-0.00214845
2.615	0.331116	-0.172645	0.539921	0.00155959	-1.32919	-0.00214845
2.62	0.331121	-0.172651	0.539912	0.00155959	-1.32919	-0.00214845
2.625	0.331127	-0.172657	0.539902	0.00155959	-1.32919	-0.00214845
2.63	0.331133	-0.172664	0.539892	0.00155959	-1.32919	-0.00214845
2.635	0.331139	-0.172671	0.539882	0.00155959	-1.32919	-0.00214845
2.64	0.331146	-0.172678	0.539871	0.00155959	-1.32919	-0.00214845
2.645	0.331153	-0.172685	0.539859	0.00155959	-1.32919	-0.00214845
2.65	0.33116	-0.172693	0.539848	0.0015596	-1.32919	-0.00214845
2.655	0.331168	-0.172701	0.539835	0.0015596	-1.32919	-0.00214846
2.66	0.331175	-0.172709	0.539823	0.0015596	-1.32919	-0.00214846
2.665	0.331183	-0.172718	0.539809	0.0015596	-1.32919	-0.00214846
2.67	0.331192	-0.172727	0.539796	0.0015596	-1.32919	-0.00214846
2.675	0.3312	-0.172736	0.539782	0.0015596	-1.32919	-0.00214846
2.68	0.331209	-0.172746	0.539767	0.0015596	-1.32919	-0.00214846
2.685	0.331218	-0.172756	0.539752	0.00155961	-1.32919	-0.00214846
2.69	0.331227	-0.172766	0.539737	0.00155961	-1.32919	-0.00214847
2.695	0.331237	-0.172776	0.539721	0.00155961	-1.32919	-0.00214847
2.7	0.331247	-0.172787	0.539705	0.00155961	-1.32919	-0.00214847
2.705	0.331257	-0.172798	0.539688	0.00155961	-1.32919	-0.00214847
2.71	0.331267	-0.172809	0.539671	0.00155962	-1.32919	-0.00214847
2.715	0.331278	-0.17282	0.539654	0.00155962	-1.32919	-0.00214848
2.72	0.331288	-0.172832	0.539636	0.00155962	-1.32919	-0.00214848
2.725	0.331299	-0.172844	0.539617	0.00155963	-1.32919	-0.00214848
2.73	0.331311	-0.172856	0.539598	0.00155963	-1.32919	-0.00214848
2.735	0.331322	-0.172869	0.539579	0.00155963	-1.32919	-0.00214849
2.74	0.331334	-0.172882	0.539559	0.00155963	-1.32919	-0.00214849
2.745	0.331347	-0.172895	0.539539	0.00155964	-1.32919	-0.00214849
2.75	0.331359	-0.172909	0.539519	0.00155964	-1.32919	-0.0021485
2.755	0.331372	-0.172922	0.539498	0.00155965	-1.32919	-0.0021485
2.76	0.331384	-0.172936	0.539477	0.00155965	-1.32919	-0.0021485
2.765	0.331398	-0.172951	0.539455	0.00155965	-1.32919	-0.00214851
2.77	0.331411	-0.172965	0.539433	0.00155966	-1.32919	-0.00214851
2.775	0.331425	-0.17298	0.53941	0.00155966	-1.32919	-0.00214851
2.78	0.331439	-0.172995	0.539387	0.00155967	-1.32919	-0.00214852
2.785	0.331453	-0.17301	0.539364	0.00155967	-1.32919	-0.00214852
2.79	0.331527	-0.173039	0.53935	0.000154802	-1.3303	-0.000213242
2.795	0.331541	-0.173055	0.539325	0.000154807	-1.3303	-0.000213247
2.8	0.331556	-0.173071	0.539301	0.000154812	-1.3303	-0.000213251
2.805	0.331571	-0.173088	0.539276	0.000154817	-1.3303	-0.000213256
2.81	0.331587	-0.173104	0.53925	0.000154823	-1.3303	-0.000213261
2.815	0.331602	-0.173121	0.539224	0.000154828	-1.3303	-0.000213266
2.82	0.331618	-0.173138	0.539198	0.000154834	-1.3303	-0.000213271
2.825	0.331634	-0.173156	0.539171	0.00015484	-1.3303	-0.000213277
2.83	0.331651	-0.173174	0.539144	0.000154847	-1.3303	-0.000213283
2.835	0.331667	-0.173192	0.539117	0.000154853	-1.3303	-0.000213288
2.84	0.331684	-0.17321	0.539089	0.00015486	-1.3303	-0.000213294
2.845	0.331701	-0.173229	0.539061	0.000154866	-1.3303	-0.0002133
2.85	0.331719	-0.173247	0.539032	0.000154873	-1.3303	-0.000213307
2.855	0.331736	-0.173266	0.539003	0.000154881	-1.3303	-0.000213313
2.86	0.331824	-0.173287	0.538986	1.58465e-05	-1.33158	-2.1762e-05
2.865	0.331842	-0.173306	0.538956	1.58541e-05	-1.33158	-2.17688e-05
2.87	0.33186	-0.173326	0.538926	1.58619e-05	-1.33158	-2.17759e-05
2.875	0.331879	-0.173346	0.538895	1.587e-05	-1.33158	-2.17831e-05
2.88	0.331897	-0.173367	0.538865	1.58782e-05	-1.33158	-2.17905e-05
2.885	0.331916	-0.173387	0.538833	1.58867e-05	-1.33158	-2.17981e-05
2.89	0.331936	-0.173408	0.538801	1.58953e-05	-1.33158	-2.18059e-05
2.895	0.331955	-0.173429	0.538769	1.59041e-05	-1.33158	-2.18138e-05
2.9	0.331975	-0.17345	0.538737	1.59132e-05	-1.33158	-2.1822e-05
2.905	0.331994	-0.173472	0.538704	1.59225e-05	-1.33158	-2.18303e-05
2.91	0.332015	-0.173494	0.538671	1.5932e-05	-1.33158	-2.18388e-05
2.915	0.332035	-0.173516	0.538637	1.59416e-05	-1.33158	-2.18475e-05
2.92	0.332128	-0.173538	0.538616	2.12496e-06	-1.33289	-2.8519e-06
2.925	0.332148	-0.173561	0.538582	2.13513e-06	-1.33289	-2.86106e-06
2.93	0.332169	-0.173583	0.538547	2.14552e-06	-1.33289	-2.87042e-06
2.935	0.33219	-0.173606	0.538512	2.15612e-06	-1.33289	-2.87997e-06
2.94	0.332212	-0.173629	0.538477	2.16694e-06	-1.33289	-2.88972e-06
2.945	0.332233	-0.173653	0.538441	2.17797e-06	-1.33289	-2.89966e-06
2.95	0.332255	-0.173676	0.538405	2.18923e-06	-1.33289	-2.90981e-06
2.955	0.332277	-0.1737	0.538369	2.20071e-06	-1.33289	-2.92015e-06
2.96	0.332299	-0.173724	0.538332	2.21241e-06	-1.33289	-2.93069e-06
2.965	0.332322	-0.173749	0.538295	2.22433e-06	-1.33289	-2.94144e-06
2.97	0.332344	-0.173773	0.538257	2.23647e-06	-1.33289	-2.95238e-06
2.975	0.332442	-0.173798	0.538233	7.97517e-07	-1.33426	-1.02289e-06
2.98	0.332465	-0.173823	0.538195	8.1018e-07	-1.33426	-1.03433e-06
2.985	0.332488	-0.173848	0.538156	8.23064e-07	-1.33426	-1.04596e-06
2.99	0.332512	-0.173874	0.538117	8.36173e-07	-1.33426	-1.0578e-06
2.995	0.332536	-0.173899	0.538078	8.49508e-07	-1.33426	-1.06985e-06
3.0	0.332559	-0.173925	0.538039	8.63069e-07	-1.33426	-1.0821e-06
3.005	0.332583	-0.173951	0.537999	8.76856e-07	-1.33426	-1.09455e-06
3.01	0.332608	-0.173978	0.537959	8.90869e-07	-1.33426	-1.10721e-06
3.015	0.332632	-0.174004	0.537918	9.0511e-07	-1.33426	-1.12008e-06
3.02	0.332657	-0.174031	0.537877	9.19576e-07	-1.33426	-1.13315e-06
3.025	0.332757	-0.174058	0.53785	6.53911e-07	-1.33562	-8.31847e-07
3.03	0.332782	-0.174085	0.537809	6.6892e-07	-1.33562	-8.45435e-07
3.035	0.332807	-0.174112	0.537767	6.84152e-07	-1.33562	-8.59224e-07
3.04	0.332832	-0.17414	0.537725	6.99611e-07	-1.33562	-8.73221e-07
3.045	0.332858	-0.174168	0.537683	7.15299e-07	-1.33562	-8.87425e-07
3.05	0.332883	-0.174196	0.53764	7.31213e-07	-1.33562	-9.01835e-07
3.055	0.332909	-0.174224	0.537597	7.47354e-07	-1.33562	-9.16451e-07
3.06	0.332936	-0.174252	0.537554	7.63722e-07	-1.33562	-9.31274e-07
3.065	0.332962	-0.174281	0.53751	7.80316e-07	-1.33562	-9.46302e-07
3.07	0.333061	-0.174309	0.53748	5.88785e-07	-1.33695	-7.54703e-07
3.075	0.333088	-0.174338	0.537436	6.05928e-07	-1.33695	-7.70258e-07
3.08	0.333115	-0.174367	0.537391	6.23291e-07	-1.33695	-7.86014e-07
3.085	0.333142	-0.174397	0.537346	6.4088e-07	-1.33695	-8.01975e-07
3.09	0.333169	-0.174426	0.537301	6.58693e-07	-1.33695	-8.1814e-07
3.095	0.333196	-0.174456	0.537256	6.76729e-07	-1.33695	-8.3451e-07
3.1	0.333224	-0.174485	0.537211	6.94988e-07	-1.33695	-8.51082e-07
3.105	0.333251	-0.174515	0.537165	7.13469e-07	-1.33695	-8.67857e-07
3.11	0.333279	-0.174546	0.537119	7.32171e-07	-1.33695	-8.84834e-07
3.115	0.333384	-0.174576	0.537087	6.38269e-07	-1.33835	-8.19901e-07
3.12	0.333412	-0.174606	0.53704	6.57525e-07	-1.33835	-8.37417e-07
3.125	0.33344	-0.174637	0.536993	6.76996e-07	-1.33835	-8.55127e-07
3.13	0.333468	-0.174668	0.536946	6.96685e-07	-1.33835	-8.73036e-07
3.135	0.333497	-0.174699	0.536899	7.1659e-07	-1.33835	-8.91143e-07
3.14	0.333526	-0.17473	0.536851	7.3671e-07	-1.33835	-9.09448e-07
3.145	0.333555	-0.174762	0.536803	7.57045e-07	-1.33835	-9.27949e-07
3.15	0.333584	-0.174793	0.536755	7.77593e-07	-1.33835	-9.46645e-07
3.155	0.333685	-0.174825	0.53672	5.59018e-07	-1.33966	-7.2603e-07
3.16	0.333715	-0.174857	0.536671	5.80107e-07	-1.33966	-7.45253e-07
3.165	0.333744	-0.174889	0.536622	6.014e-07	-1.33966	-7.64664e-07
3.17	0.333774	-0.174921	0.536573	6.22902e-07	-1.33966	-7.84265e-07
3.175	0.333804	-0.174953	0.536524	6.44609e-07	-1.33966	-8.04056e-07
3.18	0.333833	-0.174985	0.536474	6.66521e-07	-1.33966	-8.24034e-07
3.185	0.333863	-0.175018	0.536425	6.88636e-07	-1.33966	-8.44199e-07
3.19	0.333894	-0.175051	0.536375	7.10951e-07	-1.33966	-8.64549e-07
3.195	0.333998	-0.175084	0.536338	5.81126e-07	-1.34102	-7.56972e-07
3.2	0.334029	-0.175117	0.536288	6.03973e-07	-1.34102	-7.77844e-07
3.205	0.334059	-0.17515	0.536237	6.27011e-07	-1.34102	-7.98892e-07
3.21	0.33409	-0.175183	0.536186	6.50243e-07	-1.34102	-8.20119e-07
3.215	0.334121	-0.175217	0.536135	6.73667e-07	-1.34102	-8.41523e-07
3.22	0.334152	-0.17525	0.536084	6.97282e-07	-1.34102	-8.63103e-07
3.225	0.334183	-0.175284	0.536032	7.21085e-07	-1.34102	-8.84856e-07
3.23	0.334214	-0.175318	0.535981	7.45074e-07	-1.34102	-9.0678e-07
3.235	0.334322	-0.175352	0.535943	6.21942e-07	-1.34243	-8.10979e-07
3.24	0.334354	-0.175386	0.535891	6.46446e-07	-1.34243	-8.33417e-07
3.245	0.334385	-0.17542	0.535839	6.71124e-07	-1.34243	-8.56015e-07
3.25	0.334417	-0.175454	0.535787	6.9598e-07	-1.34243	-8.78777e-07
3.255	0.334449	-0.175489	0.535734	7.21012e-07	-1.34243	-9.01702e-07
3.26	0.334481	-0.175523	0.535681	7.46216e-07	-1.34243	-9.24786e-07
3.265	0.334513	-0.175558	0.535628	7.71591e-07	-1.34243	-9.48029e-07
3.27	0.334615	-0.175593	0.535588	5.05337e-07	-1.34371	-6.68882e-07
3.275	0.334647	-0.175628	0.535535	5.31189e-07	-1.34371	-6.92602e-07
3.28	0.334679	-0.175663	0.535481	5.57199e-07	-1.34371	-7.16469e-07
3.285	0.334712	-0.175698	0.535428	5.8337e-07	-1.34371	-7.40484e-07
3.29	0.334744	-0.175733	0.535374	6.097e-07	-1.34371	-7.64646e-07
3.295	0.334777	-0.175768	0.53532	6.36184e-07	-1.34371	-7.88953e-07
3.3	0.33481	-0.175804	0.535266	6.62821e-07	-1.34371	-8.13401e-07
3.305	0.334913	-0.175839	0.535225	5.01465e-07	-1.34501	-6.66516e-07
3.31	0.334946	-0.175875	0.535171	5.28551e-07	-1.34501	-6.91418e-07
3.315	0.334979	-0.17591	0.535116	5.55776e-07	-1.34501	-7.16451e-07
3.32	0.335012	-0.175946	0.535061	5.83143e-07	-1.34501	-7.41614e-07
3.325	0.335045	-0.175982	0.535007	6.10649e-07	-1.34501	-7.66907e-07
3.33	0.335078	-0.176018	0.534952	6.38289e-07	-1.34501	-7.92326e-07
3.335	0.335111	-0.176054	0.534897	6.66063e-07	-1.34501	-8.17869e-07
3.34	0.335217	-0.17609	0.534855	5.18541e-07	-1.34632	-6.90112e-07
3.345	0.33525	-0.176126	0.5348	5.46732e-07	-1.34632	-7.16083e-07
3.35	0.335284	-0.176163	0.534744	5.75041e-07	-1.34632	-7.42165e-07
3.355	0.335317	-0.176199	0.534689	6.03471e-07	-1.34632	-7.68359e-07
3.36	0.335351	-0.176235	0.534633	6.32018e-07	-1.34632	-7.94663e-07
3.365	0.335385	-0.176272	0.534577	6.60679e-07	-1.34632	-8.21074e-07
3.37	0.335418	-0.176308	0.534521	6.8945e-07	-1.34632	-8.47588e-07
3.375	0.335525	-0.176345	0.53448	5.36432e-07	-1.34766	-7.14554e-07
3.38	0.335559	-0.176382	0.534423	5.65586e-07	-1.34766	-7.41467e-07
3.385	0.335593	-0.176418	0.534367	5.94834e-07	-1.34766	-7.68469e-07
3.39	0.335627	-0.176455	0.534311	6.24181e-07	-1.34766	-7.95562e-07
3.395	0.335661	-0.176492	0.534255	6.53621e-07	-1.34766	-8.22744e-07
3.4	0.335695	-0.176529	0.534198	6.83151e-07	-1.34766	-8.50012e-07
3.405	0.335729	-0.176566	0.534142	7.12769e-07	-1.34766	-8.77361e-07
3.41	0.335837	-0.176603	0.534099	5.5184e-07	-1.34902	-7.35694e-07
3.415	0.335872	-0.17664	0.534043	5.818e-07	-1.34902	-7.63407e-07
3.42	0.335906	-0.176677	0.533986	6.11831e-07	-1.34902	-7.91187e-07
3.425	0.33594	-0.176714	0.533929	6.41935e-07	-1.34902	-8.19036e-07
3.43	0.335974	-0.176751	0.533872	6.72108e-07	-1.34902	-8.46951e-07
3.435	0.336009	-0.176789	0.533815	7.02347e-07	-1.34902	-8.74929e-07
3.44	0.336043	-0.176826	0.533758	7.32648e-07	-1.34902	-9.02966e-07
3.445	0.336152	-0.176863	0.533716	5.64152e-07	-1.35039	-7.52736e-07
3.45	0.336187	-0.1769	0.533659	5.94752e-07	-1.35039	-7.81097e-07
3.455	0.336221	-0.176938	0.533602	6.25396e-07	-1.35039	-8.09502e-07
3.46	0.336256	-0.176975	0.533545	6.56088e-07	-1.35039	-8.37952e-07
3.465	0.33629	-0.177012	0.533487	6.86824e-07	-1.35039	-8.66444e-07
3.47	0.336325	-0.17705	0.53343	7.17599e-07	-1.35039	-8.94975e-07
3.475	0.336359	-0.177087	0.533373	7.48411e-07	-1.35039	-9.23541e-07
3.48	0.336469	-0.177125	0.53333	5.73156e-07	-1.35176	-7.65387e-07
3.485	0.336504	-0.177162	0.533273	6.04218e-07	-1.35176	-7.94234e-07
3.49	0.336538	-0.1772	0.533216	6.35299e-07	-1.35176	-8.231e-07
3.495	0.336573	-0.177237	0.533158	6.66401e-07	-1.35176	-8.51987e-07
3.5	0.336607	-0.177275	0.533101	6.97519e-07	-1.35176	-8.80891e-07
3.505	0.336642	-0.177312	0.533043	7.28651e-07	-1.35176	-9.09809e-07
3.51	0.336677	-0.17735	0.532986	7.59792e-07	-1.35176	-9.38738e-07
3.515	0.336787	-0.177387	0.532944	5.78724e-07	-1.35314	-7.73462e-07
3.52	0.336821	-0.177425	0.532886	6.10066e-07	-1.35314	-8.02625e-07
3.525	0.336856	-0.177462	0.532829	6.41398e-07	-1.35314	-8.31782e-07
3.53	0.33689	-0.1775	0.532771	6.72724e-07	-1.35314	-8.60934e-07
3.535	0.336925	-0.177537	0.532714	7.0404e-07	-1.35314	-8.90078e-07
3.54	0.33696	-0.177574	0.532657	7.35342e-07	-1.35314	-9.19211e-07
3.545	0.336994	-0.177612	0.532599	7.66626e-07	-1.35314	-9.48329e-07
3.55	0.337104	-0.177649	0.532557	5.80778e-07	-1.35452	-7.76841e-07
3.555	0.337139	-0.177687	0.5325	6.12209e-07	-1.35452	-8.06144e-07
3.56	0.337173	-0.177724	0.532443	6.43604e-07	-1.35452	-8.35414e-07
3.565	0.337208	-0.177762	0.532385	6.74965e-07	-1.35452	-8.64654e-07
3.57	0.337242	-0.177799	0.532328	7.06288e-07	-1.35452	-8.93861e-07
3.575	0.337277	-0.177836	0.532271	7.3757e-07	-1.35452	-9.23031e-07
3.58	0.337311	-0.177873	0.532214	7.68806e-07	-1.35452	-9.5216e-07
3.585	0.337421	-0.177911	0.532172	5.79281e-07	-1.3559	-7.75459e-07
3.59	0.337455	-0.177948	0.532115	6.1061e-07	-1.3559	-8.04721e-07
3.595	0.337489	-0.177985	0.532058	6.41874e-07	-1.3559	-8.33925e-07
3.6	0.337523	-0.178022	0.532001	6.73077e-07	-1.3559	-8.63072e-07
3.605	0.337558	-0.178059	0.531944	7.04216e-07	-1.3559	-8.92161e-07
3.61	0.337592	-0.178096	0.531887	7.35285e-07	-1.3559	-9.21187e-07
3.615	0.337626	-0.178133	0.531831	7.66281e-07	-1.3559	-9.50147e-07
3.62	0.337735	-0.17817	0.531789	5.74242e-07	-1.35727	-7.69313e-07
3.625	0.337769	-0.178207	0.531733	6.05274e-07	-1.35727	-7.98351e-07
3.63	0.337803	-0.178244	0.531676	6.36215e-07	-1.35727	-8.27306e-07
3.635	0.337837	-0.178281	0.53162	6.67068e-07	-1.35727	-8.56179e-07
3.64	0.337871	-0.178318	0.531564	6.97829e-07	-1.35727	-8.84968e-07
3.645	0.337905	-0.178354	0.531507	7.28495e-07	-1.35727	-9.13669e-07
3.65	0.337938	-0.178391	0.531451	7.59061e-07	-1.35727	-9.42279e-07
3.655	0.338046	-0.178427	0.53141	5.6571e-07	-1.35862	-7.58455e-07
3.66	0.33808	-0.178464	0.531355	5.96255e-07	-1.35862	-7.87089e-07
3.665	0.338114	-0.1785	0.531299	6.26682e-07	-1.35862	-8.15613e-07
3.67	0.338147	-0.178537	0.531243	6.56995e-07	-1.35862	-8.44032e-07
3.675	0.338181	-0.178573	0.531187	6.8719e-07	-1.35862	-8.72341e-07
3.68	0.338214	-0.178609	0.531132	7.17262e-07	-1.35862	-9.00537e-07
3.685	0.338247	-0.178645	0.531077	7.4721e-07	-1.35862	-9.28617e-07
3.69	0.338354	-0.178681	0.531036	5.53782e-07	-1.35996	-7.43002e-07
3.695	0.338387	-0.178717	0.530981	5.83652e-07	-1.35996	-7.7105e-07
3.7	0.33842	-0.178753	0.530926	6.13379e-07	-1.35996	-7.98967e-07
3.705	0.338453	-0.178789	0.530871	6.42966e-07	-1.35996	-8.26753e-07
3.71	0.338486	-0.178825	0.530817	6.7241e-07	-1.35996	-8.54405e-07
3.715	0.338519	-0.17886	0.530762	7.01707e-07	-1.35996	-8.81922e-07
3.72	0.338552	-0.178896	0.530708	7.30854e-07	-1.35996	-9.09299e-07
3.725	0.338656	-0.178931	0.530668	5.38595e-07	-1.36128	-7.23124e-07
3.73	0.338689	-0.178966	0.530614	5.67608e-07	-1.36128	-7.50414e-07
3.735	0.338721	-0.179002	0.53056	5.96455e-07	-1.36128	-7.7755e-07
3.74	0.338754	-0.179037	0.530506	6.25138e-07	-1.36128	-8.04532e-07
3.745	0.338786	-0.179072	0.530453	6.53655e-07	-1.36128	-8.31358e-07
3.75	0.338818	-0.179107	0.530399	6.82001e-07	-1.36128	-8.58026e-07
3.755	0.33885	-0.179141	0.530346	7.10174e-07	-1.36128	-8.84532e-07
3.76	0.338953	-0.179176	0.530307	5.20327e-07	-1.36257	-6.99052e-07
3.765	0.338985	-0.179211	0.530254	5.48312e-07	-1.36257	-7.25418e-07
3.77	0.339016	-0.179245	0.530202	5.76109e-07	-1.36257	-7.51608e-07
3.775	0.339048	-0.179279	0.530149	6.0372e-07	-1.36257	-7.77623e-07
3.78	0.33908	-0.179314	0.530096	6.31142e-07	-1.36257	-8.03462e-07
3.785	0.339111	-0.179348	0.530044	6.58372e-07	-1.36257	-8.29121e-07
3.79	0.339143	-0.179382	0.529992	6.85408e-07	-1.36257	-8.54599e-07
3.795	0.339174	-0.179415	0.52994	7.12248e-07	-1.36257	-8.79891e-07
3.8	0.339283	-0.179449	0.529905	6.55852e-07	-1.36399	-8.67157e-07
3.805	0.339314	-0.179483	0.529853	6.82465e-07	-1.36399	-8.92275e-07
3.81	0.339344	-0.179516	0.529802	7.08867e-07	-1.36399	-9.17193e-07
3.815	0.339375	-0.179549	0.529751	7.35059e-07	-1.36399	-9.41916e-07
3.82	0.339406	-0.179583	0.5297	7.6104e-07	-1.36399	-9.66439e-07
3.825	0.339436	-0.179616	0.529649	7.86808e-07	-1.36399	-9.90763e-07
3.83	0.339467	-0.179648	0.529599	8.1236e-07	-1.36399	-1.01488e-06
3.835	0.339497	-0.179681	0.529549	8.37693e-07	-1.36399	-1.0388e-06
3.84	0.339603	-0.179714	0.529515	6.51801e-07	-1.36539	-8.60024e-07
3.845	0.339633	-0.179746	0.529465	6.76856e-07	-1.36539	-8.8371e-07
3.85	0.339663	-0.179779	0.529415	7.01678e-07	-1.36539	-9.07178e-07
3.855	0.339693	-0.179811	0.529366	7.26272e-07	-1.36539	-9.3043e-07
3.86	0.339722	-0.179843	0.529317	7.50635e-07	-1.36539	-9.53465e-07
3.865	0.339752	-0.179875	0.529268	7.74765e-07	-1.36539	-9.76282e-07
3.87	0.339781	-0.179906	0.529219	7.98662e-07	-1.36539	-9.98877e-07
3.875	0.33981	-0.179938	0.529171	8.22322e-07	-1.36539	-1.02125e-06
3.88	0.339912	-0.179969	0.529139	6.14457e-07	-1.36674	-8.10809e-07
3.885	0.339941	-0.18	0.529091	6.37787e-07	-1.36674	-8.32901e-07
3.89	0.33997	-0.180031	0.529043	6.6087e-07	-1.36674	-8.54759e-07
3.895	0.339998	-0.180062	0.528996	6.83708e-07	-1.36674	-8.76385e-07
3.9	0.340027	-0.180093	0.528948	7.06299e-07	-1.36674	-8.97779e-07
3.905	0.340055	-0.180123	0.528902	7.28643e-07	-1.36674	-9.1894e-07
3.91	0.340083	-0.180154	0.528855	7.50738e-07	-1.36674	-9.39865e-07
3.915	0.340111	-0.180184	0.528809	7.72582e-07	-1.36674	-9.60554e-07
3.92	0.340209	-0.180214	0.528778	5.69222e-07	-1.36803	-7.51374e-07
3.925	0.340237	-0.180244	0.528732	5.90693e-07	-1.36803	-7.71736e-07
3.93	0.340264	-0.180273	0.528686	6.11904e-07	-1.36803	-7.91851e-07
3.935	0.340291	-0.180303	0.528641	6.32857e-07	-1.36803	-8.11723e-07
3.94	0.340318	-0.180332	0.528596	6.53552e-07	-1.36803	-8.31351e-07
3.945	0.340345	-0.180361	0.528552	6.73988e-07	-1.36803	-8.50733e-07
3.95	0.340372	-0.18039	0.528507	6.94164e-07	-1.36803	-8.6987e-07
3.955	0.340398	-0.180419	0.528463	7.14079e-07	-1.36803	-8.8876e-07
3.96	0.340425	-0.180447	0.528419	7.33732e-07	-1.36803	-9.07402e-07
3.965	0.340526	-0.180476	0.528392	6.54151e-07	-1.3694	-8.53444e-07
3.97	0.340552	-0.180504	0.528349	6.73405e-07	-1.3694	-8.71732e-07
3.975	0.340577	-0.180532	0.528306	6.92389e-07	-1.3694	-8.89763e-07
3.98	0.340603	-0.18056	0.528263	7.11106e-07	-1.3694	-9.07542e-07
3.985	0.340628	-0.180587	0.528221	7.29556e-07	-1.3694	-9.25068e-07
3.99	0.340654	-0.180614	0.528179	7.4774e-07	-1.3694	-9.42342e-07
3.995	0.340679	-0.180642	0.528137	7.65656e-07	-1.3694	-9.59362e-07
4.0	0.340704	-0.180668	0.528096	7.83305e-07	-1.3694	-9.76128e-07
4.005	0.340728	-0.180695	0.528055	8.00686e-07	-1.3694	-9.9264e-07
4.01	0.340824	-0.180722	0.528029	6.09563e-07	-1.3707	-7.93809e-07
4.015	0.340848	-0.180748	0.527989	6.26515e-07	-1.3707	-8.09934e-07
4.02	0.340872	-0.180774	0.527949	6.43192e-07	-1.3707	-8.25798e-07
4.025	0.340896	-0.1808	0.527909	6.59599e-07	-1.3707	-8.41406e-07
4.03	0.34092	-0.180826	0.52787	6.75737e-07	-1.3707	-8.56758e-07
4.035	0.340943	-0.180851	0.527831	6.91606e-07	-1.3707	-8.71854e-07
4.04	0.340967	-0.180876	0.527792	7.07206e-07	-1.3707	-8.86695e-07
4.045	0.34099	-0.180901	0.527753	7.22537e-07	-1.3707	-9.0128e-07
4.05	0.341013	-0.180926	0.527715	7.37599e-07	-1.3707	-9.15611e-07
4.055	0.341035	-0.180951	0.527678	7.52394e-07	-1.3707	-9.29687e-07
4.06	0.34113	-0.180975	0.527656	6.52344e-07	-1.37203	-8.4166e-07
4.065	0.341153	-0.180999	0.527619	6.66698e-07	-1.37203	-8.55334e-07
4.07	0.341175	-0.181023	0.527582	6.8078e-07	-1.37203	-8.68749e-07
4.075	0.341196	-0.181047	0.527546	6.94594e-07	-1.37203	-8.8191e-07
4.08	0.341218	-0.18107	0.52751	7.08143e-07	-1.37203	-8.94817e-07
4.085	0.34124	-0.181093	0.527474	7.21426e-07	-1.37203	-9.07472e-07
4.09	0.341261	-0.181116	0.527439	7.34444e-07	-1.37203	-9.19875e-07
4.095	0.341282	-0.181139	0.527404	7.472e-07	-1.37203	-9.32028e-07
4.1	0.341303	-0.181162	0.527369	7.59693e-07	-1.37203	-9.43931e-07
4.105	0.341323	-0.181184	0.527335	7.71924e-07	-1.37203	-9.55586e-07
4.11	0.341343	-0.181206	0.527301	7.83896e-07	-1.37203	-9.66993e-07
4.115	0.341436	-0.181228	0.527284	6.77893e-07	-1.37336	-8.66899e-07
4.12	0.341456	-0.181249	0.527251	6.89425e-07	-1.37336	-8.779e-07
4.125	0.341475	-0.18127	0.527218	7.00695e-07	-1.37336	-8.88652e-07
4.13	0.341495	-0.181291	0.527186	7.11709e-07	-1.37336	-8.9916e-07
4.135	0.341514	-0.181312	0.527154	7.22469e-07	-1.37336	-9.09425e-07
4.14	0.341533	-0.181333	0.527122	7.32976e-07	-1.37336	-9.1945e-07
4.145	0.341552	-0.181353	0.527091	7.43231e-07	-1.37336	-9.29234e-07
4.15	0.34157	-0.181373	0.52706	7.53237e-07	-1.37336	-9.38782e-07
4.155	0.341589	-0.181393	0.52703	7.62996e-07	-1.37336	-9.48093e-07
4.16	0.341607	-0.181413	0.527	7.72508e-07	-1.37336	-9.57169e-07
4.165	0.341625	-0.181432	0.52697	7.81777e-07	-1.37336	-9.66013e-07
4.17	0.341642	-0.181451	0.526941	7.90804e-07	-1.37336	-9.74627e-07
4.175	0.341729	-0.18147	0.526927	6.54266e-07	-1.37464	-8.3034e-07
4.18	0.341746	-0.181488	0.526899	6.6287e-07	-1.37464	-8.38561e-07
4.185	0.341763	-0.181506	0.526871	6.71235e-07	-1.37464	-8.46551e-07
4.19	0.34178	-0.181524	0.526843	6.79365e-07	-1.37464	-8.54318e-07
4.195	0.341796	-0.181542	0.526816	6.87262e-07	-1.37464	-8.61863e-07
4.2	0.341813	-0.18156	0.526789	6.9493e-07	-1.37464	-8.69188e-07
4.205	0.341828	-0.181577	0.526762	7.0237e-07	-1.37464	-8.76296e-07
4.21	0.341844	-0.181594	0.526736	7.09584e-07	-1.37464	-8.83189e-07
4.215	0.34186	-0.181611	0.52671	7.16577e-07	-1.37464	-8.8987e-07
4.22	0.341875	-0.181627	0.526685	7.23349e-07	-1.37464	-8.9634e-07
4.225	0.34189	-0.181643	0.52666	7.29904e-07	-1.37464	-9.02604e-07
4.23	0.341904	-0.181659	0.526636	7.36245e-07	-1.37464	-9.08662e-07
4.235	0.341919	-0.181675	0.526612	7.42374e-07	-1.37464	-9.14518e-07
4.24	0.341933	-0.18169	0.526588	7.48293e-07	-1.37464	-9.20174e-07
4.245	0.341947	-0.181705	0.526565	7.54007e-07	-1.37464	-9.25634e-07
4.25	0.342032	-0.18172	0.526558	7.23411e-07	-1.37596	-9.0502e-07
4.255	0.342046	-0.181735	0.526536	7.28758e-07	-1.37596	-9.10135e-07
4.26	0.342059	-0.181749	0.526514	7.33903e-07	-1.37596	-9.15057e-07
4.265	0.342072	-0.181763	0.526492	7.38853e-07	-1.37596	-9.19793e-07
4.27	0.342085	-0.181777	0.526471	7.43611e-07	-1.37596	-9.24344e-07
4.275	0.342097	-0.18179	0.52645	7.4818e-07	-1.37596	-9.28715e-07
4.28	0.342109	-0.181803	0.52643	7.52564e-07	-1.37596	-9.32909e-07
4.285	0.342121	-0.181816	0.52641	7.56765e-07	-1.37596	-9.36928e-07
4.29	0.342133	-0.181829	0.526391	7.60787e-07	-1.37596	-9.40776e-07
4.295	0.342144	-0.181841	0.526372	7.64634e-07	-1.37596	-9.44456e-07
4.3	0.342155	-0.181853	0.526353	7.68308e-07	-1.37596	-9.47972e-07
4.305	0.342166	-0.181865	0.526335	7.71813e-07	-1.37596	-9.51326e-07
4.31	0.342177	-0.181877	0.526317	7.75154e-07	-1.37596	-9.54522e-07
4.315	0.342187	-0.181888	0.5263	7.78333e-07	-1.37596	-9.57563e-07
4.32	0.342197	-0.181899	0.526283	7.81353e-07	-1.37596	-9.60453e-07
4.325	0.342207	-0.181909	0.526267	7.8422e-07	-1.37596	-9.63196e-07
4.33	0.342217	-0.18192	0.526251	7.86936e-07	-1.37596	-9.65794e-07
4.335	0.342226	-0.18193	0.526235	7.89505e-07	-1.37596	-9.68252e-07
4.34	0.342235	-0.18194	0.52622	7.9193e-07	-1.37596	-9.70573e-07
4.345	0.342244	-0.181949	0.526206	7.94217e-07	-1.37596	-9.72761e-07
4.35	0.342252	-0.181958	0.526192	7.96367e-07	-1.37596	-9.74819e-07
4.355	0.342332	-0.181967	0.526194	7.697e-07	-1.37726	-9.46157e-07
4.36	0.34234	-0.181976	0.52618	7.71605e-07	-1.37726	-9.47982e-07
4.365	0.342347	-0.181984	0.526168	7.73384e-07	-1.37726	-9.49686e-07
4.37	0.342355	-0.181992	0.526155	7.75042e-07	-1.37726	-9.51274e-07
4.375	0.342362	-0.182	0.526143	7.76583e-07	-1.37726	-9.52751e-07
4.38	0.342369	-0.182008	0.526132	7.78012e-07	-1.37726	-9.5412e-07
4.385	0.342376	-0.182015	0.52612	7.79333e-07	-1.37726	-9.55385e-07
4.39	0.342382	-0.182022	0.52611	7.80549e-07	-1.37726	-9.5655e-07
4.395	0.342388	-0.182028	0.5261	7.81665e-07	-1.37726	-9.57619e-07
4.4	0.342388	-0.182028	0.5261	-1.82899e-05	-1.37742	-2.74767e-05
4.405	0.342378	-0.182047	0.526105	-3.50372e-05	-1.3776	-6.13608e-05
4.41	0.342365	-0.182064	0.526102	-5.49395e-05	-1.37775	-8.49535e-05
4.415	0.342352	-0.182079	0.526093	-7.77294e-05	-1.37789	-9.84824e-05
4.42	0.342337	-0.182092	0.526078	-0.000103206	-1.378	-0.000103052
4.425	0.342321	-0.182103	0.526058	-0.000131143	-1.3781	-9.90181e-05
4.43	0.342303	-0.182112	0.526032	-0.000161367	-1.37818	-8.74116e-05
4.435	0.342285	-0.18212	0.526001	-0.000193676	-1.37824	-6.84772e-05
4.44	0.342265	-0.182126	0.525966	-0.000227914	-1.3783	-4.33861e-05
4.445	0.342244	-0.182132	0.525927	-0.000263894	-1.37833	-1.2833e-05
4.45	0.342223	-0.182136	0.525883	-0.000301522	-1.37836	2.25913e-05
4.455	0.3422	-0.182139	0.525836	-0.000340623	-1.37837	6.2611e-05
4.46	0.342178	-0.182143	0.525792	-0.000378677	-1.37839	0.000100585
4.465	0.342162	-0.182149	0.525764	-0.000410802	-1.37846	0.000124119
4.47	0.342146	-0.182155	0.525737	-0.00044244	-1.37854	0.00014599
4.475	0.342133	-0.182164	0.525721	-0.000469703	-1.37865	0.000155114
4.48	0.34212	-0.182173	0.525704	-0.000497104	-1.37876	0.000164507
4.485	0.34211	-0.182185	0.525698	-0.000520385	-1.3789	0.00016125
4.49	0.342101	-0.182196	0.525692	-0.000544027	-1.37904	0.000160747
4.495	0.342093	-0.182206	0.525691	-0.000566359	-1.3792	0.000161401
4.5	0.342085	-0.182215	0.525689	-0.000589493	-1.37936	0.000163931
4.505	0.342076	-0.182226	0.525688	-0.000611586	-1.37952	0.000161078
4.51	0.342067	-0.182237	0.525684	-0.000634597	-1.37967	0.000159927
4.515	0.342059	-0.182249	0.525683	-0.000656594	-1.37982	0.000153728
4.52	0.342049	-0.182261	0.525678	-0.000679508	-1.37997	0.00014948
4.525	0.34204	-0.182273	0.525677	-0.000701134	-1.38013	0.000140643
4.53	0.342032	-0.182284	0.525676	-0.000723238	-1.38029	0.000137463
4.535	0.342025	-0.182295	0.525678	-0.000745004	-1.38046	0.000136938
4.54	0.342018	-0.182303	0.52568	-0.0007672	-1.38063	0.000140018
4.545	0.342012	-0.182312	0.525685	-0.000789136	-1.3808	0.000145351
4.55	0.342006	-0.182319	0.525689	-0.000811539	-1.38098	0.000154333
4.555	0.342001	-0.182325	0.525696	-0.000833711	-1.38116	0.000165965
4.56	0.341995	-0.18233	0.525701	-0.000856645	-1.38134	0.000179945
4.565	0.341991	-0.182335	0.525709	-0.000878946	-1.38153	0.00019479
4.57	0.341986	-0.182342	0.525717	-0.000900932	-1.38171	0.000205001
4.575	0.34198	-0.18235	0.525724	-0.000922251	-1.3819	0.000209095
4.58	0.341974	-0.182359	0.525731	-0.000943389	-1.38208	0.000209885
4.585	0.341967	-0.18237	0.525738	-0.000963978	-1.38227	0.000206005
4.59	0.341961	-0.182381	0.525745	-0.000984478	-1.38245	0.000200759
4.595	0.341954	-0.182393	0.525752	-0.00100451	-1.38264	0.00019172
4.6	0.341947	-0.182405	0.525759	-0.00102454	-1.38282	0.000182265
4.605	0.341939	-0.182418	0.525767	-0.00104416	-1.38301	0.000169663
4.61	0.341932	-0.182431	0.525774	-0.00106383	-1.38319	0.000157154
4.615	0.341925	-0.182445	0.525781	-0.00108315	-1.38338	0.000141694
4.62	0.341917	-0.18246	0.525787	-0.00110255	-1.38356	0.000125764
4.625	0.341909	-0.182475	0.525794	-0.00112164	-1.38375	0.000107172
4.63	0.341902	-0.182489	0.525801	-0.00114107	-1.38393	9.14375e-05
4.635	0.341895	-0.1825	0.525809	-0.00116107	-1.38412	8.35997e-05
4.64	0.341889	-0.18251	0.525817	-0.00118175	-1.3843	8.17864e-05
4.645	0.341883	-0.182518	0.525826	-0.00120291	-1.38449	8.63187e-05
4.65	0.341878	-0.182525	0.525834	-0.0012247	-1.38468	9.54344e-05
4.655	0.341874	-0.18253	0.525844	-0.00124686	-1.38488	0.000109351
4.66	0.341869	-0.182534	0.525853	-0.0012696	-1.38507	0.000127791
4.665	0.341865	-0.182537	0.525863	-0.00129262	-1.38526	0.000149489
4.67	0.341861	-0.182539	0.525872	-0.00131623	-1.38545	0.000174756
4.675	0.341858	-0.18254	0.525882	-0.00134027	-1.38564	0.000203127
4.68	0.341854	-0.18254	0.525891	-0.00136483	-1.38583	0.000234733
4.685	0.34185	-0.18254	0.525898	-0.00139017	-1.38602	0.000269537
4.69	0.341845	-0.182538	0.5259	-0.00141763	-1.38618	0.000309541
4.695	0.341837	-0.182536	0.525894	-0.0014473	-1.38633	0.000354075
4.7	0.341828	-0.182533	0.525883	-0.00147887	-1.38645	0.000403301
4.705	0.341817	-0.18253	0.525867	-0.00151223	-1.38656	0.000456362
4.71	0.341804	-0.182525	0.525847	-0.00154699	-1.38666	0.000513528
4.715	0.341791	-0.18252	0.525822	-0.00158328	-1.38674	0.000573951
4.72	0.341776	-0.182515	0.525794	-0.00162069	-1.38681	0.000637906
4.725	0.341762	-0.182509	0.525767	-0.00165792	-1.38689	0.000702028
4.73	0.341752	-0.182503	0.525751	-0.00169196	-1.387	0.000762243
4.735	0.341741	-0.1825	0.525736	-0.00172537	-1.38711	0.000815773
4.74	0.341733	-0.182502	0.525729	-0.00175386	-1.38725	0.000844606
4.745	0.341723	-0.182506	0.525721	-0.0017827	-1.38739	0.000871984
4.75	0.341715	-0.182512	0.52572	-0.00180824	-1.38755	0.000885266
4.755	0.341706	-0.182519	0.525717	-0.00183448	-1.3877	0.000898741
4.76	0.341698	-0.182529	0.52572	-0.00185796	-1.38787	0.000900713
4.765	0.341689	-0.182538	0.525719	-0.00188241	-1.38803	0.000904671
4.77	0.341682	-0.182549	0.525724	-0.00190464	-1.38821	0.000900669
4.775	0.341674	-0.18256	0.525726	-0.00192797	-1.38837	0.000899082
4.78	0.341667	-0.182573	0.525733	-0.00194926	-1.38856	0.000889901
4.785	0.341658	-0.182585	0.525736	-0.00197137	-1.38873	0.000881179
4.79	0.341652	-0.1826	0.525746	-0.00199097	-1.38892	0.00086387
4.795	0.341646	-0.182608	0.525755	-0.0020133	-1.38911	0.000868322
4.8	0.341643	-0.182615	0.52577	-0.0020344	-1.38932	0.000875404
4.805	0.341639	-0.18262	0.525781	-0.00205773	-1.38952	0.000892671
4.81	0.341638	-0.182623	0.525798	-0.00208008	-1.38973	0.00091275
4.815	0.341634	-0.182624	0.525809	-0.00210448	-1.38993	0.000940006
4.82	0.341632	-0.182626	0.525824	-0.00212802	-1.39014	0.000966346
4.825	0.341629	-0.182625	0.525835	-0.00215348	-1.39033	0.00100008
4.83	0.341627	-0.182625	0.525849	-0.00217807	-1.39054	0.00103216
4.835	0.341623	-0.182624	0.525858	-0.00220432	-1.39073	0.00107049
4.84	0.341621	-0.182622	0.525871	-0.00222978	-1.39093	0.00110703
4.845	0.341617	-0.18262	0.525881	-0.00225665	-1.39113	0.00114923
4.85	0.341615	-0.182617	0.525894	-0.00228281	-1.39133	0.00119076
4.855	0.341612	-0.182614	0.525903	-0.0023101	-1.39152	0.00123594
4.86	0.34161	-0.182611	0.525914	-0.0023371	-1.39171	0.00127989
4.865	0.341606	-0.182607	0.525922	-0.00236503	-1.3919	0.00132692
4.87	0.341603	-0.182603	0.525932	-0.00239252	-1.39209	0.00137244
4.875	0.3416	-0.182599	0.525939	-0.00242097	-1.39228	0.00142119
4.88	0.341597	-0.182595	0.525949	-0.00244902	-1.39247	0.00146833
4.885	0.341593	-0.182591	0.525956	-0.0024777	-1.39265	0.00151822
4.89	0.34159	-0.182587	0.525965	-0.00250599	-1.39284	0.00156638
4.895	0.341586	-0.182582	0.525972	-0.00253499	-1.39302	0.00161729
4.9	0.341583	-0.182578	0.525981	-0.00256349	-1.39321	0.0016661
4.905	0.34158	-0.182573	0.525988	-0.00259245	-1.3934	0.00171761
4.91	0.341577	-0.182569	0.525998	-0.00262114	-1.39359	0.00176726
4.915	0.341573	-0.182564	0.526005	-0.00265042	-1.39377	0.00181963
4.92	0.34157	-0.182559	0.526014	-0.00267924	-1.39396	0.00186986
4.925	0.341567	-0.182554	0.526022	-0.00270869	-1.39415	0.00192281
4.93	0.341564	-0.182549	0.526032	-0.00273754	-1.39434	0.00197334
4.935	0.341559	-0.182543	0.526036	-0.00276804	-1.39451	0.00202896
4.94	0.341553	-0.182537	0.526034	-0.00280037	-1.39467	0.00208741
4.945	0.341545	-0.182531	0.526025	-0.0028344	-1.3948	0.0021486
4.95	0.341537	-0.182525	0.526015	-0.00286888	-1.39493	0.0022107
4.955	0.341531	-0.182519	0.526012	-0.00290172	-1.39508	0.00227072
4.96	0.341524	-0.182513	0.526007	-0.00293522	-1.39522	0.00233157
4.965	0.341519	-0.182506	0.526007	-0.00296742	-1.39538	0.00239089
4.97	0.341514	-0.1825	0.526005	-0.00300016	-1.39554	0.00245121
4.975	0.341511	-0.182493	0.52601	-0.00303139	-1.39571	0.00251075
4.98	0.341507	-0.182486	0.526012	-0.00306356	-1.39588	0.00257174
4.985	0.341505	-0.182479	0.52602	-0.00309435	-1.39607	0.0026318
4.99	0.341501	-0.182472	0.526024	-0.00312619	-1.39624	0.00269334
4.995	0.3415	-0.182465	0.526034	-0.00315677	-1.39643	0.00275379
5.0	0.341497	-0.182457	0.52604	-0.00318845	-1.39661	0.00281569
5.005	0.341495	-0.18245	0.526051	-0.00321896	-1.39681	0.00287644
5.01	0.341493	-0.182442	0.526058	-0.00325059	-1.39699	0.00293857
5.015	0.341492	-0.182435	0.52607	-0.00328107	-1.39719	0.00299933
5.02	0.341489	-0.182427	0.526078	-0.00331271	-1.39737	0.00306124
5.025	0.341487	-0.18242	0.526089	-0.00334338	-1.39757	0.00312097
5.03	0.341485	-0.182415	0.526099	-0.00337398	-1.39776	0.00317634
5.035	0.341482	-0.182411	0.526109	-0.00340359	-1.39795	0.00322373
5.04	0.341478	-0.182409	0.526117	-0.00343328	-1.39814	0.00326879
5.045	0.341474	-0.182408	0.526127	-0.00346213	-1.39833	0.0033073
5.05	0.34147	-0.182407	0.526135	-0.0034912	-1.39852	0.00334582
5.055	0.341465	-0.182408	0.526145	-0.00351962	-1.39871	0.00338079
5.06	0.34146	-0.182409	0.526152	-0.00354813	-1.3989	0.00341212
5.065	0.341455	-0.182412	0.52616	-0.00357585	-1.39908	0.00343704
5.07	0.341448	-0.182417	0.526165	-0.00360373	-1.39926	0.00345917
5.075	0.341441	-0.182423	0.52617	-0.00363085	-1.39944	0.00347557
5.08	0.341434	-0.18243	0.526174	-0.00365813	-1.39961	0.00348983
5.085	0.341426	-0.182438	0.526177	-0.00368467	-1.39979	0.00349893
5.09	0.341418	-0.182447	0.52618	-0.00371144	-1.39995	0.003507
5.095	0.34141	-0.182457	0.526183	-0.0037376	-1.40013	0.00351203
5.1	0.341402	-0.182466	0.526185	-0.00376395	-1.40029	0.00351644
5.105	0.341394	-0.182477	0.526188	-0.00378976	-1.40047	0.00351819
5.11	0.341385	-0.182488	0.52619	-0.00381571	-1.40063	0.00351845
5.115	0.341376	-0.1825	0.526192	-0.0038411	-1.4008	0.00351524
5.12	0.341367	-0.182512	0.526192	-0.00386668	-1.40096	0.00351097
5.125	0.341357	-0.182526	0.526193	-0.00389172	-1.40113	0.00350356
5.13	0.341348	-0.182539	0.526193	-0.00391697	-1.40129	0.00349543
5.135	0.341338	-0.182554	0.526194	-0.00394167	-1.40145	0.00348441
5.14	0.341328	-0.182568	0.526194	-0.0039667	-1.40162	0.00347497
5.145	0.34132	-0.182581	0.526197	-0.00399156	-1.40179	0.003469
5.15	0.341311	-0.182593	0.526199	-0.00401674	-1.40196	0.00346428
5.155	0.341304	-0.182604	0.526204	-0.00404178	-1.40214	0.00346238
5.16	0.341296	-0.182616	0.526208	-0.00406718	-1.40231	0.00346152
5.165	0.341289	-0.182626	0.526214	-0.00409246	-1.40249	0.00346289
5.17	0.341282	-0.182636	0.526219	-0.00411813	-1.40267	0.00346523
5.175	0.341275	-0.182646	0.526226	-0.00414368	-1.40285	0.00346935
5.18	0.341268	-0.182655	0.526232	-0.00416965	-1.40303	0.00347427
5.185	0.341262	-0.182664	0.526239	-0.00419549	-1.40321	0.00348071
5.19	0.341255	-0.182674	0.526244	-0.00422164	-1.40339	0.00348607
5.195	0.341248	-0.182684	0.526249	-0.00424741	-1.40357	0.00348794
5.2	0.34124	-0.182695	0.526252	-0.00427349	-1.40374	0.00348892
5.205	0.341231	-0.182707	0.526255	-0.00429916	-1.40391	0.00348663
5.21	0.341223	-0.182719	0.526256	-0.00432511	-1.40408	0.00348369
5.215	0.341214	-0.182732	0.526258	-0.00435061	-1.40424	0.00347768
5.22	0.341204	-0.182745	0.526257	-0.0043764	-1.4044	0.00347127
5.225	0.341195	-0.182759	0.526259	-0.00440144	-1.40457	0.00346075
5.23	0.341185	-0.182774	0.52626	-0.00442613	-1.40474	0.00344752
5.235	0.341176	-0.182789	0.526261	-0.00445119	-1.4049	0.00343655
5.24	0.341168	-0.182802	0.526265	-0.00447645	-1.40507	0.00343025
5.245	0.34116	-0.182814	0.526268	-0.00450213	-1.40524	0.00342643
5.25	0.341152	-0.182825	0.526273	-0.00452794	-1.40542	0.00342614
5.255	0.341145	-0.182836	0.526276	-0.00455416	-1.4056	0.00342773
5.26	0.341138	-0.182846	0.526282	-0.00458046	-1.40577	0.00343203
5.265	0.341132	-0.182855	0.526287	-0.00460707	-1.40595	0.00343749
5.27	0.341125	-0.182864	0.526294	-0.00463375	-1.40613	0.00344508
5.275	0.341119	-0.182872	0.526299	-0.00466077	-1.40631	0.00345403
5.28	0.341113	-0.18288	0.526307	-0.00468785	-1.4065	0.003465
5.285	0.341106	-0.182889	0.526312	-0.00471513	-1.40668	0.0034746
5.29	0.341099	-0.182898	0.526317	-0.00474215	-1.40685	0.00348062
5.295	0.341091	-0.182908	0.52632	-0.00476936	-1.40702	0.00348562
5.3	0.341083	-0.182919	0.526322	-0.00479629	-1.40719	0.00348729
5.305	0.341075	-0.18293	0.526323	-0.00482338	-1.40736	0.00348815
5.31	0.341066	-0.182942	0.526325	-0.0048502	-1.40752	0.00348654
5.315	0.341057	-0.182954	0.526325	-0.00487729	-1.40768	0.00348609
5.32	0.341048	-0.182966	0.526326	-0.00490401	-1.40785	0.00348244
5.325	0.341039	-0.182978	0.526326	-0.00493104	-1.40801	0.00348096
5.33	0.341031	-0.182989	0.526329	-0.00495822	-1.40818	0.00348338
5.335	0.341023	-0.182999	0.526331	-0.00498568	-1.40835	0.00348739
5.34	0.341016	-0.183008	0.526336	-0.00501327	-1.40852	0.00349465
5.345	0.341009	-0.183017	0.52634	-0.00504105	-1.4087	0.00350279
5.35	0.341002	-0.183025	0.526345	-0.00506908	-1.40888	0.00351423
5.355	0.340996	-0.183033	0.52635	-0.00509728	-1.40905	0.00352616
5.36	0.34099	-0.18304	0.526356	-0.00512566	-1.40923	0.00354048
5.365	0.340983	-0.183047	0.526362	-0.00515423	-1.40941	0.00355503
5.37	0.340978	-0.183054	0.526369	-0.00518302	-1.4096	0.00357249
5.375	0.340971	-0.183061	0.526374	-0.00521184	-1.40977	0.00358754
5.38	0.340964	-0.183069	0.526378	-0.00524048	-1.40995	0.00359933
5.385	0.340957	-0.183078	0.52638	-0.00526914	-1.41012	0.00360912
5.39	0.340949	-0.183087	0.526382	-0.0052976	-1.41028	0.00361594
5.395	0.34094	-0.183098	0.526383	-0.00532606	-1.41045	0.00362104
5.4	0.340931	-0.183109	0.526383	-0.00535431	-1.41061	0.00362345
5.405	0.340922	-0.183119	0.526383	-0.00538271	-1.41077	0.00362693
5.41	0.340915	-0.183129	0.526386	-0.00541134	-1.41094	0.003635
5.415	0.340907	-0.183138	0.526388	-0.00544011	-1.41111	0.00364345
5.42	0.3409	-0.183146	0.526393	-0.00546907	-1.41128	0.00365565
5.425	0.340893	-0.183154	0.526397	-0.00549826	-1.41146	0.00366907
5.43	0.340887	-0.183161	0.526403	-0.00552762	-1.41164	0.00368505
5.435	0.34088	-0.183167	0.526408	-0.00555722	-1.41181	0.00370191
5.44	0.340874	-0.183173	0.526414	-0.00558696	-1.41199	0.00372092
5.445	0.340868	-0.183179	0.52642	-0.00561696	-1.41217	0.00374056
5.45	0.340863	-0.183185	0.526426	-0.00564709	-1.41236	0.00376183
5.455	0.340856	-0.183191	0.526431	-0.00567732	-1.41253	0.00378132
5.46	0.340849	-0.183198	0.526435	-0.00570732	-1.4127	0.00379725
5.465	0.340841	-0.183206	0.526437	-0.00573736	-1.41287	0.00381126
5.47	0.340834	-0.183214	0.526438	-0.00576713	-1.41304	0.00382204
5.475	0.340825	-0.183224	0.526438	-0.00579691	-1.4132	0.0038312
5.48	0.340816	-0.183234	0.526438	-0.00582642	-1.41336	0.00383751
5.485	0.340807	-0.183244	0.526438	-0.00585612	-1.41352	0.00384498
5.49	0.3408	-0.183252	0.52644	-0.00588606	-1.41369	0.00385676
5.495	0.340792	-0.183261	0.526441	-0.00591627	-1.41385	0.00386986
5.5	0.340786	-0.183268	0.526445	-0.0059467	-1.41402	0.0038868
5.505	0.340779	-0.183274	0.526448	-0.0059774	-1.4142	0.00390446
5.51	0.340773	-0.18328	0.526454	-0.00600829	-1.41437	0.00392542
5.515	0.340767	-0.183286	0.526457	-0.00603943	-1.41455	0.00394676
5.52	0.340762	-0.183291	0.526463	-0.00607076	-1.41472	0.00397095
5.525	0.340756	-0.183296	0.526468	-0.00610232	-1.4149	0.00399524
5.53	0.340751	-0.1833	0.526474	-0.00613405	-1.41508	0.00402201
5.535	0.340745	-0.183304	0.526479	-0.006166	-1.41526	0.00404869
5.54	0.34074	-0.183308	0.526486	-0.00619808	-1.41544	0.00407746
5.545	0.340734	-0.183312	0.52649	-0.00623019	-1.41561	0.00410376
5.55	0.340728	-0.183318	0.526494	-0.00626193	-1.41578	0.00412578
5.555	0.340721	-0.183324	0.526495	-0.00629373	-1.41595	0.00414583
5.56	0.340713	-0.183332	0.526497	-0.00632513	-1.41611	0.00416198
5.565	0.340705	-0.18334	0.526496	-0.00635658	-1.41627	0.00417646
5.57	0.340697	-0.183349	0.526496	-0.00638735	-1.41644	0.00418596
5.575	0.340688	-0.18336	0.526498	-0.00641735	-1.4166	0.00419053
5.58	0.34068	-0.183372	0.526499	-0.00644679	-1.41677	0.00419097
5.585	0.340671	-0.183386	0.526502	-0.00647562	-1.41694	0.00418755
5.59	0.340663	-0.1834	0.526505	-0.00650407	-1.41711	0.00418122
5.595	0.340654	-0.183414	0.526508	-0.00653206	-1.41728	0.00417203
5.6	0.340645	-0.18343	0.526512	-0.0065598	-1.41745	0.00416085
5.605	0.340637	-0.183446	0.526517	-0.00658718	-1.41763	0.00414754
5.61	0.340628	-0.183462	0.526521	-0.00661443	-1.4178	0.00413293
5.615	0.340619	-0.183478	0.526526	-0.00664141	-1.41798	0.00411672
5.62	0.340611	-0.183495	0.526531	-0.00666869	-1.41816	0.00410225
5.625	0.340603	-0.183509	0.526536	-0.006697	-1.41834	0.00409552
5.63	0.340595	-0.183521	0.526542	-0.00672609	-1.41851	0.00409463
5.635	0.340588	-0.183532	0.526547	-0.006756	-1.41869	0.00409961
5.64	0.340582	-0.183541	0.526552	-0.00678653	-1.41887	0.00410843
5.645	0.340574	-0.183551	0.526555	-0.00681736	-1.41904	0.00411699
5.65	0.340566	-0.183561	0.526556	-0.00684822	-1.4192	0.00412401
5.655	0.340557	-0.18357	0.526555	-0.00688031	-1.41936	0.00413722
5.66	0.34055	-0.183577	0.526558	-0.00691248	-1.41953	0.00415523
5.665	0.340543	-0.183583	0.526558	-0.00694576	-1.41969	0.00417856
5.67	0.340538	-0.183587	0.526564	-0.00697902	-1.41987	0.00420576
5.675	0.340531	-0.183591	0.526565	-0.00701335	-1.42003	0.00423751
5.68	0.340527	-0.183593	0.526572	-0.00704764	-1.42021	0.00427237
5.685	0.340521	-0.183594	0.526574	-0.00708295	-1.42038	0.00431116
5.69	0.340517	-0.183595	0.526581	-0.00711818	-1.42056	0.00435243
5.695	0.340512	-0.183594	0.526585	-0.00715439	-1.42074	0.00439714
5.7	0.340508	-0.183593	0.526592	-0.00719049	-1.42092	0.00444381
5.705	0.340503	-0.183592	0.526592	-0.007228	-1.42108	0.00449407
5.71	0.340495	-0.183589	0.526586	-0.00726676	-1.42122	0.00454754
5.715	0.340487	-0.183587	0.526578	-0.00730618	-1.42135	0.00460342
5.72	0.340481	-0.183583	0.526576	-0.00734507	-1.42151	0.00466032
5.725	0.340475	-0.183579	0.526572	-0.00738458	-1.42165	0.00471969
5.73	0.340471	-0.183575	0.526573	-0.00742381	-1.42182	0.00478089
5.735	0.340465	-0.18357	0.526572	-0.00746375	-1.42197	0.00484426
5.74	0.340462	-0.183564	0.526575	-0.00750348	-1.42214	0.0049092
5.745	0.340457	-0.183558	0.526574	-0.00754394	-1.4223	0.00497607
5.75	0.340454	-0.183551	0.526578	-0.00758421	-1.42247	0.00504426
5.755	0.34045	-0.183544	0.526578	-0.00762518	-1.42263	0.00511415
5.76	0.340448	-0.183536	0.526582	-0.00766599	-1.4228	0.00518518
5.765	0.340444	-0.183529	0.526583	-0.0077071	-1.42296	0.005255
5.77	0.340441	-0.183524	0.526587	-0.00774696	-1.42313	0.00531782
5.775	0.340436	-0.18352	0.526588	-0.0077872	-1.4233	0.00538009
5.78	0.340433	-0.183516	0.526592	-0.00782633	-1.42347	0.00543653
5.785	0.340428	-0.183513	0.526592	-0.00786624	-1.42363	0.00549492
5.79	0.340424	-0.18351	0.526597	-0.00790556	-1.4238	0.00555131
5.795	0.340419	-0.183509	0.526601	-0.00794393	-1.42398	0.00560003
5.8	0.340414	-0.18351	0.526606	-0.0079812	-1.42415	0.00564053
5.805	0.340409	-0.183513	0.52661	-0.00801771	-1.42432	0.00567489
5.81	0.340403	-0.183518	0.526615	-0.00805335	-1.4245	0.0057025
5.815	0.340397	-0.183525	0.526619	-0.00808839	-1.42467	0.00572528
5.82	0.34039	-0.183533	0.526624	-0.00812271	-1.42485	0.00574254
5.825	0.340383	-0.183542	0.526628	-0.00815657	-1.42502	0.00575597
5.83	0.340376	-0.183552	0.526632	-0.00819017	-1.4252	0.00576683
5.835	0.340368	-0.183561	0.526634	-0.00822468	-1.42536	0.00578327
5.84	0.340362	-0.183568	0.526639	-0.00825956	-1.42554	0.00580432
5.845	0.340356	-0.183573	0.526643	-0.00829527	-1.42571	0.00583015
5.85	0.34035	-0.183578	0.52665	-0.00833124	-1.42589	0.00585966
5.855	0.340344	-0.183581	0.526652	-0.00836823	-1.42606	0.00589361
5.86	0.340339	-0.183584	0.526656	-0.00840561	-1.42623	0.00593091
5.865	0.340336	-0.183585	0.526664	-0.00844299	-1.42642	0.00597095
5.87	0.340331	-0.183586	0.526668	-0.00848127	-1.42659	0.00601442
5.875	0.340328	-0.183586	0.526676	-0.00851955	-1.42678	0.00605998
5.88	0.340323	-0.183585	0.526677	-0.00855906	-1.42694	0.00610911
5.885	0.340315	-0.183584	0.526671	-0.00859972	-1.42708	0.00616151
5.89	0.340307	-0.183582	0.526663	-0.00864097	-1.42721	0.0062165
5.895	0.340301	-0.18358	0.526661	-0.00868193	-1.42736	0.00627298
5.9	0.340294	-0.183577	0.526656	-0.00872349	-1.42751	0.00633181
5.905	0.34029	-0.183573	0.526658	-0.00876481	-1.42768	0.00639215
5.91	0.340284	-0.183569	0.526658	-0.00880671	-1.42783	0.00645448
5.915	0.340281	-0.183564	0.526663	-0.00884837	-1.42801	0.00651779
5.92	0.340277	-0.183559	0.526665	-0.00889067	-1.42817	0.00658307
5.925	0.340274	-0.183553	0.526672	-0.00893289	-1.42835	0.00664957
5.93	0.340271	-0.183548	0.526676	-0.00897558	-1.42853	0.00671733
5.935	0.340268	-0.183541	0.526684	-0.00901816	-1.42871	0.00678599
5.94	0.340265	-0.183535	0.52669	-0.00906131	-1.42889	0.00685612
5.945	0.340264	-0.183528	0.526699	-0.0091044	-1.42908	0.00692714
5.95	0.34026	-0.183521	0.526705	-0.00914806	-1.42926	0.00699954
5.955	0.340259	-0.183513	0.526714	-0.00919168	-1.42945	0.00707256
5.96	0.340255	-0.183507	0.52672	-0.00923518	-1.42962	0.00714209
5.965	0.340252	-0.183505	0.526728	-0.00927676	-1.42981	0.00719846
5.97	0.340247	-0.183503	0.526733	-0.00931838	-1.42998	0.00725268
