0.0	0.310429	-0.173769	0.537008	0.180534	-1.45468	-0.24872
0.005	0.310429	-0.173769	0.537008	0.180534	-1.45468	-0.24872
0.01	0.310429	-0.173769	0.537008	0.180534	-1.45468	-0.24872
0.015	0.31043	-0.173769	0.537008	0.180534	-1.45468	-0.24872
0.02	0.310431	-0.173769	0.537008	0.180534	-1.45468	-0.24872
0.025	0.310433	-0.173769	0.537009	0.180534	-1.45468	-0.24872
0.03	0.310435	-0.173769	0.537009	0.180534	-1.45468	-0.24872
0.035	0.310438	-0.173769	0.53701	0.180534	-1.45468	-0.24872
0.04	0.310441	-0.173769	0.53701	0.180534	-1.45468	-0.24872
0.045	0.310445	-0.173769	0.537011	0.180534	-1.45468	-0.24872
0.05	0.31045	-0.173769	0.537012	0.180534	-1.45468	-0.24872
0.055	0.310455	-0.17377	0.537013	0.180534	-1.45468	-0.24872
0.06	0.310461	-0.17377	0.537014	0.180534	-1.45468	-0.24872
0.065	0.310467	-0.17377	0.537015	0.180534	-1.45468	-0.24872
0.07	0.310473	-0.17377	0.537016	0.180534	-1.45468	-0.24872
0.075	0.310481	-0.17377	0.537018	0.180534	-1.45468	-0.24872
0.08	0.310488	-0.17377	0.537019	0.180534	-1.45468	-0.24872
0.085	0.310497	-0.17377	0.537021	0.180534	-1.45468	-0.24872
0.09	0.310505	-0.173771	0.537022	0.180534	-1.45468	-0.24872
0.095	0.310516	-0.173771	0.537024	0.180534	-1.45468	-0.24872
0.1	0.310526	-0.173771	0.537026	0.180534	-1.45468	-0.24872
0.105	0.310536	-0.173771	0.537028	0.180534	-1.45468	-0.24872
0.11	0.310547	-0.173771	0.53703	0.180534	-1.45468	-0.24872
0.115	0.310559	-0.173772	0.537032	0.180534	-1.45468	-0.24872
0.12	0.310571	-0.173772	0.537034	0.180534	-1.45468	-0.24872
0.125	0.310583	-0.173772	0.537037	0.180534	-1.45468	-0.24872
0.13	0.310597	-0.173772	0.537039	0.180534	-1.45468	-0.24872
0.135	0.31061	-0.173773	0.537042	0.180534	-1.45468	-0.24872
0.14	0.310624	-0.173773	0.537044	0.180534	-1.45468	-0.24872
0.145	0.310639	-0.173773	0.537047	0.180534	-1.45468	-0.24872
0.15	0.310654	-0.173774	0.53705	0.180534	-1.45468	-0.24872
0.155	0.31067	-0.173774	0.537053	0.180534	-1.45468	-0.24872
0.16	0.310687	-0.173774	0.537056	0.180534	-1.45468	-0.24872
0.165	0.310641	-0.173759	0.53704	0.178912	-1.45354	-0.246485
0.17	0.310658	-0.173759	0.537043	0.178912	-1.45354	-0.246485
0.175	0.310676	-0.17376	0.537047	0.178912	-1.45354	-0.246485
0.18	0.310695	-0.17376	0.53705	0.178912	-1.45354	-0.246485
0.185	0.310714	-0.17376	0.537054	0.178912	-1.45354	-0.246485
0.19	0.310733	-0.173761	0.537057	0.178912	-1.45354	-0.246485
0.195	0.310753	-0.173761	0.537061	0.178912	-1.45354	-0.246485
0.2	0.310774	-0.173762	0.537065	0.178912	-1.45354	-0.246485
0.205	0.310795	-0.173762	0.537069	0.178912	-1.45354	-0.246485
0.21	0.310816	-0.173762	0.537073	0.178912	-1.45354	-0.246485
0.215	0.310839	-0.173763	0.537077	0.178912	-1.45354	-0.246485
0.22	0.310861	-0.173763	0.537081	0.178912	-1.45354	-0.246485
0.225	0.310823	-0.173749	0.537066	0.177313	-1.45242	-0.244282
0.23	0.310846	-0.173749	0.537071	0.177313	-1.45242	-0.244282
0.235	0.310871	-0.173749	0.537075	0.177313	-1.45242	-0.244282
0.24	0.310895	-0.17375	0.53708	0.177313	-1.45242	-0.244282
0.245	0.310921	-0.17375	0.537085	0.177313	-1.45242	-0.244282
0.25	0.310946	-0.173751	0.537089	0.177313	-1.45242	-0.244282
0.255	0.310973	-0.173751	0.537094	0.177313	-1.45242	-0.244282
0.26	0.310999	-0.173752	0.537099	0.177313	-1.45242	-0.244282
0.265	0.311027	-0.173752	0.537104	0.177313	-1.45242	-0.244282
0.27	0.311054	-0.173753	0.537109	0.177313	-1.45242	-0.244282
0.275	0.311017	-0.173738	0.537095	0.175618	-1.45123	-0.241947
0.28	0.311046	-0.173738	0.5371	0.175618	-1.45123	-0.241947
0.285	0.311076	-0.173739	0.537106	0.175618	-1.45123	-0.241947
0.29	0.311105	-0.173739	0.537111	0.175618	-1.45123	-0.241947
0.295	0.311136	-0.17374	0.537117	0.175618	-1.45123	-0.241947
0.3	0.311167	-0.17374	0.537122	0.175618	-1.45123	-0.241947
0.305	0.311198	-0.173741	0.537128	0.175618	-1.45123	-0.241947
0.31	0.31123	-0.173741	0.537134	0.175618	-1.45123	-0.241947
0.315	0.3112	-0.173727	0.537121	0.174005	-1.4501	-0.239725
0.32	0.311233	-0.173728	0.537127	0.174005	-1.4501	-0.239725
0.325	0.311266	-0.173728	0.537134	0.174005	-1.4501	-0.239725
0.33	0.3113	-0.173729	0.53714	0.174005	-1.4501	-0.239725
0.335	0.311334	-0.173729	0.537146	0.174005	-1.4501	-0.239725
0.34	0.311369	-0.17373	0.537153	0.174005	-1.4501	-0.239725
0.345	0.311404	-0.17373	0.537159	0.174005	-1.4501	-0.239725
0.35	0.311379	-0.173717	0.537147	0.172425	-1.44899	-0.237548
0.355	0.311416	-0.173717	0.537154	0.172425	-1.44899	-0.237548
0.36	0.311452	-0.173718	0.537161	0.172425	-1.44899	-0.237548
0.365	0.31149	-0.173719	0.537168	0.172425	-1.44899	-0.237548
0.37	0.311527	-0.173719	0.537175	0.172425	-1.44899	-0.237548
0.375	0.311566	-0.17372	0.537182	0.172425	-1.44899	-0.237548
0.38	0.311604	-0.17372	0.537189	0.172425	-1.44899	-0.237548
0.385	0.311577	-0.173706	0.537176	0.170708	-1.44779	-0.235182
0.39	0.311617	-0.173706	0.537184	0.170708	-1.44779	-0.235182
0.395	0.311657	-0.173707	0.537191	0.170708	-1.44779	-0.235182
0.4	0.311698	-0.173707	0.537198	0.170708	-1.44779	-0.235182
0.405	0.311739	-0.173708	0.537206	0.170708	-1.44779	-0.235182
0.41	0.311781	-0.173708	0.537214	0.170708	-1.44779	-0.235182
0.415	0.31176	-0.173695	0.537203	0.169088	-1.44665	-0.232951
0.42	0.311803	-0.173696	0.537211	0.169088	-1.44665	-0.232951
0.425	0.311846	-0.173696	0.537218	0.169089	-1.44665	-0.232951
0.43	0.311889	-0.173697	0.537226	0.169089	-1.44665	-0.232951
0.435	0.311933	-0.173697	0.537235	0.169089	-1.44665	-0.232951
0.44	0.311978	-0.173698	0.537243	0.169089	-1.44665	-0.232951
0.445	0.311956	-0.173684	0.537231	0.16738	-1.44546	-0.230597
0.45	0.312002	-0.173685	0.53724	0.16738	-1.44546	-0.230597
0.455	0.312047	-0.173685	0.537248	0.16738	-1.44546	-0.230597
0.46	0.312094	-0.173686	0.537257	0.16738	-1.44546	-0.230597
0.465	0.312141	-0.173686	0.537265	0.16738	-1.44546	-0.230597
0.47	0.312188	-0.173687	0.537274	0.16738	-1.44546	-0.230597
0.475	0.312165	-0.173672	0.537262	0.165564	-1.44418	-0.228096
0.48	0.312213	-0.173673	0.537271	0.165564	-1.44418	-0.228096
0.485	0.312262	-0.173673	0.537279	0.165564	-1.44418	-0.228096
0.49	0.312311	-0.173674	0.537288	0.165564	-1.44418	-0.228096
0.495	0.31236	-0.173674	0.537297	0.165564	-1.44418	-0.228096
0.5	0.312347	-0.173662	0.537288	0.163939	-1.44304	-0.225857
0.505	0.312397	-0.173662	0.537297	0.163939	-1.44304	-0.225857
0.51	0.312448	-0.173663	0.537307	0.163939	-1.44304	-0.225857
0.515	0.312499	-0.173663	0.537316	0.163939	-1.44304	-0.225857
0.52	0.312551	-0.173664	0.537325	0.163939	-1.44304	-0.225857
0.525	0.312538	-0.173651	0.537316	0.162268	-1.44187	-0.223555
0.53	0.312591	-0.173651	0.537325	0.162268	-1.44187	-0.223555
0.535	0.312643	-0.173652	0.537335	0.162268	-1.44187	-0.223555
0.54	0.312697	-0.173652	0.537345	0.162268	-1.44187	-0.223555
0.545	0.312751	-0.173653	0.537355	0.162268	-1.44187	-0.223555
0.55	0.312737	-0.17364	0.537345	0.16053	-1.44065	-0.22116
0.555	0.312792	-0.17364	0.537355	0.16053	-1.44065	-0.22116
0.56	0.312847	-0.17364	0.537365	0.16053	-1.44065	-0.22116
0.565	0.312902	-0.173641	0.537375	0.16053	-1.44065	-0.22116
0.57	0.312958	-0.173641	0.537385	0.16053	-1.44065	-0.22116
0.575	0.312944	-0.173628	0.537375	0.158723	-1.43939	-0.21867
0.58	0.313001	-0.173628	0.537385	0.158723	-1.43939	-0.21867
0.585	0.313058	-0.173629	0.537396	0.158723	-1.43939	-0.21867
0.59	0.313116	-0.173629	0.537406	0.158723	-1.43939	-0.21867
0.595	0.313174	-0.173629	0.537417	0.158723	-1.43939	-0.21867
0.6	0.313159	-0.173616	0.537406	0.156849	-1.43807	-0.216089
0.605	0.313218	-0.173616	0.537417	0.156849	-1.43807	-0.216089
0.61	0.313277	-0.173616	0.537428	0.156849	-1.43807	-0.216089
0.615	0.313336	-0.173617	0.537439	0.156849	-1.43807	-0.216089
0.62	0.313335	-0.173605	0.537432	0.155264	-1.43696	-0.213905
0.625	0.313395	-0.173606	0.537443	0.155264	-1.43696	-0.213905
0.63	0.313456	-0.173606	0.537454	0.155264	-1.43696	-0.213905
0.635	0.313517	-0.173606	0.537465	0.155264	-1.43696	-0.213905
0.64	0.313516	-0.173595	0.537458	0.153672	-1.43585	-0.211712
0.645	0.313578	-0.173595	0.537469	0.153672	-1.43585	-0.211712
0.65	0.31364	-0.173595	0.537481	0.153672	-1.43585	-0.211712
0.655	0.313703	-0.173596	0.537492	0.153672	-1.43585	-0.211712
0.66	0.313702	-0.173585	0.537485	0.152044	-1.4347	-0.209469
0.665	0.313766	-0.173585	0.537497	0.152044	-1.4347	-0.209469
0.67	0.313829	-0.173585	0.537508	0.152044	-1.4347	-0.209469
0.675	0.313893	-0.173585	0.53752	0.152044	-1.4347	-0.209469
0.68	0.313893	-0.173574	0.537513	0.150377	-1.43353	-0.207173
0.685	0.313958	-0.173574	0.537525	0.150377	-1.43353	-0.207173
0.69	0.314023	-0.173574	0.537536	0.150377	-1.43353	-0.207173
0.695	0.314088	-0.173574	0.537548	0.150377	-1.43353	-0.207173
0.7	0.314088	-0.173563	0.537541	0.148673	-1.43234	-0.204825
0.705	0.314154	-0.173563	0.537553	0.148673	-1.43234	-0.204825
0.71	0.314221	-0.173562	0.537565	0.148673	-1.43234	-0.204825
0.715	0.314288	-0.173562	0.537577	0.148673	-1.43234	-0.204825
0.72	0.314287	-0.173551	0.53757	0.146932	-1.43112	-0.202427
0.725	0.314354	-0.173551	0.537582	0.146932	-1.43112	-0.202427
0.73	0.314422	-0.173551	0.537595	0.146932	-1.43112	-0.202427
0.735	0.314491	-0.173551	0.537607	0.146932	-1.43112	-0.202427
0.74	0.31449	-0.17354	0.5376	0.145156	-1.42987	-0.199979
0.745	0.314559	-0.17354	0.537612	0.145156	-1.42987	-0.199979
0.75	0.314628	-0.173539	0.537625	0.145156	-1.42987	-0.199979
0.755	0.314698	-0.173539	0.537637	0.145156	-1.42987	-0.199979
0.76	0.314697	-0.173528	0.53763	0.143345	-1.4286	-0.197485
0.765	0.314767	-0.173528	0.537642	0.143345	-1.4286	-0.197485
0.77	0.314837	-0.173527	0.537655	0.143345	-1.4286	-0.197485
0.775	0.314908	-0.173527	0.537668	0.143345	-1.4286	-0.197485
0.78	0.314907	-0.173516	0.53766	0.141501	-1.42731	-0.194944
0.785	0.314979	-0.173516	0.537673	0.141501	-1.42731	-0.194944
0.79	0.315051	-0.173515	0.537686	0.141501	-1.42731	-0.194944
0.795	0.315123	-0.173515	0.537699	0.141501	-1.42731	-0.194944
0.8	0.315122	-0.173504	0.537692	0.139625	-1.426	-0.19236
0.805	0.315194	-0.173503	0.537705	0.139625	-1.426	-0.19236
0.81	0.315267	-0.173503	0.537718	0.139625	-1.426	-0.19236
0.815	0.315341	-0.173502	0.537731	0.139625	-1.426	-0.19236
0.82	0.315339	-0.173491	0.537723	0.137718	-1.42466	-0.189732
0.825	0.315413	-0.173491	0.537737	0.137718	-1.42466	-0.189732
0.83	0.315488	-0.17349	0.53775	0.137718	-1.42466	-0.189732
0.835	0.315562	-0.17349	0.537763	0.137718	-1.42466	-0.189732
0.84	0.315561	-0.173479	0.537756	0.135781	-1.4233	-0.187064
0.845	0.315636	-0.173478	0.537769	0.135781	-1.4233	-0.187064
0.85	0.315711	-0.173477	0.537782	0.135781	-1.4233	-0.187064
0.855	0.315787	-0.173477	0.537796	0.135781	-1.4233	-0.187064
0.86	0.315785	-0.173466	0.537788	0.133816	-1.42192	-0.184357
0.865	0.315861	-0.173465	0.537802	0.133816	-1.42192	-0.184357
0.87	0.315938	-0.173464	0.537815	0.133816	-1.42192	-0.184357
0.875	0.316014	-0.173464	0.537829	0.133816	-1.42192	-0.184357
0.88	0.316013	-0.173453	0.537821	0.131824	-1.42053	-0.181612
0.885	0.31609	-0.173452	0.537835	0.131824	-1.42053	-0.181612
0.89	0.316167	-0.173451	0.537849	0.131824	-1.42053	-0.181612
0.895	0.316183	-0.173443	0.537846	0.130261	-1.41943	-0.179459
0.9	0.316261	-0.173442	0.53786	0.130261	-1.41943	-0.179459
0.905	0.316339	-0.173441	0.537873	0.130261	-1.41943	-0.179459
0.91	0.316418	-0.17344	0.537887	0.130261	-1.41943	-0.179459
0.915	0.316418	-0.17343	0.53788	0.12827	-1.41803	-0.176715
0.92	0.316496	-0.173429	0.537894	0.12827	-1.41803	-0.176715
0.925	0.316575	-0.173428	0.537908	0.12827	-1.41803	-0.176715
0.93	0.316592	-0.17342	0.537905	0.126678	-1.41692	-0.174523
0.935	0.316671	-0.173419	0.537919	0.126678	-1.41692	-0.174523
0.94	0.316751	-0.173417	0.537933	0.126678	-1.41692	-0.174523
0.945	0.316769	-0.17341	0.537931	0.125116	-1.41582	-0.172371
0.95	0.316849	-0.173408	0.537945	0.125116	-1.41582	-0.172371
0.955	0.31693	-0.173407	0.537959	0.125116	-1.41582	-0.172371
0.96	0.316948	-0.173399	0.537957	0.123547	-1.41472	-0.170209
0.965	0.317029	-0.173398	0.537971	0.123547	-1.41472	-0.170209
0.97	0.31711	-0.173397	0.537986	0.123547	-1.41472	-0.170209
0.975	0.317129	-0.173389	0.537983	0.121966	-1.41361	-0.168031
0.98	0.31721	-0.173388	0.537998	0.121966	-1.41361	-0.168031
0.985	0.317292	-0.173386	0.538012	0.121966	-1.41361	-0.168031
0.99	0.31731	-0.173379	0.53801	0.120373	-1.4125	-0.165837
0.995	0.317392	-0.173377	0.538024	0.120373	-1.4125	-0.165837
1.0	0.317474	-0.173376	0.538039	0.120373	-1.4125	-0.165837
1.005	0.317493	-0.173368	0.538036	0.118771	-1.41137	-0.163629
1.01	0.317576	-0.173367	0.538051	0.118771	-1.41137	-0.163629
1.015	0.317658	-0.173365	0.538065	0.118771	-1.41137	-0.163629
1.02	0.317677	-0.173358	0.538063	0.117158	-1.41024	-0.161407
1.025	0.31776	-0.173356	0.538078	0.117158	-1.41024	-0.161407
1.03	0.317843	-0.173354	0.538092	0.117158	-1.41024	-0.161407
1.035	0.317862	-0.173347	0.53809	0.115535	-1.40911	-0.159172
1.04	0.317946	-0.173346	0.538105	0.115535	-1.40911	-0.159172
1.045	0.318029	-0.173344	0.538119	0.115535	-1.40911	-0.159172
1.05	0.318048	-0.173337	0.538117	0.113904	-1.40796	-0.156924
1.055	0.318132	-0.173335	0.538132	0.113904	-1.40796	-0.156924
1.06	0.318216	-0.173333	0.538146	0.113904	-1.40796	-0.156924
1.065	0.318235	-0.173326	0.538144	0.112264	-1.40681	-0.154665
1.07	0.318319	-0.173324	0.538159	0.112264	-1.40681	-0.154665
1.075	0.318404	-0.173322	0.538174	0.112264	-1.40681	-0.154665
1.08	0.318423	-0.173316	0.538172	0.110617	-1.40566	-0.152396
1.085	0.318508	-0.173313	0.538186	0.110617	-1.40566	-0.152396
1.09	0.318592	-0.173311	0.538201	0.110617	-1.40566	-0.152396
1.095	0.318612	-0.173305	0.538199	0.108963	-1.4045	-0.150116
1.1	0.318697	-0.173302	0.538214	0.108963	-1.4045	-0.150116
1.105	0.318782	-0.1733	0.538229	0.108963	-1.4045	-0.150116
1.11	0.318801	-0.173294	0.538227	0.107301	-1.40333	-0.147828
1.115	0.318886	-0.173292	0.538241	0.107301	-1.40333	-0.147828
1.12	0.318972	-0.173289	0.538256	0.107301	-1.40333	-0.147828
1.125	0.318991	-0.173283	0.538254	0.105634	-1.40216	-0.145531
1.13	0.319077	-0.173281	0.538269	0.105634	-1.40216	-0.145531
1.135	0.319162	-0.173278	0.538284	0.105634	-1.40216	-0.145531
1.14	0.319182	-0.173272	0.538282	0.103962	-1.40099	-0.143227
1.145	0.319268	-0.17327	0.538297	0.103962	-1.40099	-0.143227
1.15	0.319354	-0.173267	0.538312	0.103962	-1.40099	-0.143227
1.155	0.319373	-0.173261	0.53831	0.102284	-1.39981	-0.140916
1.16	0.319459	-0.173259	0.538325	0.102284	-1.39981	-0.140916
1.165	0.319545	-0.173256	0.538339	0.102284	-1.39981	-0.140916
1.17	0.319565	-0.17325	0.538338	0.100603	-1.39864	-0.138599
1.175	0.319651	-0.173248	0.538352	0.100603	-1.39864	-0.138599
1.18	0.319737	-0.173245	0.538367	0.100603	-1.39864	-0.138599
1.185	0.319757	-0.17324	0.538366	0.0989176	-1.39745	-0.136278
1.19	0.319843	-0.173237	0.53838	0.0989176	-1.39745	-0.136278
1.195	0.31993	-0.173234	0.538395	0.0989176	-1.39745	-0.136278
1.2	0.319949	-0.173229	0.538393	0.0972293	-1.39627	-0.133952
1.205	0.320036	-0.173225	0.538408	0.0972293	-1.39627	-0.133952
1.21	0.320122	-0.173222	0.538423	0.0972293	-1.39627	-0.133952
1.215	0.320142	-0.173218	0.538422	0.0955386	-1.39508	-0.131622
1.22	0.320229	-0.173214	0.538436	0.0955386	-1.39508	-0.131622
1.225	0.320315	-0.173211	0.538451	0.0955386	-1.39508	-0.131622
1.23	0.320335	-0.173207	0.53845	0.093846	-1.3939	-0.12929
1.235	0.320422	-0.173203	0.538464	0.093846	-1.3939	-0.12929
1.24	0.320508	-0.1732	0.538479	0.093846	-1.3939	-0.12929
1.245	0.320528	-0.173196	0.538478	0.0921521	-1.39271	-0.126957
1.25	0.320615	-0.173192	0.538492	0.0921521	-1.39271	-0.126957
1.255	0.320702	-0.173189	0.538507	0.0921521	-1.39271	-0.126957
1.26	0.320721	-0.173185	0.538506	0.0904576	-1.39152	-0.124622
1.265	0.320808	-0.173181	0.538521	0.0904576	-1.39152	-0.124622
1.27	0.320895	-0.173178	0.538535	0.0904576	-1.39152	-0.124622
1.275	0.320914	-0.173174	0.538534	0.088763	-1.39033	-0.122288
1.28	0.321001	-0.17317	0.538549	0.088763	-1.39033	-0.122288
1.285	0.321088	-0.173166	0.538563	0.088763	-1.39033	-0.122288
1.29	0.321107	-0.173163	0.538562	0.0870689	-1.38915	-0.119954
1.295	0.321194	-0.173159	0.538577	0.0870689	-1.38915	-0.119954
1.3	0.321281	-0.173155	0.538591	0.0870689	-1.38915	-0.119954
1.305	0.3213	-0.173152	0.53859	0.085376	-1.38796	-0.117621
1.31	0.321387	-0.173148	0.538605	0.085376	-1.38796	-0.117621
1.315	0.321473	-0.173144	0.538619	0.085376	-1.38796	-0.117621
1.32	0.321493	-0.173141	0.538618	0.0836848	-1.38677	-0.115291
1.325	0.321579	-0.173137	0.538633	0.0836848	-1.38677	-0.115291
1.33	0.321666	-0.173133	0.538647	0.0836848	-1.38677	-0.115291
1.335	0.321685	-0.17313	0.538646	0.0819959	-1.38559	-0.112965
1.34	0.321772	-0.173126	0.538661	0.0819959	-1.38559	-0.112965
1.345	0.321858	-0.173122	0.538675	0.0819959	-1.38559	-0.112965
1.35	0.321877	-0.173119	0.538674	0.0803099	-1.38441	-0.110642
1.355	0.321963	-0.173115	0.538688	0.0803099	-1.38441	-0.110642
1.36	0.32205	-0.17311	0.538703	0.0803099	-1.38441	-0.110642
1.365	0.322069	-0.173108	0.538702	0.0786274	-1.38323	-0.108324
1.37	0.322155	-0.173104	0.538716	0.0786274	-1.38323	-0.108324
1.375	0.322241	-0.173099	0.538731	0.0786274	-1.38323	-0.108324
1.38	0.32226	-0.173097	0.538729	0.076949	-1.38205	-0.106012
1.385	0.322346	-0.173093	0.538744	0.076949	-1.38205	-0.106012
1.39	0.322432	-0.173088	0.538758	0.076949	-1.38205	-0.106012
1.395	0.322451	-0.173086	0.538757	0.0752753	-1.38088	-0.103706
1.4	0.322536	-0.173082	0.538772	0.0752753	-1.38088	-0.103706
1.405	0.322622	-0.173077	0.538786	0.0752753	-1.38088	-0.103706
1.41	0.322641	-0.173075	0.538785	0.0736069	-1.37971	-0.101407
1.415	0.322726	-0.173071	0.538799	0.0736069	-1.37971	-0.101407
1.42	0.322811	-0.173066	0.538813	0.0736069	-1.37971	-0.101407
1.425	0.32283	-0.173064	0.538812	0.0719444	-1.37854	-0.0991169
1.43	0.322915	-0.17306	0.538827	0.0719444	-1.37854	-0.0991169
1.435	0.323	-0.173055	0.538841	0.0719444	-1.37854	-0.0991169
1.44	0.323019	-0.173054	0.53884	0.0702883	-1.37738	-0.0968353
1.445	0.323103	-0.173049	0.538854	0.0702883	-1.37738	-0.0968353
1.45	0.323188	-0.173044	0.538868	0.0702883	-1.37738	-0.0968353
1.455	0.323206	-0.173043	0.538867	0.0686393	-1.37622	-0.0945635
1.46	0.323291	-0.173038	0.538881	0.0686393	-1.37622	-0.0945635
1.465	0.323375	-0.173034	0.538895	0.0686393	-1.37622	-0.0945635
1.47	0.323393	-0.173032	0.538894	0.0669979	-1.37507	-0.0923021
1.475	0.323477	-0.173028	0.538908	0.0669979	-1.37507	-0.0923021
1.48	0.323561	-0.173023	0.538922	0.0669979	-1.37507	-0.0923021
1.485	0.323579	-0.173022	0.538921	0.0653647	-1.37393	-0.0900521
1.49	0.323663	-0.173017	0.538935	0.0653647	-1.37393	-0.0900521
1.495	0.323746	-0.173012	0.538949	0.0653647	-1.37393	-0.0900521
1.5	0.323764	-0.173011	0.538948	0.0637403	-1.37279	-0.0878141
1.505	0.323847	-0.173006	0.538962	0.0637403	-1.37279	-0.0878141
1.51	0.32393	-0.173001	0.538976	0.0637403	-1.37279	-0.0878141
1.515	0.323948	-0.173001	0.538975	0.0621252	-1.37166	-0.085589
1.52	0.32403	-0.172996	0.538989	0.0621252	-1.37166	-0.085589
1.525	0.324113	-0.172991	0.539002	0.0621252	-1.37166	-0.085589
1.53	0.324131	-0.17299	0.539001	0.06052	-1.37053	-0.0833776
1.535	0.324213	-0.172985	0.539015	0.06052	-1.37053	-0.0833776
1.54	0.324294	-0.17298	0.539029	0.06052	-1.37053	-0.0833776
1.545	0.324312	-0.17298	0.539028	0.0589253	-1.36941	-0.0811806
1.55	0.324394	-0.172975	0.539041	0.0589253	-1.36941	-0.0811806
1.555	0.324475	-0.17297	0.539055	0.0589253	-1.36941	-0.0811806
1.56	0.324493	-0.17297	0.539054	0.0573417	-1.3683	-0.0789989
1.565	0.324573	-0.172965	0.539067	0.0573417	-1.3683	-0.0789989
1.57	0.324654	-0.172959	0.539081	0.0573417	-1.3683	-0.0789989
1.575	0.324671	-0.172959	0.53908	0.0557697	-1.3672	-0.0768331
1.58	0.324752	-0.172954	0.539093	0.0557697	-1.3672	-0.0768331
1.585	0.324832	-0.172949	0.539106	0.0557697	-1.3672	-0.0768331
1.59	0.324849	-0.172949	0.539106	0.0542098	-1.36611	-0.0746841
1.595	0.324929	-0.172944	0.539119	0.0542098	-1.36611	-0.0746841
1.6	0.325008	-0.172939	0.539132	0.0542098	-1.36611	-0.0746841
1.605	0.325025	-0.172939	0.539131	0.0526626	-1.36502	-0.0725526
1.61	0.325104	-0.172934	0.539144	0.0526626	-1.36502	-0.0725526
1.615	0.325182	-0.172929	0.539157	0.0526626	-1.36502	-0.0725526
1.62	0.3252	-0.172929	0.539157	0.0511287	-1.36395	-0.0704394
1.625	0.325278	-0.172924	0.53917	0.0511287	-1.36395	-0.0704394
1.63	0.325356	-0.172919	0.539182	0.0511287	-1.36395	-0.0704394
1.635	0.325433	-0.172914	0.539195	0.0511287	-1.36395	-0.0704394
1.64	0.325432	-0.172916	0.539191	0.0491571	-1.36256	-0.067723
1.645	0.325509	-0.172911	0.539203	0.0491571	-1.36256	-0.067723
1.65	0.325586	-0.172905	0.539216	0.0491571	-1.36256	-0.067723
1.655	0.325601	-0.172906	0.539215	0.0476095	-1.36148	-0.0655909
1.66	0.325677	-0.172901	0.539228	0.0476095	-1.36148	-0.0655909
1.665	0.325753	-0.172896	0.53924	0.0476095	-1.36148	-0.0655909
1.67	0.325829	-0.17289	0.539252	0.0476095	-1.36148	-0.0655909
1.675	0.325828	-0.172893	0.539248	0.0456779	-1.36012	-0.0629297
1.68	0.325903	-0.172888	0.539261	0.0456779	-1.36012	-0.0629297
1.685	0.325978	-0.172883	0.539273	0.0456779	-1.36012	-0.0629297
1.69	0.326053	-0.172877	0.539285	0.0456779	-1.36012	-0.0629297
1.695	0.32605	-0.172881	0.539281	0.0437322	-1.35876	-0.0602491
1.7	0.326124	-0.172875	0.539293	0.0437322	-1.35876	-0.0602491
1.705	0.326198	-0.17287	0.539305	0.0437322	-1.35876	-0.0602491
1.71	0.326271	-0.172865	0.539317	0.0437322	-1.35876	-0.0602491
1.715	0.326268	-0.172868	0.539312	0.0418113	-1.35741	-0.0576027
1.72	0.326341	-0.172863	0.539324	0.0418113	-1.35741	-0.0576027
1.725	0.326414	-0.172858	0.539336	0.0418113	-1.35741	-0.0576027
1.73	0.326486	-0.172852	0.539348	0.0418113	-1.35741	-0.0576027
1.735	0.326483	-0.172856	0.539344	0.0399204	-1.35609	-0.0549976
1.74	0.326555	-0.172851	0.539355	0.0399204	-1.35609	-0.0549976
1.745	0.326626	-0.172845	0.539367	0.0399204	-1.35609	-0.0549976
1.75	0.326698	-0.17284	0.539378	0.0399204	-1.35609	-0.0549976
1.755	0.326694	-0.172844	0.539374	0.0380609	-1.35478	-0.0524358
1.76	0.326765	-0.172839	0.539386	0.0380609	-1.35478	-0.0524358
1.765	0.326835	-0.172833	0.539397	0.0380609	-1.35478	-0.0524358
1.77	0.326905	-0.172828	0.539408	0.0380609	-1.35478	-0.0524358
1.775	0.326902	-0.172832	0.539404	0.0362341	-1.3535	-0.0499191
1.78	0.326971	-0.172827	0.539416	0.0362341	-1.3535	-0.0499191
1.785	0.32704	-0.172821	0.539427	0.0362341	-1.3535	-0.0499191
1.79	0.327109	-0.172816	0.539438	0.0362341	-1.3535	-0.0499191
1.795	0.327106	-0.172821	0.539434	0.0344412	-1.35225	-0.0474491
1.8	0.327174	-0.172815	0.539445	0.0344412	-1.35225	-0.0474491
1.805	0.327241	-0.17281	0.539456	0.0344412	-1.35225	-0.0474491
1.81	0.327308	-0.172805	0.539467	0.0344412	-1.35225	-0.0474491
1.815	0.327305	-0.172809	0.539463	0.0326833	-1.35101	-0.0450272
1.82	0.327372	-0.172804	0.539474	0.0326833	-1.35101	-0.0450272
1.825	0.327438	-0.172799	0.539484	0.0326833	-1.35101	-0.0450272
1.83	0.327504	-0.172793	0.539495	0.0326833	-1.35101	-0.0450272
1.835	0.327501	-0.172798	0.539492	0.0309615	-1.34981	-0.0426551
1.84	0.327566	-0.172793	0.539502	0.0309615	-1.34981	-0.0426551
1.845	0.327631	-0.172788	0.539512	0.0309615	-1.34981	-0.0426551
1.85	0.327695	-0.172782	0.539523	0.0309615	-1.34981	-0.0426551
1.855	0.327692	-0.172787	0.539519	0.0292768	-1.34863	-0.0403341
1.86	0.327756	-0.172782	0.53953	0.0292768	-1.34863	-0.0403341
1.865	0.327819	-0.172777	0.53954	0.0292768	-1.34863	-0.0403341
1.87	0.327882	-0.172771	0.53955	0.0292768	-1.34863	-0.0403341
1.875	0.327879	-0.172777	0.539547	0.0276303	-1.34747	-0.0380658
1.88	0.327941	-0.172771	0.539556	0.0276303	-1.34747	-0.0380658
1.885	0.328003	-0.172766	0.539566	0.0276303	-1.34747	-0.0380658
1.89	0.328065	-0.172761	0.539576	0.0276303	-1.34747	-0.0380658
1.895	0.328062	-0.172766	0.539573	0.0260231	-1.34634	-0.0358516
1.9	0.328122	-0.172761	0.539583	0.0260231	-1.34634	-0.0358516
1.905	0.328183	-0.172756	0.539592	0.0260231	-1.34634	-0.0358516
1.91	0.328242	-0.172751	0.539602	0.0260231	-1.34634	-0.0358516
1.915	0.32824	-0.172756	0.539599	0.0244562	-1.34525	-0.0336928
1.92	0.328299	-0.172751	0.539608	0.0244562	-1.34525	-0.0336928
1.925	0.328357	-0.172746	0.539618	0.0244562	-1.34525	-0.0336928
1.93	0.328415	-0.172741	0.539627	0.0244562	-1.34525	-0.0336928
1.935	0.328413	-0.172746	0.539624	0.0229304	-1.34418	-0.0315909
1.94	0.32847	-0.172741	0.539633	0.0229304	-1.34418	-0.0315909
1.945	0.328527	-0.172736	0.539642	0.0229304	-1.34418	-0.0315909
1.95	0.328584	-0.172731	0.539651	0.0229304	-1.34418	-0.0315909
1.955	0.32864	-0.172726	0.53966	0.0229304	-1.34418	-0.0315909
1.96	0.328624	-0.172734	0.539655	0.0211211	-1.34291	-0.0290981
1.965	0.328679	-0.172729	0.539664	0.0211211	-1.34291	-0.0290981
1.97	0.328734	-0.172724	0.539672	0.0211211	-1.34291	-0.0290981
1.975	0.328789	-0.172719	0.539681	0.0211211	-1.34291	-0.0290981
1.98	0.328843	-0.172715	0.53969	0.0211211	-1.34291	-0.0290981
1.985	0.328826	-0.172723	0.539684	0.0193437	-1.34166	-0.0266494
1.99	0.328879	-0.172718	0.539693	0.0193437	-1.34166	-0.0266494
1.995	0.328932	-0.172713	0.539701	0.0193437	-1.34166	-0.0266494
2.0	0.328984	-0.172708	0.539709	0.0193437	-1.34166	-0.0266494
2.005	0.329036	-0.172704	0.539717	0.0193437	-1.34166	-0.0266494
2.01	0.32902	-0.172712	0.539712	0.017632	-1.34046	-0.0242913
2.015	0.329071	-0.172707	0.53972	0.017632	-1.34046	-0.0242913
2.02	0.329121	-0.172702	0.539728	0.017632	-1.34046	-0.0242913
2.025	0.329172	-0.172698	0.539736	0.017632	-1.34046	-0.0242913
2.03	0.329221	-0.172693	0.539744	0.017632	-1.34046	-0.0242913
2.035	0.329206	-0.172701	0.539739	0.0159911	-1.33931	-0.0220306
2.04	0.329254	-0.172697	0.539747	0.0159911	-1.33931	-0.0220306
2.045	0.329303	-0.172692	0.539755	0.0159911	-1.33931	-0.0220306
2.05	0.329351	-0.172688	0.539762	0.0159911	-1.33931	-0.0220306
2.055	0.329398	-0.172683	0.53977	0.0159911	-1.33931	-0.0220306
2.06	0.329383	-0.172691	0.539765	0.0144229	-1.33821	-0.0198701
2.065	0.32943	-0.172687	0.539772	0.0144229	-1.33821	-0.0198701
2.07	0.329476	-0.172682	0.53978	0.0144229	-1.33821	-0.0198701
2.075	0.329521	-0.172678	0.539787	0.0144229	-1.33821	-0.0198701
2.08	0.329566	-0.172674	0.539794	0.0144229	-1.33821	-0.0198701
2.085	0.329611	-0.17267	0.539801	0.0144229	-1.33821	-0.0198701
2.09	0.329586	-0.172679	0.539795	0.0126703	-1.33698	-0.0174556
2.095	0.32963	-0.172675	0.539802	0.0126703	-1.33698	-0.0174556
2.1	0.329673	-0.172671	0.539808	0.0126703	-1.33698	-0.0174556
2.105	0.329716	-0.172667	0.539815	0.0126703	-1.33698	-0.0174556
2.11	0.329758	-0.172663	0.539822	0.0126703	-1.33698	-0.0174556
2.115	0.3298	-0.172659	0.539828	0.0126703	-1.33698	-0.0174556
2.12	0.329775	-0.172668	0.539822	0.0109973	-1.33581	-0.0151507
2.125	0.329816	-0.172665	0.539829	0.0109973	-1.33581	-0.0151507
2.13	0.329857	-0.172661	0.539835	0.0109973	-1.33581	-0.0151507
2.135	0.329897	-0.172657	0.539841	0.0109973	-1.33581	-0.0151507
2.14	0.329936	-0.172653	0.539847	0.0109973	-1.33581	-0.0151507
2.145	0.329975	-0.172649	0.539854	0.0109973	-1.33581	-0.0151507
2.15	0.329952	-0.172659	0.539848	0.00943304	-1.33471	-0.0129956
2.155	0.32999	-0.172655	0.539854	0.00943304	-1.33471	-0.0129956
2.16	0.330027	-0.172651	0.53986	0.00943304	-1.33471	-0.0129956
2.165	0.330064	-0.172648	0.539865	0.00943304	-1.33471	-0.0129956
2.17	0.330101	-0.172644	0.539871	0.00943304	-1.33471	-0.0129956
2.175	0.330137	-0.172641	0.539877	0.00943304	-1.33471	-0.0129956
2.18	0.330172	-0.172637	0.539882	0.00943304	-1.33471	-0.0129956
2.185	0.330142	-0.172648	0.539876	0.00777741	-1.33355	-0.0107147
2.19	0.330176	-0.172644	0.539881	0.00777741	-1.33355	-0.0107147
2.195	0.33021	-0.172641	0.539886	0.00777741	-1.33355	-0.0107147
2.2	0.330244	-0.172638	0.539891	0.00777741	-1.33355	-0.0107147
2.205	0.330277	-0.172634	0.539897	0.00777741	-1.33355	-0.0107147
2.21	0.33031	-0.172631	0.539902	0.00777741	-1.33355	-0.0107147
2.215	0.330342	-0.172628	0.539907	0.00777741	-1.33355	-0.0107147
2.22	0.330313	-0.172638	0.5399	0.00625483	-1.33248	-0.00861705
2.225	0.330344	-0.172635	0.539905	0.00625483	-1.33248	-0.00861705
2.23	0.330375	-0.172632	0.53991	0.00625483	-1.33248	-0.00861705
2.235	0.330405	-0.172629	0.539915	0.00625483	-1.33248	-0.00861705
2.24	0.330434	-0.172626	0.539919	0.00625483	-1.33248	-0.00861705
2.245	0.330463	-0.172623	0.539924	0.00625483	-1.33248	-0.00861705
2.25	0.330492	-0.17262	0.539928	0.00625483	-1.33248	-0.00861705
2.255	0.33052	-0.172617	0.539933	0.00625483	-1.33248	-0.00861705
2.26	0.330487	-0.172628	0.539926	0.00473024	-1.33141	-0.00651664
2.265	0.330514	-0.172625	0.53993	0.00473024	-1.33141	-0.00651664
2.27	0.33054	-0.172623	0.539934	0.00473024	-1.33141	-0.00651664
2.275	0.330566	-0.17262	0.539938	0.00473024	-1.33141	-0.00651664
2.28	0.330592	-0.172618	0.539942	0.00473024	-1.33141	-0.00651664
2.285	0.330616	-0.172615	0.539946	0.00473024	-1.33141	-0.00651664
2.29	0.330641	-0.172613	0.53995	0.00473024	-1.33141	-0.00651664
2.295	0.330665	-0.17261	0.539953	0.00473024	-1.33141	-0.00651664
2.3	0.330688	-0.172608	0.539957	0.00473024	-1.33141	-0.00651664
2.305	0.330711	-0.172606	0.53996	0.00473024	-1.33141	-0.00651664
2.31	0.33067	-0.172618	0.539952	0.00313474	-1.3303	-0.00431852
2.315	0.330692	-0.172615	0.539956	0.00313474	-1.3303	-0.00431852
2.32	0.330713	-0.172613	0.539959	0.00313474	-1.3303	-0.00431852
2.325	0.330734	-0.172611	0.539962	0.00313474	-1.3303	-0.00431852
2.33	0.330754	-0.172609	0.539965	0.00313474	-1.3303	-0.00431852
2.335	0.330773	-0.172607	0.539968	0.00313474	-1.3303	-0.00431852
2.34	0.330792	-0.172605	0.539971	0.00313474	-1.3303	-0.00431852
2.345	0.330811	-0.172603	0.539974	0.00313474	-1.3303	-0.00431852
2.35	0.330829	-0.172601	0.539977	0.00313474	-1.3303	-0.00431852
2.355	0.330847	-0.1726	0.53998	0.00313474	-1.3303	-0.00431852
2.36	0.330864	-0.172598	0.539982	0.00313474	-1.3303	-0.00431852
2.365	0.33088	-0.172596	0.539985	0.00313474	-1.3303	-0.00431852
2.37	0.330896	-0.172595	0.539987	0.00313474	-1.3303	-0.00431852
2.375	0.330849	-0.172607	0.539978	0.00155958	-1.32919	-0.00214844
2.38	0.330864	-0.172606	0.539981	0.00155958	-1.32919	-0.00214844
2.385	0.330878	-0.172604	0.539983	0.00155958	-1.32919	-0.00214844
2.39	0.330892	-0.172603	0.539985	0.00155958	-1.32919	-0.00214844
2.395	0.330905	-0.172602	0.539987	0.00155958	-1.32919	-0.00214844
2.4	0.330918	-0.1726	0.539989	0.00155958	-1.32919	-0.00214844
2.405	0.33093	-0.172599	0.539991	0.00155958	-1.32919	-0.00214844
2.41	0.330942	-0.172598	0.539993	0.00155958	-1.32919	-0.00214844
2.415	0.330953	-0.172597	0.539994	0.00155958	-1.32919	-0.00214844
2.42	0.330963	-0.172596	0.539996	0.00155958	-1.32919	-0.00214844
2.425	0.330973	-0.172595	0.539998	0.00155958	-1.32919	-0.00214844
2.43	0.330982	-0.172594	0.539999	0.00155958	-1.32919	-0.00214844
2.435	0.330992	-0.172593	0.54	0.00155958	-1.32919	-0.00214844
2.44	0.330999	-0.172592	0.540002	0.00155958	-1.32919	-0.00214844
2.445	0.331007	-0.172591	0.540003	0.00155958	-1.32919	-0.00214844
2.45	0.331015	-0.17259	0.540004	0.00155958	-1.32919	-0.00214844
2.455	0.331021	-0.17259	0.540005	0.00155958	-1.32919	-0.00214844
2.46	0.331028	-0.172589	0.540006	0.00155958	-1.32919	-0.00214844
2.465	0.331034	-0.172588	0.540007	0.00155958	-1.32919	-0.00214844
2.47	0.331039	-0.172588	0.540008	0.00155958	-1.32919	-0.00214844
2.475	0.331043	-0.172587	0.540008	0.00155958	-1.32919	-0.00214844
2.48	0.331048	-0.172587	0.540009	0.00155958	-1.32919	-0.00214844
2.485	0.331051	-0.172587	0.54001	0.00155958	-1.32919	-0.00214844
2.49	0.331054	-0.172586	0.54001	0.00155958	-1.32919	-0.00214844
2.495	0.331057	-0.172586	0.540011	0.00155958	-1.32919	-0.00214844
2.5	0.331059	-0.172586	0.540011	0.00155958	-1.32919	-0.00214844
2.505	0.33106	-0.172586	0.540011	0.00155958	-1.32919	-0.00214844
2.51	0.33106	-0.172586	0.540011	0.00155958	-1.32919	-0.00214844
2.515	0.331061	-0.172586	0.540011	0.00155958	-1.32919	-0.00214844
2.52	0.331061	-0.172586	0.540011	0.00155958	-1.32919	-0.00214844
2.525	0.331062	-0.172586	0.54001	0.00155958	-1.32919	-0.00214844
2.53	0.331063	-0.172586	0.540009	0.00155958	-1.32919	-0.00214844
2.535	0.331064	-0.172586	0.540008	0.00155958	-1.32919	-0.00214844
2.54	0.331065	-0.172586	0.540006	0.00155958	-1.32919	-0.00214844
2.545	0.331067	-0.172586	0.540003	0.00155958	-1.32919	-0.00214844
2.55	0.331015	-0.172593	0.539991	0.000425489	-1.32824	-0.000217429
2.555	0.331017	-0.172594	0.539987	0.00042549	-1.32824	-0.000217429
2.56	0.33102	-0.172594	0.539984	0.00042549	-1.32824	-0.000217429
2.565	0.331023	-0.172594	0.539979	0.00042549	-1.32824	-0.00021743
2.57	0.331026	-0.172594	0.539974	0.000425491	-1.32824	-0.00021743
2.575	0.33103	-0.172595	0.539969	0.000425491	-1.32824	-0.000217431
2.58	0.331034	-0.172595	0.539964	0.000425492	-1.32824	-0.000217431
2.585	0.331038	-0.172596	0.539958	0.000425493	-1.32824	-0.000217432
2.59	0.331043	-0.172596	0.539951	0.000425494	-1.32824	-0.000217433
2.595	0.331048	-0.172597	0.539944	0.000425495	-1.32824	-0.000217434
2.6	0.331055	-0.172569	0.539937	0.0016176	-1.32832	-2.15047e-05
2.605	0.33106	-0.172569	0.53993	0.0016176	-1.32832	-2.15059e-05
2.61	0.331066	-0.17257	0.539921	0.0016176	-1.32832	-2.15073e-05
2.615	0.331072	-0.17257	0.539912	0.00161761	-1.32832	-2.15087e-05
2.62	0.331079	-0.172571	0.539902	0.00161761	-1.32832	-2.15103e-05
2.625	0.331086	-0.172572	0.539893	0.00161761	-1.32832	-2.15119e-05
2.63	0.331099	-0.17254	0.539885	0.00304109	-1.32849	-1.58942e-06
2.635	0.331107	-0.172541	0.539874	0.0030411	-1.32849	-1.59144e-06
2.64	0.331115	-0.172542	0.539863	0.0030411	-1.32849	-1.59362e-06
2.645	0.331123	-0.172543	0.539851	0.0030411	-1.32849	-1.59599e-06
2.65	0.331131	-0.172544	0.539839	0.0030411	-1.32849	-1.59854e-06
2.655	0.331147	-0.17251	0.53983	0.00456592	-1.32869	4.98893e-07
2.66	0.331156	-0.172511	0.539817	0.00456592	-1.32869	4.95947e-07
2.665	0.331166	-0.172512	0.539803	0.00456592	-1.32869	4.92794e-07
2.67	0.331175	-0.172513	0.539789	0.00456593	-1.32869	4.89428e-07
2.675	0.331193	-0.172481	0.539778	0.00601635	-1.32887	6.43643e-07
2.68	0.331203	-0.172483	0.539763	0.00601636	-1.32887	6.39829e-07
2.685	0.331214	-0.172484	0.539748	0.00601636	-1.32887	6.35782e-07
2.69	0.331224	-0.172485	0.539732	0.00601637	-1.32887	6.31495e-07
2.695	0.331244	-0.17245	0.539719	0.00762828	-1.32908	7.98416e-07
2.7	0.331255	-0.172451	0.539703	0.00762829	-1.32908	7.93629e-07
2.705	0.331267	-0.172452	0.539686	0.00762829	-1.32908	7.88584e-07
2.71	0.331286	-0.172422	0.539671	0.00900006	-1.32926	6.0683e-07
2.715	0.331298	-0.172424	0.539653	0.00900007	-1.32926	6.01247e-07
2.72	0.331311	-0.172425	0.539635	0.00900007	-1.32926	5.95387e-07
2.725	0.331331	-0.172394	0.539619	0.0104412	-1.32944	6.42347e-07
2.73	0.331345	-0.172395	0.5396	0.0104412	-1.32944	6.35913e-07
2.735	0.331358	-0.172397	0.53958	0.0104412	-1.32944	6.29184e-07
2.74	0.33138	-0.172364	0.539563	0.0119822	-1.32964	7.29872e-07
2.745	0.331394	-0.172365	0.539543	0.0119822	-1.32964	7.22533e-07
2.75	0.331409	-0.172366	0.539522	0.0119822	-1.32964	7.14882e-07
2.755	0.331432	-0.172331	0.539503	0.0136252	-1.32985	8.30513e-07
2.76	0.331447	-0.172333	0.539482	0.0136252	-1.32985	8.22217e-07
2.765	0.331462	-0.172334	0.53946	0.0136252	-1.32985	8.13593e-07
2.77	0.331487	-0.172297	0.53944	0.0153698	-1.33007	9.37954e-07
2.775	0.331503	-0.172298	0.539417	0.0153698	-1.33007	9.28651e-07
2.78	0.331525	-0.172271	0.539396	0.0166485	-1.33024	5.43581e-07
2.785	0.331542	-0.172273	0.539373	0.0166485	-1.33024	5.3358e-07
2.79	0.331565	-0.172246	0.539351	0.0179201	-1.3304	4.98264e-07
2.795	0.331582	-0.172248	0.539326	0.0179201	-1.3304	4.87545e-07
2.8	0.331606	-0.17222	0.539303	0.0192306	-1.33057	5.21551e-07
2.805	0.331624	-0.172222	0.539278	0.0192306	-1.33057	5.10093e-07
2.81	0.331649	-0.172193	0.539254	0.0205843	-1.33074	5.55894e-07
2.815	0.331667	-0.172195	0.539228	0.0205843	-1.33074	5.43678e-07
2.82	0.331693	-0.172166	0.539204	0.0219814	-1.33092	5.92541e-07
2.825	0.331712	-0.172168	0.539177	0.0219814	-1.33092	5.79548e-07
2.83	0.331738	-0.172137	0.539152	0.0234214	-1.33111	6.30281e-07
2.835	0.331758	-0.172139	0.539124	0.0234215	-1.33111	6.16494e-07
2.84	0.331784	-0.172108	0.539099	0.0249042	-1.3313	6.68933e-07
2.845	0.331805	-0.17211	0.53907	0.0249042	-1.3313	6.54334e-07
2.85	0.331832	-0.172078	0.539044	0.0264293	-1.33149	7.08445e-07
2.855	0.331853	-0.17208	0.539014	0.0264293	-1.33149	6.93017e-07
2.86	0.331882	-0.172047	0.538987	0.0279963	-1.33169	7.48781e-07
2.865	0.331903	-0.172049	0.538957	0.0279963	-1.33169	7.32509e-07
2.87	0.331932	-0.172015	0.538929	0.0296049	-1.3319	7.89906e-07
2.875	0.331954	-0.172017	0.538898	0.0296049	-1.3319	7.72774e-07
2.88	0.331984	-0.171982	0.53887	0.0312546	-1.33211	8.31785e-07
2.885	0.332007	-0.171985	0.538838	0.0312546	-1.33211	8.13779e-07
2.89	0.332037	-0.171949	0.538809	0.0329451	-1.33233	8.7438e-07
2.895	0.33206	-0.171951	0.538776	0.0329451	-1.33233	8.55487e-07
2.9	0.332091	-0.171915	0.538746	0.0346758	-1.33255	9.17656e-07
2.905	0.332115	-0.171917	0.538713	0.0346758	-1.33255	8.97862e-07
2.91	0.332147	-0.17188	0.538683	0.0364465	-1.33278	9.61574e-07
2.915	0.332171	-0.171882	0.538648	0.0364465	-1.33278	9.40868e-07
2.92	0.332204	-0.171844	0.538617	0.0382565	-1.33301	1.0061e-06
2.925	0.332229	-0.171846	0.538582	0.0382566	-1.33301	9.84467e-07
2.93	0.332262	-0.171807	0.538551	0.0401056	-1.33325	1.05118e-06
2.935	0.332287	-0.17181	0.538515	0.0401056	-1.33325	1.02862e-06
2.94	0.332321	-0.17177	0.538483	0.0419932	-1.33349	1.0968e-06
2.945	0.332347	-0.171773	0.538446	0.0419932	-1.33349	1.07329e-06
2.95	0.332382	-0.171732	0.538413	0.0439188	-1.33374	1.14289e-06
2.955	0.332408	-0.171735	0.538376	0.0439189	-1.33374	1.11844e-06
2.96	0.332443	-0.171693	0.538342	0.0458821	-1.33399	1.18944e-06
2.965	0.33247	-0.171696	0.538305	0.0458821	-1.33399	1.16402e-06
2.97	0.332506	-0.171654	0.53827	0.0478824	-1.33425	1.23638e-06
2.975	0.332534	-0.171656	0.538232	0.0478824	-1.33425	1.21e-06
2.98	0.33257	-0.171613	0.538197	0.0499193	-1.33451	1.28369e-06
2.985	0.332598	-0.171616	0.538158	0.0499193	-1.33451	1.25633e-06
2.99	0.332635	-0.171572	0.538122	0.0519923	-1.33478	1.33132e-06
2.995	0.332664	-0.171575	0.538082	0.0519923	-1.33478	1.30298e-06
3.0	0.332701	-0.171531	0.538046	0.0541008	-1.33505	1.37922e-06
3.005	0.332731	-0.171534	0.538006	0.0541009	-1.33505	1.34991e-06
3.01	0.332768	-0.171488	0.537969	0.0562444	-1.33532	1.42736e-06
3.015	0.332798	-0.171491	0.537928	0.0562444	-1.33532	1.39706e-06
3.02	0.332837	-0.171445	0.537891	0.0584225	-1.3356	1.47569e-06
3.025	0.332867	-0.171448	0.537849	0.0584225	-1.3356	1.4444e-06
3.03	0.332906	-0.171402	0.537811	0.0606346	-1.33589	1.52417e-06
3.035	0.332937	-0.171404	0.537768	0.0606346	-1.33589	1.49189e-06
3.04	0.332977	-0.171357	0.53773	0.06288	-1.33617	1.57275e-06
3.045	0.333008	-0.17136	0.537687	0.0628801	-1.33617	1.53948e-06
3.05	0.333048	-0.171312	0.537648	0.0651584	-1.33647	1.6214e-06
3.055	0.333085	-0.171287	0.537607	0.066425	-1.33663	5.78188e-07
3.06	0.333117	-0.17129	0.537563	0.0664251	-1.33663	5.43433e-07
3.065	0.333157	-0.171243	0.537523	0.0686479	-1.33691	1.44984e-06
3.07	0.333195	-0.171218	0.537481	0.0699303	-1.33708	5.71656e-07
3.075	0.333227	-0.171221	0.537436	0.0699303	-1.33708	5.3542e-07
3.08	0.333269	-0.171173	0.537395	0.0721968	-1.33737	1.50737e-06
3.085	0.333307	-0.171147	0.537352	0.0735043	-1.33754	5.95236e-07
3.09	0.33334	-0.17115	0.537306	0.0735044	-1.33754	5.57526e-07
3.095	0.333382	-0.171101	0.537265	0.0758142	-1.33783	1.56899e-06
3.1	0.333421	-0.171075	0.537221	0.0771464	-1.33801	6.19213e-07
3.105	0.333455	-0.171078	0.537174	0.0771464	-1.33801	5.80039e-07
3.11	0.333498	-0.171029	0.537132	0.0794984	-1.33831	1.6303e-06
3.115	0.333537	-0.171002	0.537088	0.0808543	-1.33848	6.43039e-07
3.12	0.333572	-0.171005	0.53704	0.0808543	-1.33848	6.02414e-07
3.125	0.333615	-0.170954	0.536997	0.0832471	-1.33879	1.69112e-06
3.13	0.333655	-0.170927	0.536952	0.084626	-1.33897	6.66657e-07
3.135	0.333695	-0.170902	0.536906	0.0859087	-1.33913	4.89697e-07
3.14	0.333735	-0.170876	0.53686	0.0871878	-1.3393	4.69138e-07
3.145	0.333776	-0.170851	0.536814	0.0884726	-1.33946	4.7105e-07
3.15	0.333816	-0.170825	0.536768	0.0897638	-1.33963	4.75872e-07
3.155	0.333857	-0.1708	0.536721	0.0910616	-1.33979	4.81031e-07
3.16	0.333898	-0.170774	0.536674	0.0923659	-1.33996	4.86207e-07
3.165	0.333939	-0.170748	0.536627	0.0936765	-1.34013	4.91361e-07
3.17	0.33398	-0.170722	0.53658	0.0949934	-1.3403	4.96487e-07
3.175	0.334021	-0.170696	0.536532	0.0963165	-1.34047	5.01583e-07
3.18	0.334063	-0.170669	0.536484	0.0976458	-1.34064	5.06648e-07
3.185	0.334105	-0.170643	0.536436	0.0989811	-1.34081	5.1168e-07
3.19	0.334147	-0.170617	0.536388	0.100322	-1.34098	5.16679e-07
3.195	0.334189	-0.17059	0.536339	0.101669	-1.34115	5.21644e-07
3.2	0.334232	-0.170563	0.536291	0.103022	-1.34133	5.26572e-07
3.205	0.334274	-0.170536	0.536242	0.104381	-1.3415	5.31463e-07
3.21	0.334317	-0.170509	0.536193	0.105745	-1.34168	5.36316e-07
3.215	0.33436	-0.170482	0.536144	0.107115	-1.34185	5.4113e-07
3.22	0.334403	-0.170455	0.536094	0.10849	-1.34203	5.45903e-07
3.225	0.334446	-0.170428	0.536044	0.109871	-1.34221	5.50634e-07
3.23	0.33449	-0.1704	0.535995	0.111257	-1.34239	5.55322e-07
3.235	0.334533	-0.170373	0.535945	0.112648	-1.34256	5.59965e-07
3.24	0.334577	-0.170345	0.535894	0.114044	-1.34274	5.64564e-07
3.245	0.334621	-0.170318	0.535844	0.115446	-1.34292	5.69116e-07
3.25	0.334665	-0.17029	0.535793	0.116852	-1.3431	5.73621e-07
3.255	0.334709	-0.170262	0.535743	0.118263	-1.34329	5.78076e-07
3.26	0.334754	-0.170234	0.535692	0.119679	-1.34347	5.82482e-07
3.265	0.334798	-0.170206	0.535641	0.121099	-1.34365	5.86837e-07
3.27	0.334843	-0.170178	0.535589	0.122524	-1.34383	5.9114e-07
3.275	0.334888	-0.170149	0.535538	0.123954	-1.34402	5.9539e-07
3.28	0.334933	-0.170121	0.535486	0.125388	-1.3442	5.99586e-07
3.285	0.334978	-0.170092	0.535435	0.126826	-1.34438	6.03726e-07
3.29	0.335023	-0.170064	0.535383	0.128269	-1.34457	6.07811e-07
3.295	0.335068	-0.170035	0.535331	0.129715	-1.34476	6.11837e-07
3.3	0.335114	-0.170007	0.535279	0.131166	-1.34494	6.15806e-07
3.305	0.335159	-0.169978	0.535226	0.132621	-1.34513	6.19715e-07
3.31	0.335205	-0.169949	0.535174	0.134079	-1.34532	6.23563e-07
3.315	0.335251	-0.16992	0.535121	0.135542	-1.3455	6.27351e-07
3.32	0.335297	-0.169891	0.535068	0.137008	-1.34569	6.31075e-07
3.325	0.335343	-0.169862	0.535016	0.138477	-1.34588	6.34737e-07
3.33	0.335389	-0.169833	0.534963	0.13995	-1.34607	6.38334e-07
3.335	0.335435	-0.169804	0.53491	0.141427	-1.34626	6.41866e-07
3.34	0.335482	-0.169774	0.534856	0.142907	-1.34645	6.45331e-07
3.345	0.335528	-0.169745	0.534803	0.14439	-1.34664	6.4873e-07
3.35	0.335575	-0.169716	0.53475	0.145876	-1.34683	6.5206e-07
3.355	0.335621	-0.169686	0.534696	0.147365	-1.34702	6.55322e-07
3.36	0.335668	-0.169657	0.534642	0.148858	-1.34721	6.58514e-07
3.365	0.335715	-0.169627	0.534589	0.150353	-1.34741	6.61635e-07
3.37	0.335762	-0.169598	0.534535	0.15185	-1.3476	6.64684e-07
3.375	0.335809	-0.169568	0.534481	0.153351	-1.34779	6.67661e-07
3.38	0.335856	-0.169538	0.534427	0.154854	-1.34798	6.70565e-07
3.385	0.335903	-0.169508	0.534373	0.15636	-1.34818	6.73395e-07
3.39	0.335951	-0.169479	0.534318	0.157867	-1.34837	6.76151e-07
3.395	0.335998	-0.169449	0.534264	0.159378	-1.34856	6.78831e-07
3.4	0.336045	-0.169419	0.53421	0.16089	-1.34876	6.81434e-07
3.405	0.336093	-0.169389	0.534155	0.162405	-1.34895	6.83961e-07
3.41	0.33614	-0.169359	0.534101	0.163921	-1.34915	6.8641e-07
3.415	0.336188	-0.169329	0.534046	0.16544	-1.34934	6.8878e-07
3.42	0.336236	-0.169299	0.533991	0.16696	-1.34954	6.91071e-07
3.425	0.336283	-0.169269	0.533937	0.168482	-1.34973	6.93283e-07
3.43	0.336331	-0.169239	0.533882	0.170006	-1.34993	6.95414e-07
3.435	0.336379	-0.169208	0.533827	0.171531	-1.35013	6.97464e-07
3.44	0.336427	-0.169178	0.533772	0.173057	-1.35032	6.99432e-07
3.445	0.336474	-0.169148	0.533717	0.174585	-1.35052	7.01318e-07
3.45	0.336522	-0.169118	0.533662	0.176115	-1.35071	7.03122e-07
3.455	0.33657	-0.169088	0.533607	0.177645	-1.35091	7.04842e-07
3.46	0.336618	-0.169057	0.533552	0.179176	-1.35111	7.06478e-07
3.465	0.336666	-0.169027	0.533497	0.180709	-1.3513	7.08029e-07
3.47	0.336714	-0.168997	0.533442	0.182242	-1.3515	7.09496e-07
3.475	0.336762	-0.168966	0.533387	0.183776	-1.3517	7.10877e-07
3.48	0.336811	-0.168936	0.533332	0.185311	-1.35189	7.12172e-07
3.485	0.336859	-0.168906	0.533276	0.186846	-1.35209	7.13381e-07
3.49	0.336907	-0.168875	0.533221	0.188382	-1.35229	7.14504e-07
3.495	0.336955	-0.168845	0.533166	0.189918	-1.35249	7.15539e-07
3.5	0.337003	-0.168814	0.533111	0.191455	-1.35268	7.16486e-07
3.505	0.337051	-0.168784	0.533055	0.192992	-1.35288	7.17346e-07
3.51	0.337099	-0.168754	0.533	0.194528	-1.35308	7.18118e-07
3.515	0.337148	-0.168723	0.532945	0.196065	-1.35328	7.18801e-07
3.52	0.337196	-0.168693	0.53289	0.197602	-1.35347	7.19395e-07
3.525	0.337244	-0.168663	0.532834	0.199139	-1.35367	7.19901e-07
3.53	0.337292	-0.168632	0.532779	0.200675	-1.35387	7.20317e-07
3.535	0.33734	-0.168602	0.532724	0.202211	-1.35406	7.20643e-07
3.54	0.337388	-0.168571	0.532669	0.203746	-1.35426	7.2088e-07
3.545	0.337436	-0.168541	0.532614	0.205281	-1.35446	7.21027e-07
3.55	0.337484	-0.168511	0.532558	0.206815	-1.35466	7.21084e-07
3.555	0.337532	-0.16848	0.532503	0.208349	-1.35485	7.2105e-07
3.56	0.33758	-0.16845	0.532448	0.209882	-1.35505	7.20926e-07
3.565	0.337628	-0.16842	0.532393	0.211413	-1.35525	7.20712e-07
3.57	0.337676	-0.16839	0.532338	0.212944	-1.35544	7.20407e-07
3.575	0.337724	-0.168359	0.532283	0.214473	-1.35564	7.20012e-07
3.58	0.337772	-0.168329	0.532228	0.216002	-1.35584	7.19526e-07
3.585	0.33782	-0.168299	0.532173	0.217529	-1.35603	7.1895e-07
3.59	0.337868	-0.168269	0.532118	0.219054	-1.35623	7.18283e-07
3.595	0.337916	-0.168239	0.532064	0.220578	-1.35642	7.17526e-07
3.6	0.337963	-0.168208	0.532009	0.2221	-1.35662	7.16678e-07
3.605	0.338011	-0.168178	0.531954	0.223621	-1.35681	7.1574e-07
3.61	0.338058	-0.168148	0.5319	0.22514	-1.35701	7.14712e-07
3.615	0.338106	-0.168118	0.531845	0.226657	-1.3572	7.13593e-07
3.62	0.338153	-0.168088	0.531791	0.228172	-1.3574	7.12385e-07
3.625	0.338201	-0.168058	0.531736	0.229685	-1.35759	7.11087e-07
3.63	0.338248	-0.168029	0.531682	0.231196	-1.35779	7.09699e-07
3.635	0.338295	-0.167999	0.531628	0.232704	-1.35798	7.08222e-07
3.64	0.338343	-0.167969	0.531574	0.23421	-1.35817	7.06656e-07
3.645	0.33839	-0.167939	0.53152	0.235714	-1.35837	7.05002e-07
3.65	0.338437	-0.16791	0.531466	0.237215	-1.35856	7.03258e-07
3.655	0.338484	-0.16788	0.531412	0.238713	-1.35875	7.01427e-07
3.66	0.338531	-0.16785	0.531358	0.240209	-1.35894	6.99508e-07
3.665	0.338577	-0.167821	0.531304	0.241702	-1.35914	6.97502e-07
3.67	0.338624	-0.167791	0.531251	0.243192	-1.35933	6.95408e-07
3.675	0.338671	-0.167762	0.531197	0.244679	-1.35952	6.93228e-07
3.68	0.338717	-0.167733	0.531144	0.246162	-1.35971	6.90962e-07
3.685	0.338763	-0.167703	0.531091	0.247643	-1.3599	6.8861e-07
3.69	0.33881	-0.167674	0.531038	0.24912	-1.36009	6.86173e-07
3.695	0.338856	-0.167645	0.530985	0.250594	-1.36028	6.83652e-07
3.7	0.338902	-0.167616	0.530932	0.252065	-1.36047	6.81046e-07
3.705	0.338948	-0.167587	0.530879	0.253531	-1.36065	6.78356e-07
3.71	0.338994	-0.167558	0.530826	0.254995	-1.36084	6.75584e-07
3.715	0.339039	-0.167529	0.530774	0.256454	-1.36103	6.72729e-07
3.72	0.339085	-0.1675	0.530722	0.25791	-1.36122	6.69793e-07
3.725	0.339131	-0.167472	0.53067	0.259361	-1.3614	6.66775e-07
3.73	0.339176	-0.167443	0.530618	0.260809	-1.36159	6.63677e-07
3.735	0.339221	-0.167414	0.530566	0.262252	-1.36177	6.605e-07
3.74	0.339266	-0.167386	0.530514	0.263691	-1.36196	6.57243e-07
3.745	0.339311	-0.167358	0.530462	0.265126	-1.36214	6.53908e-07
3.75	0.339356	-0.167329	0.530411	0.266557	-1.36233	6.50496e-07
3.755	0.339356	-0.167329	0.530411	0.268148	-1.36266	-0.000102801
3.76	0.339347	-0.167314	0.530422	0.268322	-1.36286	-0.000211813
3.765	0.339337	-0.167299	0.530429	0.268493	-1.36304	-0.000319075
3.77	0.339328	-0.167285	0.530437	0.268666	-1.36322	-0.000428055
3.775	0.339317	-0.167271	0.53044	0.268836	-1.36339	-0.000535306
3.78	0.339308	-0.167257	0.530445	0.269008	-1.36357	-0.000644175
3.785	0.339298	-0.167243	0.530446	0.269176	-1.36373	-0.000751405
3.79	0.339288	-0.16723	0.530449	0.269347	-1.36389	-0.000860289
3.795	0.339277	-0.167217	0.530445	0.269513	-1.36404	-0.00096567
3.8	0.339265	-0.167203	0.530437	0.269676	-1.36417	-0.00106772
3.805	0.339252	-0.167191	0.530424	0.269835	-1.36429	-0.0011667
3.81	0.339238	-0.167178	0.530407	0.269992	-1.36439	-0.00126276
3.815	0.339224	-0.167165	0.530389	0.270148	-1.36449	-0.00135826
3.82	0.339212	-0.167152	0.530376	0.270309	-1.36461	-0.00145761
3.825	0.339199	-0.167139	0.53036	0.270466	-1.36471	-0.00155455
3.83	0.339185	-0.167126	0.53034	0.270622	-1.36481	-0.00164865
3.835	0.33917	-0.167113	0.530317	0.270775	-1.36489	-0.00174024
3.84	0.339155	-0.1671	0.530291	0.270926	-1.36497	-0.00182941
3.845	0.339139	-0.167087	0.530263	0.271075	-1.36503	-0.00191641
3.85	0.339123	-0.167074	0.530232	0.271223	-1.36509	-0.0020013
3.855	0.339106	-0.167061	0.530199	0.271369	-1.36514	-0.00208427
3.86	0.33909	-0.167047	0.530166	0.271515	-1.36519	-0.00216536
3.865	0.339072	-0.167034	0.530128	0.271657	-1.36523	-0.00224502
3.87	0.339053	-0.167021	0.530088	0.271798	-1.36525	-0.00232323
3.875	0.339035	-0.167008	0.530048	0.271939	-1.36528	-0.00239987
3.88	0.339016	-0.166995	0.530006	0.272079	-1.3653	-0.00247528
3.885	0.338998	-0.166981	0.529964	0.272219	-1.36533	-0.00254931
3.89	0.338979	-0.166967	0.529919	0.272356	-1.36534	-0.00262243
3.895	0.338958	-0.166955	0.52987	0.272491	-1.36534	-0.00269474
3.9	0.338937	-0.166942	0.529821	0.272626	-1.36534	-0.00276628
3.905	0.338918	-0.166928	0.529775	0.272762	-1.36534	-0.00283692
3.91	0.338899	-0.166914	0.529729	0.2729	-1.36535	-0.00290787
3.915	0.338882	-0.166899	0.529691	0.273043	-1.36539	-0.00298106
3.92	0.338866	-0.166884	0.529654	0.273187	-1.36542	-0.00305613
3.925	0.338853	-0.166868	0.529627	0.27334	-1.3655	-0.00313818
3.93	0.33884	-0.166852	0.529599	0.273491	-1.36556	-0.0032196
3.935	0.338828	-0.166836	0.529575	0.273646	-1.36564	-0.003302
3.94	0.338816	-0.16682	0.529551	0.2738	-1.36572	-0.00338547
3.945	0.338807	-0.166803	0.529535	0.273962	-1.36582	-0.00347487
3.95	0.338797	-0.166787	0.529517	0.274122	-1.36592	-0.00356478
3.955	0.338789	-0.16677	0.529507	0.274289	-1.36604	-0.00365997
3.96	0.338779	-0.166755	0.52949	0.274451	-1.36615	-0.00375289
3.965	0.338768	-0.16674	0.529468	0.274609	-1.36623	-0.00384371
3.97	0.338754	-0.166726	0.52944	0.274763	-1.3663	-0.00393262
3.975	0.338739	-0.166713	0.529408	0.274913	-1.36635	-0.00401968
3.98	0.338723	-0.1667	0.529371	0.275061	-1.36639	-0.004105
3.985	0.338707	-0.166687	0.529335	0.275208	-1.36643	-0.00419133
3.99	0.338694	-0.166674	0.52931	0.275365	-1.3665	-0.00428387
3.995	0.33868	-0.166661	0.529279	0.275517	-1.36656	-0.00437438
4.0	0.338664	-0.166648	0.529244	0.275666	-1.3666	-0.00446294
4.005	0.338647	-0.166636	0.529204	0.275812	-1.36663	-0.00454967
4.01	0.338628	-0.166625	0.52916	0.275955	-1.36665	-0.00463471
4.015	0.338609	-0.166614	0.529117	0.276098	-1.36666	-0.00472111
4.02	0.338594	-0.166603	0.529081	0.276248	-1.3667	-0.00481464
4.025	0.338576	-0.166593	0.529041	0.276395	-1.36673	-0.00490601
4.03	0.338558	-0.166583	0.528997	0.276539	-1.36674	-0.00499537
4.035	0.338539	-0.166573	0.528953	0.276682	-1.36676	-0.00508585
4.04	0.338524	-0.166563	0.528917	0.276833	-1.3668	-0.00518338
4.045	0.338508	-0.166553	0.528881	0.276984	-1.36684	-0.00528131
4.05	0.338495	-0.166543	0.528852	0.277141	-1.3669	-0.00538494
4.055	0.33848	-0.166534	0.528821	0.277298	-1.36696	-0.00549037
4.06	0.338467	-0.166527	0.528794	0.277458	-1.36703	-0.00560683
4.065	0.338453	-0.16652	0.528765	0.277618	-1.36709	-0.00572414
4.07	0.33844	-0.166515	0.528739	0.277782	-1.36716	-0.00585108
4.075	0.338426	-0.166511	0.528711	0.277945	-1.36723	-0.00597828
4.08	0.338413	-0.166508	0.528686	0.278111	-1.3673	-0.00611443
4.085	0.3384	-0.166506	0.528661	0.278278	-1.36738	-0.0062526
4.09	0.33839	-0.166506	0.528645	0.278454	-1.36748	-0.00640619
4.095	0.338379	-0.166505	0.528628	0.27863	-1.36758	-0.00655862
4.1	0.33837	-0.166506	0.528619	0.278812	-1.36771	-0.00672113
4.105	0.33836	-0.166506	0.528608	0.278994	-1.36783	-0.00688281
4.11	0.338353	-0.166506	0.528604	0.279182	-1.36797	-0.00705066
4.115	0.338344	-0.166506	0.528597	0.279368	-1.36811	-0.00721581
4.12	0.338337	-0.166506	0.528596	0.279559	-1.36826	-0.00738674
4.125	0.33833	-0.166506	0.528593	0.279748	-1.3684	-0.0075544
4.13	0.338323	-0.166506	0.528594	0.279942	-1.36856	-0.00772744
4.135	0.338316	-0.166506	0.528592	0.280133	-1.36871	-0.00789703
4.14	0.33831	-0.166505	0.528595	0.280329	-1.36888	-0.00807162
4.145	0.338303	-0.166505	0.528595	0.280522	-1.36903	-0.00824259
4.15	0.338297	-0.166504	0.528599	0.280719	-1.3692	-0.00841826
4.155	0.33829	-0.166503	0.528599	0.280914	-1.36936	-0.00859021
4.16	0.338284	-0.166503	0.528604	0.281112	-1.36953	-0.00876664
4.165	0.338276	-0.166502	0.528605	0.281308	-1.36969	-0.00893976
4.17	0.33827	-0.166502	0.52861	0.281507	-1.36986	-0.00911872
4.175	0.338263	-0.166501	0.528611	0.281704	-1.37002	-0.00929371
4.18	0.338257	-0.166502	0.528615	0.281905	-1.37019	-0.0094758
4.185	0.33825	-0.166504	0.52862	0.282106	-1.37036	-0.00966238
4.19	0.338244	-0.166506	0.528625	0.28231	-1.37054	-0.00985387
4.195	0.338237	-0.16651	0.52863	0.282514	-1.37071	-0.0100506
4.2	0.33823	-0.166516	0.528636	0.28272	-1.37088	-0.0102547
4.205	0.338223	-0.166521	0.528641	0.282925	-1.37105	-0.0104545
4.21	0.338217	-0.166526	0.528646	0.283131	-1.37123	-0.010656
4.215	0.338209	-0.166531	0.52865	0.283336	-1.3714	-0.0108543
4.22	0.338202	-0.166535	0.528655	0.283542	-1.37157	-0.0110535
4.225	0.338195	-0.166539	0.528659	0.283747	-1.37174	-0.0112504
4.23	0.338188	-0.166543	0.528663	0.283954	-1.37191	-0.0114486
4.235	0.33818	-0.166546	0.528667	0.284159	-1.37207	-0.0116446
4.24	0.338173	-0.16655	0.528671	0.284365	-1.37224	-0.0118423
4.245	0.338165	-0.166553	0.528674	0.284571	-1.37241	-0.0120377
4.25	0.338158	-0.166557	0.528678	0.284778	-1.37258	-0.0122352
4.255	0.33815	-0.16656	0.528681	0.284984	-1.37274	-0.0124305
4.26	0.338143	-0.166563	0.528684	0.285191	-1.37291	-0.012628
4.265	0.338135	-0.166566	0.528687	0.285398	-1.37308	-0.0128232
4.27	0.338128	-0.166569	0.528691	0.285606	-1.37324	-0.0130209
4.275	0.33812	-0.166572	0.528693	0.285813	-1.37341	-0.0132163
4.28	0.338113	-0.166575	0.528697	0.286021	-1.37357	-0.0134143
4.285	0.338105	-0.166578	0.528699	0.286229	-1.37374	-0.0136099
4.29	0.338097	-0.166581	0.528702	0.286438	-1.3739	-0.0138083
4.295	0.338089	-0.166583	0.528704	0.286646	-1.37407	-0.0140042
4.3	0.338082	-0.166586	0.528708	0.286856	-1.37423	-0.014203
4.305	0.338074	-0.166589	0.528709	0.287064	-1.3744	-0.0143992
4.31	0.338067	-0.166592	0.528713	0.287275	-1.37456	-0.0145986
4.315	0.338059	-0.166594	0.528715	0.287484	-1.37472	-0.0147952
4.32	0.338051	-0.166597	0.528718	0.287696	-1.37489	-0.0149953
4.325	0.338043	-0.1666	0.52872	0.287905	-1.37505	-0.0151922
4.33	0.338036	-0.166602	0.528723	0.288117	-1.37522	-0.0153915
4.335	0.338028	-0.166605	0.528724	0.288328	-1.37538	-0.0155907
4.34	0.33802	-0.166608	0.528727	0.288541	-1.37554	-0.0157924
4.345	0.338012	-0.166611	0.528729	0.288753	-1.37571	-0.0159939
4.35	0.338004	-0.166614	0.528733	0.288966	-1.37587	-0.0161978
4.355	0.337996	-0.166618	0.528734	0.289179	-1.37603	-0.0164019
4.36	0.337989	-0.166622	0.528738	0.289394	-1.3762	-0.016609
4.365	0.337981	-0.166624	0.52874	0.289608	-1.37636	-0.0168095
4.37	0.337973	-0.166625	0.528741	0.28982	-1.37652	-0.0170036
4.375	0.337966	-0.166624	0.528742	0.290031	-1.37668	-0.0171922
4.38	0.337958	-0.166622	0.528741	0.29024	-1.37683	-0.0173754
4.385	0.33795	-0.166619	0.52874	0.290449	-1.37699	-0.017554
4.39	0.337942	-0.166614	0.528738	0.290656	-1.37713	-0.0177279
4.395	0.337934	-0.166609	0.528735	0.290862	-1.37728	-0.0178981
4.4	0.337926	-0.166604	0.528731	0.291067	-1.37742	-0.0180669
4.405	0.337918	-0.166599	0.528729	0.291275	-1.37757	-0.0182417
4.41	0.33791	-0.166596	0.528727	0.291485	-1.37772	-0.0184208
4.415	0.337902	-0.166594	0.528726	0.291696	-1.37787	-0.0186048
4.42	0.337894	-0.166592	0.528725	0.291909	-1.37803	-0.0187921
4.425	0.337887	-0.166591	0.528726	0.292123	-1.37818	-0.0189831
4.43	0.337879	-0.166591	0.528726	0.292337	-1.37834	-0.0191765
4.435	0.337872	-0.166591	0.528727	0.292553	-1.3785	-0.0193726
4.44	0.337864	-0.166591	0.528728	0.29277	-1.37866	-0.0195705
4.445	0.337856	-0.166592	0.528729	0.292988	-1.37882	-0.0197703
4.45	0.337849	-0.166593	0.52873	0.293206	-1.37897	-0.0199716
4.455	0.337841	-0.166594	0.528732	0.293425	-1.37914	-0.0201743
4.46	0.337833	-0.166595	0.528733	0.293645	-1.3793	-0.0203782
4.465	0.337826	-0.166596	0.528735	0.293865	-1.37946	-0.0205831
4.47	0.337818	-0.166598	0.528737	0.294085	-1.37962	-0.020789
4.475	0.33781	-0.166599	0.528739	0.294306	-1.37978	-0.0209937
4.48	0.337803	-0.166599	0.528739	0.294526	-1.37994	-0.0211928
4.485	0.337795	-0.166598	0.52874	0.294745	-1.38009	-0.0213881
4.49	0.337787	-0.166596	0.52874	0.294962	-1.38025	-0.0215787
4.495	0.33778	-0.166592	0.52874	0.29518	-1.3804	-0.0217663
4.5	0.337772	-0.166588	0.528739	0.295396	-1.38055	-0.0219498
4.505	0.337764	-0.166583	0.528738	0.295613	-1.38071	-0.0221312
4.51	0.337757	-0.166577	0.528736	0.295829	-1.38086	-0.0223091
4.515	0.337749	-0.166571	0.528735	0.296045	-1.38101	-0.0224854
4.52	0.337741	-0.166563	0.528733	0.29626	-1.38116	-0.0226589
4.525	0.337734	-0.166556	0.528731	0.296475	-1.38131	-0.0228311
4.53	0.337726	-0.166548	0.528729	0.29669	-1.38145	-0.0230009
4.535	0.337719	-0.166539	0.528727	0.296905	-1.3816	-0.02317
4.54	0.337711	-0.16653	0.528724	0.29712	-1.38175	-0.023337
4.545	0.337704	-0.16652	0.528722	0.297335	-1.3819	-0.0235035
4.55	0.337696	-0.16651	0.528719	0.29755	-1.38204	-0.0236682
4.555	0.337689	-0.1665	0.528717	0.297766	-1.38219	-0.0238328
4.56	0.337681	-0.16649	0.528714	0.297981	-1.38234	-0.0239958
4.565	0.337674	-0.166479	0.528712	0.298197	-1.38248	-0.0241589
4.57	0.337667	-0.166468	0.528709	0.298412	-1.38263	-0.0243206
4.575	0.337659	-0.166457	0.528707	0.298628	-1.38278	-0.0244826
4.58	0.337652	-0.166445	0.528704	0.298844	-1.38292	-0.0246434
4.585	0.337644	-0.166433	0.528701	0.299061	-1.38307	-0.0248046
4.59	0.337637	-0.166421	0.528698	0.299277	-1.38321	-0.0249647
4.595	0.33763	-0.166409	0.528696	0.299494	-1.38336	-0.0251254
4.6	0.337622	-0.166397	0.528693	0.299711	-1.38351	-0.0252843
4.605	0.337615	-0.166384	0.528689	0.299927	-1.38365	-0.0254412
4.61	0.337607	-0.166371	0.528684	0.300141	-1.38379	-0.0255955
4.615	0.337599	-0.166357	0.528679	0.300356	-1.38393	-0.0257487
4.62	0.337592	-0.166344	0.528674	0.300571	-1.38406	-0.0259018
4.625	0.337584	-0.16633	0.528669	0.300787	-1.3842	-0.0260563
4.63	0.337577	-0.166316	0.528664	0.301002	-1.38434	-0.0262102
4.635	0.337569	-0.166302	0.52866	0.301219	-1.38448	-0.0263644
4.64	0.337562	-0.166289	0.528655	0.301436	-1.38462	-0.02652
4.645	0.337554	-0.166275	0.528651	0.301654	-1.38476	-0.0266757
4.65	0.337547	-0.166261	0.528648	0.301873	-1.38491	-0.0268327
4.655	0.33754	-0.166247	0.528645	0.302093	-1.38505	-0.0269897
4.66	0.337533	-0.166233	0.528642	0.302313	-1.3852	-0.0271481
4.665	0.337525	-0.166219	0.528639	0.302534	-1.38534	-0.0273062
4.67	0.337518	-0.166205	0.528636	0.302755	-1.38549	-0.0274654
4.675	0.337511	-0.166191	0.528633	0.302977	-1.38563	-0.0276247
4.68	0.337504	-0.166177	0.528631	0.303199	-1.38578	-0.027785
4.685	0.337497	-0.166163	0.528628	0.303422	-1.38593	-0.0279455
4.69	0.33749	-0.166149	0.528626	0.303646	-1.38607	-0.0281069
4.695	0.337483	-0.166135	0.528624	0.30387	-1.38622	-0.0282686
4.7	0.337476	-0.166121	0.528622	0.304094	-1.38637	-0.0284311
4.705	0.337469	-0.166107	0.52862	0.30432	-1.38652	-0.0285938
4.71	0.337462	-0.166093	0.528618	0.304545	-1.38667	-0.0287575
4.715	0.337455	-0.166079	0.528617	0.304772	-1.38682	-0.0289212
4.72	0.337448	-0.166066	0.528615	0.304998	-1.38697	-0.0290859
4.725	0.337441	-0.166051	0.528614	0.305226	-1.38712	-0.0292506
4.73	0.337434	-0.166038	0.528612	0.305453	-1.38726	-0.0294162
4.735	0.337427	-0.166023	0.528611	0.305682	-1.38741	-0.029582
4.74	0.337421	-0.166009	0.528611	0.305912	-1.38757	-0.0297506
4.745	0.337416	-0.165995	0.528615	0.306148	-1.38774	-0.029923
4.75	0.337408	-0.165981	0.528612	0.306375	-1.38788	-0.0300884
4.755	0.337399	-0.165968	0.528602	0.306594	-1.388	-0.0302477
4.76	0.337388	-0.165956	0.528587	0.306806	-1.38811	-0.0304009
4.765	0.337377	-0.165944	0.52857	0.307016	-1.38821	-0.0305528
4.77	0.337367	-0.165931	0.528558	0.307233	-1.38833	-0.0307101
4.775	0.337357	-0.165917	0.528545	0.307449	-1.38844	-0.0308658
4.78	0.337349	-0.165904	0.528538	0.307673	-1.38857	-0.0310281
4.785	0.33734	-0.16589	0.528528	0.307894	-1.38869	-0.031188
4.79	0.337333	-0.165876	0.528524	0.308122	-1.38883	-0.031354
4.795	0.337324	-0.165863	0.528516	0.308347	-1.38896	-0.0315161
4.8	0.337317	-0.165848	0.528512	0.308575	-1.3891	-0.0316806
4.805	0.337309	-0.165834	0.528504	0.3088	-1.38923	-0.0318423
4.81	0.337302	-0.165819	0.528501	0.309032	-1.38937	-0.0320095
4.815	0.337294	-0.165805	0.528496	0.309261	-1.38951	-0.0321751
4.82	0.337288	-0.16579	0.528495	0.309495	-1.38966	-0.0323446
4.825	0.33728	-0.165775	0.52849	0.309726	-1.3898	-0.0325116
4.83	0.337273	-0.165761	0.528488	0.30996	-1.38995	-0.0326819
4.835	0.337266	-0.165746	0.528484	0.310193	-1.39009	-0.0328508
4.84	0.337259	-0.165732	0.528482	0.310429	-1.39024	-0.0330227
4.845	0.337252	-0.165717	0.52848	0.310664	-1.39038	-0.0331943
4.85	0.337245	-0.165703	0.528478	0.310901	-1.39053	-0.0333672
4.855	0.337238	-0.165689	0.528475	0.311137	-1.39068	-0.0335396
4.86	0.337231	-0.165674	0.528473	0.311373	-1.39082	-0.0337133
4.865	0.337224	-0.16566	0.52847	0.31161	-1.39097	-0.0338864
4.87	0.337217	-0.165646	0.528467	0.311847	-1.39111	-0.0340603
4.875	0.33721	-0.165631	0.528465	0.312085	-1.39126	-0.0342344
4.88	0.337203	-0.165617	0.528462	0.312323	-1.3914	-0.0344093
4.885	0.337196	-0.165603	0.528459	0.312562	-1.39155	-0.0345844
4.89	0.337189	-0.165588	0.528457	0.312801	-1.3917	-0.0347604
4.895	0.337182	-0.165574	0.528454	0.31304	-1.39184	-0.0349365
4.9	0.337175	-0.165559	0.528452	0.31328	-1.39199	-0.0351134
4.905	0.337168	-0.165545	0.528449	0.313521	-1.39213	-0.0352904
4.91	0.337161	-0.165531	0.528447	0.313762	-1.39228	-0.0354683
4.915	0.337153	-0.165517	0.528444	0.314003	-1.39242	-0.0356465
4.92	0.337146	-0.165502	0.528442	0.314245	-1.39257	-0.0358257
4.925	0.337139	-0.165488	0.528439	0.314487	-1.39271	-0.036005
4.93	0.337132	-0.165474	0.528436	0.314728	-1.39286	-0.0361836
4.935	0.337123	-0.16546	0.528427	0.314963	-1.39298	-0.0363553
4.94	0.337113	-0.165446	0.528414	0.31519	-1.3931	-0.0365207
4.945	0.337101	-0.165433	0.528397	0.315412	-1.39319	-0.0366803
4.95	0.337089	-0.165419	0.528376	0.315628	-1.39328	-0.0368344
4.955	0.337075	-0.165405	0.528351	0.31584	-1.39336	-0.0369837
4.96	0.33706	-0.165392	0.528324	0.316047	-1.39342	-0.0371281
4.965	0.337044	-0.165379	0.528291	0.316247	-1.39347	-0.037267
4.97	0.337029	-0.165366	0.528259	0.316447	-1.39352	-0.0374064
4.975	0.337016	-0.165352	0.528235	0.316661	-1.3936	-0.0375571
4.98	0.337003	-0.165338	0.528212	0.316875	-1.39368	-0.0377078
4.985	0.336992	-0.165323	0.528195	0.3171	-1.39378	-0.0378684
4.99	0.336981	-0.165309	0.528178	0.317324	-1.39387	-0.0380277
4.995	0.336972	-0.165294	0.528167	0.317558	-1.39399	-0.038196
5.0	0.336962	-0.165279	0.528153	0.317789	-1.3941	-0.0383621
5.005	0.336954	-0.165264	0.528146	0.318029	-1.39423	-0.0385362
5.01	0.336944	-0.16525	0.528132	0.31826	-1.39434	-0.0387029
5.015	0.336933	-0.165236	0.528112	0.318482	-1.39443	-0.0388626
5.02	0.336919	-0.165223	0.528087	0.318696	-1.3945	-0.0390158
5.025	0.336904	-0.16521	0.528057	0.318902	-1.39456	-0.039163
5.03	0.336887	-0.165198	0.528022	0.319102	-1.3946	-0.0393044
5.035	0.33687	-0.165186	0.527983	0.319297	-1.39463	-0.0394415
5.04	0.336852	-0.165174	0.527945	0.319492	-1.39466	-0.0395762
5.045	0.336834	-0.165161	0.527905	0.319683	-1.39469	-0.0397071
5.05	0.336816	-0.165148	0.527864	0.319874	-1.39471	-0.0398362
5.055	0.336797	-0.165135	0.52782	0.320059	-1.39472	-0.0399609
5.06	0.336776	-0.165123	0.527772	0.320239	-1.39472	-0.0400816
5.065	0.336755	-0.165111	0.52772	0.320414	-1.39471	-0.0401985
5.07	0.336732	-0.1651	0.527666	0.320584	-1.39469	-0.0403125
5.075	0.336709	-0.16509	0.527609	0.320751	-1.39466	-0.0404252
5.08	0.336685	-0.16508	0.527549	0.320914	-1.39462	-0.0405354
5.085	0.336662	-0.165072	0.527494	0.321085	-1.3946	-0.0406593
5.09	0.336644	-0.165068	0.527454	0.321283	-1.39462	-0.0408244
5.095	0.336626	-0.165066	0.527415	0.321486	-1.39465	-0.0409987
5.1	0.336612	-0.165067	0.527389	0.321711	-1.39472	-0.0412094
5.105	0.336598	-0.165069	0.527363	0.321937	-1.39479	-0.041421
5.11	0.336588	-0.165072	0.527348	0.322182	-1.39489	-0.0416542
5.115	0.336576	-0.165076	0.527331	0.322425	-1.39499	-0.0418873
5.12	0.336567	-0.165082	0.527322	0.322682	-1.39512	-0.042144
5.125	0.336557	-0.165088	0.52731	0.322936	-1.39523	-0.0423981
5.13	0.336549	-0.165097	0.527305	0.323201	-1.39537	-0.042672
5.135	0.33654	-0.165106	0.527296	0.323463	-1.39549	-0.0429418
5.14	0.336533	-0.165117	0.527293	0.323735	-1.39563	-0.0432286
5.145	0.336524	-0.165128	0.527287	0.324003	-1.39577	-0.0435102
5.15	0.336517	-0.16514	0.527286	0.32428	-1.39591	-0.043807
5.155	0.336509	-0.165153	0.527281	0.324553	-1.39605	-0.0440969
5.16	0.336502	-0.165165	0.527281	0.324834	-1.3962	-0.0443986
5.165	0.336494	-0.165178	0.527278	0.325109	-1.39635	-0.044693
5.17	0.336487	-0.165191	0.527279	0.325393	-1.3965	-0.0449984
5.175	0.336479	-0.165203	0.527277	0.325672	-1.39665	-0.0452961
5.18	0.336472	-0.165216	0.527279	0.325958	-1.39681	-0.0456039
5.185	0.336464	-0.165229	0.527277	0.326239	-1.39695	-0.045904
5.19	0.336457	-0.165243	0.527279	0.326527	-1.39711	-0.0462164
5.195	0.336449	-0.165257	0.527277	0.32681	-1.39726	-0.0465224
5.2	0.336442	-0.165272	0.527279	0.3271	-1.39742	-0.0468401
5.205	0.336434	-0.165286	0.527278	0.327384	-1.39757	-0.0471483
5.21	0.336427	-0.1653	0.52728	0.327676	-1.39773	-0.0474635
5.215	0.336419	-0.165313	0.527279	0.327962	-1.39788	-0.047771
5.22	0.336412	-0.165328	0.527282	0.328255	-1.39804	-0.04809
5.225	0.336404	-0.165341	0.527281	0.328542	-1.39819	-0.0483996
5.23	0.336397	-0.165354	0.527284	0.328837	-1.39835	-0.0487164
5.235	0.336389	-0.165367	0.527284	0.329125	-1.3985	-0.049024
5.24	0.336383	-0.165379	0.527287	0.329422	-1.39866	-0.0493393
5.245	0.336375	-0.16539	0.527287	0.329711	-1.39882	-0.0496456
5.25	0.336368	-0.165402	0.527291	0.330009	-1.39898	-0.04996
5.255	0.33636	-0.165412	0.527292	0.3303	-1.39913	-0.0502638
5.26	0.336354	-0.165421	0.527297	0.330599	-1.3993	-0.050571
5.265	0.336347	-0.165429	0.527298	0.330892	-1.39946	-0.0508683
5.27	0.336341	-0.165435	0.527304	0.331192	-1.39963	-0.0511698
5.275	0.336334	-0.16544	0.527307	0.331486	-1.39979	-0.0514618
5.28	0.336328	-0.165445	0.527313	0.331788	-1.39996	-0.0517587
5.285	0.336321	-0.165448	0.527316	0.332083	-1.40013	-0.0520466
5.29	0.336315	-0.165451	0.527323	0.332386	-1.4003	-0.0523398
5.295	0.336308	-0.165454	0.527326	0.332682	-1.40046	-0.0526244
5.3	0.336303	-0.165455	0.527334	0.332986	-1.40064	-0.0529149
5.305	0.336296	-0.165456	0.527337	0.333283	-1.4008	-0.0531971
5.31	0.33629	-0.165457	0.527345	0.333588	-1.40098	-0.0534857
5.315	0.336283	-0.165458	0.527348	0.333886	-1.40114	-0.0537687
5.32	0.336277	-0.165462	0.527353	0.33419	-1.40131	-0.0540654
5.325	0.336269	-0.165465	0.527355	0.334488	-1.40147	-0.0543552
5.33	0.336262	-0.165471	0.527359	0.334791	-1.40164	-0.0546582
5.335	0.336255	-0.165477	0.52736	0.33509	-1.40179	-0.0549576
5.34	0.336247	-0.165485	0.527363	0.335395	-1.40195	-0.0552677
5.345	0.336239	-0.165493	0.527363	0.335694	-1.4021	-0.0555737
5.35	0.336231	-0.165503	0.527365	0.335999	-1.40226	-0.05589
5.355	0.336223	-0.165513	0.527364	0.3363	-1.40241	-0.0562016
5.36	0.336215	-0.165524	0.527366	0.336606	-1.40257	-0.0565225
5.365	0.336207	-0.165535	0.527365	0.336907	-1.40272	-0.0568381
5.37	0.336199	-0.165546	0.527366	0.337214	-1.40288	-0.057162
5.375	0.33619	-0.165556	0.527365	0.337517	-1.40303	-0.0574771
5.38	0.336182	-0.165567	0.527366	0.337824	-1.40318	-0.0577988
5.385	0.336173	-0.165578	0.527365	0.338128	-1.40333	-0.0581182
5.39	0.336165	-0.16559	0.527365	0.338436	-1.40348	-0.0584441
5.395	0.336156	-0.165601	0.527362	0.338737	-1.40362	-0.0587605
5.4	0.336145	-0.165611	0.527352	0.339025	-1.40374	-0.0590598
5.405	0.336132	-0.16562	0.527337	0.3393	-1.40385	-0.0593426
5.41	0.336118	-0.165628	0.527316	0.339565	-1.40393	-0.0596111
5.415	0.336103	-0.165635	0.527294	0.339828	-1.40401	-0.0598786
5.42	0.336091	-0.165646	0.52728	0.340108	-1.40412	-0.0601697
5.425	0.336078	-0.165656	0.527263	0.340383	-1.40422	-0.0604568
5.43	0.336067	-0.165667	0.527251	0.340671	-1.40433	-0.0607598
5.435	0.336056	-0.165675	0.527243	0.340964	-1.40446	-0.0610598
5.44	0.336047	-0.165683	0.527238	0.341262	-1.40459	-0.0613615
5.445	0.336038	-0.16569	0.527234	0.341564	-1.40473	-0.0616687
5.45	0.33603	-0.165696	0.527231	0.341867	-1.40487	-0.0619716
5.455	0.336021	-0.1657	0.527227	0.34217	-1.40501	-0.0622673
5.46	0.336014	-0.165702	0.527225	0.342473	-1.40516	-0.0625595
5.465	0.336006	-0.165703	0.527222	0.342775	-1.4053	-0.0628453
5.47	0.335998	-0.165703	0.52722	0.343079	-1.40545	-0.0631284
5.475	0.33599	-0.165701	0.527217	0.34338	-1.40559	-0.063406
5.48	0.335983	-0.165698	0.527215	0.343684	-1.40573	-0.0636816
5.485	0.335975	-0.165694	0.527213	0.343985	-1.40588	-0.0639524
5.49	0.335968	-0.165689	0.527211	0.344288	-1.40602	-0.064222
5.495	0.33596	-0.165684	0.527208	0.344592	-1.40617	-0.0644923
5.5	0.335954	-0.165682	0.527209	0.344902	-1.40632	-0.0647774
5.505	0.335946	-0.165679	0.527208	0.345211	-1.40647	-0.0650595
5.51	0.335939	-0.165676	0.527208	0.345523	-1.40662	-0.065343
5.515	0.335932	-0.165672	0.527208	0.345832	-1.40677	-0.0656233
5.52	0.335925	-0.165669	0.527208	0.346144	-1.40692	-0.0659053
5.525	0.335918	-0.165665	0.527207	0.346455	-1.40707	-0.0661869
5.53	0.335911	-0.165662	0.527209	0.346771	-1.40723	-0.0664763
5.535	0.335904	-0.16566	0.527209	0.347086	-1.40738	-0.0667652
5.54	0.335898	-0.165658	0.527211	0.347406	-1.40754	-0.0670614
5.545	0.335891	-0.165656	0.527212	0.347724	-1.40769	-0.0673564
5.55	0.335884	-0.165655	0.527215	0.348047	-1.40785	-0.0676581
5.555	0.335877	-0.165654	0.527217	0.348368	-1.40801	-0.067958
5.56	0.33587	-0.165654	0.52722	0.348694	-1.40817	-0.0682642
5.565	0.335863	-0.165653	0.527222	0.349017	-1.40833	-0.0685672
5.57	0.335857	-0.165652	0.527225	0.349344	-1.40849	-0.0688737
5.575	0.33585	-0.165651	0.527227	0.349669	-1.40865	-0.0691772
5.58	0.335843	-0.16565	0.52723	0.349997	-1.40881	-0.0694844
5.585	0.335836	-0.165649	0.527232	0.350323	-1.40897	-0.0697886
5.59	0.335829	-0.165648	0.527236	0.350653	-1.40913	-0.0700966
5.595	0.335822	-0.165647	0.527238	0.35098	-1.40929	-0.0704016
5.6	0.335815	-0.165645	0.527241	0.351311	-1.40945	-0.0707104
5.605	0.335808	-0.165644	0.527243	0.35164	-1.40961	-0.0710163
5.61	0.335801	-0.165643	0.527246	0.351972	-1.40977	-0.0713261
5.615	0.335794	-0.165641	0.527248	0.352301	-1.40993	-0.071633
5.62	0.335787	-0.16564	0.527251	0.352634	-1.41009	-0.0719438
5.625	0.33578	-0.165638	0.527253	0.352965	-1.41024	-0.0722517
5.63	0.335773	-0.165637	0.527256	0.3533	-1.41041	-0.0725639
5.635	0.335766	-0.165635	0.527258	0.353633	-1.41056	-0.0728755
5.64	0.335759	-0.165635	0.527262	0.353972	-1.41073	-0.073196
5.645	0.335752	-0.165635	0.527265	0.354308	-1.41089	-0.0735126
5.65	0.335745	-0.165635	0.527269	0.354649	-1.41105	-0.0738376
5.655	0.335738	-0.165635	0.527272	0.354988	-1.41121	-0.0741571
5.66	0.335732	-0.165635	0.527277	0.355332	-1.41138	-0.0744825
5.665	0.335724	-0.165636	0.527279	0.355672	-1.41154	-0.0748075
5.67	0.335717	-0.165639	0.527282	0.356016	-1.4117	-0.0751411
5.675	0.335709	-0.165642	0.527284	0.356356	-1.41185	-0.0754735
5.68	0.335702	-0.165646	0.527287	0.356701	-1.41202	-0.0758128
5.685	0.335694	-0.16565	0.527288	0.357043	-1.41217	-0.0761494
5.69	0.335687	-0.165655	0.527291	0.35739	-1.41233	-0.0764928
5.695	0.335679	-0.165659	0.527293	0.357734	-1.41249	-0.0768331
5.7	0.335672	-0.165665	0.527295	0.358083	-1.41264	-0.07718
5.705	0.335664	-0.16567	0.527296	0.358428	-1.4128	-0.0775234
5.71	0.335657	-0.165676	0.527299	0.358778	-1.41296	-0.0778736
5.715	0.335649	-0.165682	0.5273	0.359125	-1.41311	-0.0782219
5.72	0.335641	-0.16569	0.527301	0.359475	-1.41327	-0.078579
5.725	0.335633	-0.165699	0.527301	0.359823	-1.41342	-0.0789336
5.73	0.335625	-0.165708	0.527302	0.360174	-1.41357	-0.079297
5.735	0.335617	-0.165718	0.527302	0.360523	-1.41372	-0.0796575
5.74	0.335608	-0.165729	0.527302	0.360874	-1.41387	-0.0800247
5.745	0.3356	-0.165741	0.5273	0.361224	-1.41402	-0.080391
5.75	0.335591	-0.165753	0.5273	0.361577	-1.41417	-0.0807636
5.755	0.335583	-0.165765	0.5273	0.36193	-1.41431	-0.0811342
5.76	0.335576	-0.165775	0.527302	0.362291	-1.41447	-0.081509
5.765	0.335568	-0.165784	0.527304	0.362649	-1.41463	-0.0818773
5.77	0.33556	-0.165792	0.527307	0.363012	-1.41479	-0.0822468
5.775	0.335553	-0.1658	0.52731	0.363374	-1.41495	-0.0826159
5.78	0.335545	-0.165807	0.527313	0.363737	-1.41511	-0.0829833
5.785	0.335537	-0.165814	0.527315	0.364097	-1.41526	-0.0833459
5.79	0.335528	-0.165822	0.527314	0.364451	-1.41541	-0.0837051
5.795	0.33552	-0.165831	0.527314	0.364811	-1.41556	-0.0840744
5.8	0.335511	-0.165839	0.527313	0.365167	-1.41571	-0.0844387
5.805	0.335503	-0.165847	0.527314	0.365528	-1.41586	-0.0848059
5.81	0.335493	-0.165853	0.527311	0.36588	-1.416	-0.0851584
5.815	0.335485	-0.165857	0.527311	0.366239	-1.41616	-0.0855115
5.82	0.335476	-0.16586	0.527308	0.366588	-1.4163	-0.085851
5.825	0.335469	-0.165861	0.527308	0.366945	-1.41645	-0.0861924
5.83	0.33546	-0.165861	0.527305	0.367293	-1.41658	-0.0865228
5.835	0.335452	-0.165859	0.527304	0.367649	-1.41673	-0.0868557
5.84	0.335444	-0.165857	0.527301	0.367997	-1.41687	-0.087178
5.845	0.335436	-0.165853	0.5273	0.368352	-1.41702	-0.0875039
5.85	0.335428	-0.165849	0.527296	0.3687	-1.41716	-0.0878204
5.855	0.335421	-0.165843	0.527297	0.369059	-1.41731	-0.0881452
5.86	0.335413	-0.165839	0.527296	0.369415	-1.41746	-0.0884708
5.865	0.335406	-0.165836	0.527298	0.369781	-1.41761	-0.0888099
5.87	0.335399	-0.165834	0.527298	0.370143	-1.41776	-0.0891479
5.875	0.335392	-0.165833	0.527301	0.370514	-1.41792	-0.0894982
5.88	0.335384	-0.165834	0.527301	0.37088	-1.41807	-0.0898469
5.885	0.335377	-0.165836	0.527303	0.371253	-1.41823	-0.0902095
5.89	0.335369	-0.165839	0.527303	0.371621	-1.41838	-0.0905691
5.895	0.335361	-0.165844	0.527305	0.371996	-1.41854	-0.0909417
5.9	0.335352	-0.165849	0.527304	0.372366	-1.41868	-0.0913104
5.905	0.335344	-0.165857	0.527305	0.372743	-1.41884	-0.0916916
5.91	0.335336	-0.165864	0.527304	0.373113	-1.41898	-0.0920668
5.915	0.335328	-0.165871	0.527305	0.373491	-1.41913	-0.0924498
5.92	0.335319	-0.165878	0.527305	0.373866	-1.41928	-0.0928269
5.925	0.335311	-0.165885	0.527306	0.374247	-1.41944	-0.0932115
5.93	0.335303	-0.165891	0.527307	0.374625	-1.41959	-0.0935903
5.935	0.335295	-0.165897	0.527309	0.37501	-1.41975	-0.0939763
5.94	0.335287	-0.165902	0.52731	0.37539	-1.4199	-0.0943527
5.945	0.33528	-0.165905	0.527311	0.37577	-1.42005	-0.0947245
5.95	0.335272	-0.165906	0.527311	0.376146	-1.4202	-0.0950871
5.955	0.335264	-0.165906	0.527311	0.376523	-1.42035	-0.0954466
5.96	0.335256	-0.165905	0.52731	0.376896	-1.4205	-0.095798
5.965	0.335248	-0.165902	0.527309	0.377271	-1.42064	-0.0961475
5.97	0.33524	-0.1659	0.527308	0.377644	-1.42079	-0.096495
5.975	0.335233	-0.165899	0.527308	0.378025	-1.42094	-0.0968561
5.98	0.335225	-0.165898	0.527308	0.378404	-1.42109	-0.0972146
5.985	0.335217	-0.165899	0.52731	0.378791	-1.42124	-0.0975857
5.99	0.335209	-0.165899	0.52731	0.379175	-1.4214	-0.0979529
5.995	0.335202	-0.165901	0.527312	0.379565	-1.42155	-0.0983321
6.0	0.335194	-0.165904	0.527312	0.379951	-1.4217	-0.0987087
6.005	0.335186	-0.165908	0.527314	0.380344	-1.42186	-0.0990975
6.01	0.335178	-0.165913	0.527313	0.380731	-1.422	-0.0994828
6.015	0.33517	-0.16592	0.527315	0.381125	-1.42216	-0.0998798
6.02	0.335161	-0.165927	0.527313	0.381514	-1.4223	-0.100272
6.025	0.335153	-0.165934	0.527314	0.381909	-1.42245	-0.100671
6.03	0.335144	-0.16594	0.527314	0.382301	-1.4226	-0.101064
6.035	0.335137	-0.165947	0.527315	0.3827	-1.42275	-0.101465
6.04	0.335128	-0.165952	0.527316	0.383096	-1.42291	-0.101861
6.045	0.33512	-0.165958	0.527318	0.383499	-1.42306	-0.102263
6.05	0.335112	-0.165963	0.527319	0.383898	-1.42321	-0.10266
6.055	0.335105	-0.165968	0.527322	0.384303	-1.42337	-0.103065
6.06	0.335097	-0.165973	0.527323	0.384705	-1.42352	-0.103464
6.065	0.335089	-0.165977	0.527326	0.38511	-1.42368	-0.103863
6.07	0.335081	-0.16598	0.527327	0.385511	-1.42383	-0.104256
6.075	0.335073	-0.165982	0.527328	0.385916	-1.42399	-0.10465
6.08	0.335065	-0.165984	0.527329	0.386317	-1.42414	-0.105039
