0	0.0490075 	0.0219193 	-2.01088 	0.262299 	0.529812 	-0.011542 	
0.005	0.0490075 	0.0219193 	-2.01088 	0.262299 	0.529812 	-0.011542 	
0.01	0.0490075 	0.0219151 	-2.01088 	0.262299 	0.529812 	-0.0115417 	
0.015	0.0490075 	0.0219095 	-2.01087 	0.262299 	0.529814 	-0.0115414 	
0.02	0.0490075 	0.0219017 	-2.01087 	0.2623 	0.529815 	-0.0115408 	
0.025	0.0490075 	0.0218915 	-2.01086 	0.2623 	0.529817 	-0.0115402 	
0.03	0.0490075 	0.0218791 	-2.01085 	0.2623 	0.52982 	-0.0115394 	
0.035	0.0490075 	0.0218643 	-2.01084 	0.262301 	0.529823 	-0.0115384 	
0.04	0.0490075 	0.0218473 	-2.01083 	0.262301 	0.529827 	-0.0115373 	
0.045	0.0490075 	0.0218279 	-2.01081 	0.262302 	0.529831 	-0.0115361 	
0.05	0.0490075 	0.0218062 	-2.01079 	0.262303 	0.529835 	-0.0115347 	
0.055	0.0490075 	0.0217822 	-2.01077 	0.262304 	0.52984 	-0.0115331 	
0.06	0.0490076 	0.0217559 	-2.01075 	0.262304 	0.529846 	-0.0115314 	
0.065	0.0490076 	0.0217273 	-2.01073 	0.262305 	0.529852 	-0.0115296 	
0.07	0.0490076 	0.0216964 	-2.01071 	0.262306 	0.529858 	-0.0115276 	
0.075	0.0490076 	0.0216632 	-2.01068 	0.262307 	0.529865 	-0.0115255 	
0.08	0.0490076 	0.0216277 	-2.01065 	0.262309 	0.529873 	-0.0115232 	
0.085	0.0490077 	0.0215899 	-2.01062 	0.26231 	0.52988 	-0.0115208 	
0.09	0.0490077 	0.0215458 	-2.01059 	0.262311 	0.52989 	-0.0115179 	
0.095	0.0490077 	0.0215032 	-2.01056 	0.262313 	0.529899 	-0.0115152 	
0.1	0.0490078 	0.0214583 	-2.01052 	0.262314 	0.529908 	-0.0115123 	
0.105	0.0490078 	0.0214111 	-2.01048 	0.262316 	0.529918 	-0.0115093 	
0.11	0.0490078 	0.0213616 	-2.01044 	0.262317 	0.529928 	-0.0115061 	
0.115	0.0490079 	0.0213098 	-2.0104 	0.262319 	0.529939 	-0.0115028 	
0.12	0.0490079 	0.0212557 	-2.01036 	0.262321 	0.52995 	-0.0114993 	
0.125	0.049008 	0.0211994 	-2.01032 	0.262323 	0.529962 	-0.0114957 	
0.13	0.049008 	0.0211407 	-2.01027 	0.262325 	0.529974 	-0.011492 	
0.135	0.0490081 	0.0210798 	-2.01022 	0.262326 	0.529987 	-0.0114881 	
0.14	0.0490081 	0.0210167 	-2.01017 	0.262329 	0.53 	-0.0114841 	
0.145	0.0490082 	0.0209512 	-2.01012 	0.262331 	0.530014 	-0.0114799 	
0.15	0.0490083 	0.0208835 	-2.01007 	0.262333 	0.530028 	-0.0114756 	
0.155	0.0490084 	0.0208135 	-2.01001 	0.262335 	0.530042 	-0.0114711 	
0.16	0.0491108 	0.0205167 	-2.01014 	0.262434 	0.53164 	-0.0108284 	
0.165	0.0491109 	0.0204421 	-2.01008 	0.262436 	0.531655 	-0.0108236 	
0.17	0.049111 	0.0203653 	-2.01002 	0.262439 	0.531671 	-0.0108188 	
0.175	0.0491111 	0.0202863 	-2.00996 	0.262441 	0.531688 	-0.0108138 	
0.18	0.0491112 	0.020205 	-2.00989 	0.262444 	0.531704 	-0.0108086 	
0.185	0.0491113 	0.0201215 	-2.00983 	0.262446 	0.531722 	-0.0108034 	
0.19	0.0491114 	0.0200357 	-2.00976 	0.262449 	0.531739 	-0.010798 	
0.195	0.0491115 	0.0199477 	-2.00969 	0.262452 	0.531758 	-0.0107924 	
0.2	0.0491117 	0.0198574 	-2.00962 	0.262455 	0.531776 	-0.0107867 	
0.205	0.0491118 	0.0197649 	-2.00955 	0.262458 	0.531796 	-0.0107809 	
0.21	0.049112 	0.0196702 	-2.00947 	0.262461 	0.531815 	-0.010775 	
0.215	0.0491121 	0.0195733 	-2.0094 	0.262464 	0.531835 	-0.0107689 	
0.22	0.0492141 	0.0192526 	-2.0095 	0.262568 	0.533414 	-0.0101323 	
0.225	0.0492143 	0.0191512 	-2.00942 	0.262571 	0.533435 	-0.0101259 	
0.23	0.0492144 	0.0190476 	-2.00933 	0.262575 	0.533456 	-0.0101195 	
0.235	0.0492146 	0.0189418 	-2.00925 	0.262578 	0.533478 	-0.0101129 	
0.24	0.0492148 	0.0188338 	-2.00917 	0.262582 	0.5335 	-0.0101062 	
0.245	0.0492151 	0.0187236 	-2.00908 	0.262585 	0.533523 	-0.0100993 	
0.25	0.0492153 	0.0186112 	-2.00899 	0.262589 	0.533546 	-0.0100924 	
0.255	0.0492155 	0.0184966 	-2.0089 	0.262593 	0.53357 	-0.0100853 	
0.26	0.0492158 	0.0183798 	-2.00881 	0.262596 	0.533594 	-0.0100781 	
0.265	0.0492161 	0.0182608 	-2.00871 	0.2626 	0.533618 	-0.0100708 	
0.27	0.0493253 	0.0179047 	-2.0088 	0.262717 	0.535294 	-0.00939344 	
0.275	0.0493255 	0.0177813 	-2.00871 	0.262721 	0.535319 	-0.00938587 	
0.28	0.0493258 	0.0176558 	-2.00861 	0.262725 	0.535345 	-0.00937818 	
0.285	0.0493261 	0.0175282 	-2.00851 	0.262729 	0.535371 	-0.00937038 	
0.29	0.0493265 	0.0173984 	-2.00841 	0.262734 	0.535398 	-0.00936247 	
0.295	0.0493268 	0.0172664 	-2.0083 	0.262738 	0.535424 	-0.00935444 	
0.3	0.0493272 	0.0171323 	-2.0082 	0.262742 	0.535452 	-0.0093463 	
0.305	0.0493276 	0.0169961 	-2.00809 	0.262746 	0.535479 	-0.00933805 	
0.31	0.0494327 	0.0166336 	-2.00815 	0.262865 	0.53708 	-0.00868994 	
0.315	0.0494331 	0.0164931 	-2.00804 	0.262869 	0.537109 	-0.00868145 	
0.32	0.0494335 	0.0163505 	-2.00793 	0.262874 	0.537137 	-0.00867287 	
0.325	0.0494339 	0.0162058 	-2.00782 	0.262878 	0.537167 	-0.00866417 	
0.33	0.0494344 	0.0160589 	-2.0077 	0.262883 	0.537196 	-0.00865537 	
0.335	0.0494349 	0.01591 	-2.00758 	0.262888 	0.537227 	-0.00864647 	
0.34	0.0494354 	0.0157589 	-2.00746 	0.262893 	0.537257 	-0.00863747 	
0.345	0.0495394 	0.0153861 	-2.00751 	0.263015 	0.538827 	-0.00800029 	
0.35	0.0495399 	0.0152309 	-2.00739 	0.26302 	0.538859 	-0.00799107 	
0.355	0.0495405 	0.0150736 	-2.00727 	0.263025 	0.53889 	-0.00798176 	
0.36	0.0495411 	0.0149142 	-2.00714 	0.26303 	0.538922 	-0.00797235 	
0.365	0.0495417 	0.0147527 	-2.00701 	0.263035 	0.538955 	-0.00796284 	
0.37	0.0495423 	0.0145892 	-2.00688 	0.26304 	0.538987 	-0.00795325 	
0.375	0.0495429 	0.0144237 	-2.00675 	0.263045 	0.539021 	-0.00794356 	
0.38	0.0496572 	0.0140169 	-2.0068 	0.263185 	0.540728 	-0.00724879 	
0.385	0.0496579 	0.0138473 	-2.00667 	0.26319 	0.540762 	-0.0072389 	
0.39	0.0496586 	0.0136756 	-2.00653 	0.263195 	0.540796 	-0.00722892 	
0.395	0.0496593 	0.0135019 	-2.00639 	0.263201 	0.540831 	-0.00721886 	
0.4	0.0496601 	0.0133262 	-2.00625 	0.263206 	0.540866 	-0.00720872 	
0.405	0.0496609 	0.0131485 	-2.00611 	0.263212 	0.540901 	-0.00719849 	
0.41	0.0497699 	0.012743 	-2.00614 	0.26335 	0.542515 	-0.00654055 	
0.415	0.0497707 	0.0125613 	-2.006 	0.263356 	0.54255 	-0.00653014 	
0.42	0.0497716 	0.0123776 	-2.00585 	0.263362 	0.542587 	-0.00651965 	
0.425	0.0497725 	0.0121919 	-2.0057 	0.263368 	0.542623 	-0.00650909 	
0.43	0.0497734 	0.0120042 	-2.00556 	0.263373 	0.54266 	-0.00649845 	
0.435	0.0497743 	0.0118146 	-2.0054 	0.263379 	0.542698 	-0.00648774 	
0.44	0.0498906 	0.0113845 	-2.00543 	0.263532 	0.544401 	-0.00579135 	
0.445	0.0498916 	0.0111909 	-2.00528 	0.263538 	0.544439 	-0.00578047 	
0.45	0.0498926 	0.0109955 	-2.00512 	0.263544 	0.544477 	-0.00576953 	
0.455	0.0498937 	0.0107981 	-2.00497 	0.26355 	0.544516 	-0.00575852 	
0.46	0.0498948 	0.0105988 	-2.00481 	0.263556 	0.544555 	-0.00574744 	
0.465	0.0498959 	0.0103975 	-2.00465 	0.263563 	0.544594 	-0.0057363 	
0.47	0.0500208 	0.00994062 	-2.00468 	0.263732 	0.546403 	-0.00499442 	
0.475	0.0500219 	0.00973555 	-2.00451 	0.263738 	0.546443 	-0.00498313 	
0.48	0.0500232 	0.00952862 	-2.00435 	0.263745 	0.546483 	-0.00497179 	
0.485	0.0500244 	0.00931982 	-2.00418 	0.263751 	0.546523 	-0.00496039 	
0.49	0.0500257 	0.00910914 	-2.00401 	0.263758 	0.546564 	-0.00494893 	
0.495	0.0501389 	0.00866919 	-2.00401 	0.263917 	0.548188 	-0.00428132 	
0.5	0.0501403 	0.00845476 	-2.00384 	0.263923 	0.54823 	-0.00426974 	
0.505	0.0501417 	0.00823851 	-2.00367 	0.26393 	0.548271 	-0.0042581 	
0.51	0.0501431 	0.00802043 	-2.00349 	0.263937 	0.548313 	-0.00424642 	
0.515	0.0501446 	0.00780053 	-2.00332 	0.263943 	0.548355 	-0.00423469 	
0.52	0.0502621 	0.00734472 	-2.00331 	0.264113 	0.550026 	-0.00354639 	
0.525	0.0502637 	0.00712116 	-2.00313 	0.26412 	0.550068 	-0.00353454 	
0.53	0.0502653 	0.00689582 	-2.00295 	0.264127 	0.550111 	-0.00352266 	
0.535	0.0502669 	0.00666869 	-2.00277 	0.264134 	0.550155 	-0.00351073 	
0.54	0.0502686 	0.00643978 	-2.00259 	0.264141 	0.550198 	-0.00349877 	
0.545	0.0503922 	0.00596524 	-2.00258 	0.264324 	0.551935 	-0.00278057 	
0.55	0.050394 	0.00573276 	-2.0024 	0.264332 	0.551979 	-0.00276851 	
0.555	0.0503957 	0.00549856 	-2.00221 	0.264339 	0.552024 	-0.00275642 	
0.56	0.0503976 	0.00526262 	-2.00202 	0.264346 	0.552068 	-0.00274429 	
0.565	0.0503995 	0.00502495 	-2.00182 	0.264353 	0.552113 	-0.00273214 	
0.57	0.0505294 	0.00453179 	-2.00182 	0.264551 	0.553918 	-0.00198352 	
0.575	0.0505314 	0.00429064 	-2.00162 	0.264558 	0.553963 	-0.00197129 	
0.58	0.0505334 	0.00404783 	-2.00143 	0.264566 	0.554009 	-0.00195903 	
0.585	0.0505354 	0.00380332 	-2.00123 	0.264573 	0.554054 	-0.00194675 	
0.59	0.0505375 	0.00355713 	-2.00103 	0.26458 	0.5541 	-0.00193444 	
0.595	0.0506738 	0.0030458 	-2.00103 	0.264794 	0.555971 	-0.00115577 	
0.6	0.050676 	0.00279623 	-2.00082 	0.264802 	0.556017 	-0.0011434 	
0.605	0.0506782 	0.00254505 	-2.00062 	0.264809 	0.556064 	-0.00113102 	
0.61	0.0506805 	0.00229223 	-2.00041 	0.264817 	0.556111 	-0.00111862 	
0.615	0.0507974 	0.00181482 	-2.00037 	0.265005 	0.5577 	-0.000456172 	
0.62	0.0507997 	0.00155872 	-2.00016 	0.265013 	0.557747 	-0.000443729 	
0.625	0.0508022 	0.00130104 	-1.99995 	0.26502 	0.557794 	-0.000431278 	
0.63	0.0508046 	0.00104175 	-1.99974 	0.265028 	0.557842 	-0.000418822 	
0.635	0.0509233 	0.000556639 	-1.99969 	0.265223 	0.559439 	0.000248666 	
0.64	0.0509258 	0.000294161 	-1.99948 	0.265231 	0.559487 	0.000261155 	
0.645	0.0509284 	3.01428e-05 	-1.99927 	0.265239 	0.559535 	0.000273646 	
0.65	0.0509311 	-0.00023543 	-1.99905 	0.265246 	0.559583 	0.000286135 	
0.655	0.0510537 	-0.000732132 	-1.999 	0.265452 	0.561216 	0.000970657 	
0.66	0.0510564 	-0.00100081 	-1.99878 	0.26546 	0.561265 	0.000983166 	
0.665	0.0510593 	-0.00127099 	-1.99856 	0.265468 	0.561314 	0.000995669 	
0.67	0.0510622 	-0.00154268 	-1.99834 	0.265476 	0.561363 	0.00100816 	
0.675	0.0511889 	-0.00205107 	-1.99828 	0.265693 	0.563033 	0.00171068 	
0.68	0.0511918 	-0.00232578 	-1.99806 	0.265701 	0.563082 	0.00172318 	
0.685	0.0511949 	-0.00260194 	-1.99783 	0.265709 	0.563132 	0.00173566 	
0.69	0.051198 	-0.00287956 	-1.99761 	0.265717 	0.563181 	0.00174814 	
0.695	0.0513289 	-0.00339937 	-1.99755 	0.265946 	0.564889 	0.00246847 	
0.7	0.0513321 	-0.00367992 	-1.99732 	0.265954 	0.564938 	0.00248094 	
0.705	0.0513354 	-0.00396187 	-1.99709 	0.265962 	0.564988 	0.00249338 	
0.71	0.0513387 	-0.00424524 	-1.99686 	0.26597 	0.565038 	0.0025058 	
0.715	0.0514738 	-0.00477614 	-1.9968 	0.26621 	0.566781 	0.00324368 	
0.72	0.0514772 	-0.00506235 	-1.99656 	0.266219 	0.566831 	0.00325608 	
0.725	0.0514808 	-0.00534991 	-1.99632 	0.266227 	0.566882 	0.00326845 	
0.73	0.0514843 	-0.00563885 	-1.99609 	0.266235 	0.566932 	0.0032808 	
0.735	0.0516236 	-0.0061805 	-1.99603 	0.266488 	0.56871 	0.0040359 	
0.74	0.0516273 	-0.00647218 	-1.99579 	0.266496 	0.56876 	0.00404821 	
0.745	0.051631 	-0.00676516 	-1.99554 	0.266504 	0.568811 	0.00406049 	
0.75	0.0516349 	-0.00705946 	-1.9953 	0.266512 	0.568862 	0.00407273 	
0.755	0.0517783 	-0.00761152 	-1.99524 	0.266778 	0.570673 	0.00484474 	
0.76	0.0517823 	-0.00790847 	-1.99499 	0.266786 	0.570724 	0.00485694 	
0.765	0.0517863 	-0.00820668 	-1.99475 	0.266794 	0.570775 	0.00486909 	
0.77	0.0517903 	-0.00850616 	-1.9945 	0.266803 	0.570826 	0.0048812 	
0.775	0.051938 	-0.00906828 	-1.99443 	0.267081 	0.572669 	0.0056698 	
0.78	0.0519422 	-0.00937031 	-1.99418 	0.267089 	0.57272 	0.00568185 	
0.785	0.0519465 	-0.00967355 	-1.99393 	0.267097 	0.572771 	0.00569385 	
0.79	0.0519508 	-0.00997801 	-1.99368 	0.267106 	0.572823 	0.0057058 	
0.795	0.0521027 	-0.0105498 	-1.99361 	0.267397 	0.574696 	0.00651064 	
0.8	0.0521071 	-0.0108567 	-1.99335 	0.267406 	0.574748 	0.00652252 	
0.805	0.0521116 	-0.0111648 	-1.9931 	0.267414 	0.5748 	0.00653435 	
0.81	0.0521162 	-0.011474 	-1.99284 	0.267422 	0.574851 	0.00654612 	
0.815	0.0522723 	-0.0120552 	-1.99277 	0.267727 	0.576754 	0.00736685 	
0.82	0.052277 	-0.0123668 	-1.99251 	0.267735 	0.576806 	0.00737853 	
0.825	0.0522818 	-0.0126794 	-1.99225 	0.267744 	0.576858 	0.00739016 	
0.83	0.0522867 	-0.0129933 	-1.99199 	0.267752 	0.57691 	0.00740172 	
0.835	0.0524469 	-0.0135833 	-1.99191 	0.26807 	0.57884 	0.00823798 	
0.84	0.0524519 	-0.0138994 	-1.99165 	0.268079 	0.578892 	0.00824945 	
0.845	0.052457 	-0.0142165 	-1.99138 	0.268087 	0.578944 	0.00826085 	
0.85	0.0524621 	-0.0145347 	-1.99112 	0.268095 	0.578996 	0.00827218 	
0.855	0.0526265 	-0.0151333 	-1.99104 	0.268428 	0.580954 	0.00912361 	
0.86	0.0526318 	-0.0154537 	-1.99077 	0.268436 	0.581006 	0.00913483 	
0.865	0.0526371 	-0.015775 	-1.9905 	0.268444 	0.581058 	0.00914598 	
0.87	0.0526425 	-0.0160973 	-1.99023 	0.268453 	0.58111 	0.00915705 	
0.875	0.0528111 	-0.0167042 	-1.99015 	0.268799 	0.583093 	0.0100233 	
0.88	0.0528166 	-0.0170285 	-1.98988 	0.268807 	0.583145 	0.0100342 	
0.885	0.0528222 	-0.0173539 	-1.9896 	0.268816 	0.583197 	0.0100451 	
0.89	0.052957 	-0.0179024 	-1.98948 	0.269096 	0.584761 	0.0107287 	
0.895	0.0529627 	-0.0182297 	-1.9892 	0.269104 	0.584813 	0.0107395 	
0.9	0.0529685 	-0.0185579 	-1.98893 	0.269112 	0.584865 	0.0107501 	
0.905	0.0529744 	-0.018887 	-1.98865 	0.269121 	0.584917 	0.0107607 	
0.91	0.0531465 	-0.0195008 	-1.98856 	0.269484 	0.586897 	0.0116323 	
0.915	0.0531525 	-0.0198317 	-1.98828 	0.269492 	0.586949 	0.0116427 	
0.92	0.0531586 	-0.0201636 	-1.988 	0.2695 	0.587001 	0.011653 	
0.925	0.0532987 	-0.0207228 	-1.98787 	0.269799 	0.588592 	0.0123535 	
0.93	0.0533049 	-0.0210564 	-1.98758 	0.269807 	0.588643 	0.0123636 	
0.935	0.0533112 	-0.0213908 	-1.9873 	0.269816 	0.588695 	0.0123737 	
0.94	0.0534501 	-0.0219486 	-1.98716 	0.270115 	0.590257 	0.0130635 	
0.945	0.0534565 	-0.0222847 	-1.98688 	0.270123 	0.590308 	0.0130734 	
0.95	0.053463 	-0.0226215 	-1.98659 	0.270131 	0.59036 	0.0130833 	
0.955	0.0536039 	-0.023183 	-1.98645 	0.270438 	0.591929 	0.0137784 	
0.96	0.0536105 	-0.0235214 	-1.98616 	0.270446 	0.59198 	0.0137881 	
0.965	0.0536172 	-0.0238606 	-1.98588 	0.270454 	0.592032 	0.0137977 	
0.97	0.0537604 	-0.0244261 	-1.98573 	0.270769 	0.59361 	0.0144997 	
0.975	0.0537672 	-0.0247668 	-1.98544 	0.270777 	0.593661 	0.0145091 	
0.98	0.0537742 	-0.0251082 	-1.98515 	0.270785 	0.593713 	0.0145184 	
0.985	0.0539196 	-0.0256774 	-1.985 	0.271109 	0.595301 	0.0152274 	
0.99	0.0539266 	-0.0260203 	-1.98471 	0.271117 	0.595352 	0.0152365 	
0.995	0.0539338 	-0.0263637 	-1.98442 	0.271125 	0.595403 	0.0152455 	
1	0.0540814 	-0.0269366 	-1.98427 	0.271456 	0.597 	0.0159611 	
1.005	0.0540887 	-0.0272814 	-1.98398 	0.271464 	0.597051 	0.0159699 	
1.01	0.0540961 	-0.0276269 	-1.98368 	0.271472 	0.597102 	0.0159786 	
1.015	0.054246 	-0.0282032 	-1.98353 	0.271812 	0.598707 	0.0167008 	
1.02	0.0542535 	-0.0285499 	-1.98323 	0.27182 	0.598758 	0.0167092 	
1.025	0.0542611 	-0.0288971 	-1.98294 	0.271828 	0.598808 	0.0167176 	
1.03	0.0544132 	-0.0294766 	-1.98278 	0.272176 	0.600422 	0.0174461 	
1.035	0.0544209 	-0.029825 	-1.98248 	0.272184 	0.600472 	0.0174543 	
1.04	0.0544287 	-0.030174 	-1.98218 	0.272192 	0.600522 	0.0174623 	
1.045	0.054583 	-0.0307565 	-1.98203 	0.272548 	0.602143 	0.0181969 	
1.05	0.0545909 	-0.0311065 	-1.98173 	0.272556 	0.602193 	0.0182047 	
1.055	0.0545989 	-0.0314571 	-1.98143 	0.272564 	0.602242 	0.0182124 	
1.06	0.0547553 	-0.0320423 	-1.98127 	0.272929 	0.60387 	0.0189529 	
1.065	0.0547635 	-0.0323939 	-1.98096 	0.272936 	0.603919 	0.0189604 	
1.07	0.0547717 	-0.0327458 	-1.98066 	0.272944 	0.603969 	0.0189678 	
1.075	0.0549302 	-0.0333336 	-1.9805 	0.273317 	0.605602 	0.0197139 	
1.08	0.0549386 	-0.0336865 	-1.9802 	0.273325 	0.605651 	0.019721 	
1.085	0.054947 	-0.0340398 	-1.97989 	0.273332 	0.6057 	0.0197281 	
1.09	0.0551076 	-0.03463 	-1.97973 	0.273714 	0.607339 	0.0204797 	
1.095	0.0551162 	-0.0349841 	-1.97942 	0.273721 	0.607387 	0.0204865 	
1.1	0.0551248 	-0.0353386 	-1.97912 	0.273729 	0.607436 	0.0204932 	
1.105	0.0552875 	-0.0359308 	-1.97895 	0.274118 	0.60908 	0.02125 	
1.11	0.0552963 	-0.0362861 	-1.97864 	0.274126 	0.609128 	0.0212565 	
1.115	0.0553051 	-0.0366416 	-1.97833 	0.274133 	0.609176 	0.0212628 	
1.12	0.0554698 	-0.0372357 	-1.97817 	0.274531 	0.610823 	0.0220246 	
1.125	0.0554788 	-0.037592 	-1.97786 	0.274538 	0.610871 	0.0220307 	
1.13	0.0554878 	-0.0379484 	-1.97755 	0.274545 	0.610918 	0.0220367 	
1.135	0.0556545 	-0.0385442 	-1.97738 	0.274951 	0.61257 	0.0228033 	
1.14	0.0556636 	-0.0389013 	-1.97707 	0.274958 	0.612617 	0.022809 	
1.145	0.0556729 	-0.0392586 	-1.97676 	0.274966 	0.612664 	0.0228146 	
1.15	0.0558415 	-0.0398559 	-1.97658 	0.275379 	0.614318 	0.0235858 	
1.155	0.0558508 	-0.0402136 	-1.97627 	0.275386 	0.614364 	0.0235912 	
1.16	0.0558603 	-0.0405716 	-1.97596 	0.275394 	0.614411 	0.0235964 	
1.165	0.0560307 	-0.0411701 	-1.97579 	0.275815 	0.616067 	0.0243719 	
1.17	0.0560403 	-0.0415285 	-1.97547 	0.275822 	0.616113 	0.0243769 	
1.175	0.05605 	-0.041887 	-1.97516 	0.275829 	0.616159 	0.0243817 	
1.18	0.0562222 	-0.0424865 	-1.97498 	0.276259 	0.617817 	0.0251613 	
1.185	0.056232 	-0.0428453 	-1.97467 	0.276266 	0.617862 	0.0251659 	
1.19	0.0562419 	-0.0432043 	-1.97436 	0.276272 	0.617908 	0.0251704 	
1.195	0.0564159 	-0.0438045 	-1.97418 	0.27671 	0.619566 	0.0259538 	
1.2	0.0564259 	-0.0441637 	-1.97386 	0.276717 	0.619611 	0.025958 	
1.205	0.0564359 	-0.0445229 	-1.97355 	0.276723 	0.619656 	0.0259621 	
1.21	0.0566117 	-0.0451237 	-1.97337 	0.277168 	0.621315 	0.0267492 	
1.215	0.0566218 	-0.0454831 	-1.97305 	0.277175 	0.62136 	0.026753 	
1.22	0.0566321 	-0.0458425 	-1.97273 	0.277181 	0.621404 	0.0267566 	
1.225	0.0568095 	-0.0464437 	-1.97255 	0.277634 	0.623063 	0.027547 	
1.23	0.0568199 	-0.0468031 	-1.97224 	0.27764 	0.623106 	0.0275505 	
1.235	0.0568303 	-0.0471626 	-1.97192 	0.277647 	0.62315 	0.0275537 	
1.24	0.0570093 	-0.0477638 	-1.97174 	0.278107 	0.624808 	0.0283472 	
1.245	0.0570198 	-0.0481233 	-1.97142 	0.278113 	0.624851 	0.0283503 	
1.25	0.0570304 	-0.0484826 	-1.9711 	0.278119 	0.624894 	0.0283531 	
1.255	0.0572111 	-0.0490838 	-1.97092 	0.278587 	0.62655 	0.0291495 	
1.26	0.0572218 	-0.049443 	-1.9706 	0.278593 	0.626593 	0.0291521 	
1.265	0.0572325 	-0.0498021 	-1.97028 	0.278599 	0.626635 	0.0291546 	
1.27	0.0574146 	-0.0504029 	-1.97009 	0.279073 	0.628289 	0.0299535 	
1.275	0.0574255 	-0.0507619 	-1.96978 	0.279079 	0.628331 	0.0299558 	
1.28	0.0574364 	-0.0511206 	-1.96946 	0.279085 	0.628372 	0.0299578 	
1.285	0.05762 	-0.0517209 	-1.96927 	0.279566 	0.630024 	0.0307591 	
1.29	0.057631 	-0.0520794 	-1.96895 	0.279572 	0.630065 	0.0307609 	
1.295	0.0576421 	-0.0524377 	-1.96863 	0.279578 	0.630106 	0.0307626 	
1.3	0.0578271 	-0.0530372 	-1.96844 	0.280066 	0.631754 	0.0315659 	
1.305	0.0578383 	-0.0533952 	-1.96812 	0.280072 	0.631794 	0.0315674 	
1.31	0.0578495 	-0.0537528 	-1.9678 	0.280078 	0.631835 	0.0315686 	
1.315	0.0580358 	-0.0543514 	-1.96761 	0.280572 	0.633479 	0.0323737 	
1.32	0.0580471 	-0.0547086 	-1.96729 	0.280578 	0.633519 	0.0323748 	
1.325	0.0580585 	-0.0550656 	-1.96697 	0.280583 	0.633558 	0.0323756 	
1.33	0.058246 	-0.0556629 	-1.96678 	0.281084 	0.635198 	0.0331823 	
1.335	0.0582575 	-0.0560193 	-1.96646 	0.28109 	0.635237 	0.0331829 	
1.34	0.0582691 	-0.0563754 	-1.96614 	0.281095 	0.635275 	0.0331834 	
1.345	0.0584577 	-0.0569713 	-1.96595 	0.281602 	0.63691 	0.0339912 	
1.35	0.0584693 	-0.0573268 	-1.96563 	0.281608 	0.636948 	0.0339914 	
1.355	0.058481 	-0.0576819 	-1.96531 	0.281613 	0.636986 	0.0339915 	
1.36	0.0586708 	-0.0582762 	-1.96512 	0.282126 	0.638615 	0.0348003 	
1.365	0.0586826 	-0.0586306 	-1.9648 	0.282131 	0.638652 	0.0348002 	
1.37	0.0586944 	-0.0589846 	-1.96448 	0.282136 	0.63869 	0.0347998 	
1.375	0.0588852 	-0.059577 	-1.96429 	0.282655 	0.640312 	0.0356093 	
1.38	0.0588971 	-0.0599303 	-1.96397 	0.28266 	0.640349 	0.0356087 	
1.385	0.058909 	-0.060283 	-1.96365 	0.282665 	0.640386 	0.0356081 	
1.39	0.0591007 	-0.0608734 	-1.96345 	0.28319 	0.642001 	0.0364179 	
1.395	0.0591128 	-0.0612253 	-1.96313 	0.283194 	0.642037 	0.0364169 	
1.4	0.0591248 	-0.0615767 	-1.96282 	0.283199 	0.642073 	0.0364159 	
1.405	0.0593174 	-0.0621647 	-1.96262 	0.283729 	0.643681 	0.0372258 	
1.41	0.0593296 	-0.0625152 	-1.9623 	0.283734 	0.643716 	0.0372244 	
1.415	0.0593417 	-0.0628652 	-1.96199 	0.283738 	0.643751 	0.037223 	
1.42	0.0595351 	-0.0634507 	-1.96179 	0.284273 	0.645351 	0.0380327 	
1.425	0.0595474 	-0.0637996 	-1.96147 	0.284278 	0.645386 	0.038031 	
1.43	0.0595597 	-0.064148 	-1.96115 	0.284282 	0.64542 	0.0380291 	
1.435	0.0597537 	-0.0647308 	-1.96095 	0.284822 	0.647011 	0.0388383 	
1.44	0.0597661 	-0.0650781 	-1.96064 	0.284826 	0.647045 	0.0388363 	
1.445	0.0597785 	-0.0654247 	-1.96032 	0.28483 	0.647079 	0.038834 	
1.45	0.0599732 	-0.0660046 	-1.96012 	0.285375 	0.648661 	0.0396424 	
1.455	0.0599856 	-0.06635 	-1.95981 	0.285379 	0.648694 	0.03964 	
1.46	0.0599981 	-0.0666948 	-1.9595 	0.285382 	0.648727 	0.0396374 	
1.465	0.0601933 	-0.0672716 	-1.95929 	0.285931 	0.650299 	0.0404447 	
1.47	0.0602058 	-0.0676151 	-1.95898 	0.285935 	0.650331 	0.0404419 	
1.475	0.0602184 	-0.067958 	-1.95867 	0.285939 	0.650363 	0.0404389 	
1.48	0.0604141 	-0.0685314 	-1.95847 	0.286492 	0.651925 	0.0412448 	
1.485	0.0604267 	-0.0688729 	-1.95815 	0.286495 	0.651957 	0.0412416 	
1.49	0.0604394 	-0.0692137 	-1.95784 	0.286499 	0.651988 	0.0412383 	
1.495	0.0606354 	-0.0697836 	-1.95764 	0.287055 	0.653539 	0.0420424 	
1.5	0.060648 	-0.0701229 	-1.95733 	0.287059 	0.65357 	0.0420389 	
1.505	0.0606608 	-0.0704615 	-1.95702 	0.287062 	0.6536 	0.0420353 	
1.51	0.060857 	-0.0710276 	-1.95682 	0.287622 	0.65514 	0.0428374 	
1.515	0.0608698 	-0.0713647 	-1.95651 	0.287625 	0.65517 	0.0428335 	
1.52	0.0608826 	-0.0717009 	-1.9562 	0.287628 	0.6552 	0.0428295 	
1.525	0.061079 	-0.0722632 	-1.956 	0.288191 	0.656728 	0.0436292 	
1.53	0.0610918 	-0.0725978 	-1.95569 	0.288195 	0.656757 	0.043625 	
1.535	0.0611047 	-0.0729317 	-1.95538 	0.288198 	0.656786 	0.0436207 	
1.54	0.0613012 	-0.0734897 	-1.95518 	0.288763 	0.658301 	0.0444178 	
1.545	0.061314 	-0.0738219 	-1.95487 	0.288766 	0.65833 	0.0444133 	
1.55	0.0613269 	-0.0741532 	-1.95457 	0.288769 	0.658358 	0.0444086 	
1.555	0.0615234 	-0.0747069 	-1.95437 	0.289337 	0.65986 	0.0452027 	
1.56	0.0615363 	-0.0750365 	-1.95406 	0.28934 	0.659888 	0.0451979 	
1.565	0.0615493 	-0.0753651 	-1.95376 	0.289343 	0.659916 	0.0451929 	
1.57	0.0617456 	-0.0759143 	-1.95355 	0.289913 	0.661405 	0.0459837 	
1.575	0.0617586 	-0.0762412 	-1.95325 	0.289916 	0.661432 	0.0459786 	
1.58	0.0617715 	-0.0765671 	-1.95295 	0.289918 	0.661458 	0.0459733 	
1.585	0.0619677 	-0.0771115 	-1.95275 	0.290491 	0.662934 	0.0467604 	
1.59	0.0619806 	-0.0774355 	-1.95245 	0.290493 	0.66296 	0.046755 	
1.595	0.0619936 	-0.0777585 	-1.95215 	0.290495 	0.662986 	0.0467494 	
1.6	0.0621894 	-0.0782981 	-1.95195 	0.291069 	0.664447 	0.0475326 	
1.605	0.0622024 	-0.0786191 	-1.95165 	0.291071 	0.664472 	0.0475269 	
1.61	0.0622154 	-0.0789392 	-1.95135 	0.291073 	0.664497 	0.0475211 	
1.615	0.0624108 	-0.0794736 	-1.95115 	0.291648 	0.665943 	0.0483 	
1.62	0.0624238 	-0.0797916 	-1.95085 	0.29165 	0.665968 	0.048294 	
1.625	0.0624368 	-0.0801085 	-1.95056 	0.291652 	0.665992 	0.0482879 	
1.63	0.0624498 	-0.0804244 	-1.95026 	0.291654 	0.666017 	0.0482817 	
1.635	0.062699 	-0.081016 	-1.95009 	0.292401 	0.667865 	0.0492884 	
1.64	0.062712 	-0.0813298 	-1.9498 	0.292403 	0.667889 	0.0492821 	
1.645	0.062725 	-0.0816424 	-1.94951 	0.292405 	0.667913 	0.0492756 	
1.65	0.0629245 	-0.0821707 	-1.94931 	0.292998 	0.669364 	0.0500672 	
1.655	0.0629375 	-0.0824811 	-1.94902 	0.293 	0.669387 	0.0500606 	
1.66	0.0629505 	-0.0827904 	-1.94873 	0.293002 	0.66941 	0.0500539 	
1.665	0.0629635 	-0.0830986 	-1.94844 	0.293003 	0.669433 	0.0500471 	
1.67	0.0632111 	-0.0836761 	-1.94827 	0.293752 	0.671237 	0.0510407 	
1.675	0.063224 	-0.083982 	-1.94798 	0.293754 	0.671259 	0.0510337 	
1.68	0.0632369 	-0.0842867 	-1.9477 	0.293755 	0.671281 	0.0510267 	
1.685	0.0632499 	-0.0845902 	-1.94741 	0.293757 	0.671303 	0.0510196 	
1.69	0.0635009 	-0.0851644 	-1.94724 	0.294521 	0.673115 	0.0520246 	
1.695	0.0635138 	-0.0854656 	-1.94696 	0.294522 	0.673136 	0.0520174 	
1.7	0.0635267 	-0.0857655 	-1.94668 	0.294523 	0.673157 	0.0520101 	
1.705	0.0635396 	-0.0860641 	-1.9464 	0.294525 	0.673178 	0.0520027 	
1.71	0.0637894 	-0.0866296 	-1.94623 	0.295289 	0.674963 	0.0529989 	
1.715	0.0638022 	-0.0869258 	-1.94595 	0.29529 	0.674983 	0.0529914 	
1.72	0.063815 	-0.0872207 	-1.94567 	0.295291 	0.675003 	0.0529838 	
1.725	0.0638278 	-0.0875144 	-1.9454 	0.295292 	0.675023 	0.0529762 	
1.73	0.0640756 	-0.0880702 	-1.94523 	0.296053 	0.676777 	0.0539608 	
1.735	0.0640883 	-0.0883613 	-1.94495 	0.296054 	0.676796 	0.0539531 	
1.74	0.0641011 	-0.0886511 	-1.94468 	0.296055 	0.676816 	0.0539453 	
1.745	0.0641138 	-0.0889395 	-1.94441 	0.296056 	0.676834 	0.0539374 	
1.75	0.0643592 	-0.0894854 	-1.94424 	0.296814 	0.678556 	0.0549095 	
1.755	0.0643719 	-0.0897712 	-1.94397 	0.296814 	0.678574 	0.0549015 	
1.76	0.0643845 	-0.0900556 	-1.9437 	0.296815 	0.678592 	0.0548935 	
1.765	0.0643971 	-0.0903387 	-1.94343 	0.296815 	0.67861 	0.0548854 	
1.77	0.06464 	-0.0908742 	-1.94327 	0.297569 	0.680298 	0.0558442 	
1.775	0.0646525 	-0.0911546 	-1.943 	0.297569 	0.680315 	0.055836 	
1.78	0.0646651 	-0.0914336 	-1.94274 	0.29757 	0.680332 	0.0558278 	
1.785	0.0646776 	-0.0917111 	-1.94248 	0.29757 	0.68035 	0.0558195 	
1.79	0.0649176 	-0.092236 	-1.94231 	0.298318 	0.682002 	0.0567641 	
1.795	0.0649301 	-0.0925107 	-1.94205 	0.298318 	0.682019 	0.0567558 	
1.8	0.0649425 	-0.0927841 	-1.94179 	0.298318 	0.682035 	0.0567474 	
1.805	0.0649548 	-0.0930559 	-1.94153 	0.298319 	0.682052 	0.0567389 	
1.81	0.0651918 	-0.0935698 	-1.94137 	0.29906 	0.683669 	0.0576686 	
1.815	0.0652041 	-0.0938388 	-1.94111 	0.29906 	0.683685 	0.0576601 	
1.82	0.0652164 	-0.0941063 	-1.94086 	0.29906 	0.6837 	0.0576516 	
1.825	0.0652286 	-0.0943724 	-1.94061 	0.29906 	0.683716 	0.057643 	
1.83	0.0654623 	-0.094875 	-1.94044 	0.299794 	0.685296 	0.058557 	
1.835	0.0654744 	-0.0951381 	-1.94019 	0.299794 	0.685312 	0.0585484 	
1.84	0.0654865 	-0.0953996 	-1.93994 	0.299794 	0.685326 	0.0585397 	
1.845	0.0654986 	-0.0956596 	-1.9397 	0.299794 	0.685341 	0.058531 	
1.85	0.0657287 	-0.0961507 	-1.93954 	0.300519 	0.686885 	0.0594286 	
1.855	0.0657407 	-0.0964077 	-1.93929 	0.300519 	0.686899 	0.0594198 	
1.86	0.0657526 	-0.0966631 	-1.93905 	0.300519 	0.686913 	0.059411 	
1.865	0.0657645 	-0.096917 	-1.9388 	0.300519 	0.686927 	0.0594022 	
1.87	0.0659909 	-0.0973963 	-1.93865 	0.301235 	0.688432 	0.0602826 	
1.875	0.0660026 	-0.097647 	-1.93841 	0.301235 	0.688446 	0.0602738 	
1.88	0.0660143 	-0.0978962 	-1.93817 	0.301234 	0.688459 	0.0602649 	
1.885	0.066026 	-0.0981438 	-1.93793 	0.301234 	0.688472 	0.0602561 	
1.89	0.0662484 	-0.0986109 	-1.93778 	0.30194 	0.689939 	0.0611185 	
1.895	0.0662599 	-0.0988553 	-1.93754 	0.301939 	0.689952 	0.0611096 	
1.9	0.0662715 	-0.0990981 	-1.93731 	0.301939 	0.689964 	0.0611007 	
1.905	0.0662829 	-0.0993392 	-1.93708 	0.301938 	0.689977 	0.0610918 	
1.91	0.066501 	-0.099794 	-1.93693 	0.302633 	0.691404 	0.0619355 	
1.915	0.0665124 	-0.100032 	-1.9367 	0.302632 	0.691416 	0.0619265 	
1.92	0.0665237 	-0.100268 	-1.93647 	0.302632 	0.691428 	0.0619176 	
1.925	0.0665349 	-0.100503 	-1.93625 	0.302631 	0.69144 	0.0619087 	
1.93	0.0667485 	-0.100945 	-1.9361 	0.303314 	0.692827 	0.0627329 	
1.935	0.0667596 	-0.101176 	-1.93587 	0.303313 	0.692838 	0.062724 	
1.94	0.0667706 	-0.101406 	-1.93565 	0.303312 	0.692849 	0.0627151 	
1.945	0.0667817 	-0.101634 	-1.93543 	0.303312 	0.69286 	0.0627062 	
1.95	0.0667926 	-0.10186 	-1.93522 	0.303311 	0.692871 	0.0626973 	
1.955	0.067045 	-0.102332 	-1.93509 	0.304129 	0.694511 	0.0636804 	
1.96	0.0670558 	-0.102555 	-1.93487 	0.304128 	0.694521 	0.0636715 	
1.965	0.0670666 	-0.102776 	-1.93466 	0.304127 	0.694532 	0.0636626 	
1.97	0.0670773 	-0.102995 	-1.93445 	0.304126 	0.694542 	0.0636538 	
1.975	0.0670879 	-0.103213 	-1.93424 	0.304125 	0.694552 	0.0636449 	
1.98	0.0673373 	-0.103671 	-1.93411 	0.304937 	0.696158 	0.0646145 	
1.985	0.0673477 	-0.103885 	-1.93391 	0.304936 	0.696168 	0.0646057 	
1.99	0.0673581 	-0.104098 	-1.9337 	0.304935 	0.696178 	0.0645969 	
1.995	0.0673685 	-0.104308 	-1.9335 	0.304934 	0.696187 	0.0645882 	
2	0.0673788 	-0.104517 	-1.93329 	0.304933 	0.696196 	0.0645794 	
2.005	0.0676204 	-0.104957 	-1.93317 	0.305722 	0.69774 	0.0655167 	
2.01	0.0676305 	-0.105162 	-1.93298 	0.305721 	0.697749 	0.0655081 	
2.015	0.0676406 	-0.105366 	-1.93278 	0.30572 	0.697758 	0.0654994 	
2.02	0.0676506 	-0.105567 	-1.93258 	0.305719 	0.697766 	0.0654908 	
2.025	0.0676605 	-0.105767 	-1.93239 	0.305718 	0.697775 	0.0654822 	
2.03	0.0678936 	-0.106188 	-1.93227 	0.306482 	0.699251 	0.066384 	
2.035	0.0679033 	-0.106385 	-1.93208 	0.306481 	0.69926 	0.0663755 	
2.04	0.067913 	-0.106579 	-1.93189 	0.30648 	0.699268 	0.066367 	
2.045	0.0679226 	-0.106771 	-1.93171 	0.306479 	0.699276 	0.0663586 	
2.05	0.0679322 	-0.106962 	-1.93152 	0.306478 	0.699284 	0.0663501 	
2.055	0.0681562 	-0.107364 	-1.93141 	0.307215 	0.700692 	0.0672151 	
2.06	0.0681655 	-0.10755 	-1.93123 	0.307214 	0.700699 	0.0672068 	
2.065	0.0681748 	-0.107735 	-1.93105 	0.307212 	0.700707 	0.0671985 	
2.07	0.068184 	-0.107919 	-1.93087 	0.307211 	0.700714 	0.0671902 	
2.075	0.0681932 	-0.1081 	-1.93069 	0.30721 	0.700721 	0.067182 	
2.08	0.0682022 	-0.108279 	-1.93052 	0.307209 	0.700728 	0.0671739 	
2.085	0.0684524 	-0.108694 	-1.93042 	0.30804 	0.702298 	0.0681456 	
2.09	0.0684613 	-0.10887 	-1.93025 	0.308039 	0.702305 	0.0681376 	
2.095	0.0684701 	-0.109044 	-1.93008 	0.308038 	0.702312 	0.0681296 	
2.1	0.0684788 	-0.109215 	-1.92992 	0.308037 	0.702318 	0.0681216 	
2.105	0.0684875 	-0.109385 	-1.92975 	0.308036 	0.702325 	0.0681137 	
2.11	0.068496 	-0.109553 	-1.92959 	0.308034 	0.702331 	0.0681058 	
2.115	0.0687361 	-0.109945 	-1.9295 	0.308836 	0.703825 	0.0690371 	
2.12	0.0687445 	-0.110109 	-1.92934 	0.308834 	0.703832 	0.0690294 	
2.125	0.0687527 	-0.110272 	-1.92918 	0.308833 	0.703837 	0.0690217 	
2.13	0.0687609 	-0.110432 	-1.92902 	0.308832 	0.703843 	0.0690141 	
2.135	0.068769 	-0.11059 	-1.92887 	0.308831 	0.703849 	0.0690065 	
2.14	0.068777 	-0.110746 	-1.92872 	0.308829 	0.703855 	0.0689991 	
2.145	0.0690028 	-0.111112 	-1.92863 	0.309585 	0.705249 	0.0698729 	
2.15	0.0690106 	-0.111264 	-1.92848 	0.309584 	0.705254 	0.0698656 	
2.155	0.0690183 	-0.111414 	-1.92834 	0.309583 	0.70526 	0.0698583 	
2.16	0.069026 	-0.111563 	-1.92819 	0.309582 	0.705265 	0.0698511 	
2.165	0.0690335 	-0.111709 	-1.92805 	0.30958 	0.70527 	0.069844 	
2.17	0.069041 	-0.111853 	-1.92791 	0.309579 	0.705275 	0.0698369 	
2.175	0.0690483 	-0.111996 	-1.92777 	0.309578 	0.70528 	0.0698299 	
2.18	0.0692875 	-0.112359 	-1.9277 	0.310385 	0.706752 	0.0707593 	
2.185	0.0692946 	-0.112498 	-1.92756 	0.310384 	0.706757 	0.0707525 	
2.19	0.0693017 	-0.112634 	-1.92743 	0.310383 	0.706762 	0.0707457 	
2.195	0.0693087 	-0.112769 	-1.9273 	0.310382 	0.706766 	0.070739 	
2.2	0.0693155 	-0.112901 	-1.92717 	0.31038 	0.70677 	0.0707324 	
2.205	0.0693223 	-0.113031 	-1.92704 	0.310379 	0.706775 	0.0707259 	
2.21	0.069329 	-0.113159 	-1.92692 	0.310378 	0.706779 	0.0707195 	
2.215	0.06955 	-0.113491 	-1.92685 	0.311127 	0.70813 	0.0715773 	
2.22	0.0695564 	-0.113615 	-1.92673 	0.311126 	0.708134 	0.071571 	
2.225	0.0695628 	-0.113737 	-1.92661 	0.311125 	0.708138 	0.0715648 	
2.23	0.0695691 	-0.113857 	-1.9265 	0.311124 	0.708141 	0.0715587 	
2.235	0.0695752 	-0.113975 	-1.92638 	0.311122 	0.708145 	0.0715527 	
2.24	0.0695813 	-0.114091 	-1.92627 	0.311121 	0.708149 	0.0715468 	
2.245	0.0695873 	-0.114205 	-1.92615 	0.31112 	0.708152 	0.0715409 	
2.25	0.0695931 	-0.114317 	-1.92604 	0.311119 	0.708156 	0.0715352 	
2.255	0.0698148 	-0.114632 	-1.926 	0.311875 	0.709506 	0.0723979 	
2.26	0.0698204 	-0.114739 	-1.92589 	0.311874 	0.709509 	0.0723924 	
2.265	0.069826 	-0.114845 	-1.92579 	0.311873 	0.709512 	0.0723869 	
2.27	0.0698314 	-0.114949 	-1.92569 	0.311872 	0.709515 	0.0723815 	
2.275	0.0698367 	-0.11505 	-1.92559 	0.311871 	0.709518 	0.0723762 	
2.28	0.069842 	-0.11515 	-1.92549 	0.31187 	0.709521 	0.0723711 	
2.285	0.0698471 	-0.115247 	-1.92539 	0.311869 	0.709524 	0.072366 	
2.29	0.0698521 	-0.115342 	-1.9253 	0.311868 	0.709527 	0.072361 	
2.295	0.069857 	-0.115436 	-1.92521 	0.311867 	0.70953 	0.0723561 	
2.3	0.0698619 	-0.115527 	-1.92512 	0.311866 	0.709533 	0.0723513 	
2.305	0.0700937 	-0.11583 	-1.92509 	0.312665 	0.710941 	0.0732587 	
2.31	0.0700983 	-0.115916 	-1.92501 	0.312664 	0.710944 	0.0732541 	
2.315	0.0701028 	-0.116001 	-1.92492 	0.312663 	0.710946 	0.0732497 	
2.32	0.0701071 	-0.116084 	-1.92484 	0.312662 	0.710949 	0.0732453 	
2.325	0.0701114 	-0.116164 	-1.92476 	0.312661 	0.710951 	0.073241 	
2.33	0.0701155 	-0.116243 	-1.92469 	0.31266 	0.710953 	0.0732368 	
2.335	0.0701196 	-0.116319 	-1.92461 	0.312659 	0.710956 	0.0732328 	
2.34	0.0701235 	-0.116393 	-1.92454 	0.312659 	0.710958 	0.0732288 	
2.345	0.0701273 	-0.116466 	-1.92447 	0.312658 	0.71096 	0.0732249 	
2.35	0.0701311 	-0.116536 	-1.9244 	0.312657 	0.710962 	0.0732212 	
2.355	0.0701347 	-0.116603 	-1.92433 	0.312656 	0.710964 	0.0732176 	
2.36	0.0701382 	-0.116669 	-1.92427 	0.312656 	0.710965 	0.073214 	
2.365	0.0701415 	-0.116733 	-1.9242 	0.312655 	0.710967 	0.0732106 	
2.37	0.0703703 	-0.117005 	-1.9242 	0.31345 	0.712354 	0.0741111 	
2.375	0.0703734 	-0.117064 	-1.92415 	0.313449 	0.712356 	0.0741079 	
2.38	0.0703765 	-0.117121 	-1.92409 	0.313449 	0.712358 	0.0741048 	
2.385	0.0703794 	-0.117176 	-1.92403 	0.313448 	0.712359 	0.0741018 	
2.39	0.0703822 	-0.117229 	-1.92398 	0.313447 	0.71236 	0.074099 	
2.395	0.0703849 	-0.11728 	-1.92393 	0.313447 	0.712362 	0.0740962 	
2.4	0.0703875 	-0.117329 	-1.92388 	0.313446 	0.712363 	0.0740936 	
2.405	0.07039 	-0.117375 	-1.92384 	0.313446 	0.712364 	0.0740911 	
2.41	0.0703923 	-0.117419 	-1.92379 	0.313445 	0.712366 	0.0740886 	
2.415	0.0703946 	-0.117461 	-1.92375 	0.313445 	0.712367 	0.0740863 	
2.42	0.0703967 	-0.117501 	-1.92371 	0.313444 	0.712368 	0.0740842 	
2.425	0.0703985 	-0.117536 	-1.92368 	0.313444 	0.712369 	0.0740823 	
2.43	0.0704006 	-0.117575 	-1.92364 	0.313443 	0.71237 	0.0740802 	
2.435	0.0704023 	-0.117605 	-1.92361 	0.313443 	0.712371 	0.0740785 	
2.44	0.0704039 	-0.117637 	-1.92358 	0.313443 	0.712371 	0.0740768 	
2.445	0.0704055 	-0.117666 	-1.92355 	0.313442 	0.712372 	0.0740752 	
2.45	0.070407 	-0.117693 	-1.92352 	0.313442 	0.712373 	0.0740737 	
2.455	0.0704083 	-0.117718 	-1.9235 	0.313442 	0.712374 	0.0740723 	
2.46	0.0704095 	-0.117741 	-1.92348 	0.313442 	0.712374 	0.074071 	
2.465	0.0704106 	-0.117762 	-1.92346 	0.313441 	0.712375 	0.0740699 	
2.47	0.0704116 	-0.117781 	-1.92344 	0.313441 	0.712375 	0.0740689 	
2.475	0.0704125 	-0.117797 	-1.92342 	0.313441 	0.712376 	0.074068 	
2.48	0.0704133 	-0.117812 	-1.92341 	0.313441 	0.712376 	0.0740672 	
2.485	0.0704139 	-0.117824 	-1.9234 	0.313441 	0.712376 	0.0740665 	
2.49	0.0704145 	-0.117834 	-1.92339 	0.31344 	0.712377 	0.074066 	
2.495	0.0704149 	-0.117842 	-1.92338 	0.31344 	0.712377 	0.0740655 	
2.5	0.0704152 	-0.117847 	-1.92337 	0.31344 	0.712377 	0.0740652 	
2.505	0.0704152 	-0.117847 	-1.92337 	0.31344 	0.712377 	0.0740652 	
2.51	0.0704154 	-0.117852 	-1.92337 	0.31344 	0.712377 	0.074065 	
2.515	0.0704154 	-0.117852 	-1.92337 	0.31344 	0.712377 	0.074065 	
2.52	0.0704146 	-0.117853 	-1.92336 	0.313439 	0.712373 	0.0740643 	
2.525	0.0704136 	-0.117855 	-1.92336 	0.313438 	0.712368 	0.0740634 	
2.53	0.070412 	-0.117857 	-1.92335 	0.313437 	0.712361 	0.0740621 	
2.535	0.0704101 	-0.11786 	-1.92333 	0.313435 	0.712351 	0.0740604 	
2.54	0.0704077 	-0.117864 	-1.92332 	0.313432 	0.712339 	0.0740584 	
2.545	0.0704048 	-0.117869 	-1.9233 	0.31343 	0.712325 	0.074056 	
2.55	0.0704015 	-0.117874 	-1.92328 	0.313426 	0.712309 	0.0740532 	
2.555	0.0703977 	-0.117879 	-1.92325 	0.313422 	0.712291 	0.07405 	
2.56	0.0703935 	-0.117886 	-1.92323 	0.313418 	0.712271 	0.0740465 	
2.565	0.0703889 	-0.117893 	-1.9232 	0.313414 	0.712248 	0.0740426 	
2.57	0.0703838 	-0.117901 	-1.92317 	0.313408 	0.712223 	0.0740383 	
2.575	0.0703782 	-0.117909 	-1.92313 	0.313403 	0.712196 	0.0740336 	
2.58	0.0703723 	-0.117918 	-1.92309 	0.313397 	0.712167 	0.0740286 	
2.585	0.0703658 	-0.117928 	-1.92305 	0.31339 	0.712136 	0.0740232 	
2.59	0.0703589 	-0.117939 	-1.92301 	0.313384 	0.712103 	0.0740174 	
2.595	0.0703509 	-0.117951 	-1.92296 	0.313375 	0.712064 	0.0740106 	
2.6	0.0703438 	-0.117962 	-1.92291 	0.313368 	0.712029 	0.0740046 	
2.605	0.0703348 	-0.117976 	-1.92286 	0.313359 	0.711986 	0.0739971 	
2.61	0.0703261 	-0.117989 	-1.9228 	0.313351 	0.711943 	0.0739897 	
2.615	0.070317 	-0.118003 	-1.92274 	0.313341 	0.711899 	0.073982 	
2.62	0.0703074 	-0.118017 	-1.92268 	0.313332 	0.711852 	0.073974 	
2.625	0.0702974 	-0.118033 	-1.92262 	0.313322 	0.711804 	0.0739655 	
2.63	0.0702869 	-0.118049 	-1.92255 	0.313311 	0.711753 	0.0739567 	
2.635	0.070276 	-0.118066 	-1.92248 	0.3133 	0.7117 	0.0739476 	
2.64	0.0702647 	-0.118083 	-1.92241 	0.313289 	0.711645 	0.073938 	
2.645	0.0702529 	-0.118101 	-1.92234 	0.313277 	0.711587 	0.0739281 	
2.65	0.0702407 	-0.11812 	-1.92226 	0.313265 	0.711528 	0.0739178 	
2.655	0.0702281 	-0.118139 	-1.92218 	0.313252 	0.711467 	0.0739072 	
2.66	0.070215 	-0.118159 	-1.92209 	0.313239 	0.711403 	0.0738962 	
2.665	0.0702015 	-0.11818 	-1.92201 	0.313226 	0.711337 	0.0738848 	
2.67	0.0701875 	-0.118201 	-1.92192 	0.313212 	0.711269 	0.073873 	
2.675	0.0701732 	-0.118223 	-1.92183 	0.313197 	0.711199 	0.0738609 	
2.68	0.0701584 	-0.118246 	-1.92173 	0.313182 	0.711127 	0.0738484 	
2.685	0.0701431 	-0.11827 	-1.92164 	0.313167 	0.711053 	0.0738356 	
2.69	0.0701274 	-0.118294 	-1.92154 	0.313151 	0.710977 	0.0738224 	
2.695	0.0702257 	-0.118285 	-1.92143 	0.313706 	0.710893 	0.0728771 	
2.7	0.0702092 	-0.118311 	-1.92133 	0.31369 	0.710812 	0.0728632 	
2.705	0.0701922 	-0.118337 	-1.92122 	0.313673 	0.71073 	0.0728489 	
2.71	0.0701748 	-0.118364 	-1.92111 	0.313655 	0.710645 	0.0728342 	
2.715	0.070157 	-0.118391 	-1.921 	0.313637 	0.710559 	0.0728191 	
2.72	0.0701388 	-0.118419 	-1.92088 	0.313619 	0.71047 	0.0728038 	
2.725	0.0701201 	-0.118448 	-1.92076 	0.3136 	0.710379 	0.072788 	
2.73	0.0701011 	-0.118477 	-1.92064 	0.313581 	0.710286 	0.0727719 	
2.735	0.0700816 	-0.118507 	-1.92052 	0.313562 	0.710192 	0.0727555 	
2.74	0.0700617 	-0.118538 	-1.92039 	0.313542 	0.710095 	0.0727387 	
2.745	0.0700413 	-0.118569 	-1.92026 	0.313521 	0.709996 	0.0727215 	
2.75	0.0699733 	-0.11845 	-1.92009 	0.313461 	0.709061 	0.0714376 	
2.755	0.0699521 	-0.118483 	-1.91995 	0.31344 	0.708958 	0.0714198 	
2.76	0.0699306 	-0.118516 	-1.91982 	0.313418 	0.708853 	0.0714016 	
2.765	0.0699086 	-0.11855 	-1.91968 	0.313396 	0.708746 	0.0713831 	
2.77	0.0698862 	-0.118585 	-1.91953 	0.313374 	0.708637 	0.0713642 	
2.775	0.0698635 	-0.11862 	-1.91939 	0.313351 	0.708526 	0.071345 	
2.78	0.0698403 	-0.118656 	-1.91924 	0.313328 	0.708413 	0.0713254 	
2.785	0.0698167 	-0.118692 	-1.91909 	0.313305 	0.708298 	0.0713055 	
2.79	0.0697364 	-0.118584 	-1.9189 	0.313193 	0.707362 	0.0701248 	
2.795	0.069712 	-0.118622 	-1.91874 	0.313168 	0.707243 	0.0701043 	
2.8	0.0696872 	-0.118661 	-1.91859 	0.313144 	0.707122 	0.0700834 	
2.805	0.069662 	-0.1187 	-1.91843 	0.313118 	0.706999 	0.0700622 	
2.81	0.0696365 	-0.11874 	-1.91826 	0.313093 	0.706875 	0.0700406 	
2.815	0.0696105 	-0.11878 	-1.9181 	0.313067 	0.706748 	0.0700188 	
2.82	0.0695842 	-0.118821 	-1.91793 	0.313041 	0.706619 	0.0699965 	
2.825	0.0695574 	-0.118863 	-1.91776 	0.313014 	0.706489 	0.069974 	
2.83	0.0694657 	-0.118742 	-1.91754 	0.312882 	0.705434 	0.0686537 	
2.835	0.0694382 	-0.118785 	-1.91736 	0.312855 	0.7053 	0.0686305 	
2.84	0.0694103 	-0.118828 	-1.91718 	0.312827 	0.705163 	0.068607 	
2.845	0.0693821 	-0.118873 	-1.917 	0.312799 	0.705025 	0.0685832 	
2.85	0.0693534 	-0.118917 	-1.91682 	0.312771 	0.704885 	0.0685591 	
2.855	0.0693244 	-0.118963 	-1.91663 	0.312742 	0.704743 	0.0685346 	
2.86	0.069295 	-0.119009 	-1.91645 	0.312713 	0.7046 	0.0685099 	
2.865	0.0692015 	-0.118895 	-1.91621 	0.31258 	0.703543 	0.0672042 	
2.87	0.0691713 	-0.118942 	-1.91602 	0.31255 	0.703395 	0.0671788 	
2.875	0.0691408 	-0.11899 	-1.91582 	0.31252 	0.703246 	0.0671531 	
2.88	0.06911 	-0.119038 	-1.91562 	0.312489 	0.703095 	0.0671271 	
2.885	0.0690788 	-0.119087 	-1.91542 	0.312458 	0.702942 	0.0671009 	
2.89	0.0690472 	-0.119137 	-1.91522 	0.312427 	0.702787 	0.0670743 	
2.895	0.0689556 	-0.119037 	-1.91497 	0.312299 	0.701777 	0.0658486 	
2.9	0.0689233 	-0.119088 	-1.91477 	0.312267 	0.701619 	0.0658214 	
2.905	0.0688906 	-0.11914 	-1.91456 	0.312234 	0.701459 	0.0657939 	
2.91	0.0688576 	-0.119192 	-1.91434 	0.312202 	0.701297 	0.0657662 	
2.915	0.0688243 	-0.119245 	-1.91413 	0.312169 	0.701134 	0.0657381 	
2.92	0.0687906 	-0.119298 	-1.91391 	0.312135 	0.700968 	0.0657098 	
2.925	0.0686936 	-0.119194 	-1.91365 	0.312 	0.6999 	0.0644152 	
2.93	0.0686592 	-0.119248 	-1.91343 	0.311966 	0.699731 	0.0643863 	
2.935	0.0686245 	-0.119303 	-1.9132 	0.311932 	0.69956 	0.0643572 	
2.94	0.0685894 	-0.119359 	-1.91298 	0.311897 	0.699388 	0.0643277 	
2.945	0.068554 	-0.119415 	-1.91275 	0.311863 	0.699214 	0.0642979 	
2.95	0.0685183 	-0.119472 	-1.91252 	0.311827 	0.699039 	0.0642679 	
2.955	0.0684154 	-0.119361 	-1.91224 	0.311684 	0.697903 	0.0628924 	
2.96	0.068379 	-0.119419 	-1.912 	0.311649 	0.697724 	0.0628618 	
2.965	0.0683423 	-0.119478 	-1.91176 	0.311612 	0.697544 	0.062831 	
2.97	0.0683053 	-0.119537 	-1.91152 	0.311576 	0.697362 	0.0627999 	
2.975	0.068268 	-0.119597 	-1.91128 	0.311539 	0.697178 	0.0627685 	
2.98	0.0681706 	-0.119507 	-1.911 	0.311407 	0.696135 	0.0615336 	
2.985	0.0681327 	-0.119568 	-1.91075 	0.31137 	0.695948 	0.0615017 	
2.99	0.0680944 	-0.119629 	-1.9105 	0.311332 	0.695759 	0.0614695 	
2.995	0.0680558 	-0.119691 	-1.91025 	0.311294 	0.695569 	0.0614371 	
3	0.0680169 	-0.119754 	-1.91 	0.311256 	0.695377 	0.0614045 	
3.005	0.0679164 	-0.119663 	-1.9097 	0.31112 	0.694303 	0.0601356 	
3.01	0.0678769 	-0.119727 	-1.90944 	0.311081 	0.694108 	0.0601024 	
3.015	0.0678371 	-0.119791 	-1.90919 	0.311042 	0.693912 	0.060069 	
3.02	0.0677971 	-0.119855 	-1.90892 	0.311003 	0.693714 	0.0600354 	
3.025	0.0677567 	-0.119921 	-1.90866 	0.310963 	0.693514 	0.0600015 	
3.03	0.0676524 	-0.119827 	-1.90835 	0.310822 	0.692398 	0.0586831 	
3.035	0.0676114 	-0.119893 	-1.90808 	0.310782 	0.692195 	0.0586488 	
3.04	0.0675702 	-0.11996 	-1.90782 	0.310742 	0.691991 	0.0586142 	
3.045	0.0675287 	-0.120027 	-1.90754 	0.310701 	0.691786 	0.0585794 	
3.05	0.0674869 	-0.120095 	-1.90727 	0.310661 	0.691579 	0.0585443 	
3.055	0.0673789 	-0.119999 	-1.90695 	0.310515 	0.690421 	0.0571768 	
3.06	0.0673366 	-0.120067 	-1.90667 	0.310474 	0.690211 	0.0571413 	
3.065	0.067294 	-0.120137 	-1.90639 	0.310432 	0.69 	0.0571056 	
3.07	0.0672511 	-0.120207 	-1.90611 	0.31039 	0.689788 	0.0570697 	
3.075	0.067208 	-0.120277 	-1.90583 	0.310348 	0.689574 	0.0570335 	
3.08	0.0670964 	-0.120178 	-1.9055 	0.310198 	0.688376 	0.0556189 	
3.085	0.0670528 	-0.120249 	-1.90521 	0.310156 	0.688159 	0.0555823 	
3.09	0.0670089 	-0.120321 	-1.90492 	0.310113 	0.687941 	0.0555455 	
3.095	0.0669648 	-0.120394 	-1.90463 	0.310071 	0.687722 	0.0555085 	
3.1	0.066863 	-0.120323 	-1.9043 	0.309937 	0.686672 	0.0543092 	
3.105	0.0668184 	-0.120396 	-1.90401 	0.309894 	0.686451 	0.0542719 	
3.11	0.0667735 	-0.12047 	-1.90371 	0.309851 	0.686227 	0.0542343 	
3.115	0.0667284 	-0.120545 	-1.90341 	0.309807 	0.686003 	0.0541965 	
3.12	0.0666255 	-0.120476 	-1.90307 	0.309673 	0.684946 	0.0529938 	
3.125	0.0665799 	-0.120551 	-1.90277 	0.309629 	0.684719 	0.0529556 	
3.13	0.0665341 	-0.120627 	-1.90247 	0.309584 	0.684491 	0.0529173 	
3.135	0.0664881 	-0.120703 	-1.90217 	0.30954 	0.684262 	0.0528788 	
3.14	0.0663832 	-0.120634 	-1.90182 	0.309403 	0.683183 	0.051652 	
3.145	0.0663368 	-0.120711 	-1.90151 	0.309359 	0.682952 	0.0516131 	
3.15	0.0662901 	-0.120789 	-1.9012 	0.309314 	0.682719 	0.0515741 	
3.155	0.0662432 	-0.120867 	-1.90089 	0.309268 	0.682485 	0.0515348 	
3.16	0.0661363 	-0.120796 	-1.90054 	0.30913 	0.681384 	0.0502831 	
3.165	0.066089 	-0.120875 	-1.90022 	0.309084 	0.681148 	0.0502435 	
3.17	0.0660415 	-0.120955 	-1.89991 	0.309038 	0.68091 	0.0502038 	
3.175	0.0659937 	-0.121035 	-1.89959 	0.308993 	0.680672 	0.0501639 	
3.18	0.065885 	-0.120963 	-1.89923 	0.308852 	0.67955 	0.0488882 	
3.185	0.0658369 	-0.121044 	-1.89891 	0.308806 	0.679309 	0.048848 	
3.19	0.0657886 	-0.121125 	-1.89859 	0.308759 	0.679067 	0.0488076 	
3.195	0.0657401 	-0.121207 	-1.89827 	0.308713 	0.678825 	0.0487671 	
3.2	0.0656295 	-0.121135 	-1.8979 	0.30857 	0.677682 	0.0474688 	
3.205	0.0655807 	-0.121217 	-1.89757 	0.308523 	0.677437 	0.047428 	
3.21	0.0655317 	-0.1213 	-1.89724 	0.308476 	0.677192 	0.047387 	
3.215	0.0654824 	-0.121383 	-1.89692 	0.308429 	0.676945 	0.0473459 	
3.22	0.0653702 	-0.12131 	-1.89654 	0.308285 	0.675784 	0.0460262 	
3.225	0.0653207 	-0.121394 	-1.89621 	0.308238 	0.675535 	0.0459848 	
3.23	0.065271 	-0.121479 	-1.89588 	0.30819 	0.675285 	0.0459433 	
3.235	0.0652211 	-0.121563 	-1.89554 	0.308143 	0.675035 	0.0459017 	
3.24	0.0651073 	-0.12149 	-1.89516 	0.307997 	0.673856 	0.044562 	
3.245	0.0650572 	-0.121576 	-1.89482 	0.307949 	0.673603 	0.0445201 	
3.25	0.0650068 	-0.121662 	-1.89449 	0.307901 	0.67335 	0.0444781 	
3.255	0.0649564 	-0.121748 	-1.89415 	0.307853 	0.673096 	0.044436 	
3.26	0.0648412 	-0.121674 	-1.89376 	0.307706 	0.6719 	0.0430776 	
3.265	0.0647904 	-0.121761 	-1.89342 	0.307658 	0.671645 	0.0430352 	
3.27	0.0647395 	-0.121848 	-1.89308 	0.307609 	0.671388 	0.0429928 	
3.275	0.0646885 	-0.121936 	-1.89273 	0.307561 	0.671131 	0.0429502 	
3.28	0.064572 	-0.121862 	-1.89234 	0.307412 	0.669919 	0.0415745 	
3.285	0.0645207 	-0.12195 	-1.89199 	0.307364 	0.669661 	0.0415317 	
3.29	0.0644693 	-0.122039 	-1.89165 	0.307315 	0.669401 	0.0414889 	
3.295	0.0644177 	-0.122128 	-1.8913 	0.307266 	0.669141 	0.0414459 	
3.3	0.0643 	-0.122054 	-1.8909 	0.307117 	0.667915 	0.0400543 	
3.305	0.0642483 	-0.122143 	-1.89055 	0.307068 	0.667654 	0.0400111 	
3.31	0.0641964 	-0.122233 	-1.8902 	0.307019 	0.667391 	0.0399679 	
3.315	0.0641444 	-0.122323 	-1.88985 	0.30697 	0.667129 	0.0399246 	
3.32	0.0640256 	-0.122249 	-1.88945 	0.306819 	0.665889 	0.0385184 	
3.325	0.0639734 	-0.12234 	-1.88909 	0.30677 	0.665625 	0.038475 	
3.33	0.0639212 	-0.122431 	-1.88874 	0.306721 	0.665361 	0.0384314 	
3.335	0.0638688 	-0.122522 	-1.88838 	0.306672 	0.665095 	0.0383878 	
3.34	0.0637491 	-0.122448 	-1.88797 	0.306521 	0.663844 	0.0369685 	
3.345	0.0636965 	-0.12254 	-1.88762 	0.306471 	0.663578 	0.0369248 	
3.35	0.0636439 	-0.122632 	-1.88726 	0.306422 	0.663311 	0.0368809 	
3.355	0.0635911 	-0.122725 	-1.8869 	0.306372 	0.663043 	0.036837 	
3.36	0.0634706 	-0.122651 	-1.88649 	0.306221 	0.661781 	0.0354061 	
3.365	0.0634178 	-0.122744 	-1.88613 	0.306171 	0.661513 	0.0353621 	
3.37	0.0633648 	-0.122837 	-1.88577 	0.306122 	0.661244 	0.0353181 	
3.375	0.0633118 	-0.12293 	-1.88541 	0.306072 	0.660974 	0.0352739 	
3.38	0.0631906 	-0.122856 	-1.88499 	0.30592 	0.659703 	0.0338327 	
3.385	0.0631375 	-0.12295 	-1.88463 	0.30587 	0.659433 	0.0337885 	
3.39	0.0630843 	-0.123044 	-1.88426 	0.305821 	0.659162 	0.0337443 	
3.395	0.063031 	-0.123139 	-1.8839 	0.305771 	0.658891 	0.0337 	
3.4	0.0629093 	-0.123065 	-1.88348 	0.305619 	0.657612 	0.03225 	
3.405	0.0628559 	-0.12316 	-1.88312 	0.305569 	0.65734 	0.0322057 	
3.41	0.0628025 	-0.123255 	-1.88275 	0.30552 	0.657068 	0.0321613 	
3.415	0.0627491 	-0.12335 	-1.88238 	0.30547 	0.656795 	0.0321169 	
3.42	0.0626269 	-0.123277 	-1.88196 	0.305318 	0.655509 	0.0306595 	
3.425	0.0625734 	-0.123372 	-1.88159 	0.305268 	0.655236 	0.0306151 	
3.43	0.0625199 	-0.123468 	-1.88123 	0.305218 	0.654963 	0.0305706 	
3.435	0.0624663 	-0.123564 	-1.88086 	0.305169 	0.654689 	0.0305261 	
3.44	0.0623438 	-0.123491 	-1.88043 	0.305016 	0.653397 	0.0290628 	
3.445	0.0622902 	-0.123587 	-1.88006 	0.304967 	0.653123 	0.0290183 	
3.45	0.0622366 	-0.123684 	-1.8797 	0.304917 	0.652849 	0.0289738 	
3.455	0.062183 	-0.12378 	-1.87933 	0.304868 	0.652574 	0.0289293 	
3.46	0.0620602 	-0.123708 	-1.8789 	0.304716 	0.651279 	0.0274615 	
3.465	0.0620066 	-0.123805 	-1.87853 	0.304666 	0.651004 	0.027417 	
3.47	0.061953 	-0.123902 	-1.87816 	0.304617 	0.650729 	0.0273725 	
3.475	0.0618993 	-0.123999 	-1.87779 	0.304568 	0.650453 	0.027328 	
3.48	0.0617765 	-0.123927 	-1.87736 	0.304416 	0.649155 	0.0258573 	
3.485	0.0617229 	-0.124024 	-1.87699 	0.304367 	0.648879 	0.0258128 	
3.49	0.0616693 	-0.124122 	-1.87662 	0.304317 	0.648604 	0.0257683 	
3.495	0.0616157 	-0.124219 	-1.87624 	0.304268 	0.648329 	0.0257238 	
3.5	0.0614929 	-0.124148 	-1.87581 	0.304117 	0.647028 	0.0242516 	
3.505	0.0614393 	-0.124246 	-1.87544 	0.304068 	0.646753 	0.0242072 	
3.51	0.0613858 	-0.124344 	-1.87507 	0.304019 	0.646477 	0.0241628 	
3.515	0.0613323 	-0.124442 	-1.8747 	0.30397 	0.646202 	0.0241184 	
3.52	0.0612097 	-0.124371 	-1.87427 	0.30382 	0.644901 	0.0226461 	
3.525	0.0611562 	-0.124469 	-1.87389 	0.303771 	0.644625 	0.0226018 	
3.53	0.0611028 	-0.124568 	-1.87352 	0.303722 	0.64435 	0.0225575 	
3.535	0.0610495 	-0.124666 	-1.87315 	0.303673 	0.644075 	0.0225133 	
3.54	0.0609271 	-0.124596 	-1.87272 	0.303524 	0.642775 	0.0210424 	
3.545	0.0608739 	-0.124694 	-1.87235 	0.303475 	0.6425 	0.0209983 	
3.55	0.0608207 	-0.124793 	-1.87198 	0.303427 	0.642225 	0.0209542 	
3.555	0.0607675 	-0.124891 	-1.8716 	0.303379 	0.64195 	0.0209101 	
3.56	0.0606455 	-0.124822 	-1.87117 	0.30323 	0.640652 	0.0194421 	
3.565	0.0605925 	-0.124921 	-1.8708 	0.303182 	0.640378 	0.0193982 	
3.57	0.0605395 	-0.125019 	-1.87043 	0.303134 	0.640104 	0.0193543 	
3.575	0.0604866 	-0.125118 	-1.87006 	0.303086 	0.63983 	0.0193104 	
3.58	0.0603652 	-0.12505 	-1.86963 	0.302938 	0.638536 	0.0178467 	
3.585	0.0603124 	-0.125148 	-1.86926 	0.302891 	0.638262 	0.0178031 	
3.59	0.0602597 	-0.125247 	-1.86889 	0.302843 	0.637989 	0.0177594 	
3.595	0.0602071 	-0.125345 	-1.86852 	0.302796 	0.637716 	0.0177158 	
3.6	0.0600863 	-0.125278 	-1.86809 	0.302649 	0.636427 	0.0162579 	
3.605	0.0600339 	-0.125377 	-1.86772 	0.302602 	0.636154 	0.0162145 	
3.61	0.0599815 	-0.125475 	-1.86735 	0.302555 	0.635883 	0.0161712 	
3.615	0.0599293 	-0.125573 	-1.86698 	0.302508 	0.635611 	0.0161279 	
3.62	0.0598092 	-0.125507 	-1.86655 	0.302363 	0.634328 	0.0146772 	
3.625	0.0597572 	-0.125606 	-1.86619 	0.302316 	0.634057 	0.0146342 	
3.63	0.0597052 	-0.125704 	-1.86582 	0.302269 	0.633786 	0.0145912 	
3.635	0.0596533 	-0.125802 	-1.86545 	0.302223 	0.633516 	0.0145482 	
3.64	0.0595342 	-0.125737 	-1.86502 	0.30208 	0.63224 	0.0131062 	
3.645	0.0594825 	-0.125835 	-1.86466 	0.302033 	0.631971 	0.0130635 	
3.65	0.059431 	-0.125933 	-1.86429 	0.301987 	0.631703 	0.0130209 	
3.655	0.0593796 	-0.126031 	-1.86393 	0.301941 	0.631435 	0.0129783 	
3.66	0.0592614 	-0.125967 	-1.8635 	0.3018 	0.630167 	0.0115464 	
3.665	0.0592103 	-0.126064 	-1.86314 	0.301754 	0.6299 	0.0115041 	
3.67	0.0591592 	-0.126162 	-1.86278 	0.301708 	0.629634 	0.0114619 	
3.675	0.0591083 	-0.126259 	-1.86242 	0.301663 	0.629368 	0.0114198 	
3.68	0.0589912 	-0.126197 	-1.86199 	0.301523 	0.62811 	0.00999934 	
3.685	0.0589406 	-0.126294 	-1.86163 	0.301478 	0.627845 	0.00995748 	
3.69	0.0588901 	-0.12639 	-1.86128 	0.301433 	0.627581 	0.00991573 	
3.695	0.0588397 	-0.126487 	-1.86092 	0.301388 	0.627318 	0.00987408 	
3.7	0.0587239 	-0.126426 	-1.8605 	0.30125 	0.626071 	0.00846656 	
3.705	0.0586738 	-0.126522 	-1.86014 	0.301206 	0.625809 	0.00842518 	
3.71	0.0586239 	-0.126619 	-1.85978 	0.301161 	0.625547 	0.00838392 	
3.715	0.0585741 	-0.126715 	-1.85943 	0.301117 	0.625286 	0.00834277 	
3.72	0.0584596 	-0.126655 	-1.85901 	0.300981 	0.624052 	0.00694954 	
3.725	0.0584101 	-0.12675 	-1.85866 	0.300937 	0.623793 	0.00690869 	
3.73	0.0583608 	-0.126846 	-1.85831 	0.300894 	0.623534 	0.00686796 	
3.735	0.0583117 	-0.126941 	-1.85795 	0.30085 	0.623276 	0.00682736 	
3.74	0.0581986 	-0.126883 	-1.85754 	0.300717 	0.622056 	0.0054498 	
3.745	0.0581498 	-0.126978 	-1.85719 	0.300673 	0.621799 	0.0054095 	
3.75	0.0581012 	-0.127072 	-1.85684 	0.300631 	0.621544 	0.00536934 	
3.755	0.0580527 	-0.127167 	-1.8565 	0.300588 	0.621289 	0.00532932 	
3.76	0.0579412 	-0.127109 	-1.85609 	0.300456 	0.620083 	0.00396878 	
3.765	0.0578931 	-0.127203 	-1.85574 	0.300414 	0.61983 	0.00392908 	
3.77	0.0578452 	-0.127297 	-1.8554 	0.300372 	0.619578 	0.00388953 	
3.775	0.0577975 	-0.127391 	-1.85506 	0.30033 	0.619327 	0.00385012 	
3.78	0.0576876 	-0.127334 	-1.85465 	0.300201 	0.618137 	0.00250795 	
3.785	0.0576402 	-0.127427 	-1.85431 	0.300159 	0.617888 	0.00246888 	
3.79	0.0575931 	-0.12752 	-1.85397 	0.300118 	0.617639 	0.00242997 	
3.795	0.0575462 	-0.127613 	-1.85363 	0.300076 	0.617391 	0.00239121 	
3.8	0.057438 	-0.127558 	-1.85324 	0.29995 	0.616219 	0.00106873 	
3.805	0.0573915 	-0.12765 	-1.8529 	0.299909 	0.615973 	0.00103033 	
3.81	0.0573451 	-0.127741 	-1.85256 	0.299868 	0.615728 	0.000992087 	
3.815	0.057299 	-0.127833 	-1.85223 	0.299828 	0.615485 	0.000954011 	
3.82	0.0571927 	-0.127779 	-1.85184 	0.299704 	0.614331 	-0.00034748 	
3.825	0.057147 	-0.12787 	-1.85151 	0.299664 	0.614089 	-0.00038518 	
3.83	0.0571015 	-0.12796 	-1.85118 	0.299624 	0.613848 	-0.000422709 	
3.835	0.0570563 	-0.12805 	-1.85085 	0.299585 	0.613609 	-0.000460066 	
3.84	0.0569519 	-0.127998 	-1.85047 	0.299463 	0.612474 	-0.00173929 	
3.845	0.0569071 	-0.128088 	-1.85014 	0.299424 	0.612237 	-0.00177625 	
3.85	0.0568625 	-0.128177 	-1.84982 	0.299385 	0.612001 	-0.00181304 	
3.855	0.0568181 	-0.128265 	-1.84949 	0.299347 	0.611766 	-0.00184964 	
3.86	0.0567158 	-0.128215 	-1.84911 	0.299228 	0.610652 	-0.00310534 	
3.865	0.0566719 	-0.128303 	-1.8488 	0.29919 	0.610419 	-0.00314154 	
3.87	0.0566283 	-0.12839 	-1.84848 	0.299152 	0.610187 	-0.00317755 	
3.875	0.0565848 	-0.128477 	-1.84816 	0.299114 	0.609957 	-0.00321337 	
3.88	0.0564846 	-0.128428 	-1.84779 	0.298998 	0.608865 	-0.00444431 	
3.885	0.0564417 	-0.128515 	-1.84748 	0.298961 	0.608637 	-0.00447971 	
3.89	0.056399 	-0.128601 	-1.84717 	0.298924 	0.60841 	-0.00451491 	
3.895	0.0563566 	-0.128686 	-1.84686 	0.298887 	0.608184 	-0.00454992 	
3.9	0.0562586 	-0.128639 	-1.84649 	0.298774 	0.607115 	-0.00575489 	
3.905	0.0562167 	-0.128723 	-1.84618 	0.298738 	0.606892 	-0.00578946 	
3.91	0.056175 	-0.128807 	-1.84588 	0.298702 	0.60667 	-0.00582382 	
3.915	0.0561336 	-0.128891 	-1.84558 	0.298666 	0.60645 	-0.00585798 	
3.92	0.056038 	-0.128845 	-1.84522 	0.298556 	0.605405 	-0.00703581 	
3.925	0.0559971 	-0.128928 	-1.84492 	0.298521 	0.605187 	-0.00706952 	
3.93	0.0559564 	-0.129011 	-1.84462 	0.298486 	0.60497 	-0.00710301 	
3.935	0.0559161 	-0.129093 	-1.84433 	0.298451 	0.604755 	-0.00713629 	
3.94	0.055876 	-0.129174 	-1.84403 	0.298417 	0.604541 	-0.00716936 	
3.945	0.0557712 	-0.129102 	-1.84367 	0.298294 	0.603344 	-0.00856529 	
3.95	0.0557317 	-0.129182 	-1.84338 	0.29826 	0.603133 	-0.00859788 	
3.955	0.0556924 	-0.129262 	-1.84309 	0.298226 	0.602924 	-0.00863025 	
3.96	0.0556534 	-0.129342 	-1.84281 	0.298193 	0.602715 	-0.00866239 	
3.965	0.0556972 	-0.129262 	-1.84283 	0.298196 	0.602507 	-0.00866292 	
3.97	0.0557402 	-0.129181 	-1.84286 	0.298198 	0.602299 	-0.00866343 	
3.975	0.0557867 	-0.129106 	-1.84289 	0.298201 	0.602091 	-0.00866396 	
3.98	0.0558286 	-0.129026 	-1.84291 	0.298204 	0.601882 	-0.00866445 	
3.985	0.0558719 	-0.12895 	-1.84294 	0.298207 	0.601674 	-0.00866493 	
3.99	0.0559115 	-0.128868 	-1.84296 	0.29821 	0.601466 	-0.00866538 	
3.995	0.0559535 	-0.128791 	-1.84299 	0.298213 	0.601258 	-0.00866583 	
4	0.0559918 	-0.12871 	-1.843 	0.298216 	0.60105 	-0.00866624 	
4.005	0.0560323 	-0.128633 	-1.84303 	0.298218 	0.600841 	-0.00866665 	
4.01	0.0560688 	-0.128551 	-1.84304 	0.298221 	0.600633 	-0.00866704 	
4.015	0.0561073 	-0.128473 	-1.84306 	0.298224 	0.600425 	-0.0086674 	
4.02	0.0561378 	-0.128388 	-1.84307 	0.298227 	0.600216 	-0.00866769 	
4.025	0.0561622 	-0.128294 	-1.84306 	0.29823 	0.600008 	-0.00866793 	
4.03	0.0561813 	-0.128196 	-1.84305 	0.298232 	0.599799 	-0.00866811 	
4.035	0.0561951 	-0.128091 	-1.84302 	0.298235 	0.59959 	-0.00866825 	
4.04	0.0562045 	-0.127983 	-1.84299 	0.298237 	0.599381 	-0.00866833 	
4.045	0.0562099 	-0.12787 	-1.84295 	0.298239 	0.599172 	-0.00866839 	
4.05	0.0562126 	-0.12775 	-1.8429 	0.298242 	0.598963 	-0.00866847 	
4.055	0.0562117 	-0.127625 	-1.84284 	0.298244 	0.598753 	-0.00866854 	
4.06	0.0562089 	-0.127496 	-1.84278 	0.298246 	0.598544 	-0.00866862 	
4.065	0.0562082 	-0.127369 	-1.84273 	0.298248 	0.598335 	-0.00866871 	
4.07	0.0562209 	-0.127263 	-1.84269 	0.298251 	0.598126 	-0.00866883 	
4.075	0.056234 	-0.127156 	-1.84266 	0.298253 	0.597917 	-0.00866895 	
4.08	0.0562584 	-0.127066 	-1.84264 	0.298256 	0.597708 	-0.00866909 	
4.085	0.0562817 	-0.126975 	-1.84263 	0.298258 	0.597499 	-0.00866923 	
4.09	0.056314 	-0.126897 	-1.84263 	0.298261 	0.59729 	-0.0086694 	
4.095	0.0563442 	-0.126815 	-1.84262 	0.298264 	0.597082 	-0.00866956 	
4.1	0.0563815 	-0.126744 	-1.84263 	0.298267 	0.596873 	-0.00866975 	
4.105	0.0564162 	-0.12667 	-1.84264 	0.298269 	0.596665 	-0.00866993 	
4.11	0.0564569 	-0.126603 	-1.84266 	0.298272 	0.596457 	-0.00867014 	
4.115	0.0564946 	-0.126533 	-1.84267 	0.298275 	0.596248 	-0.00867034 	
4.12	0.0565374 	-0.126469 	-1.84269 	0.298278 	0.59604 	-0.00867056 	
4.125	0.0565769 	-0.126401 	-1.84271 	0.298281 	0.595832 	-0.00867077 	
4.13	0.056621 	-0.12634 	-1.84274 	0.298284 	0.595623 	-0.00867101 	
4.135	0.056661 	-0.126272 	-1.84276 	0.298287 	0.595415 	-0.00867123 	
4.14	0.0567041 	-0.126209 	-1.84278 	0.29829 	0.595207 	-0.00867147 	
4.145	0.056743 	-0.12614 	-1.8428 	0.298292 	0.594998 	-0.0086717 	
4.15	0.0567844 	-0.126074 	-1.84282 	0.298295 	0.59479 	-0.00867194 	
4.155	0.056822 	-0.126002 	-1.84284 	0.298298 	0.594582 	-0.00867218 	
4.16	0.0568651 	-0.125937 	-1.84286 	0.298301 	0.594374 	-0.00867244 	
4.165	0.05691 	-0.125872 	-1.84289 	0.298304 	0.594165 	-0.00867274 	
4.17	0.0569517 	-0.125803 	-1.84291 	0.298307 	0.593957 	-0.00867303 	
4.175	0.0569944 	-0.125735 	-1.84293 	0.29831 	0.593749 	-0.00867332 	
4.18	0.0570339 	-0.125663 	-1.84295 	0.298313 	0.593541 	-0.00867361 	
4.185	0.0570749 	-0.125593 	-1.84297 	0.298316 	0.593332 	-0.00867389 	
4.19	0.057113 	-0.125519 	-1.84298 	0.298318 	0.593124 	-0.00867417 	
4.195	0.0571528 	-0.125447 	-1.84299 	0.298321 	0.592916 	-0.00867445 	
4.2	0.0571899 	-0.125371 	-1.84301 	0.298324 	0.592707 	-0.00867472 	
4.205	0.0572288 	-0.125299 	-1.84302 	0.298327 	0.592499 	-0.008675 	
4.21	0.0572652 	-0.125222 	-1.84303 	0.29833 	0.592291 	-0.00867526 	
4.215	0.0573036 	-0.125149 	-1.84304 	0.298332 	0.592082 	-0.00867553 	
4.22	0.0573395 	-0.125072 	-1.84305 	0.298335 	0.591874 	-0.00867579 	
4.225	0.0573774 	-0.124998 	-1.84307 	0.298338 	0.591666 	-0.00867606 	
4.23	0.0574129 	-0.12492 	-1.84307 	0.298341 	0.591457 	-0.00867632 	
4.235	0.0574505 	-0.124846 	-1.84308 	0.298344 	0.591249 	-0.00867658 	
4.24	0.0574857 	-0.124769 	-1.84309 	0.298347 	0.59104 	-0.00867683 	
4.245	0.0575231 	-0.124694 	-1.8431 	0.298349 	0.590832 	-0.00867709 	
4.25	0.057558 	-0.124616 	-1.84311 	0.298352 	0.590624 	-0.00867734 	
4.255	0.0575951 	-0.124542 	-1.84312 	0.298355 	0.590415 	-0.00867759 	
4.26	0.0576299 	-0.124464 	-1.84313 	0.298358 	0.590207 	-0.00867783 	
4.265	0.0576668 	-0.124389 	-1.84314 	0.298361 	0.589999 	-0.00867808 	
4.27	0.0577013 	-0.124311 	-1.84314 	0.298363 	0.58979 	-0.00867833 	
4.275	0.0577381 	-0.124236 	-1.84315 	0.298366 	0.589582 	-0.00867857 	
4.28	0.0577725 	-0.124158 	-1.84316 	0.298369 	0.589373 	-0.00867881 	
4.285	0.0578091 	-0.124083 	-1.84317 	0.298372 	0.589165 	-0.00867906 	
4.29	0.0578403 	-0.124 	-1.84317 	0.298374 	0.588957 	-0.00867928 	
4.295	0.0578646 	-0.123909 	-1.84316 	0.298377 	0.588748 	-0.00867947 	
4.3	0.0578827 	-0.123811 	-1.84314 	0.29838 	0.588539 	-0.00867964 	
4.305	0.057895 	-0.123705 	-1.84311 	0.298382 	0.58833 	-0.00867978 	
4.31	0.0579019 	-0.123592 	-1.84308 	0.298385 	0.588121 	-0.00867989 	
4.315	0.0579038 	-0.123473 	-1.84304 	0.298387 	0.587912 	-0.00867998 	
4.32	0.0579011 	-0.123348 	-1.84299 	0.298389 	0.587703 	-0.00868005 	
4.325	0.057894 	-0.123217 	-1.84293 	0.298391 	0.587494 	-0.00868009 	
4.33	0.0578831 	-0.123082 	-1.84287 	0.298394 	0.587285 	-0.00868013 	
4.335	0.0578684 	-0.122942 	-1.8428 	0.298396 	0.587075 	-0.00868014 	
4.34	0.0578504 	-0.122797 	-1.84273 	0.298398 	0.586866 	-0.00868014 	
4.345	0.0578292 	-0.122649 	-1.84265 	0.2984 	0.586656 	-0.00868013 	
4.35	0.0578053 	-0.122496 	-1.84257 	0.298402 	0.586447 	-0.00868011 	
4.355	0.0577786 	-0.12234 	-1.84248 	0.298404 	0.586237 	-0.00868008 	
4.36	0.0577495 	-0.122181 	-1.84239 	0.298406 	0.586027 	-0.00868005 	
4.365	0.0577181 	-0.122019 	-1.84229 	0.298408 	0.585818 	-0.00868 	
4.37	0.0576847 	-0.121853 	-1.8422 	0.29841 	0.585608 	-0.00867995 	
4.375	0.0576492 	-0.121685 	-1.8421 	0.298412 	0.585398 	-0.00867989 	
4.38	0.0576191 	-0.121524 	-1.842 	0.298414 	0.585188 	-0.00867984 	
4.385	0.0576074 	-0.121386 	-1.84193 	0.298416 	0.584979 	-0.00867981 	
4.39	0.0575988 	-0.121251 	-1.84186 	0.298418 	0.58477 	-0.0086798 	
4.395	0.0576055 	-0.121136 	-1.84181 	0.29842 	0.584561 	-0.00867981 	
4.4	0.0576131 	-0.121021 	-1.84177 	0.298423 	0.584351 	-0.00867982 	
4.405	0.0576325 	-0.120921 	-1.84174 	0.298426 	0.584143 	-0.00867986 	
4.41	0.0576512 	-0.12082 	-1.84171 	0.298428 	0.583934 	-0.00867991 	
4.415	0.0576792 	-0.120731 	-1.84169 	0.298431 	0.583725 	-0.00867998 	
4.42	0.0577055 	-0.120638 	-1.84167 	0.298434 	0.583516 	-0.00868005 	
4.425	0.0577393 	-0.120556 	-1.84166 	0.298437 	0.583308 	-0.00868014 	
4.43	0.0577707 	-0.12047 	-1.84164 	0.298439 	0.583099 	-0.00868023 	
4.435	0.0578085 	-0.120391 	-1.84164 	0.298442 	0.582891 	-0.00868035 	
4.44	0.0578435 	-0.120309 	-1.84163 	0.298445 	0.582682 	-0.00868046 	
4.445	0.0578839 	-0.120234 	-1.84164 	0.298448 	0.582474 	-0.00868059 	
4.45	0.0579213 	-0.120154 	-1.84163 	0.298451 	0.582265 	-0.00868073 	
4.455	0.0579635 	-0.12008 	-1.84164 	0.298454 	0.582057 	-0.00868087 	
4.46	0.0580022 	-0.120002 	-1.84164 	0.298457 	0.581848 	-0.00868102 	
4.465	0.0580445 	-0.119928 	-1.84164 	0.29846 	0.58164 	-0.00868117 	
4.47	0.0580831 	-0.119849 	-1.84165 	0.298463 	0.581431 	-0.00868133 	
4.475	0.0581252 	-0.119775 	-1.84165 	0.298466 	0.581223 	-0.00868149 	
4.48	0.0581637 	-0.119696 	-1.84165 	0.298469 	0.581015 	-0.00868165 	
4.485	0.0582056 	-0.119621 	-1.84166 	0.298472 	0.580806 	-0.00868182 	
4.49	0.058244 	-0.119541 	-1.84166 	0.298475 	0.580598 	-0.00868198 	
4.495	0.0582859 	-0.119466 	-1.84167 	0.298478 	0.58039 	-0.00868216 	
4.5	0.0583241 	-0.119386 	-1.84167 	0.298481 	0.580181 	-0.00868233 	
4.505	0.058366 	-0.119311 	-1.84168 	0.298484 	0.579973 	-0.00868251 	
4.51	0.0584042 	-0.11923 	-1.84168 	0.298487 	0.579764 	-0.00868269 	
4.515	0.058446 	-0.119155 	-1.84169 	0.29849 	0.579556 	-0.00868287 	
4.52	0.0584842 	-0.119074 	-1.84169 	0.298493 	0.579348 	-0.00868305 	
4.525	0.058526 	-0.118998 	-1.8417 	0.298496 	0.579139 	-0.00868324 	
4.53	0.0585642 	-0.118918 	-1.8417 	0.298499 	0.578931 	-0.00868342 	
4.535	0.058606 	-0.118842 	-1.84171 	0.298502 	0.578723 	-0.00868361 	
4.54	0.0586442 	-0.118761 	-1.84172 	0.298505 	0.578514 	-0.00868379 	
4.545	0.058686 	-0.118685 	-1.84172 	0.298509 	0.578306 	-0.00868398 	
4.55	0.0587242 	-0.118604 	-1.84173 	0.298512 	0.578098 	-0.00868416 	
4.555	0.0587661 	-0.118528 	-1.84174 	0.298515 	0.577889 	-0.00868436 	
4.56	0.0588044 	-0.118447 	-1.84174 	0.298518 	0.577681 	-0.00868454 	
4.565	0.0588463 	-0.11837 	-1.84175 	0.298521 	0.577473 	-0.00868474 	
4.57	0.0588846 	-0.118289 	-1.84175 	0.298524 	0.577264 	-0.00868492 	
4.575	0.0589266 	-0.118213 	-1.84176 	0.298527 	0.577056 	-0.00868512 	
4.58	0.058965 	-0.118132 	-1.84176 	0.29853 	0.576848 	-0.00868531 	
4.585	0.0590071 	-0.118055 	-1.84177 	0.298533 	0.576639 	-0.00868551 	
4.59	0.0590455 	-0.117974 	-1.84178 	0.298536 	0.576431 	-0.00868569 	
4.595	0.0590876 	-0.117898 	-1.84179 	0.298539 	0.576223 	-0.00868589 	
4.6	0.0591261 	-0.117816 	-1.84179 	0.298542 	0.576014 	-0.00868608 	
4.605	0.0591683 	-0.11774 	-1.8418 	0.298545 	0.575806 	-0.00868628 	
4.61	0.0592069 	-0.117659 	-1.8418 	0.298548 	0.575598 	-0.00868647 	
4.615	0.0592492 	-0.117582 	-1.84181 	0.298551 	0.575389 	-0.00868667 	
4.62	0.0592878 	-0.117501 	-1.84182 	0.298554 	0.575181 	-0.00868686 	
4.625	0.0593302 	-0.117424 	-1.84183 	0.298557 	0.574973 	-0.00868706 	
4.63	0.0593689 	-0.117343 	-1.84183 	0.29856 	0.574764 	-0.00868725 	
4.635	0.0594113 	-0.117266 	-1.84184 	0.298563 	0.574556 	-0.00868745 	
4.64	0.0594502 	-0.117185 	-1.84184 	0.298567 	0.574348 	-0.00868764 	
4.645	0.0594927 	-0.117109 	-1.84185 	0.29857 	0.574139 	-0.00868784 	
4.65	0.0595316 	-0.117027 	-1.84186 	0.298573 	0.573931 	-0.00868803 	
4.655	0.0595744 	-0.116951 	-1.84187 	0.298576 	0.573723 	-0.00868823 	
4.66	0.0596133 	-0.11687 	-1.84187 	0.298579 	0.573515 	-0.00868842 	
4.665	0.0596547 	-0.116792 	-1.84188 	0.298582 	0.573306 	-0.00868862 	
4.67	0.0596917 	-0.116713 	-1.84188 	0.298585 	0.573098 	-0.0086888 	
4.675	0.0597231 	-0.116641 	-1.8419 	0.298588 	0.57289 	-0.00868895 	
4.68	0.0597513 	-0.116568 	-1.84191 	0.29859 	0.572681 	-0.0086891 	
4.685	0.0597751 	-0.116501 	-1.84193 	0.298593 	0.572473 	-0.00868923 	
4.69	0.0597965 	-0.116432 	-1.84194 	0.298596 	0.572265 	-0.00868936 	
4.695	0.0598146 	-0.116368 	-1.84196 	0.298598 	0.572057 	-0.00868947 	
4.7	0.0598307 	-0.116302 	-1.84198 	0.298601 	0.571849 	-0.00868958 	
4.705	0.0598446 	-0.11624 	-1.842 	0.298603 	0.571641 	-0.00868967 	
4.71	0.0598567 	-0.116175 	-1.84202 	0.298605 	0.571433 	-0.00868976 	
4.715	0.0598672 	-0.116115 	-1.84205 	0.298608 	0.571225 	-0.00868984 	
4.72	0.0598763 	-0.116052 	-1.84207 	0.29861 	0.571016 	-0.00868992 	
4.725	0.0598843 	-0.115992 	-1.84209 	0.298612 	0.570808 	-0.00868998 	
4.73	0.0598909 	-0.11593 	-1.84212 	0.298614 	0.5706 	-0.00869005 	
4.735	0.0598969 	-0.115871 	-1.84214 	0.298616 	0.570392 	-0.00869011 	
4.74	0.0599018 	-0.115808 	-1.84217 	0.298618 	0.570184 	-0.00869017 	
4.745	0.0599063 	-0.11575 	-1.84219 	0.29862 	0.569976 	-0.00869021 	
4.75	0.0599116 	-0.115687 	-1.84221 	0.298623 	0.569768 	-0.00869027 	
4.755	0.0599221 	-0.115625 	-1.84224 	0.298625 	0.56956 	-0.00869036 	
4.76	0.059933 	-0.115559 	-1.84226 	0.298627 	0.569352 	-0.00869047 	
4.765	0.0599487 	-0.115494 	-1.84228 	0.298629 	0.569144 	-0.00869059 	
4.77	0.0599644 	-0.115425 	-1.84229 	0.298632 	0.568936 	-0.00869072 	
4.775	0.0599845 	-0.115359 	-1.84231 	0.298634 	0.568727 	-0.00869087 	
4.78	0.0600043 	-0.115288 	-1.84233 	0.298637 	0.568519 	-0.00869103 	
4.785	0.0600282 	-0.115219 	-1.84234 	0.298639 	0.568311 	-0.0086912 	
4.79	0.0600514 	-0.115147 	-1.84236 	0.298642 	0.568103 	-0.00869137 	
4.795	0.0600786 	-0.115077 	-1.84237 	0.298644 	0.567895 	-0.00869155 	
4.8	0.0601022 	-0.115005 	-1.84238 	0.298647 	0.567687 	-0.00869173 	
4.805	0.0601224 	-0.11494 	-1.8424 	0.298649 	0.567478 	-0.00869189 	
4.81	0.0601418 	-0.114872 	-1.84242 	0.298652 	0.56727 	-0.00869204 	
4.815	0.0601611 	-0.114809 	-1.84244 	0.298654 	0.567062 	-0.00869217 	
4.82	0.0601797 	-0.114744 	-1.84246 	0.298657 	0.566854 	-0.0086923 	
4.825	0.0601985 	-0.114683 	-1.84249 	0.298659 	0.566646 	-0.00869241 	
4.83	0.0602179 	-0.114618 	-1.84251 	0.298662 	0.566438 	-0.00869253 	
4.835	0.0602415 	-0.114555 	-1.84253 	0.298664 	0.56623 	-0.00869266 	
4.84	0.0602651 	-0.114488 	-1.84255 	0.298667 	0.566022 	-0.00869281 	
4.845	0.0602926 	-0.114424 	-1.84258 	0.298669 	0.565814 	-0.00869298 	
4.85	0.0603198 	-0.114356 	-1.8426 	0.298672 	0.565606 	-0.00869315 	
4.855	0.0603506 	-0.11429 	-1.84262 	0.298674 	0.565398 	-0.00869333 	
4.86	0.0603808 	-0.114221 	-1.84263 	0.298677 	0.565189 	-0.00869352 	
4.865	0.0604143 	-0.114154 	-1.84266 	0.29868 	0.564981 	-0.00869372 	
4.87	0.0604469 	-0.114084 	-1.84267 	0.298683 	0.564773 	-0.00869392 	
4.875	0.0604827 	-0.114016 	-1.84269 	0.298686 	0.564565 	-0.00869413 	
4.88	0.0605174 	-0.113945 	-1.84271 	0.298688 	0.564357 	-0.00869435 	
4.885	0.060555 	-0.113876 	-1.84273 	0.298691 	0.564149 	-0.00869457 	
4.89	0.0605914 	-0.113805 	-1.84274 	0.298694 	0.563941 	-0.00869478 	
4.895	0.0606306 	-0.113735 	-1.84276 	0.298697 	0.563733 	-0.00869501 	
4.9	0.0606684 	-0.113663 	-1.84278 	0.2987 	0.563524 	-0.00869523 	
4.905	0.0607089 	-0.113593 	-1.84279 	0.298703 	0.563316 	-0.00869546 	
4.91	0.0607478 	-0.11352 	-1.84281 	0.298706 	0.563108 	-0.00869569 	
4.915	0.0607894 	-0.11345 	-1.84283 	0.298709 	0.5629 	-0.00869592 	
4.92	0.0608293 	-0.113377 	-1.84284 	0.298712 	0.562692 	-0.00869615 	
4.925	0.0608717 	-0.113306 	-1.84286 	0.298715 	0.562484 	-0.00869639 	
4.93	0.0609124 	-0.113232 	-1.84287 	0.298718 	0.562276 	-0.00869662 	
4.935	0.0609556 	-0.113161 	-1.84289 	0.298721 	0.562067 	-0.00869685 	
4.94	0.0609969 	-0.113087 	-1.8429 	0.298724 	0.561859 	-0.00869708 	
4.945	0.0610407 	-0.113016 	-1.84292 	0.298727 	0.561651 	-0.00869732 	
4.95	0.0610826 	-0.112941 	-1.84293 	0.29873 	0.561443 	-0.00869755 	
4.955	0.0611269 	-0.11287 	-1.84295 	0.298733 	0.561235 	-0.00869779 	
4.96	0.0611692 	-0.112795 	-1.84296 	0.298736 	0.561027 	-0.00869801 	
4.965	0.0612139 	-0.112723 	-1.84298 	0.298739 	0.560819 	-0.00869825 	
4.97	0.0612566 	-0.112648 	-1.84299 	0.298742 	0.56061 	-0.00869848 	
4.975	0.0613017 	-0.112576 	-1.84301 	0.298745 	0.560402 	-0.00869871 	
4.98	0.0613446 	-0.112501 	-1.84302 	0.298748 	0.560194 	-0.00869894 	
4.985	0.0613886 	-0.112433 	-1.84304 	0.298751 	0.559986 	-0.00869916 	
4.99	0.0614234 	-0.112373 	-1.84307 	0.298754 	0.559778 	-0.00869935 	
4.995	0.0614554 	-0.112308 	-1.84309 	0.298757 	0.55957 	-0.00869953 	
5	0.0614901 	-0.112244 	-1.84311 	0.29876 	0.559362 	-0.00869972 	
5.005	0.061518 	-0.11217 	-1.84312 	0.298763 	0.559154 	-0.0086999 	
5.01	0.0615392 	-0.112087 	-1.84312 	0.298765 	0.558945 	-0.00870004 	
5.015	0.0615538 	-0.112001 	-1.84311 	0.298768 	0.558737 	-0.00870015 	
5.02	0.0615605 	-0.111926 	-1.84312 	0.29877 	0.558529 	-0.00870023 	
5.025	0.0615617 	-0.111849 	-1.84311 	0.298772 	0.55832 	-0.00870029 	
5.03	0.0615562 	-0.111782 	-1.84312 	0.298774 	0.558112 	-0.00870031 	
5.035	0.0615471 	-0.111711 	-1.84312 	0.298776 	0.557904 	-0.00870034 	
5.04	0.0615353 	-0.111649 	-1.84314 	0.298778 	0.557695 	-0.00870036 	
5.045	0.0615193 	-0.111584 	-1.84314 	0.29878 	0.557487 	-0.00870038 	
5.05	0.0614972 	-0.111529 	-1.84316 	0.298781 	0.557279 	-0.00870039 	
5.055	0.0614719 	-0.111471 	-1.84317 	0.298782 	0.557071 	-0.00870041 	
5.06	0.061442 	-0.111422 	-1.8432 	0.298784 	0.556863 	-0.00870043 	
5.065	0.0614099 	-0.111369 	-1.84322 	0.298785 	0.556655 	-0.00870045 	
5.07	0.0613749 	-0.111324 	-1.84324 	0.298786 	0.556447 	-0.00870047 	
5.075	0.0613382 	-0.111274 	-1.84327 	0.298787 	0.556239 	-0.00870048 	
5.08	0.0612996 	-0.111231 	-1.8433 	0.298788 	0.556031 	-0.00870051 	
5.085	0.0612595 	-0.111183 	-1.84332 	0.298789 	0.555823 	-0.00870053 	
5.09	0.0612176 	-0.111142 	-1.84335 	0.29879 	0.555615 	-0.00870055 	
5.095	0.0611769 	-0.111094 	-1.84338 	0.298791 	0.555407 	-0.00870057 	
5.1	0.0611422 	-0.11105 	-1.84341 	0.298792 	0.555199 	-0.00870059 	
5.105	0.0611091 	-0.110999 	-1.84343 	0.298793 	0.554991 	-0.00870062 	
5.11	0.061084 	-0.110953 	-1.84346 	0.298794 	0.554783 	-0.00870065 	
5.115	0.0610596 	-0.1109 	-1.84349 	0.298796 	0.554575 	-0.00870068 	
5.12	0.0610423 	-0.110851 	-1.84352 	0.298797 	0.554367 	-0.00870072 	
5.125	0.061025 	-0.110796 	-1.84354 	0.298798 	0.554159 	-0.00870075 	
5.13	0.0610131 	-0.110746 	-1.84357 	0.2988 	0.553951 	-0.00870078 	
5.135	0.0610011 	-0.110689 	-1.8436 	0.298801 	0.553743 	-0.0087008 	
5.14	0.0609947 	-0.110637 	-1.84363 	0.298803 	0.553535 	-0.00870083 	
5.145	0.0609887 	-0.110578 	-1.84365 	0.298805 	0.553327 	-0.00870086 	
5.15	0.0609908 	-0.110521 	-1.84368 	0.298807 	0.553119 	-0.00870094 	
5.155	0.0609927 	-0.110459 	-1.8437 	0.298809 	0.552911 	-0.00870103 	
5.16	0.061002 	-0.110399 	-1.84372 	0.298811 	0.552703 	-0.00870115 	
5.165	0.0610105 	-0.110334 	-1.84374 	0.298813 	0.552495 	-0.00870127 	
5.17	0.0610259 	-0.110272 	-1.84376 	0.298815 	0.552287 	-0.00870143 	
5.175	0.06104 	-0.110204 	-1.84378 	0.298817 	0.552079 	-0.00870158 	
5.18	0.0610604 	-0.11014 	-1.8438 	0.298819 	0.551871 	-0.00870176 	
5.185	0.0610792 	-0.11007 	-1.84381 	0.298822 	0.551662 	-0.00870193 	
5.19	0.0611039 	-0.110005 	-1.84383 	0.298824 	0.551454 	-0.00870213 	
5.195	0.0611266 	-0.109933 	-1.84384 	0.298827 	0.551246 	-0.00870232 	
5.2	0.0611548 	-0.109866 	-1.84386 	0.298829 	0.551038 	-0.00870253 	
5.205	0.0611808 	-0.109794 	-1.84387 	0.298832 	0.55083 	-0.00870273 	
5.21	0.0612119 	-0.109725 	-1.84388 	0.298834 	0.550622 	-0.00870295 	
5.215	0.0612399 	-0.109651 	-1.84389 	0.298837 	0.550414 	-0.00870316 	
5.22	0.0612719 	-0.10958 	-1.84391 	0.29884 	0.550205 	-0.00870338 	
5.225	0.0612974 	-0.109499 	-1.84391 	0.298842 	0.549997 	-0.00870357 	
5.23	0.0613159 	-0.109416 	-1.84391 	0.298845 	0.549789 	-0.00870372 	
5.235	0.0613268 	-0.109343 	-1.84391 	0.298847 	0.549581 	-0.00870385 	
5.24	0.0613318 	-0.109266 	-1.84391 	0.298849 	0.549372 	-0.00870395 	
5.245	0.0613299 	-0.1092 	-1.84392 	0.298851 	0.549164 	-0.00870402 	
5.25	0.0613232 	-0.10913 	-1.84393 	0.298853 	0.548956 	-0.00870407 	
5.255	0.0613105 	-0.109069 	-1.84394 	0.298855 	0.548748 	-0.00870409 	
5.26	0.0612939 	-0.109004 	-1.84394 	0.298856 	0.548539 	-0.00870411 	
5.265	0.0612723 	-0.108948 	-1.84396 	0.298858 	0.548331 	-0.0087041 	
5.27	0.0612475 	-0.108887 	-1.84397 	0.298859 	0.548123 	-0.00870409 	
5.275	0.0612184 	-0.108835 	-1.84398 	0.298861 	0.547915 	-0.00870407 	
5.28	0.0611868 	-0.108777 	-1.84399 	0.298862 	0.547706 	-0.00870404 	
5.285	0.0611517 	-0.108727 	-1.84401 	0.298863 	0.547498 	-0.008704 	
5.29	0.0611144 	-0.108671 	-1.84402 	0.298864 	0.54729 	-0.00870396 	
5.295	0.0610742 	-0.108623 	-1.84404 	0.298865 	0.547082 	-0.00870391 	
5.3	0.0610339 	-0.108569 	-1.84405 	0.298866 	0.546874 	-0.00870387 	
5.305	0.0609959 	-0.108521 	-1.84407 	0.298867 	0.546666 	-0.00870384 	
5.31	0.0609588 	-0.108468 	-1.84409 	0.298868 	0.546458 	-0.00870381 	
5.315	0.0609269 	-0.108419 	-1.84411 	0.298869 	0.546249 	-0.00870378 	
5.32	0.0608964 	-0.108366 	-1.84413 	0.29887 	0.546041 	-0.00870376 	
5.325	0.0608704 	-0.108318 	-1.84415 	0.298872 	0.545833 	-0.00870374 	
5.33	0.060845 	-0.108265 	-1.84417 	0.298873 	0.545625 	-0.00870373 	
5.335	0.0608231 	-0.108216 	-1.8442 	0.298874 	0.545417 	-0.00870372 	
5.34	0.0608017 	-0.108162 	-1.84422 	0.298875 	0.545209 	-0.00870371 	
5.345	0.0607865 	-0.108113 	-1.84425 	0.298877 	0.545001 	-0.0087037 	
5.35	0.0607703 	-0.108058 	-1.84427 	0.298878 	0.544793 	-0.00870373 	
5.355	0.0607501 	-0.108007 	-1.84429 	0.29888 	0.544585 	-0.00870373 	
5.36	0.0607293 	-0.10795 	-1.84431 	0.298881 	0.544377 	-0.00870375 	
5.365	0.060705 	-0.107898 	-1.84433 	0.298882 	0.544169 	-0.00870374 	
5.37	0.0606805 	-0.10784 	-1.84435 	0.298884 	0.543961 	-0.00870375 	
5.375	0.0606528 	-0.107787 	-1.84437 	0.298885 	0.543753 	-0.00870374 	
5.38	0.0606253 	-0.107729 	-1.84439 	0.298886 	0.543545 	-0.00870375 	
5.385	0.0605939 	-0.107675 	-1.84441 	0.298887 	0.543337 	-0.00870372 	
5.39	0.0605606 	-0.107618 	-1.84442 	0.298888 	0.543128 	-0.0087037 	
5.395	0.0605238 	-0.107565 	-1.84444 	0.298889 	0.54292 	-0.00870366 	
5.4	0.0604855 	-0.107507 	-1.84445 	0.29889 	0.542712 	-0.00870363 	
5.405	0.0604441 	-0.107454 	-1.84446 	0.298891 	0.542504 	-0.00870359 	
5.41	0.0604015 	-0.107398 	-1.84448 	0.298892 	0.542296 	-0.00870356 	
5.415	0.0603563 	-0.107345 	-1.84449 	0.298893 	0.542088 	-0.00870351 	
5.42	0.0603102 	-0.107289 	-1.8445 	0.298893 	0.541879 	-0.00870348 	
5.425	0.0602618 	-0.107237 	-1.84452 	0.298894 	0.541671 	-0.00870344 	
5.43	0.0602127 	-0.107181 	-1.84453 	0.298895 	0.541463 	-0.00870342 	
5.435	0.0601617 	-0.107129 	-1.84454 	0.298896 	0.541255 	-0.00870338 	
5.44	0.0601107 	-0.107073 	-1.84455 	0.298896 	0.541047 	-0.00870336 	
5.445	0.0600598 	-0.107022 	-1.84456 	0.298897 	0.540839 	-0.00870332 	
5.45	0.0600097 	-0.106967 	-1.84457 	0.298897 	0.54063 	-0.00870329 	
5.455	0.0599597 	-0.106915 	-1.84458 	0.298898 	0.540422 	-0.00870325 	
5.46	0.0599113 	-0.106859 	-1.84459 	0.298899 	0.540214 	-0.00870323 	
5.465	0.0598649 	-0.10681 	-1.84461 	0.2989 	0.540006 	-0.0087032 	
5.47	0.0598182 	-0.106756 	-1.84462 	0.2989 	0.539798 	-0.00870317 	
5.475	0.0597692 	-0.106709 	-1.84464 	0.298901 	0.53959 	-0.00870315 	
5.48	0.0597199 	-0.106656 	-1.84466 	0.298902 	0.539381 	-0.00870312 	
5.485	0.0596694 	-0.106606 	-1.84467 	0.298902 	0.539173 	-0.0087031 	
5.49	0.059617 	-0.106556 	-1.84469 	0.298903 	0.538965 	-0.00870306 	
5.495	0.0595643 	-0.106506 	-1.8447 	0.298903 	0.538757 	-0.00870305 	
5.5	0.0595099 	-0.106455 	-1.84472 	0.298904 	0.538549 	-0.00870301 	
5.505	0.0594552 	-0.106404 	-1.84473 	0.298904 	0.538341 	-0.008703 	
5.51	0.0594019 	-0.106353 	-1.84474 	0.298905 	0.538132 	-0.00870298 	
5.515	0.0593587 	-0.106303 	-1.84476 	0.298906 	0.537924 	-0.008703 	
5.52	0.0593201 	-0.106252 	-1.84478 	0.298907 	0.537716 	-0.00870303 	
5.525	0.0592876 	-0.106201 	-1.8448 	0.298908 	0.537508 	-0.00870307 	
5.53	0.0592501 	-0.106153 	-1.84482 	0.298908 	0.5373 	-0.00870303 	
5.535	0.0592123 	-0.106105 	-1.84484 	0.298909 	0.537092 	-0.00870297 	
5.54	0.0591775 	-0.106056 	-1.84486 	0.29891 	0.536884 	-0.00870291 	
5.545	0.0591484 	-0.106006 	-1.84488 	0.298912 	0.536676 	-0.00870288 	
5.55	0.0591216 	-0.105956 	-1.84491 	0.298913 	0.536468 	-0.00870282 	
5.555	0.0590998 	-0.105904 	-1.84493 	0.298914 	0.53626 	-0.0087028 	
5.56	0.0590797 	-0.105852 	-1.84495 	0.298915 	0.536052 	-0.00870276 	
5.565	0.0590638 	-0.105798 	-1.84498 	0.298917 	0.535844 	-0.00870275 	
5.57	0.0590489 	-0.105744 	-1.845 	0.298918 	0.535636 	-0.00870273 	
5.575	0.0590364 	-0.105689 	-1.84502 	0.29892 	0.535428 	-0.00870272 	
5.58	0.0590248 	-0.105634 	-1.84505 	0.298921 	0.53522 	-0.0087027 	
5.585	0.0590159 	-0.105578 	-1.84507 	0.298923 	0.535012 	-0.0087027 	
5.59	0.0590068 	-0.105522 	-1.84509 	0.298925 	0.534804 	-0.00870268 	
5.595	0.059 	-0.105465 	-1.84512 	0.298926 	0.534596 	-0.00870268 	
5.6	0.0589927 	-0.105408 	-1.84514 	0.298928 	0.534388 	-0.00870266 	
5.605	0.0589875 	-0.10535 	-1.84517 	0.29893 	0.53418 	-0.00870266 	
5.61	0.0589814 	-0.105292 	-1.84519 	0.298931 	0.533972 	-0.00870265 	
5.615	0.0589771 	-0.105234 	-1.84521 	0.298933 	0.533764 	-0.00870265 	
5.62	0.0589719 	-0.105176 	-1.84524 	0.298935 	0.533556 	-0.00870264 	
5.625	0.058969 	-0.105116 	-1.84526 	0.298937 	0.533348 	-0.00870265 	
5.63	0.0589648 	-0.105057 	-1.84528 	0.298938 	0.53314 	-0.00870264 	
5.635	0.0589625 	-0.104997 	-1.84531 	0.29894 	0.532932 	-0.00870265 	
5.64	0.0589587 	-0.104938 	-1.84533 	0.298942 	0.532724 	-0.00870264 	
5.645	0.0589569 	-0.104878 	-1.84535 	0.298944 	0.532516 	-0.00870265 	
5.65	0.0589534 	-0.104818 	-1.84538 	0.298946 	0.532308 	-0.00870264 	
5.655	0.0589517 	-0.104757 	-1.8454 	0.298947 	0.5321 	-0.00870265 	
5.66	0.0589483 	-0.104698 	-1.84542 	0.298949 	0.531892 	-0.00870265 	
5.665	0.0589467 	-0.104637 	-1.84545 	0.298951 	0.531684 	-0.00870266 	
5.67	0.0589432 	-0.104577 	-1.84547 	0.298953 	0.531476 	-0.00870265 	
5.675	0.0589415 	-0.104515 	-1.84549 	0.298955 	0.531268 	-0.00870267 	
5.68	0.0589379 	-0.104455 	-1.84552 	0.298957 	0.53106 	-0.00870267 	
5.685	0.0589361 	-0.104394 	-1.84554 	0.298958 	0.530852 	-0.00870268 	
5.69	0.0589324 	-0.104334 	-1.84556 	0.29896 	0.530644 	-0.00870268 	
5.695	0.0589304 	-0.104272 	-1.84558 	0.298962 	0.530436 	-0.00870269 	
5.7	0.0589264 	-0.104212 	-1.8456 	0.298964 	0.530228 	-0.00870269 	
5.705	0.0589241 	-0.10415 	-1.84563 	0.298966 	0.53002 	-0.00870271 	
5.71	0.0589198 	-0.10409 	-1.84565 	0.298968 	0.529812 	-0.00870271 	
5.715	0.0589174 	-0.104028 	-1.84567 	0.298969 	0.529604 	-0.00870273 	
5.72	0.0589128 	-0.103968 	-1.84569 	0.298971 	0.529396 	-0.00870273 	
5.725	0.05891 	-0.103907 	-1.84571 	0.298973 	0.529188 	-0.00870275 	
5.73	0.0589051 	-0.103846 	-1.84574 	0.298975 	0.52898 	-0.00870275 	
5.735	0.058902 	-0.103785 	-1.84576 	0.298977 	0.528772 	-0.00870277 	
5.74	0.0588968 	-0.103724 	-1.84578 	0.298979 	0.528564 	-0.00870278 	
5.745	0.0588934 	-0.103662 	-1.8458 	0.29898 	0.528356 	-0.0087028 	
5.75	0.0588879 	-0.103602 	-1.84582 	0.298982 	0.528148 	-0.0087028 	
5.755	0.0588862 	-0.103539 	-1.84584 	0.298984 	0.52794 	-0.00870283 	
5.76	0.0588881 	-0.103476 	-1.84586 	0.298986 	0.527732 	-0.00870288 	
5.765	0.0588933 	-0.10341 	-1.84588 	0.298988 	0.527523 	-0.00870295 	
5.77	0.0589015 	-0.103343 	-1.84589 	0.29899 	0.527315 	-0.00870303 	
5.775	0.0589125 	-0.103274 	-1.84591 	0.298993 	0.527107 	-0.00870314 	
5.78	0.0589262 	-0.103205 	-1.84592 	0.298995 	0.526899 	-0.00870325 	
5.785	0.05894 	-0.103135 	-1.84593 	0.298997 	0.526691 	-0.00870337 	
5.79	0.0589484 	-0.103069 	-1.84595 	0.298999 	0.526483 	-0.00870347 	
5.795	0.0589573 	-0.103002 	-1.84596 	0.299001 	0.526275 	-0.00870358 	
5.8	0.0589614 	-0.102938 	-1.84598 	0.299003 	0.526067 	-0.00870366 	
5.805	0.0589664 	-0.102873 	-1.84599 	0.299006 	0.525859 	-0.00870376 	
5.81	0.0589673 	-0.10281 	-1.84601 	0.299008 	0.525651 	-0.00870383 	
5.815	0.0589694 	-0.102746 	-1.84603 	0.29901 	0.525443 	-0.00870392 	
5.82	0.0589677 	-0.102685 	-1.84605 	0.299011 	0.525235 	-0.00870398 	
5.825	0.0589676 	-0.102622 	-1.84607 	0.299013 	0.525026 	-0.00870407 	
5.83	0.058964 	-0.102561 	-1.84608 	0.299015 	0.524818 	-0.00870412 	
5.835	0.0589621 	-0.102499 	-1.8461 	0.299017 	0.52461 	-0.0087042 	
5.84	0.058957 	-0.102438 	-1.84612 	0.299019 	0.524402 	-0.00870424 	
5.845	0.0589537 	-0.102377 	-1.84614 	0.299021 	0.524194 	-0.00870431 	
5.85	0.0589474 	-0.102316 	-1.84616 	0.299023 	0.523986 	-0.00870436 	
5.855	0.0589429 	-0.102255 	-1.84618 	0.299025 	0.523778 	-0.00870442 	
5.86	0.0589357 	-0.102195 	-1.8462 	0.299026 	0.52357 	-0.00870446 	
5.865	0.0589304 	-0.102134 	-1.84622 	0.299028 	0.523362 	-0.00870452 	
5.87	0.0589224 	-0.102074 	-1.84624 	0.29903 	0.523154 	-0.00870455 	
5.875	0.0589163 	-0.102013 	-1.84626 	0.299032 	0.522946 	-0.00870461 	
5.88	0.0589076 	-0.101953 	-1.84628 	0.299034 	0.522738 	-0.00870464 	
5.885	0.0589009 	-0.101892 	-1.8463 	0.299035 	0.52253 	-0.00870469 	
5.89	0.0588917 	-0.101833 	-1.84632 	0.299037 	0.522322 	-0.00870472 	
5.895	0.0588844 	-0.101771 	-1.84634 	0.299039 	0.522114 	-0.00870477 	
5.9	0.0588747 	-0.101712 	-1.84636 	0.299041 	0.521906 	-0.0087048 	
5.905	0.058867 	-0.101651 	-1.84638 	0.299042 	0.521698 	-0.00870485 	
5.91	0.0588568 	-0.101592 	-1.8464 	0.299044 	0.52149 	-0.00870487 	
5.915	0.0588509 	-0.101529 	-1.84642 	0.299046 	0.521282 	-0.00870493 	
5.92	0.0588487 	-0.101466 	-1.84643 	0.299048 	0.521074 	-0.00870499 	
5.925	0.0588502 	-0.1014 	-1.84645 	0.29905 	0.520866 	-0.00870509 	
5.93	0.0588549 	-0.101334 	-1.84646 	0.299052 	0.520658 	-0.00870518 	
5.935	0.0588602 	-0.101267 	-1.84647 	0.299054 	0.520449 	-0.0087053 	
5.94	0.0588609 	-0.101202 	-1.84649 	0.299056 	0.520241 	-0.00870538 	
5.945	0.0588624 	-0.101137 	-1.8465 	0.299058 	0.520033 	-0.00870548 	
5.95	0.0588595 	-0.101074 	-1.84652 	0.29906 	0.519825 	-0.00870556 	
5.955	0.0588579 	-0.101011 	-1.84653 	0.299062 	0.519617 	-0.00870565 	
5.96	0.0588524 	-0.100949 	-1.84655 	0.299063 	0.519409 	-0.00870572 	
5.965	0.0588484 	-0.100887 	-1.84657 	0.299065 	0.519201 	-0.0087058 	
5.97	0.0588409 	-0.100826 	-1.84659 	0.299067 	0.518993 	-0.00870586 	
5.975	0.058835 	-0.100764 	-1.8466 	0.299069 	0.518785 	-0.00870594 	
5.98	0.058826 	-0.100704 	-1.84662 	0.299071 	0.518577 	-0.00870599 	
5.985	0.0588186 	-0.100643 	-1.84664 	0.299072 	0.518369 	-0.00870606 	
5.99	0.0588083 	-0.100584 	-1.84666 	0.299074 	0.518161 	-0.00870611 	
5.995	0.0587998 	-0.100522 	-1.84667 	0.299076 	0.517953 	-0.00870618 	
6	0.0587885 	-0.100463 	-1.84669 	0.299078 	0.517745 	-0.00870622 	
6.005	0.0587791 	-0.100402 	-1.84671 	0.299079 	0.517536 	-0.00870628 	
6.01	0.058767 	-0.100343 	-1.84673 	0.299081 	0.517328 	-0.00870632 	
6.015	0.0587568 	-0.100283 	-1.84675 	0.299083 	0.51712 	-0.00870638 	
6.02	0.058744 	-0.100224 	-1.84677 	0.299084 	0.516912 	-0.00870641 	
6.025	0.0587332 	-0.100163 	-1.84679 	0.299086 	0.516704 	-0.00870647 	
6.03	0.0587199 	-0.100104 	-1.84681 	0.299088 	0.516496 	-0.0087065 	
6.035	0.0587085 	-0.100044 	-1.84682 	0.299089 	0.516288 	-0.00870655 	
6.04	0.0586947 	-0.0999852 	-1.84684 	0.299091 	0.51608 	-0.00870658 	
6.045	0.0586829 	-0.0999248 	-1.84686 	0.299093 	0.515872 	-0.00870663 	
6.05	0.0586686 	-0.0998661 	-1.84688 	0.299094 	0.515664 	-0.00870666 	
6.055	0.0586564 	-0.0998056 	-1.8469 	0.299096 	0.515456 	-0.00870671 	
6.06	0.0586417 	-0.099747 	-1.84692 	0.299097 	0.515248 	-0.00870674 	
6.065	0.0586291 	-0.0996866 	-1.84694 	0.299099 	0.51504 	-0.00870678 	
6.07	0.058614 	-0.099628 	-1.84695 	0.299101 	0.514832 	-0.00870681 	
6.075	0.058601 	-0.0995676 	-1.84697 	0.299102 	0.514624 	-0.00870685 	
6.08	0.0585856 	-0.099509 	-1.84699 	0.299104 	0.514416 	-0.00870688 	
6.085	0.0585723 	-0.0994486 	-1.84701 	0.299106 	0.514208 	-0.00870692 	
6.09	0.0585565 	-0.0993901 	-1.84703 	0.299107 	0.514 	-0.00870694 	
6.095	0.0585428 	-0.0993298 	-1.84705 	0.299109 	0.513792 	-0.00870699 	
6.1	0.0585268 	-0.0992712 	-1.84707 	0.29911 	0.513584 	-0.00870701 	
6.105	0.0585128 	-0.0992109 	-1.84708 	0.299112 	0.513376 	-0.00870705 	
6.11	0.0584964 	-0.0991524 	-1.8471 	0.299113 	0.513168 	-0.00870707 	
6.115	0.0584821 	-0.0990922 	-1.84712 	0.299115 	0.512959 	-0.00870711 	
6.12	0.0584654 	-0.0990337 	-1.84714 	0.299117 	0.512751 	-0.00870714 	
6.125	0.0584508 	-0.0989735 	-1.84716 	0.299118 	0.512543 	-0.00870718 	
6.13	0.0584338 	-0.098915 	-1.84718 	0.29912 	0.512335 	-0.0087072 	
6.135	0.0584188 	-0.0988548 	-1.84719 	0.299121 	0.512127 	-0.00870724 	
6.14	0.0584016 	-0.0987964 	-1.84721 	0.299123 	0.511919 	-0.00870726 	
6.145	0.0583863 	-0.0987363 	-1.84723 	0.299124 	0.511711 	-0.0087073 	
6.15	0.0583688 	-0.0986779 	-1.84725 	0.299126 	0.511503 	-0.00870732 	
6.155	0.0583532 	-0.0986178 	-1.84726 	0.299127 	0.511295 	-0.00870736 	
6.16	0.0583354 	-0.0985595 	-1.84728 	0.299129 	0.511087 	-0.00870738 	
6.165	0.0583194 	-0.0984991 	-1.8473 	0.29913 	0.510879 	-0.00870742 	
6.17	0.0583009 	-0.0984404 	-1.84732 	0.299132 	0.510671 	-0.00870744 	
6.175	0.058286 	-0.0983808 	-1.84734 	0.299134 	0.510463 	-0.00870749 	
6.18	0.05827 	-0.0983222 	-1.84736 	0.299135 	0.510255 	-0.00870751 	
6.185	0.0582572 	-0.0982626 	-1.84737 	0.299137 	0.510047 	-0.00870756 	
6.19	0.0582431 	-0.0982038 	-1.84739 	0.299138 	0.509839 	-0.00870758 	
6.195	0.0582318 	-0.0981441 	-1.84741 	0.29914 	0.509631 	-0.00870762 	
6.2	0.0582189 	-0.0980853 	-1.84743 	0.299142 	0.509423 	-0.00870764 	
6.205	0.0582088 	-0.0980254 	-1.84745 	0.299143 	0.509215 	-0.00870767 	
6.21	0.0581968 	-0.0979665 	-1.84747 	0.299145 	0.509007 	-0.00870769 	
6.215	0.0581894 	-0.0979055 	-1.84749 	0.299147 	0.508799 	-0.00870774 	
6.22	0.0581859 	-0.0978427 	-1.8475 	0.299148 	0.508591 	-0.0087078 	
6.225	0.0581865 	-0.0977783 	-1.84752 	0.29915 	0.508383 	-0.00870788 	
6.23	0.0581879 	-0.0977135 	-1.84753 	0.299152 	0.508174 	-0.00870796 	
6.235	0.0581857 	-0.0976505 	-1.84755 	0.299154 	0.507966 	-0.00870803 	
6.24	0.0581848 	-0.0975879 	-1.84756 	0.299156 	0.507758 	-0.0087081 	
6.245	0.0581803 	-0.0975297 	-1.84758 	0.299158 	0.50755 	-0.00870815 	
6.25	0.0581762 	-0.0974712 	-1.8476 	0.29916 	0.507342 	-0.00870821 	
6.255	0.0581693 	-0.0974161 	-1.84762 	0.299162 	0.507135 	-0.00870826 	
6.26	0.0581631 	-0.0973602 	-1.84764 	0.299163 	0.506927 	-0.00870832 	
6.265	0.0581543 	-0.0973073 	-1.84766 	0.299165 	0.506719 	-0.00870836 	
6.27	0.0581464 	-0.0972531 	-1.84768 	0.299167 	0.506511 	-0.00870841 	
6.275	0.058136 	-0.0972016 	-1.8477 	0.299168 	0.506303 	-0.00870844 	
6.28	0.0581267 	-0.0971486 	-1.84772 	0.29917 	0.506095 	-0.00870849 	
6.285	0.0581151 	-0.0970981 	-1.84774 	0.299172 	0.505887 	-0.00870852 	
6.29	0.0581045 	-0.097046 	-1.84776 	0.299173 	0.50568 	-0.00870856 	
6.295	0.0580926 	-0.0969956 	-1.84778 	0.299175 	0.505472 	-0.00870859 	
6.3	0.0580819 	-0.0969434 	-1.8478 	0.299177 	0.505264 	-0.00870863 	
6.305	0.0580689 	-0.0968937 	-1.84782 	0.299178 	0.505056 	-0.00870866 	
6.31	0.0580595 	-0.0968403 	-1.84784 	0.29918 	0.504849 	-0.0087087 	
6.315	0.0580545 	-0.0967844 	-1.84786 	0.299182 	0.504641 	-0.00870877 	
6.32	0.0580526 	-0.0967253 	-1.84787 	0.299184 	0.504433 	-0.00870886 	
6.325	0.0580545 	-0.0966642 	-1.84788 	0.299185 	0.504225 	-0.00870897 	
6.33	0.0580563 	-0.0966026 	-1.8479 	0.299187 	0.504017 	-0.00870907 	
6.335	0.0580542 	-0.0965458 	-1.84791 	0.299189 	0.503809 	-0.00870916 	
6.34	0.0580515 	-0.0964878 	-1.84792 	0.299191 	0.503601 	-0.00870926 	
6.345	0.0580453 	-0.0964345 	-1.84794 	0.299193 	0.503394 	-0.00870934 	
6.35	0.058039 	-0.0963794 	-1.84796 	0.299195 	0.503186 	-0.00870942 	
6.355	0.0580296 	-0.0963284 	-1.84797 	0.299196 	0.502978 	-0.00870949 	
6.36	0.0580205 	-0.0962752 	-1.84799 	0.299198 	0.50277 	-0.00870956 	
6.365	0.0580087 	-0.0962258 	-1.84801 	0.2992 	0.502563 	-0.00870963 	
6.37	0.0579973 	-0.096174 	-1.84803 	0.299201 	0.502355 	-0.00870969 	
6.375	0.0579835 	-0.0961256 	-1.84805 	0.299203 	0.502147 	-0.00870975 	
6.38	0.0579703 	-0.0960746 	-1.84806 	0.299204 	0.501939 	-0.00870981 	
6.385	0.0579549 	-0.0960268 	-1.84808 	0.299206 	0.501732 	-0.00870985 	
6.39	0.0579402 	-0.0959765 	-1.8481 	0.299208 	0.501524 	-0.00870991 	
6.395	0.0579235 	-0.0959292 	-1.84812 	0.299209 	0.501316 	-0.00870995 	
6.4	0.0579076 	-0.0958792 	-1.84814 	0.299211 	0.501109 	-0.00871 	
6.405	0.0578897 	-0.0958322 	-1.84816 	0.299212 	0.500901 	-0.00871004 	
6.41	0.0578729 	-0.0957824 	-1.84818 	0.299214 	0.500693 	-0.00871009 	
6.415	0.0578546 	-0.0957352 	-1.8482 	0.299215 	0.500486 	-0.00871012 	
6.42	0.0578376 	-0.0956854 	-1.84821 	0.299217 	0.500278 	-0.00871016 	
6.425	0.0578191 	-0.0956383 	-1.84823 	0.299218 	0.50007 	-0.00871019 	
6.43	0.0578018 	-0.0955886 	-1.84825 	0.299219 	0.499863 	-0.00871023 	
6.435	0.0577829 	-0.0955415 	-1.84827 	0.299221 	0.499655 	-0.00871026 	
6.44	0.0577677 	-0.09549 	-1.84829 	0.299222 	0.499447 	-0.0087103 	
6.445	0.0577577 	-0.0954361 	-1.8483 	0.299224 	0.499239 	-0.00871038 	
6.45	0.0577507 	-0.0953783 	-1.84831 	0.299226 	0.499032 	-0.00871047 	
6.455	0.0577484 	-0.0953188 	-1.84832 	0.299228 	0.498824 	-0.00871058 	
6.46	0.0577458 	-0.0952582 	-1.84833 	0.299229 	0.498616 	-0.00871069 	
6.465	0.0577394 	-0.0952028 	-1.84835 	0.299231 	0.498408 	-0.00871078 	
6.47	0.0577324 	-0.0951458 	-1.84836 	0.299233 	0.4982 	-0.00871088 	
6.475	0.0577222 	-0.0950938 	-1.84837 	0.299235 	0.497993 	-0.00871096 	
6.48	0.057712 	-0.0950397 	-1.84839 	0.299236 	0.497785 	-0.00871105 	
6.485	0.0576991 	-0.0949897 	-1.8484 	0.299238 	0.497577 	-0.00871112 	
6.49	0.0576865 	-0.0949374 	-1.84842 	0.29924 	0.497369 	-0.0087112 	
6.495	0.0576716 	-0.0948888 	-1.84844 	0.299241 	0.497162 	-0.00871126 	
6.5	0.0576571 	-0.0948377 	-1.84845 	0.299243 	0.496954 	-0.00871133 	
6.505	0.0576405 	-0.0947901 	-1.84847 	0.299244 	0.496746 	-0.00871139 	
6.51	0.0576244 	-0.0947398 	-1.84849 	0.299246 	0.496539 	-0.00871145 	
6.515	0.0576065 	-0.0946928 	-1.84851 	0.299247 	0.496331 	-0.0087115 	
6.52	0.0575898 	-0.0946432 	-1.84852 	0.299249 	0.496123 	-0.00871156 	
6.525	0.0575719 	-0.0945964 	-1.84854 	0.29925 	0.495916 	-0.00871161 	
6.53	0.057555 	-0.0945469 	-1.84856 	0.299252 	0.495708 	-0.00871166 	
6.535	0.0575368 	-0.0945 	-1.84858 	0.299253 	0.4955 	-0.0087117 	
6.54	0.0575197 	-0.0944505 	-1.8486 	0.299254 	0.495293 	-0.00871174 	
6.545	0.0575013 	-0.0944037 	-1.84862 	0.299256 	0.495085 	-0.00871178 	
6.55	0.0574838 	-0.0943541 	-1.84863 	0.299257 	0.494877 	-0.00871182 	
6.555	0.057465 	-0.0943072 	-1.84865 	0.299259 	0.49467 	-0.00871186 	
6.56	0.057447 	-0.0942577 	-1.84867 	0.29926 	0.494462 	-0.0087119 	
6.565	0.0574261 	-0.09421 	-1.84869 	0.299262 	0.494254 	-0.00871194 	
6.57	0.057402 	-0.0941584 	-1.8487 	0.299263 	0.494047 	-0.00871195 	
6.575	0.0573753 	-0.0941141 	-1.84872 	0.299264 	0.493839 	-0.00871199 	
6.58	0.0573459 	-0.0940656 	-1.84873 	0.299266 	0.493631 	-0.00871199 	
6.585	0.0573153 	-0.0940235 	-1.84875 	0.299267 	0.493424 	-0.00871203 	
6.59	0.0572833 	-0.0939756 	-1.84877 	0.299268 	0.493216 	-0.00871206 	
