0	0.0375657 	-0.00170152 	-0.0284831 	4.31391e-06 	-0.00180521 	8.30314e-05 	
0.005	0.185079 	-0.00838305 	-0.140331 	2.12538e-05 	-0.00889393 	0.00040908 	
0.01	0.321796 	-0.0145756 	-0.243993 	3.69539e-05 	-0.0154638 	0.000711265 	
0.015	0.448506 	-0.0203148 	-0.340067 	5.15048e-05 	-0.0215529 	0.000991333 	
0.02	0.565943 	-0.025634 	-0.42911 	6.49904e-05 	-0.0271963 	0.0012509 	
0.025	0.674784 	-0.0305639 	-0.511635 	7.74881e-05 	-0.0324267 	0.00149147 	
0.03	0.77566 	-0.0351329 	-0.58812 	8.90701e-05 	-0.0372743 	0.00171443 	
0.035	0.869153 	-0.0393675 	-0.659006 	9.98028e-05 	-0.0417671 	0.00192107 	
0.04	0.955803 	-0.0432921 	-0.724703 	0.000109748 	-0.0459311 	0.00211258 	
0.045	1.03611 	-0.0469294 	-0.785591 	0.000118963 	-0.0497904 	0.00229008 	
0.05	1.11054 	-0.0503004 	-0.842022 	0.000127502 	-0.0533674 	0.00245457 	
0.055	1.17953 	-0.0534246 	-0.894321 	0.000135412 	-0.0566825 	0.00260703 	
0.06	1.24347 	-0.0563201 	-0.94279 	0.00014274 	-0.0597551 	0.00274832 	
0.065	1.30272 	-0.0590036 	-0.987711 	0.000149528 	-0.062603 	0.00287926 	
0.07	1.35765 	-0.0614906 	-1.02934 	0.000155814 	-0.0652424 	0.00300061 	
0.075	1.40855 	-0.0637955 	-1.06793 	0.000161637 	-0.0676888 	0.00311308 	
0.08	1.45573 	-0.0659316 	-1.10368 	0.000167028 	-0.0699562 	0.0032173 	
0.085	1.49945 	-0.0679112 	-1.13682 	0.000172019 	-0.0720578 	0.00331389 	
0.09	1.53998 	-0.0697459 	-1.16753 	0.00017664 	-0.0740057 	0.0034034 	
0.095	1.57754 	-0.0714461 	-1.19599 	0.000180916 	-0.0758111 	0.00348635 	
0.1	1.61236 	-0.0730217 	-1.22236 	0.000184873 	-0.0774846 	0.00356322 	
0.105	1.64463 	-0.0744819 	-1.24681 	0.000188533 	-0.0790357 	0.00363445 	
0.11	1.67454 	-0.0758351 	-1.26945 	0.000191918 	-0.0804734 	0.00370046 	
0.115	1.70226 	-0.0770891 	-1.29044 	0.000195048 	-0.081806 	0.00376163 	
0.12	1.72795 	-0.0782511 	-1.30989 	0.000197941 	-0.0830413 	0.0038183 	
0.125	1.75177 	-0.0793279 	-1.32792 	0.000200615 	-0.0841864 	0.00387082 	
0.13	1.77384 	-0.0803257 	-1.34462 	0.000203084 	-0.0852478 	0.00391948 	
0.135	1.7943 	-0.0812504 	-1.36009 	0.000205363 	-0.0862317 	0.00396456 	
0.14	1.81327 	-0.0821071 	-1.37443 	0.000207466 	-0.0871438 	0.00400633 	
0.145	1.83085 	-0.082901 	-1.38771 	0.000209406 	-0.0879893 	0.00404503 	
0.15	1.84714 	-0.0836365 	-1.40002 	0.000211194 	-0.0887732 	0.00408088 	
0.155	1.86225 	-0.084318 	-1.41143 	0.000212841 	-0.0894999 	0.00411409 	
0.16	1.87625 	-0.0849494 	-1.42199 	0.000214357 	-0.0901736 	0.00414485 	
0.165	1.88772 	-0.0842346 	-1.434 	0.000276399 	-0.0908017 	0.00416415 	
0.17	1.90006 	-0.084838 	-1.44324 	0.000274529 	-0.0913934 	0.00418954 	
0.175	1.91144 	-0.0854105 	-1.45173 	0.000271934 	-0.0919411 	0.00421259 	
0.18	1.92191 	-0.0859329 	-1.45953 	0.000269852 	-0.0924462 	0.0042339 	
0.185	1.93161 	-0.0864168 	-1.46675 	0.000267911 	-0.0929146 	0.00425363 	
0.19	1.94061 	-0.0868651 	-1.47345 	0.000266099 	-0.0933489 	0.0042719 	
0.195	1.94895 	-0.0872802 	-1.47964 	0.000264407 	-0.0937518 	0.00428881 	
0.2	1.95669 	-0.0876647 	-1.48538 	0.000262826 	-0.0941254 	0.00430447 	
0.205	1.96386 	-0.0880208 	-1.49069 	0.000261346 	-0.094472 	0.00431896 	
0.21	1.97051 	-0.0883505 	-1.49561 	0.000259961 	-0.0947935 	0.00433236 	
0.215	1.97668 	-0.0886558 	-1.50016 	0.000258663 	-0.0950918 	0.00434476 	
0.22	1.9824 	-0.0889384 	-1.50438 	0.000257445 	-0.0953686 	0.00435623 	
0.225	1.98613 	-0.0878582 	-1.51058 	0.000319253 	-0.0956288 	0.0043577 	
0.23	1.99135 	-0.0881661 	-1.51435 	0.000314826 	-0.0958795 	0.00436654 	
0.235	1.99615 	-0.0884645 	-1.51776 	0.000309865 	-0.0961113 	0.00437424 	
0.24	2.00051 	-0.0887328 	-1.52086 	0.000305586 	-0.0963236 	0.00438132 	
0.245	2.00456 	-0.0889811 	-1.52373 	0.000301605 	-0.0965208 	0.00438786 	
0.25	2.00832 	-0.0892109 	-1.52638 	0.000297898 	-0.0967039 	0.00439389 	
0.255	2.0118 	-0.0894235 	-1.52883 	0.000294446 	-0.096874 	0.00439946 	
0.26	2.01504 	-0.0896201 	-1.5311 	0.00029123 	-0.097032 	0.00440459 	
0.265	2.01804 	-0.089802 	-1.53319 	0.000288232 	-0.0971788 	0.00440931 	
0.27	2.02083 	-0.0899702 	-1.53512 	0.000285436 	-0.0973152 	0.00441366 	
0.275	2.02171 	-0.088685 	-1.53939 	0.00035078 	-0.0974457 	0.00440822 	
0.28	2.02445 	-0.0889011 	-1.54121 	0.000344659 	-0.0975771 	0.00441089 	
0.285	2.02693 	-0.0891148 	-1.54281 	0.000338086 	-0.0976981 	0.00441282 	
0.29	2.02914 	-0.0893037 	-1.54422 	0.000332345 	-0.0978076 	0.00441454 	
0.295	2.0312 	-0.0894784 	-1.54552 	0.000327006 	-0.0979095 	0.0044161 	
0.3	2.03311 	-0.0896398 	-1.54671 	0.000322038 	-0.0980043 	0.00441751 	
0.305	2.03488 	-0.089789 	-1.54781 	0.000317414 	-0.0980927 	0.00441879 	
0.31	2.03653 	-0.0899268 	-1.54882 	0.000313109 	-0.098175 	0.00441995 	
0.315	2.03643 	-0.0886783 	-1.55214 	0.000374337 	-0.0982551 	0.00441233 	
0.32	2.03817 	-0.0888652 	-1.55315 	0.000367056 	-0.0983393 	0.00441229 	
0.325	2.03974 	-0.0890515 	-1.55401 	0.000359433 	-0.0984168 	0.00441171 	
0.33	2.04111 	-0.0892155 	-1.55474 	0.000352697 	-0.0984862 	0.0044111 	
0.335	2.04238 	-0.0893669 	-1.5554 	0.000346432 	-0.098551 	0.0044105 	
0.34	2.04357 	-0.0895068 	-1.55601 	0.000340605 	-0.0986116 	0.00440991 	
0.345	2.04467 	-0.0896359 	-1.55656 	0.000335183 	-0.0986682 	0.00440932 	
0.35	2.04409 	-0.0884089 	-1.55941 	0.000394298 	-0.0987244 	0.00440062 	
0.355	2.04536 	-0.0885872 	-1.56002 	0.000386101 	-0.0987863 	0.00439909 	
0.36	2.04649 	-0.0887653 	-1.56051 	0.000377637 	-0.0988432 	0.00439713 	
0.365	2.04746 	-0.0889217 	-1.5609 	0.000370113 	-0.0988937 	0.00439523 	
0.37	2.04836 	-0.0890662 	-1.56125 	0.000363117 	-0.098941 	0.00439343 	
0.375	2.0492 	-0.0891995 	-1.56156 	0.000356611 	-0.0989853 	0.00439173 	
0.38	2.04999 	-0.0893225 	-1.56184 	0.000350558 	-0.099027 	0.00439011 	
0.385	2.04897 	-0.0879755 	-1.56464 	0.000414914 	-0.0990697 	0.00438014 	
0.39	2.05001 	-0.0881557 	-1.56504 	0.000405803 	-0.0991204 	0.00437763 	
0.395	2.05091 	-0.0883361 	-1.56532 	0.000396432 	-0.0991667 	0.00437469 	
0.4	2.05166 	-0.0884937 	-1.5655 	0.000388112 	-0.0992068 	0.00437187 	
0.405	2.05235 	-0.088639 	-1.56565 	0.000380378 	-0.0992446 	0.00436922 	
0.41	2.05301 	-0.0887731 	-1.56579 	0.000373186 	-0.0992801 	0.00436672 	
0.415	2.05196 	-0.0875246 	-1.56831 	0.000432625 	-0.099317 	0.00435683 	
0.42	2.05285 	-0.0877096 	-1.56857 	0.000422752 	-0.0993616 	0.0043536 	
0.425	2.05363 	-0.0878942 	-1.56872 	0.000412707 	-0.0994023 	0.00435002 	
0.43	2.05427 	-0.0880561 	-1.56879 	0.000403735 	-0.0994377 	0.00434661 	
0.435	2.05487 	-0.0882055 	-1.56884 	0.000395395 	-0.0994711 	0.0043434 	
0.44	2.05544 	-0.0883433 	-1.56888 	0.00038764 	-0.0995027 	0.00434038 	
0.445	2.05421 	-0.0870272 	-1.57146 	0.000450355 	-0.0995362 	0.00433001 	
0.45	2.05506 	-0.0872201 	-1.57164 	0.000439751 	-0.0995784 	0.00432628 	
0.455	2.05578 	-0.0874124 	-1.57173 	0.000428987 	-0.0996168 	0.00432217 	
0.46	2.05637 	-0.0875806 	-1.57172 	0.000419378 	-0.0996497 	0.00431826 	
0.465	2.05691 	-0.0877359 	-1.5717 	0.000410447 	-0.0996809 	0.00431459 	
0.47	2.05743 	-0.087879 	-1.57168 	0.000402145 	-0.0997104 	0.00431114 	
0.475	2.05605 	-0.0864844 	-1.57436 	0.000468836 	-0.0997423 	0.00430039 	
0.48	2.05689 	-0.0866874 	-1.57451 	0.000457466 	-0.0997841 	0.00429621 	
0.485	2.05759 	-0.0868896 	-1.57454 	0.000445945 	-0.0998218 	0.00429163 	
0.49	2.05815 	-0.0870661 	-1.57449 	0.000435672 	-0.0998538 	0.00428727 	
0.495	2.05867 	-0.087229 	-1.57442 	0.000426125 	-0.0998841 	0.00428317 	
0.5	2.05749 	-0.0860183 	-1.57678 	0.000483968 	-0.0999161 	0.00427304 	
0.505	2.05828 	-0.0862288 	-1.57687 	0.000471988 	-0.0999566 	0.0042684 	
0.51	2.05896 	-0.086437 	-1.57686 	0.000459971 	-0.0999935 	0.00426346 	
0.515	2.05951 	-0.0866205 	-1.57678 	0.000449178 	-0.100025 	0.00425876 	
0.52	2.06003 	-0.0867898 	-1.57668 	0.00043915 	-0.100056 	0.00425436 	
0.525	2.05878 	-0.0855525 	-1.57909 	0.000498514 	-0.100088 	0.00424419 	
0.53	2.05959 	-0.085771 	-1.57916 	0.000485986 	-0.100129 	0.00423924 	
0.535	2.06027 	-0.0859868 	-1.57913 	0.000473436 	-0.100166 	0.00423398 	
0.54	2.06082 	-0.0861769 	-1.57903 	0.000462166 	-0.100198 	0.00422898 	
0.545	2.06134 	-0.0863523 	-1.57891 	0.000451695 	-0.100229 	0.00422429 	
0.55	2.06003 	-0.0850704 	-1.5814 	0.000513536 	-0.100261 	0.00421407 	
0.555	2.06085 	-0.0852976 	-1.58147 	0.000500433 	-0.100303 	0.00420883 	
0.56	2.06155 	-0.085522 	-1.58143 	0.000487317 	-0.100342 	0.00420325 	
0.565	2.06211 	-0.0857194 	-1.5813 	0.000475548 	-0.100374 	0.00419794 	
0.57	2.06264 	-0.0859014 	-1.58117 	0.000464614 	-0.100405 	0.00419296 	
0.575	2.06125 	-0.0845758 	-1.58375 	0.000528951 	-0.100439 	0.00418275 	
0.58	2.06211 	-0.0848124 	-1.58381 	0.000515252 	-0.100482 	0.00417722 	
0.585	2.06282 	-0.0850458 	-1.58376 	0.000501549 	-0.100521 	0.00417131 	
0.59	2.06339 	-0.0852509 	-1.58363 	0.00048926 	-0.100555 	0.00416569 	
0.595	2.06393 	-0.0854401 	-1.58348 	0.000477846 	-0.100586 	0.00416041 	
0.6	2.06249 	-0.0840734 	-1.58615 	0.000544612 	-0.100621 	0.00415028 	
0.605	2.06337 	-0.0843197 	-1.58621 	0.000530302 	-0.100666 	0.00414444 	
0.61	2.06411 	-0.0845624 	-1.58616 	0.000515999 	-0.100706 	0.0041382 	
0.615	2.06469 	-0.0847757 	-1.58601 	0.00050318 	-0.10074 	0.00413226 	
0.62	2.06358 	-0.0836751 	-1.58823 	0.000556793 	-0.100776 	0.00412274 	
0.625	2.06442 	-0.0839274 	-1.58824 	0.000542007 	-0.10082 	0.00411647 	
0.63	2.06514 	-0.0841743 	-1.58815 	0.000527377 	-0.10086 	0.00410995 	
0.635	2.06574 	-0.0843936 	-1.58799 	0.000514161 	-0.100895 	0.00410377 	
0.64	2.06463 	-0.0832979 	-1.59023 	0.000567799 	-0.100932 	0.00409441 	
0.645	2.06548 	-0.083556 	-1.59023 	0.000552636 	-0.100976 	0.00408792 	
0.65	2.06622 	-0.0838082 	-1.59014 	0.000537648 	-0.101017 	0.00408118 	
0.655	2.06683 	-0.0840323 	-1.58997 	0.000524106 	-0.101053 	0.00407479 	
0.66	2.06569 	-0.0829171 	-1.59226 	0.000579035 	-0.10109 	0.00406556 	
0.665	2.06656 	-0.0831812 	-1.59226 	0.00056348 	-0.101136 	0.00405886 	
0.67	2.06732 	-0.0834393 	-1.59216 	0.000548107 	-0.101178 	0.00405189 	
0.675	2.06794 	-0.0836685 	-1.59199 	0.000534222 	-0.101214 	0.00404528 	
0.68	2.06677 	-0.082533 	-1.59433 	0.000590515 	-0.101252 	0.00403622 	
0.685	2.06766 	-0.0828035 	-1.59433 	0.000574549 	-0.101299 	0.0040293 	
0.69	2.06844 	-0.0830678 	-1.59424 	0.000558772 	-0.101342 	0.00402209 	
0.695	2.06907 	-0.0833024 	-1.59406 	0.000544527 	-0.101379 	0.00401524 	
0.7	2.06787 	-0.0821478 	-1.59645 	0.000602144 	-0.101418 	0.00400637 	
0.705	2.06879 	-0.082425 	-1.59646 	0.000585751 	-0.101466 	0.00399921 	
0.71	2.06958 	-0.0826957 	-1.59636 	0.000569556 	-0.101509 	0.00399175 	
0.715	2.07022 	-0.082936 	-1.59618 	0.000554938 	-0.101547 	0.00398467 	
0.72	2.06899 	-0.0817637 	-1.59862 	0.000613833 	-0.101587 	0.00397601 	
0.725	2.06993 	-0.0820477 	-1.59862 	0.000597004 	-0.101636 	0.00396861 	
0.73	2.07074 	-0.0823251 	-1.59852 	0.000580383 	-0.101681 	0.00396089 	
0.735	2.0714 	-0.082571 	-1.59834 	0.000565385 	-0.101719 	0.00395356 	
0.74	2.07014 	-0.0813826 	-1.60083 	0.00062551 	-0.10176 	0.00394514 	
0.745	2.0711 	-0.0816735 	-1.60084 	0.00060824 	-0.10181 	0.0039375 	
0.75	2.07193 	-0.0819574 	-1.60074 	0.000591188 	-0.101855 	0.00392952 	
0.755	2.0726 	-0.0822092 	-1.60054 	0.000575805 	-0.101895 	0.00392193 	
0.76	2.07132 	-0.0810059 	-1.60309 	0.000637118 	-0.101936 	0.00391378 	
0.765	2.0723 	-0.0813037 	-1.6031 	0.000619404 	-0.101987 	0.0039059 	
0.77	2.07314 	-0.0815943 	-1.60299 	0.000601919 	-0.102034 	0.00389765 	
0.775	2.07382 	-0.0818518 	-1.60279 	0.000586149 	-0.102074 	0.0038898 	
0.78	2.07251 	-0.0806351 	-1.60539 	0.000648608 	-0.102116 	0.00388195 	
0.785	2.07352 	-0.0809397 	-1.6054 	0.00063045 	-0.102168 	0.00387382 	
0.79	2.07438 	-0.0812369 	-1.60529 	0.000612532 	-0.102215 	0.00386529 	
0.795	2.07507 	-0.0815002 	-1.60509 	0.000596376 	-0.102256 	0.00385719 	
0.8	2.07374 	-0.0802714 	-1.60773 	0.000659938 	-0.102299 	0.00384967 	
0.805	2.07476 	-0.0805828 	-1.60774 	0.000641339 	-0.102352 	0.00384128 	
0.81	2.07564 	-0.0808865 	-1.60763 	0.00062299 	-0.1024 	0.00383248 	
0.815	2.07634 	-0.0811556 	-1.60742 	0.000606448 	-0.102442 	0.00382411 	
0.82	2.07498 	-0.0799158 	-1.61011 	0.000671073 	-0.102485 	0.00381696 	
0.825	2.07603 	-0.080234 	-1.61012 	0.000652036 	-0.102539 	0.00380831 	
0.83	2.07692 	-0.0805441 	-1.61001 	0.000633258 	-0.102589 	0.00379924 	
0.835	2.07764 	-0.0808189 	-1.60979 	0.000616334 	-0.102631 	0.0037906 	
0.84	2.07625 	-0.0795695 	-1.61252 	0.000681981 	-0.102675 	0.00378384 	
0.845	2.07732 	-0.0798943 	-1.61254 	0.000662509 	-0.10273 	0.00377494 	
0.85	2.07822 	-0.0802108 	-1.61242 	0.000643308 	-0.10278 	0.00376559 	
0.855	2.07895 	-0.0804911 	-1.61221 	0.000626004 	-0.102823 	0.00375669 	
0.86	2.07754 	-0.0792334 	-1.61498 	0.000692633 	-0.102867 	0.00375034 	
0.865	2.07863 	-0.0795646 	-1.61499 	0.000672732 	-0.102924 	0.00374118 	
0.87	2.07955 	-0.0798873 	-1.61488 	0.000653111 	-0.102974 	0.00373155 	
0.875	2.08029 	-0.0801731 	-1.61466 	0.000635432 	-0.103018 	0.00372239 	
0.88	2.07886 	-0.0789083 	-1.61747 	0.000703002 	-0.103063 	0.00371649 	
0.885	2.07996 	-0.0792459 	-1.61748 	0.000682677 	-0.10312 	0.00370708 	
0.89	2.08089 	-0.0795747 	-1.61737 	0.000662643 	-0.103172 	0.00369717 	
0.895	2.07996 	-0.0786742 	-1.61951 	0.000710533 	-0.103218 	0.00369029 	
0.9	2.08098 	-0.0790152 	-1.61945 	0.000689845 	-0.103273 	0.00368029 	
0.905	2.08188 	-0.0793447 	-1.6193 	0.000669674 	-0.103323 	0.00367011 	
0.91	2.08264 	-0.0796398 	-1.61908 	0.000651354 	-0.103368 	0.00366049 	
0.915	2.08122 	-0.0783999 	-1.62188 	0.000718558 	-0.103414 	0.00365536 	
0.92	2.08234 	-0.0787458 	-1.6219 	0.000697638 	-0.103473 	0.00364554 	
0.925	2.08329 	-0.0790824 	-1.62178 	0.000677038 	-0.103525 	0.00363521 	
0.93	2.08234 	-0.07818 	-1.62397 	0.00072582 	-0.103572 	0.00362895 	
0.935	2.08339 	-0.0785295 	-1.62391 	0.000704534 	-0.103628 	0.00361854 	
0.94	2.08431 	-0.0788671 	-1.62375 	0.000683783 	-0.10368 	0.00360793 	
0.945	2.08339 	-0.077996 	-1.6259 	0.000731153 	-0.103728 	0.00360182 	
0.95	2.08444 	-0.0783478 	-1.62584 	0.000709674 	-0.103784 	0.00359124 	
0.955	2.08536 	-0.0786875 	-1.62568 	0.000688755 	-0.103835 	0.00358049 	
0.96	2.08444 	-0.0778179 	-1.62784 	0.000736393 	-0.103884 	0.00357468 	
0.965	2.0855 	-0.0781722 	-1.62778 	0.000714724 	-0.10394 	0.00356396 	
0.97	2.08643 	-0.0785141 	-1.62762 	0.00069362 	-0.103992 	0.00355306 	
0.975	2.0855 	-0.0776439 	-1.6298 	0.000741661 	-0.104041 	0.00354758 	
0.98	2.08656 	-0.0780008 	-1.62973 	0.00071979 	-0.104098 	0.00353671 	
0.985	2.0875 	-0.0783454 	-1.62958 	0.000698486 	-0.10415 	0.00352564 	
0.99	2.08656 	-0.0774749 	-1.63177 	0.000746914 	-0.104199 	0.00352049 	
0.995	2.08763 	-0.0778347 	-1.63171 	0.000724829 	-0.104256 	0.00350946 	
1	2.08858 	-0.078182 	-1.63155 	0.000703316 	-0.104308 	0.00349824 	
1.005	2.08763 	-0.077312 	-1.63377 	0.000752101 	-0.104358 	0.00349341 	
1.01	2.08871 	-0.0776747 	-1.63371 	0.000729794 	-0.104415 	0.00348222 	
1.015	2.08966 	-0.0780249 	-1.63355 	0.000708064 	-0.104468 	0.00347083 	
1.02	2.08871 	-0.077156 	-1.63578 	0.000757178 	-0.104518 	0.00346633 	
1.025	2.0898 	-0.0775217 	-1.63571 	0.000734645 	-0.104576 	0.00345498 	
1.03	2.09075 	-0.0778748 	-1.63556 	0.000712694 	-0.104629 	0.00344341 	
1.035	2.08979 	-0.0770076 	-1.6378 	0.00076211 	-0.104679 	0.00343925 	
1.04	2.09089 	-0.0773764 	-1.63774 	0.000739348 	-0.104737 	0.00342773 	
1.045	2.09185 	-0.0777324 	-1.63758 	0.000717174 	-0.10479 	0.00341598 	
1.05	2.09088 	-0.0768674 	-1.63983 	0.000766867 	-0.10484 	0.00341216 	
1.055	2.09198 	-0.0772393 	-1.63977 	0.000743874 	-0.104899 	0.00340047 	
1.06	2.09295 	-0.0775982 	-1.63962 	0.000721476 	-0.104953 	0.00338855 	
1.065	2.09198 	-0.076736 	-1.64188 	0.000771424 	-0.105003 	0.00338507 	
1.07	2.09308 	-0.0771109 	-1.64182 	0.000748201 	-0.105062 	0.00337321 	
1.075	2.09406 	-0.0774728 	-1.64166 	0.00072558 	-0.105116 	0.00336111 	
1.08	2.09308 	-0.0766139 	-1.64394 	0.000775759 	-0.105166 	0.00335799 	
1.085	2.09419 	-0.0769918 	-1.64388 	0.000752308 	-0.105226 	0.00334595 	
1.09	2.09517 	-0.0773565 	-1.64372 	0.000729465 	-0.10528 	0.00333367 	
1.095	2.09418 	-0.0765014 	-1.64601 	0.000779854 	-0.105331 	0.00333091 	
1.1	2.0953 	-0.0768822 	-1.64595 	0.000756177 	-0.10539 	0.00331871 	
1.105	2.09628 	-0.0772497 	-1.64579 	0.000733115 	-0.105444 	0.00330625 	
1.11	2.09529 	-0.0763989 	-1.64809 	0.000783693 	-0.105495 	0.00330385 	
1.115	2.09641 	-0.0767826 	-1.64803 	0.000759794 	-0.105555 	0.00329148 	
1.12	2.0974 	-0.0771528 	-1.64787 	0.000736517 	-0.10561 	0.00327884 	
1.125	2.0964 	-0.0763067 	-1.65018 	0.000787263 	-0.105661 	0.00327682 	
1.13	2.09753 	-0.0766931 	-1.65012 	0.000763146 	-0.105721 	0.00326427 	
1.135	2.09852 	-0.0770661 	-1.64995 	0.000739657 	-0.105776 	0.00325147 	
1.14	2.09752 	-0.076225 	-1.65227 	0.000790552 	-0.105827 	0.00324981 	
1.145	2.09865 	-0.0766142 	-1.65221 	0.000766221 	-0.105887 	0.0032371 	
1.15	2.09964 	-0.0769897 	-1.65205 	0.000742525 	-0.105942 	0.00322412 	
1.155	2.09863 	-0.0761542 	-1.65437 	0.000793549 	-0.105993 	0.00322285 	
1.16	2.09977 	-0.0765459 	-1.65431 	0.00076901 	-0.106054 	0.00320997 	
1.165	2.10077 	-0.0769239 	-1.65415 	0.000745112 	-0.106109 	0.00319683 	
1.17	2.09975 	-0.0760943 	-1.65648 	0.000796244 	-0.10616 	0.00319594 	
1.175	2.10089 	-0.0764885 	-1.65642 	0.000771503 	-0.106221 	0.0031829 	
1.18	2.10189 	-0.0768689 	-1.65625 	0.000747409 	-0.106276 	0.00316959 	
1.185	2.10088 	-0.0760456 	-1.65859 	0.00079863 	-0.106327 	0.00316909 	
1.19	2.10202 	-0.0764422 	-1.65853 	0.000773693 	-0.106388 	0.00315589 	
1.195	2.10302 	-0.0768249 	-1.65836 	0.000749409 	-0.106443 	0.00314242 	
1.2	2.102 	-0.0760083 	-1.6607 	0.000800699 	-0.106495 	0.00314231 	
1.205	2.10314 	-0.0764072 	-1.66064 	0.000775572 	-0.106556 	0.00312896 	
1.21	2.10415 	-0.076792 	-1.66047 	0.000751104 	-0.106611 	0.00311532 	
1.215	2.10312 	-0.0759825 	-1.66282 	0.000802445 	-0.106663 	0.00311561 	
1.22	2.10427 	-0.0763835 	-1.66276 	0.000777134 	-0.106723 	0.00310211 	
1.225	2.10528 	-0.0767704 	-1.66259 	0.000752488 	-0.106779 	0.00308832 	
1.23	2.10425 	-0.0759682 	-1.66494 	0.000803861 	-0.10683 	0.003089 	
1.235	2.10539 	-0.0763713 	-1.66487 	0.000778374 	-0.106891 	0.00307535 	
1.24	2.1064 	-0.0767601 	-1.66471 	0.000753557 	-0.106947 	0.00306141 	
1.245	2.10537 	-0.0759657 	-1.66706 	0.000804942 	-0.106999 	0.0030625 	
1.25	2.10652 	-0.0763706 	-1.66699 	0.000779286 	-0.10706 	0.0030487 	
1.255	2.10753 	-0.0767612 	-1.66683 	0.000754305 	-0.107115 	0.00303461 	
1.26	2.10649 	-0.0759749 	-1.66918 	0.000805683 	-0.107167 	0.0030361 	
1.265	2.10764 	-0.0763816 	-1.66911 	0.000779865 	-0.107228 	0.00302217 	
1.27	2.10865 	-0.0767739 	-1.66894 	0.000754727 	-0.107283 	0.00300794 	
1.275	2.10762 	-0.0759959 	-1.67129 	0.000806079 	-0.107335 	0.00300983 	
1.28	2.10877 	-0.0764042 	-1.67123 	0.000780108 	-0.107396 	0.00299576 	
1.285	2.10978 	-0.0767981 	-1.67106 	0.000754821 	-0.107451 	0.00298139 	
1.29	2.10874 	-0.0760288 	-1.67341 	0.000806128 	-0.107503 	0.00298369 	
1.295	2.10989 	-0.0764386 	-1.67335 	0.000780011 	-0.107564 	0.00296949 	
1.3	2.1109 	-0.076834 	-1.67318 	0.000754583 	-0.107619 	0.00295498 	
1.305	2.10986 	-0.0760736 	-1.67553 	0.000805826 	-0.107671 	0.00295769 	
1.31	2.111 	-0.0764848 	-1.67547 	0.00077957 	-0.107732 	0.00294336 	
1.315	2.11201 	-0.0768815 	-1.6753 	0.000754008 	-0.107787 	0.00292873 	
1.32	2.11097 	-0.0761303 	-1.67764 	0.000805169 	-0.107838 	0.00293184 	
1.325	2.11212 	-0.0765427 	-1.67758 	0.000778784 	-0.107899 	0.00291739 	
1.33	2.11313 	-0.0769406 	-1.67741 	0.000753096 	-0.107954 	0.00290263 	
1.335	2.11209 	-0.0761989 	-1.67975 	0.000804155 	-0.108006 	0.00290615 	
1.34	2.11323 	-0.0766124 	-1.67969 	0.000777649 	-0.108066 	0.00289158 	
1.345	2.11424 	-0.0770113 	-1.67951 	0.000751845 	-0.108122 	0.0028767 	
1.35	2.1132 	-0.0762794 	-1.68185 	0.000802783 	-0.108173 	0.00288062 	
1.355	2.11434 	-0.0766939 	-1.68179 	0.000776164 	-0.108233 	0.00286594 	
1.36	2.11535 	-0.0770937 	-1.68162 	0.000750251 	-0.108288 	0.00285095 	
1.365	2.11431 	-0.0763717 	-1.68395 	0.00080105 	-0.10834 	0.00285528 	
1.37	2.11545 	-0.076787 	-1.68389 	0.000774328 	-0.1084 	0.00284049 	
1.375	2.11645 	-0.0771876 	-1.68371 	0.000748315 	-0.108455 	0.00282539 	
1.38	2.11541 	-0.0764758 	-1.68604 	0.000798955 	-0.108506 	0.00283011 	
1.385	2.11655 	-0.0768918 	-1.68598 	0.000772139 	-0.108566 	0.00281522 	
1.39	2.11755 	-0.077293 	-1.68581 	0.000746035 	-0.108621 	0.00280003 	
1.395	2.11651 	-0.0765916 	-1.68813 	0.000796499 	-0.108672 	0.00280514 	
1.4	2.11764 	-0.0770081 	-1.68806 	0.000769597 	-0.108732 	0.00279016 	
1.405	2.11864 	-0.0774098 	-1.68789 	0.000743411 	-0.108786 	0.00277487 	
1.41	2.1176 	-0.076719 	-1.6902 	0.000793679 	-0.108837 	0.00278037 	
1.415	2.11873 	-0.0771359 	-1.69014 	0.000766702 	-0.108897 	0.0027653 	
1.42	2.11973 	-0.077538 	-1.68996 	0.000740442 	-0.108951 	0.00274992 	
1.425	2.11869 	-0.076858 	-1.69227 	0.000790497 	-0.109001 	0.00275581 	
1.43	2.11982 	-0.0772751 	-1.6922 	0.000763454 	-0.109061 	0.00274065 	
1.435	2.12081 	-0.0776774 	-1.69203 	0.00073713 	-0.109115 	0.00272519 	
1.44	2.11978 	-0.0770084 	-1.69433 	0.000786953 	-0.109165 	0.00273146 	
1.445	2.1209 	-0.0774256 	-1.69426 	0.000759853 	-0.109224 	0.00271623 	
1.45	2.12188 	-0.0778279 	-1.69409 	0.000733475 	-0.109278 	0.00270069 	
1.455	2.12085 	-0.0771701 	-1.69637 	0.000783047 	-0.109328 	0.00270734 	
1.46	2.12197 	-0.0775872 	-1.6963 	0.000755902 	-0.109387 	0.00269203 	
1.465	2.12295 	-0.0779894 	-1.69613 	0.000729479 	-0.109441 	0.00267642 	
1.47	2.12192 	-0.0773429 	-1.69841 	0.000778782 	-0.109491 	0.00268344 	
1.475	2.12303 	-0.0777598 	-1.69834 	0.0007516 	-0.109549 	0.00266807 	
1.48	2.12401 	-0.0781618 	-1.69817 	0.000725142 	-0.109603 	0.0026524 	
1.485	2.12299 	-0.0775267 	-1.70043 	0.000774158 	-0.109652 	0.00265978 	
1.49	2.12409 	-0.0779432 	-1.70036 	0.00074695 	-0.10971 	0.00264435 	
1.495	2.12507 	-0.0783448 	-1.70019 	0.000720467 	-0.109763 	0.00262862 	
1.5	2.12405 	-0.0777213 	-1.70244 	0.000769178 	-0.109813 	0.00263636 	
1.505	2.12514 	-0.0781372 	-1.70237 	0.000741954 	-0.109871 	0.00262088 	
1.51	2.12611 	-0.0785383 	-1.7022 	0.000715457 	-0.109923 	0.0026051 	
1.515	2.1251 	-0.0779265 	-1.70443 	0.000763844 	-0.109972 	0.00261318 	
1.52	2.12619 	-0.0783417 	-1.70437 	0.000736616 	-0.11003 	0.00259765 	
1.525	2.12715 	-0.0787421 	-1.70419 	0.000710113 	-0.110082 	0.00258184 	
1.53	2.12614 	-0.0781421 	-1.70642 	0.00075816 	-0.110131 	0.00259026 	
1.535	2.12722 	-0.0785565 	-1.70635 	0.000730937 	-0.110188 	0.00257469 	
1.54	2.12818 	-0.0789561 	-1.70618 	0.00070444 	-0.11024 	0.00255885 	
1.545	2.12718 	-0.0783679 	-1.70838 	0.000752129 	-0.110288 	0.00256759 	
1.55	2.12825 	-0.0787813 	-1.70831 	0.000724922 	-0.110345 	0.00255199 	
1.555	2.1292 	-0.0791799 	-1.70814 	0.000698442 	-0.110397 	0.00253612 	
1.56	2.1282 	-0.0786037 	-1.71033 	0.000745754 	-0.110444 	0.00254518 	
1.565	2.12927 	-0.0790159 	-1.71026 	0.000718574 	-0.110501 	0.00252956 	
1.57	2.13021 	-0.0794134 	-1.71009 	0.000692121 	-0.110552 	0.00251367 	
1.575	2.12922 	-0.0788492 	-1.71226 	0.000739039 	-0.110599 	0.00252304 	
1.58	2.13028 	-0.0792601 	-1.71219 	0.000711898 	-0.110655 	0.0025074 	
1.585	2.13121 	-0.0796562 	-1.71202 	0.000685483 	-0.110706 	0.0024915 	
1.59	2.13023 	-0.0791041 	-1.71418 	0.00073199 	-0.110753 	0.00250117 	
1.595	2.13128 	-0.0795135 	-1.71411 	0.000704899 	-0.110809 	0.00248552 	
1.6	2.13221 	-0.0799083 	-1.71394 	0.000678532 	-0.110859 	0.00246961 	
1.605	2.13123 	-0.0793683 	-1.71608 	0.000724612 	-0.110906 	0.00247956 	
1.61	2.13227 	-0.079776 	-1.716 	0.000697581 	-0.110961 	0.00246392 	
1.615	2.13319 	-0.0801692 	-1.71584 	0.000671274 	-0.111011 	0.00244802 	
1.62	2.13222 	-0.0796414 	-1.71796 	0.000716908 	-0.111057 	0.00245824 	
1.625	2.13325 	-0.0800473 	-1.71788 	0.00068995 	-0.111112 	0.0024426 	
1.63	2.13417 	-0.0804387 	-1.71771 	0.000663714 	-0.111161 	0.00242671 	
1.635	2.13495 	-0.0807888 	-1.71747 	0.000639916 	-0.111205 	0.00241176 	
1.64	2.13343 	-0.0799883 	-1.72027 	0.000707419 	-0.11125 	0.00243103 	
1.645	2.13454 	-0.0803928 	-1.72028 	0.000680668 	-0.111307 	0.00241611 	
1.65	2.13548 	-0.0807866 	-1.72015 	0.000654299 	-0.111358 	0.00240035 	
1.655	2.13448 	-0.080262 	-1.72229 	0.000700882 	-0.111403 	0.00241189 	
1.66	2.13549 	-0.0806665 	-1.72222 	0.000673928 	-0.111456 	0.00239619 	
1.665	2.13639 	-0.0810568 	-1.72205 	0.000647669 	-0.111505 	0.00238022 	
1.67	2.13716 	-0.0814058 	-1.72181 	0.000623862 	-0.111548 	0.00236519 	
1.675	2.13567 	-0.0806441 	-1.72455 	0.000689833 	-0.111592 	0.00238509 	
1.68	2.13675 	-0.0810459 	-1.72456 	0.000663152 	-0.111648 	0.0023701 	
1.685	2.13767 	-0.0814372 	-1.72442 	0.000636855 	-0.111697 	0.00235429 	
1.69	2.13842 	-0.0817837 	-1.72418 	0.000613162 	-0.111739 	0.00233928 	
1.695	2.13691 	-0.0810216 	-1.72694 	0.000680035 	-0.111782 	0.00236023 	
1.7	2.13798 	-0.0814226 	-1.72695 	0.000653365 	-0.111838 	0.00234523 	
1.705	2.13889 	-0.0818133 	-1.72682 	0.000627058 	-0.111887 	0.00232938 	
1.71	2.13964 	-0.0821591 	-1.72657 	0.000603365 	-0.111928 	0.00231433 	
1.715	2.13814 	-0.0814197 	-1.72929 	0.000669267 	-0.111971 	0.00233555 	
1.72	2.13919 	-0.0818191 	-1.7293 	0.000642649 	-0.112025 	0.00232052 	
1.725	2.14009 	-0.0822081 	-1.72917 	0.000616398 	-0.112074 	0.00230465 	
1.73	2.14083 	-0.0825527 	-1.72892 	0.000592751 	-0.112115 	0.0022896 	
1.735	2.13935 	-0.0818376 	-1.7316 	0.000657488 	-0.112157 	0.00231102 	
1.74	2.14039 	-0.0822344 	-1.7316 	0.000630981 	-0.11221 	0.00229597 	
1.745	2.14127 	-0.082621 	-1.73147 	0.000604844 	-0.112258 	0.00228013 	
1.75	2.142 	-0.0829634 	-1.73123 	0.000581293 	-0.112298 	0.00226511 	
1.755	2.14055 	-0.0822725 	-1.73386 	0.000644833 	-0.112339 	0.00228669 	
1.76	2.14156 	-0.082666 	-1.73385 	0.000618488 	-0.112392 	0.00227168 	
1.765	2.14244 	-0.0830494 	-1.73372 	0.000592513 	-0.112439 	0.0022559 	
1.77	2.14315 	-0.0833891 	-1.73348 	0.000569104 	-0.112479 	0.00224095 	
1.775	2.14173 	-0.0827219 	-1.73606 	0.000631426 	-0.112519 	0.00226266 	
1.78	2.14272 	-0.0831115 	-1.73606 	0.000605286 	-0.112571 	0.00224771 	
1.785	2.14358 	-0.0834911 	-1.73593 	0.000579516 	-0.112617 	0.00223202 	
1.79	2.14428 	-0.0838276 	-1.73569 	0.000556286 	-0.112656 	0.00221716 	
1.795	2.14288 	-0.0831837 	-1.73822 	0.000617365 	-0.112696 	0.00223898 	
1.8	2.14386 	-0.0835689 	-1.73821 	0.000591468 	-0.112747 	0.00222411 	
1.805	2.1447 	-0.0839441 	-1.73808 	0.000565939 	-0.112792 	0.00220853 	
1.81	2.14539 	-0.0842769 	-1.73785 	0.000542922 	-0.11283 	0.0021938 	
1.815	2.14402 	-0.0836562 	-1.74033 	0.000602729 	-0.112869 	0.00221568 	
1.82	2.14497 	-0.0840364 	-1.74032 	0.00057711 	-0.112919 	0.00220093 	
1.825	2.1458 	-0.0844069 	-1.74018 	0.000551855 	-0.112963 	0.00218549 	
1.83	2.14648 	-0.0847355 	-1.73996 	0.000529081 	-0.113001 	0.00217089 	
1.835	2.14514 	-0.0841376 	-1.74238 	0.000587584 	-0.113039 	0.00219281 	
1.84	2.14607 	-0.0845125 	-1.74237 	0.000562273 	-0.113088 	0.00217818 	
1.845	2.14688 	-0.0848777 	-1.74224 	0.000537323 	-0.113131 	0.0021629 	
1.85	2.14755 	-0.0852019 	-1.74202 	0.000514818 	-0.113168 	0.00214847 	
1.855	2.14623 	-0.0846266 	-1.74439 	0.000571986 	-0.113206 	0.00217037 	
1.86	2.14714 	-0.0849957 	-1.74437 	0.000547012 	-0.113253 	0.00215589 	
1.865	2.14793 	-0.0853554 	-1.74424 	0.000522394 	-0.113295 	0.00214079 	
1.87	2.14859 	-0.0856748 	-1.74402 	0.000500185 	-0.113332 	0.00212654 	
1.875	2.14731 	-0.0851218 	-1.74634 	0.000555983 	-0.113368 	0.00214839 	
1.88	2.14819 	-0.0854847 	-1.74632 	0.000531373 	-0.113415 	0.00213408 	
1.885	2.14897 	-0.0858385 	-1.74619 	0.000507112 	-0.113456 	0.00211917 	
1.89	2.14961 	-0.0861528 	-1.74598 	0.000485223 	-0.113492 	0.00210512 	
1.895	2.14836 	-0.0856219 	-1.74824 	0.000539617 	-0.113528 	0.00212687 	
1.9	2.14922 	-0.0859784 	-1.74821 	0.000515396 	-0.113573 	0.00211274 	
1.905	2.14998 	-0.086326 	-1.74809 	0.000491519 	-0.113613 	0.00209805 	
1.91	2.15061 	-0.0866348 	-1.74788 	0.000469971 	-0.113648 	0.00208422 	
1.915	2.14939 	-0.0861258 	-1.75008 	0.000522927 	-0.113683 	0.00210582 	
1.92	2.15023 	-0.0864755 	-1.75006 	0.00049912 	-0.113727 	0.00209189 	
1.925	2.15097 	-0.0868165 	-1.74993 	0.000475651 	-0.113766 	0.00207743 	
1.93	2.15159 	-0.0871196 	-1.74973 	0.000454466 	-0.1138 	0.00206383 	
1.935	2.1504 	-0.0866322 	-1.75187 	0.000505951 	-0.113835 	0.00208523 	
1.94	2.15122 	-0.0869748 	-1.75184 	0.00048258 	-0.113877 	0.00207152 	
1.945	2.15194 	-0.087309 	-1.75172 	0.000459542 	-0.113916 	0.00205731 	
1.95	2.15254 	-0.0876062 	-1.75153 	0.000438742 	-0.113949 	0.00204395 	
1.955	2.1531 	-0.0878785 	-1.75133 	0.000419563 	-0.11398 	0.00203155 	
1.96	2.15155 	-0.0872284 	-1.75391 	0.000486236 	-0.114013 	0.00206112 	
1.965	2.1524 	-0.0875633 	-1.75394 	0.000463483 	-0.114057 	0.00204823 	
1.97	2.15312 	-0.0878931 	-1.75385 	0.000440775 	-0.114095 	0.00203439 	
1.975	2.1537 	-0.0881837 	-1.75366 	0.000420394 	-0.114127 	0.00202127 	
1.98	2.15425 	-0.0884502 	-1.75346 	0.000401602 	-0.114157 	0.0020091 	
1.985	2.15271 	-0.0878187 	-1.756 	0.000467283 	-0.114189 	0.00203884 	
1.99	2.15354 	-0.088147 	-1.75603 	0.000444946 	-0.114231 	0.00202614 	
1.995	2.15424 	-0.0884705 	-1.75594 	0.000422636 	-0.114268 	0.00201252 	
2	2.15481 	-0.0887557 	-1.75575 	0.000402611 	-0.1143 	0.00199962 	
2.005	2.15534 	-0.0890171 	-1.75556 	0.000384148 	-0.114329 	0.00198766 	
2.01	2.15386 	-0.0884211 	-1.758 	0.0004472 	-0.114359 	0.0020167 	
2.015	2.15465 	-0.0887414 	-1.75802 	0.000425359 	-0.1144 	0.00200421 	
2.02	2.15533 	-0.089057 	-1.75794 	0.00040355 	-0.114436 	0.00199086 	
2.025	2.15587 	-0.0893356 	-1.75775 	0.000383964 	-0.114466 	0.00197824 	
2.03	2.15639 	-0.089591 	-1.75757 	0.000365904 	-0.114494 	0.00196653 	
2.035	2.15497 	-0.089031 	-1.75991 	0.00042615 	-0.114524 	0.00199474 	
2.04	2.15573 	-0.089342 	-1.75992 	0.00040489 	-0.114563 	0.00198251 	
2.045	2.15638 	-0.0896486 	-1.75983 	0.000383667 	-0.114597 	0.00196948 	
2.05	2.15691 	-0.0899195 	-1.75966 	0.000364596 	-0.114626 	0.0019572 	
2.055	2.15741 	-0.0901679 	-1.75948 	0.000347011 	-0.114654 	0.0019458 	
2.06	2.15606 	-0.0896431 	-1.76171 	0.000404409 	-0.114682 	0.00197311 	
2.065	2.15678 	-0.0899438 	-1.76172 	0.0003838 	-0.114719 	0.00196118 	
2.07	2.1574 	-0.0902404 	-1.76163 	0.000363232 	-0.114752 	0.00194853 	
2.075	2.15791 	-0.0905028 	-1.76147 	0.000344739 	-0.11478 	0.00193663 	
2.08	2.15839 	-0.0907434 	-1.7613 	0.000327687 	-0.114807 	0.00192558 	
2.085	2.15884 	-0.0909638 	-1.76113 	0.00031197 	-0.114831 	0.00191533 	
2.09	2.15724 	-0.0903322 	-1.76365 	0.000379875 	-0.114858 	0.00194883 	
2.095	2.15797 	-0.0906217 	-1.7637 	0.000360117 	-0.114895 	0.00193774 	
2.1	2.15858 	-0.0909097 	-1.76364 	0.000340169 	-0.114927 	0.0019256 	
2.105	2.15907 	-0.0911625 	-1.76348 	0.000322324 	-0.114954 	0.0019141 	
2.11	2.15952 	-0.0913944 	-1.76332 	0.000305869 	-0.114979 	0.00190343 	
2.115	2.15995 	-0.0916069 	-1.76316 	0.000290701 	-0.115003 	0.00189354 	
2.12	2.15842 	-0.0910133 	-1.76556 	0.000355504 	-0.115028 	0.00192604 	
2.125	2.1591 	-0.0912913 	-1.76561 	0.000336487 	-0.115063 	0.00191528 	
2.13	2.15969 	-0.0915682 	-1.76555 	0.000317279 	-0.115093 	0.00190356 	
2.135	2.16015 	-0.0918116 	-1.7654 	0.000300086 	-0.115119 	0.00189249 	
2.14	2.16059 	-0.0920349 	-1.76525 	0.000284231 	-0.115143 	0.00188222 	
2.145	2.161 	-0.0922395 	-1.76509 	0.000269615 	-0.115165 	0.00187269 	
2.15	2.15957 	-0.0916964 	-1.76734 	0.00032993 	-0.115189 	0.00190337 	
2.155	2.1602 	-0.0919611 	-1.76737 	0.000311772 	-0.115221 	0.00189299 	
2.16	2.16075 	-0.0922249 	-1.76731 	0.000293441 	-0.11525 	0.00188178 	
2.165	2.16119 	-0.0924573 	-1.76717 	0.000277014 	-0.115274 	0.00187121 	
2.17	2.1616 	-0.0926705 	-1.76703 	0.000261865 	-0.115297 	0.00186141 	
2.175	2.16199 	-0.092866 	-1.76689 	0.000247898 	-0.115318 	0.00185231 	
2.18	2.16236 	-0.093045 	-1.76674 	0.000235028 	-0.115338 	0.00184388 	
2.185	2.16078 	-0.0924424 	-1.76914 	0.000301388 	-0.11536 	0.00187849 	
2.19	2.1614 	-0.0926918 	-1.7692 	0.000284328 	-0.115391 	0.00186897 	
2.195	2.16192 	-0.0929426 	-1.76915 	0.000266922 	-0.115419 	0.00185841 	
2.2	2.16233 	-0.0931622 	-1.76903 	0.000251386 	-0.115441 	0.00184842 	
2.205	2.16272 	-0.0933638 	-1.7689 	0.000237057 	-0.115462 	0.00183915 	
2.21	2.16308 	-0.0935487 	-1.76877 	0.000223845 	-0.115482 	0.00183056 	
2.215	2.16342 	-0.0937181 	-1.76863 	0.000211667 	-0.115501 	0.00182259 	
2.22	2.16197 	-0.0931745 	-1.77083 	0.000272494 	-0.115521 	0.00185474 	
2.225	2.16253 	-0.0934074 	-1.77088 	0.000256511 	-0.115549 	0.00184571 	
2.23	2.16302 	-0.093642 	-1.77084 	0.000240206 	-0.115574 	0.00183578 	
2.235	2.1634 	-0.093848 	-1.77072 	0.000225632 	-0.115595 	0.00182643 	
2.24	2.16376 	-0.0940372 	-1.77061 	0.000212189 	-0.115615 	0.00181775 	
2.245	2.16409 	-0.0942107 	-1.77049 	0.00019979 	-0.115633 	0.00180971 	
2.25	2.16441 	-0.0943698 	-1.77037 	0.000188361 	-0.115651 	0.00180225 	
2.255	2.16471 	-0.0945156 	-1.77025 	0.000177828 	-0.115667 	0.00179533 	
2.26	2.16321 	-0.0939551 	-1.77246 	0.00024038 	-0.115685 	0.00182904 	
2.265	2.16374 	-0.0941685 	-1.77252 	0.000225759 	-0.115711 	0.00182088 	
2.27	2.16418 	-0.0943854 	-1.77249 	0.000210699 	-0.115734 	0.00181176 	
2.275	2.16453 	-0.0945752 	-1.77239 	0.000197275 	-0.115753 	0.00180317 	
2.28	2.16486 	-0.0947496 	-1.77229 	0.000184889 	-0.115771 	0.0017952 	
2.285	2.16516 	-0.0949097 	-1.77219 	0.000173464 	-0.115788 	0.0017878 	
2.29	2.16545 	-0.0950566 	-1.77208 	0.000162927 	-0.115803 	0.00178095 	
2.295	2.16572 	-0.0951912 	-1.77198 	0.000153214 	-0.115818 	0.00177459 	
2.3	2.16597 	-0.0953145 	-1.77187 	0.000144263 	-0.115832 	0.00176869 	
2.305	2.16621 	-0.0954274 	-1.77177 	0.000136017 	-0.115845 	0.00176322 	
2.31	2.16458 	-0.0948107 	-1.77411 	0.000204157 	-0.11586 	0.00180074 	
2.315	2.16506 	-0.0950014 	-1.77419 	0.000191169 	-0.115884 	0.00179374 	
2.32	2.16547 	-0.0951984 	-1.77419 	0.000177542 	-0.115905 	0.0017856 	
2.325	2.16578 	-0.0953695 	-1.7741 	0.000165467 	-0.115922 	0.00177789 	
2.33	2.16606 	-0.0955268 	-1.77402 	0.000154321 	-0.115937 	0.00177074 	
2.335	2.16633 	-0.0956714 	-1.77393 	0.000144034 	-0.115952 	0.00176411 	
2.34	2.16659 	-0.0958042 	-1.77385 	0.000134543 	-0.115966 	0.00175797 	
2.345	2.16682 	-0.0959261 	-1.77376 	0.000125787 	-0.115979 	0.00175227 	
2.35	2.16704 	-0.096038 	-1.77368 	0.000117713 	-0.115991 	0.00174698 	
2.355	2.16725 	-0.0961405 	-1.77359 	0.000110269 	-0.116002 	0.00174208 	
2.36	2.16745 	-0.0962345 	-1.77351 	0.000103407 	-0.116013 	0.00173753 	
2.365	2.16763 	-0.0963205 	-1.77342 	9.70848e-05 	-0.116023 	0.00173332 	
2.37	2.1678 	-0.0963993 	-1.77334 	9.1261e-05 	-0.116033 	0.00172941 	
2.375	2.16613 	-0.0957665 	-1.77567 	0.000160787 	-0.116044 	0.00176841 	
2.38	2.16655 	-0.0959276 	-1.77577 	0.000149903 	-0.116065 	0.00176275 	
2.385	2.1669 	-0.0960974 	-1.77579 	0.000138221 	-0.116083 	0.00175586 	
2.39	2.16715 	-0.096244 	-1.77573 	0.000127929 	-0.116096 	0.00174934 	
2.395	2.16739 	-0.096379 	-1.77567 	0.000118421 	-0.116109 	0.00174329 	
2.4	2.16761 	-0.0965034 	-1.77561 	0.000109638 	-0.116121 	0.00173768 	
2.405	2.16782 	-0.0966178 	-1.77555 	0.000101525 	-0.116132 	0.00173248 	
2.41	2.16801 	-0.0967232 	-1.77549 	9.40332e-05 	-0.116143 	0.00172766 	
2.415	2.16819 	-0.0968201 	-1.77543 	8.71149e-05 	-0.116152 	0.00172319 	
2.42	2.16836 	-0.0969092 	-1.77537 	8.07271e-05 	-0.116162 	0.00171905 	
2.425	2.16852 	-0.0969911 	-1.77531 	7.483e-05 	-0.11617 	0.00171521 	
2.43	2.16867 	-0.0970665 	-1.77526 	6.93862e-05 	-0.116178 	0.00171164 	
2.435	2.16881 	-0.0971358 	-1.7752 	6.43606e-05 	-0.116186 	0.00170834 	
2.44	2.16894 	-0.0971994 	-1.77515 	5.97229e-05 	-0.116193 	0.00170528 	
2.445	2.16906 	-0.0972579 	-1.77509 	5.54425e-05 	-0.1162 	0.00170244 	
2.45	2.16917 	-0.0973116 	-1.77504 	5.14921e-05 	-0.116206 	0.0016998 	
2.455	2.16928 	-0.097361 	-1.77499 	4.7847e-05 	-0.116212 	0.00169736 	
2.46	2.16938 	-0.0974063 	-1.77494 	4.44837e-05 	-0.116217 	0.0016951 	
2.465	2.16947 	-0.0974479 	-1.77489 	4.13804e-05 	-0.116223 	0.001693 	
2.47	2.16956 	-0.0974861 	-1.77485 	3.85167e-05 	-0.116227 	0.00169105 	
2.475	2.16964 	-0.0975212 	-1.7748 	3.5874e-05 	-0.116232 	0.00168925 	
2.48	2.16971 	-0.0975535 	-1.77476 	3.34349e-05 	-0.116236 	0.00168758 	
2.485	2.16978 	-0.0975831 	-1.77472 	3.11833e-05 	-0.11624 	0.00168603 	
2.49	2.16985 	-0.0976104 	-1.77468 	2.91043e-05 	-0.116244 	0.00168459 	
2.495	2.16991 	-0.0976354 	-1.77464 	2.71839e-05 	-0.116248 	0.00168326 	
2.5	2.16997 	-0.0976585 	-1.77461 	2.54095e-05 	-0.116251 	0.00168202 	
2.505	2.17002 	-0.0976798 	-1.77457 	2.37692e-05 	-0.116254 	0.00168087 	
2.51	2.17007 	-0.0976994 	-1.77454 	2.22514e-05 	-0.116257 	0.00167981 	
2.515	2.17012 	-0.0977176 	-1.77451 	2.08455e-05 	-0.116259 	0.00167883 	
2.52	2.17016 	-0.0977345 	-1.77449 	1.95439e-05 	-0.116262 	0.00167792 	
2.525	2.1702 	-0.09775 	-1.77446 	1.83391e-05 	-0.116264 	0.00167707 	
2.53	2.17024 	-0.0977644 	-1.77444 	1.7227e-05 	-0.116266 	0.00167629 	
2.535	2.17028 	-0.0977775 	-1.77442 	1.62045e-05 	-0.116268 	0.00167557 	
2.54	2.17031 	-0.0977894 	-1.7744 	1.52681e-05 	-0.11627 	0.0016749 	
2.545	2.17035 	-0.0978003 	-1.77438 	1.44149e-05 	-0.116272 	0.00167429 	
2.55	2.17038 	-0.09781 	-1.77436 	1.36422e-05 	-0.116274 	0.00167373 	
2.555	2.17041 	-0.0978185 	-1.77434 	1.29478e-05 	-0.116275 	0.00167322 	
2.56	2.17045 	-0.097826 	-1.77433 	1.23293e-05 	-0.116277 	0.00167275 	
2.565	2.17048 	-0.0978325 	-1.77431 	1.17847e-05 	-0.116279 	0.00167233 	
2.57	2.17052 	-0.0978378 	-1.7743 	1.1312e-05 	-0.116281 	0.00167195 	
2.575	2.17055 	-0.0978421 	-1.77429 	1.09094e-05 	-0.116282 	0.0016716 	
2.58	2.17059 	-0.0978454 	-1.77428 	1.05754e-05 	-0.116284 	0.0016713 	
2.585	2.17063 	-0.0978477 	-1.77426 	1.03083e-05 	-0.116286 	0.00167104 	
2.59	2.17067 	-0.0978489 	-1.77425 	1.01068e-05 	-0.116287 	0.00167081 	
2.595	2.17072 	-0.0978492 	-1.77424 	9.96946e-06 	-0.116289 	0.00167061 	
2.6	2.17076 	-0.0978484 	-1.77423 	9.89583e-06 	-0.116291 	0.00167044 	
2.605	2.17081 	-0.0978466 	-1.77422 	9.88686e-06 	-0.116293 	0.00167031 	
2.61	2.17086 	-0.0978438 	-1.77422 	9.94055e-06 	-0.116295 	0.00167021 	
2.615	2.16981 	-0.0959919 	-1.77574 	0.000130719 	-0.116299 	0.00169466 	
2.62	2.17001 	-0.0961263 	-1.77583 	0.000122163 	-0.116311 	0.00169095 	
2.625	2.17019 	-0.0962911 	-1.77588 	0.000111819 	-0.11632 	0.00168587 	
2.63	2.17033 	-0.0964317 	-1.77589 	0.000103029 	-0.116327 	0.00168129 	
2.635	2.17046 	-0.0965606 	-1.77589 	9.49592e-05 	-0.116333 	0.00167708 	
2.64	2.17059 	-0.0966785 	-1.7759 	8.75613e-05 	-0.11634 	0.0016732 	
2.645	2.17073 	-0.0967863 	-1.77591 	8.07894e-05 	-0.116346 	0.00166963 	
2.65	2.17086 	-0.0968846 	-1.77591 	7.46012e-05 	-0.116352 	0.00166636 	
2.655	2.17099 	-0.096974 	-1.77591 	6.89573e-05 	-0.116358 	0.00166336 	
2.66	2.17112 	-0.0970551 	-1.77592 	6.38212e-05 	-0.116364 	0.0016606 	
2.665	2.17125 	-0.0971285 	-1.77592 	5.91594e-05 	-0.11637 	0.00165809 	
2.67	2.17138 	-0.0971947 	-1.77592 	5.49404e-05 	-0.116376 	0.00165579 	
2.675	2.17151 	-0.097254 	-1.77592 	5.11352e-05 	-0.116381 	0.0016537 	
2.68	2.17165 	-0.0973071 	-1.77592 	4.7717e-05 	-0.116387 	0.0016518 	
2.685	2.17178 	-0.0973542 	-1.77592 	4.46609e-05 	-0.116393 	0.00165007 	
2.69	2.17192 	-0.0973957 	-1.77592 	4.19436e-05 	-0.116398 	0.00164852 	
2.695	2.17315 	-0.0945258 	-1.77474 	0.000171652 	-0.116405 	0.00161872 	
2.7	2.17326 	-0.0947105 	-1.77475 	0.000160912 	-0.116411 	0.00161402 	
2.705	2.17333 	-0.0949223 	-1.77474 	0.000148606 	-0.116415 	0.00160879 	
2.71	2.17339 	-0.0951025 	-1.77471 	0.000138103 	-0.116419 	0.00160429 	
2.715	2.17346 	-0.0952672 	-1.77469 	0.000128499 	-0.116423 	0.00160017 	
2.72	2.17354 	-0.0954173 	-1.77467 	0.000119734 	-0.116427 	0.0015964 	
2.725	2.17362 	-0.0955539 	-1.77465 	0.000111748 	-0.116431 	0.00159295 	
2.73	2.17372 	-0.0956778 	-1.77463 	0.000104488 	-0.116436 	0.00158981 	
2.735	2.17382 	-0.0957901 	-1.77462 	9.79049e-05 	-0.11644 	0.00158694 	
2.74	2.17393 	-0.0958914 	-1.7746 	9.19513e-05 	-0.116445 	0.00158433 	
2.745	2.17405 	-0.0959825 	-1.77458 	8.65848e-05 	-0.11645 	0.00158197 	
2.75	2.1755 	-0.0930256 	-1.77311 	0.000216197 	-0.116456 	0.00154588 	
2.755	2.1756 	-0.0932566 	-1.77311 	0.000203136 	-0.116462 	0.00154058 	
2.76	2.17564 	-0.0935098 	-1.77308 	0.000188721 	-0.116465 	0.00153482 	
2.765	2.17569 	-0.0937266 	-1.77304 	0.000176334 	-0.116468 	0.00152984 	
2.77	2.17574 	-0.0939243 	-1.77301 	0.000165022 	-0.116471 	0.00152528 	
2.775	2.17581 	-0.0941045 	-1.77297 	0.000154707 	-0.116475 	0.00152111 	
2.78	2.17589 	-0.0942683 	-1.77294 	0.00014532 	-0.116479 	0.00151731 	
2.785	2.17598 	-0.0944169 	-1.77291 	0.000136797 	-0.116484 	0.00151385 	
2.79	2.17609 	-0.0945512 	-1.77288 	0.000129078 	-0.116488 	0.0015107 	
2.795	2.17755 	-0.0916046 	-1.77136 	0.000257551 	-0.116494 	0.00147325 	
2.8	2.17765 	-0.0918735 	-1.77135 	0.000242443 	-0.1165 	0.00146728 	
2.805	2.1777 	-0.0921615 	-1.77131 	0.000226155 	-0.116503 	0.00146089 	
2.81	2.17774 	-0.0924095 	-1.77126 	0.000212079 	-0.116506 	0.00145534 	
2.815	2.17779 	-0.0926357 	-1.77121 	0.000199227 	-0.116509 	0.00145027 	
2.82	2.17786 	-0.0928417 	-1.77116 	0.000187514 	-0.116513 	0.00144563 	
2.825	2.17795 	-0.0930289 	-1.77112 	0.000176858 	-0.116518 	0.0014414 	
2.83	2.17805 	-0.0931987 	-1.77108 	0.000167187 	-0.116523 	0.00143754 	
2.835	2.17955 	-0.0902108 	-1.76952 	0.000297173 	-0.116528 	0.00139871 	
2.84	2.17966 	-0.0905136 	-1.7695 	0.000280203 	-0.116534 	0.00139204 	
2.845	2.1797 	-0.0908334 	-1.76945 	0.000262162 	-0.116538 	0.00138501 	
2.85	2.17975 	-0.0911099 	-1.76939 	0.000246515 	-0.116541 	0.00137888 	
2.855	2.17981 	-0.091362 	-1.76934 	0.000232231 	-0.116545 	0.00137327 	
2.86	2.17989 	-0.0915916 	-1.76929 	0.000219213 	-0.116549 	0.00136815 	
2.865	2.17999 	-0.0918003 	-1.76924 	0.000207372 	-0.116554 	0.00136347 	
2.87	2.18146 	-0.0889123 	-1.76769 	0.000332607 	-0.11656 	0.00132472 	
2.875	2.18156 	-0.0892447 	-1.76767 	0.000313982 	-0.116566 	0.00131742 	
2.88	2.18162 	-0.0895906 	-1.76762 	0.000294483 	-0.11657 	0.00130983 	
2.885	2.18167 	-0.0898912 	-1.76755 	0.000277495 	-0.116574 	0.00130317 	
2.89	2.18174 	-0.0901653 	-1.76749 	0.000261987 	-0.116578 	0.00129708 	
2.895	2.18183 	-0.0904149 	-1.76744 	0.000247854 	-0.116583 	0.00129152 	
2.9	2.1832 	-0.0877622 	-1.76598 	0.000362317 	-0.116588 	0.00125427 	
2.905	2.18331 	-0.0881187 	-1.76595 	0.000342319 	-0.116595 	0.00124644 	
2.91	2.18336 	-0.0884842 	-1.76588 	0.000321722 	-0.116599 	0.00123841 	
2.915	2.18342 	-0.0888036 	-1.76582 	0.000303682 	-0.116603 	0.00123133 	
2.92	2.1835 	-0.0890949 	-1.76576 	0.000287216 	-0.116608 	0.00122485 	
2.925	2.18361 	-0.0893601 	-1.7657 	0.00027221 	-0.116613 	0.00121893 	
2.93	2.18506 	-0.0865598 	-1.76416 	0.000393124 	-0.116619 	0.00117966 	
2.935	2.18518 	-0.0869382 	-1.76412 	0.000371918 	-0.116626 	0.00117133 	
2.94	2.18525 	-0.0873258 	-1.76406 	0.000350094 	-0.116631 	0.00116279 	
2.945	2.18532 	-0.0876643 	-1.76399 	0.000330985 	-0.116635 	0.00115527 	
2.95	2.18541 	-0.087973 	-1.76393 	0.000313543 	-0.11664 	0.00114839 	
2.955	2.18552 	-0.088254 	-1.76387 	0.000297649 	-0.116646 	0.0011421 	
2.96	2.18707 	-0.0852762 	-1.76223 	0.000426336 	-0.116653 	0.00110047 	
2.965	2.18721 	-0.0856785 	-1.7622 	0.000403817 	-0.11666 	0.00109159 	
2.97	2.18728 	-0.0860903 	-1.76214 	0.000380645 	-0.116666 	0.00108249 	
2.975	2.18736 	-0.0864497 	-1.76206 	0.000360364 	-0.11667 	0.00107449 	
2.98	2.18746 	-0.0867774 	-1.762 	0.000341849 	-0.116676 	0.00106716 	
2.985	2.18884 	-0.0841817 	-1.76052 	0.00045317 	-0.116682 	0.00102843 	
2.99	2.18897 	-0.0846054 	-1.76047 	0.000429409 	-0.116689 	0.00101906 	
2.995	2.18904 	-0.0850326 	-1.7604 	0.000405364 	-0.116695 	0.00100959 	
3	2.18913 	-0.0854079 	-1.76033 	0.00038419 	-0.1167 	0.00100121 	
3.005	2.18924 	-0.0857502 	-1.76026 	0.000364859 	-0.116706 	0.000993527 	
3.01	2.19066 	-0.0830883 	-1.75874 	0.000479044 	-0.116712 	0.00095371 	
3.015	2.1908 	-0.0835286 	-1.7587 	0.000454358 	-0.11672 	0.000943934 	
3.02	2.19088 	-0.083972 	-1.75863 	0.000429407 	-0.116726 	0.000934077 	
3.025	2.19098 	-0.0843617 	-1.75855 	0.000407431 	-0.116731 	0.000925341 	
3.03	2.1911 	-0.084717 	-1.75848 	0.000387368 	-0.116738 	0.00091734 	
3.035	2.19258 	-0.0819495 	-1.7569 	0.000506178 	-0.116745 	0.000876041 	
3.04	2.19273 	-0.0824073 	-1.75686 	0.000480527 	-0.116753 	0.00086584 	
3.045	2.19282 	-0.0828682 	-1.75679 	0.000454603 	-0.116759 	0.000855561 	
3.05	2.19292 	-0.083273 	-1.75671 	0.000431774 	-0.116765 	0.000846452 	
3.055	2.19305 	-0.0836423 	-1.75664 	0.000410931 	-0.116771 	0.000838108 	
3.06	2.19459 	-0.0807704 	-1.755 	0.000534308 	-0.116779 	0.000795321 	
3.065	2.19475 	-0.0812465 	-1.75497 	0.00050765 	-0.116788 	0.000784676 	
3.07	2.19486 	-0.0817255 	-1.7549 	0.000480712 	-0.116794 	0.000773955 	
3.075	2.19496 	-0.0821461 	-1.75482 	0.000456994 	-0.1168 	0.000764456 	
3.08	2.1951 	-0.0825299 	-1.75475 	0.000435335 	-0.116807 	0.000755752 	
3.085	2.19669 	-0.0795588 	-1.75305 	0.000563058 	-0.116815 	0.000711524 	
3.09	2.19686 	-0.0800533 	-1.75302 	0.000535373 	-0.116824 	0.000700421 	
3.095	2.19697 	-0.0805508 	-1.75295 	0.000507409 	-0.116831 	0.000689249 	
3.1	2.19709 	-0.0809876 	-1.75287 	0.000482785 	-0.116837 	0.00067935 	
3.105	2.19843 	-0.0785842 	-1.75142 	0.000584782 	-0.116844 	0.000639783 	
3.11	2.19858 	-0.0790957 	-1.75136 	0.00055609 	-0.116853 	0.000628274 	
3.115	2.19869 	-0.0796022 	-1.75129 	0.000527602 	-0.11686 	0.00061686 	
3.12	2.1988 	-0.0800504 	-1.75121 	0.000502345 	-0.116866 	0.000606672 	
3.125	2.20016 	-0.0776504 	-1.74976 	0.000604157 	-0.116873 	0.000566861 	
3.13	2.20031 	-0.0781719 	-1.74971 	0.000574905 	-0.116882 	0.000555085 	
3.135	2.20043 	-0.0786877 	-1.74963 	0.0005459 	-0.116889 	0.000543422 	
3.14	2.20056 	-0.0791443 	-1.74955 	0.000520175 	-0.116896 	0.000533005 	
3.145	2.20194 	-0.0766945 	-1.74807 	0.000624185 	-0.116904 	0.000492455 	
3.15	2.2021 	-0.0772263 	-1.74802 	0.000594365 	-0.116913 	0.000480405 	
3.155	2.20223 	-0.0777523 	-1.74795 	0.000564796 	-0.11692 	0.000468472 	
3.16	2.20236 	-0.0782177 	-1.74787 	0.000538574 	-0.116927 	0.000457815 	
3.165	2.20378 	-0.0757162 	-1.74636 	0.00064487 	-0.116935 	0.00041649 	
3.17	2.20395 	-0.0762589 	-1.74632 	0.00061445 	-0.116945 	0.00040415 	
3.175	2.20408 	-0.0767956 	-1.74625 	0.000584284 	-0.116952 	0.000391932 	
3.18	2.20422 	-0.0772705 	-1.74617 	0.000557534 	-0.11696 	0.000381022 	
3.185	2.20567 	-0.07472 	-1.74463 	0.000665988 	-0.116968 	0.00033894 	
3.19	2.20585 	-0.0752739 	-1.74459 	0.000634947 	-0.116978 	0.000326301 	
3.195	2.20599 	-0.0758217 	-1.74452 	0.000604166 	-0.116986 	0.00031379 	
3.2	2.20613 	-0.0763063 	-1.74444 	0.000576872 	-0.116993 	0.000302618 	
3.205	2.20761 	-0.07371 	-1.74288 	0.000687343 	-0.117002 	0.000259807 	
3.21	2.2078 	-0.0742753 	-1.74284 	0.000655675 	-0.117012 	0.000246864 	
3.215	2.20794 	-0.0748342 	-1.74277 	0.000624274 	-0.11702 	0.000234057 	
3.22	2.20809 	-0.0753287 	-1.74269 	0.000596428 	-0.117028 	0.000222618 	
3.225	2.20959 	-0.0726897 	-1.7411 	0.000708783 	-0.117036 	0.000179113 	
3.23	2.20978 	-0.0732662 	-1.74106 	0.00067649 	-0.117047 	0.000165865 	
3.235	2.20993 	-0.0738362 	-1.741 	0.000644474 	-0.117055 	0.00015276 	
3.24	2.21009 	-0.0743405 	-1.74092 	0.000616079 	-0.117063 	0.000141055 	
3.245	2.21161 	-0.0716618 	-1.73931 	0.000730188 	-0.117072 	9.6892e-05 	
3.25	2.21181 	-0.0722494 	-1.73927 	0.00069728 	-0.117082 	8.33408e-05 	
3.255	2.21197 	-0.0728302 	-1.73921 	0.000664659 	-0.117091 	6.99418e-05 	
3.26	2.21213 	-0.0733442 	-1.73914 	0.000635725 	-0.117099 	5.79722e-05 	
3.265	2.21367 	-0.0706287 	-1.7375 	0.000751463 	-0.117108 	1.31898e-05 	
3.27	2.21388 	-0.0712271 	-1.73747 	0.000717955 	-0.117119 	-6.59992e-07 	
3.275	2.21404 	-0.0718185 	-1.7374 	0.000684747 	-0.117128 	-1.43486e-05 	
3.28	2.2142 	-0.0723419 	-1.73733 	0.000655287 	-0.117136 	-2.65788e-05 	
3.285	2.21577 	-0.0695925 	-1.73567 	0.000772531 	-0.117145 	-7.19388e-05 	
3.29	2.21598 	-0.0702014 	-1.73564 	0.000738444 	-0.117156 	-8.60809e-05 	
3.295	2.21614 	-0.070803 	-1.73558 	0.000704669 	-0.117165 	-0.000100053 	
3.3	2.21631 	-0.0713355 	-1.73551 	0.000674701 	-0.117174 	-0.000112538 	
3.305	2.2179 	-0.0685551 	-1.73384 	0.000793328 	-0.117183 	-0.000158433 	
3.31	2.21812 	-0.069174 	-1.73381 	0.000758687 	-0.117194 	-0.000172859 	
3.315	2.21828 	-0.0697854 	-1.73375 	0.000724369 	-0.117203 	-0.000187106 	
3.32	2.21845 	-0.0703266 	-1.73368 	0.000693913 	-0.117212 	-0.000199839 	
3.325	2.22005 	-0.067518 	-1.73199 	0.000813801 	-0.117221 	-0.000246225 	
3.33	2.22028 	-0.0681465 	-1.73196 	0.000778632 	-0.117232 	-0.000260927 	
3.335	2.22045 	-0.0687672 	-1.73191 	0.000743798 	-0.117242 	-0.00027544 	
3.34	2.22063 	-0.0693167 	-1.73184 	0.000712878 	-0.117251 	-0.000288414 	
3.345	2.22224 	-0.0664829 	-1.73013 	0.000833906 	-0.11726 	-0.000335246 	
3.35	2.22247 	-0.0671203 	-1.73011 	0.000798238 	-0.117272 	-0.000350213 	
3.355	2.22265 	-0.0677498 	-1.73006 	0.000762916 	-0.117281 	-0.000364982 	
3.36	2.22283 	-0.0683073 	-1.72999 	0.000731556 	-0.11729 	-0.000378187 	
3.365	2.22445 	-0.0654511 	-1.72827 	0.000853603 	-0.117299 	-0.000425419 	
3.37	2.22469 	-0.066097 	-1.72825 	0.000817466 	-0.117311 	-0.000440641 	
3.375	2.22487 	-0.0667347 	-1.7282 	0.000781687 	-0.117321 	-0.000455655 	
3.38	2.22505 	-0.0672996 	-1.72814 	0.000749914 	-0.11733 	-0.000469082 	
3.385	2.22669 	-0.0644239 	-1.7264 	0.000872856 	-0.117339 	-0.000516669 	
3.39	2.22693 	-0.0650777 	-1.72639 	0.000836282 	-0.117351 	-0.000532133 	
3.395	2.22711 	-0.0657231 	-1.72634 	0.000800078 	-0.117361 	-0.000547381 	
3.4	2.2273 	-0.066295 	-1.72628 	0.000767919 	-0.11737 	-0.000561018 	
3.405	2.22895 	-0.0634026 	-1.72453 	0.000891635 	-0.117379 	-0.000608914 	
3.41	2.22919 	-0.0640637 	-1.72452 	0.000854657 	-0.117392 	-0.000624608 	
3.415	2.22938 	-0.0647163 	-1.72447 	0.000818059 	-0.117402 	-0.000640077 	
3.42	2.22957 	-0.0652945 	-1.72442 	0.000785544 	-0.117411 	-0.000653915 	
3.425	2.23123 	-0.0623885 	-1.72266 	0.00090991 	-0.11742 	-0.000702071 	
3.43	2.23148 	-0.0630563 	-1.72265 	0.000872563 	-0.117433 	-0.000717983 	
3.435	2.23167 	-0.0637153 	-1.72261 	0.000835605 	-0.117443 	-0.00073366 	
3.44	2.23186 	-0.0642995 	-1.72256 	0.000802763 	-0.117452 	-0.000747688 	
3.445	2.23352 	-0.0613827 	-1.72079 	0.000927654 	-0.117461 	-0.000796058 	
3.45	2.23378 	-0.0620565 	-1.72079 	0.000889973 	-0.117474 	-0.000812173 	
3.455	2.23397 	-0.0627214 	-1.72075 	0.000852691 	-0.117484 	-0.000828045 	
3.46	2.23416 	-0.0633109 	-1.7207 	0.000819551 	-0.117493 	-0.00084225 	
3.465	2.23583 	-0.0603862 	-1.71893 	0.000944845 	-0.117503 	-0.000890787 	
3.47	2.23609 	-0.0610654 	-1.71893 	0.000906864 	-0.117516 	-0.000907091 	
3.475	2.23629 	-0.0617357 	-1.71889 	0.000869292 	-0.117526 	-0.000923144 	
3.48	2.23648 	-0.06233 	-1.71884 	0.000835886 	-0.117535 	-0.000937515 	
3.485	2.23816 	-0.0594003 	-1.71707 	0.000961457 	-0.117545 	-0.00098617 	
3.49	2.23842 	-0.0600843 	-1.71708 	0.000923214 	-0.117557 	-0.00100265 	
3.495	2.23862 	-0.0607592 	-1.71704 	0.000885388 	-0.117568 	-0.00101887 	
3.5	2.23882 	-0.0613577 	-1.717 	0.000851747 	-0.117577 	-0.00103339 	
3.505	2.24049 	-0.058426 	-1.71522 	0.000977469 	-0.117587 	-0.00108212 	
3.51	2.24075 	-0.0591141 	-1.71523 	0.000939001 	-0.1176 	-0.00109876 	
3.515	2.24096 	-0.0597929 	-1.7152 	0.000900957 	-0.11761 	-0.00111513 	
3.52	2.24116 	-0.0603952 	-1.71516 	0.000867114 	-0.117619 	-0.00112979 	
3.525	2.24283 	-0.0574643 	-1.71339 	0.000992862 	-0.117629 	-0.00117854 	
3.53	2.2431 	-0.0581558 	-1.7134 	0.000954205 	-0.117642 	-0.00119532 	
3.535	2.2433 	-0.058838 	-1.71337 	0.00091598 	-0.117652 	-0.00121183 	
3.54	2.24351 	-0.0594433 	-1.71333 	0.000881967 	-0.117662 	-0.00122662 	
3.545	2.24518 	-0.0565163 	-1.71156 	0.00100762 	-0.117672 	-0.00127535 	
3.55	2.24545 	-0.0572105 	-1.71157 	0.000968808 	-0.117684 	-0.00129226 	
3.555	2.24566 	-0.0578953 	-1.71155 	0.000930439 	-0.117695 	-0.00130889 	
3.56	2.24586 	-0.0585031 	-1.71151 	0.000896289 	-0.117705 	-0.00132379 	
3.565	2.24754 	-0.0555829 	-1.70975 	0.00102171 	-0.117714 	-0.00137245 	
3.57	2.24781 	-0.0562791 	-1.70976 	0.000982791 	-0.117727 	-0.00138947 	
3.575	2.24801 	-0.0569659 	-1.70974 	0.000944317 	-0.117737 	-0.0014062 	
3.58	2.24822 	-0.0575756 	-1.70971 	0.000910063 	-0.117747 	-0.0014212 	
3.585	2.24989 	-0.054665 	-1.70795 	0.00103513 	-0.117757 	-0.00146974 	
3.59	2.25016 	-0.0553626 	-1.70797 	0.000996139 	-0.11777 	-0.00148686 	
3.595	2.25037 	-0.0560507 	-1.70795 	0.000957596 	-0.11778 	-0.00150368 	
3.6	2.25058 	-0.0566617 	-1.70793 	0.000923272 	-0.11779 	-0.00151876 	
3.605	2.25224 	-0.0537636 	-1.70617 	0.00104786 	-0.117799 	-0.00156714 	
3.61	2.25252 	-0.0544618 	-1.7062 	0.00100883 	-0.117812 	-0.00158433 	
3.615	2.25273 	-0.0551505 	-1.70618 	0.000970262 	-0.117823 	-0.00160122 	
3.62	2.25294 	-0.0557623 	-1.70616 	0.000935901 	-0.117833 	-0.00161637 	
3.625	2.2546 	-0.0528797 	-1.70441 	0.00105989 	-0.117842 	-0.00166454 	
3.63	2.25487 	-0.0535778 	-1.70444 	0.00102086 	-0.117855 	-0.00168179 	
3.635	2.25508 	-0.0542664 	-1.70443 	0.000982299 	-0.117866 	-0.00169874 	
3.64	2.2553 	-0.0548783 	-1.70441 	0.000947936 	-0.117875 	-0.00171394 	
3.645	2.25694 	-0.052014 	-1.70268 	0.00107119 	-0.117885 	-0.00176186 	
3.65	2.25722 	-0.0527114 	-1.7027 	0.00103221 	-0.117898 	-0.00177914 	
3.655	2.25743 	-0.0533992 	-1.7027 	0.000993695 	-0.117908 	-0.00179613 	
3.66	2.25765 	-0.0540106 	-1.70268 	0.000959363 	-0.117918 	-0.00181137 	
3.665	2.25928 	-0.0511674 	-1.70096 	0.00108176 	-0.117927 	-0.00185898 	
3.67	2.25955 	-0.0518633 	-1.70099 	0.00104287 	-0.11794 	-0.00187629 	
3.675	2.25976 	-0.052547 	-1.701 	0.00100459 	-0.11795 	-0.00189329 	
3.68	1.89731 	0.179245 	-0.945028 	-0.022941 	-0.0803213 	-0.00459715 	
3.685	0.80102 	0.887702 	1.32763 	-0.0943447 	0.0327134 	-0.0139147 	
3.69	0.491475 	1.09765 	1.94385 	-0.112672 	0.0637035 	-0.0187538 	
3.695	-0.364024 	1.61848 	3.72618 	-0.170169 	0.152841 	-0.0225436 	
3.7	-0.600749 	1.77069 	4.22279 	-0.185926 	0.177645 	-0.0242808 	
3.705	-1.40083 	2.27539 	5.87677 	-0.23861 	0.259988 	-0.0302714 	
3.71	-1.50054 	2.33039 	6.08744 	-0.245674 	0.27071 	-0.0300803 	
3.715	-2.24943 	2.78588 	7.64706 	-0.295956 	0.349124 	-0.0333893 	
3.72	-2.32727 	2.84055 	7.81361 	-0.301087 	0.357575 	-0.0343119 	
3.725	-3.0818 	3.32004 	9.36312 	-0.350267 	0.435043 	-0.0409549 	
3.73	-3.05593 	3.36916 	9.30408 	-0.345578 	0.432737 	-0.0476387 	
3.735	-3.59912 	3.87437 	10.4203 	-0.374202 	0.490152 	-0.0682428 	
3.74	-3.48725 	3.84673 	10.2491 	-0.368623 	0.4816 	-0.068945 	
3.745	-4.01626 	4.34176 	11.5224 	-0.407128 	0.54565 	-0.0805577 	
3.75	-3.70012 	4.15229 	10.9724 	-0.391988 	0.517359 	-0.0743769 	
3.755	-3.68856 	4.24179 	11.2989 	-0.407442 	0.531734 	-0.0674433 	
3.76	-3.19857 	3.91919 	10.3545 	-0.379826 	0.483389 	-0.0592862 	
3.765	-2.65187 	3.60749 	9.49119 	-0.357928 	0.437329 	-0.0459973 	
3.77	-2.22133 	3.3297 	8.6814 	-0.334548 	0.395681 	-0.0384576 	
3.775	-1.71268 	3.05815 	7.94494 	-0.317222 	0.355586 	-0.0247774 	
3.78	-1.31214 	2.8164 	7.25334 	-0.298309 	0.319394 	-0.0165071 	
3.785	-0.854925 	2.58197 	6.62331 	-0.284157 	0.28467 	-0.00365832 	
3.79	-0.626641 	2.38879 	6.01456 	-0.263326 	0.255178 	-0.00358146 	
3.795	-0.41493 	2.20977 	5.45038 	-0.244018 	0.227845 	-0.00350584 	
3.8	-0.218601 	2.04386 	4.92749 	-0.226121 	0.202514 	-0.00343208 	
3.805	-0.048553 	1.9625 	4.53531 	-0.211604 	0.182886 	-0.00662857 	
3.81	0.0851776 	2.03454 	4.36255 	-0.202523 	0.172634 	-0.0161055 	
3.815	0.0699189 	2.11193 	4.60239 	-0.212723 	0.183254 	-0.0130711 	
3.82	-0.29474 	2.6216 	6.141 	-0.270373 	0.254859 	-0.00629466 	
3.825	-0.283361 	2.64036 	6.21323 	-0.274089 	0.257896 	-0.00423339 	
3.83	-0.632299 	3.07986 	7.54643 	-0.323287 	0.320484 	0.00049237 	
3.835	-0.600241 	3.04307 	7.45387 	-0.320386 	0.316194 	0.00113989 	
3.84	-0.930443 	3.39458 	8.5357 	-0.359284 	0.36787 	0.0035035 	
3.845	-0.87702 	3.32028 	8.33107 	-0.352067 	0.358461 	0.00347329 	
3.85	-1.18735 	3.60843 	9.2308 	-0.383657 	0.402128 	0.00435025 	
3.855	-1.1134 	3.5092 	8.95015 	-0.373651 	0.389128 	0.00406443 	
3.86	-1.4046 	3.75285 	9.72073 	-0.400175 	0.427025 	0.0040579 	
3.865	-1.31307 	3.63648 	9.38688 	-0.38829 	0.41145 	0.00369915 	
3.87	-1.5886 	3.84914 	10.0668 	-0.411308 	0.445259 	0.00314136 	
3.875	-1.48415 	3.72198 	9.6956 	-0.398064 	0.427857 	0.00263186 	
3.88	-1.73278 	3.9151 	10.2894 	-0.417671 	0.457495 	0.00108892 	
3.885	-1.45466 	3.66434 	9.4407 	-0.386731 	0.416606 	-0.00238463 	
3.89	-1.20386 	3.46393 	8.72018 	-0.360365 	0.381545 	-0.00591923 	
3.895	-0.950409 	3.20627 	7.95806 	-0.333956 	0.344964 	-0.00569915 	
3.9	-0.715283 	2.96749 	7.25177 	-0.309478 	0.311063 	-0.00548732 	
3.905	-0.497176 	2.7462 	6.5972 	-0.28679 	0.279645 	-0.00528444 	
3.91	-0.290701 	2.51977 	6.06172 	-0.270729 	0.253592 	0.000397957 	
3.915	-0.090877 	2.26719 	5.70775 	-0.265782 	0.235574 	0.0166452 	
3.92	0.0844223 	2.07965 	5.29495 	-0.254329 	0.215188 	0.022958 	
3.925	0.25203 	1.87058 	5.17092 	-0.259866 	0.207347 	0.0443128 	
3.93	0.403555 	1.71108 	4.80311 	-0.249242 	0.189246 	0.0490127 	
3.935	0.551266 	1.52732 	4.72267 	-0.255743 	0.183555 	0.0691194 	
3.94	0.681781 	1.39252 	4.38989 	-0.245587 	0.167272 	0.072186 	
3.945	0.811512 	1.23079 	4.34622 	-0.252846 	0.163411 	0.0911248 	
3.95	0.923692 	1.11734 	4.04278 	-0.243036 	0.148663 	0.092727 	
3.955	1.03765 	0.974577 	4.03092 	-0.250948 	0.146387 	0.110655 	
3.96	1.13385 	0.879612 	3.75201 	-0.241388 	0.132933 	0.110946 	
3.965	1.234 	0.753156 	3.76784 	-0.249876 	0.132037 	0.128012 	
3.97	1.31629 	0.67416 	3.50954 	-0.240494 	0.119678 	0.127138 	
3.975	1.4044 	0.561718 	3.5495 	-0.249491 	0.119983 	0.143469 	
3.98	1.47462 	0.496461 	3.30892 	-0.240259 	0.108568 	0.141588 	
3.985	1.55218 	0.39619 	3.369 	-0.249651 	0.109879 	0.15724 	
3.99	1.61192 	0.3428 	3.14329 	-0.240523 	0.0992632 	0.154466 	
3.995	1.68027 	0.253018 	3.22071 	-0.250251 	0.101442 	0.169529 	
4	1.73091 	0.20988 	3.00745 	-0.241189 	0.0915011 	0.165963 	
4.005	1.79124 	0.129138 	3.09983 	-0.251207 	0.0944283 	0.180514 	
4.01	1.83398 	0.0948582 	2.89696 	-0.24218 	0.0850556 	0.176246 	
4.015	1.81644 	0.226857 	3.18815 	-0.253066 	0.0969524 	0.1759 	
4.02	1.48575 	1.07587 	4.0257 	-0.264636 	0.135767 	0.122304 	
4.025	1.08742 	1.75794 	5.51561 	-0.329875 	0.205801 	0.121411 	
4.03	1.17454 	1.62526 	4.98782 	-0.305693 	0.182077 	0.112331 	
4.035	1.2554 	1.50228 	4.49865 	-0.283277 	0.160089 	0.103919 	
4.04	1.33043 	1.38831 	4.04526 	-0.2625 	0.139711 	0.0961276 	
4.045	1.40005 	1.28269 	3.62503 	-0.243242 	0.120825 	0.0889091 	
4.05	1.46464 	1.1848 	3.23551 	-0.225391 	0.103322 	0.0822213 	
4.055	1.52457 	1.09408 	2.87447 	-0.208846 	0.0870988 	0.0760248 	
4.06	1.57995 	1.01139 	2.54093 	-0.19353 	0.0721104 	0.0701992 	
4.065	1.48952 	1.19107 	2.8905 	-0.208655 	0.0900424 	0.0683877 	
4.07	1.12341 	1.86048 	4.52417 	-0.281184 	0.169972 	0.0744662 	
4.075	1.20806 	1.72174 	4.06989 	-0.260581 	0.148915 	0.0687413 	
4.08	1.28618 	1.59604 	3.65116 	-0.241524 	0.129496 	0.0632635 	
4.085	1.35929 	1.47522 	3.25958 	-0.2238 	0.111351 	0.0584518 	
4.09	1.42711 	1.36333 	2.8967 	-0.207373 	0.094537 	0.0539889 	
4.095	1.48997 	1.25993 	2.56057 	-0.192152 	0.0789632 	0.0498363 	
4.1	1.54826 	1.16429 	2.24916 	-0.178047 	0.0645354 	0.045977 	
4.105	1.60231 	1.07585 	1.96065 	-0.164976 	0.0511696 	0.0423893 	
4.11	1.52587 	1.25606 	2.38317 	-0.183372 	0.0738074 	0.0433095 	
4.115	1.20187 	1.94713 	4.15444 	-0.261444 	0.164824 	0.0526648 	
4.12	1.15073 	2.04444 	4.3751 	-0.270665 	0.177559 	0.0522358 	
4.125	0.842026 	2.62224 	5.87812 	-0.33602 	0.256299 	0.0590539 	
4.13	0.812039 	2.64213 	5.90982 	-0.336636 	0.259563 	0.0573252 	
4.135	0.512969 	3.09215 	7.11202 	-0.387703 	0.323986 	0.0613021 	
4.14	0.503488 	3.05709 	7.00695 	-0.382229 	0.320195 	0.0588133 	
4.145	0.216702 	3.41523 	7.98971 	-0.423036 	0.373903 	0.0609182 	
4.15	0.266876 	3.28413 	7.6991 	-0.410453 	0.358811 	0.0602232 	
4.155	0.106508 	3.41214 	8.29734 	-0.437197 	0.388303 	0.0684829 	
4.16	0.249986 	3.16033 	7.67883 	-0.411652 	0.357066 	0.0682088 	
4.165	0.406107 	2.88243 	7.04287 	-0.386221 	0.324952 	0.0703695 	
4.17	0.613706 	2.64412 	6.42835 	-0.362189 	0.292426 	0.0716737 	
4.175	0.949448 	2.40755 	5.87297 	-0.345246 	0.260019 	0.0812018 	
4.18	1.15301 	2.20626 	5.34063 	-0.324902 	0.231287 	0.0827944 	
4.185	1.48998 	2.003 	4.86105 	-0.311533 	0.202278 	0.0928826 	
4.19	1.6878 	1.83275 	4.39911 	-0.294308 	0.176852 	0.0946851 	
4.195	2.01907 	1.65748 	3.98586 	-0.283917 	0.150973 	0.105097 	
4.2	2.20648 	1.51354 	3.58513 	-0.269283 	0.128545 	0.106931 	
4.205	2.52974 	1.36307 	3.228 	-0.261291 	0.105371 	0.117371 	
4.21	2.70047 	1.23903 	2.884 	-0.249016 	0.0859113 	0.119416 	
4.215	3.01081 	1.10749 	2.57894 	-0.243227 	0.0654597 	0.130099 	
4.22	3.14241 	1.00125 	2.28346 	-0.232231 	0.0493916 	0.13127 	
4.225	3.37464 	0.890195 	2.02024 	-0.226138 	0.0329392 	0.138854 	
4.23	3.49562 	0.798347 	1.76703 	-0.216966 	0.0190209 	0.140298 	
4.235	3.72014 	0.700821 	1.54285 	-0.212607 	0.0045142 	0.148205 	
4.24	3.82968 	0.622953 	1.32415 	-0.204776 	-0.00759822 	0.149547 	
4.245	4.04067 	0.539299 	1.13114 	-0.201498 	-0.0204155 	0.157111 	
4.25	4.13997 	0.472119 	0.943584 	-0.194944 	-0.0308989 	0.15854 	
4.255	4.34297 	0.398326 	0.779539 	-0.192898 	-0.0422291 	0.166262 	
4.26	4.43185 	0.340478 	0.618595 	-0.187381 	-0.0512894 	0.167675 	
4.265	4.62674 	0.275267 	0.479326 	-0.186348 	-0.061324 	0.175462 	
4.27	4.31385 	0.519519 	1.16554 	-0.206167 	-0.0295832 	0.170502 	
4.275	3.32202 	1.33068 	3.47779 	-0.277612 	0.078895 	0.158697 	
4.28	3.12417 	1.52896 	3.90324 	-0.294191 	0.105869 	0.153961 	
4.285	2.54456 	2.28035 	5.71191 	-0.367713 	0.205755 	0.148816 	
4.29	2.35369 	2.36193 	5.83445 	-0.369052 	0.217123 	0.139592 	
4.295	1.83133 	2.94221 	7.27883 	-0.426878 	0.297905 	0.134783 	
4.3	1.68972 	2.949 	7.22847 	-0.421057 	0.299697 	0.125987 	
4.305	1.2084 	3.40722 	8.39612 	-0.466592 	0.365944 	0.120451 	
4.31	1.34725 	3.14613 	7.66256 	-0.434675 	0.329607 	0.115018 	
4.315	1.59493 	2.88872 	6.99399 	-0.409562 	0.294255 	0.117168 	
4.32	1.71955 	2.66411 	6.36435 	-0.382314 	0.262977 	0.112794 	
4.325	1.95733 	2.44072 	5.7924 	-0.361632 	0.232259 	0.116069 	
4.33	2.09378 	2.24481 	5.25428 	-0.339287 	0.204977 	0.114012 	
4.335	2.34228 	2.04893 	4.76707 	-0.323108 	0.177958 	0.119339 	
4.34	2.48334 	1.8785 	4.30698 	-0.304762 	0.154184 	0.118926 	
4.345	2.73402 	1.69841 	3.89307 	-0.291233 	0.130349 	0.125804 	
4.35	2.54657 	1.57824 	4.1263 	-0.274533 	0.13795 	0.124496 	
4.355	1.82375 	1.59102 	5.65161 	-0.269409 	0.202892 	0.124974 	
4.36	1.66016 	1.51184 	5.81945 	-0.257244 	0.207967 	0.123682 	
4.365	1.10033 	1.48356 	6.91242 	-0.250189 	0.252946 	0.127191 	
4.37	1.00505 	1.40735 	6.88377 	-0.237913 	0.250229 	0.124092 	
4.375	0.547581 	1.44089 	7.7511 	-0.237192 	0.286471 	0.124779 	
4.38	0.518259 	1.38069 	7.57841 	-0.226702 	0.278358 	0.12043 	
4.385	0.116695 	1.41566 	8.32916 	-0.226085 	0.310478 	0.12032 	
4.39	0.121576 	1.35551 	8.08313 	-0.215661 	0.299459 	0.115545 	
4.395	-0.24214 	1.38943 	8.75572 	-0.21488 	0.328396 	0.11501 	
4.4	-0.204287 	1.32395 	8.44701 	-0.204292 	0.31476 	0.110286 	
4.405	-0.538399 	1.34343 	9.0597 	-0.202203 	0.341104 	0.109888 	
4.41	-0.479769 	1.26574 	8.71091 	-0.190658 	0.325443 	0.105472 	
4.415	-0.812104 	1.25495 	9.30165 	-0.1855 	0.349958 	0.105594 	
4.42	-0.733592 	1.18019 	8.92831 	-0.17465 	0.333352 	0.101372 	
4.425	-1.03875 	1.17756 	9.47967 	-0.170447 	0.356302 	0.101371 	
4.43	-0.942801 	1.10943 	9.08883 	-0.160651 	0.339062 	0.09731 	
4.435	-1.22516 	1.11374 	9.60915 	-0.157288 	0.360773 	0.0972559 	
4.44	-1.11415 	1.05084 	9.20522 	-0.148415 	0.343051 	0.0934147 	
4.445	-1.37934 	1.06121 	9.70442 	-0.145816 	0.36394 	0.0933634 	
4.45	-1.25533 	1.0024 	9.2906 	-0.137749 	0.345849 	0.0897743 	
4.455	-1.50777 	1.01809 	9.77588 	-0.13584 	0.366218 	0.089754 	
4.46	-1.37247 	0.962478 	9.35439 	-0.128475 	0.347835 	0.0864287 	
4.465	-1.61549 	0.982846 	9.83068 	-0.127182 	0.367892 	0.0864486 	
4.47	-1.47039 	0.929691 	9.40308 	-0.120428 	0.349272 	0.0833871 	
4.475	-1.7065 	0.954207 	9.87372 	-0.119682 	0.369158 	0.0834445 	
4.48	-1.55283 	0.902902 	9.44113 	-0.113458 	0.350341 	0.0806397 	
4.485	-1.78398 	0.931117 	9.90838 	-0.113195 	0.37015 	0.0807247 	
4.49	-1.62279 	0.881169 	9.4716 	-0.107431 	0.351164 	0.0781655 	
4.495	-1.85046 	0.912706 	9.93701 	-0.107592 	0.370962 	0.0782648 	
4.5	-1.68261 	0.863701 	9.49661 	-0.102227 	0.351825 	0.0759402 	
4.505	-1.90799 	0.898244 	9.96123 	-0.10276 	0.371657 	0.0760385 	
4.51	-1.73417 	0.849841 	9.51763 	-0.0977417 	0.352382 	0.0739366 	
4.515	-1.95838 	0.887671 	9.97793 	-0.0985679 	0.37214 	0.0738727 	
4.52	-1.74834 	1.01432 	9.59737 	-0.112181 	0.360833 	0.0693773 	
4.525	-1.89681 	1.56641 	10.3017 	-0.167315 	0.406394 	0.0623363 	
4.53	-1.73574 	1.64882 	9.92009 	-0.175685 	0.394191 	0.0573019 	
4.535	-1.87706 	2.12705 	10.5641 	-0.22479 	0.435418 	0.0522088 	
4.54	-1.74351 	1.99289 	10.086 	-0.211105 	0.4127 	0.0506857 	
4.545	-1.95714 	1.92188 	10.4508 	-0.203808 	0.426124 	0.0535605 	
4.55	-1.81797 	1.80322 	9.98158 	-0.191654 	0.404117 	0.0519114 	
4.555	-2.02779 	1.74659 	10.3447 	-0.185753 	0.417918 	0.0544242 	
4.56	-1.87968 	1.64093 	9.88766 	-0.174915 	0.396568 	0.0529068 	
4.565	-2.08659 	1.60074 	10.2695 	-0.170255 	0.411355 	0.0551881 	
4.57	-1.92921 	1.50706 	9.82074 	-0.160576 	0.39049 	0.053636 	
4.575	-2.13412 	1.48101 	10.2176 	-0.157014 	0.406115 	0.0556429 	
4.58	-1.96592 	1.39917 	9.77214 	-0.148379 	0.385539 	0.0537637 	
4.585	-2.16904 	1.38533 	10.1805 	-0.145816 	0.401874 	0.0554045 	
4.59	-1.99198 	1.31238 	9.73613 	-0.138072 	0.381492 	0.053328 	
4.595	-2.19284 	1.3108 	10.1532 	-0.136372 	0.39841 	0.0544294 	
4.6	-2.00993 	1.2435 	9.7093 	-0.129342 	0.378166 	0.0524157 	
4.605	-2.20972 	1.25241 	10.1338 	-0.128391 	0.395605 	0.0530242 	
4.61	-2.02177 	1.18934 	9.68917 	-0.121958 	0.375432 	0.0511144 	
4.615	-2.22148 	1.20725 	10.1203 	-0.121655 	0.393346 	0.0512792 	
4.62	-2.02908 	1.14725 	9.67399 	-0.115721 	0.373189 	0.0495072 	
4.625	-2.22951 	1.17297 	10.1112 	-0.11598 	0.391542 	0.0492635 	
4.63	-2.03305 	1.11509 	9.66248 	-0.110465 	0.371357 	0.0476561 	
4.635	-2.23479 	1.14769 	10.1053 	-0.111217 	0.390121 	0.0470297 	
4.64	-2.03452 	1.09115 	9.65369 	-0.106049 	0.36987 	0.0456063 	
4.645	-2.23809 	1.12985 	10.1018 	-0.107235 	0.389024 	0.0446206 	
4.65	-2.03418 	1.07405 	9.64696 	-0.102356 	0.368675 	0.0433972 	
4.655	-2.23996 	1.11822 	10.1002 	-0.103929 	0.388204 	0.0420681 	
4.66	-2.03246 	1.06264 	9.64176 	-0.099288 	0.367729 	0.0410575 	
4.665	-2.24091 	1.11187 	10.1003 	-0.10121 	0.387635 	0.0393899 	
4.67	-2.03016 	1.05627 	9.63871 	-0.0967714 	0.367042 	0.0385875 	
4.675	-2.24149 	1.11006 	10.1024 	-0.0990051 	0.387306 	0.0365983 	
4.68	-2.02826 	1.05451 	9.63908 	-0.0947477 	0.366655 	0.0359837 	
4.685	-2.24153 	1.11171 	10.1048 	-0.0972299 	0.387131 	0.0337445 	
4.69	-2.02581 	1.05597 	9.63963 	-0.0931207 	0.366403 	0.0333195 	
4.695	-2.24113 	1.11636 	10.1074 	-0.0958309 	0.387087 	0.0308235 	
4.7	-2.02259 	1.0598 	9.63999 	-0.091828 	0.366244 	0.030652 	
4.705	-2.24142 	1.12159 	10.1102 	-0.0946796 	0.387123 	0.0281381 	
4.71	-2.02333 	1.0651 	9.64312 	-0.0907805 	0.366316 	0.028095 	
4.715	-2.23983 	1.12667 	10.1116 	-0.0937372 	0.387116 	0.0257261 	
4.72	-2.02679 	1.07193 	9.64826 	-0.0899557 	0.366571 	0.0255959 	
4.725	-2.23688 	1.13273 	10.1121 	-0.0930163 	0.387122 	0.0233877 	
4.73	-2.03112 	1.08051 	9.65418 	-0.0893513 	0.366944 	0.0230629 	
4.735	-2.23288 	1.14021 	10.1119 	-0.092508 	0.387164 	0.0210285 	
4.74	-2.03559 	1.09082 	9.66041 	-0.0889527 	0.367408 	0.0204609 	
4.745	-2.22806 	1.14918 	10.1114 	-0.0921952 	0.387253 	0.01861 	
4.75	-2.0399 	1.10271 	9.66676 	-0.0887413 	0.367944 	0.0177797 	
4.755	-2.22258 	1.15958 	10.1107 	-0.0920583 	0.38739 	0.0161199 	
4.76	-2.04416 	1.11602 	9.67329 	-0.0886966 	0.368552 	0.0150183 	
4.765	-2.21499 	1.1705 	10.1086 	-0.0920589 	0.387487 	0.0136539 	
4.77	-2.0432 	1.12776 	9.67586 	-0.0887234 	0.36893 	0.0125506 	
4.775	-2.21209 	1.1808 	10.1092 	-0.0920969 	0.387746 	0.011414 	
4.78	-2.04271 	1.1375 	9.6779 	-0.0887577 	0.36926 	0.0104602 	
4.785	-2.21203 	1.18962 	10.1113 	-0.0921404 	0.388072 	0.0094983 	
4.79	-2.04273 	1.14562 	9.67988 	-0.0888011 	0.369567 	0.00869015 	
4.795	-2.21236 	1.19698 	10.1133 	-0.0921915 	0.388372 	0.00787597 	
4.8	-2.04312 	1.1524 	9.68177 	-0.0888512 	0.369849 	0.00719116 	
4.805	-2.21303 	1.20314 	10.1151 	-0.0922473 	0.388648 	0.00650142 	
4.81	-2.04385 	1.15809 	9.68357 	-0.0889058 	0.370111 	0.00592075 	
4.815	-2.21401 	1.20831 	10.1169 	-0.0923064 	0.388903 	0.00533622 	
4.82	-2.04485 	1.16286 	9.68525 	-0.0889634 	0.370352 	0.00484401 	
4.825	-2.21519 	1.21266 	10.1185 	-0.0923683 	0.389139 	0.00434894 	
4.83	-2.04602 	1.16688 	9.68684 	-0.0890235 	0.370576 	0.00393174 	
4.835	-2.21651 	1.21634 	10.1201 	-0.0924324 	0.389358 	0.00351263 	
4.84	-2.04731 	1.17027 	9.68836 	-0.0890856 	0.370785 	0.00315902 	
4.845	-2.21793 	1.21945 	10.1216 	-0.0924982 	0.389563 	0.0028044 	
4.85	-2.04869 	1.17316 	9.68982 	-0.0891492 	0.37098 	0.00250473 	
4.855	-2.21941 	1.22211 	10.1231 	-0.0925653 	0.389756 	0.00220499 	
4.86	-2.05014 	1.17562 	9.69123 	-0.089214 	0.371163 	0.00195101 	
4.865	-2.22095 	1.22438 	10.1245 	-0.0926333 	0.389936 	0.00169787 	
4.87	-2.05162 	1.17772 	9.6926 	-0.0892796 	0.371335 	0.00148262 	
4.875	-2.22251 	1.22634 	10.1259 	-0.0927019 	0.390107 	0.00126918 	
4.88	-2.05314 	1.17954 	9.69393 	-0.0893458 	0.371498 	0.00108676 	
4.885	-2.2241 	1.22803 	10.1272 	-0.0927709 	0.390269 	0.000907136 	
4.89	-2.05466 	1.18112 	9.69522 	-0.0894123 	0.371653 	0.0007525 	
4.895	-2.22569 	1.22951 	10.1285 	-0.0928402 	0.390423 	0.000601667 	
4.9	-2.0562 	1.1825 	9.69648 	-0.0894791 	0.371801 	0.000470564 	
4.905	-2.22729 	1.23082 	10.1298 	-0.0929096 	0.39057 	0.00034431 	
4.91	-2.02094 	1.13395 	9.69548 	-0.0838032 	0.37432 	-0.000413087 	
4.915	-2.08438 	1.03662 	10.1219 	-0.0704214 	0.40004 	-0.00241661 	
4.92	-1.78476 	0.825543 	9.68799 	-0.0485441 	0.389314 	-0.00345178 	
4.925	-1.55482 	0.364717 	10.115 	0.00548008 	0.432624 	-0.00659837 	
4.93	-1.3941 	0.323494 	9.67028 	0.00885826 	0.413439 	-0.00707106 	
4.935	-1.48676 	0.261093 	10.085 	0.0196129 	0.437476 	-0.00899419 	
4.94	-1.3338 	0.231157 	9.64603 	0.0216121 	0.417942 	-0.00921081 	
4.945	-1.45703 	0.174844 	10.1065 	0.0321971 	0.444213 	-0.0107139 	
4.95	-1.3196 	0.157971 	9.74918 	0.032666 	0.429551 	-0.01026 	
4.955	-1.43562 	0.269866 	10.027 	0.0221383 	0.442797 	-0.00785181 	
4.96	-1.33959 	0.170413 	9.86043 	0.0309602 	0.440137 	-0.00245617 	
4.965	-1.39088 	0.259489 	9.99388 	0.020469 	0.44528 	-0.00150398 	
4.97	-1.32665 	0.221 	9.8299 	0.0249387 	0.439772 	0.00282127 	
4.975	-1.37043 	0.25441 	9.94983 	0.0199859 	0.445409 	0.00568784 	
4.98	-1.33911 	0.277094 	9.81851 	0.0175783 	0.439201 	0.00693576 	
4.985	-1.39647 	0.318135 	9.94607 	0.012057 	0.444729 	0.0103435 	
4.99	-1.35841 	0.329467 	9.81536 	0.01101 	0.438906 	0.0109119 	
4.995	-1.41276 	0.362106 	9.94584 	0.00651773 	0.444836 	0.0137862 	
5	-1.36995 	0.365353 	9.8146 	0.00651572 	0.439226 	0.013863 	
5.005	-1.42219 	0.39074 	9.94753 	0.00286955 	0.4455 	0.0162901 	
5.01	-1.37529 	0.387859 	9.815 	0.00372731 	0.440008 	0.015902 	
5.015	-1.42733 	0.408483 	9.95015 	0.000643765 	0.446524 	0.0180274 	
5.02	-1.37559 	0.399248 	9.81584 	0.00233802 	0.441148 	0.0171445 	
5.025	-1.42868 	0.417002 	9.95299 	-0.000375562 	0.447831 	0.019058 	
5.03	-1.3728 	0.402732 	9.8167 	0.00199819 	0.442514 	0.0177521 	
5.035	-1.42761 	0.418813 	9.95575 	-0.000478903 	0.449319 	0.0195081 	
5.04	-1.36813 	0.400515 	9.81742 	0.00245797 	0.444024 	0.01783 	
5.045	-1.42509 	0.415749 	9.95832 	0.000121377 	0.450925 	0.0194722 	
5.05	-1.33941 	0.35818 	9.81879 	0.00783675 	0.447255 	0.01688 	
5.055	-1.35628 	0.303037 	9.96468 	0.0136146 	0.457521 	0.017483 	
5.06	-1.33583 	0.346967 	9.82202 	0.00882684 	0.449363 	0.0165247 	
5.065	-1.33417 	0.26631 	9.97427 	0.0190867 	0.461236 	0.0159545 	
5.07	-1.31547 	0.24368 	9.91288 	0.0215751 	0.46022 	0.0145134 	
5.075	-1.20681 	-0.0366235 	10.1379 	0.0560045 	0.486265 	0.0109937 	
5.08	-1.06555 	-0.0564893 	9.86882 	0.0559341 	0.477903 	0.00949966 	
5.085	-0.979936 	-0.329255 	10.1761 	0.0927661 	0.507772 	0.00357761 	
5.09	-0.887522 	-0.263889 	9.86296 	0.0819864 	0.494094 	0.00428802 	
5.095	-0.913338 	-0.271389 	10.148 	0.0880741 	0.516528 	0.00312828 	
5.1	-0.833906 	-0.204407 	9.82932 	0.0768738 	0.501456 	0.0039851 	
5.105	-0.925766 	-0.136679 	10.2295 	0.0754201 	0.528607 	0.00223283 	
5.11	-0.936105 	0.151984 	10.0907 	0.0410301 	0.520361 	0.000455975 	
5.115	-0.934965 	0.543414 	10.109 	0.00242146 	0.519778 	-0.00386287 	
5.12	-1.08523 	0.91909 	10.3261 	-0.0404088 	0.531596 	-0.00582731 	
5.125	-1.08305 	1.22524 	10.3284 	-0.0712083 	0.530754 	-0.00829744 	
5.13	-1.23501 	1.51843 	10.5327 	-0.106608 	0.542526 	-0.00836651 	
5.135	-1.23106 	1.74803 	10.5128 	-0.130268 	0.541045 	-0.00937721 	
5.14	-1.3733 	1.99552 	10.688 	-0.161192 	0.551301 	-0.00934533 	
5.145	-1.34969 	2.20974 	10.6223 	-0.183771 	0.546783 	-0.0112609 	
5.15	-1.47892 	2.43547 	10.7677 	-0.212629 	0.555126 	-0.0116691 	
5.155	-1.44886 	2.60728 	10.6865 	-0.231159 	0.549923 	-0.0129619 	
5.16	-1.57326 	2.79579 	10.8215 	-0.256428 	0.557847 	-0.0128302 	
5.165	-1.53715 	2.93323 	10.7302 	-0.271629 	0.552195 	-0.0135958 	
5.17	-1.65692 	3.09161 	10.8584 	-0.293903 	0.559847 	-0.0130473 	
5.175	-1.61495 	3.20095 	10.7594 	-0.306288 	0.553851 	-0.0134093 	
5.18	-1.73038 	3.33484 	10.8829 	-0.326034 	0.561317 	-0.0125572 	
5.185	-1.68286 	3.42113 	10.778 	-0.336027 	0.555046 	-0.0126169 	
5.19	-1.79431 	3.53506 	10.8984 	-0.353629 	0.562388 	-0.0115531 	
5.195	-1.74161 	3.60238 	10.7889 	-0.36158 	0.555894 	-0.0113918 	
5.2	-1.84949 	3.70004 	10.9072 	-0.37736 	0.563154 	-0.0101894 	
5.205	-1.73388 	3.74616 	10.7561 	-0.383386 	0.553836 	-0.00880182 	
5.21	-1.70414 	3.72051 	10.7258 	-0.38972 	0.550288 	-0.00250443 	
5.215	-1.73807 	3.45356 	10.4711 	-0.369464 	0.530471 	0.00455015 	
5.22	-1.80981 	3.48444 	10.5761 	-0.378865 	0.530434 	0.00982337 	
5.225	-1.84049 	3.59441 	10.7173 	-0.3943 	0.537066 	0.0116014 	
5.23	-1.88466 	3.63772 	10.7904 	-0.401133 	0.535749 	0.0142589 	
5.235	-1.85615 	3.75774 	10.8921 	-0.417061 	0.542457 	0.0153016 	
5.24	-1.82561 	3.84909 	10.9296 	-0.428826 	0.545751 	0.0154262 	
5.245	-1.8059 	3.94843 	11.0087 	-0.441971 	0.551177 	0.0160676 	
5.25	-1.78474 	4.0175 	11.025 	-0.451208 	0.553304 	0.0160645 	
5.255	-1.77387 	4.09824 	11.0872 	-0.462117 	0.557781 	0.0165211 	
5.26	-1.76011 	4.1505 	11.0886 	-0.469348 	0.55906 	0.0163827 	
5.265	-1.75605 	4.21678 	11.1391 	-0.478504 	0.562856 	0.0167145 	
5.27	-1.67921 	4.18987 	10.9715 	-0.477725 	0.554312 	0.017631 	
5.275	-1.48445 	4.04375 	10.5515 	-0.466536 	0.530566 	0.0217645 	
5.28	-1.44585 	4.01005 	10.4366 	-0.466214 	0.524249 	0.0236117 	
5.285	-1.2688 	3.89256 	10.0856 	-0.457215 	0.504096 	0.0273046 	
5.29	-1.25097 	3.88666 	10.0443 	-0.459401 	0.501657 	0.0289325 	
5.295	-1.08931 	3.79204 	9.7539 	-0.452433 	0.484659 	0.0324786 	
5.3	-1.08969 	3.8074 	9.76804 	-0.456367 	0.485195 	0.0337642 	
5.305	-0.941274 	3.72857 	9.52094 	-0.450727 	0.470505 	0.0371157 	
5.31	-0.957882 	3.75898 	9.57546 	-0.455801 	0.473276 	0.0380304 	
5.315	-0.82068 	3.69095 	9.35899 	-0.450986 	0.46026 	0.0411586 	
5.32	-0.851696 	3.73196 	9.44304 	-0.456785 	0.464723 	0.0417031 	
5.325	-0.723859 	3.67125 	9.24815 	-0.452455 	0.452922 	0.0446026 	
5.33	-0.878229 	3.76729 	9.48688 	-0.460824 	0.465265 	0.0417325 	
5.335	-1.08198 	3.83267 	9.67313 	-0.460594 	0.470803 	0.0355776 	
5.34	-1.21633 	3.86518 	9.81863 	-0.461477 	0.473865 	0.0336311 	
5.345	-1.39391 	3.9157 	9.96395 	-0.460583 	0.478111 	0.0280628 	
5.35	-1.49484 	3.93258 	10.0591 	-0.460431 	0.479285 	0.0266255 	
5.355	-1.64291 	3.96983 	10.1638 	-0.458853 	0.482054 	0.0216485 	
5.36	-1.72119 	3.97725 	10.2262 	-0.458102 	0.482139 	0.0205164 	
5.365	-1.84259 	4.00384 	10.3011 	-0.456243 	0.483816 	0.0162813 	
5.37	-1.90498 	4.0056 	10.3418 	-0.455166 	0.483292 	0.01534 	
5.375	-2.00418 	4.02417 	10.3954 	-0.453257 	0.484218 	0.0118152 	
5.38	-2.05416 	4.02232 	10.4211 	-0.452034 	0.483342 	0.0110438 	
5.385	-2.13524 	4.035 	10.4594 	-0.450191 	0.483757 	0.00813651 	
5.39	-2.17502 	4.03075 	10.4746 	-0.448935 	0.482676 	0.00753502 	
5.395	-2.24141 	4.03916 	10.5018 	-0.447213 	0.482749 	0.00514517 	
5.4	-2.26352 	4.03014 	10.4963 	-0.445593 	0.480842 	0.00476671 	
5.405	-2.28799 	4.02685 	10.4715 	-0.442596 	0.478317 	0.00279986 	
5.41	-2.29265 	4.01809 	10.448 	-0.440533 	0.475615 	0.00229035 	
5.415	-2.2377 	3.98188 	10.3505 	-0.437858 	0.469996 	0.00366128 	
5.42	-2.01697 	3.70097 	10.2926 	-0.413068 	0.473418 	0.0103382 	
5.425	-1.86005 	3.07885 	10.5933 	-0.339945 	0.505759 	0.00998367 	
5.43	-1.60606 	2.76497 	10.1376 	-0.308719 	0.487159 	0.0123409 	
5.435	-1.48364 	2.29596 	10.4522 	-0.257145 	0.516711 	0.0138023 	
5.44	-1.26751 	2.06318 	9.99921 	-0.23348 	0.49661 	0.015668 	
5.445	-1.20384 	1.71826 	10.3362 	-0.194182 	0.525182 	0.0178575 	
5.45	-1.01626 	1.54493 	9.89164 	-0.176561 	0.50423 	0.0195392 	
5.455	-1.00072 	1.2935 	10.2499 	-0.146353 	0.532318 	0.0218375 	
5.46	-0.813278 	1.08301 	9.82513 	-0.123318 	0.51295 	0.0214018 	
5.465	-0.737417 	0.647142 	10.2115 	-0.0707029 	0.545462 	0.019898 	
5.47	-0.575746 	0.500456 	9.78755 	-0.0546115 	0.524849 	0.0197216 	
5.475	-0.54228 	0.156865 	10.1808 	-0.0116446 	0.556102 	0.0189097 	
5.48	-0.433871 	0.29658 	9.69747 	-0.0274474 	0.526866 	0.0177065 	
5.485	-0.529321 	0.729896 	9.93539 	-0.0704493 	0.535727 	0.0138734 	
5.49	-0.422077 	0.8351 	9.47674 	-0.0819935 	0.508194 	0.0126146 	
5.495	-0.529075 	1.22169 	9.746 	-0.121899 	0.519316 	0.0101801 	
5.5	-0.423586 	1.29426 	9.31838 	-0.130615 	0.493812 	0.00966609 	
5.505	-0.540653 	1.6416 	9.61717 	-0.168047 	0.50703 	0.00848493 	
5.51	-0.371707 	1.39801 	9.25458 	-0.142616 	0.490223 	0.00909071 	
5.515	-0.317906 	0.911953 	9.72598 	-0.0852932 	0.527289 	0.00750663 	
5.52	-0.241097 	0.829933 	9.37467 	-0.076942 	0.509104 	0.00789078 	
5.525	-0.291054 	0.664318 	9.80842 	-0.0571967 	0.538396 	0.0109992 	
5.53	-0.205086 	0.601684 	9.42567 	-0.0509079 	0.517748 	0.0114066 	
5.535	-0.286319 	0.492623 	9.86045 	-0.0364744 	0.546289 	0.014164 	
5.54	-0.197882 	0.4446 	9.46435 	-0.0315565 	0.524458 	0.0141432 	
5.545	-0.29588 	0.367766 	9.8982 	-0.0204693 	0.552406 	0.0166776 	
5.55	-0.205984 	0.330884 	9.49238 	-0.0167757 	0.529674 	0.0163988 	
5.555	-0.314782 	0.27693 	9.92528 	-0.00813456 	0.557135 	0.0187033 	
5.56	-0.224892 	0.249085 	9.51234 	-0.00560794 	0.533711 	0.0183249 	
5.565	-0.340371 	0.211262 	9.94761 	0.00166419 	0.561001 	0.0199915 	
5.57	-0.219456 	0.105269 	9.53565 	0.0129658 	0.538899 	0.0183465 	
5.575	-0.254101 	-0.168403 	9.99469 	0.0482528 	0.57184 	0.0152648 	
5.58	-0.142582 	-0.238382 	9.57664 	0.0553945 	0.548715 	0.0140211 	
5.585	-0.197363 	-0.460282 	10.0312 	0.0852455 	0.580526 	0.0112881 	
5.59	-0.127571 	-0.266419 	9.55749 	0.0632442 	0.549644 	0.00906668 	
5.595	-0.288996 	0.239528 	9.85086 	0.0130199 	0.559871 	0.00318941 	
5.6	-0.155728 	0.319465 	9.24616 	0.00193467 	0.522571 	0.00266505 	
5.605	-0.202819 	0.643846 	9.2677 	-0.0326074 	0.51869 	0.00040867 	
5.61	-0.254733 	0.898011 	9.19017 	-0.0597042 	0.510717 	-0.00253524 	
5.615	-0.298929 	1.18051 	9.24158 	-0.0912654 	0.508995 	-0.00330155 	
5.62	-0.338408 	1.18542 	9.29784 	-0.091346 	0.513072 	-0.00504841 	
5.625	-0.328722 	0.808532 	9.64992 	-0.0477759 	0.540529 	-0.00543465 	
5.63	-0.308988 	0.848623 	9.38856 	-0.0559686 	0.524678 	-0.00479046 	
5.635	-0.383259 	0.800583 	9.64468 	-0.0462469 	0.541398 	-0.007302 	
5.64	-0.340612 	0.58853 	9.60685 	-0.0267127 	0.542369 	-0.00344218 	
5.645	-0.375758 	0.587221 	9.7112 	-0.0225623 	0.549236 	-0.00732181 	
5.65	-0.344286 	0.414282 	9.66315 	-0.00677111 	0.548942 	-0.00324667 	
5.655	-0.385007 	0.431724 	9.75463 	-0.00456585 	0.554796 	-0.00730628 	
5.66	-0.359819 	0.286131 	9.69949 	0.008574 	0.553602 	-0.0031771 	
5.665	-0.463205 	0.486104 	9.9083 	-0.00788328 	0.564174 	-0.00947463 	
5.67	-0.615797 	0.783264 	10.1392 	-0.0405852 	0.574934 	-0.00892046 	
5.675	-0.599159 	0.573961 	10.0084 	-0.0161609 	0.57141 	-0.00815052 	
5.68	-0.405379 	0.324101 	9.92855 	0.010131 	0.569967 	-0.0101603 	
5.685	-0.487866 	0.17476 	9.96897 	0.0295264 	0.576223 	-0.010891 	
5.69	-0.431782 	-0.0554379 	10.1593 	0.0567081 	0.591186 	-0.0155766 	
5.695	-0.312406 	-0.0814725 	9.68964 	0.0606685 	0.563776 	-0.0173555 	
5.7	-0.332991 	-0.25933 	9.98218 	0.0804292 	0.584133 	-0.0158137 	
5.705	-0.139605 	-0.18982 	9.1961 	0.0721983 	0.535913 	-0.016718 	
5.71	-0.0998113 	0.0633734 	8.97786 	0.0416848 	0.518968 	-0.0147654 	
5.715	-0.461339 	0.737922 	9.75334 	-0.0238678 	0.55767 	-0.0222261 	
5.72	-0.403919 	0.930781 	9.52618 	-0.0490381 	0.540853 	-0.0191089 	
5.725	-0.755498 	1.53369 	10.2661 	-0.108203 	0.57842 	-0.0257259 	
5.73	-0.678834 	1.64035 	9.96122 	-0.125486 	0.558161 	-0.021854 	
5.735	-1.00813 	2.16259 	10.6303 	-0.1776 	0.592558 	-0.0273861 	
5.74	-0.928049 	2.21042 	10.2783 	-0.188474 	0.570472 	-0.0239736 	
5.745	-1.23534 	2.66233 	10.8749 	-0.233884 	0.601489 	-0.0290083 	
5.75	-0.946195 	2.45986 	9.96339 	-0.217928 	0.54852 	-0.0252191 	
5.755	-0.627431 	2.27141 	9.13325 	-0.205546 	0.499118 	-0.018666 	
5.76	-0.592624 	2.32624 	8.90283 	-0.214106 	0.484671 	-0.0176479 	
5.765	-0.920921 	2.79519 	9.72987 	-0.265575 	0.528692 	-0.0180453 	
5.77	-0.869907 	2.81228 	9.52141 	-0.270651 	0.515811 	-0.0151024 	
5.775	-1.20959 	3.17606 	10.3389 	-0.311776 	0.560892 	-0.0125465 	
5.78	-1.13486 	3.13578 	10.0387 	-0.310928 	0.543337 	-0.0097647 	
5.785	-1.46084 	3.46116 	10.7811 	-0.347638 	0.584581 	-0.00818146 	
5.79	-1.37284 	3.38312 	10.4128 	-0.342285 	0.563575 	-0.00625201 	
5.795	-1.6746 	3.66745 	11.0952 	-0.375186 	0.601703 	-0.00423405 	
5.8	-1.5913 	3.49764 	10.7168 	-0.359708 	0.581592 	-0.0009628 	
5.805	-1.91493 	3.5491 	11.4278 	-0.369367 	0.625066 	0.00732674 	
5.81	-1.81872 	3.47012 	10.9794 	-0.360565 	0.597622 	0.00628407 	
5.815	-2.14784 	3.76522 	11.5793 	-0.389223 	0.625721 	0.00516571 	
5.82	-2.03712 	3.67175 	11.127 	-0.379323 	0.59865 	0.00444237 	
5.825	-2.33767 	3.93839 	11.6826 	-0.405528 	0.625053 	0.00358894 	
5.83	-2.21013 	3.82866 	11.2164 	-0.394313 	0.597749 	0.00313873 	
5.835	-2.48879 	4.07283 	11.7465 	-0.419077 	0.623371 	0.00290141 	
5.84	-2.36879 	3.94509 	11.2649 	-0.404777 	0.593796 	0.000451779 	
5.845	-2.68677 	4.15405 	11.7548 	-0.42244 	0.612223 	-0.00554597 	
5.85	-2.21614 	3.8632 	10.8294 	-0.396955 	0.559644 	-0.00019701 	
5.855	-1.77467 	3.75264 	10.4038 	-0.393432 	0.528633 	0.0102127 	
5.86	-2.10784 	3.92488 	10.7571 	-0.404235 	0.540937 	-0.000433728 	
5.865	-2.04054 	3.88623 	10.6261 	-0.404208 	0.528114 	0.00192411 	
5.87	-2.35524 	4.05604 	10.9855 	-0.415553 	0.541682 	-0.00709997 	
5.875	-2.27095 	4.00404 	10.8329 	-0.41505 	0.529198 	-0.00297729 	
5.88	-2.58293 	4.16612 	11.1807 	-0.426376 	0.544585 	-0.0103543 	
5.885	-2.45809 	4.1078 	11.0108 	-0.427202 	0.536378 	-0.00277349 	
5.89	-2.61673 	4.24359 	11.2861 	-0.439508 	0.552684 	-0.00389025 	
5.895	-2.55241 	4.19093 	11.1403 	-0.439241 	0.546389 	0.000805581 	
5.9	-2.67323 	4.30727 	11.3743 	-0.450205 	0.560118 	0.000535193 	
5.905	-2.39582 	4.1837 	11.0607 	-0.448554 	0.543992 	0.0112544 	
5.91	-1.87779 	4.1112 	10.8276 	-0.457626 	0.529875 	0.0300375 	
5.915	-1.8644 	4.08562 	10.7059 	-0.455923 	0.525367 	0.0297085 	
5.92	-1.94323 	4.20393 	10.8296 	-0.463849 	0.535547 	0.0234016 	
5.925	-1.80301 	4.02633 	10.3875 	-0.449916 	0.513299 	0.0264258 	
5.93	-1.9228 	4.09577 	10.5417 	-0.456076 	0.522632 	0.0254122 	
5.935	-1.79107 	3.93588 	10.1418 	-0.443456 	0.502376 	0.0281274 	
5.94	-1.90475 	4.01579 	10.3294 	-0.451168 	0.513093 	0.0277569 	
5.945	-1.78019 	3.86964 	9.96675 	-0.439837 	0.494639 	0.0304376 	
5.95	-1.76392 	3.95401 	10.1867 	-0.451903 	0.504228 	0.0357997 	
5.955	-1.14552 	3.71861 	9.66885 	-0.445273 	0.469373 	0.0570407 	
5.96	-0.793311 	3.57245 	9.33443 	-0.440752 	0.448267 	0.0683197 	
5.965	-0.254973 	3.37274 	8.90352 	-0.435977 	0.418864 	0.0872802 	
5.97	0.0199152 	3.26721 	8.66052 	-0.43355 	0.403382 	0.0961674 	
5.975	0.488158 	3.1091 	8.32527 	-0.431294 	0.379685 	0.113143 	
5.98	0.694461 	3.04042 	8.16618 	-0.430888 	0.369335 	0.119968 	
5.985	1.10403 	2.91408 	7.90303 	-0.430342 	0.350033 	0.135179 	
5.99	1.25171 	2.87346 	7.80687 	-0.431239 	0.34365 	0.140134 	
5.995	1.53167 	2.64323 	7.76066 	-0.416688 	0.340017 	0.15772 	
6	1.39023 	2.21439 	8.18843 	-0.37203 	0.373171 	0.174029 	
6.005	1.6683 	1.95014 	8.08061 	-0.357077 	0.366395 	0.191782 	
6.01	1.59584 	1.63419 	8.33656 	-0.321011 	0.387381 	0.199903 	
6.015	1.8693 	1.44239 	8.17307 	-0.311098 	0.376464 	0.213987 	
6.02	1.74489 	1.19471 	8.46131 	-0.277587 	0.398898 	0.218496 	
6.025	2.00635 	1.03317 	8.27012 	-0.270929 	0.386177 	0.231064 	
6.03	1.86574 	0.823303 	8.53632 	-0.240278 	0.407101 	0.233464 	
6.035	2.18934 	0.715801 	8.21335 	-0.239612 	0.385465 	0.242999 	
6.04	2.17886 	0.563994 	8.24833 	-0.215592 	0.391353 	0.240286 	
6.045	2.36967 	0.420597 	8.15962 	-0.207442 	0.3857 	0.250904 	
6.05	2.39118 	0.25938 	8.0486 	-0.191015 	0.382543 	0.25354 	
6.055	2.56609 	0.145193 	7.98088 	-0.185144 	0.37782 	0.263012 	
6.06	2.56778 	0.0181259 	7.88966 	-0.171471 	0.375519 	0.264281 	
6.065	2.72685 	-0.0643557 	7.84628 	-0.168166 	0.371884 	0.272673 	
6.07	2.71037 	-0.162401 	7.77486 	-0.156879 	0.370489 	0.272818 	
6.075	2.8548 	-0.210958 	7.78664 	-0.152995 	0.369874 	0.277722 	
6.08	2.82366 	-0.263822 	7.83233 	-0.135477 	0.375285 	0.268513 	
6.085	2.97235 	-0.312848 	7.83665 	-0.131762 	0.374108 	0.271251 	
6.09	2.92821 	-0.356404 	7.87524 	-0.115506 	0.379152 	0.262027 	
6.095	3.06835 	-0.397363 	7.86959 	-0.113261 	0.377359 	0.265037 	
6.1	3.01153 	-0.433946 	7.90192 	-0.0980133 	0.382116 	0.255815 	
6.105	3.1449 	-0.468322 	7.88932 	-0.0970534 	0.379869 	0.259133 	
6.11	3.07699 	-0.499276 	7.91829 	-0.0826362 	0.384498 	0.249941 	
6.115	3.17413 	-0.540962 	7.92932 	-0.0828318 	0.383772 	0.255901 	
6.12	2.99781 	-0.602493 	8.04199 	-0.0696863 	0.393814 	0.254336 	
6.125	3.09986 	-0.592903 	8.02744 	-0.0736078 	0.390352 	0.260322 	
6.13	3.01275 	-0.515144 	8.04441 	-0.0661204 	0.392266 	0.24964 	
6.135	3.13879 	-0.491833 	8.00257 	-0.0732214 	0.387514 	0.252159 	
6.14	2.93975 	-0.567439 	8.12627 	-0.0595218 	0.398767 	0.250832 	
6.145	3.05899 	-0.587403 	8.05865 	-0.0650847 	0.392464 	0.258936 	
6.15	2.86189 	-0.602865 	8.19488 	-0.0541423 	0.403921 	0.253801 	
6.155	3.04546 	-0.389085 	8.00978 	-0.0824011 	0.387403 	0.253771 	
6.16	2.94955 	-0.153432 	7.88802 	-0.10439 	0.379495 	0.24202 	
6.165	3.12561 	0.031676 	7.73659 	-0.1295 	0.36534 	0.242955 	
6.17	3.01516 	0.242228 	7.65715 	-0.149021 	0.360297 	0.232198 	
6.175	3.18287 	0.402778 	7.54672 	-0.172098 	0.348782 	0.23445 	
6.18	3.05914 	0.592649 	7.50536 	-0.189566 	0.346298 	0.224522 	
6.185	3.19432 	0.608176 	7.5726 	-0.196194 	0.351736 	0.231325 	
6.19	3.00601 	0.369987 	7.94348 	-0.166831 	0.392744 	0.234455 	
6.195	3.23125 	0.268184 	7.8139 	-0.168629 	0.386008 	0.245584 	
6.2	3.07666 	0.110791 	8.09891 	-0.142153 	0.418652 	0.241339 	
6.205	3.26595 	0.0357492 	8.01583 	-0.143517 	0.414573 	0.250856 	
6.21	3.0918 	-0.118864 	8.25485 	-0.119344 	0.44338 	0.247372 	
6.215	3.27505 	-0.168465 	8.1682 	-0.121556 	0.438052 	0.254745 	
6.22	3.0778 	-0.268604 	8.50517 	-0.0932599 	0.473313 	0.24563 	
6.225	3.35716 	-0.397488 	8.14293 	-0.0995905 	0.449715 	0.259492 	
6.23	3.14538 	-0.415759 	8.43709 	-0.0772487 	0.478766 	0.246521 	
6.235	3.27282 	-0.460206 	8.41529 	-0.0809837 	0.477256 	0.255059 	
6.24	3.09102 	-0.513511 	8.54806 	-0.0639808 	0.494953 	0.247019 	
6.245	3.22734 	-0.541487 	8.50259 	-0.0689065 	0.490995 	0.254801 	
6.25	3.04247 	-0.587521 	8.61939 	-0.0521463 	0.507311 	0.246288 	
6.255	3.19895 	-0.613113 	8.53948 	-0.0575932 	0.500711 	0.254443 	
6.26	3.03492 	-0.687252 	8.58637 	-0.0414461 	0.512611 	0.247652 	
6.265	3.19825 	-0.698346 	8.5066 	-0.0475456 	0.505358 	0.255028 	
6.27	3.02886 	-0.766933 	8.55742 	-0.0317399 	0.5172 	0.247889 	
6.275	3.19554 	-0.771145 	8.48108 	-0.0386162 	0.509636 	0.255244 	
6.28	3.02163 	-0.83476 	8.53685 	-0.0230196 	0.521553 	0.247705 	
6.285	3.18793 	-0.820513 	8.48279 	-0.0302951 	0.514833 	0.253816 	
6.29	2.99832 	-0.846575 	8.59286 	-0.0143175 	0.529635 	0.242398 	
6.295	3.16688 	-0.841194 	8.51249 	-0.0235079 	0.520598 	0.24954 	
6.3	2.97264 	-0.864223 	8.61924 	-0.00760315 	0.535068 	0.23791 	
6.305	3.14442 	-0.857527 	8.53365 	-0.0174021 	0.525376 	0.245438 	
6.31	2.94474 	-0.8797 	8.63962 	-0.00146438 	0.539765 	0.233689 	
6.315	3.12034 	-0.871861 	8.55042 	-0.011839 	0.529541 	0.241606 	
6.32	2.91543 	-0.893321 	8.65648 	0.00417765 	0.543929 	0.229717 	
6.325	3.09511 	-0.884572 	8.56441 	-0.00674182 	0.533241 	0.238024 	
6.33	2.88505 	-0.905443 	8.6711 	0.009395 	0.547686 	0.225974 	
6.335	3.06904 	-0.895962 	8.57659 	-0.00204535 	0.536577 	0.234669 	
6.34	2.85388 	-0.916336 	8.68427 	0.0142481 	0.551123 	0.222435 	
6.345	3.04239 	-0.906266 	8.58759 	0.002306 	0.539626 	0.231516 	
6.35	2.82212 	-0.926217 	8.69653 	0.018789 	0.554307 	0.219079 	
6.355	2.99103 	-0.91029 	8.60521 	0.00711082 	0.543258 	0.227528 	
6.36	2.57978 	-0.843172 	8.81781 	0.0209356 	0.566102 	0.206164 	
6.365	2.42758 	-0.612902 	8.94536 	-0.00684119 	0.569594 	0.198599 	
6.37	2.04329 	-0.543712 	9.10874 	0.00756485 	0.588019 	0.178141 	
6.375	1.89959 	-0.340004 	9.23769 	-0.0172795 	0.59176 	0.170349 	
6.38	1.58288 	-0.308316 	9.34073 	-0.00140535 	0.606037 	0.15298 	
6.385	1.4667 	-0.125464 	9.45802 	-0.0249175 	0.609244 	0.146363 	
6.39	1.21009 	-0.131444 	9.52629 	-0.00688186 	0.622287 	0.131485 	
6.395	1.14146 	0.0208203 	9.61829 	-0.0280628 	0.624593 	0.125916 	
6.4	0.918521 	-0.0158272 	9.67071 	-0.00806605 	0.637019 	0.113189 	
6.405	0.882152 	0.102668 	9.75516 	-0.0263079 	0.63939 	0.10819 	
6.41	0.69922 	0.0678607 	9.78616 	-0.00656999 	0.649522 	0.0946366 	
6.415	0.670268 	0.134993 	9.85319 	-0.0213202 	0.651917 	0.0942323 	
6.42	0.539631 	0.10525 	9.8596 	-0.0019253 	0.659615 	0.0793312 	
6.425	0.519691 	0.153785 	9.91795 	-0.0158463 	0.661761 	0.0809831 	
6.43	0.42101 	0.118027 	9.90752 	0.00397933 	0.668114 	0.0665761 	
6.435	0.319994 	0.353891 	10.0973 	-0.0306884 	0.672412 	0.0669963 	
6.44	-0.0144895 	0.777448 	10.3243 	-0.0613222 	0.678887 	0.0514041 	
6.445	-0.198323 	0.697604 	10.2333 	-0.0694836 	0.674157 	0.070071 	
6.45	-0.60529 	1.14496 	10.8567 	-0.113148 	0.704875 	0.0687851 	
6.455	-0.569354 	1.15838 	10.4884 	-0.11503 	0.679587 	0.065034 	
6.46	-0.714561 	1.29674 	11.0463 	-0.12859 	0.71521 	0.0667356 	
6.465	-0.383712 	1.13281 	10.4786 	-0.120825 	0.678412 	0.0765904 	
