0	0.0375657 	-0.00170152 	-0.0284831 	4.31391e-06 	-0.00180521 	8.30314e-05 	
0.005	0.185079 	-0.00838305 	-0.140331 	2.12538e-05 	-0.00889393 	0.00040908 	
0.01	0.321796 	-0.0145756 	-0.243993 	3.69539e-05 	-0.0154638 	0.000711265 	
0.015	0.448506 	-0.0203148 	-0.340067 	5.15049e-05 	-0.0215529 	0.000991334 	
0.02	0.565942 	-0.0256341 	-0.42911 	6.49904e-05 	-0.0271963 	0.0012509 	
0.025	0.674784 	-0.030564 	-0.511636 	7.74867e-05 	-0.0324266 	0.00149147 	
0.03	0.77566 	-0.0351331 	-0.588121 	8.90656e-05 	-0.0372742 	0.00171443 	
0.035	0.869153 	-0.0393677 	-0.659007 	9.97939e-05 	-0.0417671 	0.00192107 	
0.04	0.955805 	-0.0432925 	-0.724705 	0.000109733 	-0.0459311 	0.00211258 	
0.045	1.03611 	-0.04693 	-0.785594 	0.000118941 	-0.0497904 	0.00229006 	
0.05	1.11055 	-0.0503013 	-0.842025 	0.000127469 	-0.0533674 	0.00245456 	
0.055	1.17953 	-0.0534259 	-0.894326 	0.000135367 	-0.0566825 	0.002607 	
0.06	1.24347 	-0.0563218 	-0.942797 	0.000142681 	-0.0597551 	0.00274828 	
0.065	1.30273 	-0.0590058 	-0.98772 	0.000149451 	-0.062603 	0.00287922 	
0.07	1.35765 	-0.0614933 	-1.02935 	0.000155719 	-0.0652424 	0.00300056 	
0.075	1.40856 	-0.0637989 	-1.06794 	0.000161519 	-0.0676888 	0.00311301 	
0.08	1.45574 	-0.0659357 	-1.1037 	0.000166885 	-0.0699562 	0.00321722 	
0.085	1.49947 	-0.0679161 	-1.13684 	0.000171848 	-0.0720578 	0.00331379 	
0.09	1.54 	-0.0697516 	-1.16755 	0.000176437 	-0.0740056 	0.00340328 	
0.095	1.57756 	-0.0714528 	-1.19602 	0.000180679 	-0.0758111 	0.00348621 	
0.1	1.61238 	-0.0730296 	-1.2224 	0.000184598 	-0.0774845 	0.00356306 	
0.105	1.64465 	-0.0744909 	-1.24684 	0.000188217 	-0.0790356 	0.00363427 	
0.11	1.67457 	-0.0758454 	-1.2695 	0.000191558 	-0.0804733 	0.00370025 	
0.115	1.70229 	-0.0771007 	-1.29049 	0.000194641 	-0.0818059 	0.00376139 	
0.12	1.72799 	-0.0782643 	-1.30995 	0.000197481 	-0.0830412 	0.00381804 	
0.125	1.75181 	-0.0793427 	-1.32798 	0.000200098 	-0.0841862 	0.00387052 	
0.13	1.77389 	-0.0803422 	-1.34468 	0.000202507 	-0.0852476 	0.00391914 	
0.135	1.79436 	-0.0812686 	-1.36016 	0.000204723 	-0.0862315 	0.00396419 	
0.14	1.81333 	-0.0821273 	-1.37451 	0.000206759 	-0.0871436 	0.00400592 	
0.145	1.83091 	-0.0829231 	-1.3878 	0.000208627 	-0.0879891 	0.00404458 	
0.15	1.84721 	-0.0836608 	-1.40012 	0.00021034 	-0.0887729 	0.00408039 	
0.155	1.86232 	-0.0843446 	-1.41153 	0.000211908 	-0.0894996 	0.00411355 	
0.16	1.87633 	-0.0849783 	-1.42211 	0.000213341 	-0.0901733 	0.00414427 	
0.165	1.88781 	-0.0842658 	-1.43413 	0.000275298 	-0.0908013 	0.00416352 	
0.17	1.90015 	-0.0848715 	-1.44338 	0.00027335 	-0.0913929 	0.00418885 	
0.175	1.91154 	-0.0854466 	-1.45187 	0.000270666 	-0.0919405 	0.00421184 	
0.18	1.92202 	-0.0859718 	-1.45969 	0.000268485 	-0.0924456 	0.0042331 	
0.185	1.93173 	-0.0864587 	-1.46692 	0.00026644 	-0.0929139 	0.00425277 	
0.19	1.94074 	-0.08691 	-1.47363 	0.000264521 	-0.0933482 	0.00427098 	
0.195	1.94909 	-0.0873283 	-1.47984 	0.000262717 	-0.093751 	0.00428783 	
0.2	1.95683 	-0.0877161 	-1.48559 	0.00026102 	-0.0941246 	0.00430342 	
0.205	1.96401 	-0.0880756 	-1.49091 	0.000259421 	-0.0944712 	0.00431784 	
0.21	1.97067 	-0.0884088 	-1.49585 	0.000257912 	-0.0947926 	0.00433117 	
0.215	1.97685 	-0.0887177 	-1.50041 	0.000256486 	-0.0950909 	0.0043435 	
0.22	1.98258 	-0.0890041 	-1.50464 	0.000255137 	-0.0953676 	0.0043549 	
0.225	1.98632 	-0.0879275 	-1.51086 	0.000316811 	-0.0956277 	0.00435629 	
0.23	1.99156 	-0.0882389 	-1.51464 	0.000312261 	-0.0958782 	0.00436505 	
0.235	1.99636 	-0.0885412 	-1.51808 	0.000307165 	-0.0961099 	0.00437267 	
0.24	2.00074 	-0.0888138 	-1.52119 	0.000302738 	-0.0963222 	0.00437967 	
0.245	2.0048 	-0.0890664 	-1.52408 	0.000298603 	-0.0965193 	0.00438612 	
0.25	2.00857 	-0.0893007 	-1.52675 	0.00029474 	-0.0967024 	0.00439207 	
0.255	2.01206 	-0.0895179 	-1.52922 	0.000291127 	-0.0968724 	0.00439754 	
0.26	2.01531 	-0.0897193 	-1.5315 	0.000287746 	-0.0970303 	0.00440258 	
0.265	2.01833 	-0.089906 	-1.53361 	0.00028458 	-0.0971771 	0.00440721 	
0.27	2.02113 	-0.0900791 	-1.53556 	0.000281611 	-0.0973134 	0.00441147 	
0.275	2.02203 	-0.0887985 	-1.53985 	0.00034678 	-0.0974438 	0.00440593 	
0.28	2.02478 	-0.0890192 	-1.54169 	0.000340501 	-0.097575 	0.0044085 	
0.285	2.02727 	-0.0892379 	-1.54331 	0.000333755 	-0.0976958 	0.00441032 	
0.29	2.0295 	-0.0894322 	-1.54475 	0.000327825 	-0.0978053 	0.00441194 	
0.295	2.03157 	-0.0896124 	-1.54607 	0.000322292 	-0.0979071 	0.00441339 	
0.3	2.03349 	-0.0897795 	-1.54729 	0.000317126 	-0.0980018 	0.0044147 	
0.305	2.03528 	-0.0899344 	-1.54841 	0.000312301 	-0.0980901 	0.00441587 	
0.31	2.03695 	-0.0900781 	-1.54945 	0.000307791 	-0.0981723 	0.00441691 	
0.315	2.03686 	-0.088835 	-1.55279 	0.000368813 	-0.0982523 	0.00440918 	
0.32	2.03862 	-0.0890274 	-1.55382 	0.000361343 	-0.0983363 	0.00440902 	
0.325	2.0402 	-0.0892196 	-1.55471 	0.000353517 	-0.0984137 	0.00440832 	
0.33	2.04159 	-0.0893898 	-1.55546 	0.000346559 	-0.098483 	0.0044076 	
0.335	2.04288 	-0.0895477 	-1.55615 	0.00034007 	-0.0985477 	0.00440688 	
0.34	2.04409 	-0.0896941 	-1.55679 	0.000334014 	-0.0986082 	0.00440616 	
0.345	2.04521 	-0.0898299 	-1.55737 	0.00032836 	-0.0986647 	0.00440545 	
0.35	2.04465 	-0.0886091 	-1.56024 	0.00038724 	-0.0987208 	0.00439663 	
0.355	2.04593 	-0.0887935 	-1.56088 	0.00037883 	-0.0987824 	0.00439497 	
0.36	2.04708 	-0.0889782 	-1.5614 	0.000370137 	-0.0988392 	0.00439287 	
0.365	2.04807 	-0.0891417 	-1.56182 	0.000362366 	-0.0988896 	0.00439085 	
0.37	2.04899 	-0.0892934 	-1.56219 	0.000355119 	-0.0989368 	0.00438892 	
0.375	2.04986 	-0.089434 	-1.56254 	0.000348357 	-0.098981 	0.00438708 	
0.38	2.05066 	-0.0895644 	-1.56285 	0.000342046 	-0.0990226 	0.00438532 	
0.385	2.04966 	-0.0882241 	-1.56568 	0.000406139 	-0.0990652 	0.00437522 	
0.39	2.05072 	-0.0884111 	-1.56611 	0.000396795 	-0.0991156 	0.00437257 	
0.395	2.05164 	-0.0885989 	-1.56642 	0.000387172 	-0.0991616 	0.00436949 	
0.4	2.05241 	-0.0887642 	-1.56664 	0.00037858 	-0.0992017 	0.00436653 	
0.405	2.05313 	-0.0889175 	-1.56682 	0.000370569 	-0.0992394 	0.00436374 	
0.41	2.05381 	-0.0890596 	-1.56699 	0.000363097 	-0.0992748 	0.00436109 	
0.415	2.05278 	-0.0878184 	-1.56955 	0.000422251 	-0.0993116 	0.00435106 	
0.42	2.05369 	-0.0880108 	-1.56984 	0.000412124 	-0.0993558 	0.00434768 	
0.425	2.05449 	-0.0882032 	-1.57003 	0.000401808 	-0.0993964 	0.00434395 	
0.43	2.05516 	-0.0883736 	-1.57014 	0.000392542 	-0.0994317 	0.00434039 	
0.435	2.05578 	-0.0885315 	-1.57022 	0.000383904 	-0.0994651 	0.00433703 	
0.44	2.05637 	-0.088678 	-1.5703 	0.000375849 	-0.0994965 	0.00433386 	
0.445	2.05517 	-0.0873696 	-1.57291 	0.000438258 	-0.0995299 	0.00432335 	
0.45	2.05604 	-0.0875704 	-1.57314 	0.000427384 	-0.0995717 	0.00431945 	
0.455	2.05678 	-0.0877711 	-1.57325 	0.000416331 	-0.0996099 	0.00431519 	
0.46	2.05739 	-0.0879483 	-1.57329 	0.000406408 	-0.0996428 	0.00431112 	
0.465	2.05797 	-0.0881127 	-1.57331 	0.000397161 	-0.0996739 	0.00430729 	
0.47	2.05851 	-0.0882651 	-1.57332 	0.000388539 	-0.0997033 	0.00430368 	
0.475	2.05715 	-0.0868785 	-1.57604 	0.000454903 	-0.0997351 	0.00429278 	
0.48	2.05801 	-0.0870899 	-1.57623 	0.00044325 	-0.0997765 	0.00428843 	
0.485	2.05875 	-0.0873009 	-1.57631 	0.000431423 	-0.099814 	0.00428369 	
0.49	2.05933 	-0.087487 	-1.5763 	0.000420818 	-0.0998459 	0.00427917 	
0.495	2.05989 	-0.0876595 	-1.57627 	0.000410936 	-0.0998761 	0.00427491 	
0.5	2.05872 	-0.0864574 	-1.57868 	0.000468437 	-0.099908 	0.00426463 	
0.505	2.05954 	-0.0866768 	-1.5788 	0.000456156 	-0.0999481 	0.00425982 	
0.51	2.06025 	-0.0868943 	-1.57884 	0.000443818 	-0.0999849 	0.00425471 	
0.515	2.06083 	-0.0870878 	-1.5788 	0.000432679 	-0.100017 	0.00424985 	
0.52	2.06138 	-0.0872672 	-1.57875 	0.000422301 	-0.100047 	0.00424528 	
0.525	2.06016 	-0.0860389 	-1.5812 	0.000481308 	-0.100079 	0.00423496 	
0.53	2.06099 	-0.0862664 	-1.58131 	0.000468467 	-0.10012 	0.00422983 	
0.535	2.0617 	-0.086492 	-1.58133 	0.000455584 	-0.100157 	0.0042244 	
0.54	2.06228 	-0.0866925 	-1.58127 	0.000443954 	-0.100189 	0.00421923 	
0.545	2.06284 	-0.0868784 	-1.58121 	0.00043312 	-0.100219 	0.00421437 	
0.55	2.06155 	-0.0856057 	-1.58375 	0.000494589 	-0.100252 	0.004204 	
0.555	2.0624 	-0.0858424 	-1.58385 	0.000481165 	-0.100293 	0.00419859 	
0.56	2.06313 	-0.0860767 	-1.58386 	0.000467705 	-0.100331 	0.00419283 	
0.565	2.06372 	-0.0862849 	-1.58378 	0.000455563 	-0.100364 	0.00418735 	
0.57	2.06428 	-0.0864779 	-1.5837 	0.000444253 	-0.100395 	0.0041822 	
0.575	2.06293 	-0.0851616 	-1.58634 	0.000508205 	-0.100428 	0.00417185 	
0.58	2.0638 	-0.085408 	-1.58644 	0.000494176 	-0.100471 	0.00416613 	
0.585	2.06455 	-0.0856517 	-1.58644 	0.00048012 	-0.10051 	0.00416004 	
0.59	2.06516 	-0.0858681 	-1.58636 	0.000467447 	-0.100543 	0.00415425 	
0.595	2.06573 	-0.0860685 	-1.58626 	0.000455645 	-0.100575 	0.00414881 	
0.6	2.06432 	-0.0847112 	-1.58899 	0.000522012 	-0.100609 	0.00413853 	
0.605	2.06523 	-0.0849675 	-1.5891 	0.000507366 	-0.100654 	0.0041325 	
0.61	2.066 	-0.085221 	-1.58909 	0.000492701 	-0.100694 	0.00412609 	
0.615	2.06662 	-0.0854457 	-1.58899 	0.000479487 	-0.100728 	0.00411998 	
0.62	2.06554 	-0.0843551 	-1.59127 	0.000532694 	-0.100764 	0.00411031 	
0.625	2.0664 	-0.0846179 	-1.59133 	0.000517557 	-0.100807 	0.00410386 	
0.63	2.06716 	-0.0848758 	-1.5913 	0.000502552 	-0.100847 	0.00409717 	
0.635	2.0678 	-0.0851069 	-1.5912 	0.000488934 	-0.100882 	0.00409082 	
0.64	2.06672 	-0.0840213 	-1.59348 	0.000542157 	-0.100919 	0.00408131 	
0.645	2.0676 	-0.08429 	-1.59354 	0.000526637 	-0.100963 	0.00407464 	
0.65	2.06838 	-0.0845535 	-1.5935 	0.000511269 	-0.101004 	0.00406773 	
0.655	2.06903 	-0.0847896 	-1.59339 	0.000497317 	-0.10104 	0.00406117 	
0.66	2.06792 	-0.0836847 	-1.59574 	0.000551823 	-0.101077 	0.00405181 	
0.665	2.06882 	-0.0839596 	-1.59579 	0.000535907 	-0.101122 	0.00404493 	
0.67	2.06962 	-0.0842291 	-1.59575 	0.000520149 	-0.101164 	0.00403778 	
0.675	2.07028 	-0.0844706 	-1.59564 	0.000505847 	-0.1012 	0.00403101 	
0.68	2.06914 	-0.0833453 	-1.59804 	0.00056171 	-0.101238 	0.00402181 	
0.685	2.07007 	-0.0836268 	-1.5981 	0.000545379 	-0.101285 	0.00401471 	
0.69	2.07088 	-0.0839027 	-1.59806 	0.000529212 	-0.101327 	0.00400733 	
0.695	2.07155 	-0.0841498 	-1.59794 	0.000514544 	-0.101364 	0.00400032 	
0.7	2.07039 	-0.0830055 	-1.6004 	0.000571725 	-0.101403 	0.00399132 	
0.705	2.07134 	-0.0832938 	-1.60046 	0.000554964 	-0.101451 	0.00398398 	
0.71	2.07217 	-0.0835763 	-1.60042 	0.000538376 	-0.101494 	0.00397635 	
0.715	2.07285 	-0.0838292 	-1.6003 	0.00052333 	-0.101532 	0.00396911 	
0.72	2.07166 	-0.0826674 	-1.60281 	0.000581782 	-0.101571 	0.00396032 	
0.725	2.07263 	-0.0829626 	-1.60287 	0.000564584 	-0.10162 	0.00395275 	
0.73	2.07348 	-0.0832518 	-1.60283 	0.000547566 	-0.101665 	0.00394487 	
0.735	2.07418 	-0.0835106 	-1.60271 	0.000532136 	-0.101703 	0.00393738 	
0.74	2.07296 	-0.0823326 	-1.60527 	0.000591813 	-0.101744 	0.00392884 	
0.745	2.07396 	-0.0826348 	-1.60534 	0.000574172 	-0.101793 	0.00392103 	
0.75	2.07482 	-0.0829308 	-1.6053 	0.000556721 	-0.101839 	0.00391289 	
0.755	2.07554 	-0.0831955 	-1.60517 	0.000540902 	-0.101878 	0.00390515 	
0.76	2.07429 	-0.0820027 	-1.60778 	0.000601762 	-0.101919 	0.00389689 	
0.765	2.07531 	-0.0823119 	-1.60785 	0.000583678 	-0.10197 	0.00388884 	
0.77	2.07619 	-0.0826146 	-1.60781 	0.000565792 	-0.102017 	0.00388043 	
0.775	2.07692 	-0.0828852 	-1.60768 	0.000549583 	-0.102057 	0.00387244 	
0.78	2.07565 	-0.081679 	-1.61034 	0.000611584 	-0.102099 	0.00386449 	
0.785	2.07669 	-0.0819951 	-1.61041 	0.000593057 	-0.102151 	0.00385619 	
0.79	2.07758 	-0.0823045 	-1.61037 	0.000574737 	-0.102198 	0.00384751 	
0.795	2.07833 	-0.082581 	-1.61024 	0.000558139 	-0.102239 	0.00383927 	
0.8	2.07703 	-0.0813626 	-1.61295 	0.000621241 	-0.102281 	0.00383165 	
0.805	2.07809 	-0.0816855 	-1.61302 	0.000602273 	-0.102334 	0.0038231 	
0.81	2.07901 	-0.0820015 	-1.61298 	0.000583522 	-0.102382 	0.00381416 	
0.815	2.07976 	-0.082284 	-1.61284 	0.000566537 	-0.102424 	0.00380566 	
0.82	2.07844 	-0.0810546 	-1.6156 	0.000630699 	-0.102467 	0.00379841 	
0.825	2.07952 	-0.0813843 	-1.61568 	0.000611294 	-0.102521 	0.00378962 	
0.83	2.08045 	-0.0817068 	-1.61563 	0.000592115 	-0.10257 	0.0037804 	
0.835	2.08122 	-0.0819949 	-1.61549 	0.000574747 	-0.102612 	0.00377164 	
0.84	2.07988 	-0.080756 	-1.61829 	0.00063993 	-0.102656 	0.0037648 	
0.845	2.08098 	-0.0810922 	-1.61838 	0.000620092 	-0.102712 	0.00375575 	
0.85	2.08193 	-0.0814211 	-1.61833 	0.000600491 	-0.102761 	0.00374627 	
0.855	2.08271 	-0.0817149 	-1.61819 	0.000582743 	-0.102804 	0.00373725 	
0.86	2.08134 	-0.0804675 	-1.62103 	0.000648907 	-0.102849 	0.00373083 	
0.865	2.08246 	-0.0808103 	-1.62112 	0.000628642 	-0.102905 	0.00372153 	
0.87	2.08342 	-0.0811454 	-1.62107 	0.000608624 	-0.102955 	0.00371178 	
0.875	2.08421 	-0.0814448 	-1.62092 	0.000590501 	-0.102999 	0.0037025 	
0.88	2.08282 	-0.0801902 	-1.62381 	0.000657605 	-0.103044 	0.00369654 	
0.885	2.08396 	-0.0805393 	-1.6239 	0.000636921 	-0.103101 	0.003687 	
0.89	2.08494 	-0.0808806 	-1.62385 	0.000616492 	-0.103152 	0.00367698 	
0.895	2.08405 	-0.0799909 	-1.62608 	0.000663924 	-0.103199 	0.00367004 	
0.9	2.08511 	-0.0803439 	-1.62609 	0.000642861 	-0.103254 	0.00365992 	
0.905	2.08606 	-0.0806861 	-1.62601 	0.000622287 	-0.103304 	0.00364963 	
0.91	2.08688 	-0.0809948 	-1.62586 	0.000603525 	-0.103349 	0.00363991 	
0.915	2.0855 	-0.079765 	-1.62875 	0.000670266 	-0.103395 	0.00363475 	
0.92	2.08666 	-0.0801223 	-1.62884 	0.000648994 	-0.103453 	0.00362481 	
0.925	2.08766 	-0.0804715 	-1.62879 	0.000628003 	-0.103505 	0.00361438 	
0.93	2.08675 	-0.0795798 	-1.63106 	0.00067633 	-0.103553 	0.00360808 	
0.935	2.08783 	-0.0799412 	-1.63107 	0.000654677 	-0.103609 	0.00359756 	
0.94	2.0888 	-0.0802915 	-1.63099 	0.000633527 	-0.10366 	0.00358687 	
0.945	2.08793 	-0.0794311 	-1.63322 	0.000680445 	-0.103708 	0.00358073 	
0.95	2.08902 	-0.0797949 	-1.63323 	0.000658602 	-0.103764 	0.00357005 	
0.955	2.08999 	-0.0801472 	-1.63315 	0.000637287 	-0.103816 	0.00355921 	
0.96	2.08912 	-0.0792883 	-1.63539 	0.000684475 	-0.103864 	0.00355338 	
0.965	2.09022 	-0.0796544 	-1.63541 	0.000662445 	-0.103921 	0.00354257 	
0.97	2.0912 	-0.0800091 	-1.63533 	0.000640948 	-0.103973 	0.00353159 	
0.975	2.09031 	-0.0791494 	-1.63759 	0.000688542 	-0.104021 	0.0035261 	
0.98	2.09142 	-0.0795182 	-1.6376 	0.000666314 	-0.104078 	0.00351514 	
0.985	2.09241 	-0.0798754 	-1.63752 	0.000644622 	-0.10413 	0.00350401 	
0.99	2.09152 	-0.0790154 	-1.6398 	0.000692605 	-0.10418 	0.00349885 	
0.995	2.09263 	-0.079387 	-1.63982 	0.000670168 	-0.104237 	0.00348774 	
1	2.09363 	-0.0797469 	-1.63974 	0.000648271 	-0.104289 	0.00347646 	
1.005	2.09273 	-0.0788873 	-1.64204 	0.000696615 	-0.104339 	0.00347164 	
1.01	2.09385 	-0.0792617 	-1.64205 	0.000673961 	-0.104396 	0.00346038 	
1.015	2.09485 	-0.0796244 	-1.64197 	0.000651852 	-0.104449 	0.00344892 	
1.02	2.09395 	-0.0787658 	-1.64429 	0.000700528 	-0.104499 	0.00344444 	
1.025	2.09508 	-0.0791431 	-1.64431 	0.000677654 	-0.104557 	0.00343303 	
1.03	2.09609 	-0.0795087 	-1.64423 	0.000655328 	-0.10461 	0.00342141 	
1.035	2.09517 	-0.0786517 	-1.64656 	0.000704311 	-0.10466 	0.00341728 	
1.04	2.09631 	-0.079032 	-1.64658 	0.000681213 	-0.104718 	0.0034057 	
1.045	2.09733 	-0.0794004 	-1.6465 	0.000658669 	-0.104772 	0.00339391 	
1.05	2.09641 	-0.0785456 	-1.64884 	0.000707935 	-0.104822 	0.00339013 	
1.055	2.09755 	-0.0789289 	-1.64886 	0.000684612 	-0.104881 	0.00337839 	
1.06	2.09857 	-0.0793001 	-1.64878 	0.000661849 	-0.104934 	0.00336643 	
1.065	2.09764 	-0.078448 	-1.65114 	0.000711374 	-0.104985 	0.00336301 	
1.07	2.0988 	-0.0788342 	-1.65116 	0.000687828 	-0.105044 	0.0033511 	
1.075	2.09982 	-0.0792083 	-1.65108 	0.000664848 	-0.105098 	0.00333898 	
1.08	2.09889 	-0.0783593 	-1.65345 	0.000714609 	-0.105149 	0.00333591 	
1.085	2.10005 	-0.0787484 	-1.65347 	0.000690841 	-0.105208 	0.00332384 	
1.09	2.10108 	-0.0791253 	-1.6534 	0.000667645 	-0.105262 	0.00331155 	
1.095	2.10014 	-0.07828 	-1.65578 	0.000717623 	-0.105313 	0.00330886 	
1.1	2.1013 	-0.0786719 	-1.6558 	0.000693636 	-0.105373 	0.00329662 	
1.105	2.10234 	-0.0790515 	-1.65572 	0.000670227 	-0.105427 	0.00328416 	
1.11	2.10139 	-0.0782103 	-1.65811 	0.0007204 	-0.105479 	0.00328184 	
1.115	2.10256 	-0.078605 	-1.65814 	0.000696198 	-0.105538 	0.00326945 	
1.12	2.10361 	-0.0789872 	-1.65806 	0.000672581 	-0.105593 	0.00325682 	
1.125	2.10265 	-0.0781506 	-1.66046 	0.000722928 	-0.105644 	0.00325488 	
1.13	2.10383 	-0.078548 	-1.66048 	0.000698515 	-0.105704 	0.00324232 	
1.135	2.10488 	-0.0789328 	-1.6604 	0.000674693 	-0.105759 	0.00322953 	
1.14	2.10392 	-0.0781011 	-1.66281 	0.000725196 	-0.105811 	0.00322797 	
1.145	2.1051 	-0.078501 	-1.66284 	0.000700577 	-0.105871 	0.00321526 	
1.15	2.10615 	-0.0788883 	-1.66276 	0.000676555 	-0.105926 	0.00320231 	
1.155	2.10518 	-0.078062 	-1.66518 	0.000727194 	-0.105978 	0.00320114 	
1.16	2.10637 	-0.0784644 	-1.6652 	0.000702375 	-0.106038 	0.00318828 	
1.165	2.10742 	-0.0788541 	-1.66512 	0.000678158 	-0.106094 	0.00317516 	
1.17	2.10645 	-0.0780336 	-1.66755 	0.000728913 	-0.106146 	0.00317439 	
1.175	2.10764 	-0.0784383 	-1.66757 	0.000703899 	-0.106206 	0.00316137 	
1.18	2.1087 	-0.0788302 	-1.66749 	0.000679494 	-0.106262 	0.0031481 	
1.185	2.10772 	-0.0780159 	-1.66992 	0.000730346 	-0.106313 	0.00314772 	
1.19	2.10892 	-0.0784229 	-1.66995 	0.000705144 	-0.106374 	0.00313456 	
1.195	2.10998 	-0.078817 	-1.66987 	0.000680556 	-0.10643 	0.00312113 	
1.2	2.109 	-0.0780092 	-1.6723 	0.000731486 	-0.106482 	0.00312116 	
1.205	2.11019 	-0.0784183 	-1.67233 	0.000706102 	-0.106543 	0.00310784 	
1.21	2.11125 	-0.0788144 	-1.67225 	0.000681338 	-0.106598 	0.00309427 	
1.215	2.11027 	-0.0780136 	-1.67469 	0.000732327 	-0.10665 	0.0030947 	
1.22	2.11147 	-0.0784247 	-1.67472 	0.000706769 	-0.106711 	0.00308125 	
1.225	2.11253 	-0.0788227 	-1.67464 	0.000681835 	-0.106767 	0.00306752 	
1.23	2.11155 	-0.0780291 	-1.67708 	0.000732863 	-0.106819 	0.00306837 	
1.235	2.11275 	-0.0784421 	-1.67711 	0.000707138 	-0.10688 	0.00305477 	
1.24	2.11381 	-0.0788419 	-1.67703 	0.000682041 	-0.106936 	0.00304091 	
1.245	2.11283 	-0.0780559 	-1.67947 	0.00073309 	-0.106988 	0.00304217 	
1.25	2.11402 	-0.0784706 	-1.6795 	0.000707205 	-0.107049 	0.00302843 	
1.255	2.11509 	-0.0788721 	-1.67942 	0.000681953 	-0.107105 	0.00301443 	
1.26	2.1141 	-0.078094 	-1.68187 	0.000733004 	-0.107157 	0.0030161 	
1.265	2.1153 	-0.0785104 	-1.68189 	0.000706966 	-0.107219 	0.00300224 	
1.27	2.11637 	-0.0789134 	-1.68181 	0.000681566 	-0.107274 	0.0029881 	
1.275	2.11538 	-0.0781435 	-1.68426 	0.000732601 	-0.107327 	0.00299019 	
1.28	2.11658 	-0.0785613 	-1.68429 	0.000706417 	-0.107388 	0.0029762 	
1.285	2.11764 	-0.0789658 	-1.68421 	0.000680877 	-0.107444 	0.00296193 	
1.29	2.11665 	-0.0782044 	-1.68665 	0.000731877 	-0.107496 	0.00296443 	
1.295	2.11785 	-0.0786236 	-1.68668 	0.000705557 	-0.107557 	0.00295032 	
1.3	2.11892 	-0.0790293 	-1.6866 	0.000679883 	-0.107613 	0.00293593 	
1.305	2.11792 	-0.0782768 	-1.68905 	0.000730829 	-0.107665 	0.00293885 	
1.31	2.11912 	-0.0786972 	-1.68907 	0.00070438 	-0.107726 	0.00292462 	
1.315	2.12019 	-0.079104 	-1.68899 	0.000678582 	-0.107782 	0.0029101 	
1.32	2.11919 	-0.0783605 	-1.69144 	0.000729455 	-0.107834 	0.00291344 	
1.325	2.12039 	-0.078782 	-1.69146 	0.000702886 	-0.107895 	0.00289909 	
1.33	2.12146 	-0.0791899 	-1.69138 	0.000676971 	-0.107951 	0.00288447 	
1.335	2.12046 	-0.0784558 	-1.69383 	0.000727753 	-0.108002 	0.00288822 	
1.34	2.12166 	-0.0788782 	-1.69385 	0.000701072 	-0.108063 	0.00287376 	
1.345	2.12272 	-0.079287 	-1.69377 	0.000675049 	-0.108119 	0.00285903 	
1.35	2.12173 	-0.0785624 	-1.69621 	0.000725721 	-0.108171 	0.00286319 	
1.355	2.12292 	-0.0789856 	-1.69623 	0.000698937 	-0.108232 	0.00284863 	
1.36	2.12399 	-0.0793951 	-1.69615 	0.000672815 	-0.108287 	0.00283379 	
1.365	2.12299 	-0.0786804 	-1.69859 	0.000723358 	-0.108339 	0.00283837 	
1.37	2.12418 	-0.0791042 	-1.69861 	0.00069648 	-0.1084 	0.00282371 	
1.375	2.12524 	-0.0795143 	-1.69853 	0.000670266 	-0.108455 	0.00280877 	
1.38	2.12425 	-0.0788097 	-1.70096 	0.000720662 	-0.108507 	0.00281375 	
1.385	2.12544 	-0.079234 	-1.70098 	0.000693699 	-0.108567 	0.00279901 	
1.39	2.1265 	-0.0796446 	-1.7009 	0.000667404 	-0.108623 	0.00278398 	
1.395	2.1255 	-0.0789502 	-1.70333 	0.000717633 	-0.108674 	0.00278936 	
1.4	2.12669 	-0.0793749 	-1.70335 	0.000690595 	-0.108734 	0.00277453 	
1.405	2.12774 	-0.0797858 	-1.70327 	0.000664226 	-0.10879 	0.00275941 	
1.41	2.12675 	-0.0791019 	-1.70568 	0.000714271 	-0.108841 	0.00276519 	
1.415	2.12793 	-0.0795268 	-1.70571 	0.000687167 	-0.108901 	0.00275028 	
1.42	2.12898 	-0.0799379 	-1.70562 	0.000660734 	-0.108956 	0.00273508 	
1.425	2.12799 	-0.0792646 	-1.70803 	0.000710577 	-0.109007 	0.00274126 	
1.43	2.12917 	-0.0796895 	-1.70806 	0.000683415 	-0.109067 	0.00272627 	
1.435	2.13022 	-0.0801007 	-1.70797 	0.000656928 	-0.109122 	0.002711 	
1.44	2.12923 	-0.0794383 	-1.71037 	0.000706549 	-0.109173 	0.00271757 	
1.445	2.1304 	-0.0798631 	-1.71039 	0.000679341 	-0.109232 	0.00270251 	
1.45	2.13145 	-0.0802741 	-1.71031 	0.000652809 	-0.109287 	0.00268717 	
1.455	2.13046 	-0.0796227 	-1.7127 	0.00070219 	-0.109337 	0.00269412 	
1.46	2.13163 	-0.0800473 	-1.71272 	0.000674945 	-0.109397 	0.002679 	
1.465	2.13267 	-0.0804581 	-1.71264 	0.000648377 	-0.109451 	0.0026636 	
1.47	2.13169 	-0.0798178 	-1.71502 	0.000697501 	-0.109502 	0.00267092 	
1.475	2.13285 	-0.080242 	-1.71504 	0.000670229 	-0.109561 	0.00265574 	
1.48	2.13388 	-0.0806524 	-1.71496 	0.000643635 	-0.109615 	0.00264029 	
1.485	2.1329 	-0.0800235 	-1.71732 	0.000692483 	-0.109665 	0.00264799 	
1.49	2.13406 	-0.0804471 	-1.71734 	0.000665194 	-0.109724 	0.00263276 	
1.495	2.13509 	-0.0808569 	-1.71726 	0.000638585 	-0.109777 	0.00261725 	
1.5	2.13412 	-0.0802394 	-1.71962 	0.000687139 	-0.109827 	0.00262531 	
1.505	2.13526 	-0.0806623 	-1.71964 	0.000659843 	-0.109886 	0.00261004 	
1.51	2.13629 	-0.0810714 	-1.71955 	0.000633228 	-0.109939 	0.00259449 	
1.515	2.13532 	-0.0804655 	-1.72189 	0.00068147 	-0.109989 	0.0026029 	
1.52	2.13646 	-0.0808875 	-1.72191 	0.000654178 	-0.110047 	0.00258759 	
1.525	2.13748 	-0.0812958 	-1.72183 	0.000627568 	-0.1101 	0.00257201 	
1.53	2.13651 	-0.0807015 	-1.72416 	0.00067548 	-0.110149 	0.00258077 	
1.535	2.13765 	-0.0811225 	-1.72418 	0.000648203 	-0.110207 	0.00256543 	
1.54	2.13866 	-0.0815297 	-1.72409 	0.000621606 	-0.11026 	0.00254982 	
1.545	2.1377 	-0.0809472 	-1.7264 	0.000669171 	-0.110309 	0.00255891 	
1.55	2.13883 	-0.081367 	-1.72642 	0.000641919 	-0.110366 	0.00254354 	
1.555	2.13984 	-0.0817732 	-1.72634 	0.000615348 	-0.110419 	0.00252792 	
1.56	2.13888 	-0.0812025 	-1.72863 	0.000662548 	-0.110467 	0.00253733 	
1.565	2.14 	-0.0816209 	-1.72865 	0.000635331 	-0.110524 	0.00252195 	
1.57	2.141 	-0.0820257 	-1.72857 	0.000608796 	-0.110576 	0.00250631 	
1.575	2.14005 	-0.081467 	-1.73085 	0.000655613 	-0.110625 	0.00251604 	
1.58	2.14116 	-0.0818839 	-1.73086 	0.000628444 	-0.110681 	0.00250064 	
1.585	2.14215 	-0.0822873 	-1.73078 	0.000601954 	-0.110733 	0.002485 	
1.59	2.14121 	-0.0817405 	-1.73304 	0.000648372 	-0.110781 	0.00249503 	
1.595	2.14231 	-0.0821558 	-1.73306 	0.00062126 	-0.110837 	0.00247963 	
1.6	2.1433 	-0.0825575 	-1.73298 	0.000594828 	-0.110888 	0.00246399 	
1.605	2.14236 	-0.0820227 	-1.73522 	0.000640828 	-0.110936 	0.00247431 	
1.61	2.14345 	-0.0824362 	-1.73523 	0.000613785 	-0.110991 	0.00245892 	
1.615	2.14443 	-0.0828362 	-1.73515 	0.000587421 	-0.111042 	0.00244329 	
1.62	2.1435 	-0.0823135 	-1.73737 	0.000632987 	-0.111089 	0.00245389 	
1.625	2.14458 	-0.082725 	-1.73739 	0.000606024 	-0.111144 	0.0024385 	
1.63	2.14555 	-0.083123 	-1.73731 	0.000579739 	-0.111195 	0.00242289 	
1.635	2.14639 	-0.083481 	-1.73715 	0.000555834 	-0.111239 	0.00240823 	
1.64	2.14491 	-0.0826847 	-1.74006 	0.000623285 	-0.111285 	0.00242789 	
1.645	2.14607 	-0.0830938 	-1.74016 	0.000596573 	-0.111342 	0.00241322 	
1.65	2.14706 	-0.0834936 	-1.74011 	0.000570182 	-0.111394 	0.00239773 	
1.655	2.1461 	-0.0829737 	-1.74235 	0.000616722 	-0.11144 	0.00240966 	
1.66	2.14716 	-0.0833833 	-1.74237 	0.000589784 	-0.111494 	0.00239424 	
1.665	2.14812 	-0.0837799 	-1.74229 	0.000563498 	-0.111544 	0.00237855 	
1.67	2.14894 	-0.0841364 	-1.74213 	0.000539604 	-0.111588 	0.00236382 	
1.675	2.14749 	-0.0833786 	-1.74498 	0.000605549 	-0.111632 	0.00238412 	
1.68	2.14862 	-0.0837847 	-1.74507 	0.000578923 	-0.111689 	0.00236939 	
1.685	2.14959 	-0.0841816 	-1.74502 	0.000552624 	-0.111739 	0.00235387 	
1.69	2.1504 	-0.0845353 	-1.74486 	0.000528853 	-0.111782 	0.00233916 	
1.695	2.14892 	-0.0837771 	-1.74773 	0.000595714 	-0.111826 	0.00236052 	
1.7	2.15004 	-0.0841821 	-1.74782 	0.000569112 	-0.111882 	0.00234579 	
1.705	2.15101 	-0.0845781 	-1.74777 	0.000542815 	-0.111932 	0.00233024 	
1.71	2.15181 	-0.084931 	-1.74761 	0.000519055 	-0.111974 	0.00231549 	
1.715	2.15034 	-0.0841952 	-1.75044 	0.000584959 	-0.112018 	0.00233714 	
1.72	2.15144 	-0.0845984 	-1.75053 	0.00055842 	-0.112073 	0.00232237 	
1.725	2.1524 	-0.0849926 	-1.75048 	0.000532188 	-0.112122 	0.00230681 	
1.73	2.15319 	-0.0853438 	-1.75032 	0.000508484 	-0.112164 	0.00229207 	
1.735	2.15174 	-0.0846324 	-1.7531 	0.000573237 	-0.112207 	0.0023139 	
1.74	2.15283 	-0.0850328 	-1.75318 	0.000546816 	-0.112261 	0.00229914 	
1.745	2.15377 	-0.0854243 	-1.75313 	0.000520707 	-0.11231 	0.00228361 	
1.75	2.15455 	-0.0857733 	-1.75298 	0.000497111 	-0.112351 	0.0022689 	
1.755	2.15313 	-0.0850859 	-1.75571 	0.000560681 	-0.112393 	0.00229091 	
1.76	2.15419 	-0.0854828 	-1.75579 	0.000534429 	-0.112447 	0.00227618 	
1.765	2.15511 	-0.0858709 	-1.75574 	0.000508491 	-0.112494 	0.00226071 	
1.77	2.15588 	-0.0862169 	-1.75558 	0.000485046 	-0.112535 	0.00224608 	
1.775	2.15449 	-0.0855532 	-1.75826 	0.00054741 	-0.112577 	0.00226821 	
1.78	2.15553 	-0.085946 	-1.75834 	0.00052137 	-0.112629 	0.00225355 	
1.785	2.15644 	-0.0863301 	-1.75829 	0.000495645 	-0.112676 	0.00223817 	
1.79	2.1572 	-0.0866726 	-1.75813 	0.000472388 	-0.112716 	0.00222364 	
1.795	2.15583 	-0.0860322 	-1.76076 	0.000533521 	-0.112757 	0.00224588 	
1.8	2.15685 	-0.0864204 	-1.76083 	0.000507731 	-0.112808 	0.00223131 	
1.805	2.15774 	-0.0867999 	-1.76078 	0.000482255 	-0.112854 	0.00221605 	
1.81	2.15849 	-0.0871385 	-1.76063 	0.00045922 	-0.112893 	0.00220164 	
1.815	2.15714 	-0.0865211 	-1.76321 	0.000519092 	-0.112934 	0.00222395 	
1.82	2.15814 	-0.0869042 	-1.76327 	0.000493585 	-0.112984 	0.00220949 	
1.825	2.15902 	-0.0872788 	-1.76322 	0.00046839 	-0.113029 	0.00219437 	
1.83	2.15976 	-0.0876131 	-1.76308 	0.000445607 	-0.113068 	0.0021801 	
1.835	2.15844 	-0.0870184 	-1.7656 	0.000504186 	-0.113107 	0.00220244 	
1.84	2.15942 	-0.087396 	-1.76566 	0.000478993 	-0.113156 	0.00218811 	
1.845	2.16028 	-0.0877652 	-1.76561 	0.000454109 	-0.1132 	0.00217315 	
1.85	2.161 	-0.0880947 	-1.76547 	0.000431604 	-0.113238 	0.00215905 	
1.855	2.15971 	-0.0875226 	-1.76793 	0.000488857 	-0.113277 	0.00218138 	
1.86	2.16066 	-0.0878943 	-1.76799 	0.000464005 	-0.113325 	0.0021672 	
1.865	2.16151 	-0.0882577 	-1.76794 	0.000439459 	-0.113368 	0.00215242 	
1.87	2.16221 	-0.0885823 	-1.7678 	0.000417258 	-0.113406 	0.00213849 	
1.875	2.16096 	-0.0880323 	-1.77021 	0.000473151 	-0.113443 	0.00216076 	
1.88	2.16189 	-0.0883978 	-1.77026 	0.000448667 	-0.11349 	0.00214676 	
1.885	2.16271 	-0.0887552 	-1.77021 	0.000424485 	-0.113533 	0.00213217 	
1.89	2.16341 	-0.0890743 	-1.77008 	0.000402609 	-0.113569 	0.00211844 	
1.895	2.16218 	-0.0885464 	-1.77243 	0.000457107 	-0.113606 	0.00214061 	
1.9	2.16309 	-0.0889053 	-1.77247 	0.000433016 	-0.113652 	0.00212679 	
1.905	2.16389 	-0.0892563 	-1.77243 	0.000409222 	-0.113693 	0.00211242 	
1.91	2.16457 	-0.0895698 	-1.77229 	0.000387696 	-0.113729 	0.0020989 	
1.915	2.16338 	-0.0890637 	-1.77458 	0.000440764 	-0.113765 	0.00212092 	
1.92	2.16426 	-0.0894156 	-1.77463 	0.000417089 	-0.11381 	0.0021073 	
1.925	2.16505 	-0.0897599 	-1.77458 	0.000393707 	-0.11385 	0.00209316 	
1.93	2.16571 	-0.0900675 	-1.77445 	0.000372551 	-0.113885 	0.00207987 	
1.935	2.16455 	-0.089583 	-1.77668 	0.000424154 	-0.11392 	0.0021017 	
1.94	2.16541 	-0.0899277 	-1.77672 	0.000400918 	-0.113964 	0.00208829 	
1.945	2.16618 	-0.0902649 	-1.77667 	0.000377972 	-0.114003 	0.00207439 	
1.95	2.16683 	-0.0905664 	-1.77655 	0.000357206 	-0.114037 	0.00206135 	
1.955	2.16744 	-0.0908432 	-1.77642 	0.000338047 	-0.114069 	0.00204925 	
1.96	2.1659 	-0.0901955 	-1.7791 	0.000404859 	-0.114103 	0.00207923 	
1.965	2.16679 	-0.0905319 	-1.77919 	0.000382269 	-0.114147 	0.00206664 	
1.97	2.16756 	-0.0908643 	-1.77917 	0.00035967 	-0.114186 	0.0020531 	
1.975	2.16819 	-0.091159 	-1.77905 	0.00033933 	-0.11422 	0.0020403 	
1.98	2.16878 	-0.0914296 	-1.77892 	0.000320564 	-0.114251 	0.00202842 	
1.985	2.16726 	-0.0908005 	-1.78155 	0.000386394 	-0.114283 	0.00205858 	
1.99	2.16812 	-0.0911301 	-1.78164 	0.000364223 	-0.114326 	0.00204618 	
1.995	2.16887 	-0.091456 	-1.78162 	0.000342028 	-0.114364 	0.00203286 	
2	2.16948 	-0.0917449 	-1.7815 	0.000322051 	-0.114396 	0.00202027 	
2.005	2.17006 	-0.0920102 	-1.78138 	0.000303622 	-0.114427 	0.0020086 	
2.01	2.16859 	-0.0914166 	-1.78391 	0.00036683 	-0.114458 	0.00203805 	
2.015	2.16942 	-0.091738 	-1.78399 	0.000345154 	-0.114499 	0.00202585 	
2.02	2.17014 	-0.0920559 	-1.78397 	0.000323463 	-0.114536 	0.0020128 	
2.025	2.17073 	-0.092338 	-1.78385 	0.000303932 	-0.114567 	0.00200049 	
2.03	2.17129 	-0.092597 	-1.78373 	0.000285913 	-0.114596 	0.00198907 	
2.035	2.16989 	-0.0920394 	-1.78615 	0.00034632 	-0.114627 	0.00201768 	
2.04	2.17068 	-0.0923514 	-1.78623 	0.000325224 	-0.114666 	0.00200573 	
2.045	2.17137 	-0.0926601 	-1.7862 	0.000304122 	-0.114701 	0.00199301 	
2.05	2.17195 	-0.0929342 	-1.78609 	0.000285111 	-0.114731 	0.00198102 	
2.055	2.17249 	-0.093186 	-1.78598 	0.000267572 	-0.11476 	0.00196991 	
2.06	2.17115 	-0.0926634 	-1.78829 	0.000325134 	-0.114789 	0.00199761 	
2.065	2.17191 	-0.0929651 	-1.78836 	0.000304688 	-0.114827 	0.00198596 	
2.07	2.17257 	-0.0932637 	-1.78833 	0.000284241 	-0.114861 	0.00197361 	
2.075	2.17312 	-0.0935291 	-1.78823 	0.000265812 	-0.114889 	0.00196199 	
2.08	2.17364 	-0.0937728 	-1.78812 	0.000248811 	-0.114917 	0.00195122 	
2.085	2.17413 	-0.0939965 	-1.78801 	0.000233132 	-0.114942 	0.00194123 	
2.09	2.17254 	-0.093367 	-1.79061 	0.000301219 	-0.11497 	0.00197512 	
2.095	2.1733 	-0.0936569 	-1.79072 	0.000281639 	-0.115007 	0.0019643 	
2.1	2.17395 	-0.0939464 	-1.79071 	0.000261823 	-0.11504 	0.00195245 	
2.105	2.17447 	-0.094202 	-1.79061 	0.000244047 	-0.115068 	0.00194123 	
2.11	2.17497 	-0.0944368 	-1.79051 	0.000227648 	-0.115094 	0.00193083 	
2.115	2.17544 	-0.0946523 	-1.79041 	0.000212525 	-0.115118 	0.00192118 	
2.12	2.17391 	-0.0940607 	-1.79289 	0.000277511 	-0.115144 	0.00195406 	
2.125	2.17463 	-0.0943391 	-1.79298 	0.000258669 	-0.11518 	0.00194357 	
2.13	2.17524 	-0.0946173 	-1.79298 	0.000239594 	-0.115211 	0.00193213 	
2.135	2.17575 	-0.0948632 	-1.79288 	0.000222474 	-0.115237 	0.00192133 	
2.14	2.17622 	-0.0950891 	-1.79279 	0.00020668 	-0.115262 	0.00191131 	
2.145	2.17666 	-0.0952965 	-1.79269 	0.000192113 	-0.115285 	0.00190203 	
2.15	2.17524 	-0.0947553 	-1.795 	0.00025261 	-0.11531 	0.00193306 	
2.155	2.17591 	-0.0950203 	-1.79509 	0.000234619 	-0.115343 	0.00192295 	
2.16	2.17649 	-0.0952853 	-1.79508 	0.000216418 	-0.115372 	0.001912 	
2.165	2.17696 	-0.0955199 	-1.79499 	0.000200068 	-0.115397 	0.00190169 	
2.17	2.17741 	-0.0957355 	-1.7949 	0.000184983 	-0.11542 	0.00189214 	
2.175	2.17783 	-0.0959334 	-1.79481 	0.000171069 	-0.115443 	0.00188327 	
2.18	2.17823 	-0.096115 	-1.79472 	0.000158241 	-0.115463 	0.00187506 	
2.185	2.17665 	-0.0955142 	-1.79718 	0.000224793 	-0.115486 	0.00191003 	
2.19	2.1773 	-0.0957636 	-1.79729 	0.000207907 	-0.115518 	0.00190075 	
2.195	2.17786 	-0.0960152 	-1.79729 	0.000190635 	-0.115546 	0.00189044 	
2.2	2.1783 	-0.0962368 	-1.79721 	0.000175178 	-0.115569 	0.00188069 	
2.205	2.17872 	-0.0964404 	-1.79713 	0.000160916 	-0.115591 	0.00187166 	
2.21	2.17911 	-0.0966275 	-1.79705 	0.000147759 	-0.115611 	0.00186329 	
2.215	2.17948 	-0.0967991 	-1.79696 	0.000135628 	-0.115631 	0.00185552 	
2.22	2.17803 	-0.0962571 	-1.79922 	0.000196642 	-0.115651 	0.00188801 	
2.225	2.17862 	-0.0964901 	-1.79931 	0.000180821 	-0.11568 	0.0018792 	
2.23	2.17913 	-0.0967254 	-1.79931 	0.000164644 	-0.115706 	0.00186952 	
2.235	2.17955 	-0.0969331 	-1.79924 	0.000150151 	-0.115728 	0.00186039 	
2.24	2.17993 	-0.097124 	-1.79917 	0.000136776 	-0.115748 	0.00185194 	
2.245	2.1803 	-0.0972994 	-1.7991 	0.000124437 	-0.115767 	0.0018441 	
2.25	2.18064 	-0.0974605 	-1.79902 	0.000113056 	-0.115785 	0.00183683 	
2.255	2.18097 	-0.0976082 	-1.79894 	0.000102564 	-0.115802 	0.00183009 	
2.26	2.17947 	-0.0970492 	-1.80121 	0.000165304 	-0.11582 	0.00186412 	
2.265	2.18002 	-0.0972625 	-1.80131 	0.00015084 	-0.115847 	0.00185618 	
2.27	2.18049 	-0.0974798 	-1.80132 	0.000135907 	-0.115871 	0.00184728 	
2.275	2.18086 	-0.097671 	-1.80126 	0.000122563 	-0.11589 	0.00183889 	
2.28	2.18122 	-0.0978468 	-1.8012 	0.000110247 	-0.115909 	0.00183112 	
2.285	2.18155 	-0.0980085 	-1.80113 	9.88812e-05 	-0.115926 	0.00182392 	
2.29	2.18186 	-0.0981569 	-1.80107 	8.83963e-05 	-0.115942 	0.00181724 	
2.295	2.18215 	-0.0982932 	-1.801 	7.87267e-05 	-0.115957 	0.00181104 	
2.3	2.18243 	-0.0984183 	-1.80093 	6.98115e-05 	-0.115972 	0.0018053 	
2.305	2.18269 	-0.098533 	-1.80086 	6.15948e-05 	-0.115986 	0.00179998 	
2.31	2.18105 	-0.0979176 	-1.80325 	0.000129926 	-0.116001 	0.00183779 	
2.315	2.18156 	-0.0981079 	-1.80338 	0.000117095 	-0.116026 	0.00183099 	
2.32	2.18199 	-0.0983049 	-1.8034 	0.000103593 	-0.116047 	0.00182304 	
2.325	2.18232 	-0.098477 	-1.80335 	9.15977e-05 	-0.116064 	0.00181552 	
2.33	2.18263 	-0.0986354 	-1.8033 	8.05215e-05 	-0.11608 	0.00180855 	
2.335	2.18292 	-0.0987811 	-1.80325 	7.02961e-05 	-0.116095 	0.00180209 	
2.34	2.18319 	-0.098915 	-1.80319 	6.08583e-05 	-0.11611 	0.0017961 	
2.345	2.18345 	-0.0990382 	-1.80314 	5.21493e-05 	-0.116123 	0.00179055 	
2.35	2.18369 	-0.0991513 	-1.80308 	4.41148e-05 	-0.116136 	0.0017854 	
2.355	2.18391 	-0.0992552 	-1.80303 	3.67044e-05 	-0.116147 	0.00178063 	
2.36	2.18413 	-0.0993506 	-1.80297 	2.98715e-05 	-0.116159 	0.00177621 	
2.365	2.18433 	-0.0994381 	-1.80292 	2.35727e-05 	-0.116169 	0.00177211 	
2.37	2.18452 	-0.0995182 	-1.80286 	1.7768e-05 	-0.116179 	0.00176831 	
2.375	2.18284 	-0.0988866 	-1.80524 	8.74802e-05 	-0.116191 	0.00180756 	
2.38	2.18327 	-0.0990469 	-1.80537 	7.67402e-05 	-0.116212 	0.00180206 	
2.385	2.18364 	-0.0992164 	-1.80541 	6.51766e-05 	-0.11623 	0.00179535 	
2.39	2.18391 	-0.0993635 	-1.80537 	5.49618e-05 	-0.116244 	0.00178898 	
2.395	2.18416 	-0.0994991 	-1.80534 	4.55224e-05 	-0.116257 	0.00178308 	
2.4	2.1844 	-0.099624 	-1.8053 	3.68007e-05 	-0.11627 	0.00177761 	
2.405	2.18462 	-0.0997391 	-1.80526 	2.8743e-05 	-0.116281 	0.00177254 	
2.41	2.18483 	-0.0998452 	-1.80523 	2.12994e-05 	-0.116292 	0.00176784 	
2.415	2.18502 	-0.0999428 	-1.80519 	1.44232e-05 	-0.116302 	0.00176348 	
2.42	2.18521 	-0.100033 	-1.80515 	8.07314e-06 	-0.116312 	0.00175944 	
2.425	2.18538 	-0.100116 	-1.80512 	2.20874e-06 	-0.116321 	0.0017557 	
2.43	2.18554 	-0.100192 	-1.80508 	-3.20676e-06 	-0.116329 	0.00175223 	
2.435	2.18569 	-0.100262 	-1.80505 	-8.20647e-06 	-0.116337 	0.00174901 	
2.44	2.18583 	-0.100326 	-1.80501 	-1.2822e-05 	-0.116344 	0.00174603 	
2.445	2.18597 	-0.100386 	-1.80498 	-1.70824e-05 	-0.116351 	0.00174327 	
2.45	2.18609 	-0.10044 	-1.80494 	-2.1015e-05 	-0.116358 	0.00174071 	
2.455	2.18621 	-0.10049 	-1.80491 	-2.46447e-05 	-0.116364 	0.00173833 	
2.46	2.18632 	-0.100536 	-1.80487 	-2.79949e-05 	-0.11637 	0.00173613 	
2.465	2.18642 	-0.100579 	-1.80484 	-3.10871e-05 	-0.116375 	0.0017341 	
2.47	2.18652 	-0.100618 	-1.80481 	-3.39412e-05 	-0.11638 	0.00173221 	
2.475	2.18661 	-0.100654 	-1.80478 	-3.65758e-05 	-0.116385 	0.00173045 	
2.48	2.18669 	-0.100687 	-1.80475 	-3.90081e-05 	-0.116389 	0.00172883 	
2.485	2.18677 	-0.100717 	-1.80473 	-4.1254e-05 	-0.116393 	0.00172733 	
2.49	2.18684 	-0.100745 	-1.8047 	-4.33283e-05 	-0.116397 	0.00172593 	
2.495	2.18691 	-0.100771 	-1.80467 	-4.52445e-05 	-0.116401 	0.00172464 	
2.5	2.18698 	-0.100794 	-1.80465 	-4.70154e-05 	-0.116404 	0.00172344 	
2.505	2.18704 	-0.100816 	-1.80463 	-4.86528e-05 	-0.116407 	0.00172233 	
2.51	2.18709 	-0.100836 	-1.8046 	-5.01678e-05 	-0.11641 	0.0017213 	
2.515	2.18715 	-0.100855 	-1.80458 	-5.1571e-05 	-0.116413 	0.00172035 	
2.52	2.18719 	-0.100872 	-1.80457 	-5.28702e-05 	-0.116416 	0.00171947 	
2.525	2.18724 	-0.100888 	-1.80455 	-5.40738e-05 	-0.116418 	0.00171865 	
2.53	2.18728 	-0.100903 	-1.80453 	-5.51821e-05 	-0.11642 	0.00171789 	
2.535	2.18732 	-0.100916 	-1.80452 	-5.61776e-05 	-0.116422 	0.00171721 	
2.54	2.18736 	-0.100928 	-1.8045 	-5.70604e-05 	-0.116424 	0.00171659 	
2.545	2.18739 	-0.100938 	-1.80449 	-5.78356e-05 	-0.116426 	0.00171603 	
2.55	2.18742 	-0.100946 	-1.80448 	-5.85006e-05 	-0.116428 	0.00171555 	
2.555	2.18745 	-0.100953 	-1.80447 	-5.90539e-05 	-0.116429 	0.00171512 	
2.56	2.18748 	-0.100957 	-1.80446 	-5.94938e-05 	-0.116431 	0.00171476 	
2.565	2.18751 	-0.100961 	-1.80445 	-5.98188e-05 	-0.116432 	0.00171446 	
2.57	2.18754 	-0.100962 	-1.80444 	-6.00276e-05 	-0.116433 	0.00171422 	
2.575	2.18757 	-0.100962 	-1.80444 	-6.01189e-05 	-0.116435 	0.00171405 	
2.58	2.18759 	-0.100959 	-1.80443 	-6.00916e-05 	-0.116436 	0.00171394 	
2.585	2.18608 	-0.103657 	-1.80625 	-0.000139669 	-0.116437 	0.00179002 	
2.59	2.18632 	-0.103568 	-1.8064 	-0.000134722 	-0.116444 	0.00179098 	
2.595	2.18652 	-0.10345 	-1.80648 	-0.000128849 	-0.11645 	0.00179186 	
2.6	2.18665 	-0.103344 	-1.8065 	-0.000123767 	-0.116455 	0.00179256 	
2.605	2.18677 	-0.103242 	-1.80653 	-0.000118895 	-0.116459 	0.00179328 	
2.61	2.18689 	-0.103145 	-1.80655 	-0.00011421 	-0.116463 	0.00179403 	
2.615	2.18698 	-0.106777 	-1.80641 	-0.000270214 	-0.116466 	0.00184134 	
2.62	2.18713 	-0.106509 	-1.80647 	-0.00025576 	-0.11647 	0.00184565 	
2.625	2.18726 	-0.1062 	-1.8065 	-0.000238929 	-0.116472 	0.00185094 	
2.63	2.18736 	-0.105921 	-1.80653 	-0.000223871 	-0.116473 	0.00185572 	
2.635	2.18756 	-0.109008 	-1.80624 	-0.000357163 	-0.116473 	0.00189842 	
2.64	2.18769 	-0.108598 	-1.80629 	-0.000334518 	-0.116474 	0.00190609 	
2.645	2.18779 	-0.10816 	-1.80633 	-0.000310266 	-0.116474 	0.00191442 	
2.65	2.18787 	-0.107761 	-1.80635 	-0.000288216 	-0.116473 	0.00192204 	
2.655	2.18808 	-0.111233 	-1.806 	-0.000437278 	-0.116471 	0.00197254 	
2.66	2.1882 	-0.110693 	-1.80606 	-0.000407166 	-0.11647 	0.00198319 	
2.665	2.18829 	-0.110127 	-1.8061 	-0.000375485 	-0.116467 	0.00199449 	
2.67	2.18847 	-0.112976 	-1.80579 	-0.000495215 	-0.116463 	0.0020427 	
2.675	2.18856 	-0.112327 	-1.80584 	-0.000458794 	-0.11646 	0.00205583 	
2.68	2.18863 	-0.111666 	-1.80588 	-0.000421684 	-0.116455 	0.00206927 	
2.685	2.18881 	-0.114674 	-1.80555 	-0.000547265 	-0.116449 	0.00212225 	
2.69	2.18891 	-0.11393 	-1.80561 	-0.000505365 	-0.116445 	0.00213752 	
2.695	2.18897 	-0.113176 	-1.80565 	-0.000462914 	-0.116439 	0.00215304 	
2.7	2.18916 	-0.116418 	-1.80529 	-0.000597686 	-0.116432 	0.0022115 	
2.705	2.18925 	-0.115579 	-1.80535 	-0.000550314 	-0.116426 	0.00222889 	
2.71	2.18932 	-0.11473 	-1.80539 	-0.000502459 	-0.116419 	0.0022465 	
2.715	2.1895 	-0.118211 	-1.805 	-0.000646596 	-0.116411 	0.00231048 	
2.72	2.18961 	-0.117275 	-1.80508 	-0.000593698 	-0.116404 	0.00233 	
2.725	2.18967 	-0.116331 	-1.80512 	-0.000540383 	-0.116396 	0.0023497 	
2.73	2.18986 	-0.120048 	-1.8047 	-0.000693756 	-0.116386 	0.00241918 	
2.735	2.18997 	-0.119014 	-1.80478 	-0.00063529 	-0.116379 	0.00244083 	
2.74	2.19014 	-0.121365 	-1.8045 	-0.000726137 	-0.116368 	0.00250057 	
2.745	2.19021 	-0.120243 	-1.80456 	-0.000662661 	-0.116358 	0.0025241 	
2.75	2.19036 	-0.12254 	-1.80426 	-0.000750329 	-0.116346 	0.00258523 	
2.755	2.19044 	-0.121357 	-1.80433 	-0.00068333 	-0.116335 	0.0026101 	
2.76	2.19059 	-0.123724 	-1.80402 	-0.000773325 	-0.116322 	0.00267387 	
2.765	2.19067 	-0.122481 	-1.80409 	-0.000702909 	-0.116311 	0.00270004 	
2.77	2.19083 	-0.124929 	-1.80377 	-0.000795707 	-0.116297 	0.00276658 	
2.775	2.19091 	-0.123626 	-1.80384 	-0.000721851 	-0.116285 	0.00279405 	
2.78	2.19107 	-0.126154 	-1.80352 	-0.000817431 	-0.11627 	0.00286337 	
2.785	2.19116 	-0.12479 	-1.80359 	-0.00074011 	-0.116258 	0.00289214 	
2.79	2.19133 	-0.127398 	-1.80326 	-0.000838407 	-0.116243 	0.00296423 	
2.795	2.19141 	-0.125974 	-1.80334 	-0.000757598 	-0.11623 	0.00299432 	
2.8	2.19159 	-0.12866 	-1.80299 	-0.000858549 	-0.116214 	0.00306917 	
2.805	2.19168 	-0.127174 	-1.80307 	-0.000774238 	-0.116201 	0.00310058 	
2.81	2.19186 	-0.129936 	-1.80271 	-0.000877781 	-0.116184 	0.00317817 	
2.815	2.19196 	-0.128389 	-1.8028 	-0.000789958 	-0.11617 	0.0032109 	
2.82	2.19214 	-0.131227 	-1.80243 	-0.000896037 	-0.116152 	0.00329122 	
2.825	2.19224 	-0.129619 	-1.80252 	-0.000804696 	-0.116138 	0.00332527 	
2.83	2.19243 	-0.132532 	-1.80214 	-0.000913257 	-0.116119 	0.0034083 	
2.835	2.19253 	-0.130861 	-1.80223 	-0.000818399 	-0.116104 	0.00344367 	
2.84	2.19272 	-0.133848 	-1.80184 	-0.000929389 	-0.116085 	0.0035294 	
2.845	2.19283 	-0.132116 	-1.80194 	-0.000831018 	-0.11607 	0.00356609 	
2.85	2.19303 	-0.135175 	-1.80154 	-0.000944388 	-0.11605 	0.00365448 	
2.855	2.19314 	-0.133383 	-1.80164 	-0.00084251 	-0.116033 	0.00369249 	
2.86	2.19334 	-0.136513 	-1.80123 	-0.000958212 	-0.116013 	0.00378354 	
2.865	2.19346 	-0.134659 	-1.80133 	-0.000852836 	-0.115996 	0.00382285 	
2.87	2.19366 	-0.13786 	-1.80091 	-0.000970823 	-0.115974 	0.00391652 	
2.875	2.19378 	-0.135946 	-1.80102 	-0.000861964 	-0.115957 	0.00395714 	
2.88	2.19399 	-0.139216 	-1.80058 	-0.00098219 	-0.115935 	0.00405341 	
2.885	2.19411 	-0.137241 	-1.8007 	-0.000869861 	-0.115917 	0.00409532 	
2.89	2.19432 	-0.14058 	-1.80025 	-0.000992281 	-0.115894 	0.00419418 	
2.895	2.19445 	-0.138545 	-1.80037 	-0.0008765 	-0.115876 	0.00423738 	
2.9	2.19467 	-0.141951 	-1.79992 	-0.00100107 	-0.115851 	0.00433877 	
2.905	2.1948 	-0.139857 	-1.80004 	-0.000881856 	-0.115833 	0.00438325 	
2.91	2.19502 	-0.14333 	-1.79957 	-0.00100853 	-0.115808 	0.00448717 	
2.915	2.19516 	-0.141176 	-1.7997 	-0.000885906 	-0.115788 	0.00453292 	
2.92	2.19538 	-0.144714 	-1.79922 	-0.00101464 	-0.115763 	0.00463933 	
2.925	2.19552 	-0.142502 	-1.79936 	-0.000888629 	-0.115743 	0.00468635 	
2.93	2.19574 	-0.146105 	-1.79887 	-0.00101939 	-0.115716 	0.00479522 	
2.935	2.19599 	-0.14705 	-1.79869 	-0.00103158 	-0.115695 	0.00487871 	
2.94	2.19617 	-0.144687 	-1.79885 	-0.000896871 	-0.115675 	0.004929 	
2.945	2.19635 	-0.148121 	-1.79835 	-0.00101896 	-0.115645 	0.00503862 	
2.95	2.19659 	-0.149053 	-1.79817 	-0.00102941 	-0.115622 	0.0051246 	
2.955	2.19677 	-0.14661 	-1.79833 	-0.000890048 	-0.115601 	0.00517661 	
2.96	2.19695 	-0.150133 	-1.79781 	-0.00101492 	-0.11557 	0.00528951 	
2.965	2.19719 	-0.151082 	-1.79762 	-0.00102494 	-0.115546 	0.00537814 	
2.97	2.19738 	-0.148558 	-1.79779 	-0.000880928 	-0.115524 	0.00543187 	
2.975	2.19756 	-0.15217 	-1.79725 	-0.00100853 	-0.115492 	0.00554805 	
2.98	2.19781 	-0.153135 	-1.79706 	-0.00101806 	-0.115466 	0.00563929 	
2.985	2.19808 	-0.153778 	-1.79691 	-0.00101218 	-0.115442 	0.00573005 	
2.99	2.19827 	-0.1544 	-1.79671 	-0.00100507 	-0.115413 	0.00582107 	
2.995	2.19846 	-0.155026 	-1.7965 	-0.000997795 	-0.115383 	0.00591279 	
3	2.19865 	-0.155657 	-1.7963 	-0.000990436 	-0.115353 	0.00600524 	
3.005	2.19884 	-0.156294 	-1.79609 	-0.000982978 	-0.115323 	0.00609843 	
3.01	2.19904 	-0.156936 	-1.79589 	-0.000975401 	-0.115292 	0.00619235 	
3.015	2.19924 	-0.157583 	-1.79568 	-0.000967687 	-0.115262 	0.00628701 	
3.02	2.19944 	-0.158235 	-1.79547 	-0.000959815 	-0.115231 	0.00638241 	
3.025	2.19964 	-0.15889 	-1.79526 	-0.000951771 	-0.1152 	0.00647854 	
3.03	2.19984 	-0.159549 	-1.79505 	-0.000943536 	-0.115168 	0.00657541 	
3.035	2.20005 	-0.160212 	-1.79483 	-0.000935098 	-0.115137 	0.00667301 	
3.04	2.20026 	-0.160877 	-1.79462 	-0.000926441 	-0.115105 	0.00677134 	
3.045	2.20047 	-0.161546 	-1.79441 	-0.000917553 	-0.115073 	0.0068704 	
3.05	2.20068 	-0.162218 	-1.79419 	-0.000908422 	-0.11504 	0.00697018 	
3.055	2.2009 	-0.162892 	-1.79398 	-0.000899037 	-0.115008 	0.00707068 	
3.06	2.20111 	-0.163568 	-1.79376 	-0.000889388 	-0.114975 	0.0071719 	
3.065	2.20133 	-0.164246 	-1.79354 	-0.000879464 	-0.114941 	0.00727383 	
3.07	2.20155 	-0.164927 	-1.79332 	-0.000869257 	-0.114908 	0.00737647 	
3.075	2.20177 	-0.165609 	-1.7931 	-0.000858759 	-0.114874 	0.00747982 	
3.08	2.20199 	-0.166293 	-1.79288 	-0.000847961 	-0.11484 	0.00758386 	
3.085	2.20221 	-0.166978 	-1.79266 	-0.000836856 	-0.114805 	0.00768859 	
3.09	2.20244 	-0.167664 	-1.79244 	-0.000825438 	-0.114771 	0.00779402 	
3.095	2.20266 	-0.168352 	-1.79221 	-0.000813699 	-0.114736 	0.00790012 	
3.1	2.20289 	-0.169041 	-1.79199 	-0.000801635 	-0.1147 	0.00800691 	
3.105	2.20312 	-0.16973 	-1.79176 	-0.000789239 	-0.114665 	0.00811436 	
3.11	2.20335 	-0.17042 	-1.79153 	-0.000776506 	-0.114629 	0.00822248 	
3.115	2.20358 	-0.171111 	-1.7913 	-0.000763432 	-0.114593 	0.00833125 	
3.12	2.20381 	-0.171803 	-1.79108 	-0.000750012 	-0.114556 	0.00844068 	
3.125	2.20404 	-0.172495 	-1.79085 	-0.000736241 	-0.114519 	0.00855075 	
3.13	2.20427 	-0.173187 	-1.79062 	-0.000722116 	-0.114482 	0.00866146 	
3.135	2.20451 	-0.17388 	-1.79038 	-0.000707633 	-0.114445 	0.0087728 	
3.14	2.20474 	-0.174573 	-1.79015 	-0.000692788 	-0.114407 	0.00888477 	
3.145	2.20498 	-0.175266 	-1.78992 	-0.000677579 	-0.114369 	0.00899735 	
3.15	2.20522 	-0.175959 	-1.78968 	-0.000662002 	-0.114331 	0.00911054 	
3.155	2.20546 	-0.176652 	-1.78945 	-0.000646055 	-0.114292 	0.00922433 	
3.16	2.20569 	-0.177344 	-1.78921 	-0.000629734 	-0.114253 	0.00933872 	
3.165	2.20593 	-0.178037 	-1.78897 	-0.000613038 	-0.114214 	0.00945369 	
3.17	2.20617 	-0.178729 	-1.78874 	-0.000595964 	-0.114175 	0.00956924 	
3.175	2.20641 	-0.179421 	-1.7885 	-0.000578511 	-0.114135 	0.00968537 	
3.18	2.20665 	-0.180112 	-1.78826 	-0.000560675 	-0.114095 	0.00980205 	
3.185	2.2069 	-0.180803 	-1.78802 	-0.000542456 	-0.114054 	0.0099193 	
3.19	2.20714 	-0.181494 	-1.78778 	-0.000523851 	-0.114014 	0.0100371 	
3.195	2.20738 	-0.182184 	-1.78753 	-0.000504859 	-0.113973 	0.0101554 	
3.2	2.20719 	-0.182975 	-1.78686 	-0.000481878 	-0.113907 	0.0102864 	
3.205	2.09324 	-0.210137 	-1.70213 	-0.000722096 	-0.107941 	0.0145205 	
3.21	1.63201 	-0.305306 	-1.36699 	-0.00138384 	-0.084256 	0.030445 	
3.215	1.27904 	-0.351882 	-1.12177 	-0.000992239 	-0.06672 	0.0407862 	
3.22	1.20834 	-0.358313 	-1.0734 	-0.000794943 	-0.063189 	0.0427647 	
3.225	0.808457 	-0.404346 	-0.792223 	2.4337e-05 	-0.0432674 	0.0538116 	
3.23	0.579903 	-0.406001 	-0.622726 	0.00207345 	-0.0320813 	0.0578379 	
3.235	0.393576 	-0.407387 	-0.486334 	0.0035947 	-0.022963 	0.0611747 	
3.24	0.523936 	-0.38869 	-0.580231 	0.00346366 	-0.0294437 	0.0576493 	
3.245	0.641304 	-0.371603 	-0.66538 	0.00333849 	-0.0352899 	0.0544658 	
3.25	0.746848 	-0.355971 	-0.742538 	0.00321963 	-0.0405577 	0.051591 	
3.255	0.841072 	-0.341649 	-0.812107 	0.00310801 	-0.0452736 	0.0490063 	
3.26	0.925028 	-0.328508 	-0.874761 	0.00300384 	-0.049488 	0.0466824 	
3.265	0.9991 	-0.316423 	-0.93082 	0.00290787 	-0.0532214 	0.0446039 	
3.27	0.914579 	-0.32488 	-0.795587 	0.00540938 	-0.0476224 	0.0447186 	
3.275	0.536602 	-0.370973 	-0.298917 	0.0129741 	-0.0246294 	0.0487674 	
3.28	0.500336 	-0.363048 	-0.292576 	0.012807 	-0.0232129 	0.0491687 	
3.285	0.175164 	-0.368871 	-0.0753692 	0.0138513 	-0.00743066 	0.0550312 	
3.29	0.147263 	-0.361073 	-0.0722544 	0.0137067 	-0.00635261 	0.0552813 	
3.295	-0.176147 	-0.366771 	0.146392 	0.0147641 	0.00943966 	0.0610338 	
3.3	-0.196406 	-0.359048 	0.146409 	0.0146355 	0.0102054 	0.0611423 	
3.305	-0.505672 	-0.363974 	0.357144 	0.0156501 	0.0253822 	0.0665528 	
3.31	-0.45784 	-0.353259 	0.309798 	0.0152856 	0.0227986 	0.0653434 	
3.315	-0.902269 	-0.36628 	0.670465 	0.0185158 	0.0453939 	0.0720318 	
3.32	-1.46286 	-0.394153 	1.2565 	0.0272175 	0.0756155 	0.0785902 	
3.325	-1.94038 	-0.413473 	1.75823 	0.0345729 	0.101365 	0.083775 	
3.33	-2.57349 	-0.471777 	2.57495 	0.0470339 	0.138763 	0.0895724 	
3.335	-3.32167 	-0.601268 	3.81137 	0.066982 	0.188723 	0.094869 	
3.34	-3.54779 	-0.599081 	3.96931 	0.0676957 	0.199525 	0.098426 	
3.345	-3.79135 	-0.597973 	4.14621 	0.0686073 	0.211306 	0.102159 	
3.35	-3.89026 	-0.588724 	4.19572 	0.068443 	0.215603 	0.103707 	
3.355	-3.87902 	-0.574395 	4.14889 	0.0674348 	0.214219 	0.103608 	
3.36	-4.30888 	-0.586049 	4.50201 	0.0700057 	0.235919 	0.110042 	
3.365	-4.27664 	-0.571637 	4.44127 	0.0689766 	0.233554 	0.109621 	
3.37	-4.66809 	-0.582208 	4.76431 	0.0713531 	0.253352 	0.115474 	
3.375	-4.63514 	-0.568956 	4.70722 	0.0704398 	0.251049 	0.115046 	
3.38	-5.03693 	-0.581272 	5.04344 	0.0729902 	0.271475 	0.121054 	
3.385	-5.0024 	-0.568944 	4.98862 	0.0721692 	0.269175 	0.120605 	
3.39	-5.41406 	-0.582802 	5.337 	0.0748735 	0.290191 	0.12676 	
3.395	-5.37719 	-0.571193 	5.28322 	0.0741243 	0.287841 	0.126279 	
3.4	-5.87186 	-0.592873 	5.70185 	0.0772 	0.313155 	0.133991 	
3.405	-6.15752 	-0.614993 	6.12431 	0.0813197 	0.329445 	0.135392 	
3.41	-6.86313 	-0.670611 	7.36685 	0.096449 	0.372074 	0.13405 	
3.415	-6.82436 	-0.677678 	7.52206 	0.100197 	0.371276 	0.129951 	
3.42	-7.60517 	-0.770568 	8.74133 	0.117692 	0.415637 	0.132829 	
3.425	-7.53582 	-0.758166 	8.83117 	0.119046 	0.413072 	0.128312 	
3.43	-8.1606 	-0.781533 	9.87303 	0.129451 	0.449986 	0.126918 	
3.435	-7.9142 	-0.761793 	9.80768 	0.130007 	0.439205 	0.120515 	
3.44	-7.93274 	-0.791753 	10.365 	0.13878 	0.448524 	0.11346 	
3.445	-7.99425 	-0.769715 	10.5312 	0.139925 	0.451975 	0.110316 	
3.45	-8.48639 	-0.794479 	11.3182 	0.146853 	0.480368 	0.110211 	
3.455	-8.72586 	-0.799519 	11.5833 	0.14694 	0.492109 	0.111507 	
3.46	-9.21408 	-0.807355 	12.3215 	0.153564 	0.519409 	0.111027 	
3.465	-9.09745 	-0.781173 	12.2982 	0.153568 	0.513848 	0.106831 	
3.47	-9.54824 	-0.789863 	12.9936 	0.159921 	0.539376 	0.106307 	
3.475	-9.33844 	-0.76403 	12.8726 	0.159312 	0.529371 	0.101692 	
3.48	-9.78906 	-0.771229 	13.4876 	0.164162 	0.554344 	0.102459 	
3.485	-9.52709 	-0.745862 	13.314 	0.163298 	0.541992 	0.0976212 	
3.49	-9.90686 	-0.753406 	13.8714 	0.168052 	0.56353 	0.0977089 	
3.495	-9.76317 	-0.729675 	13.7509 	0.166936 	0.555861 	0.0947188 	
3.5	-10.1583 	-0.736576 	14.3194 	0.171614 	0.578168 	0.0949687 	
3.505	-9.9436 	-0.700447 	14.1167 	0.168371 	0.568584 	0.0914874 	
3.51	-10.1671 	-0.684427 	14.5087 	0.169275 	0.584605 	0.0900558 	
3.515	-10.0092 	-0.653002 	14.3752 	0.166491 	0.577986 	0.0870624 	
3.52	-10.2409 	-0.640158 	14.7644 	0.167662 	0.593827 	0.0859031 	
3.525	-10.0834 	-0.610845 	14.6166 	0.165066 	0.586602 	0.08314 	
3.53	-10.3222 	-0.600707 	15.0041 	0.166467 	0.602321 	0.0822078 	
3.535	-10.1607 	-0.574409 	14.8432 	0.163926 	0.594749 	0.0797224 	
3.54	-10.3993 	-0.567996 	15.2323 	0.165345 	0.611086 	0.0790922 	
3.545	-10.2346 	-0.542692 	15.0584 	0.162891 	0.603072 	0.0767393 	
3.55	-10.6533 	-0.543482 	15.658 	0.16591 	0.628332 	0.0770239 	
3.555	-10.8013 	-0.532001 	15.8625 	0.165983 	0.637439 	0.0765849 	
3.56	-10.6376 	-0.513782 	15.7225 	0.164259 	0.630158 	0.0742923 	
3.565	-10.7937 	-0.505072 	15.9364 	0.164569 	0.639943 	0.0740507 	
3.57	-10.6358 	-0.48886 	15.7974 	0.162992 	0.632682 	0.0719153 	
3.575	-10.8017 	-0.482091 	16.0188 	0.163482 	0.642726 	0.0718082 	
3.58	-10.6482 	-0.467568 	15.8799 	0.162026 	0.635451 	0.0698069 	
3.585	-10.8229 	-0.462451 	16.1081 	0.162675 	0.645729 	0.0698124 	
3.59	-10.359 	-0.428663 	15.5628 	0.159055 	0.620342 	0.0659364 	
3.595	-9.94531 	-0.38007 	15.0425 	0.156146 	0.596768 	0.0614603 	
3.6	-10.5069 	-0.399133 	15.8516 	0.161454 	0.630943 	0.0626597 	
3.605	-9.79787 	-0.382479 	14.9905 	0.156434 	0.591183 	0.0588164 	
3.61	-9.5963 	-0.412309 	15.0931 	0.162494 	0.585016 	0.0539223 	
3.615	-8.92544 	-0.375156 	14.3065 	0.151779 	0.550383 	0.0501738 	
3.62	-8.58859 	-0.300915 	14.1265 	0.143506 	0.5392 	0.0439334 	
3.625	-7.94586 	-0.280939 	13.2994 	0.137824 	0.50261 	0.0398304 	
3.63	-7.51985 	-0.256624 	12.9841 	0.138417 	0.482471 	0.0327037 	
3.635	-6.94292 	-0.246983 	12.2583 	0.133351 	0.450134 	0.0294104 	
3.64	-6.60786 	-0.233371 	12.0808 	0.134992 	0.435818 	0.0230325 	
3.645	-6.1074 	-0.232177 	11.4722 	0.13068 	0.408285 	0.0204054 	
3.65	-5.852 	-0.225383 	11.4061 	0.133027 	0.398745 	0.0146957 	
3.655	-5.41525 	-0.229801 	10.885 	0.129223 	0.374998 	0.012669 	
3.66	-5.2276 	-0.227258 	10.9035 	0.132047 	0.369297 	0.00756476 	
3.665	-4.84345 	-0.23518 	10.4466 	0.128561 	0.3485 	0.00607362 	
3.67	-4.71336 	-0.235081 	10.5295 	0.1317 	0.345898 	0.00150939 	
3.675	-4.37228 	-0.24505 	10.1191 	0.128401 	0.327391 	0.000487696 	
3.68	-4.29109 	-0.246165 	10.2515 	0.131745 	0.327305 	-0.00360184 	
3.685	-3.98502 	-0.257213 	9.8748 	0.128546 	0.310569 	-0.00421824 	
3.69	-3.9454 	-0.258715 	10.0454 	0.132018 	0.312535 	-0.0078948 	
3.695	-3.66753 	-0.2702 	9.6927 	0.128861 	0.297159 	-0.00816521 	
3.7	-3.6633 	-0.27155 	9.8932 	0.132413 	0.300814 	-0.0114853 	
3.705	-3.40791 	-0.283065 	9.55727 	0.129257 	0.28647 	-0.0114633 	
3.71	-3.43391 	-0.283926 	9.78148 	0.132856 	0.291525 	-0.0144776 	
3.715	-3.19618 	-0.29523 	9.45689 	0.129677 	0.277953 	-0.0142108 	
3.72	-3.2481 	-0.295404 	9.70018 	0.133304 	0.284179 	-0.0169638 	
3.725	-3.02403 	-0.306369 	9.38289 	0.130089 	0.271174 	-0.0164935 	
3.73	-3.09828 	-0.305752 	9.64179 	0.133732 	0.278387 	-0.019024 	
3.735	-2.88451 	-0.316323 	9.32875 	0.13047 	0.265784 	-0.0183861 	
3.74	-2.97811 	-0.314875 	9.60066 	0.134123 	0.273841 	-0.0207273 	
3.745	-2.77186 	-0.325046 	9.28958 	0.130812 	0.261507 	-0.0199525 	
3.75	-2.88235 	-0.322765 	9.57257 	0.134473 	0.270293 	-0.0221327 	
3.755	-2.69827 	-0.333192 	9.29029 	0.131289 	0.259153 	-0.0212379 	
3.76	-2.86745 	-0.327345 	9.63094 	0.13512 	0.270664 	-0.023203 	
3.765	-2.65726 	-0.328885 	9.26211 	0.131129 	0.256936 	-0.0222234 	
3.77	-2.82056 	-0.336181 	9.67771 	0.135792 	0.26986 	-0.0243653 	
3.775	-2.62403 	-0.331655 	9.26019 	0.131067 	0.255594 	-0.0228604 	
3.78	-2.78868 	-0.339974 	9.69467 	0.136019 	0.268941 	-0.0251456 	
3.785	-2.59508 	-0.335278 	9.27718 	0.131289 	0.254786 	-0.0235829 	
3.79	-2.76472 	-0.342833 	9.70827 	0.136181 	0.268235 	-0.0257676 	
3.795	-2.57357 	-0.337852 	9.28975 	0.131435 	0.254151 	-0.0241512 	
3.8	-2.74689 	-0.344968 	9.71966 	0.136301 	0.267702 	-0.0262694 	
3.805	-2.55765 	-0.339777 	9.3004 	0.131544 	0.253676 	-0.0246104 	
3.81	-2.73398 	-0.346546 	9.72957 	0.136394 	0.267314 	-0.026676 	
3.815	-2.54622 	-0.341193 	9.30971 	0.131629 	0.253335 	-0.0249827 	
3.82	-2.725 	-0.347684 	9.73842 	0.13647 	0.267047 	-0.0270065 	
3.825	-2.53838 	-0.34221 	9.31808 	0.131699 	0.253105 	-0.0252855 	
3.83	-2.71918 	-0.348473 	9.74652 	0.136534 	0.26688 	-0.0272761 	
3.835	-2.53341 	-0.342907 	9.32578 	0.131759 	0.252966 	-0.0255327 	
3.84	-2.71588 	-0.348983 	9.75409 	0.136591 	0.266793 	-0.0274967 	
3.845	-2.53075 	-0.34335 	9.333 	0.131813 	0.252901 	-0.0257351 	
3.85	-2.71461 	-0.34927 	9.76127 	0.136645 	0.266773 	-0.0276779 	
3.855	-2.52993 	-0.343588 	9.33986 	0.131864 	0.252896 	-0.0259014 	
3.86	-2.71494 	-0.349375 	9.76814 	0.136697 	0.266807 	-0.0278273 	
3.865	-2.53059 	-0.34366 	9.34645 	0.131914 	0.252941 	-0.0260388 	
3.87	-2.71656 	-0.349335 	9.77479 	0.136749 	0.266884 	-0.0279511 	
3.875	-2.53241 	-0.343599 	9.35283 	0.131964 	0.253025 	-0.0261526 	
3.88	-2.7192 	-0.349176 	9.78126 	0.136802 	0.266996 	-0.0280542 	
3.885	-2.53516 	-0.34343 	9.35904 	0.132015 	0.253141 	-0.0262475 	
3.89	-2.72265 	-0.34892 	9.78758 	0.136856 	0.267135 	-0.0281404 	
3.895	-2.53864 	-0.343171 	9.3651 	0.132067 	0.253282 	-0.026327 	
3.9	-2.72673 	-0.348585 	9.79376 	0.136911 	0.267296 	-0.028213 	
3.905	-2.5427 	-0.34284 	9.37104 	0.132121 	0.253443 	-0.026394 	
3.91	-2.73131 	-0.348185 	9.79982 	0.136968 	0.267474 	-0.0282746 	
3.915	-2.5472 	-0.342449 	9.37687 	0.132176 	0.253618 	-0.0264509 	
3.92	-2.73626 	-0.347732 	9.80577 	0.137027 	0.267665 	-0.0283271 	
3.925	-2.55204 	-0.342011 	9.38259 	0.132232 	0.253806 	-0.0264995 	
3.93	-2.7415 	-0.347235 	9.8116 	0.137087 	0.267866 	-0.0283724 	
3.935	-2.55715 	-0.341531 	9.38821 	0.132291 	0.254001 	-0.0265414 	
3.94	-2.74697 	-0.346703 	9.81735 	0.137149 	0.268073 	-0.0284116 	
3.945	-2.56245 	-0.341019 	9.39373 	0.13235 	0.254203 	-0.0265779 	
3.95	-2.75259 	-0.346141 	9.82298 	0.137212 	0.268285 	-0.0284461 	
3.955	-2.5679 	-0.340479 	9.39915 	0.132411 	0.254409 	-0.0266099 	
3.96	-2.75833 	-0.345555 	9.82853 	0.137276 	0.2685 	-0.0284765 	
3.965	-2.57344 	-0.339918 	9.40448 	0.132472 	0.254618 	-0.0266383 	
3.97	-2.76413 	-0.344949 	9.83397 	0.137341 	0.268717 	-0.0285037 	
3.975	-2.57905 	-0.339338 	9.40971 	0.132535 	0.254828 	-0.0266638 	
3.98	-2.76999 	-0.344327 	9.83932 	0.137407 	0.268934 	-0.0285284 	
3.985	-2.55844 	-0.337807 	9.3736 	0.132241 	0.253414 	-0.0266922 	
3.99	-2.71149 	-0.34133 	9.74327 	0.136599 	0.265166 	-0.0285665 	
3.995	-2.56771 	-0.337427 	9.3861 	0.132377 	0.253879 	-0.026729 	
4	-2.63005 	-0.33841 	9.61774 	0.135554 	0.260111 	-0.0286336 	
4.005	-2.65644 	-0.339662 	9.52208 	0.133576 	0.259225 	-0.0267441 	
4.01	-2.59065 	-0.337123 	9.55914 	0.135089 	0.257673 	-0.0286929 	
4.015	-2.61775 	-0.338471 	9.46569 	0.133136 	0.25685 	-0.0268129 	
4.02	-2.55843 	-0.335977 	9.51082 	0.134708 	0.255653 	-0.0287439 	
4.025	-2.58641 	-0.33774 	9.4222 	0.132809 	0.254953 	-0.0268832 	
4.03	-2.53375 	-0.33556 	9.47768 	0.134466 	0.254165 	-0.0288049 	
4.035	-2.56201 	-0.337608 	9.39209 	0.132604 	0.253532 	-0.02696 	
4.04	-2.51549 	-0.335605 	9.45619 	0.134329 	0.253101 	-0.0288688 	
4.045	-2.54346 	-0.337821 	9.37201 	0.132488 	0.252486 	-0.0270367 	
4.05	-2.50263 	-0.33589 	9.44337 	0.134266 	0.252371 	-0.0289301 	
4.055	-2.52984 	-0.338195 	9.35937 	0.132433 	0.251735 	-0.0271089 	
4.06	-2.4943 	-0.336267 	9.43698 	0.134256 	0.251903 	-0.0289856 	
4.065	-2.52031 	-0.338613 	9.35225 	0.132423 	0.251214 	-0.0271744 	
4.07	-2.48972 	-0.336641 	9.43534 	0.134283 	0.251641 	-0.0290338 	
4.075	-2.5104 	-0.350384 	9.34137 	0.13463 	0.250194 	-0.0289068 	
4.08	-2.45196 	-0.386072 	9.38698 	0.144144 	0.24758 	-0.0370123 	
4.085	-2.40956 	-0.410617 	9.23826 	0.147488 	0.242548 	-0.040422 	
4.09	-2.36529 	-0.444763 	9.30285 	0.15634 	0.240948 	-0.0477956 	
4.095	-2.32918 	-0.464026 	9.16197 	0.159063 	0.236397 	-0.0506928 	
4.1	-2.29966 	-0.492174 	9.2476 	0.166712 	0.235939 	-0.0571448 	
4.105	-2.27777 	-0.487673 	9.12668 	0.166024 	0.232856 	-0.0583655 	
4.11	-2.25935 	-0.494889 	9.2308 	0.170734 	0.233688 	-0.0637354 	
4.115	-2.24161 	-0.496319 	9.11016 	0.170832 	0.23059 	-0.0650846 	
4.12	-2.22055 	-0.526501 	9.20619 	0.179005 	0.230558 	-0.0720814 	
4.125	-2.18815 	-0.537393 	9.06578 	0.180189 	0.226353 	-0.0734764 	
4.13	-2.17603 	-0.566947 	9.1736 	0.187444 	0.226955 	-0.0789441 	
4.135	-2.15275 	-0.573669 	9.03682 	0.190703 	0.22289 	-0.0845053 	
4.14	-2.16007 	-0.599901 	9.1526 	0.205036 	0.223461 	-0.102685 	
4.145	-2.13681 	-0.609292 	9.0149 	0.207927 	0.219404 	-0.107075 	
4.15	-2.14547 	-0.631934 	9.13461 	0.22162 	0.220213 	-0.124751 	
4.155	-2.12299 	-0.638455 	8.99789 	0.223489 	0.216353 	-0.127908 	
4.16	-2.13281 	-0.657978 	9.1211 	0.236667 	0.217366 	-0.145223 	
4.165	-2.11111 	-0.662099 	8.98503 	0.237627 	0.21368 	-0.147265 	
4.17	-2.12161 	-0.678915 	9.11084 	0.250389 	0.214852 	-0.164331 	
4.175	-2.10036 	-0.681026 	8.97473 	0.250525 	0.211301 	-0.165353 	
4.18	-2.11176 	-0.695537 	9.10322 	0.26297 	0.212626 	-0.182274 	
4.185	-1.98008 	-0.695855 	8.86471 	0.257488 	0.204231 	-0.175493 	
4.19	-1.77856 	-0.710476 	8.80031 	0.259298 	0.196123 	-0.176966 	
4.195	-1.98528 	-0.704392 	8.86904 	0.262102 	0.203666 	-0.182356 	
4.2	-1.53899 	-0.674131 	8.53741 	0.246133 	0.186598 	-0.170042 	
4.205	-1.24776 	-0.643533 	8.12378 	0.229973 	0.172261 	-0.157236 	
4.21	-1.0588 	-0.59496 	8.1018 	0.217223 	0.169177 	-0.147849 	
4.215	-0.844967 	-0.562581 	7.67898 	0.203085 	0.15636 	-0.136702 	
4.22	-0.698927 	-0.528423 	7.89215 	0.19273 	0.159555 	-0.129042 	
4.225	-0.513269 	-0.50111 	7.51029 	0.180301 	0.148111 	-0.11925 	
4.23	-0.386361 	-0.471268 	7.72762 	0.171591 	0.151501 	-0.112938 	
4.235	-0.214423 	-0.451695 	7.37757 	0.162298 	0.140385 	-0.105428 	
4.24	-0.122164 	-0.423345 	7.58631 	0.154439 	0.14439 	-0.0996283 	
4.245	0.0109379 	-0.399014 	7.2697 	0.145201 	0.135216 	-0.0923795 	
4.25	0.133694 	-0.381861 	7.47839 	0.138592 	0.138061 	-0.0874238 	
4.255	0.421446 	-0.376922 	6.84154 	0.12978 	0.116817 	-0.080251 	
4.26	0.526246 	-0.348028 	6.54991 	0.122928 	0.10845 	-0.0752565 	
4.265	0.574912 	-0.342701 	6.90442 	0.117538 	0.116815 	-0.0710176 	
4.27	0.685864 	-0.320383 	6.63836 	0.111607 	0.108662 	-0.0665864 	
4.275	0.711289 	-0.31611 	6.99259 	0.106981 	0.117511 	-0.0629108 	
4.28	0.779945 	-0.29022 	6.69455 	0.10156 	0.109686 	-0.0588522 	
4.285	0.798657 	-0.28849 	7.03547 	0.0976218 	0.118236 	-0.0556787 	
4.29	0.860453 	-0.264706 	6.73434 	0.0928679 	0.110373 	-0.0521279 	
4.295	0.873125 	-0.265112 	7.06673 	0.089533 	0.11874 	-0.0493993 	
4.3	0.929011 	-0.243016 	6.76302 	0.0853576 	0.110845 	-0.046293 	
4.305	0.936197 	-0.245271 	7.09154 	0.0825534 	0.119144 	-0.0439577 	
4.31	0.98696 	-0.224538 	6.78607 	0.0788801 	0.111233 	-0.0412405 	
4.315	0.989297 	-0.228371 	7.11273 	0.0765382 	0.119511 	-0.0392489 	
4.32	0.920953 	-0.196969 	6.91131 	0.0736739 	0.11719 	-0.0371863 	
4.325	0.581874 	-0.167384 	7.54533 	0.0728064 	0.141902 	-0.0364004 	
4.33	0.538 	-0.138965 	7.31057 	0.070136 	0.138064 	-0.0344878 	
4.335	0.225794 	-0.112869 	7.90876 	0.0694675 	0.16112 	-0.0338222 	
4.34	0.210763 	-0.0875146 	7.6332 	0.0669849 	0.155464 	-0.0320681 	
4.345	-0.0728831 	-0.0646031 	8.18534 	0.0664473 	0.176596 	-0.0314798 	
4.35	-0.0660954 	-0.0417779 	7.88426 	0.0641559 	0.169682 	-0.0298883 	
4.355	-0.326495 	-0.0216218 	8.40096 	0.0637383 	0.189295 	-0.0293682 	
4.36	-0.0674964 	-0.0249836 	7.78479 	0.0608796 	0.167931 	-0.0271211 	
4.365	0.38366 	-0.0793929 	7.41332 	0.0585496 	0.146854 	-0.0244155 	
4.37	0.611488 	-0.0831147 	6.87946 	0.0564787 	0.128143 	-0.0228725 	
4.375	1.01443 	-0.134068 	6.57525 	0.054443 	0.109973 	-0.0204363 	
4.38	1.21391 	-0.137353 	6.12183 	0.0527193 	0.0938984 	-0.0191632 	
4.385	1.59463 	-0.195939 	5.88441 	0.0505157 	0.0780679 	-0.0163464 	
4.39	1.77831 	-0.223136 	5.46306 	0.0474094 	0.063804 	-0.0132698 	
4.395	2.13375 	-0.2862 	5.25563 	0.0447939 	0.0496019 	-0.0100645 	
4.4	2.27582 	-0.288647 	4.80263 	0.0454807 	0.0347354 	-0.0120643 	
4.405	2.68156 	-0.31051 	4.50072 	0.0533651 	0.0140218 	-0.0227687 	
4.41	2.79938 	-0.312562 	4.10961 	0.0538258 	0.00137545 	-0.0243231 	
4.415	3.18273 	-0.334494 	3.86485 	0.0614736 	-0.0172546 	-0.034577 	
4.42	2.97192 	-0.363173 	3.995 	0.0661575 	-0.010291 	-0.0339506 	
4.425	2.49463 	-0.468431 	5.19511 	0.0880965 	0.0231834 	-0.0404669 	
4.43	2.33855 	-0.484522 	5.20861 	0.0905606 	0.0266811 	-0.0393595 	
4.435	1.92094 	-0.572577 	6.26189 	0.109899 	0.0559332 	-0.0453323 	
4.44	1.83213 	-0.574264 	6.10014 	0.109174 	0.0545991 	-0.0432091 	
4.445	1.53038 	-0.640769 	6.85088 	0.12344 	0.0753434 	-0.0475799 	
4.45	1.37359 	-0.594757 	6.8076 	0.118677 	0.0790782 	-0.0461266 	
4.455	0.782991 	-0.475801 	7.50543 	0.112545 	0.110411 	-0.0465455 	
4.46	0.653907 	-0.417554 	7.41591 	0.105803 	0.112796 	-0.0440905 	
4.465	0.132393 	-0.312656 	8.03355 	0.100545 	0.140489 	-0.0445699 	
4.47	0.0911284 	-0.272147 	7.85465 	0.0945717 	0.138542 	-0.0419809 	
4.475	-0.387863 	-0.178221 	8.43138 	0.0901346 	0.164217 	-0.0425811 	
4.48	-0.369782 	-0.151679 	8.20982 	0.0849401 	0.159781 	-0.0399924 	
4.485	-0.749293 	-0.077345 	8.68153 	0.0812816 	0.180776 	-0.0403215 	
4.49	-0.74622 	-0.051257 	8.44529 	0.0768461 	0.176406 	-0.0381352 	
4.495	-1.12996 	0.00193878 	8.95548 	0.0757421 	0.198137 	-0.0387603 	
4.5	-1.12181 	-0.0276689 	8.73287 	0.0775691 	0.193559 	-0.0369223 	
4.505	-1.30933 	0.0211515 	8.94385 	0.0745919 	0.203711 	-0.0374665 	
4.51	-1.39767 	0.0574143 	8.95997 	0.071569 	0.206996 	-0.0373465 	
4.515	-1.50281 	0.0914894 	9.01196 	0.0687321 	0.21151 	-0.0371671 	
4.52	-1.54679 	0.0930898 	9.05775 	0.0697827 	0.213345 	-0.0377798 	
4.525	-1.51021 	0.0168206 	9.16845 	0.0800684 	0.212329 	-0.0398692 	
4.53	-1.42556 	-0.0415484 	9.07929 	0.0864193 	0.206612 	-0.0404472 	
4.535	-1.39645 	-0.106442 	9.18197 	0.0954163 	0.205914 	-0.0423579 	
4.54	-1.31809 	-0.15422 	9.08317 	0.100533 	0.200439 	-0.0427497 	
4.545	-1.29612 	-0.209336 	9.18165 	0.108474 	0.200081 	-0.0445373 	
4.55	-1.22395 	-0.24839 	9.07771 	0.112577 	0.194894 	-0.0447819 	
4.555	-1.20849 	-0.295425 	9.17423 	0.119631 	0.194871 	-0.0464632 	
4.56	-1.14185 	-0.327232 	9.06689 	0.122875 	0.18996 	-0.046578 	
4.565	-1.13223 	-0.367562 	9.16285 	0.12918 	0.190254 	-0.0481666 	
4.57	-1.07047 	-0.393327 	9.05323 	0.131692 	0.185597 	-0.0481662 	
4.575	-1.06606 	-0.42808 	9.14955 	0.137364 	0.186187 	-0.0496736 	
4.58	-1.00857 	-0.448793 	9.03838 	0.139249 	0.181759 	-0.0495706 	
4.585	-1.00879 	-0.4789 	9.13567 	0.144385 	0.182621 	-0.0510071 	
4.59	-0.955019 	-0.495381 	9.0234 	0.145734 	0.178397 	-0.0508123 	
4.595	-0.959334 	-0.521609 	9.12203 	0.150415 	0.179506 	-0.0521867 	
4.6	-0.908766 	-0.534536 	9.00893 	0.151301 	0.175462 	-0.0519096 	
4.605	-0.916697 	-0.557524 	9.10914 	0.155597 	0.176794 	-0.0532299 	
4.61	-0.868876 	-0.567461 	8.99535 	0.156086 	0.172906 	-0.0528789 	
4.615	-0.879999 	-0.58774 	9.09727 	0.160054 	0.174439 	-0.0541521 	
4.62	-0.83452 	-0.595156 	8.98285 	0.160198 	0.170685 	-0.0537344 	
4.625	-0.848457 	-0.613169 	9.08655 	0.163889 	0.1724 	-0.0549669 	
4.63	-0.804963 	-0.618457 	8.97152 	0.163735 	0.168758 	-0.0544889 	
4.635	-0.821384 	-0.634573 	9.077 	0.167192 	0.170636 	-0.0556864 	
4.64	-0.77956 	-0.638061 	8.96134 	0.166778 	0.16709 	-0.0551539 	
4.645	-0.798176 	-0.652591 	9.06861 	0.170036 	0.169114 	-0.0563215 	
4.65	-0.757744 	-0.654553 	8.95226 	0.169396 	0.165647 	-0.0557395 	
4.655	-0.778305 	-0.667757 	9.06129 	0.172487 	0.167803 	-0.0568816 	
4.66	-0.739025 	-0.668424 	8.94421 	0.17165 	0.1644 	-0.0562546 	
4.665	-0.761313 	-0.68052 	9.05498 	0.1746 	0.166675 	-0.0573755 	
4.67	-0.722975 	-0.680085 	8.9371 	0.17359 	0.163323 	-0.0567075 	
4.675	-0.7468 	-0.691256 	9.04957 	0.176422 	0.165706 	-0.0578107 	
4.68	-0.709222 	-0.689881 	8.93084 	0.17526 	0.162394 	-0.0571052 	
4.685	-0.734424 	-0.700283 	9.04497 	0.177994 	0.164875 	-0.0581941 	
4.69	-0.697448 	-0.698105 	8.92533 	0.176697 	0.161593 	-0.0574543 	
4.695	-0.723885 	-0.707867 	9.04109 	0.17935 	0.164163 	-0.0585317 	
4.7	-0.687375 	-0.705002 	8.92048 	0.177935 	0.160903 	-0.0577603 	
4.705	-0.714929 	-0.714233 	9.03786 	0.180522 	0.163555 	-0.058829 	
4.71	-0.678765 	-0.710778 	8.91623 	0.179001 	0.160309 	-0.0580285 	
4.715	-0.707332 	-0.719571 	9.0352 	0.181533 	0.163036 	-0.0590908 	
4.72	-0.671411 	-0.715606 	8.91248 	0.179918 	0.159797 	-0.0582633 	
4.725	-0.700903 	-0.724041 	9.03302 	0.182408 	0.162595 	-0.0593213 	
4.73	-0.665136 	-0.719635 	8.90918 	0.180708 	0.159357 	-0.0584686 	
4.735	-0.69548 	-0.727776 	9.03128 	0.183164 	0.16222 	-0.0595243 	
4.74	-0.659788 	-0.722987 	8.90627 	0.181388 	0.158978 	-0.0586481 	
4.745	-0.690919 	-0.730891 	9.02992 	0.183819 	0.161903 	-0.0597032 	
4.75	-0.655237 	-0.725768 	8.9037 	0.181973 	0.158652 	-0.0588049 	
4.755	-0.6871 	-0.733482 	9.02888 	0.184386 	0.161635 	-0.0598608 	
4.76	-0.651367 	-0.728066 	8.90141 	0.182476 	0.158372 	-0.0589418 	
4.765	-0.683918 	-0.73563 	9.02813 	0.184877 	0.16141 	-0.0599999 	
4.77	-0.648084 	-0.729955 	8.89937 	0.18291 	0.158131 	-0.0590611 	
4.775	-0.681283 	-0.737402 	9.02762 	0.185303 	0.161222 	-0.0601227 	
4.78	-0.645304 	-0.731498 	8.89755 	0.183282 	0.157925 	-0.0591652 	
4.785	-0.679119 	-0.738858 	9.02733 	0.185674 	0.161065 	-0.0602313 	
4.79	-0.642957 	-0.732749 	8.89591 	0.183603 	0.157747 	-0.0592558 	
4.795	-0.677359 	-0.740046 	9.02723 	0.185996 	0.160936 	-0.0603274 	
4.8	-0.640979 	-0.733752 	8.89444 	0.183879 	0.157594 	-0.0593347 	
4.805	-0.675946 	-0.741008 	9.02729 	0.186277 	0.160831 	-0.0604126 	
4.81	-0.639321 	-0.734547 	8.8931 	0.184116 	0.157463 	-0.0594033 	
4.815	-0.668743 	-0.747579 	9.09525 	0.187931 	0.161688 	-0.0614176 	
4.82	-0.69905 	-0.7253 	9.10558 	0.18614 	0.163627 	-0.0620612 	
4.825	-0.98278 	-0.642844 	9.11342 	0.178888 	0.17483 	-0.0610989 	
4.83	-0.997339 	-0.635176 	9.05716 	0.178455 	0.174774 	-0.0628892 	
4.835	-1.25156 	-0.564481 	9.08873 	0.172503 	0.18519 	-0.0622663 	
4.84	-1.2411 	-0.561895 	9.04055 	0.173028 	0.184208 	-0.0643938 	
4.845	-1.47511 	-0.500685 	9.07826 	0.167505 	0.193988 	-0.0635372 	
4.85	-1.42452 	-0.525825 	9.08497 	0.17175 	0.191751 	-0.0665907 	
4.855	-1.62672 	-0.531176 	9.29209 	0.17437 	0.201341 	-0.0666034 	
4.86	-1.62189 	-0.506412 	9.25788 	0.172225 	0.20042 	-0.0675692 	
4.865	-1.65811 	-0.390491 	9.18345 	0.161388 	0.201254 	-0.0729213 	
4.87	-1.6693 	-0.268364 	9.17077 	0.152091 	0.202231 	-0.0801622 	
4.875	-1.71847 	-0.168603 	9.11725 	0.141479 	0.203879 	-0.0820593 	
4.88	-1.78407 	-0.0629738 	9.15558 	0.128841 	0.208044 	-0.0788119 	
4.885	-1.84134 	0.018039 	9.12407 	0.116995 	0.21065 	-0.074901 	
4.89	-1.89983 	0.108648 	9.16869 	0.105997 	0.214564 	-0.0720418 	
4.895	-1.94781 	0.175562 	9.13961 	0.0956928 	0.216786 	-0.0684911 	
4.9	-1.99999 	0.253589 	9.18746 	0.086126 	0.220428 	-0.0659925 	
4.905	-2.01741 	0.326549 	9.14479 	0.0773556 	0.220859 	-0.0673181 	
4.91	-2.01326 	0.44911 	9.15905 	0.0696381 	0.22062 	-0.0786255 	
4.915	-2.07804 	0.491325 	9.13092 	0.062476 	0.223115 	-0.0758004 	
4.92	-2.08496 	0.5316 	9.12357 	0.0571978 	0.224043 	-0.0761183 	
4.925	-2.14163 	0.568799 	9.09955 	0.0518473 	0.226155 	-0.0752521 	
4.93	-2.14513 	0.599403 	9.09509 	0.0471506 	0.226995 	-0.0752763 	
4.935	-2.19789 	0.632661 	9.07952 	0.0425373 	0.22903 	-0.0745918 	
4.94	-2.1973 	0.658175 	9.08098 	0.0384734 	0.229772 	-0.0746662 	
4.945	-2.24713 	0.687318 	9.07079 	0.0344625 	0.231729 	-0.0740559 	
4.95	-2.24293 	0.708794 	9.07689 	0.0309569 	0.232368 	-0.0741964 	
4.955	-2.29041 	0.73439 	9.07042 	0.0274626 	0.234244 	-0.0736371 	
4.96	-2.28311 	0.752477 	9.07993 	0.0244406 	0.234781 	-0.0738354 	
4.965	-2.32873 	0.775075 	9.07602 	0.0213918 	0.23658 	-0.0733148 	
4.97	-2.29319 	0.775343 	8.93449 	0.019194 	0.23319 	-0.0725283 	
4.975	-2.30215 	0.701961 	8.70726 	0.025105 	0.228097 	-0.0700145 	
4.98	-2.31185 	0.549824 	9.22562 	0.0448209 	0.235495 	-0.0719971 	
4.985	-2.09416 	0.467226 	8.85194 	0.0489856 	0.221138 	-0.0680449 	
4.99	-2.1198 	0.334877 	9.35884 	0.067021 	0.228989 	-0.0703084 	
4.995	-1.9143 	0.269794 	8.96686 	0.0694573 	0.214882 	-0.0664873 	
5	-1.94731 	0.156797 	9.44227 	0.0857573 	0.222546 	-0.0689342 	
5.005	-1.80893 	0.13665 	9.01659 	0.0834587 	0.210002 	-0.0650547 	
5.01	-2.0138 	0.13303 	9.38223 	0.0879942 	0.220974 	-0.0667922 	
5.015	-1.87169 	0.115152 	8.96261 	0.085545 	0.208616 	-0.0630938 	
5.02	-2.07564 	0.115919 	9.33026 	0.0897797 	0.219806 	-0.0649495 	
5.025	-1.92938 	0.0988878 	8.91879 	0.087308 	0.207627 	-0.0614477 	
5.03	-2.13044 	0.100445 	9.29828 	0.0916207 	0.219103 	-0.0635487 	
5.035	-1.98059 	0.0842457 	8.89277 	0.0891009 	0.207062 	-0.0601985 	
5.04	-2.18912 	0.0886235 	9.29384 	0.093382 	0.219305 	-0.062505 	
5.045	-2.02398 	0.0711708 	8.87737 	0.09086 	0.206608 	-0.0592979 	
5.05	-2.12486 	0.0541078 	9.16823 	0.0962164 	0.213337 	-0.061969 	
5.055	-2.00348 	0.0431102 	8.83798 	0.0939374 	0.203581 	-0.0592656 	
5.06	-2.12088 	0.0277369 	9.16888 	0.0994514 	0.211967 	-0.0621645 	
5.065	-2.03251 	0.0143805 	8.94473 	0.0984282 	0.205114 	-0.0603809 	
5.07	-1.7014 	-0.0934722 	8.74386 	0.108133 	0.190139 	-0.0633804 	
5.075	-1.40255 	-0.15679 	8.32799 	0.110554 	0.173195 	-0.0625562 	
5.08	-1.11713 	-0.254293 	8.18572 	0.119761 	0.160734 	-0.0656054 	
5.085	-0.860406 	-0.309007 	7.82952 	0.121866 	0.146194 	-0.0649026 	
5.09	-0.614014 	-0.399205 	7.74605 	0.130882 	0.136008 	-0.0681158 	
5.095	-0.393571 	-0.446177 	7.43898 	0.132662 	0.123503 	-0.0674894 	
5.1	-0.18087 	-0.529411 	7.40193 	0.141411 	0.115213 	-0.070789 	
5.105	-0.176944 	-0.489087 	7.30341 	0.136275 	0.113299 	-0.0701092 	
5.11	-0.464002 	-0.317729 	7.72539 	0.124486 	0.129118 	-0.0736769 	
5.115	-0.0462347 	-0.300838 	7.01603 	0.118366 	0.104229 	-0.0711382 	
5.12	0.126468 	-0.288986 	6.38451 	0.110331 	0.0887295 	-0.0648354 	
5.125	0.165974 	-0.300672 	6.31201 	0.111801 	0.0862853 	-0.0636553 	
5.13	-0.0856315 	-0.388557 	7.22585 	0.129039 	0.109237 	-0.0679406 	
5.135	-0.103277 	-0.33593 	6.96472 	0.12075 	0.106276 	-0.0635433 	
5.14	-0.532311 	-0.204719 	7.61982 	0.114466 	0.132345 	-0.0639902 	
5.145	-0.5725 	-0.196012 	7.59811 	0.110583 	0.135242 	-0.0597011 	
5.15	-0.786421 	-0.202973 	7.99637 	0.116667 	0.151516 	-0.0595773 	
5.155	-0.853233 	-0.194546 	7.96401 	0.113568 	0.15308 	-0.0563424 	
5.16	-1.1228 	-0.25973 	8.40808 	0.127588 	0.166898 	-0.0577793 	
5.165	-1.21393 	-0.24225 	8.38002 	0.123705 	0.169425 	-0.0542567 	
5.17	-1.29 	-0.12559 	8.51236 	0.114921 	0.175123 	-0.0535354 	
5.175	-1.26928 	0.0220777 	8.30948 	0.0988958 	0.171626 	-0.0541814 	
5.18	-1.87591 	0.534683 	9.15661 	0.055379 	0.205685 	-0.066649 	
5.185	-1.86592 	0.690852 	8.91903 	0.0385234 	0.201375 	-0.0677468 	
5.19	-2.411 	1.14127 	9.70069 	-0.000140195 	0.232395 	-0.0788257 	
5.195	-2.35298 	1.23615 	9.38874 	-0.0120181 	0.225293 	-0.0785773 	
5.2	-2.8608 	1.63532 	10.1175 	-0.0464312 	0.25421 	-0.0887874 	
5.205	-2.75854 	1.67892 	9.74622 	-0.0541819 	0.244714 	-0.0873088 	
5.21	-3.23187 	2.03392 	10.4277 	-0.0849162 	0.271723 	-0.0966931 	
5.215	-3.00797 	2.02269 	9.91922 	-0.087565 	0.255912 	-0.0936818 	
5.22	-3.24481 	2.29363 	10.3271 	-0.110608 	0.270548 	-0.100431 	
5.225	-3.19287 	2.20026 	10.0522 	-0.106683 	0.264991 	-0.0954924 	
5.23	-3.20049 	2.13233 	10.1796 	-0.0948998 	0.268216 	-0.0936607 	
5.235	-3.00793 	1.98277 	9.81347 	-0.0878188 	0.256694 	-0.0862104 	
5.24	-3.04289 	1.93372 	9.97029 	-0.0772553 	0.260502 	-0.0855399 	
5.245	-2.82022 	1.75812 	9.57977 	-0.0673402 	0.248059 	-0.0786816 	
5.25	-2.77338 	1.61025 	9.67908 	-0.0460549 	0.249724 	-0.078871 	
5.255	-2.65934 	1.50437 	9.44198 	-0.0418639 	0.242856 	-0.0731894 	
5.26	-2.62601 	1.4166 	9.51574 	-0.0270476 	0.242727 	-0.0733165 	
5.265	-2.67582 	1.25335 	9.62271 	-0.013123 	0.244797 	-0.0699119 	
5.27	-2.54121 	1.23201 	9.37801 	-0.00660987 	0.235977 	-0.0703575 	
5.275	-2.39981 	1.05197 	9.38231 	0.00724035 	0.233833 	-0.0678713 	
5.28	-2.31946 	1.05611 	9.17896 	0.0123454 	0.227125 	-0.0692698 	
5.285	-2.16709 	0.885583 	9.18998 	0.0249094 	0.224706 	-0.0668589 	
5.29	-2.09053 	0.886172 	8.99982 	0.02991 	0.218535 	-0.0671878 	
5.295	-2.0383 	0.779222 	9.09502 	0.0352895 	0.220435 	-0.0624985 	
5.3	-1.73757 	0.670124 	8.76185 	0.0480806 	0.205792 	-0.0604151 	
5.305	-1.89202 	0.587616 	8.99204 	0.0542899 	0.216043 	-0.0569914 	
5.31	-1.43655 	0.403891 	8.56062 	0.0729046 	0.19566 	-0.0541063 	
5.315	-1.45009 	0.0502015 	8.67978 	0.106503 	0.2021 	-0.048571 	
5.32	-1.14772 	-0.036429 	8.35565 	0.117853 	0.187425 	-0.0478145 	
5.325	-1.17267 	-0.351662 	8.49034 	0.148167 	0.194104 	-0.043459 	
5.33	-0.896322 	-0.40086 	8.18805 	0.156472 	0.180221 	-0.0434027 	
5.335	-0.942706 	-0.685482 	8.3417 	0.184136 	0.18757 	-0.0396045 	
5.34	-0.68457 	-0.703378 	8.0541 	0.189777 	0.174179 	-0.0401211 	
5.345	-0.749298 	-0.962716 	8.22336 	0.215184 	0.182101 	-0.0367706 	
5.35	-0.506923 	-0.954404 	7.94759 	0.218569 	0.169128 	-0.0377797 	
5.355	-0.596294 	-1.20476 	8.13864 	0.242518 	0.17814 	-0.0343865 	
5.36	-0.377029 	-1.18419 	7.8812 	0.244406 	0.166115 	-0.0356121 	
5.365	-0.419989 	-1.33893 	8.02519 	0.263626 	0.171638 	-0.0356823 	
5.37	-0.352689 	-1.2226 	7.91539 	0.252063 	0.165797 	-0.0359468 	
5.375	-0.826752 	-1.12235 	8.45958 	0.233963 	0.188441 	-0.0330224 	
5.38	-0.753222 	-0.967472 	8.26798 	0.219963 	0.180036 	-0.0360254 	
5.385	-1.23803 	-0.831746 	8.80317 	0.205986 	0.202001 	-0.0363543 	
5.39	-1.1305 	-0.703268 	8.56972 	0.193722 	0.192217 	-0.0388554 	
5.395	-1.58146 	-0.586509 	9.06769 	0.181601 	0.212684 	-0.0390652 	
5.4	-1.4467 	-0.476424 	8.80343 	0.170891 	0.201842 	-0.0415117 	
5.405	-1.86926 	-0.377353 	9.27285 	0.160353 	0.221149 	-0.0415092 	
5.41	-1.71038 	-0.283613 	8.98421 	0.151019 	0.209424 	-0.0438389 	
5.415	-2.10999 	-0.199566 	9.43253 	0.14188 	0.227847 	-0.0436383 	
5.42	-1.74342 	-0.189937 	9.00933 	0.138273 	0.21253 	-0.044001 	
5.425	-1.71504 	-0.320868 	9.23734 	0.143655 	0.228345 	-0.037536 	
5.43	-1.62813 	-0.31369 	9.04968 	0.14038 	0.223662 	-0.0355676 	
5.435	-1.16633 	-0.463181 	8.8197 	0.14731 	0.217207 	-0.0303105 	
5.44	-1.15453 	-0.443216 	8.79733 	0.143656 	0.223946 	-0.0289337 	
5.445	-0.739887 	-0.532572 	8.60394 	0.145641 	0.218462 	-0.0252732 	
5.45	-0.724191 	-0.338466 	8.64058 	0.137246 	0.231978 	-0.0492332 	
5.455	-0.17237 	0.0397772 	8.52209 	0.128682 	0.243432 	-0.119986 	
5.46	-0.380832 	-0.000539627 	8.62376 	0.134084 	0.252126 	-0.117113 	
5.465	-0.467439 	0.0355189 	8.69381 	0.125542 	0.248974 	-0.112309 	
5.47	-0.473176 	0.0622197 	8.51642 	0.117476 	0.239417 	-0.10689 	
5.475	-0.969651 	0.143315 	8.9994 	0.111983 	0.256179 	-0.10333 	
5.48	-0.931397 	0.15724 	8.79439 	0.105044 	0.245777 	-0.0980041 	
5.485	-1.39059 	0.229979 	9.25321 	0.100494 	0.26188 	-0.0949437 	
5.49	-1.31026 	0.233137 	9.01414 	0.0944829 	0.250444 	-0.0897559 	
5.495	-1.73673 	0.2991 	9.44817 	0.0907368 	0.265888 	-0.0871633 	
5.5	-1.62151 	0.293359 	9.18214 	0.0855187 	0.253644 	-0.0821317 	
5.505	-2.02095 	0.353917 	9.59753 	0.0824596 	0.2686 	-0.0799908 	
5.51	-1.87644 	0.340946 	9.31031 	0.0779138 	0.25572 	-0.0751477 	
5.515	-2.25426 	0.397247 	9.71224 	0.0754442 	0.270352 	-0.0734317 	
5.52	-2.08509 	0.378274 	9.40822 	0.071472 	0.256967 	-0.0687777 	
5.525	-2.44583 	0.431304 	9.80072 	0.0695069 	0.2714 	-0.067463 	
5.53	-2.2559 	0.407436 	9.48325 	0.0660199 	0.257613 	-0.0630052 	
5.535	-2.6032 	0.458237 	9.86931 	0.0644775 	0.271941 	-0.0621 	
5.54	-2.39561 	0.431106 	9.54086 	0.0613735 	0.257826 	-0.0579392 	
5.545	-2.73268 	0.480433 	9.9229 	0.0601882 	0.272128 	-0.0574292 	
5.55	-2.51148 	0.451419 	9.58637 	0.0573911 	0.257801 	-0.053626 	
5.555	-2.8384 	0.499188 	9.96445 	0.0565097 	0.272035 	-0.0534434 	
5.56	-2.60728 	0.468789 	9.62229 	0.0539795 	0.257599 	-0.0499535 	
5.565	-2.92493 	0.51504 	9.99693 	0.053359 	0.271757 	-0.0500414 	
5.57	-2.6864 	0.483509 	9.65071 	0.0510625 	0.257275 	-0.0468129 	
5.575	-2.9959 	0.52837 	10.0225 	0.050666 	0.271366 	-0.047128 	
5.58	-2.75167 	0.495912 	9.67324 	0.0485717 	0.25687 	-0.0441212 	
5.585	-3.04555 	0.545743 	10.0377 	0.0482316 	0.270599 	-0.0457119 	
5.59	-2.77915 	0.530732 	9.67579 	0.0458891 	0.255534 	-0.0460315 	
5.595	-3.0912 	0.5788 	10.055 	0.0457114 	0.270233 	-0.0474618 	
5.6	-2.81508 	0.562486 	9.6871 	0.0435914 	0.2549 	-0.0478033 	
5.605	-3.12623 	0.606629 	10.0678 	0.0435276 	0.269761 	-0.0490074 	
5.61	-2.84473 	0.58928 	9.69649 	0.0416046 	0.254313 	-0.0493344 	
5.615	-3.1553 	0.630123 	10.0787 	0.0416422 	0.269319 	-0.0503455 	
5.62	-2.86918 	0.61187 	9.70425 	0.0398888 	0.253769 	-0.0506556 	
5.625	-3.17952 	0.649957 	10.088 	0.040017 	0.268911 	-0.051503 	
5.63	-2.88934 	0.630907 	9.71067 	0.038409 	0.253267 	-0.0517949 	
5.635	-3.19975 	0.666707 	10.096 	0.0386182 	0.268536 	-0.0525043 	
5.64	-2.906 	0.646949 	9.71602 	0.0371347 	0.252806 	-0.0527773 	
5.645	-3.21672 	0.68086 	10.103 	0.0374165 	0.268195 	-0.0533709 	
5.65	-2.91975 	0.660465 	9.72047 	0.036039 	0.252383 	-0.0536249 	
5.655	-3.23909 	0.687073 	10.1141 	0.0365279 	0.268168 	-0.0531016 	
5.66	-2.93478 	0.663972 	9.7251 	0.0371586 	0.251907 	-0.0564265 	
5.665	-3.18752 	0.740277 	10.0779 	0.0419596 	0.264974 	-0.0746712 	
5.67	-2.94032 	0.716988 	9.72776 	0.0403388 	0.251306 	-0.0729274 	
5.675	-3.20301 	0.743276 	10.0874 	0.0402856 	0.26501 	-0.0724497 	
5.68	-2.95029 	0.71935 	9.73302 	0.0387736 	0.251151 	-0.0708877 	
5.685	-3.21725 	0.745356 	10.0968 	0.0388366 	0.265088 	-0.0705154 	
5.69	-2.95827 	0.721245 	9.73704 	0.0374314 	0.25098 	-0.0691418 	
5.695	-3.22967 	0.747216 	10.1049 	0.0376025 	0.265145 	-0.0688656 	
