0.0	0.310429	-0.173769	0.537008	0.180534	-1.45468	-0.24872
0.005	0.310429	-0.173769	0.537008	0.180534	-1.45468	-0.24872
0.01	0.310429	-0.173769	0.537008	0.180534	-1.45468	-0.24872
0.015	0.31043	-0.173769	0.537008	0.180534	-1.45468	-0.24872
0.02	0.310431	-0.173769	0.537008	0.180534	-1.45468	-0.24872
0.025	0.310433	-0.173769	0.537009	0.180534	-1.45468	-0.24872
0.03	0.310435	-0.173769	0.537009	0.180534	-1.45468	-0.24872
0.035	0.310438	-0.173769	0.53701	0.180534	-1.45468	-0.24872
0.04	0.310441	-0.173769	0.53701	0.180534	-1.45468	-0.24872
0.045	0.310445	-0.173769	0.537011	0.180534	-1.45468	-0.24872
0.05	0.31045	-0.173769	0.537012	0.180534	-1.45468	-0.24872
0.055	0.310455	-0.17377	0.537013	0.180534	-1.45468	-0.24872
0.06	0.310461	-0.17377	0.537014	0.180534	-1.45468	-0.24872
0.065	0.310467	-0.17377	0.537015	0.180534	-1.45468	-0.24872
0.07	0.310473	-0.17377	0.537016	0.180534	-1.45468	-0.24872
0.075	0.310481	-0.17377	0.537018	0.180534	-1.45468	-0.24872
0.08	0.310488	-0.17377	0.537019	0.180534	-1.45468	-0.24872
0.085	0.310497	-0.17377	0.537021	0.180534	-1.45468	-0.24872
0.09	0.310505	-0.173771	0.537022	0.180534	-1.45468	-0.24872
0.095	0.310516	-0.173771	0.537024	0.180534	-1.45468	-0.24872
0.1	0.310526	-0.173771	0.537026	0.180534	-1.45468	-0.24872
0.105	0.310536	-0.173771	0.537028	0.180534	-1.45468	-0.24872
0.11	0.310547	-0.173771	0.53703	0.180534	-1.45468	-0.24872
0.115	0.310559	-0.173772	0.537032	0.180534	-1.45468	-0.24872
0.12	0.310571	-0.173772	0.537034	0.180534	-1.45468	-0.24872
0.125	0.310583	-0.173772	0.537037	0.180534	-1.45468	-0.24872
0.13	0.310597	-0.173772	0.537039	0.180534	-1.45468	-0.24872
0.135	0.31061	-0.173773	0.537042	0.180534	-1.45468	-0.24872
0.14	0.310624	-0.173773	0.537044	0.180534	-1.45468	-0.24872
0.145	0.310639	-0.173773	0.537047	0.180534	-1.45468	-0.24872
0.15	0.310654	-0.173774	0.53705	0.180534	-1.45468	-0.24872
0.155	0.31067	-0.173774	0.537053	0.180534	-1.45468	-0.24872
0.16	0.310687	-0.173774	0.537056	0.180534	-1.45468	-0.24872
0.165	0.310641	-0.173759	0.53704	0.178912	-1.45354	-0.246485
0.17	0.310658	-0.173759	0.537043	0.178912	-1.45354	-0.246485
0.175	0.310676	-0.17376	0.537047	0.178912	-1.45354	-0.246485
0.18	0.310695	-0.17376	0.53705	0.178912	-1.45354	-0.246485
0.185	0.310714	-0.17376	0.537054	0.178912	-1.45354	-0.246485
0.19	0.310733	-0.173761	0.537057	0.178912	-1.45354	-0.246485
0.195	0.310753	-0.173761	0.537061	0.178912	-1.45354	-0.246485
0.2	0.310774	-0.173762	0.537065	0.178912	-1.45354	-0.246485
0.205	0.310795	-0.173762	0.537069	0.178912	-1.45354	-0.246485
0.21	0.310816	-0.173762	0.537073	0.178912	-1.45354	-0.246485
0.215	0.310839	-0.173763	0.537077	0.178912	-1.45354	-0.246485
0.22	0.310861	-0.173763	0.537081	0.178912	-1.45354	-0.246485
0.225	0.310823	-0.173749	0.537066	0.177313	-1.45242	-0.244282
0.23	0.310846	-0.173749	0.537071	0.177313	-1.45242	-0.244282
0.235	0.310871	-0.173749	0.537075	0.177313	-1.45242	-0.244282
0.24	0.310895	-0.17375	0.53708	0.177313	-1.45242	-0.244282
0.245	0.310921	-0.17375	0.537085	0.177313	-1.45242	-0.244282
0.25	0.310946	-0.173751	0.537089	0.177313	-1.45242	-0.244282
0.255	0.310973	-0.173751	0.537094	0.177313	-1.45242	-0.244282
0.26	0.310999	-0.173752	0.537099	0.177313	-1.45242	-0.244282
0.265	0.311027	-0.173752	0.537104	0.177313	-1.45242	-0.244282
0.27	0.311054	-0.173753	0.537109	0.177313	-1.45242	-0.244282
0.275	0.311017	-0.173738	0.537095	0.175618	-1.45123	-0.241947
0.28	0.311046	-0.173738	0.5371	0.175618	-1.45123	-0.241947
0.285	0.311076	-0.173739	0.537106	0.175618	-1.45123	-0.241947
0.29	0.311105	-0.173739	0.537111	0.175618	-1.45123	-0.241947
0.295	0.311136	-0.17374	0.537117	0.175618	-1.45123	-0.241947
0.3	0.311167	-0.17374	0.537122	0.175618	-1.45123	-0.241947
0.305	0.311198	-0.173741	0.537128	0.175618	-1.45123	-0.241947
0.31	0.31123	-0.173741	0.537134	0.175618	-1.45123	-0.241947
0.315	0.3112	-0.173727	0.537121	0.174005	-1.4501	-0.239725
0.32	0.311233	-0.173728	0.537127	0.174005	-1.4501	-0.239725
0.325	0.311266	-0.173728	0.537134	0.174005	-1.4501	-0.239725
0.33	0.3113	-0.173729	0.53714	0.174005	-1.4501	-0.239725
0.335	0.311334	-0.173729	0.537146	0.174005	-1.4501	-0.239725
0.34	0.311369	-0.17373	0.537153	0.174005	-1.4501	-0.239725
0.345	0.311404	-0.17373	0.537159	0.174005	-1.4501	-0.239725
0.35	0.311379	-0.173717	0.537147	0.172425	-1.44899	-0.237548
0.355	0.311416	-0.173717	0.537154	0.172425	-1.44899	-0.237548
0.36	0.311452	-0.173718	0.537161	0.172425	-1.44899	-0.237548
0.365	0.31149	-0.173719	0.537168	0.172425	-1.44899	-0.237548
0.37	0.311527	-0.173719	0.537175	0.172425	-1.44899	-0.237548
0.375	0.311566	-0.17372	0.537182	0.172425	-1.44899	-0.237548
0.38	0.311604	-0.17372	0.537189	0.172425	-1.44899	-0.237548
0.385	0.311577	-0.173706	0.537176	0.170708	-1.44779	-0.235182
0.39	0.311617	-0.173706	0.537184	0.170708	-1.44779	-0.235182
0.395	0.311657	-0.173707	0.537191	0.170708	-1.44779	-0.235182
0.4	0.311698	-0.173707	0.537198	0.170708	-1.44779	-0.235182
0.405	0.311739	-0.173708	0.537206	0.170708	-1.44779	-0.235182
0.41	0.311781	-0.173708	0.537214	0.170708	-1.44779	-0.235182
0.415	0.31176	-0.173695	0.537203	0.169088	-1.44665	-0.232951
0.42	0.311803	-0.173696	0.537211	0.169088	-1.44665	-0.232951
0.425	0.311846	-0.173696	0.537218	0.169089	-1.44665	-0.232951
0.43	0.311889	-0.173697	0.537226	0.169089	-1.44665	-0.232951
0.435	0.311933	-0.173697	0.537235	0.169089	-1.44665	-0.232951
0.44	0.311978	-0.173698	0.537243	0.169089	-1.44665	-0.232951
0.445	0.311956	-0.173684	0.537231	0.16738	-1.44546	-0.230597
0.45	0.312002	-0.173685	0.53724	0.16738	-1.44546	-0.230597
0.455	0.312047	-0.173685	0.537248	0.16738	-1.44546	-0.230597
0.46	0.312094	-0.173686	0.537257	0.16738	-1.44546	-0.230597
0.465	0.312141	-0.173686	0.537265	0.16738	-1.44546	-0.230597
0.47	0.312188	-0.173687	0.537274	0.16738	-1.44546	-0.230597
0.475	0.312165	-0.173672	0.537262	0.165564	-1.44418	-0.228096
0.48	0.312213	-0.173673	0.537271	0.165564	-1.44418	-0.228096
0.485	0.312262	-0.173673	0.537279	0.165564	-1.44418	-0.228096
0.49	0.312311	-0.173674	0.537288	0.165564	-1.44418	-0.228096
0.495	0.31236	-0.173674	0.537297	0.165564	-1.44418	-0.228096
0.5	0.312347	-0.173662	0.537288	0.163939	-1.44304	-0.225857
0.505	0.312397	-0.173662	0.537297	0.163939	-1.44304	-0.225857
0.51	0.312448	-0.173663	0.537307	0.163939	-1.44304	-0.225857
0.515	0.312499	-0.173663	0.537316	0.163939	-1.44304	-0.225857
0.52	0.312551	-0.173664	0.537325	0.163939	-1.44304	-0.225857
0.525	0.312538	-0.173651	0.537316	0.162268	-1.44187	-0.223555
0.53	0.312591	-0.173651	0.537325	0.162268	-1.44187	-0.223555
0.535	0.312643	-0.173652	0.537335	0.162268	-1.44187	-0.223555
0.54	0.312697	-0.173652	0.537345	0.162268	-1.44187	-0.223555
0.545	0.312751	-0.173653	0.537355	0.162268	-1.44187	-0.223555
0.55	0.312737	-0.17364	0.537345	0.16053	-1.44065	-0.22116
0.555	0.312792	-0.17364	0.537355	0.16053	-1.44065	-0.22116
0.56	0.312847	-0.17364	0.537365	0.16053	-1.44065	-0.22116
0.565	0.312902	-0.173641	0.537375	0.16053	-1.44065	-0.22116
0.57	0.312958	-0.173641	0.537385	0.16053	-1.44065	-0.22116
0.575	0.312944	-0.173628	0.537375	0.158723	-1.43939	-0.21867
0.58	0.313001	-0.173628	0.537385	0.158723	-1.43939	-0.21867
0.585	0.313058	-0.173629	0.537396	0.158723	-1.43939	-0.21867
0.59	0.313116	-0.173629	0.537406	0.158723	-1.43939	-0.21867
0.595	0.313174	-0.173629	0.537417	0.158723	-1.43939	-0.21867
0.6	0.313159	-0.173616	0.537406	0.156849	-1.43807	-0.216089
0.605	0.313218	-0.173616	0.537417	0.156849	-1.43807	-0.216089
0.61	0.313277	-0.173616	0.537428	0.156849	-1.43807	-0.216089
0.615	0.313336	-0.173617	0.537439	0.156849	-1.43807	-0.216089
0.62	0.313335	-0.173605	0.537432	0.155264	-1.43696	-0.213905
0.625	0.313395	-0.173606	0.537443	0.155264	-1.43696	-0.213905
0.63	0.313456	-0.173606	0.537454	0.155264	-1.43696	-0.213905
0.635	0.313517	-0.173606	0.537465	0.155264	-1.43696	-0.213905
0.64	0.313516	-0.173595	0.537458	0.153672	-1.43585	-0.211712
0.645	0.313578	-0.173595	0.537469	0.153672	-1.43585	-0.211712
0.65	0.31364	-0.173595	0.537481	0.153672	-1.43585	-0.211712
0.655	0.313703	-0.173596	0.537492	0.153672	-1.43585	-0.211712
0.66	0.313702	-0.173585	0.537485	0.152044	-1.4347	-0.209469
0.665	0.313766	-0.173585	0.537497	0.152044	-1.4347	-0.209469
0.67	0.313829	-0.173585	0.537508	0.152044	-1.4347	-0.209469
0.675	0.313893	-0.173585	0.53752	0.152044	-1.4347	-0.209469
0.68	0.313893	-0.173574	0.537513	0.150377	-1.43353	-0.207173
0.685	0.313958	-0.173574	0.537525	0.150377	-1.43353	-0.207173
0.69	0.314023	-0.173574	0.537536	0.150377	-1.43353	-0.207173
0.695	0.314088	-0.173574	0.537548	0.150377	-1.43353	-0.207173
0.7	0.314088	-0.173563	0.537541	0.148673	-1.43234	-0.204825
0.705	0.314154	-0.173563	0.537553	0.148673	-1.43234	-0.204825
0.71	0.314221	-0.173562	0.537565	0.148673	-1.43234	-0.204825
0.715	0.314288	-0.173562	0.537577	0.148673	-1.43234	-0.204825
0.72	0.314287	-0.173551	0.53757	0.146932	-1.43112	-0.202427
0.725	0.314354	-0.173551	0.537582	0.146932	-1.43112	-0.202427
0.73	0.314422	-0.173551	0.537595	0.146932	-1.43112	-0.202427
0.735	0.314491	-0.173551	0.537607	0.146932	-1.43112	-0.202427
0.74	0.31449	-0.17354	0.5376	0.145156	-1.42987	-0.199979
0.745	0.314559	-0.17354	0.537612	0.145156	-1.42987	-0.199979
0.75	0.314628	-0.173539	0.537625	0.145156	-1.42987	-0.199979
0.755	0.314698	-0.173539	0.537637	0.145156	-1.42987	-0.199979
0.76	0.314697	-0.173528	0.53763	0.143345	-1.4286	-0.197485
0.765	0.314767	-0.173528	0.537642	0.143345	-1.4286	-0.197485
0.77	0.314837	-0.173527	0.537655	0.143345	-1.4286	-0.197485
0.775	0.314908	-0.173527	0.537668	0.143345	-1.4286	-0.197485
0.78	0.314907	-0.173516	0.53766	0.141501	-1.42731	-0.194944
0.785	0.314979	-0.173516	0.537673	0.141501	-1.42731	-0.194944
0.79	0.315051	-0.173515	0.537686	0.141501	-1.42731	-0.194944
0.795	0.315123	-0.173515	0.537699	0.141501	-1.42731	-0.194944
0.8	0.315122	-0.173504	0.537692	0.139625	-1.426	-0.19236
0.805	0.315194	-0.173503	0.537705	0.139625	-1.426	-0.19236
0.81	0.315267	-0.173503	0.537718	0.139625	-1.426	-0.19236
0.815	0.315341	-0.173502	0.537731	0.139625	-1.426	-0.19236
0.82	0.315339	-0.173491	0.537723	0.137718	-1.42466	-0.189732
0.825	0.315413	-0.173491	0.537737	0.137718	-1.42466	-0.189732
0.83	0.315488	-0.17349	0.53775	0.137718	-1.42466	-0.189732
0.835	0.315562	-0.17349	0.537763	0.137718	-1.42466	-0.189732
0.84	0.315561	-0.173479	0.537756	0.135781	-1.4233	-0.187064
0.845	0.315636	-0.173478	0.537769	0.135781	-1.4233	-0.187064
0.85	0.315711	-0.173477	0.537782	0.135781	-1.4233	-0.187064
0.855	0.315787	-0.173477	0.537796	0.135781	-1.4233	-0.187064
0.86	0.315785	-0.173466	0.537788	0.133816	-1.42192	-0.184357
0.865	0.315861	-0.173465	0.537802	0.133816	-1.42192	-0.184357
0.87	0.315938	-0.173464	0.537815	0.133816	-1.42192	-0.184357
0.875	0.316014	-0.173464	0.537829	0.133816	-1.42192	-0.184357
0.88	0.316013	-0.173453	0.537821	0.131824	-1.42053	-0.181612
0.885	0.31609	-0.173452	0.537835	0.131824	-1.42053	-0.181612
0.89	0.316167	-0.173451	0.537849	0.131824	-1.42053	-0.181612
0.895	0.316183	-0.173443	0.537846	0.130261	-1.41943	-0.179459
0.9	0.316261	-0.173442	0.53786	0.130261	-1.41943	-0.179459
0.905	0.316339	-0.173441	0.537873	0.130261	-1.41943	-0.179459
0.91	0.316418	-0.17344	0.537887	0.130261	-1.41943	-0.179459
0.915	0.316418	-0.17343	0.53788	0.12827	-1.41803	-0.176715
0.92	0.316496	-0.173429	0.537894	0.12827	-1.41803	-0.176715
0.925	0.316575	-0.173428	0.537908	0.12827	-1.41803	-0.176715
0.93	0.316592	-0.17342	0.537905	0.126678	-1.41692	-0.174523
0.935	0.316671	-0.173419	0.537919	0.126678	-1.41692	-0.174523
0.94	0.316751	-0.173417	0.537933	0.126678	-1.41692	-0.174523
0.945	0.316769	-0.17341	0.537931	0.125116	-1.41582	-0.172371
0.95	0.316849	-0.173408	0.537945	0.125116	-1.41582	-0.172371
0.955	0.31693	-0.173407	0.537959	0.125116	-1.41582	-0.172371
0.96	0.316948	-0.173399	0.537957	0.123547	-1.41472	-0.170209
0.965	0.317029	-0.173398	0.537971	0.123547	-1.41472	-0.170209
0.97	0.31711	-0.173397	0.537986	0.123547	-1.41472	-0.170209
0.975	0.317129	-0.173389	0.537983	0.121966	-1.41361	-0.168031
0.98	0.31721	-0.173388	0.537998	0.121966	-1.41361	-0.168031
0.985	0.317292	-0.173386	0.538012	0.121966	-1.41361	-0.168031
0.99	0.31731	-0.173379	0.53801	0.120373	-1.4125	-0.165837
0.995	0.317392	-0.173377	0.538024	0.120373	-1.4125	-0.165837
1.0	0.317474	-0.173376	0.538039	0.120373	-1.4125	-0.165837
1.005	0.317493	-0.173368	0.538036	0.118771	-1.41137	-0.163629
1.01	0.317576	-0.173367	0.538051	0.118771	-1.41137	-0.163629
1.015	0.317658	-0.173365	0.538065	0.118771	-1.41137	-0.163629
1.02	0.317677	-0.173358	0.538063	0.117158	-1.41024	-0.161407
1.025	0.31776	-0.173356	0.538078	0.117158	-1.41024	-0.161407
1.03	0.317843	-0.173354	0.538092	0.117158	-1.41024	-0.161407
1.035	0.317862	-0.173347	0.53809	0.115535	-1.40911	-0.159172
1.04	0.317946	-0.173346	0.538105	0.115535	-1.40911	-0.159172
1.045	0.318029	-0.173344	0.538119	0.115535	-1.40911	-0.159172
1.05	0.318048	-0.173337	0.538117	0.113904	-1.40796	-0.156924
1.055	0.318132	-0.173335	0.538132	0.113904	-1.40796	-0.156924
1.06	0.318216	-0.173333	0.538146	0.113904	-1.40796	-0.156924
1.065	0.318235	-0.173326	0.538144	0.112264	-1.40681	-0.154665
1.07	0.318319	-0.173324	0.538159	0.112264	-1.40681	-0.154665
1.075	0.318404	-0.173322	0.538174	0.112264	-1.40681	-0.154665
1.08	0.318423	-0.173316	0.538172	0.110617	-1.40566	-0.152396
1.085	0.318508	-0.173313	0.538186	0.110617	-1.40566	-0.152396
1.09	0.318592	-0.173311	0.538201	0.110617	-1.40566	-0.152396
1.095	0.318612	-0.173305	0.538199	0.108963	-1.4045	-0.150116
1.1	0.318697	-0.173302	0.538214	0.108963	-1.4045	-0.150116
1.105	0.318782	-0.1733	0.538229	0.108963	-1.4045	-0.150116
1.11	0.318801	-0.173294	0.538227	0.107301	-1.40333	-0.147828
1.115	0.318886	-0.173292	0.538241	0.107301	-1.40333	-0.147828
1.12	0.318972	-0.173289	0.538256	0.107301	-1.40333	-0.147828
1.125	0.318991	-0.173283	0.538254	0.105634	-1.40216	-0.145531
1.13	0.319077	-0.173281	0.538269	0.105634	-1.40216	-0.145531
1.135	0.319162	-0.173278	0.538284	0.105634	-1.40216	-0.145531
1.14	0.319182	-0.173272	0.538282	0.103962	-1.40099	-0.143227
1.145	0.319268	-0.17327	0.538297	0.103962	-1.40099	-0.143227
1.15	0.319354	-0.173267	0.538312	0.103962	-1.40099	-0.143227
1.155	0.319373	-0.173261	0.53831	0.102284	-1.39981	-0.140916
1.16	0.319459	-0.173259	0.538325	0.102284	-1.39981	-0.140916
1.165	0.319545	-0.173256	0.538339	0.102284	-1.39981	-0.140916
1.17	0.319565	-0.17325	0.538338	0.100603	-1.39864	-0.138599
1.175	0.319651	-0.173248	0.538352	0.100603	-1.39864	-0.138599
1.18	0.319737	-0.173245	0.538367	0.100603	-1.39864	-0.138599
1.185	0.319757	-0.17324	0.538366	0.0989176	-1.39745	-0.136278
1.19	0.319843	-0.173237	0.53838	0.0989176	-1.39745	-0.136278
1.195	0.31993	-0.173234	0.538395	0.0989176	-1.39745	-0.136278
1.2	0.319949	-0.173229	0.538393	0.0972293	-1.39627	-0.133952
1.205	0.320036	-0.173225	0.538408	0.0972293	-1.39627	-0.133952
1.21	0.320122	-0.173222	0.538423	0.0972293	-1.39627	-0.133952
1.215	0.320142	-0.173218	0.538422	0.0955386	-1.39508	-0.131622
1.22	0.320229	-0.173214	0.538436	0.0955386	-1.39508	-0.131622
1.225	0.320315	-0.173211	0.538451	0.0955386	-1.39508	-0.131622
1.23	0.320335	-0.173207	0.53845	0.093846	-1.3939	-0.12929
1.235	0.320422	-0.173203	0.538464	0.093846	-1.3939	-0.12929
1.24	0.320508	-0.1732	0.538479	0.093846	-1.3939	-0.12929
1.245	0.320528	-0.173196	0.538478	0.0921521	-1.39271	-0.126957
1.25	0.320615	-0.173192	0.538492	0.0921521	-1.39271	-0.126957
1.255	0.320702	-0.173189	0.538507	0.0921521	-1.39271	-0.126957
1.26	0.320721	-0.173185	0.538506	0.0904576	-1.39152	-0.124622
1.265	0.320808	-0.173181	0.538521	0.0904576	-1.39152	-0.124622
1.27	0.320895	-0.173178	0.538535	0.0904576	-1.39152	-0.124622
1.275	0.320914	-0.173174	0.538534	0.088763	-1.39033	-0.122288
1.28	0.321001	-0.17317	0.538549	0.088763	-1.39033	-0.122288
1.285	0.321088	-0.173166	0.538563	0.088763	-1.39033	-0.122288
1.29	0.321107	-0.173163	0.538562	0.0870689	-1.38915	-0.119954
1.295	0.321194	-0.173159	0.538577	0.0870689	-1.38915	-0.119954
1.3	0.321281	-0.173155	0.538591	0.0870689	-1.38915	-0.119954
1.305	0.3213	-0.173152	0.53859	0.085376	-1.38796	-0.117621
1.31	0.321387	-0.173148	0.538605	0.085376	-1.38796	-0.117621
1.315	0.321473	-0.173144	0.538619	0.085376	-1.38796	-0.117621
1.32	0.321493	-0.173141	0.538618	0.0836848	-1.38677	-0.115291
1.325	0.321579	-0.173137	0.538633	0.0836848	-1.38677	-0.115291
1.33	0.321666	-0.173133	0.538647	0.0836848	-1.38677	-0.115291
1.335	0.321685	-0.17313	0.538646	0.0819959	-1.38559	-0.112965
1.34	0.321772	-0.173126	0.538661	0.0819959	-1.38559	-0.112965
1.345	0.321858	-0.173122	0.538675	0.0819959	-1.38559	-0.112965
1.35	0.321877	-0.173119	0.538674	0.0803099	-1.38441	-0.110642
1.355	0.321963	-0.173115	0.538688	0.0803099	-1.38441	-0.110642
1.36	0.32205	-0.17311	0.538703	0.0803099	-1.38441	-0.110642
1.365	0.322069	-0.173108	0.538702	0.0786274	-1.38323	-0.108324
1.37	0.322155	-0.173104	0.538716	0.0786274	-1.38323	-0.108324
1.375	0.322241	-0.173099	0.538731	0.0786274	-1.38323	-0.108324
1.38	0.32226	-0.173097	0.538729	0.076949	-1.38205	-0.106012
1.385	0.322346	-0.173093	0.538744	0.076949	-1.38205	-0.106012
1.39	0.322432	-0.173088	0.538758	0.076949	-1.38205	-0.106012
1.395	0.322451	-0.173086	0.538757	0.0752753	-1.38088	-0.103706
1.4	0.322536	-0.173082	0.538772	0.0752753	-1.38088	-0.103706
1.405	0.322622	-0.173077	0.538786	0.0752753	-1.38088	-0.103706
1.41	0.322641	-0.173075	0.538785	0.0736069	-1.37971	-0.101407
1.415	0.322726	-0.173071	0.538799	0.0736069	-1.37971	-0.101407
1.42	0.322811	-0.173066	0.538813	0.0736069	-1.37971	-0.101407
1.425	0.32283	-0.173064	0.538812	0.0719444	-1.37854	-0.0991169
1.43	0.322915	-0.17306	0.538827	0.0719444	-1.37854	-0.0991169
1.435	0.323	-0.173055	0.538841	0.0719444	-1.37854	-0.0991169
1.44	0.323019	-0.173054	0.53884	0.0702883	-1.37738	-0.0968353
1.445	0.323103	-0.173049	0.538854	0.0702883	-1.37738	-0.0968353
1.45	0.323188	-0.173044	0.538868	0.0702883	-1.37738	-0.0968353
1.455	0.323206	-0.173043	0.538867	0.0686393	-1.37622	-0.0945635
1.46	0.323291	-0.173038	0.538881	0.0686393	-1.37622	-0.0945635
1.465	0.323375	-0.173034	0.538895	0.0686393	-1.37622	-0.0945635
1.47	0.323393	-0.173032	0.538894	0.0669979	-1.37507	-0.0923021
1.475	0.323477	-0.173028	0.538908	0.0669979	-1.37507	-0.0923021
1.48	0.323561	-0.173023	0.538922	0.0669979	-1.37507	-0.0923021
1.485	0.323579	-0.173022	0.538921	0.0653647	-1.37393	-0.0900521
1.49	0.323663	-0.173017	0.538935	0.0653647	-1.37393	-0.0900521
1.495	0.323746	-0.173012	0.538949	0.0653647	-1.37393	-0.0900521
1.5	0.323764	-0.173011	0.538948	0.0637403	-1.37279	-0.0878141
1.505	0.323847	-0.173006	0.538962	0.0637403	-1.37279	-0.0878141
1.51	0.32393	-0.173001	0.538976	0.0637403	-1.37279	-0.0878141
1.515	0.323948	-0.173001	0.538975	0.0621252	-1.37166	-0.085589
1.52	0.32403	-0.172996	0.538989	0.0621252	-1.37166	-0.085589
1.525	0.324113	-0.172991	0.539002	0.0621252	-1.37166	-0.085589
1.53	0.324131	-0.17299	0.539001	0.06052	-1.37053	-0.0833776
1.535	0.324213	-0.172985	0.539015	0.06052	-1.37053	-0.0833776
1.54	0.324294	-0.17298	0.539029	0.06052	-1.37053	-0.0833776
1.545	0.324312	-0.17298	0.539028	0.0589253	-1.36941	-0.0811806
1.55	0.324394	-0.172975	0.539041	0.0589253	-1.36941	-0.0811806
1.555	0.324475	-0.17297	0.539055	0.0589253	-1.36941	-0.0811806
1.56	0.324493	-0.17297	0.539054	0.0573417	-1.3683	-0.0789989
1.565	0.324573	-0.172965	0.539067	0.0573417	-1.3683	-0.0789989
1.57	0.324654	-0.172959	0.539081	0.0573417	-1.3683	-0.0789989
1.575	0.324671	-0.172959	0.53908	0.0557697	-1.3672	-0.0768331
1.58	0.324752	-0.172954	0.539093	0.0557697	-1.3672	-0.0768331
1.585	0.324832	-0.172949	0.539106	0.0557697	-1.3672	-0.0768331
1.59	0.324849	-0.172949	0.539106	0.0542098	-1.36611	-0.0746841
1.595	0.324929	-0.172944	0.539119	0.0542098	-1.36611	-0.0746841
1.6	0.325008	-0.172939	0.539132	0.0542098	-1.36611	-0.0746841
1.605	0.325025	-0.172939	0.539131	0.0526626	-1.36502	-0.0725526
1.61	0.325104	-0.172934	0.539144	0.0526626	-1.36502	-0.0725526
1.615	0.325182	-0.172929	0.539157	0.0526626	-1.36502	-0.0725526
1.62	0.3252	-0.172929	0.539157	0.0511287	-1.36395	-0.0704394
1.625	0.325278	-0.172924	0.53917	0.0511287	-1.36395	-0.0704394
1.63	0.325356	-0.172919	0.539182	0.0511287	-1.36395	-0.0704394
1.635	0.325433	-0.172914	0.539195	0.0511287	-1.36395	-0.0704394
1.64	0.325432	-0.172916	0.539191	0.0491571	-1.36256	-0.067723
1.645	0.325509	-0.172911	0.539203	0.0491571	-1.36256	-0.067723
1.65	0.325586	-0.172905	0.539216	0.0491571	-1.36256	-0.067723
1.655	0.325601	-0.172906	0.539215	0.0476095	-1.36148	-0.0655909
1.66	0.325677	-0.172901	0.539228	0.0476095	-1.36148	-0.0655909
1.665	0.325753	-0.172896	0.53924	0.0476095	-1.36148	-0.0655909
1.67	0.325829	-0.17289	0.539252	0.0476095	-1.36148	-0.0655909
1.675	0.325828	-0.172893	0.539248	0.0456779	-1.36012	-0.0629297
1.68	0.325903	-0.172888	0.539261	0.0456779	-1.36012	-0.0629297
1.685	0.325978	-0.172883	0.539273	0.0456779	-1.36012	-0.0629297
1.69	0.326053	-0.172877	0.539285	0.0456779	-1.36012	-0.0629297
1.695	0.32605	-0.172881	0.539281	0.0437322	-1.35876	-0.0602491
1.7	0.326124	-0.172875	0.539293	0.0437322	-1.35876	-0.0602491
1.705	0.326198	-0.17287	0.539305	0.0437322	-1.35876	-0.0602491
1.71	0.326271	-0.172865	0.539317	0.0437322	-1.35876	-0.0602491
1.715	0.326268	-0.172868	0.539312	0.0418113	-1.35741	-0.0576027
1.72	0.326341	-0.172863	0.539324	0.0418113	-1.35741	-0.0576027
1.725	0.326414	-0.172858	0.539336	0.0418113	-1.35741	-0.0576027
1.73	0.326486	-0.172852	0.539348	0.0418113	-1.35741	-0.0576027
1.735	0.326483	-0.172856	0.539344	0.0399204	-1.35609	-0.0549976
1.74	0.326555	-0.172851	0.539355	0.0399204	-1.35609	-0.0549976
1.745	0.326626	-0.172845	0.539367	0.0399204	-1.35609	-0.0549976
1.75	0.326698	-0.17284	0.539378	0.0399204	-1.35609	-0.0549976
1.755	0.326694	-0.172844	0.539374	0.0380609	-1.35478	-0.0524358
1.76	0.326765	-0.172839	0.539386	0.0380609	-1.35478	-0.0524358
1.765	0.326835	-0.172833	0.539397	0.0380609	-1.35478	-0.0524358
1.77	0.326905	-0.172828	0.539408	0.0380609	-1.35478	-0.0524358
1.775	0.326902	-0.172832	0.539404	0.0362341	-1.3535	-0.0499191
1.78	0.326971	-0.172827	0.539416	0.0362341	-1.3535	-0.0499191
1.785	0.32704	-0.172821	0.539427	0.0362341	-1.3535	-0.0499191
1.79	0.327109	-0.172816	0.539438	0.0362341	-1.3535	-0.0499191
1.795	0.327106	-0.172821	0.539434	0.0344412	-1.35225	-0.0474491
1.8	0.327174	-0.172815	0.539445	0.0344412	-1.35225	-0.0474491
1.805	0.327241	-0.17281	0.539456	0.0344412	-1.35225	-0.0474491
1.81	0.327308	-0.172805	0.539467	0.0344412	-1.35225	-0.0474491
1.815	0.327305	-0.172809	0.539463	0.0326833	-1.35101	-0.0450272
1.82	0.327372	-0.172804	0.539474	0.0326833	-1.35101	-0.0450272
1.825	0.327438	-0.172799	0.539484	0.0326833	-1.35101	-0.0450272
1.83	0.327504	-0.172793	0.539495	0.0326833	-1.35101	-0.0450272
1.835	0.327501	-0.172798	0.539492	0.0309615	-1.34981	-0.0426551
1.84	0.327566	-0.172793	0.539502	0.0309615	-1.34981	-0.0426551
1.845	0.327631	-0.172788	0.539512	0.0309615	-1.34981	-0.0426551
1.85	0.327695	-0.172782	0.539523	0.0309615	-1.34981	-0.0426551
1.855	0.327692	-0.172787	0.539519	0.0292768	-1.34863	-0.0403341
1.86	0.327756	-0.172782	0.53953	0.0292768	-1.34863	-0.0403341
1.865	0.327819	-0.172777	0.53954	0.0292768	-1.34863	-0.0403341
1.87	0.327882	-0.172771	0.53955	0.0292768	-1.34863	-0.0403341
1.875	0.327879	-0.172777	0.539547	0.0276303	-1.34747	-0.0380658
1.88	0.327941	-0.172771	0.539556	0.0276303	-1.34747	-0.0380658
1.885	0.328003	-0.172766	0.539566	0.0276303	-1.34747	-0.0380658
1.89	0.328065	-0.172761	0.539576	0.0276303	-1.34747	-0.0380658
1.895	0.328062	-0.172766	0.539573	0.0260231	-1.34634	-0.0358516
1.9	0.328122	-0.172761	0.539583	0.0260231	-1.34634	-0.0358516
1.905	0.328183	-0.172756	0.539592	0.0260231	-1.34634	-0.0358516
1.91	0.328242	-0.172751	0.539602	0.0260231	-1.34634	-0.0358516
1.915	0.32824	-0.172756	0.539599	0.0244562	-1.34525	-0.0336928
1.92	0.328299	-0.172751	0.539608	0.0244562	-1.34525	-0.0336928
1.925	0.328357	-0.172746	0.539618	0.0244562	-1.34525	-0.0336928
1.93	0.328415	-0.172741	0.539627	0.0244562	-1.34525	-0.0336928
1.935	0.328413	-0.172746	0.539624	0.0229304	-1.34418	-0.0315909
1.94	0.32847	-0.172741	0.539633	0.0229304	-1.34418	-0.0315909
1.945	0.328527	-0.172736	0.539642	0.0229304	-1.34418	-0.0315909
1.95	0.328584	-0.172731	0.539651	0.0229304	-1.34418	-0.0315909
1.955	0.32864	-0.172726	0.53966	0.0229304	-1.34418	-0.0315909
1.96	0.328624	-0.172734	0.539655	0.0211211	-1.34291	-0.0290981
1.965	0.328679	-0.172729	0.539664	0.0211211	-1.34291	-0.0290981
1.97	0.328734	-0.172724	0.539672	0.0211211	-1.34291	-0.0290981
1.975	0.328789	-0.172719	0.539681	0.0211211	-1.34291	-0.0290981
1.98	0.328843	-0.172715	0.53969	0.0211211	-1.34291	-0.0290981
1.985	0.328826	-0.172723	0.539684	0.0193437	-1.34166	-0.0266494
1.99	0.328879	-0.172718	0.539693	0.0193437	-1.34166	-0.0266494
1.995	0.328932	-0.172713	0.539701	0.0193437	-1.34166	-0.0266494
2.0	0.328984	-0.172708	0.539709	0.0193437	-1.34166	-0.0266494
2.005	0.329036	-0.172704	0.539717	0.0193437	-1.34166	-0.0266494
2.01	0.32902	-0.172712	0.539712	0.017632	-1.34046	-0.0242913
2.015	0.329071	-0.172707	0.53972	0.017632	-1.34046	-0.0242913
2.02	0.329121	-0.172702	0.539728	0.017632	-1.34046	-0.0242913
2.025	0.329172	-0.172698	0.539736	0.017632	-1.34046	-0.0242913
2.03	0.329221	-0.172693	0.539744	0.017632	-1.34046	-0.0242913
2.035	0.329206	-0.172701	0.539739	0.0159911	-1.33931	-0.0220306
2.04	0.329254	-0.172697	0.539747	0.0159911	-1.33931	-0.0220306
2.045	0.329303	-0.172692	0.539755	0.0159911	-1.33931	-0.0220306
2.05	0.329351	-0.172688	0.539762	0.0159911	-1.33931	-0.0220306
2.055	0.329398	-0.172683	0.53977	0.0159911	-1.33931	-0.0220306
2.06	0.329383	-0.172691	0.539765	0.0144229	-1.33821	-0.0198701
2.065	0.32943	-0.172687	0.539772	0.0144229	-1.33821	-0.0198701
2.07	0.329476	-0.172682	0.53978	0.0144229	-1.33821	-0.0198701
2.075	0.329521	-0.172678	0.539787	0.0144229	-1.33821	-0.0198701
2.08	0.329566	-0.172674	0.539794	0.0144229	-1.33821	-0.0198701
2.085	0.329611	-0.17267	0.539801	0.0144229	-1.33821	-0.0198701
2.09	0.329586	-0.172679	0.539795	0.0126703	-1.33698	-0.0174556
2.095	0.32963	-0.172675	0.539802	0.0126703	-1.33698	-0.0174556
2.1	0.329673	-0.172671	0.539808	0.0126703	-1.33698	-0.0174556
2.105	0.329716	-0.172667	0.539815	0.0126703	-1.33698	-0.0174556
2.11	0.329758	-0.172663	0.539822	0.0126703	-1.33698	-0.0174556
2.115	0.3298	-0.172659	0.539828	0.0126703	-1.33698	-0.0174556
2.12	0.329775	-0.172668	0.539822	0.0109973	-1.33581	-0.0151507
2.125	0.329816	-0.172665	0.539829	0.0109973	-1.33581	-0.0151507
2.13	0.329857	-0.172661	0.539835	0.0109973	-1.33581	-0.0151507
2.135	0.329897	-0.172657	0.539841	0.0109973	-1.33581	-0.0151507
2.14	0.329936	-0.172653	0.539847	0.0109973	-1.33581	-0.0151507
2.145	0.329975	-0.172649	0.539854	0.0109973	-1.33581	-0.0151507
2.15	0.329952	-0.172659	0.539848	0.00943304	-1.33471	-0.0129956
2.155	0.32999	-0.172655	0.539854	0.00943304	-1.33471	-0.0129956
2.16	0.330027	-0.172651	0.53986	0.00943304	-1.33471	-0.0129956
2.165	0.330064	-0.172648	0.539865	0.00943304	-1.33471	-0.0129956
2.17	0.330101	-0.172644	0.539871	0.00943304	-1.33471	-0.0129956
2.175	0.330137	-0.172641	0.539877	0.00943304	-1.33471	-0.0129956
2.18	0.330172	-0.172637	0.539882	0.00943304	-1.33471	-0.0129956
2.185	0.330142	-0.172648	0.539876	0.00777741	-1.33355	-0.0107147
2.19	0.330176	-0.172644	0.539881	0.00777741	-1.33355	-0.0107147
2.195	0.33021	-0.172641	0.539886	0.00777741	-1.33355	-0.0107147
2.2	0.330244	-0.172638	0.539891	0.00777741	-1.33355	-0.0107147
2.205	0.330277	-0.172634	0.539897	0.00777741	-1.33355	-0.0107147
2.21	0.33031	-0.172631	0.539902	0.00777741	-1.33355	-0.0107147
2.215	0.330342	-0.172628	0.539907	0.00777741	-1.33355	-0.0107147
2.22	0.330313	-0.172638	0.5399	0.00625483	-1.33248	-0.00861705
2.225	0.330344	-0.172635	0.539905	0.00625483	-1.33248	-0.00861705
2.23	0.330375	-0.172632	0.53991	0.00625483	-1.33248	-0.00861705
2.235	0.330405	-0.172629	0.539915	0.00625483	-1.33248	-0.00861705
2.24	0.330434	-0.172626	0.539919	0.00625483	-1.33248	-0.00861705
2.245	0.330463	-0.172623	0.539924	0.00625483	-1.33248	-0.00861705
2.25	0.330492	-0.17262	0.539928	0.00625483	-1.33248	-0.00861705
2.255	0.33052	-0.172617	0.539933	0.00625483	-1.33248	-0.00861705
2.26	0.330487	-0.172628	0.539926	0.00473024	-1.33141	-0.00651664
2.265	0.330514	-0.172625	0.53993	0.00473024	-1.33141	-0.00651664
2.27	0.33054	-0.172623	0.539934	0.00473024	-1.33141	-0.00651664
2.275	0.330566	-0.17262	0.539938	0.00473024	-1.33141	-0.00651664
2.28	0.330592	-0.172618	0.539942	0.00473024	-1.33141	-0.00651664
2.285	0.330616	-0.172615	0.539946	0.00473024	-1.33141	-0.00651664
2.29	0.330641	-0.172613	0.53995	0.00473024	-1.33141	-0.00651664
2.295	0.330665	-0.17261	0.539953	0.00473024	-1.33141	-0.00651664
2.3	0.330688	-0.172608	0.539957	0.00473024	-1.33141	-0.00651664
2.305	0.330711	-0.172606	0.53996	0.00473024	-1.33141	-0.00651664
2.31	0.33067	-0.172618	0.539952	0.00313474	-1.3303	-0.00431852
2.315	0.330692	-0.172615	0.539956	0.00313474	-1.3303	-0.00431852
2.32	0.330713	-0.172613	0.539959	0.00313474	-1.3303	-0.00431852
2.325	0.330734	-0.172611	0.539962	0.00313474	-1.3303	-0.00431852
2.33	0.330754	-0.172609	0.539965	0.00313474	-1.3303	-0.00431852
2.335	0.330773	-0.172607	0.539968	0.00313474	-1.3303	-0.00431852
2.34	0.330792	-0.172605	0.539971	0.00313474	-1.3303	-0.00431852
2.345	0.330811	-0.172603	0.539974	0.00313474	-1.3303	-0.00431852
2.35	0.330829	-0.172601	0.539977	0.00313474	-1.3303	-0.00431852
2.355	0.330847	-0.1726	0.53998	0.00313474	-1.3303	-0.00431852
2.36	0.330864	-0.172598	0.539982	0.00313474	-1.3303	-0.00431852
2.365	0.33088	-0.172596	0.539985	0.00313474	-1.3303	-0.00431852
2.37	0.330896	-0.172595	0.539987	0.00313474	-1.3303	-0.00431852
2.375	0.330849	-0.172607	0.539978	0.00155958	-1.32919	-0.00214844
2.38	0.330864	-0.172606	0.539981	0.00155958	-1.32919	-0.00214844
2.385	0.330878	-0.172604	0.539983	0.00155958	-1.32919	-0.00214844
2.39	0.330892	-0.172603	0.539985	0.00155958	-1.32919	-0.00214844
2.395	0.330905	-0.172602	0.539987	0.00155958	-1.32919	-0.00214844
2.4	0.330918	-0.1726	0.539989	0.00155958	-1.32919	-0.00214844
2.405	0.33093	-0.172599	0.539991	0.00155958	-1.32919	-0.00214844
2.41	0.330942	-0.172598	0.539993	0.00155958	-1.32919	-0.00214844
2.415	0.330953	-0.172597	0.539994	0.00155958	-1.32919	-0.00214844
2.42	0.330963	-0.172596	0.539996	0.00155958	-1.32919	-0.00214844
2.425	0.330973	-0.172595	0.539998	0.00155958	-1.32919	-0.00214844
2.43	0.330982	-0.172594	0.539999	0.00155958	-1.32919	-0.00214844
2.435	0.330992	-0.172593	0.54	0.00155958	-1.32919	-0.00214844
2.44	0.330999	-0.172592	0.540002	0.00155958	-1.32919	-0.00214844
2.445	0.331007	-0.172591	0.540003	0.00155958	-1.32919	-0.00214844
2.45	0.331015	-0.17259	0.540004	0.00155958	-1.32919	-0.00214844
2.455	0.331021	-0.17259	0.540005	0.00155958	-1.32919	-0.00214844
2.46	0.331028	-0.172589	0.540006	0.00155958	-1.32919	-0.00214844
2.465	0.331034	-0.172588	0.540007	0.00155958	-1.32919	-0.00214844
2.47	0.331039	-0.172588	0.540008	0.00155958	-1.32919	-0.00214844
2.475	0.331043	-0.172587	0.540008	0.00155958	-1.32919	-0.00214844
2.48	0.331048	-0.172587	0.540009	0.00155958	-1.32919	-0.00214844
2.485	0.331051	-0.172587	0.54001	0.00155958	-1.32919	-0.00214844
2.49	0.331054	-0.172586	0.54001	0.00155958	-1.32919	-0.00214844
2.495	0.331057	-0.172586	0.540011	0.00155958	-1.32919	-0.00214844
2.5	0.331059	-0.172586	0.540011	0.00155958	-1.32919	-0.00214844
2.505	0.33106	-0.172586	0.540011	0.00155958	-1.32919	-0.00214844
2.51	0.33106	-0.172586	0.540011	0.00155958	-1.32919	-0.00214844
2.515	0.331061	-0.172586	0.540011	0.00155958	-1.32919	-0.00214844
2.52	0.331061	-0.172586	0.540011	0.00155958	-1.32919	-0.00214844
2.525	0.331062	-0.172586	0.54001	0.00155958	-1.32919	-0.00214844
2.53	0.331063	-0.172586	0.540009	0.00155958	-1.32919	-0.00214844
2.535	0.331064	-0.172586	0.540008	0.00155958	-1.32919	-0.00214844
2.54	0.331065	-0.172586	0.540006	0.00155958	-1.32919	-0.00214844
2.545	0.331067	-0.172586	0.540003	0.00155958	-1.32919	-0.00214844
2.55	0.33107	-0.172586	0.540001	0.00155958	-1.32919	-0.00214844
2.555	0.331072	-0.172586	0.539997	0.00155958	-1.32919	-0.00214844
2.56	0.331075	-0.172586	0.539993	0.00155958	-1.32919	-0.00214844
2.565	0.331079	-0.172586	0.539989	0.00155959	-1.32919	-0.00214845
2.57	0.331082	-0.172586	0.539984	0.00155959	-1.32919	-0.00214845
2.575	0.331086	-0.172586	0.539979	0.00155959	-1.32919	-0.00214845
2.58	0.331091	-0.172586	0.539974	0.00155959	-1.32919	-0.00214845
2.585	0.331095	-0.172586	0.539968	0.00155959	-1.32919	-0.00214845
2.59	0.3311	-0.172586	0.539961	0.00155959	-1.32919	-0.00214845
2.595	0.331106	-0.172586	0.539954	0.00155959	-1.32919	-0.00214845
2.6	0.331112	-0.172586	0.539946	0.00155959	-1.32919	-0.00214845
2.605	0.331118	-0.172586	0.539938	0.00155959	-1.32919	-0.00214845
2.61	0.331125	-0.172586	0.53993	0.00155959	-1.32919	-0.00214845
2.615	0.331132	-0.172586	0.539921	0.00155959	-1.32919	-0.00214846
2.62	0.331139	-0.172586	0.539912	0.0015596	-1.32919	-0.00214846
2.625	0.331147	-0.172586	0.539902	0.0015596	-1.32919	-0.00214846
2.63	0.331154	-0.172586	0.539892	0.0015596	-1.32919	-0.00214846
2.635	0.331163	-0.172586	0.539882	0.0015596	-1.32919	-0.00214846
2.64	0.331171	-0.172586	0.539871	0.0015596	-1.32919	-0.00214846
2.645	0.33118	-0.172586	0.539859	0.00155961	-1.32919	-0.00214847
2.65	0.33119	-0.172586	0.539848	0.00155961	-1.32919	-0.00214847
2.655	0.331199	-0.172586	0.539835	0.00155961	-1.32919	-0.00214847
2.66	0.331209	-0.172586	0.539823	0.00155961	-1.32919	-0.00214848
2.665	0.33122	-0.172586	0.539809	0.00155962	-1.32919	-0.00214848
2.67	0.33123	-0.172586	0.539796	0.00155962	-1.32919	-0.00214848
2.675	0.331241	-0.172586	0.539782	0.00155962	-1.32919	-0.00214849
2.68	0.331253	-0.172586	0.539767	0.00155963	-1.32919	-0.00214849
2.685	0.331264	-0.172586	0.539752	0.00155963	-1.32919	-0.00214849
2.69	0.331276	-0.172586	0.539737	0.00155964	-1.32919	-0.0021485
2.695	0.331289	-0.172586	0.539721	0.00155964	-1.32919	-0.0021485
2.7	0.331302	-0.172586	0.539705	0.00155964	-1.32919	-0.00214851
2.705	0.331315	-0.172586	0.539688	0.00155965	-1.32919	-0.00214851
2.71	0.331328	-0.172586	0.539671	0.00155966	-1.32919	-0.00214852
2.715	0.331342	-0.172586	0.539654	0.00155966	-1.32919	-0.00214853
2.72	0.331356	-0.172586	0.539636	0.00155967	-1.32919	-0.00214853
2.725	0.33137	-0.172586	0.539617	0.00155967	-1.32919	-0.00214854
2.73	0.331385	-0.172586	0.539598	0.00155968	-1.32919	-0.00214855
2.735	0.3314	-0.172586	0.539579	0.00155969	-1.32919	-0.00214855
2.74	0.331415	-0.172586	0.539559	0.00155969	-1.32919	-0.00214856
2.745	0.331431	-0.172586	0.539539	0.0015597	-1.32919	-0.00214857
2.75	0.331447	-0.172586	0.539519	0.00155971	-1.32919	-0.00214858
2.755	0.331464	-0.172586	0.539498	0.00155971	-1.32919	-0.00214858
2.76	0.33148	-0.172586	0.539477	0.00155972	-1.32919	-0.00214859
2.765	0.331498	-0.172586	0.539455	0.00155973	-1.32919	-0.0021486
2.77	0.331515	-0.172586	0.539433	0.00155974	-1.32919	-0.00214861
2.775	0.331533	-0.172586	0.53941	0.00155975	-1.32919	-0.00214862
2.78	0.331551	-0.172586	0.539387	0.00155976	-1.32919	-0.00214863
2.785	0.331569	-0.172586	0.539364	0.00155977	-1.32919	-0.00214864
2.79	0.331647	-0.172599	0.53935	0.000155041	-1.3303	-0.000213494
2.795	0.331666	-0.172599	0.539325	0.000155052	-1.3303	-0.000213505
2.8	0.331686	-0.172599	0.539301	0.000155063	-1.3303	-0.000213517
2.805	0.331705	-0.172599	0.539276	0.000155074	-1.3303	-0.000213529
2.81	0.331725	-0.172599	0.53925	0.000155085	-1.3303	-0.000213541
2.815	0.331745	-0.172599	0.539224	0.000155097	-1.3303	-0.000213554
2.82	0.331766	-0.172599	0.539198	0.00015511	-1.3303	-0.000213567
2.825	0.331787	-0.172599	0.539171	0.000155122	-1.3303	-0.00021358
2.83	0.331808	-0.172599	0.539144	0.000155135	-1.3303	-0.000213594
2.835	0.33183	-0.172599	0.539117	0.000155149	-1.3303	-0.000213608
2.84	0.331852	-0.172599	0.539089	0.000155162	-1.3303	-0.000213623
2.845	0.331874	-0.172599	0.539061	0.000155177	-1.3303	-0.000213638
2.85	0.331896	-0.172599	0.539032	0.000155191	-1.3303	-0.000213654
2.855	0.331919	-0.172599	0.539003	0.000155206	-1.3303	-0.00021367
2.86	0.332012	-0.1726	0.538986	1.62123e-05	-1.33158	-2.21436e-05
2.865	0.332035	-0.1726	0.538956	1.62282e-05	-1.33158	-2.21605e-05
2.87	0.332059	-0.1726	0.538926	1.62445e-05	-1.33158	-2.21778e-05
2.875	0.332083	-0.1726	0.538895	1.62611e-05	-1.33158	-2.21956e-05
2.88	0.332107	-0.1726	0.538865	1.62782e-05	-1.33158	-2.22138e-05
2.885	0.332132	-0.1726	0.538833	1.62957e-05	-1.33158	-2.22324e-05
2.89	0.332157	-0.1726	0.538801	1.63136e-05	-1.33158	-2.22515e-05
2.895	0.332182	-0.1726	0.538769	1.63319e-05	-1.33158	-2.22711e-05
2.9	0.332207	-0.1726	0.538737	1.63507e-05	-1.33158	-2.22911e-05
2.905	0.332233	-0.1726	0.538704	1.63699e-05	-1.33158	-2.23115e-05
2.91	0.332259	-0.1726	0.538671	1.63895e-05	-1.33158	-2.23324e-05
2.915	0.332285	-0.1726	0.538637	1.64095e-05	-1.33158	-2.23538e-05
2.92	0.332384	-0.1726	0.538616	2.56709e-06	-1.33289	-3.3119e-06
2.925	0.332411	-0.1726	0.538582	2.58807e-06	-1.33289	-3.33425e-06
2.93	0.332438	-0.1726	0.538547	2.60949e-06	-1.33289	-3.35707e-06
2.935	0.332466	-0.1726	0.538512	2.63135e-06	-1.33289	-3.38035e-06
2.94	0.332493	-0.1726	0.538477	2.65364e-06	-1.33289	-3.4041e-06
2.945	0.332522	-0.1726	0.538441	2.67638e-06	-1.33289	-3.42832e-06
2.95	0.33255	-0.1726	0.538405	2.69956e-06	-1.33289	-3.45302e-06
2.955	0.332578	-0.1726	0.538369	2.72318e-06	-1.33289	-3.47818e-06
2.96	0.332607	-0.1726	0.538332	2.74724e-06	-1.33289	-3.50382e-06
2.965	0.332636	-0.1726	0.538295	2.77176e-06	-1.33289	-3.52994e-06
2.97	0.332666	-0.1726	0.538257	2.79672e-06	-1.33289	-3.55652e-06
2.975	0.33277	-0.1726	0.538233	1.30789e-06	-1.33426	-1.55256e-06
2.98	0.3328	-0.1726	0.538195	1.33385e-06	-1.33426	-1.5802e-06
2.985	0.33283	-0.1726	0.538156	1.36025e-06	-1.33426	-1.60831e-06
2.99	0.332861	-0.1726	0.538117	1.3871e-06	-1.33426	-1.63691e-06
2.995	0.332891	-0.1726	0.538078	1.41439e-06	-1.33426	-1.66598e-06
3.0	0.332922	-0.1726	0.538039	1.44214e-06	-1.33426	-1.69553e-06
3.005	0.332953	-0.1726	0.537999	1.47035e-06	-1.33426	-1.72556e-06
3.01	0.332985	-0.1726	0.537959	1.499e-06	-1.33426	-1.75607e-06
3.015	0.333016	-0.1726	0.537918	1.5281e-06	-1.33426	-1.78706e-06
3.02	0.333048	-0.1726	0.537877	1.55765e-06	-1.33426	-1.81853e-06
3.025	0.333156	-0.1726	0.53785	1.21139e-06	-1.33562	-1.40919e-06
3.03	0.333188	-0.1726	0.537809	1.24196e-06	-1.33562	-1.44173e-06
3.035	0.333221	-0.1726	0.537767	1.27297e-06	-1.33562	-1.47474e-06
3.04	0.333254	-0.1726	0.537725	1.30443e-06	-1.33562	-1.50823e-06
3.045	0.333287	-0.1726	0.537683	1.33634e-06	-1.33562	-1.5422e-06
3.05	0.33332	-0.1726	0.53764	1.36869e-06	-1.33562	-1.57664e-06
3.055	0.333354	-0.1726	0.537597	1.40149e-06	-1.33562	-1.61156e-06
3.06	0.333388	-0.1726	0.537554	1.43474e-06	-1.33562	-1.64695e-06
3.065	0.333422	-0.1726	0.53751	1.46843e-06	-1.33562	-1.68281e-06
3.07	0.333529	-0.1726	0.53748	1.16914e-06	-1.33695	-1.35487e-06
3.075	0.333563	-0.1726	0.537436	1.20384e-06	-1.33695	-1.3918e-06
3.08	0.333598	-0.1726	0.537391	1.23897e-06	-1.33695	-1.42919e-06
3.085	0.333633	-0.1726	0.537346	1.27455e-06	-1.33695	-1.46704e-06
3.09	0.333668	-0.1726	0.537301	1.31056e-06	-1.33695	-1.50536e-06
3.095	0.333704	-0.1726	0.537256	1.347e-06	-1.33695	-1.54414e-06
3.1	0.33374	-0.1726	0.537211	1.38387e-06	-1.33695	-1.58338e-06
3.105	0.333775	-0.1726	0.537165	1.42118e-06	-1.33695	-1.62307e-06
3.11	0.333811	-0.1726	0.537119	1.45891e-06	-1.33695	-1.66322e-06
3.115	0.333924	-0.1726	0.537087	1.27591e-06	-1.33835	-1.47735e-06
3.12	0.333961	-0.1726	0.53704	1.31464e-06	-1.33835	-1.51856e-06
3.125	0.333997	-0.1726	0.536993	1.35379e-06	-1.33835	-1.5602e-06
3.13	0.334034	-0.1726	0.536946	1.39335e-06	-1.33835	-1.60228e-06
3.135	0.334072	-0.1726	0.536899	1.43333e-06	-1.33835	-1.64481e-06
3.14	0.334109	-0.1726	0.536851	1.47372e-06	-1.33835	-1.68777e-06
3.145	0.334146	-0.1726	0.536803	1.51452e-06	-1.33835	-1.73117e-06
3.15	0.334184	-0.1726	0.536755	1.55573e-06	-1.33835	-1.775e-06
3.155	0.334294	-0.1726	0.53672	1.19579e-06	-1.33966	-1.38199e-06
3.16	0.334332	-0.1726	0.536671	1.23796e-06	-1.33966	-1.42682e-06
3.165	0.33437	-0.1726	0.536622	1.28052e-06	-1.33966	-1.47208e-06
3.17	0.334409	-0.1726	0.536573	1.32347e-06	-1.33966	-1.51775e-06
3.175	0.334448	-0.1726	0.536524	1.36681e-06	-1.33966	-1.56383e-06
3.18	0.334486	-0.1726	0.536474	1.41053e-06	-1.33966	-1.61032e-06
3.185	0.334525	-0.1726	0.536425	1.45464e-06	-1.33966	-1.65722e-06
3.19	0.334564	-0.1726	0.536375	1.49912e-06	-1.33966	-1.70452e-06
3.195	0.334678	-0.1726	0.536338	1.25463e-06	-1.34102	-1.44898e-06
3.2	0.334718	-0.1726	0.536288	1.30003e-06	-1.34102	-1.49724e-06
3.205	0.334757	-0.1726	0.536237	1.3458e-06	-1.34102	-1.54589e-06
3.21	0.334797	-0.1726	0.536186	1.39192e-06	-1.34102	-1.59491e-06
3.215	0.334837	-0.1726	0.536135	1.4384e-06	-1.34102	-1.64432e-06
3.22	0.334877	-0.1726	0.536084	1.48524e-06	-1.34102	-1.6941e-06
3.225	0.334918	-0.1726	0.536032	1.53242e-06	-1.34102	-1.74425e-06
3.23	0.334958	-0.1726	0.535981	1.57994e-06	-1.34102	-1.79476e-06
3.235	0.335076	-0.1726	0.535943	1.33671e-06	-1.34243	-1.54311e-06
3.24	0.335116	-0.1726	0.535891	1.38511e-06	-1.34243	-1.59453e-06
3.245	0.335157	-0.1726	0.535839	1.43383e-06	-1.34243	-1.6463e-06
3.25	0.335198	-0.1726	0.535787	1.48287e-06	-1.34243	-1.6984e-06
3.255	0.335239	-0.1726	0.535734	1.53223e-06	-1.34243	-1.75084e-06
3.26	0.335281	-0.1726	0.535681	1.5819e-06	-1.34243	-1.80362e-06
3.265	0.335322	-0.1726	0.535628	1.63188e-06	-1.34243	-1.85672e-06
3.27	0.335434	-0.1726	0.535588	1.18649e-06	-1.34371	-1.36669e-06
3.275	0.335476	-0.1726	0.535535	1.23727e-06	-1.34371	-1.42062e-06
3.28	0.335518	-0.1726	0.535481	1.28833e-06	-1.34371	-1.47485e-06
3.285	0.33556	-0.1726	0.535428	1.33968e-06	-1.34371	-1.52939e-06
3.29	0.335602	-0.1726	0.535374	1.39131e-06	-1.34371	-1.58422e-06
3.295	0.335644	-0.1726	0.53532	1.44321e-06	-1.34371	-1.63935e-06
3.3	0.335686	-0.1726	0.535266	1.49538e-06	-1.34371	-1.69476e-06
3.305	0.3358	-0.1726	0.535225	1.19637e-06	-1.34501	-1.37697e-06
3.31	0.335842	-0.1726	0.535171	1.24927e-06	-1.34501	-1.43314e-06
3.315	0.335885	-0.1726	0.535116	1.30241e-06	-1.34501	-1.48956e-06
3.32	0.335928	-0.1726	0.535061	1.35581e-06	-1.34501	-1.54625e-06
3.325	0.335971	-0.1726	0.535007	1.40944e-06	-1.34501	-1.60318e-06
3.33	0.336014	-0.1726	0.534952	1.4633e-06	-1.34501	-1.66037e-06
3.335	0.336057	-0.1726	0.534897	1.51739e-06	-1.34501	-1.7178e-06
3.34	0.336172	-0.1726	0.534855	1.23409e-06	-1.34632	-1.41974e-06
3.345	0.336215	-0.1726	0.5348	1.28883e-06	-1.34632	-1.47785e-06
3.35	0.336259	-0.1726	0.534744	1.34378e-06	-1.34632	-1.53616e-06
3.355	0.336302	-0.1726	0.534689	1.39894e-06	-1.34632	-1.59469e-06
3.36	0.336346	-0.1726	0.534633	1.45428e-06	-1.34632	-1.65343e-06
3.365	0.336389	-0.1726	0.534577	1.50982e-06	-1.34632	-1.71237e-06
3.37	0.336433	-0.1726	0.534521	1.56553e-06	-1.34632	-1.77149e-06
3.375	0.33655	-0.1726	0.53448	1.27011e-06	-1.34766	-1.46059e-06
3.38	0.336594	-0.1726	0.534423	1.32641e-06	-1.34766	-1.52031e-06
3.385	0.336638	-0.1726	0.534367	1.38286e-06	-1.34766	-1.58019e-06
3.39	0.336682	-0.1726	0.534311	1.43946e-06	-1.34766	-1.64024e-06
3.395	0.336726	-0.1726	0.534255	1.49622e-06	-1.34766	-1.70045e-06
3.4	0.33677	-0.1726	0.534198	1.55311e-06	-1.34766	-1.7608e-06
3.405	0.336815	-0.1726	0.534142	1.61014e-06	-1.34766	-1.8213e-06
3.41	0.336933	-0.1726	0.534099	1.29952e-06	-1.34902	-1.49378e-06
3.415	0.336977	-0.1726	0.534043	1.35704e-06	-1.34902	-1.55478e-06
3.42	0.337022	-0.1726	0.533986	1.41467e-06	-1.34902	-1.61589e-06
3.425	0.337066	-0.1726	0.533929	1.47241e-06	-1.34902	-1.67711e-06
3.43	0.337111	-0.1726	0.533872	1.53024e-06	-1.34902	-1.73844e-06
3.435	0.337155	-0.1726	0.533815	1.58817e-06	-1.34902	-1.79987e-06
3.44	0.3372	-0.1726	0.533758	1.64618e-06	-1.34902	-1.86138e-06
3.445	0.337319	-0.1726	0.533716	1.32136e-06	-1.35039	-1.51824e-06
3.45	0.337364	-0.1726	0.533659	1.37978e-06	-1.35039	-1.58016e-06
3.455	0.337408	-0.1726	0.533602	1.43825e-06	-1.35039	-1.64214e-06
3.46	0.337453	-0.1726	0.533545	1.49677e-06	-1.35039	-1.70418e-06
3.465	0.337498	-0.1726	0.533487	1.55535e-06	-1.35039	-1.76627e-06
3.47	0.337543	-0.1726	0.53343	1.61397e-06	-1.35039	-1.82841e-06
3.475	0.337587	-0.1726	0.533373	1.67262e-06	-1.35039	-1.89058e-06
3.48	0.337707	-0.1726	0.53333	1.33531e-06	-1.35176	-1.53361e-06
3.485	0.337752	-0.1726	0.533273	1.39428e-06	-1.35176	-1.59609e-06
3.49	0.337797	-0.1726	0.533216	1.45324e-06	-1.35176	-1.65857e-06
3.495	0.337842	-0.1726	0.533158	1.51222e-06	-1.35176	-1.72105e-06
3.5	0.337887	-0.1726	0.533101	1.57119e-06	-1.35176	-1.78354e-06
3.505	0.337932	-0.1726	0.533043	1.63015e-06	-1.35176	-1.84601e-06
3.51	0.337976	-0.1726	0.532986	1.68909e-06	-1.35176	-1.90846e-06
3.515	0.338097	-0.1726	0.532944	1.34122e-06	-1.35314	-1.53973e-06
3.52	0.338142	-0.1726	0.532886	1.40038e-06	-1.35314	-1.60238e-06
3.525	0.338187	-0.1726	0.532829	1.45949e-06	-1.35314	-1.66499e-06
3.53	0.338231	-0.1726	0.532771	1.51856e-06	-1.35314	-1.72755e-06
3.535	0.338276	-0.1726	0.532714	1.57757e-06	-1.35314	-1.79005e-06
3.54	0.338321	-0.1726	0.532657	1.63652e-06	-1.35314	-1.85249e-06
3.545	0.338366	-0.1726	0.532599	1.6954e-06	-1.35314	-1.91485e-06
3.55	0.338486	-0.1726	0.532557	1.33904e-06	-1.35452	-1.53654e-06
3.555	0.338531	-0.1726	0.5325	1.39803e-06	-1.35452	-1.599e-06
3.56	0.338576	-0.1726	0.532443	1.45693e-06	-1.35452	-1.66136e-06
3.565	0.33862	-0.1726	0.532385	1.51573e-06	-1.35452	-1.72361e-06
3.57	0.338665	-0.1726	0.532328	1.57443e-06	-1.35452	-1.78575e-06
3.575	0.33871	-0.1726	0.532271	1.63302e-06	-1.35452	-1.84778e-06
3.58	0.338754	-0.1726	0.532214	1.69149e-06	-1.35452	-1.90968e-06
3.585	0.338874	-0.1726	0.532172	1.3288e-06	-1.3559	-1.52412e-06
3.59	0.338919	-0.1726	0.532115	1.38728e-06	-1.3559	-1.58601e-06
3.595	0.338963	-0.1726	0.532058	1.44561e-06	-1.3559	-1.64774e-06
3.6	0.339007	-0.1726	0.532001	1.5038e-06	-1.3559	-1.70931e-06
3.605	0.339052	-0.1726	0.531944	1.56183e-06	-1.3559	-1.77073e-06
3.61	0.339096	-0.1726	0.531887	1.6197e-06	-1.3559	-1.83197e-06
3.615	0.33914	-0.1726	0.531831	1.6774e-06	-1.3559	-1.89303e-06
3.62	0.339259	-0.1726	0.531789	1.31065e-06	-1.35727	-1.50264e-06
3.625	0.339304	-0.1726	0.531733	1.36826e-06	-1.35727	-1.56358e-06
3.63	0.339348	-0.1726	0.531676	1.42568e-06	-1.35727	-1.62432e-06
3.635	0.339392	-0.1726	0.53162	1.48291e-06	-1.35727	-1.68485e-06
3.64	0.339436	-0.1726	0.531564	1.53993e-06	-1.35727	-1.74517e-06
3.645	0.33948	-0.1726	0.531507	1.59674e-06	-1.35727	-1.80527e-06
3.65	0.339523	-0.1726	0.531451	1.65333e-06	-1.35727	-1.86513e-06
3.655	0.339641	-0.1726	0.53141	1.28482e-06	-1.35862	-1.47237e-06
3.66	0.339685	-0.1726	0.531355	1.34123e-06	-1.35862	-1.53202e-06
3.665	0.339728	-0.1726	0.531299	1.39739e-06	-1.35862	-1.59141e-06
3.67	0.339772	-0.1726	0.531243	1.45332e-06	-1.35862	-1.65054e-06
3.675	0.339815	-0.1726	0.531187	1.50899e-06	-1.35862	-1.70941e-06
3.68	0.339859	-0.1726	0.531132	1.56441e-06	-1.35862	-1.76801e-06
3.685	0.339902	-0.1726	0.531077	1.61957e-06	-1.35862	-1.82634e-06
3.69	0.340018	-0.1726	0.531036	1.25163e-06	-1.35996	-1.4337e-06
3.695	0.340061	-0.1726	0.530981	1.3065e-06	-1.35996	-1.49171e-06
3.7	0.340104	-0.1726	0.530926	1.36109e-06	-1.35996	-1.54941e-06
3.705	0.340147	-0.1726	0.530871	1.4154e-06	-1.35996	-1.6068e-06
3.71	0.340189	-0.1726	0.530817	1.46941e-06	-1.35996	-1.66389e-06
3.715	0.340232	-0.1726	0.530762	1.52312e-06	-1.35996	-1.72066e-06
3.72	0.340275	-0.1726	0.530708	1.57653e-06	-1.35996	-1.77712e-06
3.725	0.340389	-0.1726	0.530668	1.21148e-06	-1.36128	-1.38711e-06
3.73	0.340431	-0.1726	0.530614	1.26452e-06	-1.36128	-1.44315e-06
3.735	0.340473	-0.1726	0.53056	1.31722e-06	-1.36128	-1.49883e-06
3.74	0.340515	-0.1726	0.530506	1.3696e-06	-1.36128	-1.55418e-06
3.745	0.340557	-0.1726	0.530453	1.42165e-06	-1.36128	-1.60917e-06
3.75	0.340599	-0.1726	0.530399	1.47336e-06	-1.36128	-1.6638e-06
3.755	0.340641	-0.1726	0.530346	1.52473e-06	-1.36128	-1.71808e-06
3.76	0.340753	-0.1726	0.530307	1.16487e-06	-1.36257	-1.33317e-06
3.765	0.340794	-0.1726	0.530254	1.21577e-06	-1.36257	-1.38693e-06
3.77	0.340835	-0.1726	0.530202	1.26631e-06	-1.36257	-1.44031e-06
3.775	0.340835	-0.1726	0.530202	-3.90158e-05	-1.36272	9.19011e-05
3.78	0.340827	-0.172585	0.530203	-7.47194e-05	-1.36288	0.00018004
3.785	0.340818	-0.17257	0.5302	-0.000113131	-1.36304	0.000270118
3.79	0.340811	-0.172556	0.530201	-0.00014902	-1.36321	0.000357925
3.795	0.340803	-0.172541	0.530199	-0.000187354	-1.36336	0.000447591
3.8	0.340796	-0.172526	0.5302	-0.000223201	-1.36353	0.000535056
3.805	0.340788	-0.172512	0.530198	-0.000261528	-1.36368	0.000624429
3.81	0.340781	-0.172497	0.530199	-0.000297375	-1.36385	0.000711636
3.815	0.340773	-0.172483	0.530196	-0.000336033	-1.36401	0.000800976
3.82	0.340766	-0.172469	0.530196	-0.000372626	-1.36417	0.000888436
3.825	0.340758	-0.172455	0.530194	-0.000411234	-1.36433	0.000977533
3.83	0.340751	-0.17244	0.530193	-0.000448867	-1.36449	0.00106537
3.835	0.340744	-0.172426	0.530191	-0.000487038	-1.36464	0.0011539
3.84	0.340736	-0.172412	0.53019	-0.000525082	-1.3648	0.00124174
3.845	0.340729	-0.172398	0.530187	-0.000563627	-1.36496	0.00133028
3.85	0.340722	-0.172384	0.530185	-0.000602012	-1.36511	0.00141812
3.855	0.340715	-0.17237	0.530183	-0.000640855	-1.36527	0.00150667
3.86	0.340707	-0.172357	0.530181	-0.000679494	-1.36542	0.00159453
3.865	0.3407	-0.172343	0.530178	-0.000718562	-1.36558	0.0016831
3.87	0.340692	-0.172329	0.530174	-0.00075832	-1.36573	0.00177177
3.875	0.340683	-0.172316	0.530165	-0.00080259	-1.36586	0.00186486
3.88	0.340672	-0.172303	0.530149	-0.000851328	-1.36597	0.00196177
3.885	0.34066	-0.17229	0.530129	-0.000903846	-1.36607	0.00206251
3.89	0.340646	-0.172277	0.530103	-0.000960063	-1.36615	0.00216662
3.895	0.340632	-0.172264	0.530078	-0.00101625	-1.36623	0.00227177
3.9	0.340621	-0.17225	0.53006	-0.00106691	-1.36634	0.00237237
3.905	0.34061	-0.172237	0.530042	-0.00111813	-1.36644	0.00247357
3.91	0.340601	-0.172222	0.53003	-0.00116451	-1.36657	0.0025708
3.915	0.340591	-0.172209	0.530016	-0.00121219	-1.36668	0.00266913
3.92	0.340583	-0.172194	0.530009	-0.00125562	-1.36682	0.00276392
3.925	0.340574	-0.17218	0.529999	-0.00130084	-1.36695	0.00286005
3.93	0.340567	-0.172166	0.529994	-0.00134225	-1.3671	0.00295307
3.935	0.34056	-0.172151	0.529986	-0.00138593	-1.36724	0.0030477
3.94	0.340553	-0.172137	0.529982	-0.00142656	-1.36739	0.00313971
3.945	0.340546	-0.172123	0.529976	-0.00146893	-1.36753	0.00323307
3.95	0.340539	-0.172108	0.529975	-0.00150811	-1.36769	0.00332379
3.955	0.340531	-0.172094	0.529966	-0.00155224	-1.36782	0.00341831
3.96	0.340521	-0.172081	0.529952	-0.00160098	-1.36794	0.00351638
3.965	0.34051	-0.172068	0.529931	-0.00165399	-1.36803	0.00361771
3.97	0.340496	-0.172055	0.529905	-0.00171094	-1.36811	0.00372206
3.975	0.340481	-0.172043	0.529874	-0.00177151	-1.36818	0.00382919
3.98	0.340465	-0.172031	0.529838	-0.00183543	-1.36822	0.00393886
3.985	0.340447	-0.17202	0.529798	-0.00190242	-1.36826	0.00405088
3.99	0.340428	-0.172009	0.529754	-0.00197224	-1.36828	0.00416506
3.995	0.34041	-0.171998	0.529712	-0.00204102	-1.3683	0.00427857
4.0	0.340395	-0.171985	0.529681	-0.00210157	-1.36837	0.00438621
4.005	0.34038	-0.171973	0.52965	-0.00216181	-1.36843	0.00449373
4.01	0.340369	-0.17196	0.52963	-0.00221486	-1.36853	0.00459604
4.015	0.340356	-0.171947	0.529604	-0.00227176	-1.36861	0.00470123
4.02	0.340342	-0.171934	0.529573	-0.00233223	-1.36867	0.00480907
4.025	0.340326	-0.171922	0.529537	-0.00239598	-1.36872	0.00491934
4.03	0.340309	-0.171911	0.529497	-0.00246275	-1.36875	0.00503184
4.035	0.34029	-0.1719	0.529453	-0.00253228	-1.36877	0.00514639
4.04	0.340272	-0.171888	0.529411	-0.00260093	-1.3688	0.00526036
4.045	0.340257	-0.171876	0.529379	-0.00266189	-1.36886	0.00536876
4.05	0.340242	-0.171865	0.529348	-0.00272167	-1.36892	0.0054724
4.055	0.340231	-0.171856	0.529328	-0.00277201	-1.36902	0.00555814
4.06	0.340219	-0.171848	0.529307	-0.00282236	-1.36911	0.00564159
4.065	0.340209	-0.171842	0.529295	-0.0028653	-1.36924	0.00571144
4.07	0.340199	-0.171836	0.529282	-0.00290932	-1.36936	0.00578141
4.075	0.340191	-0.171831	0.529275	-0.00294742	-1.3695	0.00584135
4.08	0.340182	-0.171827	0.529267	-0.00298716	-1.36963	0.00590254
4.085	0.340175	-0.171823	0.529264	-0.00302172	-1.36979	0.00595547
4.09	0.340167	-0.17182	0.52926	-0.00305795	-1.36993	0.00600944
4.095	0.340159	-0.171818	0.529259	-0.00309027	-1.37009	0.0060542
4.1	0.340152	-0.171817	0.529257	-0.00312341	-1.37025	0.00610048
4.105	0.340145	-0.171816	0.529258	-0.00315432	-1.37041	0.00613928
4.11	0.340137	-0.171815	0.529258	-0.00318574	-1.37058	0.00618082
4.115	0.34013	-0.171815	0.529259	-0.00321594	-1.37074	0.00621882
4.12	0.340123	-0.171814	0.52926	-0.00324676	-1.37091	0.00625963
4.125	0.340116	-0.171814	0.529262	-0.00327654	-1.37108	0.00629724
4.13	0.340109	-0.171813	0.529264	-0.00330701	-1.37125	0.00633771
4.135	0.340102	-0.171813	0.529266	-0.00333655	-1.37142	0.0063751
4.14	0.340095	-0.171812	0.529268	-0.00336684	-1.37159	0.00641539
4.145	0.340088	-0.171812	0.52927	-0.00339625	-1.37176	0.00645266
4.15	0.34008	-0.171811	0.529272	-0.00342646	-1.37193	0.00649285
4.155	0.340073	-0.171811	0.529275	-0.00345583	-1.3721	0.00653005
4.16	0.340066	-0.171809	0.529277	-0.00348652	-1.37227	0.00657226
4.165	0.340058	-0.171807	0.529278	-0.0035177	-1.37243	0.00661667
4.17	0.340051	-0.171806	0.529279	-0.00354936	-1.3726	0.00666155
4.175	0.340043	-0.171804	0.529281	-0.00358045	-1.37277	0.00670462
4.18	0.340036	-0.171802	0.529282	-0.00361179	-1.37293	0.00674822
4.185	0.340028	-0.171801	0.529284	-0.00364257	-1.3731	0.0067901
4.19	0.340021	-0.1718	0.529286	-0.00367365	-1.37327	0.00683268
4.195	0.340013	-0.171799	0.529287	-0.00370435	-1.37344	0.00687403
4.2	0.340006	-0.171797	0.529289	-0.00373598	-1.37361	0.00691832
4.205	0.339998	-0.171795	0.52929	-0.00376803	-1.37377	0.00696436
4.21	0.33999	-0.171792	0.52929	-0.00380089	-1.37393	0.00701254
4.215	0.339983	-0.171789	0.52929	-0.0038341	-1.3741	0.0070626
4.22	0.339975	-0.171785	0.52929	-0.0038682	-1.37426	0.0071161
4.225	0.339967	-0.171781	0.529289	-0.00390261	-1.37442	0.007171
4.23	0.339959	-0.171777	0.529288	-0.00393719	-1.37458	0.00722486
4.235	0.339952	-0.171773	0.529288	-0.00397168	-1.37474	0.00727862
4.24	0.339944	-0.171769	0.529286	-0.00400631	-1.3749	0.00733143
4.245	0.339936	-0.171766	0.529285	-0.00404081	-1.37506	0.00738418
4.25	0.339928	-0.171762	0.529284	-0.00407543	-1.37522	0.00743602
4.255	0.33992	-0.171759	0.529283	-0.00410991	-1.37537	0.00748785
4.26	0.339913	-0.171756	0.529282	-0.00414449	-1.37553	0.0075388
4.265	0.339905	-0.171753	0.529281	-0.00417892	-1.37569	0.00758983
4.27	0.339897	-0.171751	0.529279	-0.00421345	-1.37585	0.00764
4.275	0.339889	-0.171748	0.529278	-0.00424784	-1.37601	0.00769031
4.28	0.339881	-0.171745	0.529277	-0.00428232	-1.37617	0.0077398
4.285	0.339873	-0.171743	0.529275	-0.00431666	-1.37633	0.00778948
4.29	0.339866	-0.17174	0.529274	-0.0043511	-1.37648	0.00783838
4.295	0.339858	-0.171738	0.529273	-0.00438541	-1.37664	0.00788753
4.3	0.33985	-0.171736	0.529272	-0.00441981	-1.3768	0.0079359
4.305	0.339842	-0.171733	0.529271	-0.00445411	-1.37696	0.00798459
4.31	0.339834	-0.171731	0.529269	-0.00448848	-1.37712	0.00803251
4.315	0.339827	-0.171729	0.529268	-0.00452277	-1.37728	0.00808079
4.32	0.339819	-0.171727	0.529267	-0.00455713	-1.37743	0.00812832
4.325	0.339811	-0.171725	0.529266	-0.00459141	-1.37759	0.00817625
4.33	0.339803	-0.171723	0.529265	-0.00462578	-1.37775	0.00822343
4.335	0.339795	-0.171722	0.529264	-0.00466007	-1.37791	0.00827105
4.34	0.339787	-0.17172	0.529262	-0.00469445	-1.37807	0.00831793
4.345	0.33978	-0.171718	0.529261	-0.00472876	-1.37823	0.00836528
4.35	0.339772	-0.171716	0.52926	-0.00476315	-1.37839	0.00841188
4.355	0.339764	-0.171715	0.529259	-0.00479748	-1.37854	0.00845899
4.36	0.339756	-0.171713	0.529258	-0.00483189	-1.3787	0.00850535
4.365	0.339748	-0.171711	0.529257	-0.00486626	-1.37886	0.00855225
4.37	0.33974	-0.17171	0.529255	-0.0049007	-1.37902	0.00859838
4.375	0.339733	-0.171708	0.529255	-0.00493511	-1.37918	0.00864509
4.38	0.339725	-0.171707	0.529253	-0.00496958	-1.37934	0.00869102
4.385	0.339717	-0.171706	0.529252	-0.00500403	-1.3795	0.00873755
4.39	0.339709	-0.171704	0.529251	-0.00503854	-1.37966	0.00878329
4.395	0.339701	-0.171703	0.52925	-0.00507304	-1.37981	0.00882966
4.4	0.339693	-0.171702	0.529249	-0.00510759	-1.37997	0.00887522
4.405	0.339686	-0.1717	0.529248	-0.00514213	-1.38013	0.00892145
4.41	0.339678	-0.171699	0.529247	-0.00517673	-1.38029	0.00896684
4.415	0.33967	-0.171698	0.529246	-0.00521132	-1.38045	0.00901293
4.42	0.339662	-0.171697	0.529245	-0.00524597	-1.38061	0.00905816
4.425	0.339654	-0.171695	0.529244	-0.00528061	-1.38077	0.00910412
4.43	0.339646	-0.171694	0.529242	-0.0053153	-1.38092	0.0091492
4.435	0.339638	-0.171693	0.529241	-0.00535001	-1.38108	0.00919504
4.44	0.33963	-0.171692	0.52924	-0.00538475	-1.38124	0.00923998
4.445	0.339622	-0.171691	0.529239	-0.00541951	-1.3814	0.0092857
4.45	0.339614	-0.17169	0.529238	-0.0054543	-1.38156	0.0093305
4.455	0.339607	-0.171689	0.529237	-0.00548912	-1.38172	0.0093761
4.46	0.339599	-0.171688	0.529236	-0.00552371	-1.38188	0.0094199
4.465	0.339591	-0.171688	0.529236	-0.00555759	-1.38204	0.0094621
4.47	0.339583	-0.171688	0.529236	-0.00559156	-1.3822	0.00950378
4.475	0.339575	-0.171688	0.529235	-0.0056257	-1.38236	0.00954632
4.48	0.339567	-0.171688	0.529235	-0.0056599	-1.38252	0.00958833
4.485	0.339559	-0.171687	0.529234	-0.00569428	-1.38268	0.00963133
4.49	0.339551	-0.171687	0.529234	-0.0057287	-1.38284	0.0096737
4.495	0.339543	-0.171686	0.529233	-0.00576328	-1.383	0.00971703
4.5	0.339535	-0.171686	0.529232	-0.00579787	-1.38316	0.00975966
4.505	0.339527	-0.171686	0.529231	-0.00583262	-1.38332	0.00980324
4.51	0.339519	-0.171685	0.529231	-0.00586736	-1.38348	0.00984606
4.515	0.339511	-0.171685	0.52923	-0.00590225	-1.38364	0.00988982
4.52	0.339503	-0.171685	0.529229	-0.00593712	-1.3838	0.00993278
4.525	0.339495	-0.171684	0.529228	-0.00597215	-1.38396	0.00997667
4.53	0.339487	-0.171684	0.529227	-0.00600713	-1.38412	0.0100197
4.535	0.339479	-0.171684	0.529226	-0.00604227	-1.38428	0.0100637
4.54	0.339471	-0.171683	0.529225	-0.00607736	-1.38444	0.0101068
4.545	0.339463	-0.171683	0.529224	-0.00611261	-1.3846	0.0101508
4.55	0.339455	-0.171683	0.529223	-0.00614779	-1.38475	0.0101939
4.555	0.339447	-0.171682	0.529222	-0.00618314	-1.38491	0.010238
4.56	0.339439	-0.171682	0.529221	-0.00621841	-1.38507	0.0102811
4.565	0.339431	-0.171682	0.52922	-0.00625384	-1.38523	0.0103251
4.57	0.339423	-0.171681	0.529219	-0.00628919	-1.38539	0.0103682
4.575	0.339415	-0.171681	0.529218	-0.00632472	-1.38555	0.0104123
4.58	0.339407	-0.171681	0.529217	-0.00636015	-1.38571	0.0104553
4.585	0.339399	-0.171681	0.529216	-0.00639575	-1.38587	0.0104994
4.59	0.339391	-0.171681	0.529215	-0.00643125	-1.38602	0.0105423
4.595	0.339383	-0.17168	0.529214	-0.00646694	-1.38618	0.0105864
4.6	0.339375	-0.17168	0.529213	-0.00650251	-1.38634	0.0106293
4.605	0.339367	-0.17168	0.529212	-0.00653828	-1.3865	0.0106733
4.61	0.339359	-0.17168	0.529211	-0.00657391	-1.38666	0.0107161
4.615	0.33935	-0.17168	0.52921	-0.00660976	-1.38682	0.0107601
4.62	0.339342	-0.17168	0.529209	-0.00664546	-1.38698	0.0108029
4.625	0.339334	-0.17168	0.529208	-0.00668138	-1.38714	0.0108468
4.63	0.339326	-0.17168	0.529207	-0.00671714	-1.38729	0.0108895
4.635	0.339318	-0.17168	0.529206	-0.00675314	-1.38745	0.0109334
4.64	0.33931	-0.17168	0.529205	-0.00678897	-1.38761	0.010976
4.645	0.339302	-0.17168	0.529204	-0.00682503	-1.38777	0.0110198
4.65	0.339294	-0.17168	0.529203	-0.00686093	-1.38793	0.0110623
4.655	0.339286	-0.17168	0.529202	-0.00689706	-1.38809	0.0111061
4.66	0.339278	-0.17168	0.529201	-0.00693302	-1.38825	0.0111485
4.665	0.33927	-0.17168	0.5292	-0.00696923	-1.3884	0.0111922
4.67	0.339261	-0.17168	0.529198	-0.00700525	-1.38856	0.0112346
4.675	0.339253	-0.17168	0.529197	-0.00704153	-1.38872	0.0112782
4.68	0.339245	-0.171681	0.529196	-0.00707761	-1.38888	0.0113205
4.685	0.339237	-0.171681	0.529195	-0.00711396	-1.38904	0.0113641
4.69	0.339229	-0.171681	0.529194	-0.0071501	-1.3892	0.0114063
4.695	0.339221	-0.171681	0.529193	-0.00718653	-1.38936	0.0114498
4.7	0.339213	-0.171682	0.529192	-0.00722281	-1.38951	0.0114921
4.705	0.339205	-0.171681	0.529191	-0.00725995	-1.38967	0.0115383
4.71	0.339197	-0.17168	0.529189	-0.00729787	-1.38983	0.0115879
4.715	0.339189	-0.171677	0.529187	-0.00733659	-1.38998	0.0116412
4.72	0.33918	-0.171674	0.529185	-0.00737601	-1.39014	0.0116979
4.725	0.339172	-0.17167	0.529183	-0.00741614	-1.39029	0.0117578
4.73	0.339165	-0.171665	0.529181	-0.00745689	-1.39045	0.0118207
4.735	0.339157	-0.17166	0.529179	-0.00749822	-1.3906	0.0118861
4.74	0.339149	-0.171654	0.529176	-0.00753956	-1.39076	0.0119512
4.745	0.33914	-0.17165	0.529173	-0.00758069	-1.39091	0.0120122
4.75	0.339132	-0.171647	0.529168	-0.00762246	-1.39105	0.0120708
4.755	0.339123	-0.171645	0.529162	-0.00766402	-1.3912	0.0121255
4.76	0.339113	-0.171644	0.529155	-0.00770596	-1.39133	0.0121777
4.765	0.339104	-0.171645	0.529147	-0.00774744	-1.39147	0.012226
4.77	0.339094	-0.171645	0.52914	-0.00778865	-1.39161	0.0122735
4.775	0.339086	-0.171644	0.529136	-0.00782846	-1.39176	0.0123234
4.78	0.339077	-0.171643	0.52913	-0.00786984	-1.3919	0.0123769
4.785	0.339069	-0.17164	0.529127	-0.00791041	-1.39205	0.012433
4.79	0.339061	-0.171637	0.529122	-0.00795264	-1.3922	0.0124924
4.795	0.339053	-0.171634	0.529118	-0.00799376	-1.39235	0.0125511
4.8	0.339044	-0.17163	0.529113	-0.00803639	-1.39249	0.0126129
4.805	0.339036	-0.171626	0.52911	-0.00807789	-1.39264	0.0126738
4.81	0.339028	-0.171622	0.529105	-0.00812093	-1.39279	0.0127376
4.815	0.33902	-0.171617	0.529102	-0.00816285	-1.39294	0.0128005
4.82	0.339012	-0.171612	0.529096	-0.00820632	-1.39308	0.0128662
4.825	0.339004	-0.171607	0.529093	-0.00824866	-1.39324	0.0129309
4.83	0.338996	-0.171602	0.529088	-0.00829265	-1.39338	0.0129992
4.835	0.338988	-0.171595	0.529085	-0.00833582	-1.39353	0.0130691
4.84	0.33898	-0.171589	0.52908	-0.0083806	-1.39368	0.0131421
4.845	0.338973	-0.171581	0.529078	-0.00842402	-1.39383	0.0132149
4.85	0.338965	-0.171575	0.529076	-0.00846717	-1.39399	0.0132841
4.855	0.338958	-0.171571	0.529075	-0.00850812	-1.39415	0.0133468
4.86	0.33895	-0.171567	0.529074	-0.00854913	-1.3943	0.0134071
4.865	0.338943	-0.171564	0.529075	-0.00858842	-1.39447	0.0134627
4.87	0.338935	-0.17156	0.529074	-0.00862894	-1.39463	0.013521
4.875	0.338928	-0.171556	0.529075	-0.00866905	-1.39479	0.0135804
4.88	0.33892	-0.171552	0.529073	-0.00871065	-1.39495	0.0136427
4.885	0.338912	-0.171547	0.529074	-0.00875173	-1.39511	0.0137058
4.89	0.338905	-0.171542	0.529072	-0.00879434	-1.39527	0.0137718
4.895	0.338897	-0.171535	0.529071	-0.00883678	-1.39543	0.0138399
4.9	0.338889	-0.171529	0.529069	-0.0088809	-1.39558	0.0139114
4.905	0.338882	-0.171522	0.529068	-0.0089247	-1.39574	0.0139846
4.91	0.338873	-0.171514	0.529065	-0.00897011	-1.39589	0.0140601
4.915	0.338866	-0.171506	0.529063	-0.00901508	-1.39604	0.0141368
4.92	0.338858	-0.171498	0.529059	-0.00906154	-1.39619	0.0142166
4.925	0.33885	-0.171489	0.529057	-0.00910754	-1.39635	0.0142978
4.93	0.338842	-0.171479	0.529053	-0.00915496	-1.3965	0.0143814
4.935	0.338834	-0.171469	0.52905	-0.00920228	-1.39665	0.0144666
4.94	0.338824	-0.171459	0.529041	-0.0092537	-1.39678	0.0145563
4.945	0.338813	-0.171449	0.529026	-0.00930909	-1.39689	0.0146504
4.95	0.338801	-0.171439	0.529008	-0.00936621	-1.397	0.014747
4.955	0.338791	-0.171428	0.528995	-0.0094213	-1.39712	0.0148432
4.96	0.338778	-0.171418	0.528975	-0.00948002	-1.39722	0.0149433
4.965	0.338765	-0.171407	0.528952	-0.00954177	-1.3973	0.0150473
4.97	0.338751	-0.171396	0.528927	-0.00960439	-1.39738	0.0151526
4.975	0.33874	-0.171384	0.528909	-0.00966293	-1.39749	0.0152557
4.98	0.338728	-0.171372	0.52889	-0.00972234	-1.39759	0.0153603
4.985	0.338718	-0.171359	0.528878	-0.00977814	-1.39771	0.0154627
4.99	0.338707	-0.171347	0.528864	-0.00983527	-1.39782	0.0155668
4.995	0.338699	-0.171333	0.528855	-0.00988926	-1.39796	0.015669
5.0	0.338689	-0.17132	0.528843	-0.00994488	-1.39808	0.0157727
5.005	0.338681	-0.171307	0.528837	-0.00999752	-1.39822	0.0158747
5.01	0.338672	-0.171293	0.528829	-0.0100517	-1.39836	0.015978
5.015	0.338665	-0.171279	0.528824	-0.0101036	-1.3985	0.01608
5.02	0.338656	-0.171265	0.528818	-0.0101569	-1.39864	0.0161831
5.025	0.338649	-0.171251	0.528815	-0.0102079	-1.3988	0.0162849
5.03	0.338641	-0.171237	0.52881	-0.0102612	-1.39894	0.0163885
5.035	0.338634	-0.171223	0.528807	-0.0103124	-1.39909	0.0164909
5.04	0.338626	-0.171209	0.528801	-0.0103658	-1.39924	0.016595
5.045	0.338619	-0.171194	0.528799	-0.0104173	-1.39939	0.016698
5.05	0.338611	-0.17118	0.528793	-0.010471	-1.39953	0.0168027
5.055	0.338604	-0.171165	0.528791	-0.0105228	-1.39969	0.0169063
5.06	0.338595	-0.171151	0.528785	-0.0105769	-1.39983	0.0170117
5.065	0.338588	-0.171136	0.528782	-0.0106293	-1.39998	0.0171163
5.07	0.33858	-0.171122	0.528776	-0.0106833	-1.40012	0.0172219
5.075	0.338573	-0.171107	0.528776	-0.010734	-1.40028	0.0173251
5.08	0.338566	-0.171092	0.528773	-0.0107869	-1.40043	0.0174308
5.085	0.33856	-0.171077	0.528776	-0.0108364	-1.4006	0.0175329
5.09	0.338553	-0.171062	0.528774	-0.0108886	-1.40076	0.017639
5.095	0.338547	-0.171047	0.528779	-0.0109372	-1.40094	0.0177401
5.1	0.338541	-0.171031	0.528778	-0.0109891	-1.4011	0.0178465
5.105	0.338535	-0.171016	0.528784	-0.0110371	-1.40128	0.017947
5.11	0.338528	-0.171001	0.528784	-0.0110889	-1.40144	0.0180539
5.115	0.338524	-0.170986	0.528792	-0.0111356	-1.40162	0.0181507
5.12	0.338517	-0.170973	0.528793	-0.0111868	-1.40179	0.0182511
5.125	0.338507	-0.170959	0.528786	-0.0112421	-1.40193	0.0183548
5.13	0.338496	-0.170947	0.528773	-0.0113012	-1.40205	0.0184614
5.135	0.338484	-0.170934	0.528754	-0.0113639	-1.40215	0.0185708
5.14	0.338469	-0.170922	0.528729	-0.0114298	-1.40223	0.0186827
5.145	0.338454	-0.17091	0.5287	-0.0114986	-1.40229	0.0187972
5.15	0.338437	-0.170898	0.528666	-0.0115701	-1.40235	0.0189144
5.155	0.338418	-0.170887	0.528627	-0.011644	-1.40238	0.0190337
5.16	0.338399	-0.170875	0.528585	-0.01172	-1.40241	0.0191554
5.165	0.33838	-0.170864	0.528544	-0.0117954	-1.40244	0.0192769
5.17	0.338365	-0.170851	0.528514	-0.011865	-1.4025	0.0193947
5.175	0.33835	-0.170838	0.528483	-0.0119344	-1.40257	0.0195127
5.18	0.338337	-0.170825	0.528462	-0.0119987	-1.40266	0.0196275
5.185	0.338325	-0.170811	0.52844	-0.0120637	-1.40275	0.0197427
5.19	0.338315	-0.170797	0.528426	-0.0121246	-1.40286	0.0198553
5.195	0.338304	-0.170783	0.528409	-0.0121866	-1.40297	0.0199686
5.2	0.338295	-0.170768	0.528399	-0.0122452	-1.4031	0.0200799
5.205	0.338285	-0.170754	0.528387	-0.0123052	-1.40322	0.0201919
5.21	0.338277	-0.170739	0.528379	-0.0123624	-1.40336	0.0203024
5.215	0.338267	-0.170725	0.528366	-0.012423	-1.40348	0.0204151
5.22	0.338256	-0.170711	0.528348	-0.0124864	-1.40358	0.0205304
5.225	0.338244	-0.170697	0.528325	-0.012552	-1.40367	0.0206464
5.23	0.338231	-0.170684	0.528302	-0.0126181	-1.40375	0.0207628
5.235	0.338221	-0.170669	0.528286	-0.0126803	-1.40386	0.0208766
5.24	0.338211	-0.170655	0.528268	-0.0127434	-1.40396	0.0209912
5.245	0.338202	-0.170641	0.528257	-0.012803	-1.40409	0.0211036
5.25	0.338192	-0.170626	0.528244	-0.012864	-1.40421	0.021217
5.255	0.338184	-0.170611	0.528236	-0.0129222	-1.40434	0.0213288
5.26	0.338176	-0.170597	0.528226	-0.0129817	-1.40447	0.0214414
5.265	0.338169	-0.170581	0.528221	-0.0130385	-1.40462	0.0215521
5.27	0.33816	-0.170567	0.528213	-0.0130969	-1.40475	0.0216638
5.275	0.338154	-0.170551	0.52821	-0.0131528	-1.4049	0.0217737
5.28	0.338146	-0.170536	0.528205	-0.0132103	-1.40504	0.0218847
5.285	0.33814	-0.170521	0.528203	-0.0132656	-1.4052	0.0219941
5.29	0.338132	-0.170506	0.528198	-0.0133227	-1.40534	0.0221046
5.295	0.338126	-0.170491	0.528198	-0.0133776	-1.4055	0.0222136
5.3	0.338117	-0.170476	0.52819	-0.0134362	-1.40564	0.0223251
5.305	0.338107	-0.170461	0.528177	-0.0134981	-1.40576	0.0224392
5.31	0.338095	-0.170448	0.528157	-0.0135631	-1.40586	0.0225553
5.315	0.338082	-0.170434	0.528132	-0.013631	-1.40594	0.0226733
5.32	0.338066	-0.170421	0.528102	-0.0137016	-1.406	0.022793
5.325	0.33805	-0.170409	0.528067	-0.0137746	-1.40605	0.0229142
5.33	0.338032	-0.170397	0.528028	-0.0138498	-1.40608	0.0230369
5.335	0.338013	-0.170385	0.527985	-0.013927	-1.40611	0.0231608
5.34	0.337992	-0.170373	0.527938	-0.014006	-1.40611	0.0232859
5.345	0.337971	-0.170362	0.527887	-0.0140866	-1.40611	0.0234118
5.35	0.337948	-0.170352	0.527834	-0.0141685	-1.4061	0.0235377
5.355	0.337927	-0.170342	0.527783	-0.014248	-1.4061	0.0236568
5.36	0.337909	-0.170337	0.527745	-0.0143178	-1.40614	0.0237542
5.365	0.337891	-0.170332	0.527708	-0.0143862	-1.40618	0.0238471
5.37	0.337877	-0.17033	0.527683	-0.0144464	-1.40626	0.0239214
5.375	0.337862	-0.170329	0.527657	-0.0145064	-1.40634	0.0239939
5.38	0.33785	-0.170331	0.527639	-0.0145601	-1.40644	0.0240519
5.385	0.337838	-0.170332	0.52762	-0.0146145	-1.40654	0.0241098
5.39	0.337827	-0.170336	0.527608	-0.0146637	-1.40666	0.0241557
5.395	0.337816	-0.17034	0.527594	-0.014714	-1.40678	0.0242028
5.4	0.337806	-0.170345	0.527586	-0.01476	-1.40691	0.0242398
5.405	0.337795	-0.17035	0.527575	-0.0148074	-1.40704	0.0242787
5.41	0.337786	-0.170357	0.52757	-0.0148511	-1.40718	0.0243088
5.415	0.337776	-0.170364	0.527561	-0.0148964	-1.40732	0.0243416
5.42	0.337767	-0.170372	0.527557	-0.0149384	-1.40746	0.0243664
5.425	0.337757	-0.17038	0.527551	-0.0149822	-1.4076	0.0243944
5.43	0.337748	-0.170389	0.527548	-0.015023	-1.40776	0.0244151
5.435	0.337738	-0.170397	0.527542	-0.0150658	-1.4079	0.0244394
5.44	0.33773	-0.170407	0.52754	-0.0151057	-1.40805	0.0244571
5.445	0.33772	-0.170416	0.527535	-0.0151476	-1.4082	0.0244782
5.45	0.337711	-0.170427	0.527534	-0.0151868	-1.40835	0.0244921
5.455	0.337701	-0.170437	0.527529	-0.015228	-1.4085	0.0245093
5.46	0.337692	-0.170449	0.527527	-0.0152664	-1.40865	0.0245183
5.465	0.337682	-0.17046	0.527522	-0.015307	-1.4088	0.0245309
5.47	0.337673	-0.170473	0.52752	-0.0153447	-1.40895	0.0245357
5.475	0.337663	-0.170486	0.527514	-0.0153847	-1.40909	0.0245446
5.48	0.337654	-0.1705	0.527512	-0.0154219	-1.40925	0.0245459
5.485	0.337643	-0.170514	0.527506	-0.0154614	-1.40939	0.0245516
5.49	0.337634	-0.170529	0.527504	-0.0154982	-1.40954	0.02455
5.495	0.337624	-0.170542	0.527498	-0.0155375	-1.40969	0.0245542
5.5	0.337614	-0.170557	0.527496	-0.0155747	-1.40984	0.0245549
5.505	0.337604	-0.17057	0.52749	-0.0156143	-1.40998	0.0245613
5.51	0.337594	-0.170584	0.527488	-0.0156518	-1.41014	0.0245641
5.515	0.337584	-0.170596	0.527482	-0.0156921	-1.41028	0.0245731
5.52	0.337574	-0.170609	0.527478	-0.0157307	-1.41043	0.0245793
5.525	0.337564	-0.170622	0.527473	-0.0157707	-1.41057	0.0245887
5.53	0.337555	-0.170634	0.527469	-0.0158099	-1.41072	0.0245973
5.535	0.337544	-0.170646	0.527463	-0.0158505	-1.41086	0.0246088
5.54	0.337535	-0.170658	0.527459	-0.0158905	-1.41101	0.0246204
5.545	0.337525	-0.170667	0.527453	-0.0159328	-1.41115	0.0246407
5.55	0.337516	-0.170675	0.527452	-0.0159743	-1.41131	0.024667
5.555	0.337508	-0.170681	0.527451	-0.0160164	-1.41146	0.0246951
5.56	0.3375	-0.170686	0.527451	-0.0160589	-1.41163	0.0247308
5.565	0.337492	-0.170689	0.527451	-0.0161034	-1.41178	0.0247731
5.57	0.337485	-0.17069	0.527453	-0.0161481	-1.41195	0.0248218
5.575	0.337477	-0.17069	0.527451	-0.0161953	-1.41211	0.0248763
5.58	0.337469	-0.170688	0.527451	-0.0162432	-1.41227	0.0249363
5.585	0.337462	-0.170685	0.527452	-0.0162911	-1.41243	0.0249999
5.59	0.337454	-0.170682	0.527451	-0.0163408	-1.41259	0.0250678
5.595	0.337447	-0.170677	0.527453	-0.0163899	-1.41276	0.0251378
5.6	0.33744	-0.170672	0.527453	-0.0164405	-1.41292	0.0252112
5.605	0.337433	-0.170666	0.527456	-0.0164905	-1.41309	0.0252859
5.61	0.337425	-0.17066	0.527456	-0.0165419	-1.41325	0.0253631
5.615	0.337419	-0.170653	0.52746	-0.0165923	-1.41342	0.0254413
5.62	0.337412	-0.170645	0.527462	-0.0166436	-1.41359	0.0255222
5.625	0.337405	-0.170638	0.527466	-0.0166947	-1.41376	0.0256026
5.63	0.337398	-0.17063	0.527469	-0.0167467	-1.41393	0.0256853
5.635	0.337391	-0.170623	0.527472	-0.0167982	-1.4141	0.0257671
5.64	0.337384	-0.170615	0.527476	-0.0168503	-1.41427	0.0258498
5.645	0.337377	-0.170609	0.527478	-0.0169017	-1.41444	0.0259269
5.65	0.337369	-0.170604	0.527479	-0.0169529	-1.41461	0.0259996
5.655	0.337361	-0.170601	0.527479	-0.0170034	-1.41477	0.0260671
5.66	0.337352	-0.170599	0.527479	-0.0170535	-1.41493	0.0261302
5.665	0.337344	-0.170598	0.527479	-0.0171029	-1.41509	0.0261889
5.67	0.337335	-0.170598	0.527478	-0.0171519	-1.41524	0.026244
5.675	0.337326	-0.1706	0.527476	-0.0172003	-1.4154	0.0262955
5.68	0.337318	-0.170602	0.527475	-0.0172484	-1.41556	0.026344
5.685	0.337309	-0.170605	0.527473	-0.017296	-1.41571	0.0263894
5.69	0.337299	-0.170608	0.527471	-0.0173434	-1.41587	0.0264328
5.695	0.33729	-0.170613	0.527468	-0.0173907	-1.41602	0.0264743
5.7	0.337281	-0.170617	0.527465	-0.017438	-1.41617	0.0265142
5.705	0.337271	-0.170623	0.527461	-0.0174851	-1.41632	0.0265525
5.71	0.337261	-0.170628	0.527457	-0.0175321	-1.41646	0.0265894
5.715	0.337252	-0.170634	0.527453	-0.0175789	-1.41661	0.026625
5.72	0.337242	-0.17064	0.527448	-0.0176262	-1.41676	0.0266615
5.725	0.337232	-0.170644	0.527444	-0.0176749	-1.4169	0.0267054
5.73	0.337223	-0.170646	0.527441	-0.017724	-1.41706	0.0267551
5.735	0.337214	-0.170647	0.527438	-0.0177743	-1.41721	0.0268106
5.74	0.337206	-0.170646	0.527437	-0.0178249	-1.41736	0.0268704
5.745	0.337198	-0.170644	0.527436	-0.0178764	-1.41752	0.0269346
5.75	0.33719	-0.170642	0.527436	-0.0179281	-1.41768	0.0270017
5.755	0.337182	-0.170638	0.527435	-0.0179807	-1.41784	0.0270722
5.76	0.337174	-0.170634	0.527436	-0.0180333	-1.418	0.0271446
5.765	0.337167	-0.170629	0.527436	-0.0180866	-1.41816	0.0272195
5.77	0.337159	-0.170624	0.527438	-0.0181397	-1.41833	0.0272946
5.775	0.337151	-0.17062	0.527438	-0.0181929	-1.41849	0.0273664
5.78	0.337143	-0.170618	0.527438	-0.0182451	-1.41865	0.0274327
5.785	0.337134	-0.170617	0.527436	-0.0182974	-1.4188	0.0274964
5.79	0.337126	-0.170616	0.527435	-0.0183488	-1.41896	0.0275552
5.795	0.337117	-0.170617	0.527432	-0.0184003	-1.41911	0.027612
5.8	0.337108	-0.170619	0.52743	-0.0184509	-1.41927	0.0276645
5.805	0.337099	-0.170621	0.527426	-0.0185017	-1.41942	0.0277155
5.81	0.337089	-0.170624	0.527423	-0.0185517	-1.41957	0.0277627
5.815	0.33708	-0.170628	0.527419	-0.0186019	-1.41971	0.027809
5.82	0.33707	-0.170632	0.527416	-0.0186513	-1.41986	0.0278518
5.825	0.337061	-0.170637	0.527412	-0.018701	-1.42001	0.0278941
5.83	0.337051	-0.170642	0.527408	-0.0187499	-1.42016	0.0279347
5.835	0.337042	-0.170645	0.527407	-0.0187997	-1.42032	0.0279817
5.84	0.337034	-0.170647	0.527405	-0.0188506	-1.42047	0.0280344
5.845	0.337025	-0.170647	0.527404	-0.0189021	-1.42063	0.0280922
5.85	0.337017	-0.170646	0.527404	-0.0189545	-1.42079	0.0281545
5.855	0.337009	-0.170644	0.527404	-0.0190075	-1.42095	0.0282205
5.86	0.337001	-0.170642	0.527405	-0.0190612	-1.42111	0.0282897
5.865	0.336994	-0.170638	0.527406	-0.0191152	-1.42128	0.0283615
5.87	0.336986	-0.170634	0.527407	-0.0191699	-1.42144	0.0284357
5.875	0.336978	-0.170629	0.527408	-0.0192248	-1.4216	0.0285118
5.88	0.336971	-0.170625	0.527409	-0.0192799	-1.42177	0.0285879
5.885	0.336963	-0.170621	0.52741	-0.0193345	-1.42193	0.0286591
5.89	0.336954	-0.17062	0.527409	-0.0193887	-1.42209	0.0287263
5.895	0.336946	-0.170619	0.527408	-0.0194424	-1.42225	0.0287897
5.9	0.336937	-0.170619	0.527407	-0.0194957	-1.4224	0.0288497
5.905	0.336928	-0.17062	0.527405	-0.0195486	-1.42255	0.0289064
5.91	0.336919	-0.170622	0.527402	-0.0196013	-1.42271	0.0289603
5.915	0.336909	-0.170624	0.527399	-0.0196535	-1.42286	0.0290115
5.92	0.3369	-0.170628	0.527396	-0.0197055	-1.42301	0.0290603
5.925	0.33689	-0.170632	0.527392	-0.0197571	-1.42316	0.0291069
5.93	0.336881	-0.170636	0.527389	-0.0198086	-1.42331	0.0291515
5.935	0.336871	-0.170641	0.527385	-0.0198601	-1.42345	0.0291959
5.94	0.336862	-0.170644	0.527381	-0.0199128	-1.4236	0.029246
5.945	0.336853	-0.170646	0.527378	-0.0199659	-1.42375	0.0293016
5.95	0.336844	-0.170646	0.527376	-0.0200201	-1.42391	0.0293618
5.955	0.336835	-0.170645	0.527375	-0.0200747	-1.42406	0.0294261
5.96	0.336827	-0.170643	0.527374	-0.0201301	-1.42422	0.0294938
5.965	0.336819	-0.170641	0.527375	-0.0201857	-1.42438	0.0295646
5.97	0.336811	-0.170637	0.527375	-0.0202421	-1.42454	0.0296377
