0	0.0375657 	-0.00170152 	-0.0284831 	4.31391e-06 	-0.00180521 	8.30314e-05 	
0.005	0.185079 	-0.00838305 	-0.140331 	2.12538e-05 	-0.00889393 	0.00040908 	
0.01	0.321796 	-0.0145756 	-0.243993 	3.69539e-05 	-0.0154638 	0.000711265 	
0.015	0.448506 	-0.0203148 	-0.340067 	5.15048e-05 	-0.0215529 	0.000991333 	
0.02	0.565943 	-0.025634 	-0.42911 	6.49904e-05 	-0.0271963 	0.0012509 	
0.025	0.674784 	-0.0305639 	-0.511635 	7.74881e-05 	-0.0324267 	0.00149147 	
0.03	0.77566 	-0.0351329 	-0.58812 	8.90701e-05 	-0.0372743 	0.00171443 	
0.035	0.869153 	-0.0393675 	-0.659006 	9.98028e-05 	-0.0417671 	0.00192107 	
0.04	0.955803 	-0.0432921 	-0.724703 	0.000109748 	-0.0459311 	0.00211258 	
0.045	1.03611 	-0.0469294 	-0.785591 	0.000118963 	-0.0497904 	0.00229008 	
0.05	1.11054 	-0.0503004 	-0.842022 	0.000127502 	-0.0533674 	0.00245457 	
0.055	1.17953 	-0.0534246 	-0.894321 	0.000135412 	-0.0566825 	0.00260703 	
0.06	1.24347 	-0.0563201 	-0.94279 	0.00014274 	-0.0597551 	0.00274832 	
0.065	1.30272 	-0.0590036 	-0.987711 	0.000149528 	-0.062603 	0.00287926 	
0.07	1.35765 	-0.0614906 	-1.02934 	0.000155814 	-0.0652424 	0.00300061 	
0.075	1.40855 	-0.0637955 	-1.06793 	0.000161637 	-0.0676888 	0.00311308 	
0.08	1.45573 	-0.0659316 	-1.10368 	0.000167028 	-0.0699562 	0.0032173 	
0.085	1.49945 	-0.0679112 	-1.13682 	0.000172019 	-0.0720578 	0.00331389 	
0.09	1.53998 	-0.0697459 	-1.16753 	0.00017664 	-0.0740057 	0.0034034 	
0.095	1.57754 	-0.0714461 	-1.19599 	0.000180916 	-0.0758111 	0.00348635 	
0.1	1.61236 	-0.0730217 	-1.22236 	0.000184873 	-0.0774846 	0.00356322 	
0.105	1.64463 	-0.0744819 	-1.24681 	0.000188533 	-0.0790357 	0.00363445 	
0.11	1.67454 	-0.0758351 	-1.26945 	0.000191918 	-0.0804734 	0.00370046 	
0.115	1.70226 	-0.0770891 	-1.29044 	0.000195048 	-0.081806 	0.00376163 	
0.12	1.72795 	-0.0782511 	-1.30989 	0.000197941 	-0.0830413 	0.0038183 	
0.125	1.75177 	-0.0793279 	-1.32792 	0.000200615 	-0.0841864 	0.00387082 	
0.13	1.77384 	-0.0803257 	-1.34462 	0.000203084 	-0.0852478 	0.00391948 	
0.135	1.7943 	-0.0812504 	-1.36009 	0.000205363 	-0.0862317 	0.00396456 	
0.14	1.81327 	-0.0821071 	-1.37443 	0.000207466 	-0.0871438 	0.00400633 	
0.145	1.83085 	-0.082901 	-1.38771 	0.000209406 	-0.0879893 	0.00404503 	
0.15	1.84714 	-0.0836365 	-1.40002 	0.000211194 	-0.0887732 	0.00408088 	
0.155	1.86225 	-0.084318 	-1.41143 	0.000212841 	-0.0894999 	0.00411409 	
0.16	1.87625 	-0.0849494 	-1.42199 	0.000214357 	-0.0901736 	0.00414485 	
0.165	1.88772 	-0.0842346 	-1.434 	0.000276399 	-0.0908017 	0.00416415 	
0.17	1.90006 	-0.084838 	-1.44324 	0.000274529 	-0.0913934 	0.00418954 	
0.175	1.91144 	-0.0854105 	-1.45173 	0.000271934 	-0.0919411 	0.00421259 	
0.18	1.92191 	-0.0859329 	-1.45953 	0.000269852 	-0.0924462 	0.0042339 	
0.185	1.93161 	-0.0864168 	-1.46675 	0.000267911 	-0.0929146 	0.00425363 	
0.19	1.94061 	-0.0868651 	-1.47345 	0.000266099 	-0.0933489 	0.0042719 	
0.195	1.94895 	-0.0872802 	-1.47964 	0.000264407 	-0.0937518 	0.00428881 	
0.2	1.95669 	-0.0876647 	-1.48538 	0.000262826 	-0.0941254 	0.00430447 	
0.205	1.96386 	-0.0880208 	-1.49069 	0.000261346 	-0.094472 	0.00431896 	
0.21	1.97051 	-0.0883505 	-1.49561 	0.000259961 	-0.0947935 	0.00433236 	
0.215	1.97668 	-0.0886558 	-1.50016 	0.000258663 	-0.0950918 	0.00434476 	
0.22	1.9824 	-0.0889384 	-1.50438 	0.000257445 	-0.0953686 	0.00435623 	
0.225	1.98613 	-0.0878582 	-1.51058 	0.000319253 	-0.0956288 	0.0043577 	
0.23	1.99135 	-0.0881661 	-1.51435 	0.000314826 	-0.0958795 	0.00436654 	
0.235	1.99615 	-0.0884645 	-1.51776 	0.000309865 	-0.0961113 	0.00437424 	
0.24	2.00051 	-0.0887328 	-1.52086 	0.000305586 	-0.0963236 	0.00438132 	
0.245	2.00456 	-0.0889811 	-1.52373 	0.000301605 	-0.0965208 	0.00438786 	
0.25	2.00832 	-0.0892109 	-1.52638 	0.000297898 	-0.0967039 	0.00439389 	
0.255	2.0118 	-0.0894235 	-1.52883 	0.000294446 	-0.096874 	0.00439946 	
0.26	2.01504 	-0.0896201 	-1.5311 	0.00029123 	-0.097032 	0.00440459 	
0.265	2.01804 	-0.089802 	-1.53319 	0.000288232 	-0.0971788 	0.00440931 	
0.27	2.02083 	-0.0899702 	-1.53512 	0.000285436 	-0.0973152 	0.00441366 	
0.275	2.02171 	-0.088685 	-1.53939 	0.00035078 	-0.0974457 	0.00440822 	
0.28	2.02445 	-0.0889011 	-1.54121 	0.000344659 	-0.0975771 	0.00441089 	
0.285	2.02693 	-0.0891148 	-1.54281 	0.000338086 	-0.0976981 	0.00441282 	
0.29	2.02914 	-0.0893037 	-1.54422 	0.000332345 	-0.0978076 	0.00441454 	
0.295	2.0312 	-0.0894784 	-1.54552 	0.000327006 	-0.0979095 	0.0044161 	
0.3	2.03311 	-0.0896398 	-1.54671 	0.000322038 	-0.0980043 	0.00441751 	
0.305	2.03488 	-0.089789 	-1.54781 	0.000317414 	-0.0980927 	0.00441879 	
0.31	2.03653 	-0.0899268 	-1.54882 	0.000313109 	-0.098175 	0.00441995 	
0.315	2.03643 	-0.0886783 	-1.55214 	0.000374337 	-0.0982551 	0.00441233 	
0.32	2.03817 	-0.0888652 	-1.55315 	0.000367056 	-0.0983393 	0.00441229 	
0.325	2.03974 	-0.0890515 	-1.55401 	0.000359433 	-0.0984168 	0.00441171 	
0.33	2.04111 	-0.0892155 	-1.55474 	0.000352697 	-0.0984862 	0.0044111 	
0.335	2.04238 	-0.0893669 	-1.5554 	0.000346432 	-0.098551 	0.0044105 	
0.34	2.04357 	-0.0895068 	-1.55601 	0.000340605 	-0.0986116 	0.00440991 	
0.345	2.04467 	-0.0896359 	-1.55656 	0.000335183 	-0.0986682 	0.00440932 	
0.35	2.04409 	-0.0884089 	-1.55941 	0.000394298 	-0.0987244 	0.00440062 	
0.355	2.04536 	-0.0885872 	-1.56002 	0.000386101 	-0.0987863 	0.00439909 	
0.36	2.04649 	-0.0887653 	-1.56051 	0.000377637 	-0.0988432 	0.00439713 	
0.365	2.04746 	-0.0889217 	-1.5609 	0.000370113 	-0.0988937 	0.00439523 	
0.37	2.04836 	-0.0890662 	-1.56125 	0.000363117 	-0.098941 	0.00439343 	
0.375	2.0492 	-0.0891995 	-1.56156 	0.000356611 	-0.0989853 	0.00439173 	
0.38	2.04999 	-0.0893225 	-1.56184 	0.000350558 	-0.099027 	0.00439011 	
0.385	2.04897 	-0.0879755 	-1.56464 	0.000414914 	-0.0990697 	0.00438014 	
0.39	2.05001 	-0.0881557 	-1.56504 	0.000405803 	-0.0991204 	0.00437763 	
0.395	2.05091 	-0.0883361 	-1.56532 	0.000396432 	-0.0991667 	0.00437469 	
0.4	2.05166 	-0.0884937 	-1.5655 	0.000388112 	-0.0992068 	0.00437187 	
0.405	2.05235 	-0.088639 	-1.56565 	0.000380378 	-0.0992446 	0.00436922 	
0.41	2.05301 	-0.0887731 	-1.56579 	0.000373186 	-0.0992801 	0.00436672 	
0.415	2.05196 	-0.0875246 	-1.56831 	0.000432625 	-0.099317 	0.00435683 	
0.42	2.05285 	-0.0877096 	-1.56857 	0.000422752 	-0.0993616 	0.0043536 	
0.425	2.05363 	-0.0878942 	-1.56872 	0.000412707 	-0.0994023 	0.00435002 	
0.43	2.05427 	-0.0880561 	-1.56879 	0.000403735 	-0.0994377 	0.00434661 	
0.435	2.05487 	-0.0882055 	-1.56884 	0.000395395 	-0.0994711 	0.0043434 	
0.44	2.05544 	-0.0883433 	-1.56888 	0.00038764 	-0.0995027 	0.00434038 	
0.445	2.05421 	-0.0870272 	-1.57146 	0.000450355 	-0.0995362 	0.00433001 	
0.45	2.05506 	-0.0872201 	-1.57164 	0.000439751 	-0.0995784 	0.00432628 	
0.455	2.05578 	-0.0874124 	-1.57173 	0.000428987 	-0.0996168 	0.00432217 	
0.46	2.05637 	-0.0875806 	-1.57172 	0.000419378 	-0.0996497 	0.00431826 	
0.465	2.05691 	-0.0877359 	-1.5717 	0.000410447 	-0.0996809 	0.00431459 	
0.47	2.05743 	-0.087879 	-1.57168 	0.000402145 	-0.0997104 	0.00431114 	
0.475	2.05605 	-0.0864844 	-1.57436 	0.000468836 	-0.0997423 	0.00430039 	
0.48	2.05689 	-0.0866874 	-1.57451 	0.000457466 	-0.0997841 	0.00429621 	
0.485	2.05759 	-0.0868896 	-1.57454 	0.000445945 	-0.0998218 	0.00429163 	
0.49	2.05815 	-0.0870661 	-1.57449 	0.000435672 	-0.0998538 	0.00428727 	
0.495	2.05867 	-0.087229 	-1.57442 	0.000426125 	-0.0998841 	0.00428317 	
0.5	2.05749 	-0.0860183 	-1.57678 	0.000483968 	-0.0999161 	0.00427304 	
0.505	2.05828 	-0.0862288 	-1.57687 	0.000471988 	-0.0999566 	0.0042684 	
0.51	2.05896 	-0.086437 	-1.57686 	0.000459971 	-0.0999935 	0.00426346 	
0.515	2.05951 	-0.0866205 	-1.57678 	0.000449178 	-0.100025 	0.00425876 	
0.52	2.06003 	-0.0867898 	-1.57668 	0.00043915 	-0.100056 	0.00425436 	
0.525	2.05878 	-0.0855525 	-1.57909 	0.000498514 	-0.100088 	0.00424419 	
0.53	2.05959 	-0.085771 	-1.57916 	0.000485986 	-0.100129 	0.00423924 	
0.535	2.06027 	-0.0859868 	-1.57913 	0.000473436 	-0.100166 	0.00423398 	
0.54	2.06082 	-0.0861769 	-1.57903 	0.000462166 	-0.100198 	0.00422898 	
0.545	2.06134 	-0.0863523 	-1.57891 	0.000451695 	-0.100229 	0.00422429 	
0.55	2.06003 	-0.0850704 	-1.5814 	0.000513536 	-0.100261 	0.00421407 	
0.555	2.06085 	-0.0852976 	-1.58147 	0.000500433 	-0.100303 	0.00420883 	
0.56	2.06155 	-0.085522 	-1.58143 	0.000487317 	-0.100342 	0.00420325 	
0.565	2.06211 	-0.0857194 	-1.5813 	0.000475548 	-0.100374 	0.00419794 	
0.57	2.06264 	-0.0859014 	-1.58117 	0.000464614 	-0.100405 	0.00419296 	
0.575	2.06125 	-0.0845758 	-1.58375 	0.000528951 	-0.100439 	0.00418275 	
0.58	2.06211 	-0.0848124 	-1.58381 	0.000515252 	-0.100482 	0.00417722 	
0.585	2.06282 	-0.0850458 	-1.58376 	0.000501549 	-0.100521 	0.00417131 	
0.59	2.06339 	-0.0852509 	-1.58363 	0.00048926 	-0.100555 	0.00416569 	
0.595	2.06393 	-0.0854401 	-1.58348 	0.000477846 	-0.100586 	0.00416041 	
0.6	2.06249 	-0.0840734 	-1.58615 	0.000544612 	-0.100621 	0.00415028 	
0.605	2.06337 	-0.0843197 	-1.58621 	0.000530302 	-0.100666 	0.00414444 	
0.61	2.06411 	-0.0845624 	-1.58616 	0.000515999 	-0.100706 	0.0041382 	
0.615	2.06469 	-0.0847757 	-1.58601 	0.00050318 	-0.10074 	0.00413226 	
0.62	2.06358 	-0.0836751 	-1.58823 	0.000556793 	-0.100776 	0.00412274 	
0.625	2.06442 	-0.0839274 	-1.58824 	0.000542007 	-0.10082 	0.00411647 	
0.63	2.06514 	-0.0841743 	-1.58815 	0.000527377 	-0.10086 	0.00410995 	
0.635	2.06574 	-0.0843936 	-1.58799 	0.000514161 	-0.100895 	0.00410377 	
0.64	2.06463 	-0.0832979 	-1.59023 	0.000567799 	-0.100932 	0.00409441 	
0.645	2.06548 	-0.083556 	-1.59023 	0.000552636 	-0.100976 	0.00408792 	
0.65	2.06622 	-0.0838082 	-1.59014 	0.000537648 	-0.101017 	0.00408118 	
0.655	2.06683 	-0.0840323 	-1.58997 	0.000524106 	-0.101053 	0.00407479 	
0.66	2.06569 	-0.0829171 	-1.59226 	0.000579035 	-0.10109 	0.00406556 	
0.665	2.06656 	-0.0831812 	-1.59226 	0.00056348 	-0.101136 	0.00405886 	
0.67	2.06732 	-0.0834393 	-1.59216 	0.000548107 	-0.101178 	0.00405189 	
0.675	2.06794 	-0.0836685 	-1.59199 	0.000534222 	-0.101214 	0.00404528 	
0.68	2.06677 	-0.082533 	-1.59433 	0.000590515 	-0.101252 	0.00403622 	
0.685	2.06766 	-0.0828035 	-1.59433 	0.000574549 	-0.101299 	0.0040293 	
0.69	2.06844 	-0.0830678 	-1.59424 	0.000558772 	-0.101342 	0.00402209 	
0.695	2.06907 	-0.0833024 	-1.59406 	0.000544527 	-0.101379 	0.00401524 	
0.7	2.06787 	-0.0821478 	-1.59645 	0.000602144 	-0.101418 	0.00400637 	
0.705	2.06879 	-0.082425 	-1.59646 	0.000585751 	-0.101466 	0.00399921 	
0.71	2.06958 	-0.0826957 	-1.59636 	0.000569556 	-0.101509 	0.00399175 	
0.715	2.07022 	-0.082936 	-1.59618 	0.000554938 	-0.101547 	0.00398467 	
0.72	2.06899 	-0.0817637 	-1.59862 	0.000613833 	-0.101587 	0.00397601 	
0.725	2.06993 	-0.0820477 	-1.59862 	0.000597004 	-0.101636 	0.00396861 	
0.73	2.07074 	-0.0823251 	-1.59852 	0.000580383 	-0.101681 	0.00396089 	
0.735	2.0714 	-0.082571 	-1.59834 	0.000565385 	-0.101719 	0.00395356 	
0.74	2.07014 	-0.0813826 	-1.60083 	0.00062551 	-0.10176 	0.00394514 	
0.745	2.0711 	-0.0816735 	-1.60084 	0.00060824 	-0.10181 	0.0039375 	
0.75	2.07193 	-0.0819574 	-1.60074 	0.000591188 	-0.101855 	0.00392952 	
0.755	2.0726 	-0.0822092 	-1.60054 	0.000575805 	-0.101895 	0.00392193 	
0.76	2.07132 	-0.0810059 	-1.60309 	0.000637118 	-0.101936 	0.00391378 	
0.765	2.0723 	-0.0813037 	-1.6031 	0.000619404 	-0.101987 	0.0039059 	
0.77	2.07314 	-0.0815943 	-1.60299 	0.000601919 	-0.102034 	0.00389765 	
0.775	2.07382 	-0.0818518 	-1.60279 	0.000586149 	-0.102074 	0.0038898 	
0.78	2.07251 	-0.0806351 	-1.60539 	0.000648608 	-0.102116 	0.00388195 	
0.785	2.07352 	-0.0809397 	-1.6054 	0.00063045 	-0.102168 	0.00387382 	
0.79	2.07438 	-0.0812369 	-1.60529 	0.000612532 	-0.102215 	0.00386529 	
0.795	2.07507 	-0.0815002 	-1.60509 	0.000596376 	-0.102256 	0.00385719 	
0.8	2.07374 	-0.0802714 	-1.60773 	0.000659938 	-0.102299 	0.00384967 	
0.805	2.07476 	-0.0805828 	-1.60774 	0.000641339 	-0.102352 	0.00384128 	
0.81	2.07564 	-0.0808865 	-1.60763 	0.00062299 	-0.1024 	0.00383248 	
0.815	2.07634 	-0.0811556 	-1.60742 	0.000606448 	-0.102442 	0.00382411 	
0.82	2.07498 	-0.0799158 	-1.61011 	0.000671073 	-0.102485 	0.00381696 	
0.825	2.07603 	-0.080234 	-1.61012 	0.000652036 	-0.102539 	0.00380831 	
0.83	2.07692 	-0.0805441 	-1.61001 	0.000633258 	-0.102589 	0.00379924 	
0.835	2.07764 	-0.0808189 	-1.60979 	0.000616334 	-0.102631 	0.0037906 	
0.84	2.07625 	-0.0795695 	-1.61252 	0.000681981 	-0.102675 	0.00378384 	
0.845	2.07732 	-0.0798943 	-1.61254 	0.000662509 	-0.10273 	0.00377494 	
0.85	2.07822 	-0.0802108 	-1.61242 	0.000643308 	-0.10278 	0.00376559 	
0.855	2.07895 	-0.0804911 	-1.61221 	0.000626004 	-0.102823 	0.00375669 	
0.86	2.07754 	-0.0792334 	-1.61498 	0.000692633 	-0.102867 	0.00375034 	
0.865	2.07863 	-0.0795646 	-1.61499 	0.000672732 	-0.102924 	0.00374118 	
0.87	2.07955 	-0.0798873 	-1.61488 	0.000653111 	-0.102974 	0.00373155 	
0.875	2.08029 	-0.0801731 	-1.61466 	0.000635432 	-0.103018 	0.00372239 	
0.88	2.07886 	-0.0789083 	-1.61747 	0.000703002 	-0.103063 	0.00371649 	
0.885	2.07996 	-0.0792459 	-1.61748 	0.000682677 	-0.10312 	0.00370708 	
0.89	2.08089 	-0.0795747 	-1.61737 	0.000662643 	-0.103172 	0.00369717 	
0.895	2.07996 	-0.0786742 	-1.61951 	0.000710533 	-0.103218 	0.00369029 	
0.9	2.08098 	-0.0790152 	-1.61945 	0.000689845 	-0.103273 	0.00368029 	
0.905	2.08188 	-0.0793447 	-1.6193 	0.000669674 	-0.103323 	0.00367011 	
0.91	2.08264 	-0.0796398 	-1.61908 	0.000651354 	-0.103368 	0.00366049 	
0.915	2.08122 	-0.0783999 	-1.62188 	0.000718558 	-0.103414 	0.00365536 	
0.92	2.08234 	-0.0787458 	-1.6219 	0.000697638 	-0.103473 	0.00364554 	
0.925	2.08329 	-0.0790824 	-1.62178 	0.000677038 	-0.103525 	0.00363521 	
0.93	2.08234 	-0.07818 	-1.62397 	0.00072582 	-0.103572 	0.00362895 	
0.935	2.08339 	-0.0785295 	-1.62391 	0.000704534 	-0.103628 	0.00361854 	
0.94	2.08431 	-0.0788671 	-1.62375 	0.000683783 	-0.10368 	0.00360793 	
0.945	2.08339 	-0.077996 	-1.6259 	0.000731153 	-0.103728 	0.00360182 	
0.95	2.08444 	-0.0783478 	-1.62584 	0.000709674 	-0.103784 	0.00359124 	
0.955	2.08536 	-0.0786875 	-1.62568 	0.000688755 	-0.103835 	0.00358049 	
0.96	2.08444 	-0.0778179 	-1.62784 	0.000736393 	-0.103884 	0.00357468 	
0.965	2.0855 	-0.0781722 	-1.62778 	0.000714724 	-0.10394 	0.00356396 	
0.97	2.08643 	-0.0785141 	-1.62762 	0.00069362 	-0.103992 	0.00355306 	
0.975	2.0855 	-0.0776439 	-1.6298 	0.000741661 	-0.104041 	0.00354758 	
0.98	2.08656 	-0.0780008 	-1.62973 	0.00071979 	-0.104098 	0.00353671 	
0.985	2.0875 	-0.0783454 	-1.62958 	0.000698486 	-0.10415 	0.00352564 	
0.99	2.08656 	-0.0774749 	-1.63177 	0.000746914 	-0.104199 	0.00352049 	
0.995	2.08763 	-0.0778347 	-1.63171 	0.000724829 	-0.104256 	0.00350946 	
1	2.08858 	-0.078182 	-1.63155 	0.000703316 	-0.104308 	0.00349824 	
1.005	2.08763 	-0.077312 	-1.63377 	0.000752101 	-0.104358 	0.00349341 	
1.01	2.08871 	-0.0776747 	-1.63371 	0.000729794 	-0.104415 	0.00348222 	
1.015	2.08966 	-0.0780249 	-1.63355 	0.000708064 	-0.104468 	0.00347083 	
1.02	2.08871 	-0.077156 	-1.63578 	0.000757178 	-0.104518 	0.00346633 	
1.025	2.0898 	-0.0775217 	-1.63571 	0.000734645 	-0.104576 	0.00345498 	
1.03	2.09075 	-0.0778748 	-1.63556 	0.000712694 	-0.104629 	0.00344341 	
1.035	2.08979 	-0.0770076 	-1.6378 	0.00076211 	-0.104679 	0.00343925 	
1.04	2.09089 	-0.0773764 	-1.63774 	0.000739348 	-0.104737 	0.00342773 	
1.045	2.09185 	-0.0777324 	-1.63758 	0.000717174 	-0.10479 	0.00341598 	
1.05	2.09088 	-0.0768674 	-1.63983 	0.000766867 	-0.10484 	0.00341216 	
1.055	2.09198 	-0.0772393 	-1.63977 	0.000743874 	-0.104899 	0.00340047 	
1.06	2.09295 	-0.0775982 	-1.63962 	0.000721476 	-0.104953 	0.00338855 	
1.065	2.09198 	-0.076736 	-1.64188 	0.000771424 	-0.105003 	0.00338507 	
1.07	2.09308 	-0.0771109 	-1.64182 	0.000748201 	-0.105062 	0.00337321 	
1.075	2.09406 	-0.0774728 	-1.64166 	0.00072558 	-0.105116 	0.00336111 	
1.08	2.09308 	-0.0766139 	-1.64394 	0.000775759 	-0.105166 	0.00335799 	
1.085	2.09419 	-0.0769918 	-1.64388 	0.000752308 	-0.105226 	0.00334595 	
1.09	2.09517 	-0.0773565 	-1.64372 	0.000729465 	-0.10528 	0.00333367 	
1.095	2.09418 	-0.0765014 	-1.64601 	0.000779854 	-0.105331 	0.00333091 	
1.1	2.0953 	-0.0768822 	-1.64595 	0.000756177 	-0.10539 	0.00331871 	
1.105	2.09628 	-0.0772497 	-1.64579 	0.000733115 	-0.105444 	0.00330625 	
1.11	2.09529 	-0.0763989 	-1.64809 	0.000783693 	-0.105495 	0.00330385 	
1.115	2.09641 	-0.0767826 	-1.64803 	0.000759794 	-0.105555 	0.00329148 	
1.12	2.0974 	-0.0771528 	-1.64787 	0.000736517 	-0.10561 	0.00327884 	
1.125	2.0964 	-0.0763067 	-1.65018 	0.000787263 	-0.105661 	0.00327682 	
1.13	2.09753 	-0.0766931 	-1.65012 	0.000763146 	-0.105721 	0.00326427 	
1.135	2.09852 	-0.0770661 	-1.64995 	0.000739657 	-0.105776 	0.00325147 	
1.14	2.09752 	-0.076225 	-1.65227 	0.000790552 	-0.105827 	0.00324981 	
1.145	2.09865 	-0.0766142 	-1.65221 	0.000766221 	-0.105887 	0.0032371 	
1.15	2.09964 	-0.0769897 	-1.65205 	0.000742525 	-0.105942 	0.00322412 	
1.155	2.09863 	-0.0761542 	-1.65437 	0.000793549 	-0.105993 	0.00322285 	
1.16	2.09977 	-0.0765459 	-1.65431 	0.00076901 	-0.106054 	0.00320997 	
1.165	2.10077 	-0.0769239 	-1.65415 	0.000745112 	-0.106109 	0.00319683 	
1.17	2.09975 	-0.0760943 	-1.65648 	0.000796244 	-0.10616 	0.00319594 	
1.175	2.10089 	-0.0764885 	-1.65642 	0.000771503 	-0.106221 	0.0031829 	
1.18	2.10189 	-0.0768689 	-1.65625 	0.000747409 	-0.106276 	0.00316959 	
1.185	2.10088 	-0.0760456 	-1.65859 	0.00079863 	-0.106327 	0.00316909 	
1.19	2.10202 	-0.0764422 	-1.65853 	0.000773693 	-0.106388 	0.00315589 	
1.195	2.10302 	-0.0768249 	-1.65836 	0.000749409 	-0.106443 	0.00314242 	
1.2	2.102 	-0.0760083 	-1.6607 	0.000800699 	-0.106495 	0.00314231 	
1.205	2.10314 	-0.0764072 	-1.66064 	0.000775572 	-0.106556 	0.00312896 	
1.21	2.10415 	-0.076792 	-1.66047 	0.000751104 	-0.106611 	0.00311532 	
1.215	2.10312 	-0.0759825 	-1.66282 	0.000802445 	-0.106663 	0.00311561 	
1.22	2.10427 	-0.0763835 	-1.66276 	0.000777134 	-0.106723 	0.00310211 	
1.225	2.10528 	-0.0767704 	-1.66259 	0.000752488 	-0.106779 	0.00308832 	
1.23	2.10425 	-0.0759682 	-1.66494 	0.000803861 	-0.10683 	0.003089 	
1.235	2.10539 	-0.0763713 	-1.66487 	0.000778374 	-0.106891 	0.00307535 	
1.24	2.1064 	-0.0767601 	-1.66471 	0.000753557 	-0.106947 	0.00306141 	
1.245	2.10537 	-0.0759657 	-1.66706 	0.000804942 	-0.106999 	0.0030625 	
1.25	2.10652 	-0.0763706 	-1.66699 	0.000779286 	-0.10706 	0.0030487 	
1.255	2.10753 	-0.0767612 	-1.66683 	0.000754305 	-0.107115 	0.00303461 	
1.26	2.10649 	-0.0759749 	-1.66918 	0.000805683 	-0.107167 	0.0030361 	
1.265	2.10764 	-0.0763816 	-1.66911 	0.000779865 	-0.107228 	0.00302217 	
1.27	2.10865 	-0.0767739 	-1.66894 	0.000754727 	-0.107283 	0.00300794 	
1.275	2.10762 	-0.0759959 	-1.67129 	0.000806079 	-0.107335 	0.00300983 	
1.28	2.10877 	-0.0764042 	-1.67123 	0.000780108 	-0.107396 	0.00299576 	
1.285	2.10978 	-0.0767981 	-1.67106 	0.000754821 	-0.107451 	0.00298139 	
1.29	2.10874 	-0.0760288 	-1.67341 	0.000806128 	-0.107503 	0.00298369 	
1.295	2.10989 	-0.0764386 	-1.67335 	0.000780011 	-0.107564 	0.00296949 	
1.3	2.1109 	-0.076834 	-1.67318 	0.000754583 	-0.107619 	0.00295498 	
1.305	2.10986 	-0.0760736 	-1.67553 	0.000805826 	-0.107671 	0.00295769 	
1.31	2.111 	-0.0764848 	-1.67547 	0.00077957 	-0.107732 	0.00294336 	
1.315	2.11201 	-0.0768815 	-1.6753 	0.000754008 	-0.107787 	0.00292873 	
1.32	2.11097 	-0.0761303 	-1.67764 	0.000805169 	-0.107838 	0.00293184 	
1.325	2.11212 	-0.0765427 	-1.67758 	0.000778784 	-0.107899 	0.00291739 	
1.33	2.11313 	-0.0769406 	-1.67741 	0.000753096 	-0.107954 	0.00290263 	
1.335	2.11209 	-0.0761989 	-1.67975 	0.000804155 	-0.108006 	0.00290615 	
1.34	2.11323 	-0.0766124 	-1.67969 	0.000777649 	-0.108066 	0.00289158 	
1.345	2.11424 	-0.0770113 	-1.67951 	0.000751845 	-0.108122 	0.0028767 	
1.35	2.1132 	-0.0762794 	-1.68185 	0.000802783 	-0.108173 	0.00288062 	
1.355	2.11434 	-0.0766939 	-1.68179 	0.000776164 	-0.108233 	0.00286594 	
1.36	2.11535 	-0.0770937 	-1.68162 	0.000750251 	-0.108288 	0.00285095 	
1.365	2.11431 	-0.0763717 	-1.68395 	0.00080105 	-0.10834 	0.00285528 	
1.37	2.11545 	-0.076787 	-1.68389 	0.000774328 	-0.1084 	0.00284049 	
1.375	2.11645 	-0.0771876 	-1.68371 	0.000748315 	-0.108455 	0.00282539 	
1.38	2.11541 	-0.0764758 	-1.68604 	0.000798955 	-0.108506 	0.00283011 	
1.385	2.11655 	-0.0768918 	-1.68598 	0.000772139 	-0.108566 	0.00281522 	
1.39	2.11755 	-0.077293 	-1.68581 	0.000746035 	-0.108621 	0.00280003 	
1.395	2.11651 	-0.0765916 	-1.68813 	0.000796499 	-0.108672 	0.00280514 	
1.4	2.11764 	-0.0770081 	-1.68806 	0.000769597 	-0.108732 	0.00279016 	
1.405	2.11864 	-0.0774098 	-1.68789 	0.000743411 	-0.108786 	0.00277487 	
1.41	2.1176 	-0.076719 	-1.6902 	0.000793679 	-0.108837 	0.00278037 	
1.415	2.11873 	-0.0771359 	-1.69014 	0.000766702 	-0.108897 	0.0027653 	
1.42	2.11973 	-0.077538 	-1.68996 	0.000740442 	-0.108951 	0.00274992 	
1.425	2.11869 	-0.076858 	-1.69227 	0.000790497 	-0.109001 	0.00275581 	
1.43	2.11982 	-0.0772751 	-1.6922 	0.000763454 	-0.109061 	0.00274065 	
1.435	2.12081 	-0.0776774 	-1.69203 	0.00073713 	-0.109115 	0.00272519 	
1.44	2.11978 	-0.0770084 	-1.69433 	0.000786953 	-0.109165 	0.00273146 	
1.445	2.1209 	-0.0774256 	-1.69426 	0.000759853 	-0.109224 	0.00271623 	
1.45	2.12188 	-0.0778279 	-1.69409 	0.000733475 	-0.109278 	0.00270069 	
1.455	2.12085 	-0.0771701 	-1.69637 	0.000783047 	-0.109328 	0.00270734 	
1.46	2.12197 	-0.0775872 	-1.6963 	0.000755902 	-0.109387 	0.00269203 	
1.465	2.12295 	-0.0779894 	-1.69613 	0.000729479 	-0.109441 	0.00267642 	
1.47	2.12192 	-0.0773429 	-1.69841 	0.000778782 	-0.109491 	0.00268344 	
1.475	2.12303 	-0.0777598 	-1.69834 	0.0007516 	-0.109549 	0.00266807 	
1.48	2.12401 	-0.0781618 	-1.69817 	0.000725142 	-0.109603 	0.0026524 	
1.485	2.12299 	-0.0775267 	-1.70043 	0.000774158 	-0.109652 	0.00265978 	
1.49	2.12409 	-0.0779432 	-1.70036 	0.00074695 	-0.10971 	0.00264435 	
1.495	2.12507 	-0.0783448 	-1.70019 	0.000720467 	-0.109763 	0.00262862 	
1.5	2.12405 	-0.0777213 	-1.70244 	0.000769178 	-0.109813 	0.00263636 	
1.505	2.12514 	-0.0781372 	-1.70237 	0.000741954 	-0.109871 	0.00262088 	
1.51	2.12611 	-0.0785383 	-1.7022 	0.000715457 	-0.109923 	0.0026051 	
1.515	2.1251 	-0.0779265 	-1.70443 	0.000763844 	-0.109972 	0.00261318 	
1.52	2.12619 	-0.0783417 	-1.70437 	0.000736616 	-0.11003 	0.00259765 	
1.525	2.12715 	-0.0787421 	-1.70419 	0.000710113 	-0.110082 	0.00258184 	
1.53	2.12614 	-0.0781421 	-1.70642 	0.00075816 	-0.110131 	0.00259026 	
1.535	2.12722 	-0.0785565 	-1.70635 	0.000730937 	-0.110188 	0.00257469 	
1.54	2.12818 	-0.0789561 	-1.70618 	0.00070444 	-0.11024 	0.00255885 	
1.545	2.12718 	-0.0783679 	-1.70838 	0.000752129 	-0.110288 	0.00256759 	
1.55	2.12825 	-0.0787813 	-1.70831 	0.000724922 	-0.110345 	0.00255199 	
1.555	2.1292 	-0.0791799 	-1.70814 	0.000698442 	-0.110397 	0.00253612 	
1.56	2.1282 	-0.0786037 	-1.71033 	0.000745754 	-0.110444 	0.00254518 	
1.565	2.12927 	-0.0790159 	-1.71026 	0.000718574 	-0.110501 	0.00252956 	
1.57	2.13021 	-0.0794134 	-1.71009 	0.000692121 	-0.110552 	0.00251367 	
1.575	2.12922 	-0.0788492 	-1.71226 	0.000739039 	-0.110599 	0.00252304 	
1.58	2.13028 	-0.0792601 	-1.71219 	0.000711898 	-0.110655 	0.0025074 	
1.585	2.13121 	-0.0796562 	-1.71202 	0.000685483 	-0.110706 	0.0024915 	
1.59	2.13023 	-0.0791041 	-1.71418 	0.00073199 	-0.110753 	0.00250117 	
1.595	2.13128 	-0.0795135 	-1.71411 	0.000704899 	-0.110809 	0.00248552 	
1.6	2.13221 	-0.0799083 	-1.71394 	0.000678532 	-0.110859 	0.00246961 	
1.605	2.13123 	-0.0793683 	-1.71608 	0.000724612 	-0.110906 	0.00247956 	
1.61	2.13227 	-0.079776 	-1.716 	0.000697581 	-0.110961 	0.00246392 	
1.615	2.13319 	-0.0801692 	-1.71584 	0.000671274 	-0.111011 	0.00244802 	
1.62	2.13222 	-0.0796414 	-1.71796 	0.000716908 	-0.111057 	0.00245824 	
1.625	2.13325 	-0.0800473 	-1.71788 	0.00068995 	-0.111112 	0.0024426 	
1.63	2.13417 	-0.0804387 	-1.71771 	0.000663714 	-0.111161 	0.00242671 	
1.635	2.13495 	-0.0807888 	-1.71747 	0.000639916 	-0.111205 	0.00241176 	
1.64	2.13343 	-0.0799883 	-1.72027 	0.000707419 	-0.11125 	0.00243103 	
1.645	2.13454 	-0.0803928 	-1.72028 	0.000680668 	-0.111307 	0.00241611 	
1.65	2.13548 	-0.0807866 	-1.72015 	0.000654299 	-0.111358 	0.00240035 	
1.655	2.13448 	-0.080262 	-1.72229 	0.000700882 	-0.111403 	0.00241189 	
1.66	2.13549 	-0.0806665 	-1.72222 	0.000673928 	-0.111456 	0.00239619 	
1.665	2.13639 	-0.0810568 	-1.72205 	0.000647669 	-0.111505 	0.00238022 	
1.67	2.13716 	-0.0814058 	-1.72181 	0.000623862 	-0.111548 	0.00236519 	
1.675	2.13567 	-0.0806441 	-1.72455 	0.000689833 	-0.111592 	0.00238509 	
1.68	2.13675 	-0.0810459 	-1.72456 	0.000663152 	-0.111648 	0.0023701 	
1.685	2.13767 	-0.0814372 	-1.72442 	0.000636855 	-0.111697 	0.00235429 	
1.69	2.13842 	-0.0817837 	-1.72418 	0.000613162 	-0.111739 	0.00233928 	
1.695	2.13691 	-0.0810216 	-1.72694 	0.000680035 	-0.111782 	0.00236023 	
1.7	2.13798 	-0.0814226 	-1.72695 	0.000653365 	-0.111838 	0.00234523 	
1.705	2.13889 	-0.0818133 	-1.72682 	0.000627058 	-0.111887 	0.00232938 	
1.71	2.13964 	-0.0821591 	-1.72657 	0.000603365 	-0.111928 	0.00231433 	
1.715	2.13814 	-0.0814197 	-1.72929 	0.000669267 	-0.111971 	0.00233555 	
1.72	2.13919 	-0.0818191 	-1.7293 	0.000642649 	-0.112025 	0.00232052 	
1.725	2.14009 	-0.0822081 	-1.72917 	0.000616398 	-0.112074 	0.00230465 	
1.73	2.14083 	-0.0825527 	-1.72892 	0.000592751 	-0.112115 	0.0022896 	
1.735	2.13935 	-0.0818376 	-1.7316 	0.000657488 	-0.112157 	0.00231102 	
1.74	2.14039 	-0.0822344 	-1.7316 	0.000630981 	-0.11221 	0.00229597 	
1.745	2.14127 	-0.082621 	-1.73147 	0.000604844 	-0.112258 	0.00228013 	
1.75	2.142 	-0.0829634 	-1.73123 	0.000581293 	-0.112298 	0.00226511 	
1.755	2.14055 	-0.0822725 	-1.73386 	0.000644833 	-0.112339 	0.00228669 	
1.76	2.14156 	-0.082666 	-1.73385 	0.000618488 	-0.112392 	0.00227168 	
1.765	2.14244 	-0.0830494 	-1.73372 	0.000592513 	-0.112439 	0.0022559 	
1.77	2.14315 	-0.0833891 	-1.73348 	0.000569104 	-0.112479 	0.00224095 	
1.775	2.14173 	-0.0827219 	-1.73606 	0.000631426 	-0.112519 	0.00226266 	
1.78	2.14272 	-0.0831115 	-1.73606 	0.000605286 	-0.112571 	0.00224771 	
1.785	2.14358 	-0.0834911 	-1.73593 	0.000579516 	-0.112617 	0.00223202 	
1.79	2.14428 	-0.0838276 	-1.73569 	0.000556286 	-0.112656 	0.00221716 	
1.795	2.14288 	-0.0831837 	-1.73822 	0.000617365 	-0.112696 	0.00223898 	
1.8	2.14386 	-0.0835689 	-1.73821 	0.000591468 	-0.112747 	0.00222411 	
1.805	2.1447 	-0.0839441 	-1.73808 	0.000565939 	-0.112792 	0.00220853 	
1.81	2.14539 	-0.0842769 	-1.73785 	0.000542922 	-0.11283 	0.0021938 	
1.815	2.14402 	-0.0836562 	-1.74033 	0.000602729 	-0.112869 	0.00221568 	
1.82	2.14497 	-0.0840364 	-1.74032 	0.00057711 	-0.112919 	0.00220093 	
1.825	2.1458 	-0.0844069 	-1.74018 	0.000551855 	-0.112963 	0.00218549 	
1.83	2.14648 	-0.0847355 	-1.73996 	0.000529081 	-0.113001 	0.00217089 	
1.835	2.14514 	-0.0841376 	-1.74238 	0.000587584 	-0.113039 	0.00219281 	
1.84	2.14607 	-0.0845125 	-1.74237 	0.000562273 	-0.113088 	0.00217818 	
1.845	2.14688 	-0.0848777 	-1.74224 	0.000537323 	-0.113131 	0.0021629 	
1.85	2.14755 	-0.0852019 	-1.74202 	0.000514818 	-0.113168 	0.00214847 	
1.855	2.14623 	-0.0846266 	-1.74439 	0.000571986 	-0.113206 	0.00217037 	
1.86	2.14714 	-0.0849957 	-1.74437 	0.000547012 	-0.113253 	0.00215589 	
1.865	2.14793 	-0.0853554 	-1.74424 	0.000522394 	-0.113295 	0.00214079 	
1.87	2.14859 	-0.0856748 	-1.74402 	0.000500185 	-0.113332 	0.00212654 	
1.875	2.14731 	-0.0851218 	-1.74634 	0.000555983 	-0.113368 	0.00214839 	
1.88	2.14819 	-0.0854847 	-1.74632 	0.000531373 	-0.113415 	0.00213408 	
1.885	2.14897 	-0.0858385 	-1.74619 	0.000507112 	-0.113456 	0.00211917 	
1.89	2.14961 	-0.0861528 	-1.74598 	0.000485223 	-0.113492 	0.00210512 	
1.895	2.14836 	-0.0856219 	-1.74824 	0.000539617 	-0.113528 	0.00212687 	
1.9	2.14922 	-0.0859784 	-1.74821 	0.000515396 	-0.113573 	0.00211274 	
1.905	2.14998 	-0.086326 	-1.74809 	0.000491519 	-0.113613 	0.00209805 	
1.91	2.15061 	-0.0866348 	-1.74788 	0.000469971 	-0.113648 	0.00208422 	
1.915	2.14939 	-0.0861258 	-1.75008 	0.000522927 	-0.113683 	0.00210582 	
1.92	2.15023 	-0.0864755 	-1.75006 	0.00049912 	-0.113727 	0.00209189 	
1.925	2.15097 	-0.0868165 	-1.74993 	0.000475651 	-0.113766 	0.00207743 	
1.93	2.15159 	-0.0871196 	-1.74973 	0.000454466 	-0.1138 	0.00206383 	
1.935	2.1504 	-0.0866322 	-1.75187 	0.000505951 	-0.113835 	0.00208523 	
1.94	2.15122 	-0.0869748 	-1.75184 	0.00048258 	-0.113877 	0.00207152 	
1.945	2.15194 	-0.087309 	-1.75172 	0.000459542 	-0.113916 	0.00205731 	
1.95	2.15254 	-0.0876062 	-1.75153 	0.000438742 	-0.113949 	0.00204395 	
1.955	2.1531 	-0.0878785 	-1.75133 	0.000419563 	-0.11398 	0.00203155 	
1.96	2.15155 	-0.0872284 	-1.75391 	0.000486236 	-0.114013 	0.00206112 	
1.965	2.1524 	-0.0875633 	-1.75394 	0.000463483 	-0.114057 	0.00204823 	
1.97	2.15312 	-0.0878931 	-1.75385 	0.000440775 	-0.114095 	0.00203439 	
1.975	2.1537 	-0.0881837 	-1.75366 	0.000420394 	-0.114127 	0.00202127 	
1.98	2.15425 	-0.0884502 	-1.75346 	0.000401602 	-0.114157 	0.0020091 	
1.985	2.15271 	-0.0878187 	-1.756 	0.000467283 	-0.114189 	0.00203884 	
1.99	2.15354 	-0.088147 	-1.75603 	0.000444946 	-0.114231 	0.00202614 	
1.995	2.15424 	-0.0884705 	-1.75594 	0.000422636 	-0.114268 	0.00201252 	
2	2.15481 	-0.0887557 	-1.75575 	0.000402611 	-0.1143 	0.00199962 	
2.005	2.15534 	-0.0890171 	-1.75556 	0.000384148 	-0.114329 	0.00198766 	
2.01	2.15386 	-0.0884211 	-1.758 	0.0004472 	-0.114359 	0.0020167 	
2.015	2.15465 	-0.0887414 	-1.75802 	0.000425359 	-0.1144 	0.00200421 	
2.02	2.15533 	-0.089057 	-1.75794 	0.00040355 	-0.114436 	0.00199086 	
2.025	2.15587 	-0.0893356 	-1.75775 	0.000383964 	-0.114466 	0.00197824 	
2.03	2.15639 	-0.089591 	-1.75757 	0.000365904 	-0.114494 	0.00196653 	
2.035	2.15497 	-0.089031 	-1.75991 	0.00042615 	-0.114524 	0.00199474 	
2.04	2.15573 	-0.089342 	-1.75992 	0.00040489 	-0.114563 	0.00198251 	
2.045	2.15638 	-0.0896486 	-1.75983 	0.000383667 	-0.114597 	0.00196948 	
2.05	2.15691 	-0.0899195 	-1.75966 	0.000364596 	-0.114626 	0.0019572 	
2.055	2.15741 	-0.0901679 	-1.75948 	0.000347011 	-0.114654 	0.0019458 	
2.06	2.15606 	-0.0896431 	-1.76171 	0.000404409 	-0.114682 	0.00197311 	
2.065	2.15678 	-0.0899438 	-1.76172 	0.0003838 	-0.114719 	0.00196118 	
2.07	2.1574 	-0.0902404 	-1.76163 	0.000363232 	-0.114752 	0.00194853 	
2.075	2.15791 	-0.0905028 	-1.76147 	0.000344739 	-0.11478 	0.00193663 	
2.08	2.15839 	-0.0907434 	-1.7613 	0.000327687 	-0.114807 	0.00192558 	
2.085	2.15884 	-0.0909638 	-1.76113 	0.00031197 	-0.114831 	0.00191533 	
2.09	2.15724 	-0.0903322 	-1.76365 	0.000379875 	-0.114858 	0.00194883 	
2.095	2.15797 	-0.0906217 	-1.7637 	0.000360117 	-0.114895 	0.00193774 	
2.1	2.15858 	-0.0909097 	-1.76364 	0.000340169 	-0.114927 	0.0019256 	
2.105	2.15907 	-0.0911625 	-1.76348 	0.000322324 	-0.114954 	0.0019141 	
2.11	2.15952 	-0.0913944 	-1.76332 	0.000305869 	-0.114979 	0.00190343 	
2.115	2.15995 	-0.0916069 	-1.76316 	0.000290701 	-0.115003 	0.00189354 	
2.12	2.15842 	-0.0910133 	-1.76556 	0.000355504 	-0.115028 	0.00192604 	
2.125	2.1591 	-0.0912913 	-1.76561 	0.000336487 	-0.115063 	0.00191528 	
2.13	2.15969 	-0.0915682 	-1.76555 	0.000317279 	-0.115093 	0.00190356 	
2.135	2.16015 	-0.0918116 	-1.7654 	0.000300086 	-0.115119 	0.00189249 	
2.14	2.16059 	-0.0920349 	-1.76525 	0.000284231 	-0.115143 	0.00188222 	
2.145	2.161 	-0.0922395 	-1.76509 	0.000269615 	-0.115165 	0.00187269 	
2.15	2.15957 	-0.0916964 	-1.76734 	0.00032993 	-0.115189 	0.00190337 	
2.155	2.1602 	-0.0919611 	-1.76737 	0.000311772 	-0.115221 	0.00189299 	
2.16	2.16075 	-0.0922249 	-1.76731 	0.000293441 	-0.11525 	0.00188178 	
2.165	2.16119 	-0.0924573 	-1.76717 	0.000277014 	-0.115274 	0.00187121 	
2.17	2.1616 	-0.0926705 	-1.76703 	0.000261865 	-0.115297 	0.00186141 	
2.175	2.16199 	-0.092866 	-1.76689 	0.000247898 	-0.115318 	0.00185231 	
2.18	2.16236 	-0.093045 	-1.76674 	0.000235028 	-0.115338 	0.00184388 	
2.185	2.16078 	-0.0924424 	-1.76914 	0.000301388 	-0.11536 	0.00187849 	
2.19	2.1614 	-0.0926918 	-1.7692 	0.000284328 	-0.115391 	0.00186897 	
2.195	2.16192 	-0.0929426 	-1.76915 	0.000266922 	-0.115419 	0.00185841 	
2.2	2.16233 	-0.0931622 	-1.76903 	0.000251386 	-0.115441 	0.00184842 	
2.205	2.16272 	-0.0933638 	-1.7689 	0.000237057 	-0.115462 	0.00183915 	
2.21	2.16308 	-0.0935487 	-1.76877 	0.000223845 	-0.115482 	0.00183056 	
2.215	2.16342 	-0.0937181 	-1.76863 	0.000211667 	-0.115501 	0.00182259 	
2.22	2.16197 	-0.0931745 	-1.77083 	0.000272494 	-0.115521 	0.00185474 	
2.225	2.16253 	-0.0934074 	-1.77088 	0.000256511 	-0.115549 	0.00184571 	
2.23	2.16302 	-0.093642 	-1.77084 	0.000240206 	-0.115574 	0.00183578 	
2.235	2.1634 	-0.093848 	-1.77072 	0.000225632 	-0.115595 	0.00182643 	
2.24	2.16376 	-0.0940372 	-1.77061 	0.000212189 	-0.115615 	0.00181775 	
2.245	2.16409 	-0.0942107 	-1.77049 	0.00019979 	-0.115633 	0.00180971 	
2.25	2.16441 	-0.0943698 	-1.77037 	0.000188361 	-0.115651 	0.00180225 	
2.255	2.16471 	-0.0945156 	-1.77025 	0.000177828 	-0.115667 	0.00179533 	
2.26	2.16321 	-0.0939551 	-1.77246 	0.00024038 	-0.115685 	0.00182904 	
2.265	2.16374 	-0.0941685 	-1.77252 	0.000225759 	-0.115711 	0.00182088 	
2.27	2.16418 	-0.0943854 	-1.77249 	0.000210699 	-0.115734 	0.00181176 	
2.275	2.16453 	-0.0945752 	-1.77239 	0.000197275 	-0.115753 	0.00180317 	
2.28	2.16486 	-0.0947496 	-1.77229 	0.000184889 	-0.115771 	0.0017952 	
2.285	2.16516 	-0.0949097 	-1.77219 	0.000173464 	-0.115788 	0.0017878 	
2.29	2.16545 	-0.0950566 	-1.77208 	0.000162927 	-0.115803 	0.00178095 	
2.295	2.16572 	-0.0951912 	-1.77198 	0.000153214 	-0.115818 	0.00177459 	
2.3	2.16597 	-0.0953145 	-1.77187 	0.000144263 	-0.115832 	0.00176869 	
2.305	2.16621 	-0.0954274 	-1.77177 	0.000136017 	-0.115845 	0.00176322 	
2.31	2.16458 	-0.0948107 	-1.77411 	0.000204157 	-0.11586 	0.00180074 	
2.315	2.16506 	-0.0950014 	-1.77419 	0.000191169 	-0.115884 	0.00179374 	
2.32	2.16547 	-0.0951984 	-1.77419 	0.000177542 	-0.115905 	0.0017856 	
2.325	2.16578 	-0.0953695 	-1.7741 	0.000165467 	-0.115922 	0.00177789 	
2.33	2.16606 	-0.0955268 	-1.77402 	0.000154321 	-0.115937 	0.00177074 	
2.335	2.16633 	-0.0956714 	-1.77393 	0.000144034 	-0.115952 	0.00176411 	
2.34	2.16659 	-0.0958042 	-1.77385 	0.000134543 	-0.115966 	0.00175797 	
2.345	2.16682 	-0.0959261 	-1.77376 	0.000125787 	-0.115979 	0.00175227 	
2.35	2.16704 	-0.096038 	-1.77368 	0.000117713 	-0.115991 	0.00174698 	
2.355	2.16725 	-0.0961405 	-1.77359 	0.000110269 	-0.116002 	0.00174208 	
2.36	2.16745 	-0.0962345 	-1.77351 	0.000103407 	-0.116013 	0.00173753 	
2.365	2.16763 	-0.0963205 	-1.77342 	9.70848e-05 	-0.116023 	0.00173332 	
2.37	2.1678 	-0.0963993 	-1.77334 	9.1261e-05 	-0.116033 	0.00172941 	
2.375	2.16613 	-0.0957665 	-1.77567 	0.000160787 	-0.116044 	0.00176841 	
2.38	2.16655 	-0.0959276 	-1.77577 	0.000149903 	-0.116065 	0.00176275 	
2.385	2.1669 	-0.0960974 	-1.77579 	0.000138221 	-0.116083 	0.00175586 	
2.39	2.16715 	-0.096244 	-1.77573 	0.000127929 	-0.116096 	0.00174934 	
2.395	2.16739 	-0.096379 	-1.77567 	0.000118421 	-0.116109 	0.00174329 	
2.4	2.16761 	-0.0965034 	-1.77561 	0.000109638 	-0.116121 	0.00173768 	
2.405	2.16782 	-0.0966178 	-1.77555 	0.000101525 	-0.116132 	0.00173248 	
2.41	2.16801 	-0.0967232 	-1.77549 	9.40332e-05 	-0.116143 	0.00172766 	
2.415	2.16819 	-0.0968201 	-1.77543 	8.71149e-05 	-0.116152 	0.00172319 	
2.42	2.16836 	-0.0969092 	-1.77537 	8.07271e-05 	-0.116162 	0.00171905 	
2.425	2.16852 	-0.0969911 	-1.77531 	7.483e-05 	-0.11617 	0.00171521 	
2.43	2.16867 	-0.0970665 	-1.77526 	6.93862e-05 	-0.116178 	0.00171164 	
2.435	2.16881 	-0.0971358 	-1.7752 	6.43606e-05 	-0.116186 	0.00170834 	
2.44	2.16894 	-0.0971994 	-1.77515 	5.97229e-05 	-0.116193 	0.00170528 	
2.445	2.16906 	-0.0972579 	-1.77509 	5.54425e-05 	-0.1162 	0.00170244 	
2.45	2.16917 	-0.0973116 	-1.77504 	5.14921e-05 	-0.116206 	0.0016998 	
2.455	2.16928 	-0.097361 	-1.77499 	4.7847e-05 	-0.116212 	0.00169736 	
2.46	2.16938 	-0.0974063 	-1.77494 	4.44837e-05 	-0.116217 	0.0016951 	
2.465	2.16947 	-0.0974479 	-1.77489 	4.13804e-05 	-0.116223 	0.001693 	
2.47	2.16956 	-0.0974861 	-1.77485 	3.85167e-05 	-0.116227 	0.00169105 	
2.475	2.16964 	-0.0975212 	-1.7748 	3.5874e-05 	-0.116232 	0.00168925 	
2.48	2.16971 	-0.0975535 	-1.77476 	3.34349e-05 	-0.116236 	0.00168758 	
2.485	2.16978 	-0.0975831 	-1.77472 	3.11833e-05 	-0.11624 	0.00168603 	
2.49	2.16985 	-0.0976104 	-1.77468 	2.91043e-05 	-0.116244 	0.00168459 	
2.495	2.16991 	-0.0976354 	-1.77464 	2.71839e-05 	-0.116248 	0.00168326 	
2.5	2.16997 	-0.0976585 	-1.77461 	2.54095e-05 	-0.116251 	0.00168202 	
2.505	2.17002 	-0.0976798 	-1.77457 	2.37692e-05 	-0.116254 	0.00168087 	
2.51	2.17007 	-0.0976994 	-1.77454 	2.22514e-05 	-0.116257 	0.00167981 	
2.515	2.17012 	-0.0977176 	-1.77451 	2.08455e-05 	-0.116259 	0.00167883 	
2.52	2.17016 	-0.0977345 	-1.77449 	1.95439e-05 	-0.116262 	0.00167792 	
2.525	2.1702 	-0.09775 	-1.77446 	1.83373e-05 	-0.116264 	0.00167707 	
2.53	2.17024 	-0.0977646 	-1.77444 	1.72149e-05 	-0.116266 	0.00167628 	
2.535	2.17028 	-0.0977781 	-1.77442 	1.6169e-05 	-0.116268 	0.00167555 	
2.54	2.17031 	-0.0977907 	-1.7744 	1.51924e-05 	-0.11627 	0.00167487 	
2.545	2.17035 	-0.0978025 	-1.77438 	1.42784e-05 	-0.116272 	0.00167423 	
2.55	2.17038 	-0.0978136 	-1.77436 	1.34204e-05 	-0.116274 	0.00167363 	
2.555	2.17041 	-0.0978241 	-1.77434 	1.26126e-05 	-0.116276 	0.00167306 	
2.56	2.17045 	-0.097834 	-1.77433 	1.18495e-05 	-0.116277 	0.00167253 	
2.565	2.17048 	-0.0978434 	-1.77431 	1.11262e-05 	-0.116279 	0.00167202 	
2.57	2.17052 	-0.0978523 	-1.7743 	1.04378e-05 	-0.116281 	0.00167154 	
2.575	2.17056 	-0.0978608 	-1.77428 	9.78011e-06 	-0.116282 	0.00167108 	
2.58	2.17059 	-0.097869 	-1.77427 	9.14905e-06 	-0.116284 	0.00167063 	
2.585	2.17063 	-0.0978769 	-1.77426 	8.54092e-06 	-0.116286 	0.00167021 	
2.59	2.17068 	-0.0978846 	-1.77425 	7.95225e-06 	-0.116288 	0.0016698 	
2.595	2.17072 	-0.0978921 	-1.77424 	7.37986e-06 	-0.11629 	0.0016694 	
2.6	2.17077 	-0.0978994 	-1.77423 	6.8199e-06 	-0.116292 	0.001669 	
2.605	2.17082 	-0.0979066 	-1.77421 	6.26774e-06 	-0.116294 	0.00166862 	
2.61	2.17087 	-0.0979137 	-1.7742 	5.7235e-06 	-0.116296 	0.00166824 	
2.615	2.17092 	-0.0979208 	-1.77419 	5.18588e-06 	-0.116299 	0.00166786 	
2.62	2.17098 	-0.0979278 	-1.77418 	4.65179e-06 	-0.116301 	0.00166749 	
2.625	2.17104 	-0.0979347 	-1.77417 	4.1192e-06 	-0.116304 	0.00166711 	
2.63	2.17111 	-0.0979417 	-1.77416 	3.58626e-06 	-0.116306 	0.00166674 	
2.635	2.17118 	-0.0979488 	-1.77415 	3.05122e-06 	-0.116309 	0.00166636 	
2.64	2.17125 	-0.0979559 	-1.77414 	2.51249e-06 	-0.116312 	0.00166599 	
2.645	2.17132 	-0.097963 	-1.77413 	1.96858e-06 	-0.116315 	0.0016656 	
2.65	2.1714 	-0.0979703 	-1.77412 	1.41812e-06 	-0.116318 	0.00166522 	
2.655	2.17148 	-0.0979776 	-1.77411 	8.59857e-07 	-0.116321 	0.00166483 	
2.66	2.17157 	-0.0979851 	-1.7741 	2.92605e-07 	-0.116325 	0.00166443 	
2.665	2.17166 	-0.0979927 	-1.77409 	-2.84717e-07 	-0.116328 	0.00166402 	
2.67	2.17175 	-0.0980005 	-1.77408 	-8.73108e-07 	-0.116332 	0.00166361 	
2.675	2.17185 	-0.0980084 	-1.77407 	-1.4735e-06 	-0.116336 	0.00166319 	
2.68	2.17195 	-0.0980165 	-1.77406 	-2.08673e-06 	-0.11634 	0.00166276 	
2.685	2.17206 	-0.0980248 	-1.77405 	-2.71361e-06 	-0.116344 	0.00166232 	
2.69	2.17217 	-0.0980333 	-1.77403 	-3.35485e-06 	-0.116348 	0.00166187 	
2.695	2.17229 	-0.098042 	-1.77402 	-4.01112e-06 	-0.116353 	0.00166141 	
2.7	2.1724 	-0.0980509 	-1.77401 	-4.68305e-06 	-0.116357 	0.00166094 	
2.705	2.17253 	-0.09806 	-1.774 	-5.37121e-06 	-0.116362 	0.00166045 	
2.71	2.17265 	-0.0980693 	-1.77399 	-6.07611e-06 	-0.116367 	0.00165996 	
2.715	2.17279 	-0.0980789 	-1.77397 	-6.79824e-06 	-0.116372 	0.00165945 	
2.72	2.17292 	-0.0980887 	-1.77396 	-7.53805e-06 	-0.116378 	0.00165893 	
2.725	2.17306 	-0.0980987 	-1.77395 	-8.29593e-06 	-0.116383 	0.0016584 	
2.73	2.17321 	-0.098109 	-1.77393 	-9.07227e-06 	-0.116389 	0.00165785 	
2.735	2.17336 	-0.0981195 	-1.77392 	-9.8674e-06 	-0.116394 	0.00165729 	
2.74	2.17351 	-0.0981303 	-1.7739 	-1.06816e-05 	-0.1164 	0.00165672 	
2.745	2.17367 	-0.0981414 	-1.77389 	-1.15152e-05 	-0.116407 	0.00165613 	
2.75	2.17383 	-0.0981527 	-1.77387 	-1.23685e-05 	-0.116413 	0.00165553 	
2.755	2.174 	-0.0981643 	-1.77386 	-1.32417e-05 	-0.116419 	0.00165492 	
2.76	2.17417 	-0.0981761 	-1.77384 	-1.41349e-05 	-0.116426 	0.00165429 	
2.765	2.17435 	-0.0981882 	-1.77383 	-1.50485e-05 	-0.116433 	0.00165365 	
2.77	2.17453 	-0.0982006 	-1.77381 	-1.59825e-05 	-0.11644 	0.00165299 	
2.775	2.17471 	-0.0982133 	-1.77379 	-1.69371e-05 	-0.116447 	0.00165232 	
2.78	2.1749 	-0.0982262 	-1.77378 	-1.79125e-05 	-0.116454 	0.00165164 	
2.785	2.1751 	-0.0982394 	-1.77376 	-1.89088e-05 	-0.116462 	0.00165093 	
2.79	2.17731 	-0.0976269 	-1.77133 	4.34362e-05 	-0.116469 	0.00168837 	
2.795	2.1775 	-0.0977254 	-1.77139 	3.6882e-05 	-0.116475 	0.00168331 	
2.8	2.17758 	-0.0978323 	-1.77139 	2.97254e-05 	-0.116478 	0.00167841 	
2.805	2.17765 	-0.0979216 	-1.77136 	2.37169e-05 	-0.11648 	0.00167459 	
2.81	2.17773 	-0.0980058 	-1.77133 	1.80475e-05 	-0.116483 	0.00167098 	
2.815	2.17782 	-0.0980851 	-1.7713 	1.26908e-05 	-0.116486 	0.00166756 	
2.82	2.17793 	-0.09816 	-1.77127 	7.62231e-06 	-0.11649 	0.00166432 	
2.825	2.17805 	-0.0982309 	-1.77124 	2.81924e-06 	-0.116495 	0.00166124 	
2.83	2.17819 	-0.0982979 	-1.77121 	-1.73937e-06 	-0.1165 	0.00165831 	
2.835	2.17833 	-0.0983615 	-1.77118 	-6.07303e-06 	-0.116505 	0.00165552 	
2.84	2.17849 	-0.098422 	-1.77115 	-1.01998e-05 	-0.116511 	0.00165285 	
2.845	2.17866 	-0.0984795 	-1.77112 	-1.41363e-05 	-0.116517 	0.00165031 	
2.85	2.17884 	-0.0985342 	-1.7711 	-1.78982e-05 	-0.116524 	0.00164786 	
2.855	2.17903 	-0.0985866 	-1.77107 	-2.14997e-05 	-0.116531 	0.00164552 	
2.86	2.1815 	-0.098578 	-1.76828 	-2.07555e-05 	-0.116538 	0.00164694 	
2.865	2.18169 	-0.0986473 	-1.76833 	-2.51026e-05 	-0.116544 	0.00164413 	
2.87	2.18177 	-0.0987041 	-1.7683 	-2.88777e-05 	-0.116546 	0.00164151 	
2.875	2.18182 	-0.0987504 	-1.76824 	-3.21166e-05 	-0.116547 	0.00163916 	
2.88	2.1819 	-0.098795 	-1.76819 	-3.52416e-05 	-0.116548 	0.00163689 	
2.885	2.18199 	-0.098838 	-1.76813 	-3.82628e-05 	-0.116551 	0.0016347 	
2.89	2.1821 	-0.0988796 	-1.76808 	-4.11891e-05 	-0.116555 	0.00163258 	
2.895	2.18223 	-0.0989198 	-1.76803 	-4.40291e-05 	-0.116559 	0.00163052 	
2.9	2.18238 	-0.0989588 	-1.76799 	-4.67905e-05 	-0.116564 	0.00162853 	
2.905	2.18254 	-0.0989967 	-1.76794 	-4.94807e-05 	-0.116569 	0.00162659 	
2.91	2.18271 	-0.0990336 	-1.7679 	-5.21063e-05 	-0.116575 	0.00162469 	
2.915	2.1829 	-0.0990695 	-1.76785 	-5.46736e-05 	-0.116582 	0.00162285 	
2.92	2.18544 	-0.0991032 	-1.76496 	-5.88691e-05 	-0.116589 	0.00162127 	
2.925	2.18565 	-0.0991537 	-1.76501 	-6.19767e-05 	-0.116595 	0.00161922 	
2.93	2.18573 	-0.0991905 	-1.76497 	-6.44632e-05 	-0.116596 	0.00161732 	
2.935	2.18579 	-0.0992185 	-1.7649 	-6.65362e-05 	-0.116597 	0.00161555 	
2.94	2.18588 	-0.0992464 	-1.76483 	-6.85993e-05 	-0.116599 	0.0016138 	
2.945	2.18599 	-0.0992741 	-1.76476 	-7.06546e-05 	-0.116602 	0.00161209 	
2.95	2.18611 	-0.0993018 	-1.7647 	-7.27041e-05 	-0.116606 	0.00161039 	
2.955	2.18626 	-0.0993294 	-1.76464 	-7.47497e-05 	-0.116611 	0.00160872 	
2.96	2.18643 	-0.0993569 	-1.76459 	-7.67932e-05 	-0.116616 	0.00160706 	
2.965	2.18661 	-0.0993845 	-1.76453 	-7.8836e-05 	-0.116622 	0.00160543 	
2.97	2.18681 	-0.099412 	-1.76448 	-8.08797e-05 	-0.116629 	0.0016038 	
2.975	2.18945 	-0.0994441 	-1.76147 	-8.52539e-05 	-0.116637 	0.00160204 	
2.98	2.18968 	-0.0994888 	-1.76152 	-8.79703e-05 	-0.116643 	0.00160018 	
2.985	2.18978 	-0.0995194 	-1.76148 	-9.00624e-05 	-0.116645 	0.00159845 	
2.99	2.18985 	-0.0995412 	-1.7614 	-9.17574e-05 	-0.116646 	0.00159681 	
2.995	2.18995 	-0.0995635 	-1.76132 	-9.34864e-05 	-0.116648 	0.00159519 	
3	2.19008 	-0.0995864 	-1.76125 	-9.52482e-05 	-0.116652 	0.00159357 	
3.005	2.19023 	-0.0996097 	-1.76118 	-9.70417e-05 	-0.116656 	0.00159195 	
3.01	2.1904 	-0.0996335 	-1.76111 	-9.8866e-05 	-0.116661 	0.00159034 	
3.015	2.19059 	-0.0996578 	-1.76105 	-0.00010072 	-0.116667 	0.00158873 	
3.02	2.1908 	-0.0996825 	-1.76099 	-0.000102603 	-0.116674 	0.00158713 	
3.025	2.19344 	-0.099713 	-1.75797 	-0.000106888 	-0.116682 	0.00158531 	
3.03	2.19369 	-0.0997561 	-1.75801 	-0.00010952 	-0.116688 	0.00158344 	
3.035	2.1938 	-0.0997853 	-1.75796 	-0.000111542 	-0.11669 	0.00158168 	
3.04	2.19389 	-0.0998059 	-1.75788 	-0.000113176 	-0.116692 	0.00158002 	
3.045	2.19401 	-0.0998272 	-1.7578 	-0.000114862 	-0.116695 	0.00157836 	
3.05	2.19415 	-0.0998494 	-1.75773 	-0.000116597 	-0.116699 	0.00157669 	
3.055	2.19432 	-0.0998722 	-1.75765 	-0.000118381 	-0.116703 	0.00157503 	
3.06	2.19451 	-0.0998958 	-1.75759 	-0.000120209 	-0.116709 	0.00157336 	
3.065	2.19472 	-0.0999201 	-1.75752 	-0.00012208 	-0.116716 	0.00157169 	
3.07	2.1973 	-0.0999502 	-1.75457 	-0.000126283 	-0.116724 	0.00156979 	
3.075	2.19755 	-0.0999927 	-1.7546 	-0.000128917 	-0.11673 	0.00156785 	
3.08	2.19768 	-0.100022 	-1.75455 	-0.000130977 	-0.116733 	0.00156601 	
3.085	2.19778 	-0.100043 	-1.75447 	-0.000132669 	-0.116735 	0.00156426 	
3.09	2.19792 	-0.100066 	-1.75439 	-0.00013442 	-0.116738 	0.00156251 	
3.095	2.19808 	-0.100089 	-1.75431 	-0.000136228 	-0.116743 	0.00156075 	
3.1	2.19827 	-0.100112 	-1.75424 	-0.00013809 	-0.116748 	0.00155899 	
3.105	2.19848 	-0.100137 	-1.75417 	-0.000140003 	-0.116755 	0.00155723 	
3.11	2.19872 	-0.100163 	-1.75411 	-0.000141964 	-0.116762 	0.00155546 	
3.115	2.20143 	-0.100195 	-1.75101 	-0.000146374 	-0.11677 	0.00155342 	
3.12	2.20172 	-0.10024 	-1.75105 	-0.000149193 	-0.116778 	0.00155135 	
3.125	2.20186 	-0.100272 	-1.75101 	-0.00015139 	-0.116781 	0.00154939 	
3.13	2.20199 	-0.100295 	-1.75092 	-0.00015318 	-0.116783 	0.00154753 	
3.135	2.20214 	-0.100318 	-1.75084 	-0.000155034 	-0.116787 	0.00154566 	
3.14	2.20232 	-0.100343 	-1.75077 	-0.000156948 	-0.116792 	0.0015438 	
3.145	2.20252 	-0.100368 	-1.75069 	-0.000158918 	-0.116798 	0.00154193 	
3.15	2.20275 	-0.100394 	-1.75063 	-0.000160943 	-0.116805 	0.00154006 	
3.155	2.20532 	-0.100427 	-1.74768 	-0.00016526 	-0.116813 	0.0015379 	
3.16	2.2056 	-0.100472 	-1.74771 	-0.0001681 	-0.11682 	0.00153574 	
3.165	2.20575 	-0.100504 	-1.74766 	-0.000170379 	-0.116824 	0.00153368 	
3.17	2.20589 	-0.100529 	-1.74758 	-0.000172284 	-0.116826 	0.00153171 	
3.175	2.20606 	-0.100554 	-1.7475 	-0.000174253 	-0.116831 	0.00152974 	
3.18	2.20625 	-0.10058 	-1.74743 	-0.000176284 	-0.116836 	0.00152776 	
3.185	2.20647 	-0.100607 	-1.74736 	-0.000178372 	-0.116843 	0.00152579 	
3.19	2.20672 	-0.100635 	-1.74729 	-0.000180514 	-0.11685 	0.00152381 	
3.195	2.20938 	-0.100669 	-1.74426 	-0.000185007 	-0.116859 	0.00152151 	
3.2	2.20968 	-0.100718 	-1.7443 	-0.000188021 	-0.116867 	0.00151922 	
3.205	2.20985 	-0.100753 	-1.74426 	-0.000190444 	-0.11687 	0.00151704 	
3.21	2.21 	-0.100778 	-1.74418 	-0.000192468 	-0.116874 	0.00151496 	
3.215	2.21018 	-0.100805 	-1.7441 	-0.000194556 	-0.116878 	0.00151288 	
3.22	2.21039 	-0.100833 	-1.74403 	-0.000196705 	-0.116884 	0.0015108 	
3.225	2.21063 	-0.100862 	-1.74396 	-0.000198911 	-0.116891 	0.00150872 	
3.23	2.21089 	-0.100892 	-1.7439 	-0.000201171 	-0.116899 	0.00150664 	
3.235	2.21364 	-0.100928 	-1.74076 	-0.000205846 	-0.116908 	0.00150419 	
3.24	2.21397 	-0.10098 	-1.74082 	-0.000209041 	-0.116917 	0.00150177 	
3.245	2.21416 	-0.101017 	-1.74078 	-0.00021161 	-0.116921 	0.00149947 	
3.25	2.21432 	-0.101045 	-1.7407 	-0.00021375 	-0.116925 	0.00149728 	
3.255	2.21451 	-0.101073 	-1.74062 	-0.000215954 	-0.116929 	0.0014951 	
3.26	2.21473 	-0.101103 	-1.74055 	-0.000218218 	-0.116936 	0.00149291 	
3.265	2.21498 	-0.101133 	-1.74049 	-0.000220538 	-0.116943 	0.00149073 	
3.27	2.2175 	-0.10117 	-1.73761 	-0.000225034 	-0.116951 	0.00148819 	
3.275	2.2178 	-0.10122 	-1.73765 	-0.000228191 	-0.116959 	0.00148571 	
3.28	2.21799 	-0.101257 	-1.7376 	-0.000230814 	-0.116963 	0.00148333 	
3.285	2.21817 	-0.101287 	-1.73753 	-0.000233066 	-0.116967 	0.00148104 	
3.29	2.21837 	-0.101317 	-1.73746 	-0.00023538 	-0.116972 	0.00147876 	
3.295	2.21861 	-0.101348 	-1.73739 	-0.000237752 	-0.116979 	0.00147649 	
3.3	2.21887 	-0.101381 	-1.73733 	-0.000240178 	-0.116987 	0.00147421 	
3.305	2.22142 	-0.101419 	-1.73443 	-0.000244786 	-0.116996 	0.00147156 	
3.31	2.22174 	-0.101471 	-1.73447 	-0.000248072 	-0.117004 	0.00146898 	
3.315	2.22195 	-0.10151 	-1.73443 	-0.000250814 	-0.117008 	0.0014665 	
3.32	2.22213 	-0.101541 	-1.73436 	-0.000253173 	-0.117013 	0.00146412 	
3.325	2.22235 	-0.101574 	-1.7343 	-0.000255592 	-0.117018 	0.00146176 	
3.33	2.2226 	-0.101606 	-1.73424 	-0.000258067 	-0.117025 	0.0014594 	
3.335	2.22288 	-0.10164 	-1.73418 	-0.000260594 	-0.117033 	0.00145704 	
3.34	2.22548 	-0.10168 	-1.73123 	-0.000265322 	-0.117043 	0.00145426 	
3.345	2.22582 	-0.101735 	-1.73127 	-0.000268739 	-0.117052 	0.00145159 	
3.35	2.22603 	-0.101776 	-1.73124 	-0.000271598 	-0.117056 	0.00144901 	
3.355	2.22623 	-0.101809 	-1.73118 	-0.000274056 	-0.117061 	0.00144655 	
3.36	2.22646 	-0.101842 	-1.73112 	-0.000276572 	-0.117067 	0.0014441 	
3.365	2.22672 	-0.101877 	-1.73106 	-0.000279142 	-0.117074 	0.00144166 	
3.37	2.22701 	-0.101912 	-1.73101 	-0.000281761 	-0.117082 	0.00143922 	
3.375	2.22965 	-0.101954 	-1.72801 	-0.000286595 	-0.117092 	0.00143633 	
3.38	2.23 	-0.10201 	-1.72807 	-0.000290134 	-0.117101 	0.00143356 	
3.385	2.23023 	-0.102053 	-1.72804 	-0.000293099 	-0.117106 	0.0014309 	
3.39	2.23043 	-0.102088 	-1.72798 	-0.00029565 	-0.117111 	0.00142836 	
3.395	2.23067 	-0.102123 	-1.72793 	-0.000298256 	-0.117117 	0.00142583 	
3.4	2.23094 	-0.102158 	-1.72788 	-0.000300914 	-0.117125 	0.00142331 	
3.405	2.23124 	-0.102195 	-1.72783 	-0.000303619 	-0.117133 	0.0014208 	
3.41	2.23391 	-0.102238 	-1.7248 	-0.000308541 	-0.117143 	0.0014178 	
3.415	2.23428 	-0.102297 	-1.72486 	-0.00031219 	-0.117153 	0.00141494 	
3.42	2.23451 	-0.102342 	-1.72484 	-0.000315254 	-0.117158 	0.0014122 	
3.425	2.23472 	-0.102377 	-1.72479 	-0.000317892 	-0.117163 	0.00140958 	
3.43	2.23497 	-0.102414 	-1.72474 	-0.000320581 	-0.117169 	0.00140698 	
3.435	2.23524 	-0.102451 	-1.72469 	-0.000323319 	-0.117177 	0.00140439 	
3.44	2.23555 	-0.102489 	-1.72465 	-0.000326103 	-0.117185 	0.00140181 	
3.445	2.23825 	-0.102533 	-1.72159 	-0.000331099 	-0.117196 	0.00139871 	
3.45	2.23862 	-0.102593 	-1.72166 	-0.000334845 	-0.117205 	0.00139577 	
3.455	2.23887 	-0.10264 	-1.72165 	-0.000338 	-0.117211 	0.00139295 	
3.46	2.23909 	-0.102677 	-1.7216 	-0.000340717 	-0.117216 	0.00139026 	
3.465	2.23934 	-0.102714 	-1.72155 	-0.000343483 	-0.117222 	0.00138759 	
3.47	2.23962 	-0.102753 	-1.72151 	-0.000346295 	-0.11723 	0.00138494 	
3.475	2.23993 	-0.102792 	-1.72148 	-0.00034915 	-0.117239 	0.0013823 	
3.48	2.24265 	-0.102838 	-1.71839 	-0.000354205 	-0.117249 	0.00137909 	
3.485	2.24303 	-0.1029 	-1.71848 	-0.000358035 	-0.117259 	0.00137608 	
3.49	2.24328 	-0.102947 	-1.71847 	-0.000361272 	-0.117264 	0.00137319 	
3.495	2.2435 	-0.102986 	-1.71843 	-0.000364062 	-0.117269 	0.00137044 	
3.5	2.24376 	-0.103024 	-1.71839 	-0.000366899 	-0.117276 	0.00136771 	
3.505	2.24404 	-0.103064 	-1.71835 	-0.000369778 	-0.117284 	0.001365 	
3.51	2.24436 	-0.103104 	-1.71832 	-0.000372697 	-0.117293 	0.0013623 	
3.515	2.24709 	-0.103151 	-1.71523 	-0.000377794 	-0.117303 	0.00135901 	
3.52	2.24747 	-0.103214 	-1.71532 	-0.000381697 	-0.117313 	0.00135593 	
3.525	2.24773 	-0.103263 	-1.71532 	-0.000385005 	-0.117319 	0.00135298 	
3.53	2.24796 	-0.103303 	-1.71528 	-0.000387862 	-0.117324 	0.00135017 	
3.535	2.24822 	-0.103343 	-1.71525 	-0.000390762 	-0.11733 	0.00134739 	
3.54	2.24851 	-0.103383 	-1.71522 	-0.000393701 	-0.117338 	0.00134463 	
3.545	2.24883 	-0.103425 	-1.71519 	-0.000396677 	-0.117347 	0.00134188 	
3.55	2.25156 	-0.103473 	-1.7121 	-0.0004018 	-0.117358 	0.00133851 	
3.555	2.25195 	-0.103537 	-1.7122 	-0.000405762 	-0.117368 	0.00133537 	
3.56	2.25221 	-0.103587 	-1.7122 	-0.000409133 	-0.117373 	0.00133237 	
3.565	2.25244 	-0.103627 	-1.71217 	-0.000412049 	-0.117379 	0.00132951 	
3.57	2.2527 	-0.103668 	-1.71214 	-0.000415004 	-0.117385 	0.00132668 	
3.575	2.253 	-0.10371 	-1.71212 	-0.000417995 	-0.117393 	0.00132388 	
3.58	2.25332 	-0.103752 	-1.7121 	-0.000421019 	-0.117402 	0.00132109 	
3.585	2.25604 	-0.103801 	-1.70902 	-0.000426153 	-0.117413 	0.00131764 	
3.59	2.25644 	-0.103866 	-1.70912 	-0.000430161 	-0.117423 	0.00131446 	
3.595	2.2567 	-0.103917 	-1.70913 	-0.000433582 	-0.117429 	0.00131141 	
3.6	2.25693 	-0.103959 	-1.70911 	-0.00043655 	-0.117434 	0.00130852 	
3.605	2.2572 	-0.104001 	-1.70909 	-0.000439552 	-0.11744 	0.00130565 	
3.61	2.2575 	-0.104043 	-1.70907 	-0.000442586 	-0.117448 	0.00130281 	
3.615	2.25782 	-0.104086 	-1.70906 	-0.00044565 	-0.117458 	0.00129999 	
3.62	2.26053 	-0.104136 	-1.70599 	-0.000450779 	-0.117468 	0.00129648 	
3.625	2.26092 	-0.104201 	-1.7061 	-0.000454818 	-0.117478 	0.00129326 	
3.63	2.26119 	-0.104253 	-1.70612 	-0.00045828 	-0.117484 	0.00129018 	
3.635	2.26143 	-0.104295 	-1.7061 	-0.00046129 	-0.117489 	0.00128725 	
3.64	2.2617 	-0.104338 	-1.70609 	-0.000464331 	-0.117496 	0.00128435 	
3.645	2.262 	-0.104381 	-1.70608 	-0.000467399 	-0.117504 	0.00128149 	
3.65	2.26232 	-0.104425 	-1.70607 	-0.000470494 	-0.117513 	0.00127865 	
3.655	2.265 	-0.104475 	-1.70303 	-0.000475602 	-0.117523 	0.00127508 	
3.66	2.2654 	-0.104541 	-1.70315 	-0.000479658 	-0.117533 	0.00127184 	
3.665	2.26566 	-0.104594 	-1.70317 	-0.000483149 	-0.117539 	0.00126873 	
3.67	2.2659 	-0.104637 	-1.70316 	-0.000486192 	-0.117544 	0.00126578 	
3.675	2.26617 	-0.10468 	-1.70315 	-0.000489262 	-0.117551 	0.00126286 	
3.68	2.26647 	-0.104724 	-1.70315 	-0.000492355 	-0.117559 	0.00125998 	
3.685	2.2668 	-0.104768 	-1.70315 	-0.000495471 	-0.117568 	0.00125712 	
3.69	2.26945 	-0.104819 	-1.70015 	-0.000500542 	-0.117578 	0.00125352 	
3.695	2.26984 	-0.104885 	-1.70026 	-0.0005046 	-0.117588 	0.00125026 	
3.7	2.27011 	-0.104938 	-1.7003 	-0.000508108 	-0.117594 	0.00124713 	
3.705	2.27035 	-0.104981 	-1.70029 	-0.000511174 	-0.117599 	0.00124417 	
3.71	2.27062 	-0.105025 	-1.70029 	-0.000514263 	-0.117606 	0.00124124 	
3.715	1.94252 	0.136662 	-0.958726 	-0.0230687 	-0.0794043 	-0.00213133 	
3.72	0.981685 	0.844124 	1.21168 	-0.0890751 	0.0324182 	-0.0119966 	
3.725	0.784463 	0.965341 	1.63798 	-0.102522 	0.0545937 	-0.0125905 	
3.73	-0.000964184 	1.47506 	3.35715 	-0.156359 	0.14404 	-0.0161873 	
3.735	-0.206715 	1.6278 	3.80888 	-0.169283 	0.168066 	-0.0193853 	
3.74	-0.970596 	2.18793 	5.50458 	-0.218857 	0.257675 	-0.0294415 	
3.745	-1.14458 	2.3214 	5.89628 	-0.229929 	0.278953 	-0.0323635 	
3.75	-1.84596 	2.84132 	7.467 	-0.275718 	0.362926 	-0.0418947 	
3.755	-1.94333 	2.92008 	7.69304 	-0.281917 	0.375776 	-0.0438749 	
3.76	-2.6044 	3.40607 	9.15657 	-0.324503 	0.455165 	-0.0533553 	
3.765	-2.5279 	3.40016 	8.96222 	-0.316269 	0.445572 	-0.0588457 	
3.77	-3.05659 	3.92616 	10.0669 	-0.342017 	0.505962 	-0.0835162 	
3.775	-3.00867 	3.8784 	10.0547 	-0.343953 	0.505717 	-0.0777039 	
3.78	-3.22636 	4.01258 	10.7894 	-0.371807 	0.544659 	-0.0670963 	
3.785	-2.95288 	3.8376 	10.297 	-0.359161 	0.518405 	-0.0609832 	
3.79	-2.95196 	3.92722 	10.6727 	-0.376013 	0.537987 	-0.0532114 	
3.795	-2.71712 	3.77847 	10.235 	-0.364301 	0.514693 	-0.0488025 	
3.8	-2.74372 	3.87425 	10.616 	-0.380511 	0.534738 	-0.0424631 	
3.805	-2.52331 	3.72779 	10.178 	-0.368319 	0.511455 	-0.0388431 	
3.81	-2.5701 	3.82905 	10.5661 	-0.384186 	0.531961 	-0.0335077 	
3.815	-2.34621 	3.66564 	10.0766 	-0.369964 	0.506006 	-0.0303242 	
3.82	-2.38919 	3.74606 	10.401 	-0.383321 	0.523256 	-0.0255567 	
3.825	-2.21528 	3.6336 	10.0493 	-0.373086 	0.504356 	-0.0233867 	
3.83	-2.2192 	3.64574 	10.1925 	-0.379758 	0.511826 	-0.0185947 	
3.835	-2.12825 	3.62466 	10.0932 	-0.377188 	0.50592 	-0.0177098 	
3.84	-2.09801 	3.58788 	10.0963 	-0.379284 	0.506217 	-0.0127925 	
3.845	-2.01685 	3.57257 	10.0068 	-0.376853 	0.500876 	-0.012375 	
3.85	-1.99636 	3.54119 	10.019 	-0.379059 	0.501707 	-0.00792267 	
3.855	-1.92334 	3.53131 	9.93947 	-0.376809 	0.496917 	-0.00788178 	
3.86	-1.91105 	3.50538 	9.96182 	-0.379207 	0.498317 	-0.00380112 	
3.865	-1.84487 	3.49968 	9.88959 	-0.377073 	0.493948 	-0.00408094 	
3.87	-1.79014 	3.43456 	9.76583 	-0.374354 	0.487659 	-0.000860161 	
3.875	-1.5036 	3.2459 	9.01621 	-0.348816 	0.447344 	-0.00434057 	
3.88	-1.23084 	3.02625 	8.26477 	-0.324001 	0.407427 	-0.00526678 	
3.885	-0.984489 	2.87587 	7.63532 	-0.302372 	0.373425 	-0.00879779 	
3.89	-0.752226 	2.70456 	7.0118 	-0.281496 	0.340127 	-0.0104668 	
3.895	-0.689658 	2.76292 	7.01903 	-0.281173 	0.339063 	-0.013727 	
3.9	-0.899433 	3.02464 	7.92269 	-0.313968 	0.385351 	-0.00783035 	
3.905	-0.794589 	2.99262 	7.80992 	-0.311912 	0.379035 	-0.00562527 	
3.91	-0.984865 	3.22514 	8.6089 	-0.341203 	0.421665 	-0.000636349 	
3.915	-0.873756 	3.15566 	8.38159 	-0.334592 	0.409677 	0.000457686 	
3.92	-1.06559 	3.36055 	9.09292 	-0.360183 	0.44816 	0.00421927 	
3.925	-0.955533 	3.2612 	8.78883 	-0.350579 	0.432438 	0.00487974 	
3.93	-1.13738 	3.45253 	9.43523 	-0.373434 	0.467568 	0.00744146 	
3.935	-1.01702 	3.32352 	9.05344 	-0.361 	0.447842 	0.00801413 	
3.94	-1.17815 	3.47014 	9.5724 	-0.379072 	0.4764 	0.0100974 	
3.945	-1.09028 	3.38022 	9.28724 	-0.369558 	0.461771 	0.00979326 	
3.95	-1.26432 	3.54213 	9.83603 	-0.388515 	0.491983 	0.0112669 	
3.955	-1.0035 	3.27743 	8.99895 	-0.360457 	0.447633 	0.0106444 	
3.96	-0.764062 	3.03002 	8.21688 	-0.334129 	0.406265 	0.00990699 	
3.965	-0.541908 	2.80074 	7.49211 	-0.309725 	0.367927 	0.00923222 	
3.97	-0.335809 	2.58825 	6.82042 	-0.287105 	0.332397 	0.00861408 	
3.975	-0.144624 	2.39133 	6.19791 	-0.266138 	0.299468 	0.00804724 	
3.98	0.0327148 	2.20882 	5.62097 	-0.246704 	0.268951 	0.00752693 	
3.985	0.197198 	2.03968 	5.08625 	-0.22869 	0.240668 	0.0070489 	
3.99	0.349833 	1.88336 	4.59095 	-0.211994 	0.214466 	0.00658086 	
3.995	0.353939 	1.93682 	4.74671 	-0.218351 	0.221818 	0.00833747 	
4	0.0836715 	2.38214 	6.12342 	-0.268113 	0.292028 	0.0145875 	
4.005	0.109903 	2.39849 	6.16459 	-0.27028 	0.293827 	0.0157262 	
4.01	-0.149172 	2.79064 	7.3852 	-0.313896 	0.357248 	0.0205618 	
4.015	0.0283588 	2.57892 	6.72132 	-0.29097 	0.322498 	0.0191138 	
4.02	0.193064 	2.38271 	6.10604 	-0.269719 	0.290293 	0.0177779 	
4.025	0.345855 	2.20087 	5.5358 	-0.250021 	0.260446 	0.0165448 	
4.03	0.487586 	2.03234 	5.00728 	-0.231763 	0.232784 	0.0154063 	
4.035	0.619026 	1.87673 	4.51787 	-0.214839 	0.207165 	0.0143125 	
4.04	0.587646 	1.92727 	4.66402 	-0.220508 	0.212461 	0.0153419 	
4.045	0.252667 	2.35859 	6.00206 	-0.268099 	0.275601 	0.0204208 	
4.05	0.285172 	2.15548 	6.05067 	-0.242858 	0.277746 	0.0168728 	
4.055	0.0756892 	1.92811 	7.27052 	-0.211206 	0.33938 	0.0114901 	
4.06	0.102829 	1.77343 	7.18639 	-0.192641 	0.335423 	0.00982516 	
4.065	-0.128251 	1.63749 	8.18732 	-0.172213 	0.387284 	0.00690485 	
4.07	-0.0942112 	1.53568 	7.98331 	-0.159997 	0.377176 	0.00600156 	
4.075	-0.346311 	1.4925 	8.83234 	-0.149429 	0.421508 	0.00428777 	
4.08	-0.298457 	1.40915 	8.55978 	-0.139686 	0.407847 	0.00377429 	
4.085	-0.570372 	1.41575 	9.3399 	-0.133683 	0.4489 	0.00169958 	
4.09	-0.502784 	1.31031 	9.04397 	-0.120807 	0.435038 	-0.00016233 	
4.095	-0.597185 	1.10224 	9.50204 	-0.0945851 	0.462645 	-0.00177271 	
4.1	-0.651966 	1.13163 	9.41746 	-0.0910341 	0.458867 	-0.00764737 	
4.105	-0.659086 	0.85989 	9.59509 	-0.0632099 	0.470324 	-0.00501757 	
4.11	-0.786817 	1.01223 	9.63451 	-0.0720693 	0.472159 	-0.0108502 	
4.115	-0.823543 	0.903847 	9.76009 	-0.0634208 	0.479048 	-0.0047255 	
4.12	-0.939753 	1.04991 	9.7806 	-0.0721298 	0.479964 	-0.0103965 	
4.125	-0.965093 	0.944161 	9.88042 	-0.0638915 	0.485503 	-0.00425473 	
4.13	-1.06898 	1.08307 	9.88328 	-0.0722902 	0.485542 	-0.00986864 	
4.135	-1.08274 	0.974535 	9.96562 	-0.0639208 	0.490173 	-0.00387057 	
4.14	-1.17574 	1.10795 	9.95531 	-0.072099 	0.489542 	-0.00943895 	
4.145	-1.17964 	0.996158 	10.0255 	-0.0635389 	0.493537 	-0.00356006 	
4.15	-1.26334 	1.12534 	10.0056 	-0.071583 	0.492407 	-0.0090739 	
4.155	-1.25904 	1.01065 	10.0672 	-0.0628479 	0.495947 	-0.00328835 	
4.16	-1.34301 	1.22733 	10.0212 	-0.0792058 	0.492789 	-0.0110222 	
4.165	-1.31814 	1.3219 	10.0013 	-0.0898768 	0.490105 	-0.0105736 	
4.17	-1.28995 	1.2995 	9.91646 	-0.083336 	0.485587 	-0.0131607 	
4.175	-1.308 	1.24077 	9.97591 	-0.0777554 	0.489037 	-0.011515 	
4.18	-1.34332 	1.25975 	9.96683 	-0.0787566 	0.488793 	-0.0125416 	
4.185	-1.35833 	1.20318 	10.0238 	-0.0734654 	0.492073 	-0.0106614 	
4.19	-1.38857 	1.22637 	10.0074 	-0.0749129 	0.491388 	-0.0117624 	
4.195	-1.39265 	1.1853 	10.0472 	-0.0711316 	0.493535 	-0.010126 	
4.2	-1.39198 	1.28813 	9.97524 	-0.0799253 	0.488937 	-0.0130732 	
4.205	-1.36995 	1.35985 	9.95344 	-0.0861537 	0.486651 	-0.0144156 	
4.21	-1.33394 	1.41685 	9.86732 	-0.0914287 	0.481226 	-0.0156219 	
4.215	-1.33549 	1.50836 	9.87353 	-0.100669 	0.480502 	-0.0167229 	
4.22	-1.35316 	1.65337 	9.83967 	-0.118014 	0.47758 	-0.0170491 	
4.225	-1.3384 	1.71263 	9.82704 	-0.122139 	0.475985 	-0.0190003 	
4.23	-1.26866 	1.61686 	9.73973 	-0.109523 	0.471557 	-0.0205921 	
4.235	-1.24865 	1.6171 	9.75421 	-0.109542 	0.471825 	-0.0207531 	
4.24	-1.19173 	1.53168 	9.6791 	-0.0979396 	0.468109 	-0.0224652 	
4.245	-1.17863 	1.53869 	9.7032 	-0.0988857 	0.468896 	-0.0224255 	
4.25	-1.12949 	1.45947 	9.63729 	-0.0880466 	0.465697 	-0.0240031 	
4.255	-1.12309 	1.47316 	9.66848 	-0.0898628 	0.46688 	-0.0238188 	
4.26	-1.08015 	1.39884 	9.60894 	-0.0796336 	0.464051 	-0.0252879 	
4.265	-1.07911 	1.41814 	9.64487 	-0.0821889 	0.465506 	-0.0249838 	
4.27	-1.0411 	1.34767 	9.58972 	-0.0724434 	0.462942 	-0.0263668 	
4.275	-1.04431 	1.37166 	9.62876 	-0.0756274 	0.464579 	-0.0259625 	
4.28	-1.0102 	1.30419 	9.57666 	-0.0662602 	0.462206 	-0.027278 	
4.285	-1.01678 	1.33212 	9.61766 	-0.0699817 	0.463964 	-0.0267888 	
4.29	-0.985734 	1.26692 	9.56771 	-0.0609052 	0.461732 	-0.0280521 	
4.295	-0.994951 	1.29818 	9.60992 	-0.0650891 	0.463567 	-0.0274901 	
4.3	-0.966314 	1.23468 	9.56148 	-0.0562304 	0.461439 	-0.028714 	
4.305	-0.977605 	1.26877 	9.60437 	-0.0608154 	0.463322 	-0.0280887 	
4.31	-0.950848 	1.2065 	9.55704 	-0.0521144 	0.461273 	-0.0292839 	
4.315	-0.963757 	1.24302 	9.60027 	-0.0570504 	0.463182 	-0.0286029 	
4.32	-0.938459 	1.18158 	9.55377 	-0.0484572 	0.461197 	-0.0297781 	
4.325	-0.952628 	1.22021 	9.59709 	-0.0537036 	0.463117 	-0.0290473 	
4.33	-0.92846 	1.15929 	9.55125 	-0.0451771 	0.461182 	-0.0302099 	
4.335	-0.943607 	1.19978 	9.59451 	-0.0507011 	0.463103 	-0.0294342 	
4.34	-0.920306 	1.13911 	9.54921 	-0.0422066 	0.461212 	-0.0305903 	
4.345	-0.936213 	1.18125 	9.5923 	-0.0479822 	0.463125 	-0.0297734 	
4.35	-0.91358 	1.12063 	9.54747 	-0.0394914 	0.461274 	-0.0309282 	
4.355	-0.930072 	1.16427 	9.5903 	-0.0454976 	0.463174 	-0.0300732 	
4.36	-0.907947 	1.10353 	9.54591 	-0.0369865 	0.461358 	-0.031231 	
4.365	-0.924895 	1.14853 	9.58845 	-0.0432069 	0.463242 	-0.0303402 	
4.37	-0.903156 	1.08753 	9.54448 	-0.0346556 	0.461459 	-0.0315047 	
4.375	-0.920455 	1.13381 	9.58668 	-0.0410774 	0.463323 	-0.03058 	
4.38	-0.899006 	1.07243 	9.54311 	-0.0324687 	0.461572 	-0.0317544 	
4.385	-0.916579 	1.11992 	9.58496 	-0.0390821 	0.463415 	-0.0307971 	
4.39	-0.89535 	1.05807 	9.54181 	-0.0304017 	0.461696 	-0.0319841 	
4.395	-0.913135 	1.10671 	9.58328 	-0.037199 	0.463515 	-0.0309954 	
4.4	-0.892069 	1.0443 	9.54054 	-0.0284345 	0.461829 	-0.0321974 	
4.405	-0.91002 	1.09406 	9.58162 	-0.0354102 	0.463623 	-0.0311781 	
4.41	-0.889074 	1.03101 	9.53931 	-0.0265506 	0.461969 	-0.032397 	
4.415	-0.907157 	1.08187 	9.57998 	-0.0337009 	0.463736 	-0.0313476 	
4.42	-0.8863 	1.01814 	9.53812 	-0.0247369 	0.462115 	-0.0325853 	
4.425	-0.904489 	1.07007 	9.57837 	-0.0320592 	0.463855 	-0.0315061 	
4.43	-0.883697 	1.0056 	9.53697 	-0.0229824 	0.462268 	-0.0327642 	
4.435	-0.901972 	1.05859 	9.57679 	-0.0304749 	0.463979 	-0.0316555 	
4.44	-0.881225 	0.993335 	9.53587 	-0.0212777 	0.462426 	-0.0329353 	
4.445	-0.899569 	1.0474 	9.57524 	-0.02894 	0.464108 	-0.0317971 	
4.45	-0.878857 	0.981312 	9.53481 	-0.0196155 	0.462591 	-0.0331 	
4.455	-0.897262 	1.03644 	9.57373 	-0.0274479 	0.464241 	-0.0319323 	
4.46	-0.892173 	0.940023 	9.55858 	-0.0154738 	0.464505 	-0.0328101 	
4.465	-0.963906 	0.918719 	9.67687 	-0.0170909 	0.471617 	-0.030238 	
4.47	-0.953643 	0.874793 	9.64197 	-0.00992197 	0.470314 	-0.0315467 	
4.475	-0.948884 	0.915966 	9.64851 	-0.0161782 	0.470161 	-0.0303033 	
4.48	-0.935696 	0.872578 	9.61578 	-0.00937632 	0.468907 	-0.0314942 	
4.485	-0.946322 	0.924694 	9.63142 	-0.0164741 	0.469348 	-0.0305883 	
4.49	-0.930676 	0.877241 	9.60031 	-0.00927891 	0.468172 	-0.0317565 	
4.495	-0.941266 	0.92884 	9.61743 	-0.0163811 	0.468688 	-0.0308314 	
4.5	-0.925035 	0.878983 	9.58807 	-0.00891191 	0.467614 	-0.0320285 	
4.505	-0.9354 	0.93012 	9.60596 	-0.0160312 	0.468169 	-0.0310731 	
4.51	-0.918862 	0.87821 	9.57811 	-0.00831897 	0.467185 	-0.0322974 	
4.515	-0.92916 	0.929196 	9.59648 	-0.0154853 	0.467764 	-0.0313109 	
4.52	-0.912483 	0.875471 	9.56993 	-0.0075512 	0.466861 	-0.0325609 	
4.525	-0.922825 	0.926553 	9.58857 	-0.0147888 	0.467453 	-0.031543 	
4.53	-0.906121 	0.871194 	9.56318 	-0.00664822 	0.466625 	-0.0328178 	
4.535	-0.91658 	0.922572 	9.58193 	-0.0139767 	0.467221 	-0.031768 	
4.54	-0.899922 	0.865713 	9.55757 	-0.00564094 	0.466462 	-0.033067 	
4.545	-0.910546 	0.917547 	9.57631 	-0.0130765 	0.467056 	-0.031985 	
4.55	-0.893986 	0.859288 	9.55291 	-0.00455309 	0.466362 	-0.0333082 	
4.555	-0.904799 	0.911709 	9.57153 	-0.0121092 	0.466947 	-0.0321936 	
4.56	-0.888364 	0.852122 	9.54902 	-0.00340342 	0.466315 	-0.033541 	
4.565	-0.899377 	0.905237 	9.56743 	-0.0110912 	0.466886 	-0.0323935 	
4.57	-0.883086 	0.844377 	9.54578 	-0.00220641 	0.466314 	-0.0337656 	
4.575	-0.894303 	0.898279 	9.56392 	-0.0100357 	0.466867 	-0.0325848 	
4.58	-0.878164 	0.836181 	9.5431 	-0.000973522 	0.466353 	-0.0339821 	
4.585	-0.88958 	0.890945 	9.5609 	-0.0089529 	0.466884 	-0.0327678 	
4.59	-0.873591 	0.827631 	9.54088 	0.000286422 	0.466427 	-0.0341909 	
4.595	-0.885196 	0.883323 	9.5583 	-0.0078504 	0.466932 	-0.0329426 	
4.6	-0.869351 	0.818804 	9.53906 	0.00156684 	0.466531 	-0.0343923 	
4.605	-0.881135 	0.875483 	9.55604 	-0.00673444 	0.467007 	-0.0331097 	
4.61	-0.865432 	0.809766 	9.53759 	0.00286188 	0.466662 	-0.0345868 	
4.615	-0.877385 	0.867488 	9.5541 	-0.00561042 	0.467106 	-0.0332694 	
4.62	-0.861813 	0.800566 	9.53642 	0.00416755 	0.466817 	-0.0347748 	
4.625	-0.873919 	0.859375 	9.55242 	-0.0044817 	0.467227 	-0.0334223 	
4.63	-0.858466 	0.79124 	9.53551 	0.00548063 	0.466993 	-0.0349569 	
4.635	-0.870711 	0.851182 	9.55097 	-0.00335126 	0.467365 	-0.0335686 	
4.64	-0.85537 	0.781821 	9.53483 	0.00679847 	0.467187 	-0.0351333 	
4.645	-0.867745 	0.842937 	9.54971 	-0.00222161 	0.467521 	-0.0337088 	
4.65	-0.852506 	0.772333 	9.53436 	0.00811923 	0.467398 	-0.0353046 	
4.655	-0.864996 	0.834663 	9.54863 	-0.00109446 	0.467691 	-0.0338433 	
4.66	-0.849851 	0.762797 	9.53408 	0.0094412 	0.467625 	-0.0354712 	
4.665	-0.862446 	0.826379 	9.54771 	2.85257e-05 	0.467874 	-0.0339726 	
4.67	-0.847386 	0.753229 	9.53395 	0.0107633 	0.467866 	-0.0356335 	
4.675	-0.860078 	0.818101 	9.54694 	0.00114618 	0.468069 	-0.0340969 	
4.68	-0.845097 	0.743641 	9.534 	0.0120845 	0.468119 	-0.0357919 	
4.685	-0.857872 	0.80984 	9.54628 	0.00225776 	0.468274 	-0.0342166 	
4.69	-0.842959 	0.734042 	9.53416 	0.0134042 	0.468384 	-0.0359467 	
4.695	-0.855811 	0.801603 	9.54573 	0.00336256 	0.468489 	-0.0343319 	
4.7	-0.841711 	0.733608 	9.52729 	0.0145242 	0.468218 	-0.0367014 	
4.705	-0.871158 	0.908191 	9.52109 	-0.00630145 	0.466517 	-0.0361334 	
4.71	-0.900551 	1.07072 	9.51803 	-0.0245424 	0.465117 	-0.0363531 	
4.715	-0.938323 	1.24457 	9.52252 	-0.0458402 	0.464151 	-0.0353518 	
4.72	-0.987254 	1.41494 	9.54524 	-0.066522 	0.464307 	-0.0346767 	
4.725	-1.02216 	1.56611 	9.54946 	-0.0854728 	0.463525 	-0.0336686 	
4.73	-1.06155 	1.71171 	9.56583 	-0.103763 	0.463471 	-0.0327344 	
4.735	-1.08459 	1.82585 	9.56778 	-0.119383 	0.462769 	-0.031159 	
4.74	-1.06267 	1.80483 	9.56015 	-0.118817 	0.462345 	-0.0303374 	
4.745	-0.9262 	1.53134 	9.40005 	-0.0823256 	0.455523 	-0.0361952 	
4.75	-0.719828 	1.26957 	9.11076 	-0.0486147 	0.441177 	-0.0429915 	
4.755	-0.549735 	1.00007 	8.94459 	-0.0123222 	0.433513 	-0.0503531 	
4.76	-0.385599 	0.769655 	8.71932 	0.017569 	0.422618 	-0.0559947 	
4.765	-0.240807 	0.528989 	8.61005 	0.0505291 	0.417851 	-0.0629252 	
4.77	-0.200808 	0.497624 	8.62853 	0.0545698 	0.418593 	-0.0642684 	
4.775	-0.392552 	0.834667 	9.08536 	0.0126231 	0.440159 	-0.0589396 	
4.78	-0.395348 	0.916049 	8.91112 	0.00432292 	0.430683 	-0.0590858 	
4.785	-0.549116 	1.20813 	9.25035 	-0.0328326 	0.4465 	-0.0542183 	
4.79	-0.530346 	1.2528 	9.03445 	-0.0353447 	0.435328 	-0.0555723 	
4.795	-0.602332 	1.33609 	9.26519 	-0.0427556 	0.446956 	-0.0542926 	
4.8	-0.567394 	1.38043 	9.07699 	-0.0524552 	0.436763 	-0.050691 	
4.805	-0.648937 	1.45528 	9.30493 	-0.0576747 	0.448554 	-0.0508298 	
4.81	-0.606034 	1.48824 	9.10591 	-0.0661398 	0.437817 	-0.0473825 	
4.815	-0.682474 	1.55515 	9.32803 	-0.0704388 	0.449334 	-0.0477756 	
4.82	-0.634739 	1.57891 	9.12078 	-0.0777919 	0.438212 	-0.0445664 	
4.825	-0.706933 	1.63914 	9.33945 	-0.0813154 	0.449568 	-0.0451608 	
4.83	-0.684146 	1.71116 	9.15326 	-0.0953087 	0.43929 	-0.0416254 	
4.835	-0.841193 	1.92996 	9.45199 	-0.120282 	0.454048 	-0.0409958 	
4.84	-0.816987 	1.97906 	9.25856 	-0.131081 	0.443659 	-0.0380744 	
4.845	-0.972949 	2.13244 	9.59465 	-0.147844 	0.460983 	-0.0378164 	
4.85	-0.951856 	1.91916 	9.51868 	-0.12695 	0.459474 	-0.036643 	
4.855	-0.999025 	1.71862 	9.74859 	-0.106516 	0.473954 	-0.0369629 	
4.86	-0.975874 	1.54484 	9.64509 	-0.089432 	0.470585 	-0.0361186 	
4.865	-1.04117 	1.42688 	9.85586 	-0.0777293 	0.483388 	-0.0357229 	
4.87	-1.04981 	1.4806 	9.72222 	-0.0855529 	0.476278 	-0.0334976 	
4.875	-1.13267 	1.61424 	9.89183 	-0.101357 	0.484291 	-0.0318795 	
4.88	-1.12394 	1.66007 	9.71182 	-0.108984 	0.474823 	-0.0307412 	
4.885	-1.22019 	1.78389 	9.89549 	-0.122941 	0.483925 	-0.0299124 	
4.89	-1.19231 	1.82296 	9.70298 	-0.129346 	0.473647 	-0.0292665 	
4.895	-1.27368 	2.00013 	9.86281 	-0.14957 	0.480847 	-0.0286785 	
4.9	-1.22986 	2.04953 	9.64908 	-0.15792 	0.469168 	-0.0274364 	
4.905	-1.32149 	2.21158 	9.82799 	-0.176548 	0.477635 	-0.026989 	
4.91	-1.23386 	2.19308 	9.56695 	-0.173903 	0.463644 	-0.0278523 	
4.915	-1.30697 	2.33977 	9.75242 	-0.193154 	0.472253 	-0.0254472 	
4.92	-1.2989 	2.38926 	9.57402 	-0.20034 	0.462955 	-0.0255244 	
4.925	-1.39427 	2.55106 	9.77729 	-0.220526 	0.472676 	-0.0238569 	
4.93	-1.35928 	2.5737 	9.58914 	-0.226271 	0.462694 	-0.0224489 	
4.935	-1.41818 	2.697 	9.70632 	-0.241591 	0.468041 	-0.021248 	
4.94	-1.15838 	2.54065 	8.95269 	-0.22598 	0.428738 	-0.0213498 	
4.945	-0.913065 	2.38275 	8.22271 	-0.210374 	0.39085 	-0.0214486 	
4.95	-0.798626 	2.36304 	7.93313 	-0.20981 	0.375048 	-0.0203829 	
4.955	-0.914458 	2.56265 	8.39449 	-0.236193 	0.397156 	-0.0154179 	
4.96	-0.686906 	2.40987 	7.71358 	-0.220019 	0.36191 	-0.0162455 	
4.965	-0.48413 	2.33269 	7.16279 	-0.206662 	0.332649 	-0.0200648 	
4.97	-0.433599 	2.31939 	7.02107 	-0.209419 	0.324988 	-0.0173135 	
4.975	-0.695623 	2.63843 	7.8988 	-0.247766 	0.36845 	-0.0124542 	
4.98	-0.65007 	2.64843 	7.76779 	-0.248733 	0.361195 	-0.0126458 	
4.985	-0.882726 	2.91457 	8.54138 	-0.282987 	0.399634 	-0.00698945 	
4.99	-0.826864 	2.88225 	8.3191 	-0.279728 	0.388247 	-0.00756433 	
4.995	-1.05553 	3.11919 	9.00684 	-0.309429 	0.422805 	-0.00356071 	
5	-0.974592 	3.04715 	8.7109 	-0.303361 	0.407829 	-0.00325388 	
5.005	-1.21968 	3.28067 	9.37719 	-0.33071 	0.441712 	-0.00116602 	
5.01	-1.14839 	3.20691 	9.1023 	-0.324845 	0.427932 	-0.000626442 	
5.015	-1.35141 	3.38789 	9.61637 	-0.345968 	0.454298 	0.000634364 	
5.02	-1.2952 	3.32039 	9.37086 	-0.340456 	0.442145 	0.00087822 	
5.025	-1.50376 	3.49565 	9.87635 	-0.360574 	0.468273 	0.00166819 	
5.03	-1.37784 	3.37312 	9.46263 	-0.348981 	0.447378 	0.0018345 	
5.035	-1.55402 	3.53445 	9.91484 	-0.367 	0.470538 	0.00245349 	
5.04	-1.42503 	3.40986 	9.50118 	-0.355057 	0.449619 	0.00259937 	
5.045	-1.58945 	3.56083 	9.92788 	-0.371884 	0.47146 	0.00319673 	
5.05	-1.45684 	3.43346 	9.51101 	-0.35952 	0.450357 	0.00331044 	
5.055	-1.61403 	3.57843 	9.92488 	-0.375647 	0.471523 	0.00391629 	
5.06	-1.46379 	3.44392 	9.48003 	-0.362077 	0.448847 	0.00387067 	
5.065	-1.58846 	3.5856 	9.85865 	-0.376894 	0.4678 	0.00423394 	
5.07	-1.50539 	3.47692 	9.55122 	-0.367966 	0.453315 	0.00510797 	
5.075	-1.81883 	3.7199 	10.2998 	-0.394351 	0.494316 	0.00474869 	
5.08	-1.70277 	3.64127 	9.88408 	-0.378584 	0.473625 	-0.00150248 	
5.085	-2.01209 	3.81892 	10.6438 	-0.4083 	0.515598 	0.00553643 	
5.09	-1.86853 	3.7685 	10.131 	-0.386295 	0.489346 	-0.00732117 	
5.095	-2.17577 	3.88489 	10.8965 	-0.41885 	0.531984 	0.00637965 	
5.1	-2.00823 	3.86259 	10.3017 	-0.391398 	0.500965 	-0.012488 	
5.105	-2.31398 	3.92726 	11.0813 	-0.426879 	0.544575 	0.00726925 	
5.11	-2.12556 	3.93187 	10.4176 	-0.394702 	0.509489 	-0.0169866 	
5.115	-2.45781 	3.86494 	11.3497 	-0.443699 	0.561932 	0.0226369 	
5.12	-2.11292 	3.57467 	10.4002 	-0.411271 	0.512411 	0.0209817 	
5.125	-1.79291 	3.30566 	9.52026 	-0.381212 	0.466517 	0.0194607 	
5.13	-1.49602 	3.05637 	8.70485 	-0.35335 	0.423985 	0.0180621 	
5.135	-1.2206 	2.82535 	7.94919 	-0.327524 	0.384568 	0.0167752 	
5.14	-0.965126 	2.61125 	7.24889 	-0.303586 	0.348037 	0.0155903 	
5.145	-0.729993 	2.43144 	6.61494 	-0.28143 	0.314788 	0.0132337 	
5.15	-0.515577 	2.30201 	6.05753 	-0.260956 	0.285186 	0.00852518 	
5.155	-0.312679 	2.14493 	5.51074 	-0.241911 	0.256529 	0.00669116 	
5.16	-0.128792 	2.0438 	5.04804 	-0.224764 	0.231823 	0.0023324 	
5.165	-0.101061 	2.09502 	5.17201 	-0.230278 	0.237539 	0.00393971 	
5.17	-0.360248 	2.50374 	6.40269 	-0.275861 	0.299873 	0.00993791 	
5.175	-0.318557 	2.52525 	6.43692 	-0.277987 	0.301072 	0.0109525 	
5.18	-0.578408 	2.89054 	7.54132 	-0.318438 	0.357436 	0.0155505 	
5.185	-0.523322 	2.84521 	7.40103 	-0.313944 	0.350278 	0.0157601 	
5.19	-0.779417 	3.15029 	8.33159 	-0.347363 	0.398426 	0.0185686 	
5.195	-0.715368 	3.07722 	8.09757 	-0.339405 	0.385714 	0.0179944 	
5.2	-0.980374 	3.33933 	8.88022 	-0.367366 	0.424241 	0.0192247 	
5.205	-0.911901 	3.24663 	8.61224 	-0.358279 	0.410243 	0.0190902 	
5.21	-1.15313 	3.46992 	9.25516 	-0.38036 	0.442207 	0.0183896 	
5.215	-0.91326 	3.23387 	8.51948 	-0.354662 	0.4044 	0.016939 	
5.22	-0.559891 	3.0318 	7.83741 	-0.333445 	0.366764 	0.0190046 	
5.225	0.039276 	2.74819 	7.17746 	-0.323166 	0.326254 	0.0403687 	
5.23	0.0473143 	2.7125 	7.06097 	-0.318253 	0.321246 	0.0387147 	
5.235	-0.294228 	3.03202 	8.01004 	-0.350004 	0.371885 	0.0375653 	
5.24	-0.262606 	2.97801 	7.83169 	-0.343342 	0.362512 	0.0362214 	
5.245	-0.580171 	3.26371 	8.66575 	-0.371762 	0.404371 	0.0353151 	
5.25	-0.533455 	3.17966 	8.39429 	-0.361349 	0.390655 	0.0330838 	
5.255	-0.810866 	3.42223 	9.09383 	-0.384814 	0.425912 	0.0316107 	
5.26	-0.753039 	3.32444 	8.80077 	-0.37361 	0.412115 	0.0297269 	
5.265	-1.02301 	3.54329 	9.47964 	-0.396004 	0.449246 	0.0287814 	
5.27	-0.943829 	3.43133 	9.14355 	-0.383514 	0.432974 	0.0271717 	
5.275	-1.202 	3.63083 	9.76733 	-0.403944 	0.467231 	0.0261056 	
5.28	-1.10921 	3.50918 	9.40126 	-0.390528 	0.449221 	0.0246308 	
5.285	-1.35338 	3.69126 	9.97444 	-0.409213 	0.480792 	0.0235385 	
5.29	-1.24919 	3.56253 	9.58589 	-0.395124 	0.461446 	0.0221938 	
5.295	-1.48191 	3.73141 	10.12 	-0.412471 	0.490926 	0.0210842 	
5.3	-1.20627 	3.46375 	9.28118 	-0.38296 	0.447479 	0.0192618 	
5.305	-0.956597 	3.23079 	8.51366 	-0.355378 	0.407682 	0.0162449 	
5.31	-0.720938 	2.99071 	7.77621 	-0.32945 	0.369642 	0.0148817 	
5.315	-0.50178 	2.76468 	7.08895 	-0.305363 	0.334219 	0.0138333 	
5.32	-0.298482 	2.5552 	6.45202 	-0.283036 	0.301392 	0.0128681 	
5.325	-0.10991 	2.36107 	5.86171 	-0.262342 	0.270968 	0.0119788 	
5.33	0.0649899 	2.18115 	5.31461 	-0.24316 	0.242772 	0.0111591 	
5.335	0.2272 	2.01441 	4.80755 	-0.22538 	0.21664 	0.010403 	
5.34	0.377635 	1.85987 	4.33758 	-0.2089 	0.192421 	0.00970527 	
5.345	0.519277 	1.70716 	3.91307 	-0.194741 	0.170582 	0.0107187 	
5.35	0.654881 	1.54662 	3.5418 	-0.183853 	0.151556 	0.0149822 	
5.355	0.72083 	1.32351 	3.75732 	-0.156657 	0.162829 	0.0112687 	
5.36	0.674969 	0.911458 	5.14456 	-0.10378 	0.234809 	0.0023005 	
5.365	0.73112 	0.741239 	5.22388 	-0.082336 	0.239495 	-0.000768217 	
5.37	0.662183 	0.390704 	6.42614 	-0.0358877 	0.30332 	-0.00869027 	
5.375	0.713098 	0.269613 	6.34075 	-0.0209642 	0.299536 	-0.0102343 	
5.38	0.624932 	-0.0133767 	7.26777 	0.0174821 	0.349575 	-0.0161469 	
5.385	0.672089 	-0.0964221 	7.0829 	0.0278429 	0.340714 	-0.0169843 	
5.39	0.567715 	-0.327261 	7.84292 	0.0607846 	0.382716 	-0.0219519 	
5.395	0.614076 	-0.382597 	7.59465 	0.0678046 	0.370451 	-0.0223718 	
5.4	0.500211 	-0.577701 	8.24529 	0.0969428 	0.406925 	-0.026749 	
5.405	0.548336 	-0.611941 	7.9541 	0.101213 	0.392274 	-0.0267811 	
5.41	0.431211 	-0.77983 	8.52749 	0.127409 	0.424739 	-0.0307617 	
5.415	0.482598 	-0.797248 	8.2058 	0.129405 	0.408325 	-0.0304941 	
5.42	0.365713 	-0.944034 	8.72423 	0.153292 	0.437861 	-0.0342131 	
5.425	0.421084 	-0.947903 	8.38091 	0.153394 	0.420141 	-0.0337162 	
5.43	0.306361 	-1.07818 	8.86038 	0.175445 	0.447541 	-0.0372665 	
5.435	0.366325 	-1.071 	8.5009 	0.173914 	0.4288 	-0.0365749 	
5.44	0.255455 	-1.18792 	8.95012 	0.1944 	0.454494 	-0.0399922 	
5.445	0.33203 	-1.19328 	8.56698 	0.193902 	0.434364 	-0.0393813 	
5.45	0.259479 	-1.36342 	8.95933 	0.220248 	0.45701 	-0.0433332 	
5.455	0.359195 	-1.38889 	8.55156 	0.221513 	0.435415 	-0.042737 	
5.46	0.34107 	-1.63681 	8.88139 	0.255984 	0.454695 	-0.0467879 	
5.465	0.434414 	-1.64077 	8.47967 	0.25471 	0.433297 	-0.046106 	
5.47	0.408693 	-1.86522 	8.814 	0.286869 	0.452732 	-0.0503446 	
5.475	0.496812 	-1.85125 	8.41796 	0.283432 	0.431528 	-0.0495672 	
5.48	0.465821 	-2.05618 	8.75891 	0.313791 	0.451233 	-0.0541068 	
5.485	0.549452 	-2.02727 	8.36769 	0.308473 	0.430194 	-0.0531923 	
5.49	0.511659 	-2.21628 	8.7161 	0.337271 	0.450261 	-0.0578281 	
5.495	0.567613 	-2.10981 	8.34641 	0.324661 	0.429939 	-0.0569238 	
5.5	0.478202 	-2.09392 	8.73731 	0.335678 	0.450941 	-0.0631169 	
5.505	0.536338 	-1.99571 	8.36722 	0.323212 	0.430644 	-0.0619022 	
5.51	0.449434 	-1.98532 	8.75764 	0.334342 	0.451678 	-0.067995 	
5.515	0.516644 	-1.88316 	8.34014 	0.320332 	0.428461 	-0.0663686 	
5.52	0.438729 	-1.86299 	8.67033 	0.329314 	0.445224 	-0.0721418 	
5.525	0.477014 	-1.81948 	8.43691 	0.321918 	0.432404 	-0.0701769 	
5.53	0.425191 	-1.77004 	8.63528 	0.326506 	0.442034 	-0.0758119 	
5.535	0.465696 	-1.73397 	8.4024 	0.319255 	0.429074 	-0.0736006 	
5.54	0.407162 	-1.64212 	8.60327 	0.318787 	0.43858 	-0.079012 	
5.545	0.333845 	-1.27972 	8.49484 	0.274499 	0.429876 	-0.0757825 	
5.55	0.00312101 	-0.708707 	9.15003 	0.220324 	0.460431 	-0.0805258 	
5.555	-0.0139255 	-0.644993 	9.11255 	0.207756 	0.457712 	-0.0776037 	
5.56	-0.309517 	-0.098476 	9.5408 	0.15583 	0.477054 	-0.0827866 	
5.565	-0.344748 	0.151485 	9.41418 	0.120875 	0.468186 	-0.0774289 	
5.57	-0.627361 	0.623902 	9.80835 	0.0755672 	0.486564 	-0.0820332 	
5.575	-0.548218 	0.745343 	9.46536 	0.0523859 	0.466721 	-0.0750291 	
5.58	-0.703806 	1.07346 	9.62917 	0.0181959 	0.473362 	-0.0762072 	
5.585	-0.917869 	1.37156 	9.93353 	-0.0188706 	0.488061 	-0.0730918 	
5.59	-0.915522 	1.47494 	9.71735 	-0.0311267 	0.476049 	-0.0719788 	
5.595	-1.15463 	1.74968 	10.1252 	-0.0659352 	0.496455 	-0.0680861 	
5.6	-1.14177 	1.80105 	9.89306 	-0.0733938 	0.484099 	-0.0664466 	
5.605	-1.36319 	2.02311 	10.2812 	-0.102557 	0.503859 	-0.0622478 	
5.61	-1.33644 	2.03499 	10.0332 	-0.106155 	0.490967 	-0.0603618 	
5.615	-1.60677 	2.27616 	10.5055 	-0.135819 	0.515543 	-0.0579458 	
5.62	-1.68963 	2.37085 	10.4382 	-0.145882 	0.512548 	-0.0594322 	
5.625	-1.73479 	2.3883 	10.5546 	-0.155617 	0.518293 	-0.0514513 	
5.63	-1.80102 	2.45486 	10.4645 	-0.162657 	0.514254 	-0.0529386 	
5.635	-1.84939 	2.46816 	10.6157 	-0.172413 	0.521813 	-0.0447407 	
5.64	-1.88875 	2.482 	10.5601 	-0.173103 	0.519725 	-0.0475873 	
5.645	-1.72666 	2.13413 	10.3825 	-0.135686 	0.512273 	-0.0485157 	
5.65	-1.55489 	1.81629 	10.1454 	-0.103167 	0.501619 	-0.0483557 	
5.655	-1.41464 	1.51374 	10.0232 	-0.0696626 	0.49764 	-0.0499773 	
5.66	-1.27153 	1.23447 	9.87287 	-0.0399531 	0.49184 	-0.0504535 	
5.665	-1.15193 	0.984773 	9.78251 	-0.0112582 	0.489063 	-0.0522659 	
5.67	-1.02851 	0.754115 	9.65793 	0.013976 	0.484207 	-0.0529376 	
5.675	-0.926881 	0.549545 	9.58911 	0.0384601 	0.482184 	-0.0548786 	
5.68	-0.820854 	0.359514 	9.48364 	0.0598475 	0.478013 	-0.0556602 	
5.685	-0.734899 	0.192204 	9.43201 	0.0807683 	0.476599 	-0.0576765 	
5.69	-0.641132 	0.0403882 	9.32556 	0.0982459 	0.471855 	-0.0584414 	
5.695	-0.561708 	-0.0816909 	9.23958 	0.114159 	0.467411 	-0.0602518 	
5.7	-0.484645 	-0.205774 	9.1496 	0.128834 	0.462821 	-0.0609664 	
5.705	-0.418779 	-0.305722 	9.0845 	0.142602 	0.459451 	-0.0628449 	
5.71	-0.351844 	-0.410165 	9.01303 	0.155302 	0.455791 	-0.0636221 	
5.715	-0.295681 	-0.491821 	8.96466 	0.167225 	0.453269 	-0.0655468 	
5.72	-0.255223 	-0.478041 	8.89963 	0.166796 	0.449049 	-0.0658761 	
5.725	-0.344434 	-0.105936 	8.96539 	0.12803 	0.449295 	-0.0662634 	
5.73	-0.560124 	0.298869 	9.28019 	0.083772 	0.463463 	-0.0658578 	
5.735	-0.63136 	0.591679 	9.32073 	0.0527127 	0.463071 	-0.0654096 	
5.74	-0.832752 	0.906201 	9.60359 	0.0169936 	0.476445 	-0.0638698 	
5.745	-0.888155 	1.11259 	9.607 	-0.00602358 	0.47494 	-0.0623161 	
5.75	-1.075 	1.35063 	9.85643 	-0.0344267 	0.487303 	-0.0599776 	
5.755	-1.11399 	1.49184 	9.82897 	-0.0512031 	0.484759 	-0.0577982 	
5.76	-1.28591 	1.6726 	10.0512 	-0.073926 	0.496208 	-0.0550841 	
5.765	-1.30855 	1.76542 	9.99882 	-0.0859055 	0.492736 	-0.0526294 	
5.77	-1.43455 	1.83622 	10.1676 	-0.0966497 	0.502168 	-0.050819 	
5.775	-1.26769 	1.57417 	9.92154 	-0.0687041 	0.490444 	-0.0520165 	
5.78	-1.15621 	1.2777 	9.85116 	-0.0370572 	0.488543 	-0.0524005 	
5.785	-1.02677 	1.05744 	9.6411 	-0.0132284 	0.478695 	-0.0533493 	
5.79	-0.929562 	0.805836 	9.59778 	0.0142766 	0.477866 	-0.0540206 	
5.795	-0.816912 	0.628146 	9.41553 	0.0343092 	0.469196 	-0.0552517 	
5.8	-0.734674 	0.415255 	9.39764 	0.0583077 	0.469445 	-0.0561336 	
5.805	-0.636315 	0.273184 	9.23698 	0.0750721 	0.461689 	-0.0575637 	
5.81	-0.567425 	0.0925055 	9.23931 	0.0960662 	0.462811 	-0.0585727 	
5.815	-0.48155 	-0.0198102 	9.09545 	0.110015 	0.455769 	-0.0601263 	
5.82	-0.424443 	-0.17366 	9.11391 	0.128433 	0.4576 	-0.0612021 	
5.825	-0.349426 	-0.261125 	8.98316 	0.139959 	0.451118 	-0.0628235 	
5.83	-0.384838 	-0.276233 	9.13711 	0.143211 	0.459524 	-0.0638061 	
5.835	-0.582987 	0.115222 	9.36555 	0.101455 	0.469506 	-0.0643356 	
5.84	-0.671989 	0.423061 	9.46343 	0.0681338 	0.472109 	-0.0629113 	
5.845	-0.851576 	0.741575 	9.65556 	0.0336554 	0.480841 	-0.0630327 	
5.85	-0.924035 	0.971283 	9.71793 	0.00770125 	0.482311 	-0.0608038 	
5.855	-1.08904 	1.21055 	9.88128 	-0.0193727 	0.490269 	-0.0599106 	
5.86	-1.14639 	1.37189 	9.91813 	-0.0388617 	0.491002 	-0.0569198 	
5.865	-1.29644 	1.55095 	10.058 	-0.0601329 	0.498238 	-0.0554604 	
5.87	-1.33846 	1.66136 	10.0737 	-0.0746244 	0.498263 	-0.0521267 	
5.875	-1.4737 	1.79553 	10.194 	-0.0913931 	0.504812 	-0.0504545 	
5.88	-1.43826 	1.76364 	10.1265 	-0.0896797 	0.501155 	-0.0479152 	
5.885	-1.34282 	1.47581 	10.0024 	-0.0575166 	0.496989 	-0.049851 	
5.89	-1.20224 	1.21199 	9.83266 	-0.029973 	0.489529 	-0.0503591 	
5.895	-1.08726 	0.975015 	9.71554 	-0.00352801 	0.484794 	-0.0517925 	
5.9	-0.969586 	0.754058 	9.57845 	0.0200971 	0.47881 	-0.0523539 	
5.905	-0.87015 	0.558603 	9.48877 	0.0428248 	0.47521 	-0.0540412 	
5.91	-0.768543 	0.374967 	9.3769 	0.0630509 	0.470308 	-0.0547844 	
5.915	-0.683629 	0.213953 	9.30951 	0.0826077 	0.467657 	-0.0566181 	
5.92	-0.596021 	0.0614954 	9.21732 	0.0999047 	0.463604 	-0.0574682 	
5.925	-0.52395 	-0.0707398 	9.16752 	0.116735 	0.461711 	-0.0593848 	
5.93	-0.448571 	-0.197175 	9.0908 	0.131511 	0.458334 	-0.0602844 	
5.935	-0.407503 	-0.223469 	9.05164 	0.136646 	0.456169 	-0.0613251 	
5.94	-0.487476 	0.0555307 	9.09614 	0.105827 	0.456298 	-0.059345 	
5.945	-0.705013 	0.444347 	9.41577 	0.0647785 	0.471107 	-0.0598853 	
5.95	-0.765126 	0.660486 	9.43297 	0.0401893 	0.470293 	-0.0575036 	
5.955	-0.967289 	0.973265 	9.7208 	0.0064121 	0.484148 	-0.0572832 	
5.96	-1.00972 	1.11435 	9.70077 	-0.0111564 	0.482066 	-0.0541105 	
5.965	-1.19686 	1.36102 	9.95648 	-0.0385718 	0.494854 	-0.0533401 	
5.97	-1.22144 	1.44521 	9.90571 	-0.0506558 	0.491624 	-0.0497863 	
