0	0.0490075 	0.0219193 	-2.01088 	0.262299 	0.529812 	-0.011542 	
0.005	0.0490075 	0.0219193 	-2.01088 	0.262299 	0.529812 	-0.011542 	
0.01	0.0490075 	0.0219193 	-2.01088 	0.262299 	0.529812 	-0.011542 	
0.015	0.0490071 	0.0219118 	-2.01087 	0.262299 	0.529812 	-0.0115415 	
0.02	0.0490069 	0.0219053 	-2.01087 	0.262299 	0.529812 	-0.011541 	
0.025	0.0490065 	0.0218973 	-2.01086 	0.262299 	0.529813 	-0.0115405 	
0.03	0.0490061 	0.0218874 	-2.01085 	0.2623 	0.529814 	-0.0115398 	
0.035	0.0490056 	0.0218757 	-2.01084 	0.2623 	0.529814 	-0.011539 	
0.04	0.049005 	0.0218621 	-2.01083 	0.2623 	0.529815 	-0.0115381 	
0.045	0.0490043 	0.0218468 	-2.01081 	0.2623 	0.529816 	-0.011537 	
0.05	0.0490035 	0.0218296 	-2.0108 	0.262301 	0.529817 	-0.0115359 	
0.055	0.0490027 	0.0218105 	-2.01078 	0.262301 	0.529819 	-0.0115346 	
0.06	0.0490018 	0.0217897 	-2.01076 	0.262301 	0.52982 	-0.0115331 	
0.065	0.0490008 	0.021767 	-2.01074 	0.262302 	0.529822 	-0.0115316 	
0.07	0.0489997 	0.0217425 	-2.01072 	0.262302 	0.529823 	-0.0115299 	
0.075	0.0489986 	0.0217161 	-2.01069 	0.262302 	0.529825 	-0.0115281 	
0.08	0.0489974 	0.0216879 	-2.01067 	0.262303 	0.529827 	-0.0115262 	
0.085	0.0489961 	0.021658 	-2.01064 	0.262303 	0.529829 	-0.0115242 	
0.09	0.0489947 	0.0216261 	-2.01061 	0.262304 	0.529831 	-0.011522 	
0.095	0.0489932 	0.0215925 	-2.01058 	0.262304 	0.529833 	-0.0115197 	
0.1	0.0489917 	0.0215571 	-2.01055 	0.262305 	0.529835 	-0.0115173 	
0.105	0.0489901 	0.0215198 	-2.01051 	0.262306 	0.529838 	-0.0115148 	
0.11	0.0489882 	0.0214768 	-2.01047 	0.262306 	0.52984 	-0.0115119 	
0.115	0.0489864 	0.0214357 	-2.01044 	0.262307 	0.529843 	-0.0115091 	
0.12	0.0489846 	0.0213928 	-2.0104 	0.262308 	0.529846 	-0.0115062 	
0.125	0.0489827 	0.0213481 	-2.01036 	0.262309 	0.529849 	-0.0115032 	
0.13	0.0489806 	0.0213015 	-2.01031 	0.262309 	0.529852 	-0.0115 	
0.135	0.0489786 	0.0212532 	-2.01027 	0.26231 	0.529855 	-0.0114968 	
0.14	0.0489764 	0.0212031 	-2.01022 	0.262311 	0.529858 	-0.0114934 	
0.145	0.0489742 	0.0211511 	-2.01017 	0.262312 	0.529862 	-0.0114899 	
0.15	0.0489719 	0.0210974 	-2.01012 	0.262313 	0.529865 	-0.0114863 	
0.155	0.0489695 	0.0210419 	-2.01007 	0.262314 	0.529869 	-0.0114826 	
0.16	0.0490694 	0.02076 	-2.0102 	0.262411 	0.531455 	-0.0108406 	
0.165	0.0490669 	0.0207009 	-2.01015 	0.262412 	0.531458 	-0.0108367 	
0.17	0.0490643 	0.0206399 	-2.01009 	0.262413 	0.531462 	-0.0108326 	
0.175	0.0490616 	0.0205772 	-2.01003 	0.262414 	0.531466 	-0.0108284 	
0.18	0.0490588 	0.0205128 	-2.00997 	0.262415 	0.53147 	-0.0108241 	
0.185	0.049056 	0.0204465 	-2.00991 	0.262416 	0.531475 	-0.0108197 	
0.19	0.0490531 	0.0203784 	-2.00985 	0.262417 	0.531479 	-0.0108152 	
0.195	0.0490502 	0.0203086 	-2.00978 	0.262418 	0.531483 	-0.0108105 	
0.2	0.0490471 	0.020237 	-2.00972 	0.262419 	0.531488 	-0.0108058 	
0.205	0.049044 	0.0201636 	-2.00965 	0.26242 	0.531493 	-0.010801 	
0.21	0.0490409 	0.0200884 	-2.00958 	0.262422 	0.531497 	-0.010796 	
0.215	0.0490376 	0.0200115 	-2.00951 	0.262423 	0.531502 	-0.0107909 	
0.22	0.0491362 	0.0197115 	-2.00961 	0.262525 	0.533066 	-0.0101554 	
0.225	0.0491328 	0.019631 	-2.00954 	0.262526 	0.533071 	-0.0101501 	
0.23	0.0491293 	0.0195488 	-2.00946 	0.262527 	0.533076 	-0.0101447 	
0.235	0.0491258 	0.0194649 	-2.00938 	0.262529 	0.533081 	-0.0101392 	
0.24	0.0491223 	0.0193792 	-2.00931 	0.26253 	0.533087 	-0.0101336 	
0.245	0.0491186 	0.0192917 	-2.00922 	0.262531 	0.533092 	-0.0101279 	
0.25	0.0491149 	0.0192025 	-2.00914 	0.262533 	0.533098 	-0.0101221 	
0.255	0.0491111 	0.0191116 	-2.00906 	0.262534 	0.533103 	-0.0101163 	
0.26	0.0491073 	0.019019 	-2.00897 	0.262536 	0.533109 	-0.0101103 	
0.265	0.0491034 	0.0189246 	-2.00888 	0.262537 	0.533115 	-0.0101042 	
0.27	0.0492084 	0.0185936 	-2.00898 	0.262652 	0.534772 	-0.00942822 	
0.275	0.0492044 	0.0184958 	-2.00889 	0.262653 	0.534778 	-0.00942193 	
0.28	0.0492003 	0.0183962 	-2.0088 	0.262655 	0.534784 	-0.00941555 	
0.285	0.0491962 	0.018295 	-2.0087 	0.262657 	0.53479 	-0.00940907 	
0.29	0.049192 	0.018192 	-2.00861 	0.262658 	0.534796 	-0.00940251 	
0.295	0.0491877 	0.0180873 	-2.00851 	0.26266 	0.534803 	-0.00939585 	
0.3	0.0491834 	0.0179809 	-2.00841 	0.262662 	0.534809 	-0.0093891 	
0.305	0.049179 	0.0178729 	-2.00831 	0.262663 	0.534816 	-0.00938226 	
0.31	0.0492794 	0.0175393 	-2.00839 	0.262779 	0.536395 	-0.00873575 	
0.315	0.0492749 	0.0174278 	-2.00828 	0.26278 	0.536402 	-0.00872873 	
0.32	0.0492703 	0.0173146 	-2.00818 	0.262782 	0.536408 	-0.00872162 	
0.325	0.0492657 	0.0171998 	-2.00807 	0.262784 	0.536415 	-0.00871443 	
0.33	0.049261 	0.0170833 	-2.00796 	0.262786 	0.536422 	-0.00870716 	
0.335	0.0492563 	0.0169652 	-2.00786 	0.262788 	0.536429 	-0.0086998 	
0.34	0.0492516 	0.0168454 	-2.00774 	0.26279 	0.536436 	-0.00869237 	
0.345	0.0493503 	0.0165045 	-2.0078 	0.262908 	0.537983 	-0.00805698 	
0.35	0.0493455 	0.0163814 	-2.00769 	0.26291 	0.53799 	-0.00804938 	
0.355	0.0493405 	0.0162566 	-2.00757 	0.262912 	0.537997 	-0.0080417 	
0.36	0.0493356 	0.0161302 	-2.00745 	0.262914 	0.538004 	-0.00803395 	
0.365	0.0493306 	0.0160021 	-2.00734 	0.262916 	0.538012 	-0.00802612 	
0.37	0.0493255 	0.0158724 	-2.00721 	0.262918 	0.538019 	-0.00801822 	
0.375	0.0493204 	0.0157411 	-2.00709 	0.26292 	0.538027 	-0.00801025 	
0.38	0.049429 	0.0153693 	-2.00716 	0.263056 	0.539708 	-0.0073175 	
0.385	0.0494237 	0.0152348 	-2.00703 	0.263058 	0.539716 	-0.00730938 	
0.39	0.0494185 	0.0150986 	-2.0069 	0.26306 	0.539724 	-0.00730119 	
0.395	0.0494132 	0.0149609 	-2.00677 	0.263062 	0.539731 	-0.00729294 	
0.4	0.0494079 	0.0148215 	-2.00664 	0.263064 	0.539739 	-0.00728462 	
0.405	0.0494025 	0.0146805 	-2.00651 	0.263066 	0.539747 	-0.00727624 	
0.41	0.0495053 	0.0143127 	-2.00655 	0.263201 	0.541333 	-0.00662047 	
0.415	0.0494999 	0.0141685 	-2.00642 	0.263203 	0.541341 	-0.00661196 	
0.42	0.0494944 	0.0140228 	-2.00628 	0.263205 	0.541349 	-0.00660339 	
0.425	0.0494888 	0.0138756 	-2.00615 	0.263207 	0.541357 	-0.00659476 	
0.43	0.0494833 	0.0137267 	-2.00601 	0.263209 	0.541365 	-0.00658607 	
0.435	0.0494777 	0.0135764 	-2.00587 	0.263212 	0.541373 	-0.00657734 	
0.44	0.0495874 	0.0131863 	-2.00591 	0.26336 	0.543047 	-0.00588332 	
0.445	0.0495817 	0.0130328 	-2.00577 	0.263362 	0.543055 	-0.00587447 	
0.45	0.049576 	0.0128778 	-2.00562 	0.263364 	0.543064 	-0.00586556 	
0.455	0.0495702 	0.0127213 	-2.00547 	0.263367 	0.543072 	-0.00585661 	
0.46	0.0495645 	0.0125632 	-2.00533 	0.263369 	0.54308 	-0.00584761 	
0.465	0.0495587 	0.0124037 	-2.00518 	0.263371 	0.543089 	-0.00583857 	
0.47	0.0496766 	0.0119894 	-2.00522 	0.263536 	0.544867 	-0.00509927 	
0.475	0.0496708 	0.0118267 	-2.00507 	0.263539 	0.544875 	-0.00509013 	
0.48	0.0496649 	0.0116627 	-2.00491 	0.263541 	0.544883 	-0.00508095 	
0.485	0.0496589 	0.0114971 	-2.00476 	0.263543 	0.544892 	-0.00507172 	
0.49	0.049653 	0.01133 	-2.0046 	0.263546 	0.5449 	-0.00506246 	
0.495	0.049759 	0.0109346 	-2.00462 	0.2637 	0.546493 	-0.00439756 	
0.5	0.0497529 	0.0107646 	-2.00446 	0.263702 	0.546501 	-0.00438822 	
0.505	0.0497469 	0.0105931 	-2.00429 	0.263705 	0.54651 	-0.00437884 	
0.51	0.0497408 	0.0104202 	-2.00413 	0.263707 	0.546518 	-0.00436944 	
0.515	0.0497348 	0.0102459 	-2.00397 	0.26371 	0.546527 	-0.00436 	
0.52	0.0498449 	0.00983661 	-2.00398 	0.263875 	0.548164 	-0.00367458 	
0.525	0.0498387 	0.00965936 	-2.00381 	0.263877 	0.548172 	-0.00366508 	
0.53	0.0498326 	0.0094807 	-2.00365 	0.263879 	0.548181 	-0.00365555 	
0.535	0.0498264 	0.00930063 	-2.00348 	0.263882 	0.54819 	-0.003646 	
0.54	0.0498203 	0.00911914 	-2.0033 	0.263884 	0.548198 	-0.00363643 	
0.545	0.0499362 	0.00869309 	-2.00332 	0.264063 	0.549901 	-0.0029213 	
0.55	0.04993 	0.00850879 	-2.00314 	0.264065 	0.54991 	-0.00291167 	
0.555	0.0499237 	0.00832312 	-2.00297 	0.264068 	0.549918 	-0.00290204 	
0.56	0.0499175 	0.00813608 	-2.00279 	0.26407 	0.549927 	-0.00289238 	
0.565	0.0499113 	0.00794766 	-2.00261 	0.264073 	0.549936 	-0.00288272 	
0.57	0.0500332 	0.00750491 	-2.00262 	0.264266 	0.551705 	-0.00213736 	
0.575	0.0500269 	0.00731374 	-2.00244 	0.264268 	0.551713 	-0.00212766 	
0.58	0.0500207 	0.00712127 	-2.00226 	0.264271 	0.551722 	-0.00211795 	
0.585	0.0500144 	0.00692745 	-2.00208 	0.264273 	0.551731 	-0.00210823 	
0.59	0.0500081 	0.0067323 	-2.00189 	0.264276 	0.551739 	-0.00209851 	
0.595	0.0501361 	0.00627323 	-2.0019 	0.264484 	0.553574 	-0.0013233 	
0.6	0.0501298 	0.00607541 	-2.00171 	0.264486 	0.553582 	-0.00131356 	
0.605	0.0501235 	0.00587632 	-2.00153 	0.264489 	0.553591 	-0.00130382 	
0.61	0.0501172 	0.00567593 	-2.00134 	0.264491 	0.553599 	-0.00129408 	
0.615	0.0502256 	0.00525208 	-2.00131 	0.264674 	0.555151 	-0.0006351 	
0.62	0.0502192 	0.0050491 	-2.00112 	0.264676 	0.555159 	-0.000625357 	
0.625	0.0502129 	0.00484486 	-2.00092 	0.264679 	0.555168 	-0.00061562 	
0.63	0.0502066 	0.00463937 	-2.00073 	0.264682 	0.555177 	-0.000605893 	
0.635	0.0503165 	0.00420921 	-2.0007 	0.264871 	0.556735 	5.79834e-05 	
0.64	0.0503102 	0.00400119 	-2.0005 	0.264873 	0.556744 	6.77019e-05 	
0.645	0.0503039 	0.00379195 	-2.0003 	0.264876 	0.556752 	7.74071e-05 	
0.65	0.0502976 	0.00358149 	-2.0001 	0.264878 	0.55676 	8.70964e-05 	
0.655	0.0504113 	0.00314112 	-2.00006 	0.265078 	0.558354 	0.000767847 	
0.66	0.050405 	0.0029282 	-1.99986 	0.265081 	0.558362 	0.000777515 	
0.665	0.0503987 	0.0027141 	-1.99966 	0.265083 	0.558371 	0.000787162 	
0.67	0.0503924 	0.00249881 	-1.99945 	0.265086 	0.558379 	0.000796787 	
0.675	0.0505101 	0.0020481 	-1.99942 	0.265297 	0.560009 	0.00149536 	
0.68	0.0505038 	0.00183042 	-1.99921 	0.265299 	0.560017 	0.00150495 	
0.685	0.0504975 	0.0016116 	-1.999 	0.265302 	0.560026 	0.00151452 	
0.69	0.0504913 	0.00139162 	-1.99879 	0.265304 	0.560034 	0.00152405 	
0.695	0.050613 	0.000930808 	-1.99875 	0.265526 	0.5617 	0.00224028 	
0.7	0.0506068 	0.000708519 	-1.99854 	0.265529 	0.561708 	0.00224976 	
0.705	0.0506006 	0.000485126 	-1.99833 	0.265531 	0.561716 	0.00225922 	
0.71	0.0505944 	0.000260611 	-1.99811 	0.265534 	0.561724 	0.00226864 	
0.715	0.0507201 	-0.000210013 	-1.99807 	0.265768 	0.563425 	0.00300222 	
0.72	0.050714 	-0.000436766 	-1.99785 	0.26577 	0.563433 	0.00301158 	
0.725	0.0507078 	-0.000664584 	-1.99764 	0.265772 	0.563441 	0.0030209 	
0.73	0.0507017 	-0.000893487 	-1.99742 	0.265775 	0.563449 	0.00303017 	
0.735	0.0508315 	-0.00137362 	-1.99737 	0.266021 	0.565184 	0.0037808 	
0.74	0.0508254 	-0.00160468 	-1.99715 	0.266023 	0.565191 	0.00379001 	
0.745	0.0508194 	-0.00183678 	-1.99693 	0.266026 	0.565199 	0.00379916 	
0.75	0.0508134 	-0.00206991 	-1.99671 	0.266028 	0.565206 	0.00380827 	
0.755	0.0509472 	-0.00255925 	-1.99666 	0.266286 	0.566974 	0.00457562 	
0.76	0.0509412 	-0.00279447 	-1.99643 	0.266289 	0.566981 	0.00458464 	
0.765	0.0509353 	-0.00303068 	-1.99621 	0.266291 	0.566989 	0.00459361 	
0.77	0.0509294 	-0.0032679 	-1.99598 	0.266293 	0.566996 	0.00460253 	
0.775	0.0510673 	-0.00376611 	-1.99593 	0.266564 	0.568795 	0.00538626 	
0.78	0.0510614 	-0.00400534 	-1.9957 	0.266566 	0.568802 	0.00539508 	
0.785	0.0510556 	-0.00424551 	-1.99547 	0.266569 	0.568809 	0.00540384 	
0.79	0.0510498 	-0.00448665 	-1.99524 	0.266571 	0.568816 	0.00541254 	
0.795	0.0511918 	-0.00499342 	-1.99519 	0.266855 	0.570645 	0.00621231 	
0.8	0.0511861 	-0.00523649 	-1.99495 	0.266857 	0.570652 	0.0062209 	
0.805	0.0511804 	-0.00548046 	-1.99472 	0.266859 	0.570658 	0.00622942 	
0.81	0.0511747 	-0.00572536 	-1.99448 	0.266861 	0.570665 	0.00623788 	
0.815	0.0513208 	-0.00624037 	-1.99443 	0.267158 	0.572523 	0.00705333 	
0.82	0.0513152 	-0.00648712 	-1.99419 	0.26716 	0.57253 	0.00706167 	
0.825	0.0513096 	-0.00673473 	-1.99395 	0.267163 	0.572536 	0.00706993 	
0.83	0.0513041 	-0.00698323 	-1.99371 	0.267165 	0.572542 	0.00707812 	
0.835	0.0514543 	-0.00750613 	-1.99366 	0.267475 	0.574428 	0.0079089 	
0.84	0.0514488 	-0.0077564 	-1.99342 	0.267477 	0.574434 	0.00791695 	
0.845	0.0514434 	-0.00800749 	-1.99317 	0.267479 	0.57444 	0.00792494 	
0.85	0.051438 	-0.00825942 	-1.99293 	0.267481 	0.574446 	0.00793284 	
0.855	0.0515923 	-0.00878988 	-1.99287 	0.267805 	0.576358 	0.00877856 	
0.86	0.051587 	-0.00904349 	-1.99263 	0.267807 	0.576364 	0.00878631 	
0.865	0.0515817 	-0.00929789 	-1.99238 	0.267809 	0.576369 	0.00879399 	
0.87	0.0515765 	-0.00955309 	-1.99213 	0.267811 	0.576375 	0.00880159 	
0.875	0.0517348 	-0.0100908 	-1.99207 	0.268148 	0.578312 	0.00966186 	
0.88	0.0517297 	-0.0103476 	-1.99182 	0.26815 	0.578317 	0.00966929 	
0.885	0.0517246 	-0.0106051 	-1.99157 	0.268152 	0.578322 	0.00967665 	
0.89	0.051849 	-0.0110842 	-1.99147 	0.268424 	0.579841 	0.0103547 	
0.895	0.051844 	-0.0113433 	-1.99122 	0.268426 	0.579846 	0.0103619 	
0.9	0.051839 	-0.0116031 	-1.99096 	0.268427 	0.57985 	0.010369 	
0.905	0.0518341 	-0.0118636 	-1.99071 	0.268429 	0.579855 	0.010376 	
0.91	0.0519958 	-0.0124066 	-1.99064 	0.268783 	0.58179 	0.0112413 	
0.915	0.051991 	-0.0126686 	-1.99038 	0.268785 	0.581794 	0.0112481 	
0.92	0.0519862 	-0.0129312 	-1.99013 	0.268787 	0.581798 	0.0112548 	
0.925	0.0521157 	-0.0134196 	-1.99002 	0.269077 	0.583343 	0.0119493 	
0.93	0.0521111 	-0.0136836 	-1.98976 	0.269078 	0.583346 	0.0119559 	
0.935	0.0521065 	-0.0139482 	-1.9895 	0.26908 	0.58335 	0.0119623 	
0.94	0.0522348 	-0.0144345 	-1.98939 	0.26937 	0.584866 	0.0126461 	
0.945	0.0522303 	-0.0147005 	-1.98913 	0.269372 	0.584869 	0.0126523 	
0.95	0.0522258 	-0.014967 	-1.98886 	0.269374 	0.584873 	0.0126585 	
0.955	0.052356 	-0.0154565 	-1.98875 	0.269671 	0.586395 	0.0133475 	
0.96	0.0523517 	-0.0157243 	-1.98848 	0.269673 	0.586398 	0.0133535 	
0.965	0.0523474 	-0.0159926 	-1.98822 	0.269674 	0.586401 	0.0133593 	
0.97	0.0524798 	-0.0164855 	-1.9881 	0.26998 	0.587933 	0.0140551 	
0.975	0.0524757 	-0.0167551 	-1.98784 	0.269981 	0.587936 	0.0140608 	
0.98	0.0524716 	-0.0170252 	-1.98757 	0.269983 	0.587939 	0.0140663 	
0.985	0.0526062 	-0.0175213 	-1.98745 	0.270297 	0.58948 	0.0147688 	
0.99	0.0526022 	-0.0177925 	-1.98718 	0.270298 	0.589482 	0.0147741 	
0.995	0.0525983 	-0.0180643 	-1.98691 	0.270299 	0.589485 	0.0147793 	
1	0.0527352 	-0.0185635 	-1.98679 	0.270621 	0.591035 	0.0154884 	
1.005	0.0527314 	-0.0188363 	-1.98652 	0.270622 	0.591037 	0.0154933 	
1.01	0.0527276 	-0.0191095 	-1.98625 	0.270624 	0.591039 	0.0154982 	
1.015	0.0528667 	-0.0196117 	-1.98613 	0.270954 	0.592598 	0.0162136 	
1.02	0.052863 	-0.019886 	-1.98586 	0.270955 	0.5926 	0.0162182 	
1.025	0.0528595 	-0.0201607 	-1.98558 	0.270956 	0.592601 	0.0162228 	
1.03	0.0530007 	-0.0206656 	-1.98546 	0.271294 	0.594168 	0.0169443 	
1.035	0.0529973 	-0.0209412 	-1.98518 	0.271295 	0.594169 	0.0169486 	
1.04	0.0529939 	-0.0212172 	-1.98491 	0.271296 	0.59417 	0.0169528 	
1.045	0.0531373 	-0.0217247 	-1.98478 	0.271643 	0.595744 	0.0176802 	
1.05	0.0531341 	-0.0220015 	-1.98451 	0.271644 	0.595745 	0.0176842 	
1.055	0.0531309 	-0.0222788 	-1.98423 	0.271644 	0.595745 	0.017688 	
1.06	0.0532764 	-0.0227886 	-1.9841 	0.271999 	0.597326 	0.0184212 	
1.065	0.0532734 	-0.0230666 	-1.98382 	0.272 	0.597326 	0.0184247 	
1.07	0.0532704 	-0.023345 	-1.98355 	0.272001 	0.597326 	0.0184282 	
1.075	0.053418 	-0.023857 	-1.98341 	0.272363 	0.598913 	0.0191669 	
1.08	0.0534151 	-0.0241361 	-1.98314 	0.272364 	0.598913 	0.0191701 	
1.085	0.0534123 	-0.0244154 	-1.98286 	0.272365 	0.598913 	0.0191731 	
1.09	0.0535621 	-0.0249295 	-1.98272 	0.272736 	0.600505 	0.0199171 	
1.095	0.0535594 	-0.0252095 	-1.98244 	0.272736 	0.600504 	0.01992 	
1.1	0.0535568 	-0.0254897 	-1.98216 	0.272736 	0.600503 	0.0199227 	
1.105	0.0537085 	-0.0260056 	-1.98203 	0.273116 	0.6021 	0.0206717 	
1.11	0.0537061 	-0.0262864 	-1.98175 	0.273116 	0.602099 	0.0206741 	
1.115	0.0537037 	-0.0265675 	-1.98146 	0.273116 	0.602098 	0.0206765 	
1.12	0.0538575 	-0.0270849 	-1.98133 	0.273503 	0.603699 	0.0214304 	
1.125	0.0538552 	-0.0273665 	-1.98104 	0.273503 	0.603697 	0.0214324 	
1.13	0.053853 	-0.0276483 	-1.98076 	0.273504 	0.603696 	0.0214343 	
1.135	0.0540087 	-0.0281672 	-1.98062 	0.273899 	0.6053 	0.0221929 	
1.14	0.0540067 	-0.0284494 	-1.98034 	0.273899 	0.605298 	0.0221945 	
1.145	0.0540047 	-0.0287318 	-1.98005 	0.273899 	0.605296 	0.0221961 	
1.15	0.0541624 	-0.0292519 	-1.97991 	0.274302 	0.606904 	0.022959 	
1.155	0.0541605 	-0.0295347 	-1.97963 	0.274302 	0.606901 	0.0229602 	
1.16	0.0541587 	-0.0298176 	-1.97934 	0.274301 	0.606899 	0.0229614 	
1.165	0.0543183 	-0.0303387 	-1.9792 	0.274712 	0.608509 	0.0237284 	
1.17	0.0543166 	-0.0306219 	-1.97891 	0.274712 	0.608506 	0.0237293 	
1.175	0.0543151 	-0.0309052 	-1.97863 	0.274712 	0.608503 	0.02373 	
1.18	0.0544765 	-0.0314271 	-1.97848 	0.27513 	0.610114 	0.024501 	
1.185	0.054475 	-0.0317107 	-1.9782 	0.27513 	0.610111 	0.0245014 	
1.19	0.0544737 	-0.0319943 	-1.97791 	0.275129 	0.610107 	0.0245018 	
1.195	0.0546369 	-0.0325169 	-1.97776 	0.275555 	0.61172 	0.0252764 	
1.2	0.0546357 	-0.0328007 	-1.97748 	0.275555 	0.611716 	0.0252765 	
1.205	0.0546345 	-0.0330845 	-1.97719 	0.275554 	0.611712 	0.0252764 	
1.21	0.0547995 	-0.0336075 	-1.97704 	0.275988 	0.613326 	0.0260545 	
1.215	0.0547985 	-0.0338914 	-1.97675 	0.275987 	0.613321 	0.0260541 	
1.22	0.0547975 	-0.0341753 	-1.97647 	0.275987 	0.613317 	0.0260536 	
1.225	0.0549642 	-0.0346986 	-1.97632 	0.276428 	0.61493 	0.0268349 	
1.23	0.0549634 	-0.0349825 	-1.97603 	0.276427 	0.614925 	0.0268341 	
1.235	0.0549627 	-0.0352665 	-1.97574 	0.276426 	0.61492 	0.0268332 	
1.24	0.055131 	-0.0357898 	-1.97559 	0.276874 	0.616533 	0.0276174 	
1.245	0.0551304 	-0.0360736 	-1.9753 	0.276873 	0.616528 	0.0276162 	
1.25	0.0551299 	-0.0363574 	-1.97501 	0.276872 	0.616522 	0.0276149 	
1.255	0.0552998 	-0.0368806 	-1.97486 	0.277328 	0.618134 	0.0284018 	
1.26	0.0552994 	-0.0371643 	-1.97457 	0.277327 	0.618128 	0.0284002 	
1.265	0.0552991 	-0.0374479 	-1.97428 	0.277326 	0.618122 	0.0283985 	
1.27	0.0554705 	-0.0379708 	-1.97413 	0.277788 	0.619732 	0.0291877 	
1.275	0.0554704 	-0.0382542 	-1.97384 	0.277787 	0.619725 	0.0291857 	
1.28	0.0554703 	-0.0385375 	-1.97355 	0.277785 	0.619719 	0.0291836 	
1.285	0.0556432 	-0.0390598 	-1.97339 	0.278255 	0.621326 	0.029975 	
1.29	0.0556432 	-0.0393429 	-1.9731 	0.278253 	0.621319 	0.0299726 	
1.295	0.0556434 	-0.0396258 	-1.97281 	0.278252 	0.621313 	0.0299701 	
1.3	0.0558177 	-0.0401473 	-1.97266 	0.278728 	0.622917 	0.0307633 	
1.305	0.055818 	-0.0404299 	-1.97237 	0.278726 	0.62291 	0.0307605 	
1.31	0.0558183 	-0.0407123 	-1.97208 	0.278725 	0.622902 	0.0307576 	
1.315	0.055994 	-0.041233 	-1.97192 	0.279207 	0.624503 	0.0315525 	
1.32	0.0559944 	-0.041515 	-1.97163 	0.279205 	0.624495 	0.0315493 	
1.325	0.055995 	-0.0417968 	-1.97134 	0.279204 	0.624487 	0.0315459 	
1.33	0.056172 	-0.0423163 	-1.97118 	0.279692 	0.626083 	0.0323421 	
1.335	0.0561726 	-0.0425977 	-1.97089 	0.27969 	0.626075 	0.0323385 	
1.34	0.0561733 	-0.0428788 	-1.9706 	0.279688 	0.626067 	0.0323348 	
1.345	0.0563516 	-0.043397 	-1.97044 	0.280183 	0.627658 	0.0331321 	
1.35	0.0563524 	-0.0436776 	-1.97015 	0.280181 	0.62765 	0.0331281 	
1.355	0.0563534 	-0.0439579 	-1.96986 	0.280179 	0.627641 	0.0331239 	
1.36	0.0565327 	-0.0444747 	-1.9697 	0.28068 	0.629227 	0.033922 	
1.365	0.0565338 	-0.0447544 	-1.96942 	0.280678 	0.629218 	0.0339176 	
1.37	0.0565349 	-0.0450337 	-1.96913 	0.280675 	0.629209 	0.033913 	
1.375	0.0567153 	-0.0455488 	-1.96897 	0.281182 	0.630789 	0.0347116 	
1.38	0.0567166 	-0.0458276 	-1.96868 	0.281179 	0.63078 	0.0347068 	
1.385	0.0567179 	-0.0461059 	-1.96839 	0.281177 	0.63077 	0.0347019 	
1.39	0.0568994 	-0.0466192 	-1.96823 	0.281689 	0.632344 	0.0355006 	
1.395	0.0569008 	-0.0468969 	-1.96794 	0.281686 	0.632334 	0.0354955 	
1.4	0.0569024 	-0.0471741 	-1.96765 	0.281684 	0.632324 	0.0354901 	
1.405	0.0570847 	-0.0476853 	-1.96749 	0.282201 	0.63389 	0.0362888 	
1.41	0.0570864 	-0.0479618 	-1.9672 	0.282198 	0.63388 	0.0362833 	
1.415	0.0570881 	-0.0482379 	-1.96691 	0.282196 	0.63387 	0.0362776 	
1.42	0.0572713 	-0.0487469 	-1.96675 	0.282718 	0.635429 	0.0370759 	
1.425	0.0572731 	-0.0490221 	-1.96646 	0.282715 	0.635418 	0.03707 	
1.43	0.057275 	-0.0492969 	-1.96618 	0.282712 	0.635407 	0.0370639 	
1.435	0.0574591 	-0.0498035 	-1.96601 	0.283239 	0.636958 	0.0378616 	
1.44	0.0574611 	-0.0500774 	-1.96573 	0.283236 	0.636947 	0.0378553 	
1.445	0.0574631 	-0.0503508 	-1.96544 	0.283233 	0.636936 	0.0378488 	
1.45	0.0576478 	-0.0508547 	-1.96528 	0.283764 	0.638477 	0.0386456 	
1.455	0.05765 	-0.0511272 	-1.96499 	0.283761 	0.638466 	0.0386389 	
1.46	0.0576523 	-0.0513991 	-1.96471 	0.283758 	0.638454 	0.0386321 	
1.465	0.0578376 	-0.0519003 	-1.96454 	0.284293 	0.639987 	0.0394276 	
1.47	0.0578399 	-0.0521712 	-1.96426 	0.28429 	0.639975 	0.0394205 	
1.475	0.0578424 	-0.0524415 	-1.96397 	0.284287 	0.639963 	0.0394134 	
1.48	0.0580282 	-0.0529398 	-1.96381 	0.284826 	0.641486 	0.0402073 	
1.485	0.0580307 	-0.053209 	-1.96353 	0.284823 	0.641474 	0.0401999 	
1.49	0.0580333 	-0.0534777 	-1.96324 	0.28482 	0.641461 	0.0401924 	
1.495	0.0582196 	-0.0539728 	-1.96308 	0.285363 	0.642974 	0.0409845 	
1.5	0.0582223 	-0.0542404 	-1.9628 	0.285359 	0.642961 	0.0409768 	
1.505	0.0582251 	-0.0545073 	-1.96252 	0.285356 	0.642949 	0.0409689 	
1.51	0.0584117 	-0.0549991 	-1.96235 	0.285902 	0.64445 	0.0417588 	
1.515	0.0584145 	-0.0552648 	-1.96207 	0.285898 	0.644437 	0.0417508 	
1.52	0.0584174 	-0.0555298 	-1.96179 	0.285895 	0.644424 	0.0417426 	
1.525	0.0586043 	-0.0560182 	-1.96162 	0.286444 	0.645914 	0.0425301 	
1.53	0.0586073 	-0.056282 	-1.96135 	0.28644 	0.645901 	0.0425217 	
1.535	0.0586104 	-0.0565451 	-1.96107 	0.286436 	0.645888 	0.0425132 	
1.54	0.0587975 	-0.0570298 	-1.9609 	0.286988 	0.647366 	0.0432979 	
1.545	0.0588006 	-0.0572916 	-1.96062 	0.286985 	0.647352 	0.0432892 	
1.55	0.0588038 	-0.0575527 	-1.96035 	0.286981 	0.647339 	0.0432804 	
1.555	0.058991 	-0.0580335 	-1.96018 	0.287535 	0.648804 	0.0440619 	
1.56	0.0589943 	-0.0582932 	-1.95991 	0.287531 	0.64879 	0.044053 	
1.565	0.0589976 	-0.0585522 	-1.95963 	0.287527 	0.648777 	0.0440439 	
1.57	0.0591847 	-0.059029 	-1.95947 	0.288084 	0.650229 	0.044822 	
1.575	0.0591882 	-0.0592866 	-1.95919 	0.28808 	0.650215 	0.0448128 	
1.58	0.0591917 	-0.0595433 	-1.95892 	0.288075 	0.650201 	0.0448034 	
1.585	0.0593787 	-0.060016 	-1.95875 	0.288634 	0.65164 	0.0455778 	
1.59	0.0593822 	-0.0602713 	-1.95848 	0.288629 	0.651626 	0.0455683 	
1.595	0.0593858 	-0.0605258 	-1.95821 	0.288625 	0.651612 	0.0455587 	
1.6	0.0595726 	-0.0609942 	-1.95805 	0.289185 	0.653037 	0.046329 	
1.605	0.0595763 	-0.0612471 	-1.95778 	0.289181 	0.653023 	0.0463192 	
1.61	0.0595801 	-0.0614992 	-1.95751 	0.289176 	0.653008 	0.0463094 	
1.615	0.0597666 	-0.0619631 	-1.95734 	0.289737 	0.654419 	0.0470754 	
1.62	0.0597704 	-0.0622135 	-1.95708 	0.289733 	0.654404 	0.0470653 	
1.625	0.0597742 	-0.0624632 	-1.95681 	0.289728 	0.65439 	0.0470552 	
1.63	0.0597781 	-0.062712 	-1.95654 	0.289723 	0.654375 	0.047045 	
1.635	0.0600186 	-0.063233 	-1.95641 	0.290454 	0.656191 	0.0480361 	
1.64	0.0600226 	-0.0634802 	-1.95614 	0.29045 	0.656176 	0.0480257 	
1.645	0.0600266 	-0.0637264 	-1.95588 	0.290445 	0.656161 	0.0480152 	
1.65	0.0602175 	-0.0641855 	-1.95572 	0.291025 	0.657579 	0.0487935 	
1.655	0.0602216 	-0.06443 	-1.95546 	0.29102 	0.657563 	0.0487829 	
1.66	0.0602257 	-0.0646735 	-1.9552 	0.291015 	0.657548 	0.0487722 	
1.665	0.0602299 	-0.0649162 	-1.95494 	0.29101 	0.657533 	0.0487615 	
1.67	0.0604691 	-0.0654248 	-1.9548 	0.291743 	0.659306 	0.0497392 	
1.675	0.0604732 	-0.0656656 	-1.95454 	0.291739 	0.65929 	0.0497283 	
1.68	0.0604775 	-0.0659055 	-1.95429 	0.291734 	0.659275 	0.0497174 	
1.685	0.0604818 	-0.0661445 	-1.95403 	0.291729 	0.659259 	0.0497064 	
1.69	0.0607246 	-0.0666507 	-1.9539 	0.292477 	0.661041 	0.0506951 	
1.695	0.0607289 	-0.0668878 	-1.95364 	0.292472 	0.661026 	0.050684 	
1.7	0.0607332 	-0.0671239 	-1.95339 	0.292467 	0.66101 	0.0506728 	
1.705	0.0607376 	-0.067359 	-1.95314 	0.292462 	0.660994 	0.0506616 	
1.71	0.0609793 	-0.0678575 	-1.953 	0.293209 	0.66275 	0.0516415 	
1.715	0.0609837 	-0.0680906 	-1.95275 	0.293204 	0.662734 	0.0516301 	
1.72	0.0609882 	-0.0683227 	-1.9525 	0.293199 	0.662718 	0.0516187 	
1.725	0.0609927 	-0.0685539 	-1.95225 	0.293194 	0.662702 	0.0516073 	
1.73	0.0612325 	-0.0690438 	-1.95212 	0.293939 	0.664427 	0.0525756 	
1.735	0.061237 	-0.0692729 	-1.95188 	0.293934 	0.664411 	0.052564 	
1.74	0.0612415 	-0.069501 	-1.95163 	0.293929 	0.664395 	0.0525524 	
1.745	0.0612461 	-0.069728 	-1.95138 	0.293924 	0.664379 	0.0525408 	
1.75	0.0614838 	-0.070209 	-1.95125 	0.294665 	0.666072 	0.0534965 	
1.755	0.0614884 	-0.0704339 	-1.95101 	0.29466 	0.666056 	0.0534848 	
1.76	0.061493 	-0.0706578 	-1.95077 	0.294655 	0.66604 	0.053473 	
1.765	0.0614976 	-0.0708805 	-1.95053 	0.29465 	0.666024 	0.0534612 	
1.77	0.0617329 	-0.0713524 	-1.9504 	0.295387 	0.667684 	0.0544036 	
1.775	0.0617376 	-0.071573 	-1.95016 	0.295381 	0.667668 	0.0543917 	
1.78	0.0617423 	-0.0717925 	-1.94992 	0.295376 	0.667651 	0.0543798 	
1.785	0.061747 	-0.0720108 	-1.94968 	0.295371 	0.667635 	0.0543679 	
1.79	0.0619796 	-0.0724732 	-1.94956 	0.296102 	0.669261 	0.0552961 	
1.795	0.0619844 	-0.0726894 	-1.94932 	0.296097 	0.669245 	0.0552841 	
1.8	0.0619891 	-0.0729044 	-1.94909 	0.296091 	0.669229 	0.0552721 	
1.805	0.0619939 	-0.0731183 	-1.94886 	0.296086 	0.669213 	0.0552601 	
1.81	0.0622236 	-0.073571 	-1.94873 	0.296811 	0.670804 	0.0561735 	
1.815	0.0622284 	-0.0737826 	-1.9485 	0.296806 	0.670788 	0.0561614 	
1.82	0.0622332 	-0.073993 	-1.94827 	0.2968 	0.670771 	0.0561493 	
1.825	0.062238 	-0.0742022 	-1.94804 	0.296795 	0.670755 	0.0561372 	
1.83	0.0624646 	-0.0746449 	-1.94791 	0.297513 	0.672311 	0.057035 	
1.835	0.0624694 	-0.0748518 	-1.94769 	0.297507 	0.672295 	0.0570228 	
1.84	0.0624743 	-0.0750575 	-1.94747 	0.297502 	0.672278 	0.0570107 	
1.845	0.0624791 	-0.075262 	-1.94724 	0.297496 	0.672262 	0.0569985 	
1.85	0.0627024 	-0.0756945 	-1.94712 	0.298206 	0.673782 	0.0578799 	
1.855	0.0627072 	-0.0758966 	-1.9469 	0.2982 	0.673765 	0.0578678 	
1.86	0.062712 	-0.0760975 	-1.94668 	0.298195 	0.673749 	0.0578556 	
1.865	0.0627169 	-0.0762971 	-1.94646 	0.298189 	0.673733 	0.0578434 	
1.87	0.0629365 	-0.0767191 	-1.94634 	0.29889 	0.675215 	0.0587077 	
1.875	0.0629414 	-0.0769163 	-1.94612 	0.298884 	0.675199 	0.0586955 	
1.88	0.0629462 	-0.0771122 	-1.94591 	0.298879 	0.675183 	0.0586833 	
1.885	0.062951 	-0.0773069 	-1.94569 	0.298873 	0.675167 	0.0586711 	
1.89	0.0631669 	-0.0777182 	-1.94557 	0.299564 	0.676611 	0.0595176 	
1.895	0.0631717 	-0.0779103 	-1.94536 	0.299558 	0.676595 	0.0595055 	
1.9	0.0631765 	-0.0781012 	-1.94515 	0.299553 	0.676579 	0.0594933 	
1.905	0.0631813 	-0.0782907 	-1.94495 	0.299547 	0.676563 	0.0594812 	
1.91	0.0633931 	-0.0786911 	-1.94483 	0.300227 	0.677968 	0.0603091 	
1.915	0.0633979 	-0.0788781 	-1.94462 	0.300221 	0.677952 	0.060297 	
1.92	0.0634027 	-0.0790638 	-1.94442 	0.300216 	0.677937 	0.0602849 	
1.925	0.0634075 	-0.0792482 	-1.94421 	0.30021 	0.677921 	0.0602728 	
1.93	0.063615 	-0.0796374 	-1.9441 	0.300878 	0.679287 	0.0610815 	
1.935	0.0636197 	-0.0798192 	-1.9439 	0.300872 	0.679271 	0.0610694 	
1.94	0.0636245 	-0.0799996 	-1.9437 	0.300867 	0.679255 	0.0610574 	
1.945	0.0636293 	-0.0801787 	-1.9435 	0.300861 	0.67924 	0.0610454 	
1.95	0.063634 	-0.0803564 	-1.94331 	0.300856 	0.679224 	0.0610334 	
1.955	0.0638806 	-0.080777 	-1.94321 	0.301657 	0.680846 	0.0619985 	
1.96	0.0638853 	-0.080952 	-1.94302 	0.301651 	0.68083 	0.0619866 	
1.965	0.06389 	-0.0811257 	-1.94283 	0.301646 	0.680815 	0.0619747 	
1.97	0.0638948 	-0.081298 	-1.94264 	0.30164 	0.680799 	0.0619629 	
1.975	0.0638995 	-0.081469 	-1.94245 	0.301635 	0.680784 	0.0619511 	
1.98	0.0641432 	-0.0818778 	-1.94236 	0.30243 	0.682373 	0.0629028 	
1.985	0.0641479 	-0.082046 	-1.94217 	0.302424 	0.682358 	0.062891 	
1.99	0.0641525 	-0.0822128 	-1.94199 	0.302419 	0.682343 	0.0628794 	
1.995	0.0641571 	-0.0823782 	-1.9418 	0.302414 	0.682328 	0.0628677 	
2	0.0641617 	-0.0825422 	-1.94162 	0.302408 	0.682313 	0.0628561 	
2.005	0.064398 	-0.0829347 	-1.94153 	0.303181 	0.68384 	0.0637759 	
2.01	0.0644026 	-0.0830959 	-1.94136 	0.303176 	0.683825 	0.0637644 	
2.015	0.0644071 	-0.0832557 	-1.94118 	0.303171 	0.68381 	0.063753 	
2.02	0.0644116 	-0.083414 	-1.941 	0.303166 	0.683796 	0.0637416 	
2.025	0.0644162 	-0.0835709 	-1.94083 	0.30316 	0.683781 	0.0637302 	
2.03	0.0646441 	-0.0839464 	-1.94074 	0.303908 	0.685242 	0.064615 	
2.035	0.0646486 	-0.0841004 	-1.94057 	0.303903 	0.685228 	0.0646038 	
2.04	0.064653 	-0.084253 	-1.9404 	0.303898 	0.685214 	0.0645926 	
2.045	0.0646574 	-0.0844042 	-1.94024 	0.303893 	0.685199 	0.0645815 	
2.05	0.0646618 	-0.0845539 	-1.94007 	0.303888 	0.685185 	0.0645705 	
2.055	0.064881 	-0.0849119 	-1.93999 	0.304609 	0.686579 	0.0654189 	
2.06	0.0648853 	-0.0850587 	-1.93982 	0.304604 	0.686565 	0.065408 	
2.065	0.0648896 	-0.085204 	-1.93966 	0.304599 	0.686551 	0.0653971 	
2.07	0.0648939 	-0.0853478 	-1.9395 	0.304594 	0.686537 	0.0653864 	
2.075	0.0648981 	-0.0854902 	-1.93935 	0.304589 	0.686524 	0.0653756 	
2.08	0.0649024 	-0.085631 	-1.93919 	0.304585 	0.68651 	0.065365 	
2.085	0.0651481 	-0.0860045 	-1.93912 	0.305399 	0.688068 	0.0663185 	
2.09	0.0651522 	-0.0861424 	-1.93897 	0.305394 	0.688054 	0.066308 	
2.095	0.0651563 	-0.0862788 	-1.93882 	0.305389 	0.688041 	0.0662976 	
2.1	0.0651604 	-0.0864136 	-1.93867 	0.305385 	0.688028 	0.0662872 	
2.105	0.0651645 	-0.086547 	-1.93852 	0.30538 	0.688015 	0.066277 	
2.11	0.0651686 	-0.0866788 	-1.93838 	0.305375 	0.688002 	0.0662668 	
2.115	0.0654045 	-0.0870321 	-1.93831 	0.30616 	0.689486 	0.0671803 	
2.12	0.0654084 	-0.0871609 	-1.93817 	0.306156 	0.689473 	0.0671703 	
2.125	0.0654124 	-0.0872882 	-1.93803 	0.306151 	0.68946 	0.0671604 	
2.13	0.0654163 	-0.0874139 	-1.93789 	0.306146 	0.689448 	0.0671505 	
2.135	0.0654201 	-0.0875381 	-1.93775 	0.306142 	0.689436 	0.0671408 	
2.14	0.065424 	-0.0876608 	-1.93761 	0.306138 	0.689424 	0.0671311 	
2.145	0.0656458 	-0.0879899 	-1.93756 	0.306878 	0.690808 	0.0679882 	
2.15	0.0656496 	-0.0881095 	-1.93742 	0.306874 	0.690796 	0.0679788 	
2.155	0.0656533 	-0.0882275 	-1.93729 	0.306869 	0.690784 	0.0679694 	
2.16	0.065657 	-0.088344 	-1.93716 	0.306865 	0.690772 	0.0679601 	
2.165	0.0656606 	-0.0884589 	-1.93703 	0.306861 	0.690761 	0.0679509 	
2.17	0.0656642 	-0.0885722 	-1.93691 	0.306857 	0.690749 	0.0679418 	
2.175	0.0656678 	-0.088684 	-1.93678 	0.306852 	0.690738 	0.0679329 	
2.18	0.0659035 	-0.089014 	-1.93674 	0.307644 	0.692202 	0.0688446 	
2.185	0.0659069 	-0.0891226 	-1.93662 	0.30764 	0.692191 	0.0688358 	
2.19	0.0659104 	-0.0892297 	-1.9365 	0.307636 	0.692181 	0.0688271 	
2.195	0.0659137 	-0.0893351 	-1.93638 	0.307632 	0.69217 	0.0688185 	
2.2	0.0659171 	-0.089439 	-1.93626 	0.307628 	0.692159 	0.0688101 	
2.205	0.0659204 	-0.0895413 	-1.93615 	0.307624 	0.692149 	0.0688017 	
2.21	0.0659237 	-0.089642 	-1.93604 	0.30762 	0.692139 	0.0687935 	
2.215	0.0661415 	-0.0899427 	-1.936 	0.308354 	0.693482 	0.0696348 	
2.22	0.0661447 	-0.0900402 	-1.93589 	0.30835 	0.693472 	0.0696268 	
2.225	0.0661478 	-0.0901361 	-1.93578 	0.308347 	0.693462 	0.0696188 	
2.23	0.0661509 	-0.0902304 	-1.93568 	0.308343 	0.693453 	0.0696111 	
2.235	0.0661539 	-0.090323 	-1.93557 	0.308339 	0.693443 	0.0696034 	
2.24	0.0661569 	-0.0904141 	-1.93547 	0.308336 	0.693434 	0.0695958 	
2.245	0.0661599 	-0.0905035 	-1.93537 	0.308332 	0.693425 	0.0695884 	
2.25	0.0661628 	-0.0905914 	-1.93527 	0.308329 	0.693415 	0.069581 	
2.255	0.0663817 	-0.0908791 	-1.93525 	0.309071 	0.69476 	0.0704273 	
2.26	0.0663845 	-0.0909637 	-1.93515 	0.309067 	0.694751 	0.0704202 	
2.265	0.0663873 	-0.0910466 	-1.93506 	0.309064 	0.694743 	0.0704132 	
2.27	0.06639 	-0.091128 	-1.93497 	0.309061 	0.694734 	0.0704064 	
2.275	0.0663926 	-0.0912076 	-1.93488 	0.309058 	0.694726 	0.0703997 	
2.28	0.0663952 	-0.0912857 	-1.93479 	0.309055 	0.694718 	0.0703931 	
2.285	0.0663978 	-0.0913621 	-1.93471 	0.309052 	0.69471 	0.0703866 	
2.29	0.0664003 	-0.0914369 	-1.93463 	0.309049 	0.694702 	0.0703803 	
2.295	0.0664027 	-0.09151 	-1.93454 	0.309046 	0.694694 	0.0703741 	
2.3	0.0664052 	-0.0915815 	-1.93446 	0.309043 	0.694687 	0.070368 	
2.305	0.0666349 	-0.0918618 	-1.93446 	0.309826 	0.696093 	0.0712583 	
2.31	0.0666372 	-0.09193 	-1.93438 	0.309823 	0.696086 	0.0712525 	
2.315	0.0666394 	-0.0919965 	-1.93431 	0.309821 	0.696079 	0.0712468 	
2.32	0.0666416 	-0.0920614 	-1.93423 	0.309818 	0.696072 	0.0712412 	
2.325	0.0666437 	-0.0921246 	-1.93416 	0.309816 	0.696065 	0.0712358 	
2.33	0.0666458 	-0.0921862 	-1.93409 	0.309813 	0.696059 	0.0712305 	
2.335	0.0666479 	-0.0922461 	-1.93403 	0.309811 	0.696053 	0.0712254 	
2.34	0.0666498 	-0.0923043 	-1.93396 	0.309808 	0.696046 	0.0712204 	
2.345	0.0666518 	-0.0923609 	-1.9339 	0.309806 	0.69604 	0.0712155 	
2.35	0.0666536 	-0.0924158 	-1.93384 	0.309804 	0.696035 	0.0712108 	
2.355	0.0666555 	-0.092469 	-1.93378 	0.309802 	0.696029 	0.0712062 	
2.36	0.0666572 	-0.0925205 	-1.93372 	0.3098 	0.696023 	0.0712017 	
2.365	0.0666589 	-0.0925704 	-1.93366 	0.309798 	0.696018 	0.0711974 	
2.37	0.0668863 	-0.092826 	-1.93368 	0.310578 	0.697406 	0.0720811 	
2.375	0.0668879 	-0.0928725 	-1.93363 	0.310576 	0.697401 	0.072077 	
2.38	0.0668894 	-0.0929174 	-1.93358 	0.310575 	0.697396 	0.0720731 	
2.385	0.0668909 	-0.0929605 	-1.93353 	0.310573 	0.697392 	0.0720693 	
2.39	0.0668923 	-0.093002 	-1.93348 	0.310571 	0.697387 	0.0720657 	
2.395	0.0668937 	-0.0930418 	-1.93344 	0.310569 	0.697383 	0.0720623 	
2.4	0.066895 	-0.09308 	-1.9334 	0.310568 	0.697379 	0.0720589 	
2.405	0.0668961 	-0.0931131 	-1.93336 	0.310566 	0.697375 	0.072056 	
2.41	0.0668974 	-0.0931511 	-1.93332 	0.310565 	0.697371 	0.0720527 	
2.415	0.0668985 	-0.0931812 	-1.93328 	0.310564 	0.697368 	0.0720501 	
2.42	0.0668995 	-0.0932124 	-1.93325 	0.310562 	0.697365 	0.0720473 	
2.425	0.0669006 	-0.0932423 	-1.93321 	0.310561 	0.697361 	0.0720447 	
2.43	0.0669015 	-0.0932704 	-1.93318 	0.31056 	0.697358 	0.0720422 	
2.435	0.0669025 	-0.0932969 	-1.93315 	0.310559 	0.697355 	0.0720399 	
2.44	0.0669033 	-0.0933217 	-1.93312 	0.310558 	0.697353 	0.0720377 	
2.445	0.0669041 	-0.0933448 	-1.9331 	0.310557 	0.69735 	0.0720357 	
2.45	0.0669049 	-0.0933662 	-1.93307 	0.310556 	0.697348 	0.0720338 	
2.455	0.0669056 	-0.0933859 	-1.93305 	0.310555 	0.697346 	0.0720321 	
2.46	0.0669062 	-0.0934039 	-1.93303 	0.310555 	0.697344 	0.0720305 	
2.465	0.0669067 	-0.0934202 	-1.93301 	0.310554 	0.697342 	0.0720291 	
2.47	0.0669073 	-0.0934349 	-1.933 	0.310553 	0.697341 	0.0720278 	
2.475	0.0669077 	-0.0934478 	-1.93298 	0.310553 	0.697339 	0.0720267 	
2.48	0.0669081 	-0.093459 	-1.93297 	0.310552 	0.697338 	0.0720257 	
2.485	0.0669084 	-0.0934685 	-1.93296 	0.310552 	0.697337 	0.0720248 	
2.49	0.0669087 	-0.0934764 	-1.93295 	0.310552 	0.697336 	0.0720241 	
2.495	0.0669089 	-0.0934825 	-1.93294 	0.310551 	0.697335 	0.0720236 	
2.5	0.0669091 	-0.0934869 	-1.93294 	0.310551 	0.697335 	0.0720232 	
2.505	0.0669091 	-0.0934869 	-1.93294 	0.310551 	0.697335 	0.0720232 	
2.51	0.0669092 	-0.0934904 	-1.93294 	0.310551 	0.697335 	0.0720229 	
2.515	0.0669092 	-0.0934904 	-1.93294 	0.310551 	0.697335 	0.0720229 	
2.52	0.0669092 	-0.0934904 	-1.93294 	0.310551 	0.697335 	0.0720229 	
2.525	0.0669092 	-0.0934904 	-1.93294 	0.310551 	0.697335 	0.0720229 	
2.53	0.0669063 	-0.093492 	-1.93293 	0.31055 	0.697329 	0.072024 	
2.535	0.0669044 	-0.0934928 	-1.93292 	0.31055 	0.697325 	0.0720248 	
2.54	0.0669022 	-0.0934937 	-1.93292 	0.31055 	0.69732 	0.0720256 	
2.545	0.0668996 	-0.0934948 	-1.93291 	0.310549 	0.697315 	0.0720266 	
2.55	0.0668966 	-0.093496 	-1.93291 	0.310549 	0.697309 	0.0720278 	
2.555	0.0668932 	-0.0934974 	-1.9329 	0.310548 	0.697303 	0.0720291 	
2.56	0.0668894 	-0.093499 	-1.93289 	0.310547 	0.697295 	0.0720306 	
2.565	0.0668853 	-0.0935007 	-1.93288 	0.310546 	0.697287 	0.0720323 	
2.57	0.0668807 	-0.0935026 	-1.93287 	0.310546 	0.697277 	0.0720341 	
2.575	0.0668757 	-0.0935047 	-1.93286 	0.310545 	0.697267 	0.072036 	
2.58	0.0668703 	-0.0935069 	-1.93285 	0.310544 	0.697257 	0.0720381 	
2.585	0.0668645 	-0.0935093 	-1.93284 	0.310543 	0.697245 	0.0720404 	
2.59	0.0668583 	-0.0935118 	-1.93282 	0.310541 	0.697233 	0.0720428 	
2.595	0.0668517 	-0.0935146 	-1.93281 	0.31054 	0.697219 	0.0720454 	
2.6	0.0668447 	-0.0935175 	-1.93279 	0.310539 	0.697205 	0.0720482 	
2.605	0.0668373 	-0.0935205 	-1.93277 	0.310537 	0.697191 	0.0720511 	
2.61	0.0670055 	-0.093644 	-1.9328 	0.311197 	0.698048 	0.0733141 	
2.615	0.0669973 	-0.0936474 	-1.93278 	0.311196 	0.698031 	0.0733172 	
2.62	0.0669887 	-0.093651 	-1.93276 	0.311194 	0.698014 	0.0733206 	
2.625	0.0669797 	-0.0936547 	-1.93274 	0.311192 	0.697996 	0.0733241 	
2.63	0.0669703 	-0.0936586 	-1.93272 	0.311191 	0.697977 	0.0733278 	
2.635	0.0669605 	-0.0936626 	-1.9327 	0.311189 	0.697958 	0.0733316 	
2.64	0.0669504 	-0.0936668 	-1.93268 	0.311187 	0.697938 	0.0733356 	
2.645	0.0669398 	-0.0936712 	-1.93265 	0.311185 	0.697916 	0.0733397 	
2.65	0.0669288 	-0.0936757 	-1.93263 	0.311183 	0.697894 	0.073344 	
2.655	0.0669174 	-0.0936804 	-1.93261 	0.311181 	0.697872 	0.0733485 	
2.66	0.0669057 	-0.0936853 	-1.93258 	0.311178 	0.697848 	0.0733531 	
2.665	0.0668935 	-0.0936903 	-1.93255 	0.311176 	0.697824 	0.0733578 	
2.67	0.066881 	-0.0936955 	-1.93252 	0.311174 	0.697799 	0.0733627 	
2.675	0.066868 	-0.0937009 	-1.9325 	0.311171 	0.697773 	0.0733678 	
2.68	0.0668547 	-0.0937064 	-1.93247 	0.311169 	0.697746 	0.073373 	
2.685	0.066841 	-0.093712 	-1.93243 	0.311166 	0.697719 	0.0733783 	
2.69	0.0667872 	-0.093588 	-1.93237 	0.311141 	0.696966 	0.0745499 	
2.695	0.0667727 	-0.093594 	-1.93233 	0.311138 	0.696937 	0.0745556 	
2.7	0.0667578 	-0.0936002 	-1.9323 	0.311135 	0.696907 	0.0745614 	
2.705	0.0667425 	-0.0936065 	-1.93227 	0.311132 	0.696877 	0.0745674 	
2.71	0.0667269 	-0.093613 	-1.93223 	0.311129 	0.696845 	0.0745735 	
2.715	0.0667108 	-0.0936197 	-1.9322 	0.311126 	0.696813 	0.0745797 	
2.72	0.0666944 	-0.0936265 	-1.93216 	0.311123 	0.69678 	0.0745861 	
2.725	0.0666776 	-0.0936335 	-1.93212 	0.31112 	0.696747 	0.0745927 	
2.73	0.0666604 	-0.0936406 	-1.93208 	0.311117 	0.696712 	0.0745994 	
2.735	0.0666429 	-0.0936479 	-1.93204 	0.311113 	0.696677 	0.0746063 	
2.74	0.0666249 	-0.0936553 	-1.932 	0.31111 	0.696641 	0.0746133 	
2.745	0.0665427 	-0.0935079 	-1.93191 	0.311013 	0.695709 	0.0757869 	
2.75	0.0665257 	-0.093515 	-1.93188 	0.31101 	0.695675 	0.0757936 	
2.755	0.0665049 	-0.0935236 	-1.93183 	0.311006 	0.695633 	0.0758017 	
2.76	0.0664872 	-0.093531 	-1.93179 	0.311002 	0.695598 	0.0758086 	
2.765	0.0664656 	-0.09354 	-1.93174 	0.310998 	0.695555 	0.0758171 	
2.77	0.0664453 	-0.0935484 	-1.9317 	0.310995 	0.695514 	0.075825 	
2.775	0.0664247 	-0.093557 	-1.93165 	0.310991 	0.695473 	0.075833 	
2.78	0.0664038 	-0.0935658 	-1.9316 	0.310987 	0.695431 	0.0758412 	
2.785	0.0663824 	-0.0935746 	-1.93156 	0.310983 	0.695388 	0.0758495 	
2.79	0.0662961 	-0.0934247 	-1.93146 	0.310878 	0.694432 	0.0770297 	
2.795	0.066274 	-0.0934339 	-1.93141 	0.310874 	0.694388 	0.0770383 	
2.8	0.0662516 	-0.0934433 	-1.93136 	0.310869 	0.694343 	0.0770471 	
2.805	0.0662288 	-0.0934528 	-1.93131 	0.310865 	0.694297 	0.077056 	
2.81	0.0662057 	-0.0934625 	-1.93126 	0.310861 	0.694251 	0.077065 	
2.815	0.0661822 	-0.0934723 	-1.93121 	0.310856 	0.694204 	0.0770742 	
2.82	0.0661583 	-0.0934823 	-1.93115 	0.310852 	0.694156 	0.0770835 	
2.825	0.0661341 	-0.0934925 	-1.9311 	0.310847 	0.694107 	0.077093 	
2.83	0.0660431 	-0.09334 	-1.93099 	0.310739 	0.693122 	0.0783018 	
2.835	0.0660182 	-0.0933505 	-1.93094 	0.310734 	0.693072 	0.0783116 	
2.84	0.0659929 	-0.0933611 	-1.93088 	0.310729 	0.693021 	0.0783214 	
2.845	0.0659673 	-0.0933718 	-1.93082 	0.310725 	0.69297 	0.0783314 	
2.85	0.0659413 	-0.0933828 	-1.93077 	0.31072 	0.692918 	0.0783416 	
2.855	0.065915 	-0.0933938 	-1.93071 	0.310715 	0.692865 	0.0783519 	
2.86	0.0658883 	-0.093405 	-1.93065 	0.31071 	0.692812 	0.0783623 	
2.865	0.0657963 	-0.0932572 	-1.93054 	0.310603 	0.691841 	0.0795473 	
2.87	0.0657689 	-0.0932688 	-1.93048 	0.310598 	0.691786 	0.079558 	
2.875	0.0657412 	-0.0932804 	-1.93042 	0.310593 	0.691731 	0.0795688 	
2.88	0.0657132 	-0.0932923 	-1.93035 	0.310587 	0.691674 	0.0795798 	
2.885	0.0656848 	-0.0933042 	-1.93029 	0.310582 	0.691617 	0.0795908 	
2.89	0.0656561 	-0.0933163 	-1.93023 	0.310577 	0.69156 	0.0796021 	
2.895	0.0655662 	-0.0931799 	-1.93011 	0.310476 	0.690644 	0.0807123 	
2.9	0.0655368 	-0.0931923 	-1.93005 	0.310471 	0.690585 	0.0807238 	
2.905	0.0655072 	-0.0932049 	-1.92998 	0.310465 	0.690525 	0.0807354 	
2.91	0.0654771 	-0.0932176 	-1.92991 	0.310459 	0.690465 	0.0807471 	
2.915	0.0654468 	-0.0932305 	-1.92985 	0.310454 	0.690404 	0.080759 	
2.92	0.0654161 	-0.0932435 	-1.92978 	0.310448 	0.690343 	0.0807709 	
2.925	0.0653208 	-0.0930998 	-1.92966 	0.310342 	0.689375 	0.0819438 	
2.93	0.0652895 	-0.0931131 	-1.92959 	0.310336 	0.689312 	0.081956 	
2.935	0.0652579 	-0.0931265 	-1.92952 	0.31033 	0.689248 	0.0819683 	
2.94	0.065226 	-0.0931401 	-1.92945 	0.310324 	0.689184 	0.0819808 	
2.945	0.0651937 	-0.0931538 	-1.92937 	0.310318 	0.689119 	0.0819934 	
2.95	0.0651611 	-0.0931677 	-1.9293 	0.310312 	0.689054 	0.0820061 	
2.955	0.0650599 	-0.0930153 	-1.92918 	0.310199 	0.688025 	0.0832528 	
2.96	0.0650267 	-0.0930294 	-1.9291 	0.310193 	0.687958 	0.0832658 	
2.965	0.0649932 	-0.0930437 	-1.92903 	0.310187 	0.687891 	0.0832789 	
2.97	0.0649594 	-0.0930582 	-1.92895 	0.310181 	0.687823 	0.0832921 	
2.975	0.0649253 	-0.0930727 	-1.92887 	0.310174 	0.687755 	0.0833054 	
2.98	0.0648298 	-0.0929387 	-1.92875 	0.310073 	0.686824 	0.084423 	
2.985	0.0647951 	-0.0929536 	-1.92867 	0.310066 	0.686754 	0.0844366 	
2.99	0.0647601 	-0.0929686 	-1.92859 	0.310059 	0.686684 	0.0844502 	
2.995	0.0647248 	-0.0929837 	-1.92851 	0.310053 	0.686613 	0.084464 	
3	0.0646892 	-0.092999 	-1.92843 	0.310046 	0.686542 	0.0844779 	
3.005	0.0645905 	-0.0928618 	-1.9283 	0.309942 	0.685584 	0.0856264 	
3.01	0.0645544 	-0.0928773 	-1.92822 	0.309935 	0.685511 	0.0856406 	
3.015	0.064518 	-0.092893 	-1.92814 	0.309928 	0.685438 	0.0856548 	
3.02	0.0644813 	-0.0929088 	-1.92806 	0.309921 	0.685365 	0.0856691 	
3.025	0.0644443 	-0.0929247 	-1.92798 	0.309914 	0.68529 	0.0856835 	
3.03	0.0643417 	-0.0927825 	-1.92784 	0.309806 	0.684295 	0.0868774 	
3.035	0.0643042 	-0.0927987 	-1.92776 	0.309799 	0.684219 	0.086892 	
3.04	0.0642663 	-0.092815 	-1.92767 	0.309792 	0.684143 	0.0869068 	
3.045	0.0642283 	-0.0928315 	-1.92759 	0.309785 	0.684067 	0.0869216 	
3.05	0.0641899 	-0.0928481 	-1.9275 	0.309778 	0.68399 	0.0869366 	
3.055	0.0640835 	-0.0927007 	-1.92736 	0.309665 	0.682957 	0.0881755 	
3.06	0.0640447 	-0.0927176 	-1.92727 	0.309658 	0.682879 	0.0881907 	
3.065	0.0640055 	-0.0927346 	-1.92718 	0.309651 	0.6828 	0.088206 	
3.07	0.0639661 	-0.0927517 	-1.92709 	0.309643 	0.682721 	0.0882213 	
3.075	0.0639265 	-0.0927689 	-1.92701 	0.309636 	0.682641 	0.0882368 	
3.08	0.0638164 	-0.0926168 	-1.92686 	0.30952 	0.681573 	0.089519 	
3.085	0.0637763 	-0.0926343 	-1.92677 	0.309513 	0.681492 	0.0895347 	
3.09	0.0637359 	-0.0926519 	-1.92668 	0.309505 	0.681411 	0.0895504 	
3.095	0.0636952 	-0.0926696 	-1.92659 	0.309497 	0.681329 	0.0895663 	
3.1	0.0635952 	-0.0925447 	-1.92645 	0.309398 	0.680413 	0.0906506 	
3.105	0.063554 	-0.0925627 	-1.92635 	0.30939 	0.68033 	0.0906667 	
3.11	0.0635127 	-0.0925808 	-1.92626 	0.309383 	0.680247 	0.0906828 	
3.115	0.0634711 	-0.092599 	-1.92617 	0.309375 	0.680163 	0.090699 	
3.12	0.0633699 	-0.0924744 	-1.92603 	0.309275 	0.679243 	0.0917865 	
3.125	0.0633279 	-0.0924929 	-1.92593 	0.309268 	0.679158 	0.0918029 	
3.13	0.0632856 	-0.0925114 	-1.92583 	0.30926 	0.679073 	0.0918194 	
3.135	0.0632431 	-0.0925301 	-1.92574 	0.309252 	0.678988 	0.0918359 	
3.14	0.0631398 	-0.0924033 	-1.92559 	0.30915 	0.678049 	0.0929455 	
3.145	0.0630969 	-0.0924222 	-1.9255 	0.309142 	0.677962 	0.0929623 	
3.15	0.0630537 	-0.0924412 	-1.9254 	0.309134 	0.677875 	0.0929791 	
3.155	0.0630103 	-0.0924604 	-1.9253 	0.309126 	0.677788 	0.092996 	
3.16	0.0629049 	-0.0923312 	-1.92515 	0.309023 	0.67683 	0.0941287 	
3.165	0.0628611 	-0.0923506 	-1.92505 	0.309015 	0.676741 	0.0941457 	
3.17	0.0628171 	-0.0923701 	-1.92495 	0.309006 	0.676653 	0.0941629 	
3.175	0.0627729 	-0.0923896 	-1.92485 	0.308998 	0.676564 	0.0941801 	
3.18	0.0626655 	-0.0922583 	-1.9247 	0.308893 	0.675587 	0.0953349 	
3.185	0.0626209 	-0.0922781 	-1.9246 	0.308885 	0.675497 	0.0953523 	
3.19	0.0625761 	-0.0922979 	-1.9245 	0.308876 	0.675407 	0.0953698 	
3.195	0.0625312 	-0.0923179 	-1.9244 	0.308868 	0.675316 	0.0953873 	
3.2	0.0624218 	-0.0921845 	-1.92424 	0.308761 	0.674321 	0.0965631 	
3.205	0.0623765 	-0.0922047 	-1.92414 	0.308752 	0.67423 	0.0965808 	
3.21	0.0623309 	-0.092225 	-1.92403 	0.308744 	0.674138 	0.0965985 	
3.215	0.0622852 	-0.0922454 	-1.92393 	0.308735 	0.674046 	0.0966164 	
3.22	0.0621741 	-0.09211 	-1.92377 	0.308627 	0.673034 	0.097812 	
3.225	0.062128 	-0.0921306 	-1.92367 	0.308618 	0.672941 	0.09783 	
3.23	0.0620818 	-0.0921513 	-1.92356 	0.308609 	0.672848 	0.097848 	
3.235	0.0620354 	-0.0921721 	-1.92346 	0.308601 	0.672754 	0.0978661 	
3.24	0.0619225 	-0.0920349 	-1.9233 	0.30849 	0.671727 	0.0990804 	
3.245	0.0618758 	-0.0920559 	-1.92319 	0.308482 	0.671633 	0.0990986 	
3.25	0.0618289 	-0.092077 	-1.92308 	0.308473 	0.671538 	0.0991169 	
3.255	0.0617818 	-0.0920982 	-1.92298 	0.308464 	0.671443 	0.0991352 	
3.26	0.0616674 	-0.0919594 	-1.92281 	0.308352 	0.670401 	0.100367 	
3.265	0.0616201 	-0.0919807 	-1.9227 	0.308344 	0.670306 	0.100385 	
3.27	0.0615726 	-0.0920022 	-1.9226 	0.308335 	0.67021 	0.100404 	
3.275	0.0615249 	-0.0920237 	-1.92249 	0.308326 	0.670114 	0.100422 	
3.28	0.061409 	-0.0918834 	-1.92232 	0.308213 	0.669058 	0.101671 	
3.285	0.0613611 	-0.0919051 	-1.92221 	0.308204 	0.668961 	0.101689 	
3.29	0.061313 	-0.0919269 	-1.9221 	0.308195 	0.668864 	0.101708 	
3.295	0.0612648 	-0.0919488 	-1.92199 	0.308186 	0.668767 	0.101727 	
3.3	0.0611476 	-0.0918072 	-1.92182 	0.308072 	0.667698 	0.10299 	
3.305	0.0610991 	-0.0918292 	-1.92171 	0.308063 	0.6676 	0.103009 	
3.31	0.0610506 	-0.0918513 	-1.9216 	0.308053 	0.667502 	0.103027 	
3.315	0.0610019 	-0.0918735 	-1.92149 	0.308044 	0.667404 	0.103046 	
3.32	0.0608834 	-0.0917307 	-1.92132 	0.307929 	0.666324 	0.104323 	
3.325	0.0608345 	-0.0917531 	-1.92121 	0.30792 	0.666225 	0.104342 	
3.33	0.0607854 	-0.0917755 	-1.9211 	0.307911 	0.666126 	0.104361 	
3.335	0.0607363 	-0.091798 	-1.92098 	0.307902 	0.666027 	0.10438 	
3.34	0.0606167 	-0.0916541 	-1.92081 	0.307785 	0.664936 	0.10567 	
3.345	0.0605673 	-0.0916768 	-1.9207 	0.307776 	0.664836 	0.105689 	
3.35	0.0605178 	-0.0916995 	-1.92059 	0.307767 	0.664737 	0.105708 	
3.355	0.0604683 	-0.0917222 	-1.92047 	0.307758 	0.664636 	0.105727 	
3.36	0.0603477 	-0.0915776 	-1.9203 	0.307641 	0.663536 	0.107028 	
3.365	0.0602979 	-0.0916005 	-1.92018 	0.307631 	0.663436 	0.107047 	
3.37	0.0602481 	-0.0916234 	-1.92007 	0.307622 	0.663335 	0.107067 	
3.375	0.0601982 	-0.0916465 	-1.91996 	0.307613 	0.663234 	0.107086 	
3.38	0.0600767 	-0.0915011 	-1.91978 	0.307495 	0.662126 	0.108396 	
3.385	0.0600267 	-0.0915242 	-1.91966 	0.307485 	0.662025 	0.108416 	
3.39	0.0599765 	-0.0915475 	-1.91955 	0.307476 	0.661923 	0.108435 	
3.395	0.0599263 	-0.0915707 	-1.91943 	0.307467 	0.661822 	0.108455 	
3.4	0.0598041 	-0.0914247 	-1.91926 	0.307348 	0.660706 	0.109774 	
3.405	0.0597537 	-0.0914481 	-1.91914 	0.307339 	0.660604 	0.109793 	
3.41	0.0597033 	-0.0914716 	-1.91902 	0.307329 	0.660502 	0.109813 	
3.415	0.0596529 	-0.0914951 	-1.91891 	0.30732 	0.6604 	0.109833 	
3.42	0.05953 	-0.0913487 	-1.91873 	0.307201 	0.659279 	0.111159 	
3.425	0.0594794 	-0.0913723 	-1.91861 	0.307192 	0.659176 	0.111179 	
3.43	0.0594288 	-0.0913959 	-1.9185 	0.307182 	0.659074 	0.111198 	
3.435	0.0593781 	-0.0914196 	-1.91838 	0.307173 	0.658971 	0.111218 	
3.44	0.0592547 	-0.091273 	-1.9182 	0.307053 	0.657844 	0.11255 	
3.445	0.059204 	-0.0912968 	-1.91808 	0.307044 	0.657742 	0.11257 	
3.45	0.0591532 	-0.0913206 	-1.91796 	0.307034 	0.657639 	0.11259 	
3.455	0.0591024 	-0.0913445 	-1.91785 	0.307025 	0.657536 	0.112609 	
3.46	0.0589786 	-0.0911977 	-1.91767 	0.306905 	0.656405 	0.113946 	
3.465	0.0589277 	-0.0912217 	-1.91755 	0.306896 	0.656302 	0.113966 	
3.47	0.0588768 	-0.0912456 	-1.91743 	0.306886 	0.656199 	0.113986 	
3.475	0.0588259 	-0.0912696 	-1.91731 	0.306877 	0.656096 	0.114005 	
3.48	0.0587019 	-0.0911229 	-1.91713 	0.306757 	0.654963 	0.115346 	
3.485	0.0586509 	-0.091147 	-1.91701 	0.306747 	0.65486 	0.115365 	
3.49	0.0586 	-0.0911712 	-1.9169 	0.306738 	0.654756 	0.115385 	
3.495	0.058549 	-0.0911953 	-1.91678 	0.306728 	0.654653 	0.115405 	
3.5	0.0584248 	-0.0910488 	-1.91659 	0.306609 	0.653518 	0.116747 	
3.505	0.0583738 	-0.091073 	-1.91648 	0.306599 	0.653415 	0.116767 	
3.51	0.0583229 	-0.0910972 	-1.91636 	0.30659 	0.653311 	0.116787 	
3.515	0.0582719 	-0.0911215 	-1.91624 	0.30658 	0.653208 	0.116807 	
3.52	0.0581477 	-0.0909753 	-1.91606 	0.306461 	0.652073 	0.118149 	
3.525	0.0580967 	-0.0909996 	-1.91594 	0.306451 	0.651969 	0.118169 	
3.53	0.0580458 	-0.0910239 	-1.91582 	0.306442 	0.651866 	0.118189 	
3.535	0.0579949 	-0.0910482 	-1.9157 	0.306432 	0.651763 	0.118209 	
3.54	0.0578708 	-0.0909025 	-1.91552 	0.306313 	0.650628 	0.119551 	
3.545	0.0578199 	-0.0909269 	-1.9154 	0.306303 	0.650525 	0.11957 	
3.55	0.0577691 	-0.0909513 	-1.91528 	0.306294 	0.650421 	0.11959 	
3.555	0.0577183 	-0.0909756 	-1.91517 	0.306284 	0.650318 	0.11961 	
3.56	0.0575944 	-0.0908306 	-1.91498 	0.306165 	0.649185 	0.12095 	
3.565	0.0575436 	-0.090855 	-1.91486 	0.306156 	0.649082 	0.12097 	
3.57	0.0574929 	-0.0908794 	-1.91475 	0.306146 	0.648979 	0.120989 	
3.575	0.0574423 	-0.0909038 	-1.91463 	0.306137 	0.648877 	0.121009 	
3.58	0.0573188 	-0.0907595 	-1.91444 	0.306018 	0.647746 	0.122345 	
3.585	0.0572682 	-0.090784 	-1.91433 	0.306009 	0.647644 	0.122365 	
3.59	0.0572177 	-0.0908084 	-1.91421 	0.305999 	0.647541 	0.122385 	
3.595	0.0571672 	-0.0908328 	-1.91409 	0.30599 	0.647439 	0.122404 	
3.6	0.0570442 	-0.0906894 	-1.91391 	0.305872 	0.646313 	0.123736 	
3.605	0.0569938 	-0.0907138 	-1.91379 	0.305862 	0.64621 	0.123756 	
3.61	0.0570096 	-0.0906182 	-1.91385 	0.305843 	0.646004 	0.123755 	
3.615	0.0570286 	-0.0905254 	-1.91392 	0.305823 	0.645797 	0.123755 	
3.62	0.0570442 	-0.0904314 	-1.91398 	0.305804 	0.64559 	0.123754 	
3.625	0.0570595 	-0.0903387 	-1.91404 	0.305784 	0.645383 	0.123754 	
3.63	0.0570706 	-0.0902438 	-1.9141 	0.305764 	0.645176 	0.123754 	
3.635	0.0570817 	-0.0901503 	-1.91415 	0.305745 	0.644969 	0.123753 	
3.64	0.0570891 	-0.090055 	-1.9142 	0.305725 	0.644762 	0.123753 	
3.645	0.0570969 	-0.0899614 	-1.91425 	0.305705 	0.644555 	0.123753 	
3.65	0.0571017 	-0.0898662 	-1.91429 	0.305685 	0.644348 	0.123753 	
3.655	0.057107 	-0.089773 	-1.91433 	0.305665 	0.644141 	0.123753 	
3.66	0.0571092 	-0.0896781 	-1.91438 	0.305645 	0.643934 	0.123753 	
3.665	0.0571124 	-0.0895856 	-1.91442 	0.305626 	0.643727 	0.123753 	
3.67	0.0571131 	-0.0894912 	-1.91445 	0.305606 	0.64352 	0.123753 	
3.675	0.0571152 	-0.0893994 	-1.91449 	0.305586 	0.643313 	0.123753 	
3.68	0.0571147 	-0.0893057 	-1.91453 	0.305566 	0.643105 	0.123753 	
3.685	0.057116 	-0.0892146 	-1.91456 	0.305546 	0.642898 	0.123753 	
3.69	0.0571147 	-0.0891216 	-1.9146 	0.305526 	0.642691 	0.123753 	
3.695	0.0571152 	-0.0890312 	-1.91463 	0.305506 	0.642484 	0.123753 	
3.7	0.0571133 	-0.088939 	-1.91466 	0.305486 	0.642277 	0.123753 	
3.705	0.0571132 	-0.0888493 	-1.9147 	0.305466 	0.642069 	0.123753 	
3.71	0.0571108 	-0.0887578 	-1.91473 	0.305446 	0.641862 	0.123753 	
3.715	0.0571103 	-0.0886689 	-1.91476 	0.305426 	0.641655 	0.123753 	
3.72	0.0571073 	-0.0885785 	-1.91479 	0.305406 	0.641447 	0.123753 	
3.725	0.0571052 	-0.0884898 	-1.91482 	0.305386 	0.64124 	0.123753 	
3.73	0.0570999 	-0.088394 	-1.91484 	0.305366 	0.641033 	0.123753 	
3.735	0.0570941 	-0.0882941 	-1.91485 	0.305346 	0.640825 	0.123753 	
3.74	0.0570855 	-0.0881883 	-1.91485 	0.305325 	0.640618 	0.123753 	
3.745	0.0570769 	-0.0880792 	-1.91485 	0.305305 	0.64041 	0.123753 	
3.75	0.0570662 	-0.0879685 	-1.91484 	0.305285 	0.640203 	0.123753 	
3.755	0.0570572 	-0.0878657 	-1.91484 	0.305265 	0.639995 	0.123753 	
3.76	0.0570466 	-0.0877613 	-1.91484 	0.305245 	0.639787 	0.123753 	
3.765	0.0570375 	-0.0876643 	-1.91486 	0.305224 	0.63958 	0.123753 	
3.77	0.057026 	-0.0875612 	-1.91486 	0.305204 	0.639372 	0.123754 	
3.775	0.0570145 	-0.0874544 	-1.91485 	0.305184 	0.639165 	0.123754 	
3.78	0.0570009 	-0.0873424 	-1.91484 	0.305164 	0.638957 	0.123754 	
3.785	0.0569875 	-0.0872275 	-1.91482 	0.305143 	0.638749 	0.123753 	
3.79	0.0569738 	-0.0871111 	-1.9148 	0.305123 	0.638541 	0.123753 	
3.795	0.0569649 	-0.0870013 	-1.91479 	0.305103 	0.638334 	0.123753 	
3.8	0.056958 	-0.0868944 	-1.91478 	0.305083 	0.638126 	0.123753 	
3.805	0.0569508 	-0.0867942 	-1.91478 	0.305062 	0.637918 	0.123753 	
3.81	0.056942 	-0.0866966 	-1.91478 	0.305042 	0.637711 	0.123753 	
3.815	0.056934 	-0.0866054 	-1.91479 	0.305022 	0.637503 	0.123753 	
3.82	0.0569246 	-0.0865178 	-1.91479 	0.305001 	0.637296 	0.123753 	
3.825	0.0569125 	-0.0864338 	-1.91481 	0.304981 	0.637089 	0.123753 	
3.83	0.0568981 	-0.0863494 	-1.91482 	0.30496 	0.636881 	0.123752 	
3.835	0.056885 	-0.0862676 	-1.91483 	0.30494 	0.636674 	0.123752 	
3.84	0.0568705 	-0.0861863 	-1.91485 	0.304919 	0.636467 	0.123752 	
3.845	0.0568497 	-0.0861089 	-1.91487 	0.304899 	0.636259 	0.123752 	
3.85	0.0568273 	-0.0860282 	-1.91489 	0.304878 	0.636052 	0.123751 	
3.855	0.0568068 	-0.0859482 	-1.9149 	0.304857 	0.635845 	0.123751 	
3.86	0.0567841 	-0.0858686 	-1.91492 	0.304836 	0.635637 	0.123751 	
3.865	0.0567628 	-0.0857894 	-1.91494 	0.304816 	0.63543 	0.123751 	
3.87	0.0567408 	-0.0857092 	-1.91496 	0.304795 	0.635223 	0.12375 	
3.875	0.0567201 	-0.0856299 	-1.91498 	0.304774 	0.635016 	0.12375 	
3.88	0.0566993 	-0.0855494 	-1.915 	0.304753 	0.634808 	0.123749 	
3.885	0.0566806 	-0.0854701 	-1.91502 	0.304733 	0.634601 	0.123749 	
3.89	0.0566618 	-0.0853897 	-1.91504 	0.304712 	0.634394 	0.123749 	
3.895	0.0566452 	-0.0853106 	-1.91506 	0.304691 	0.634186 	0.123748 	
3.9	0.0566296 	-0.0852301 	-1.91509 	0.304671 	0.633979 	0.123748 	
3.905	0.0566157 	-0.0851507 	-1.91511 	0.30465 	0.633772 	0.123747 	
3.91	0.0566003 	-0.0850705 	-1.91513 	0.30463 	0.633564 	0.123747 	
3.915	0.0565866 	-0.0849913 	-1.91515 	0.304609 	0.633357 	0.123746 	
3.92	0.0565727 	-0.0849109 	-1.91517 	0.304588 	0.63315 	0.123746 	
3.925	0.0565603 	-0.0848316 	-1.9152 	0.304568 	0.632943 	0.123745 	
3.93	0.0565474 	-0.084751 	-1.91522 	0.304547 	0.632735 	0.123745 	
3.935	0.0565358 	-0.0846715 	-1.91524 	0.304527 	0.632528 	0.123744 	
3.94	0.0565241 	-0.0845909 	-1.91526 	0.304506 	0.632321 	0.123744 	
3.945	0.0565149 	-0.0845114 	-1.91529 	0.304486 	0.632114 	0.123743 	
3.95	0.056507 	-0.0844301 	-1.91532 	0.304465 	0.631906 	0.123743 	
3.955	0.0564998 	-0.0843493 	-1.91534 	0.304445 	0.631699 	0.123743 	
3.96	0.0564911 	-0.0842666 	-1.91536 	0.304424 	0.631492 	0.123742 	
3.965	0.0564853 	-0.0841879 	-1.91539 	0.304404 	0.631285 	0.123742 	
3.97	0.0564745 	-0.0841026 	-1.91541 	0.304383 	0.631077 	0.123741 	
3.975	0.0564628 	-0.0840246 	-1.91544 	0.304363 	0.63087 	0.123741 	
3.98	0.0564484 	-0.0839405 	-1.91546 	0.304342 	0.630663 	0.12374 	
3.985	0.0564366 	-0.0838625 	-1.91548 	0.304321 	0.630456 	0.12374 	
3.99	0.0564225 	-0.0837784 	-1.9155 	0.304301 	0.630248 	0.123739 	
3.995	0.0564112 	-0.0837004 	-1.91552 	0.30428 	0.630041 	0.123739 	
4	0.0563977 	-0.0836163 	-1.91554 	0.30426 	0.629834 	0.123738 	
4.005	0.0563869 	-0.083538 	-1.91557 	0.304239 	0.629626 	0.123737 	
4.01	0.056374 	-0.0834538 	-1.91558 	0.304218 	0.629419 	0.123737 	
4.015	0.0563637 	-0.0833753 	-1.91561 	0.304198 	0.629212 	0.123736 	
4.02	0.0563512 	-0.0832909 	-1.91563 	0.304177 	0.629004 	0.123735 	
4.025	0.0563413 	-0.0832123 	-1.91565 	0.304156 	0.628797 	0.123734 	
4.03	0.056329 	-0.0831279 	-1.91567 	0.304136 	0.62859 	0.123734 	
4.035	0.0563193 	-0.0830491 	-1.91569 	0.304115 	0.628383 	0.123733 	
4.04	0.0563073 	-0.0829647 	-1.91571 	0.304095 	0.628175 	0.123732 	
4.045	0.0562971 	-0.0828864 	-1.91573 	0.304074 	0.627968 	0.123732 	
4.05	0.0562848 	-0.0828026 	-1.91575 	0.304053 	0.627761 	0.123731 	
4.055	0.0562741 	-0.0827247 	-1.91578 	0.304033 	0.627554 	0.12373 	
4.06	0.0562614 	-0.0826412 	-1.9158 	0.304012 	0.627346 	0.123729 	
4.065	0.0562502 	-0.0825635 	-1.91582 	0.303991 	0.627139 	0.123729 	
4.07	0.0562368 	-0.0824802 	-1.91584 	0.303971 	0.626932 	0.123728 	
4.075	0.0562254 	-0.0824025 	-1.91587 	0.30395 	0.626725 	0.123727 	
4.08	0.056212 	-0.0823194 	-1.91589 	0.303929 	0.626517 	0.123726 	
4.085	0.0561998 	-0.0822428 	-1.91591 	0.303909 	0.62631 	0.123726 	
4.09	0.0561845 	-0.0821603 	-1.91593 	0.303888 	0.626103 	0.123725 	
4.095	0.0561698 	-0.0820829 	-1.91595 	0.303867 	0.625896 	0.123724 	
4.1	0.0561536 	-0.0820004 	-1.91597 	0.303846 	0.625688 	0.123723 	
4.105	0.0561382 	-0.0819224 	-1.916 	0.303826 	0.625481 	0.123723 	
4.11	0.0561219 	-0.0818402 	-1.91602 	0.303805 	0.625274 	0.123722 	
4.115	0.056105 	-0.0817611 	-1.91604 	0.303784 	0.625066 	0.123721 	
4.12	0.0560885 	-0.0816795 	-1.91606 	0.303763 	0.624859 	0.12372 	
4.125	0.0560715 	-0.0815994 	-1.91608 	0.303742 	0.624652 	0.12372 	
4.13	0.0560557 	-0.0815179 	-1.9161 	0.303722 	0.624445 	0.123719 	
4.135	0.0560397 	-0.0814371 	-1.91612 	0.303701 	0.624237 	0.123718 	
4.14	0.0560256 	-0.0813556 	-1.91614 	0.30368 	0.62403 	0.123717 	
4.145	0.0560111 	-0.0812745 	-1.91616 	0.303659 	0.623823 	0.123716 	
4.15	0.0559985 	-0.0811929 	-1.91618 	0.303638 	0.623616 	0.123715 	
4.155	0.0559854 	-0.0811115 	-1.9162 	0.303618 	0.623408 	0.123715 	
4.16	0.0559741 	-0.0810299 	-1.91622 	0.303597 	0.623201 	0.123714 	
4.165	0.0559619 	-0.0809482 	-1.91624 	0.303576 	0.622994 	0.123713 	
4.17	0.0559512 	-0.0808664 	-1.91626 	0.303556 	0.622786 	0.123712 	
4.175	0.0559393 	-0.0807843 	-1.91628 	0.303535 	0.622579 	0.123711 	
4.18	0.055929 	-0.0807023 	-1.9163 	0.303514 	0.622372 	0.12371 	
4.185	0.0559173 	-0.0806198 	-1.91632 	0.303493 	0.622165 	0.123709 	
4.19	0.0559071 	-0.0805379 	-1.91634 	0.303473 	0.621957 	0.123708 	
4.195	0.0558957 	-0.0804558 	-1.91636 	0.303452 	0.62175 	0.123707 	
4.2	0.0558855 	-0.0803737 	-1.91638 	0.303431 	0.621543 	0.123706 	
4.205	0.0558738 	-0.0802914 	-1.9164 	0.30341 	0.621335 	0.123706 	
4.21	0.0558633 	-0.0802091 	-1.91642 	0.30339 	0.621128 	0.123705 	
4.215	0.0558512 	-0.0801266 	-1.91644 	0.303369 	0.620921 	0.123704 	
4.22	0.0558404 	-0.0800442 	-1.91646 	0.303348 	0.620714 	0.123703 	
4.225	0.055828 	-0.0799616 	-1.91648 	0.303328 	0.620506 	0.123702 	
4.23	0.0558169 	-0.079879 	-1.91651 	0.303307 	0.620299 	0.123701 	
4.235	0.0558024 	-0.0797962 	-1.91652 	0.303286 	0.620092 	0.1237 	
4.24	0.055785 	-0.0797128 	-1.91655 	0.303265 	0.619884 	0.123699 	
4.245	0.0557695 	-0.079629 	-1.91657 	0.303244 	0.619677 	0.123699 	
4.25	0.0557521 	-0.0795453 	-1.91659 	0.303223 	0.619469 	0.123698 	
4.255	0.0557353 	-0.0794605 	-1.91661 	0.303202 	0.619262 	0.123697 	
4.26	0.0557122 	-0.0793687 	-1.91662 	0.303182 	0.619054 	0.123696 	
4.265	0.055687 	-0.0792694 	-1.91664 	0.303161 	0.618847 	0.123695 	
4.27	0.0556587 	-0.0791642 	-1.91666 	0.30314 	0.618639 	0.123695 	
4.275	0.0556331 	-0.079062 	-1.91668 	0.303119 	0.618431 	0.123694 	
4.28	0.0556067 	-0.0789613 	-1.9167 	0.303098 	0.618223 	0.123693 	
4.285	0.0555811 	-0.0788638 	-1.91672 	0.303077 	0.618015 	0.123693 	
4.29	0.0555571 	-0.0787672 	-1.91673 	0.303056 	0.617807 	0.123692 	
4.295	0.055534 	-0.0786725 	-1.91675 	0.303035 	0.617599 	0.123691 	
4.3	0.0555112 	-0.0785787 	-1.91677 	0.303014 	0.617391 	0.123691 	
4.305	0.0554892 	-0.0784864 	-1.91679 	0.302993 	0.617184 	0.12369 	
4.31	0.0554678 	-0.0783949 	-1.91681 	0.302972 	0.616976 	0.123689 	
4.315	0.0554473 	-0.078305 	-1.91683 	0.302951 	0.616768 	0.123688 	
4.32	0.0554277 	-0.0782155 	-1.91685 	0.30293 	0.616561 	0.123688 	
4.325	0.0554103 	-0.0781267 	-1.91687 	0.302909 	0.616353 	0.123687 	
4.33	0.0553936 	-0.078038 	-1.91689 	0.302888 	0.616145 	0.123686 	
4.335	0.0553788 	-0.0779499 	-1.91691 	0.302867 	0.615938 	0.123685 	
4.34	0.0553641 	-0.0778619 	-1.91693 	0.302846 	0.61573 	0.123684 	
4.345	0.0553499 	-0.077775 	-1.91695 	0.302825 	0.615522 	0.123683 	
4.35	0.0553362 	-0.0776883 	-1.91697 	0.302804 	0.615315 	0.123682 	
4.355	0.0553232 	-0.0776027 	-1.91699 	0.302784 	0.615107 	0.123681 	
4.36	0.0553093 	-0.0775174 	-1.91701 	0.302763 	0.6149 	0.12368 	
4.365	0.0552971 	-0.0774336 	-1.91703 	0.302742 	0.614692 	0.123679 	
4.37	0.0552829 	-0.0773495 	-1.91705 	0.302721 	0.614485 	0.123679 	
4.375	0.0552694 	-0.077267 	-1.91707 	0.3027 	0.614277 	0.123678 	
4.38	0.0552559 	-0.0771841 	-1.91709 	0.302679 	0.61407 	0.123677 	
4.385	0.0552419 	-0.0771027 	-1.91711 	0.302658 	0.613862 	0.123676 	
4.39	0.0552275 	-0.077021 	-1.91713 	0.302637 	0.613655 	0.123675 	
4.395	0.0552138 	-0.0769409 	-1.91715 	0.302616 	0.613448 	0.123674 	
4.4	0.055196 	-0.0768645 	-1.91717 	0.302595 	0.61324 	0.123673 	
4.405	0.0551667 	-0.0768013 	-1.91721 	0.302574 	0.613033 	0.123673 	
4.41	0.05514 	-0.0767378 	-1.91724 	0.302553 	0.612826 	0.123673 	
4.415	0.0551132 	-0.0766704 	-1.91727 	0.302532 	0.612619 	0.123673 	
4.42	0.05509 	-0.0766037 	-1.91731 	0.30251 	0.612412 	0.123672 	
4.425	0.0550664 	-0.0765329 	-1.91733 	0.302489 	0.612205 	0.123672 	
4.43	0.0550486 	-0.0764682 	-1.91736 	0.302468 	0.611998 	0.123672 	
4.435	0.0550263 	-0.0764197 	-1.9174 	0.302447 	0.611792 	0.123671 	
4.44	0.0549904 	-0.0763969 	-1.91745 	0.302425 	0.611586 	0.123672 	
4.445	0.0549888 	-0.0764017 	-1.91749 	0.302404 	0.611381 	0.123671 	
4.45	0.0549583 	-0.0764228 	-1.91755 	0.302382 	0.611177 	0.123672 	
4.455	0.0549305 	-0.0764463 	-1.91761 	0.30236 	0.610973 	0.123672 	
4.46	0.0549186 	-0.0765214 	-1.91767 	0.302339 	0.61077 	0.123673 	
4.465	0.0549058 	-0.0765811 	-1.91773 	0.302317 	0.610567 	0.123673 	
4.47	0.0548931 	-0.076629 	-1.91779 	0.302295 	0.610363 	0.123674 	
4.475	0.0548745 	-0.076656 	-1.91784 	0.302274 	0.61016 	0.123674 	
4.48	0.0548596 	-0.0766725 	-1.91789 	0.302252 	0.609956 	0.123675 	
4.485	0.0548392 	-0.0766705 	-1.91793 	0.302231 	0.609751 	0.123676 	
4.49	0.0548187 	-0.0766576 	-1.91797 	0.302209 	0.609547 	0.123676 	
4.495	0.0547944 	-0.0766326 	-1.918 	0.302188 	0.609342 	0.123677 	
4.5	0.0547718 	-0.0766031 	-1.91804 	0.302167 	0.609137 	0.123677 	
4.505	0.0547436 	-0.0765636 	-1.91807 	0.302145 	0.608932 	0.123678 	
4.51	0.0547167 	-0.0765211 	-1.9181 	0.302124 	0.608726 	0.123679 	
4.515	0.054686 	-0.0764704 	-1.91813 	0.302102 	0.608521 	0.123679 	
4.52	0.0546584 	-0.0764152 	-1.91815 	0.302081 	0.608315 	0.12368 	
4.525	0.0546315 	-0.0763564 	-1.91818 	0.30206 	0.608109 	0.123681 	
4.53	0.0546061 	-0.076295 	-1.9182 	0.302039 	0.607904 	0.123682 	
4.535	0.0545798 	-0.0762308 	-1.91823 	0.302017 	0.607698 	0.123682 	
4.54	0.0545532 	-0.0761649 	-1.91825 	0.301996 	0.607491 	0.123683 	
4.545	0.0545263 	-0.0760967 	-1.91827 	0.301975 	0.607285 	0.123684 	
4.55	0.0545004 	-0.076027 	-1.91829 	0.301954 	0.607079 	0.123684 	
4.555	0.0544746 	-0.0759556 	-1.91831 	0.301932 	0.606872 	0.123685 	
4.56	0.0544498 	-0.0758832 	-1.91833 	0.301911 	0.606666 	0.123685 	
4.565	0.0544249 	-0.0758095 	-1.91835 	0.30189 	0.606459 	0.123686 	
4.57	0.0544009 	-0.075735 	-1.91837 	0.301869 	0.606253 	0.123686 	
4.575	0.0543767 	-0.0756596 	-1.91839 	0.301848 	0.606046 	0.123686 	
4.58	0.0543535 	-0.0755837 	-1.91841 	0.301826 	0.605839 	0.123687 	
4.585	0.054331 	-0.075507 	-1.91843 	0.301805 	0.605633 	0.123687 	
4.59	0.054308 	-0.075429 	-1.91845 	0.301784 	0.605426 	0.123687 	
4.595	0.0542866 	-0.0753523 	-1.91847 	0.301763 	0.605219 	0.123688 	
4.6	0.0542645 	-0.0752747 	-1.91849 	0.301742 	0.605012 	0.123688 	
4.605	0.0542408 	-0.0751961 	-1.91852 	0.301721 	0.604805 	0.123688 	
4.61	0.0542175 	-0.075119 	-1.91854 	0.3017 	0.604598 	0.123689 	
4.615	0.0541918 	-0.0750384 	-1.91856 	0.301678 	0.604391 	0.123689 	
4.62	0.0541676 	-0.0749617 	-1.91859 	0.301657 	0.604184 	0.12369 	
4.625	0.0541402 	-0.074879 	-1.91862 	0.301636 	0.603977 	0.12369 	
4.63	0.0541163 	-0.0748029 	-1.91864 	0.301615 	0.60377 	0.123691 	
4.635	0.0540912 	-0.0747181 	-1.91867 	0.301594 	0.603563 	0.123691 	
4.64	0.054069 	-0.0746426 	-1.9187 	0.301572 	0.603356 	0.123692 	
4.645	0.0540413 	-0.0745562 	-1.91872 	0.301551 	0.603149 	0.123693 	
4.65	0.05402 	-0.0744866 	-1.91875 	0.30153 	0.602941 	0.123693 	
4.655	0.0539968 	-0.0744116 	-1.91877 	0.301509 	0.602734 	0.123694 	
4.66	0.0539737 	-0.0743394 	-1.9188 	0.301488 	0.602527 	0.123694 	
4.665	0.0539503 	-0.0742621 	-1.91883 	0.301467 	0.602319 	0.123695 	
4.67	0.0539308 	-0.0741872 	-1.91886 	0.301446 	0.602112 	0.123696 	
4.675	0.0539106 	-0.0741074 	-1.91888 	0.301424 	0.601905 	0.123696 	
4.68	0.0538941 	-0.0740302 	-1.91891 	0.301403 	0.601698 	0.123697 	
4.685	0.0538766 	-0.0739482 	-1.91893 	0.301382 	0.60149 	0.123697 	
4.69	0.053862 	-0.0738691 	-1.91896 	0.301361 	0.601283 	0.123698 	
4.695	0.0538451 	-0.0737852 	-1.91899 	0.30134 	0.601076 	0.123699 	
4.7	0.0538315 	-0.0737046 	-1.91902 	0.301319 	0.600869 	0.123699 	
4.705	0.0538152 	-0.0736191 	-1.91904 	0.301299 	0.600661 	0.1237 	
4.71	0.0538027 	-0.0735374 	-1.91907 	0.301278 	0.600454 	0.1237 	
4.715	0.0537883 	-0.073451 	-1.9191 	0.301257 	0.600247 	0.123701 	
4.72	0.0537774 	-0.0733683 	-1.91913 	0.301236 	0.600039 	0.123702 	
4.725	0.0537645 	-0.073281 	-1.91915 	0.301215 	0.599832 	0.123702 	
4.73	0.053755 	-0.0731975 	-1.91918 	0.301194 	0.599625 	0.123703 	
4.735	0.0537433 	-0.0731095 	-1.91921 	0.301173 	0.599417 	0.123703 	
4.74	0.0537348 	-0.0730253 	-1.91924 	0.301152 	0.59921 	0.123704 	
4.745	0.0537242 	-0.0729368 	-1.91926 	0.301132 	0.599003 	0.123704 	
4.75	0.0537163 	-0.0728521 	-1.91929 	0.301111 	0.598796 	0.123705 	
4.755	0.0537067 	-0.0727631 	-1.91932 	0.30109 	0.598588 	0.123705 	
4.76	0.0536998 	-0.072678 	-1.91935 	0.301069 	0.598381 	0.123706 	
4.765	0.053691 	-0.0725886 	-1.91937 	0.301048 	0.598174 	0.123706 	
4.77	0.053685 	-0.072503 	-1.91941 	0.301028 	0.597966 	0.123707 	
4.775	0.053677 	-0.0724132 	-1.91943 	0.301007 	0.597759 	0.123707 	
4.78	0.0536717 	-0.0723273 	-1.91946 	0.300986 	0.597552 	0.123708 	
4.785	0.0536645 	-0.0722372 	-1.91949 	0.300965 	0.597344 	0.123709 	
4.79	0.0536599 	-0.072151 	-1.91952 	0.300945 	0.597137 	0.123709 	
4.795	0.0536533 	-0.0720606 	-1.91955 	0.300924 	0.59693 	0.12371 	
4.8	0.0536494 	-0.071974 	-1.91958 	0.300903 	0.596723 	0.12371 	
4.805	0.0536435 	-0.0718834 	-1.9196 	0.300882 	0.596515 	0.123711 	
4.81	0.0536402 	-0.0717966 	-1.91964 	0.300862 	0.596308 	0.123711 	
4.815	0.0536349 	-0.0717057 	-1.91966 	0.300841 	0.596101 	0.123712 	
4.82	0.0536322 	-0.0716187 	-1.91969 	0.30082 	0.595894 	0.123712 	
4.825	0.0536275 	-0.0715276 	-1.91972 	0.3008 	0.595686 	0.123713 	
4.83	0.0536254 	-0.0714403 	-1.91975 	0.300779 	0.595479 	0.123713 	
4.835	0.0536213 	-0.071349 	-1.91978 	0.300758 	0.595272 	0.123714 	
4.84	0.0536198 	-0.0712616 	-1.91981 	0.300738 	0.595064 	0.123715 	
4.845	0.0536162 	-0.0711701 	-1.91983 	0.300717 	0.594857 	0.123715 	
4.85	0.0536152 	-0.0710825 	-1.91987 	0.300696 	0.59465 	0.123716 	
4.855	0.053612 	-0.0709908 	-1.91989 	0.300676 	0.594443 	0.123716 	
4.86	0.0536111 	-0.0709031 	-1.91992 	0.300655 	0.594235 	0.123717 	
4.865	0.053608 	-0.0708113 	-1.91995 	0.300634 	0.594028 	0.123717 	
4.87	0.0536072 	-0.0707234 	-1.91998 	0.300614 	0.593821 	0.123718 	
4.875	0.0536041 	-0.0706315 	-1.92001 	0.300593 	0.593613 	0.123718 	
4.88	0.0536033 	-0.0705436 	-1.92004 	0.300572 	0.593406 	0.123719 	
4.885	0.0536002 	-0.0704516 	-1.92006 	0.300551 	0.593199 	0.123719 	
4.89	0.0535996 	-0.0703636 	-1.92009 	0.300531 	0.592992 	0.123719 	
4.895	0.0535967 	-0.0702716 	-1.92012 	0.30051 	0.592784 	0.12372 	
4.9	0.0535963 	-0.0701835 	-1.92015 	0.300489 	0.592577 	0.12372 	
4.905	0.0535937 	-0.0700914 	-1.92018 	0.300469 	0.59237 	0.123721 	
4.91	0.0535937 	-0.0700032 	-1.92021 	0.300448 	0.592162 	0.123721 	
4.915	0.0535914 	-0.0699111 	-1.92023 	0.300427 	0.591955 	0.123722 	
4.92	0.0535917 	-0.0698228 	-1.92026 	0.300407 	0.591748 	0.123722 	
4.925	0.0535897 	-0.0697306 	-1.92029 	0.300386 	0.59154 	0.123722 	
4.93	0.0535902 	-0.0696424 	-1.92032 	0.300365 	0.591333 	0.123723 	
4.935	0.0535885 	-0.0695501 	-1.92034 	0.300345 	0.591126 	0.123723 	
4.94	0.0535895 	-0.0694617 	-1.92037 	0.300324 	0.590919 	0.123724 	
4.945	0.0535883 	-0.0693693 	-1.9204 	0.300303 	0.590711 	0.123724 	
4.95	0.0535896 	-0.0692809 	-1.92043 	0.300283 	0.590504 	0.123724 	
4.955	0.0535885 	-0.0691885 	-1.92046 	0.300262 	0.590297 	0.123725 	
4.96	0.0535899 	-0.0691 	-1.92049 	0.300241 	0.590089 	0.123725 	
4.965	0.0535888 	-0.0690076 	-1.92051 	0.300221 	0.589882 	0.123725 	
4.97	0.0535903 	-0.0689191 	-1.92054 	0.3002 	0.589675 	0.123726 	
4.975	0.0535893 	-0.0688266 	-1.92057 	0.300179 	0.589468 	0.123726 	
4.98	0.0535908 	-0.068738 	-1.9206 	0.300159 	0.58926 	0.123727 	
4.985	0.0535899 	-0.0686454 	-1.92062 	0.300138 	0.589053 	0.123727 	
4.99	0.0535915 	-0.0685569 	-1.92066 	0.300117 	0.588846 	0.123727 	
4.995	0.0535905 	-0.0684643 	-1.92068 	0.300096 	0.588638 	0.123728 	
5	0.0535922 	-0.0683757 	-1.92071 	0.300076 	0.588431 	0.123728 	
5.005	0.0535913 	-0.068283 	-1.92074 	0.300055 	0.588224 	0.123729 	
5.01	0.053593 	-0.0681944 	-1.92077 	0.300034 	0.588017 	0.123729 	
5.015	0.0535921 	-0.0681017 	-1.92079 	0.300014 	0.587809 	0.123729 	
5.02	0.0535939 	-0.0680131 	-1.92082 	0.299993 	0.587602 	0.12373 	
5.025	0.053593 	-0.0679204 	-1.92085 	0.299972 	0.587395 	0.12373 	
5.03	0.0535948 	-0.0678317 	-1.92088 	0.299952 	0.587188 	0.123731 	
5.035	0.0535939 	-0.0677389 	-1.92091 	0.299931 	0.58698 	0.123731 	
5.04	0.0535957 	-0.0676503 	-1.92094 	0.29991 	0.586773 	0.123731 	
5.045	0.0535948 	-0.0675575 	-1.92096 	0.299889 	0.586566 	0.123732 	
5.05	0.0535966 	-0.0674689 	-1.92099 	0.299869 	0.586358 	0.123732 	
5.055	0.0535957 	-0.067376 	-1.92102 	0.299848 	0.586151 	0.123733 	
5.06	0.0535976 	-0.0672873 	-1.92105 	0.299827 	0.585944 	0.123733 	
5.065	0.0535967 	-0.0671944 	-1.92108 	0.299807 	0.585737 	0.123734 	
5.07	0.0535986 	-0.0671058 	-1.92111 	0.299786 	0.585529 	0.123734 	
5.075	0.0535977 	-0.0670129 	-1.92113 	0.299765 	0.585322 	0.123734 	
5.08	0.0535996 	-0.0669242 	-1.92117 	0.299744 	0.585115 	0.123735 	
5.085	0.0535987 	-0.0668312 	-1.92119 	0.299724 	0.584907 	0.123735 	
5.09	0.0536007 	-0.0667426 	-1.92122 	0.299703 	0.5847 	0.123736 	
5.095	0.0535997 	-0.0666496 	-1.92125 	0.299682 	0.584493 	0.123736 	
5.1	0.0536018 	-0.0665611 	-1.92128 	0.299662 	0.584286 	0.123737 	
5.105	0.0536012 	-0.0664687 	-1.92131 	0.299641 	0.584078 	0.123737 	
5.11	0.0536033 	-0.0663802 	-1.92134 	0.29962 	0.583871 	0.123737 	
5.115	0.0536026 	-0.0662876 	-1.92136 	0.299599 	0.583664 	0.123738 	
5.12	0.0536046 	-0.0661989 	-1.9214 	0.299579 	0.583457 	0.123738 	
5.125	0.0536039 	-0.0661062 	-1.92142 	0.299558 	0.583249 	0.123739 	
5.13	0.0536058 	-0.0660175 	-1.92145 	0.299537 	0.583042 	0.123739 	
5.135	0.053605 	-0.0659247 	-1.92148 	0.299516 	0.582835 	0.12374 	
5.14	0.0536072 	-0.0658359 	-1.92151 	0.299496 	0.582627 	0.12374 	
5.145	0.0536063 	-0.0657432 	-1.92154 	0.299475 	0.58242 	0.12374 	
5.15	0.0536064 	-0.065655 	-1.92157 	0.299454 	0.582213 	0.123741 	
5.155	0.0536019 	-0.0655626 	-1.9216 	0.299433 	0.582006 	0.123741 	
5.16	0.053594 	-0.0654745 	-1.92163 	0.299412 	0.581798 	0.123742 	
5.165	0.0535837 	-0.0653838 	-1.92166 	0.299391 	0.581591 	0.123742 	
5.17	0.0535695 	-0.0652956 	-1.92169 	0.29937 	0.581384 	0.123743 	
5.175	0.0535547 	-0.0652063 	-1.92172 	0.299349 	0.581176 	0.123744 	
5.18	0.0535356 	-0.065118 	-1.92175 	0.299328 	0.580969 	0.123744 	
5.185	0.0535192 	-0.06503 	-1.92178 	0.299307 	0.580762 	0.123745 	
5.19	0.0535001 	-0.0649412 	-1.92181 	0.299285 	0.580554 	0.123746 	
5.195	0.0534785 	-0.0648537 	-1.92184 	0.299264 	0.580347 	0.123746 	
5.2	0.053455 	-0.0647649 	-1.92187 	0.299243 	0.58014 	0.123747 	
5.205	0.0534297 	-0.0646781 	-1.92191 	0.299221 	0.579933 	0.123748 	
5.21	0.0534031 	-0.064589 	-1.92193 	0.2992 	0.579725 	0.123749 	
5.215	0.0533772 	-0.0645021 	-1.92197 	0.299179 	0.579518 	0.12375 	
5.22	0.0533498 	-0.0644123 	-1.922 	0.299157 	0.579311 	0.123751 	
5.225	0.0533246 	-0.0643264 	-1.92203 	0.299136 	0.579103 	0.123752 	
5.23	0.0532984 	-0.0642373 	-1.92206 	0.299114 	0.578896 	0.123753 	
5.235	0.0532733 	-0.0641523 	-1.92209 	0.299093 	0.578689 	0.123753 	
5.24	0.053247 	-0.064064 	-1.92211 	0.299071 	0.578481 	0.123754 	
5.245	0.0532219 	-0.0639798 	-1.92214 	0.29905 	0.578274 	0.123755 	
5.25	0.0531957 	-0.0638921 	-1.92217 	0.299028 	0.578066 	0.123756 	
5.255	0.0531706 	-0.0638087 	-1.9222 	0.299007 	0.577859 	0.123756 	
5.26	0.0531444 	-0.0637217 	-1.92222 	0.298985 	0.577652 	0.123757 	
5.265	0.0531194 	-0.0636389 	-1.92225 	0.298964 	0.577444 	0.123757 	
5.27	0.0530933 	-0.0635524 	-1.92227 	0.298942 	0.577237 	0.123758 	
5.275	0.0530687 	-0.0634701 	-1.9223 	0.298921 	0.577029 	0.123759 	
5.28	0.0530427 	-0.0633841 	-1.92232 	0.298899 	0.576822 	0.123759 	
5.285	0.0530183 	-0.0633022 	-1.92235 	0.298878 	0.576615 	0.12376 	
5.29	0.0529929 	-0.0632165 	-1.92237 	0.298856 	0.576407 	0.12376 	
5.295	0.0529691 	-0.063135 	-1.9224 	0.298835 	0.5762 	0.123761 	
5.3	0.0529441 	-0.0630496 	-1.92242 	0.298813 	0.575992 	0.123761 	
5.305	0.0529208 	-0.0629683 	-1.92244 	0.298792 	0.575785 	0.123761 	
5.31	0.0528963 	-0.0628832 	-1.92246 	0.29877 	0.575577 	0.123762 	
5.315	0.0528734 	-0.0628022 	-1.92249 	0.298749 	0.57537 	0.123762 	
5.32	0.0528492 	-0.0627173 	-1.92251 	0.298727 	0.575163 	0.123762 	
5.325	0.0528264 	-0.0626366 	-1.92254 	0.298705 	0.574955 	0.123763 	
5.33	0.0528022 	-0.0625519 	-1.92255 	0.298684 	0.574748 	0.123763 	
5.335	0.0527795 	-0.0624714 	-1.92258 	0.298662 	0.57454 	0.123763 	
5.34	0.0527554 	-0.0623869 	-1.9226 	0.298641 	0.574333 	0.123764 	
5.345	0.0527328 	-0.0623067 	-1.92262 	0.298619 	0.574125 	0.123764 	
5.35	0.052709 	-0.0622222 	-1.92264 	0.298598 	0.573918 	0.123764 	
5.355	0.0526875 	-0.0621418 	-1.92267 	0.298576 	0.57371 	0.123765 	
5.36	0.0526646 	-0.0620574 	-1.92269 	0.298555 	0.573503 	0.123765 	
5.365	0.052641 	-0.0619764 	-1.92272 	0.298533 	0.573295 	0.123766 	
5.37	0.052611 	-0.0618945 	-1.92274 	0.298511 	0.573088 	0.123766 	
5.375	0.0525816 	-0.061815 	-1.92277 	0.29849 	0.572881 	0.123767 	
5.38	0.0525496 	-0.0617336 	-1.92279 	0.298468 	0.572673 	0.123767 	
5.385	0.052518 	-0.0616546 	-1.92282 	0.298446 	0.572466 	0.123768 	
5.39	0.052485 	-0.0615733 	-1.92285 	0.298424 	0.572259 	0.123769 	
5.395	0.0524518 	-0.0614945 	-1.92288 	0.298402 	0.572051 	0.12377 	
5.4	0.0524158 	-0.061414 	-1.9229 	0.298381 	0.571844 	0.12377 	
5.405	0.0523766 	-0.061338 	-1.92293 	0.298359 	0.571637 	0.123771 	
5.41	0.0523372 	-0.0612584 	-1.92296 	0.298337 	0.57143 	0.123772 	
5.415	0.0522988 	-0.061181 	-1.92299 	0.298315 	0.571222 	0.123773 	
5.42	0.0522603 	-0.0611013 	-1.92302 	0.298293 	0.571015 	0.123774 	
5.425	0.0522219 	-0.0610233 	-1.92305 	0.298271 	0.570808 	0.123775 	
5.43	0.0521845 	-0.0609438 	-1.92307 	0.298249 	0.5706 	0.123776 	
5.435	0.0521487 	-0.0608639 	-1.9231 	0.298227 	0.570393 	0.123777 	
5.44	0.0521149 	-0.060784 	-1.92313 	0.298205 	0.570186 	0.123778 	
5.445	0.0520846 	-0.0607023 	-1.92316 	0.298184 	0.569979 	0.123779 	
5.45	0.0520554 	-0.0606212 	-1.92319 	0.298162 	0.569771 	0.12378 	
5.455	0.0520301 	-0.0605388 	-1.92322 	0.29814 	0.569564 	0.123781 	
5.46	0.0520026 	-0.0604561 	-1.92325 	0.298119 	0.569357 	0.123782 	
5.465	0.0519764 	-0.0603736 	-1.92328 	0.298097 	0.56915 	0.123783 	
5.47	0.0519474 	-0.0602902 	-1.92331 	0.298075 	0.568942 	0.123784 	
5.475	0.0519199 	-0.060207 	-1.92334 	0.298053 	0.568735 	0.123785 	
5.48	0.051889 	-0.060123 	-1.92336 	0.298032 	0.568528 	0.123786 	
5.485	0.0518602 	-0.0600394 	-1.92339 	0.29801 	0.568321 	0.123787 	
5.49	0.0518277 	-0.0599554 	-1.92341 	0.297988 	0.568113 	0.123788 	
5.495	0.0517976 	-0.0598718 	-1.92344 	0.297966 	0.567906 	0.123788 	
5.5	0.0517636 	-0.0597878 	-1.92346 	0.297944 	0.567698 	0.123789 	
5.505	0.0517321 	-0.0597043 	-1.92348 	0.297923 	0.567491 	0.12379 	
5.51	0.0516971 	-0.0596207 	-1.9235 	0.297901 	0.567283 	0.12379 	
5.515	0.0516669 	-0.059538 	-1.92353 	0.297879 	0.567076 	0.123791 	
5.52	0.0516354 	-0.0594551 	-1.92354 	0.297857 	0.566869 	0.123792 	
5.525	0.0516052 	-0.0593715 	-1.92357 	0.297835 	0.566661 	0.123792 	
5.53	0.0515748 	-0.0592939 	-1.92359 	0.297813 	0.566454 	0.123793 	
5.535	0.051546 	-0.0592144 	-1.92362 	0.297791 	0.566247 	0.123794 	
5.54	0.0515152 	-0.0591399 	-1.92365 	0.29777 	0.566039 	0.123795 	
5.545	0.0514863 	-0.0590623 	-1.92368 	0.297748 	0.565832 	0.123796 	
5.55	0.0514571 	-0.058986 	-1.92371 	0.297726 	0.565625 	0.123797 	
5.555	0.0514271 	-0.0589065 	-1.92374 	0.297704 	0.565418 	0.123798 	
5.56	0.0513967 	-0.0588287 	-1.92376 	0.297682 	0.565211 	0.123798 	
5.565	0.0513664 	-0.0587479 	-1.92379 	0.29766 	0.565003 	0.123799 	
5.57	0.0513378 	-0.0586722 	-1.92381 	0.297638 	0.564796 	0.1238 	
5.575	0.0513129 	-0.0586081 	-1.92384 	0.297617 	0.564589 	0.1238 	
5.58	0.0512934 	-0.0585669 	-1.92388 	0.297595 	0.564383 	0.123801 	
5.585	0.0512766 	-0.0585389 	-1.92392 	0.297573 	0.564177 	0.123802 	
5.59	0.0512606 	-0.0585078 	-1.92395 	0.297551 	0.563971 	0.123802 	
5.595	0.0512433 	-0.0584685 	-1.92399 	0.297529 	0.563765 	0.123803 	
5.6	0.0512264 	-0.0584257 	-1.92402 	0.297507 	0.563559 	0.123804 	
5.605	0.0512091 	-0.0583751 	-1.92405 	0.297486 	0.563353 	0.123804 	
5.61	0.0511943 	-0.0583223 	-1.92408 	0.297464 	0.563147 	0.123805 	
5.615	0.0511789 	-0.0582627 	-1.92411 	0.297442 	0.56294 	0.123805 	
5.62	0.0511662 	-0.058202 	-1.92414 	0.297421 	0.562734 	0.123806 	
5.625	0.0511528 	-0.0581354 	-1.92417 	0.297399 	0.562527 	0.123806 	
5.63	0.0511419 	-0.0580684 	-1.9242 	0.297377 	0.562321 	0.123807 	
5.635	0.0511295 	-0.0579962 	-1.92422 	0.297356 	0.562114 	0.123807 	
5.64	0.0511173 	-0.057924 	-1.92425 	0.297334 	0.561908 	0.123808 	
5.645	0.0511049 	-0.0578478 	-1.92427 	0.297313 	0.561701 	0.123808 	
5.65	0.051095 	-0.0577724 	-1.9243 	0.297291 	0.561494 	0.123809 	
5.655	0.0510846 	-0.0576929 	-1.92432 	0.29727 	0.561287 	0.123809 	
5.66	0.0510764 	-0.0576147 	-1.92435 	0.297248 	0.561081 	0.123809 	
5.665	0.0510653 	-0.0575332 	-1.92437 	0.297227 	0.560874 	0.12381 	
5.67	0.0510514 	-0.0574537 	-1.9244 	0.297205 	0.560667 	0.12381 	
5.675	0.0510368 	-0.057373 	-1.92442 	0.297184 	0.56046 	0.123811 	
5.68	0.0510219 	-0.0572925 	-1.92445 	0.297162 	0.560253 	0.123811 	
5.685	0.0510059 	-0.0572111 	-1.92447 	0.297141 	0.560046 	0.123812 	
5.69	0.0509898 	-0.05713 	-1.9245 	0.297119 	0.559839 	0.123812 	
5.695	0.0509728 	-0.057048 	-1.92452 	0.297097 	0.559632 	0.123812 	
5.7	0.0509558 	-0.0569664 	-1.92455 	0.297076 	0.559425 	0.123813 	
5.705	0.050938 	-0.0568841 	-1.92457 	0.297054 	0.559218 	0.123813 	
5.71	0.0509202 	-0.0568022 	-1.92459 	0.297032 	0.559011 	0.123813 	
5.715	0.0509017 	-0.0567196 	-1.92462 	0.297011 	0.558803 	0.123814 	
5.72	0.0508834 	-0.0566376 	-1.92464 	0.296989 	0.558596 	0.123814 	
5.725	0.0508642 	-0.0565548 	-1.92466 	0.296967 	0.558389 	0.123814 	
5.73	0.0508454 	-0.0564726 	-1.92469 	0.296946 	0.558182 	0.123814 	
5.735	0.050825 	-0.0563905 	-1.92471 	0.296924 	0.557975 	0.123815 	
5.74	0.0508025 	-0.0563102 	-1.92474 	0.296902 	0.557767 	0.123815 	
5.745	0.0507793 	-0.0562273 	-1.92476 	0.29688 	0.55756 	0.123816 	
5.75	0.0507547 	-0.0561464 	-1.92479 	0.296859 	0.557353 	0.123816 	
5.755	0.0507295 	-0.0560628 	-1.92482 	0.296837 	0.557146 	0.123817 	
5.76	0.0507031 	-0.0559813 	-1.92485 	0.296815 	0.556939 	0.123817 	
5.765	0.0506766 	-0.0558974 	-1.92487 	0.296793 	0.556731 	0.123818 	
5.77	0.0506493 	-0.0558155 	-1.9249 	0.296771 	0.556524 	0.123819 	
5.775	0.0506221 	-0.0557313 	-1.92493 	0.296749 	0.556317 	0.12382 	
5.78	0.0505944 	-0.0556492 	-1.92496 	0.296728 	0.55611 	0.12382 	
5.785	0.0505671 	-0.0555651 	-1.92499 	0.296706 	0.555903 	0.123821 	
5.79	0.0505396 	-0.0554831 	-1.92502 	0.296684 	0.555696 	0.123822 	
5.795	0.0505125 	-0.0553991 	-1.92504 	0.296662 	0.555488 	0.123823 	
5.8	0.0504848 	-0.0553172 	-1.92508 	0.29664 	0.555281 	0.123824 	
5.805	0.0504579 	-0.0552332 	-1.9251 	0.296618 	0.555074 	0.123825 	
5.81	0.050431 	-0.0551515 	-1.92513 	0.296596 	0.554867 	0.123826 	
5.815	0.050405 	-0.0550691 	-1.92516 	0.296575 	0.55466 	0.123827 	
5.82	0.050379 	-0.054986 	-1.92519 	0.296553 	0.554453 	0.123828 	
5.825	0.0503546 	-0.054905 	-1.92521 	0.296531 	0.554245 	0.123829 	
5.83	0.0503301 	-0.0548197 	-1.92524 	0.296509 	0.554038 	0.12383 	
5.835	0.0503088 	-0.0547385 	-1.92528 	0.296487 	0.553831 	0.123831 	
5.84	0.0502847 	-0.0546522 	-1.9253 	0.296466 	0.553624 	0.123832 	
5.845	0.050266 	-0.0545724 	-1.92534 	0.296444 	0.553417 	0.123833 	
5.85	0.0502457 	-0.054488 	-1.92536 	0.296422 	0.55321 	0.123834 	
5.855	0.0502271 	-0.0544071 	-1.92539 	0.2964 	0.553002 	0.123834 	
5.86	0.050207 	-0.0543219 	-1.92541 	0.296379 	0.552795 	0.123835 	
5.865	0.0501885 	-0.0542402 	-1.92544 	0.296357 	0.552588 	0.123836 	
5.87	0.0501685 	-0.0541543 	-1.92546 	0.296335 	0.55238 	0.123837 	
5.875	0.0501502 	-0.0540722 	-1.92548 	0.296313 	0.552173 	0.123837 	
5.88	0.0501309 	-0.0539852 	-1.9255 	0.296292 	0.551966 	0.123838 	
5.885	0.0501154 	-0.0539012 	-1.92553 	0.29627 	0.551759 	0.123838 	
5.89	0.0500992 	-0.053814 	-1.92555 	0.296248 	0.551551 	0.123839 	
5.895	0.0500856 	-0.0537279 	-1.92558 	0.296227 	0.551344 	0.123839 	
5.9	0.0500713 	-0.0536399 	-1.9256 	0.296205 	0.551137 	0.12384 	
5.905	0.0500595 	-0.0535533 	-1.92562 	0.296183 	0.550929 	0.12384 	
5.91	0.0500469 	-0.0534648 	-1.92565 	0.296162 	0.550722 	0.12384 	
5.915	0.0500365 	-0.0533777 	-1.92567 	0.29614 	0.550515 	0.123841 	
5.92	0.050025 	-0.0532888 	-1.92569 	0.296119 	0.550308 	0.123841 	
5.925	0.0500156 	-0.0532014 	-1.92572 	0.296097 	0.5501 	0.123842 	
5.93	0.0500051 	-0.0531122 	-1.92574 	0.296076 	0.549893 	0.123842 	
5.935	0.0499964 	-0.0530245 	-1.92577 	0.296054 	0.549686 	0.123842 	
5.94	0.0499865 	-0.0529351 	-1.92579 	0.296032 	0.549478 	0.123843 	
5.945	0.0499784 	-0.0528472 	-1.92582 	0.296011 	0.549271 	0.123843 	
5.95	0.049969 	-0.0527577 	-1.92584 	0.295989 	0.549064 	0.123843 	
5.955	0.0499612 	-0.0526697 	-1.92587 	0.295968 	0.548857 	0.123843 	
5.96	0.0499521 	-0.05258 	-1.92589 	0.295946 	0.548649 	0.123844 	
5.965	0.0499447 	-0.0524919 	-1.92592 	0.295925 	0.548442 	0.123844 	
5.97	0.0499358 	-0.0524022 	-1.92594 	0.295903 	0.548235 	0.123844 	
5.975	0.0499285 	-0.0523141 	-1.92597 	0.295882 	0.548027 	0.123844 	
5.98	0.0499198 	-0.0522243 	-1.92599 	0.29586 	0.54782 	0.123844 	
5.985	0.0499127 	-0.0521361 	-1.92601 	0.295839 	0.547613 	0.123845 	
5.99	0.049904 	-0.0520463 	-1.92604 	0.295817 	0.547406 	0.123845 	
5.995	0.049897 	-0.0519582 	-1.92606 	0.295796 	0.547198 	0.123845 	
6	0.0498884 	-0.0518683 	-1.92609 	0.295774 	0.546991 	0.123845 	
6.005	0.0498813 	-0.0517802 	-1.92611 	0.295752 	0.546784 	0.123845 	
6.01	0.0498721 	-0.0516907 	-1.92613 	0.295731 	0.546576 	0.123845 	
6.015	0.0498628 	-0.0516036 	-1.92616 	0.295709 	0.546369 	0.123846 	
6.02	0.0498522 	-0.0515146 	-1.92618 	0.295688 	0.546162 	0.123846 	
6.025	0.0498418 	-0.0514281 	-1.92621 	0.295666 	0.545955 	0.123846 	
6.03	0.0498308 	-0.0513395 	-1.92623 	0.295644 	0.545747 	0.123846 	
6.035	0.0498214 	-0.0512527 	-1.92626 	0.295623 	0.54554 	0.123846 	
6.04	0.0498103 	-0.0511642 	-1.92628 	0.295601 	0.545333 	0.123846 	
6.045	0.0498011 	-0.0510771 	-1.92631 	0.295579 	0.545126 	0.123846 	
6.05	0.0497894 	-0.050989 	-1.92633 	0.295558 	0.544918 	0.123846 	
6.055	0.0497767 	-0.0509022 	-1.92636 	0.295536 	0.544711 	0.123847 	
6.06	0.0497635 	-0.0508139 	-1.92638 	0.295514 	0.544504 	0.123847 	
6.065	0.0497501 	-0.0507267 	-1.92641 	0.295493 	0.544297 	0.123847 	
6.07	0.0497365 	-0.0506379 	-1.92644 	0.295471 	0.544089 	0.123848 	
6.075	0.0497234 	-0.0505502 	-1.92647 	0.295449 	0.543882 	0.123848 	
6.08	0.0497098 	-0.0504611 	-1.92649 	0.295428 	0.543675 	0.123848 	
6.085	0.0496968 	-0.0503732 	-1.92652 	0.295406 	0.543467 	0.123849 	
6.09	0.0496832 	-0.0502837 	-1.92654 	0.295384 	0.54326 	0.123849 	
6.095	0.0496701 	-0.0501956 	-1.92657 	0.295363 	0.543053 	0.12385 	
6.1	0.0496565 	-0.0501059 	-1.92659 	0.295341 	0.542845 	0.12385 	
6.105	0.049644 	-0.0500175 	-1.92662 	0.295319 	0.542638 	0.123851 	
6.11	0.0496291 	-0.0499279 	-1.92665 	0.295297 	0.542431 	0.123851 	
6.115	0.0496168 	-0.0498394 	-1.92668 	0.295276 	0.542224 	0.123852 	
6.12	0.0496043 	-0.0497493 	-1.9267 	0.295254 	0.542016 	0.123852 	
6.125	0.0495942 	-0.0496605 	-1.92673 	0.295232 	0.541809 	0.123853 	
6.13	0.0495838 	-0.04957 	-1.92676 	0.295211 	0.541602 	0.123853 	
6.135	0.0495756 	-0.0494808 	-1.92678 	0.295189 	0.541394 	0.123854 	
6.14	0.0495669 	-0.04939 	-1.92681 	0.295168 	0.541187 	0.123854 	
6.145	0.0495604 	-0.0493005 	-1.92684 	0.295146 	0.54098 	0.123854 	
6.15	0.0495532 	-0.0492094 	-1.92686 	0.295124 	0.540772 	0.123855 	
6.155	0.0495481 	-0.0491195 	-1.92689 	0.295103 	0.540565 	0.123855 	
6.16	0.0495422 	-0.0490284 	-1.92691 	0.295081 	0.540358 	0.123856 	
6.165	0.0495366 	-0.048939 	-1.92694 	0.29506 	0.540151 	0.123856 	
6.17	0.0495247 	-0.0488475 	-1.92696 	0.295038 	0.539943 	0.123856 	
6.175	0.0495122 	-0.0487591 	-1.92699 	0.295016 	0.539736 	0.123857 	
6.18	0.0494966 	-0.0486681 	-1.92701 	0.294995 	0.539528 	0.123857 	
6.185	0.0494812 	-0.0485801 	-1.92703 	0.294973 	0.539321 	0.123857 	
6.19	0.0494652 	-0.0484896 	-1.92705 	0.294951 	0.539114 	0.123858 	
6.195	0.0494516 	-0.0484022 	-1.92707 	0.294929 	0.538906 	0.123858 	
6.2	0.0494372 	-0.0483122 	-1.92709 	0.294907 	0.538699 	0.123858 	
6.205	0.0494251 	-0.0482252 	-1.92712 	0.294885 	0.538492 	0.123859 	
6.21	0.0494121 	-0.0481357 	-1.92713 	0.294864 	0.538284 	0.123859 	
6.215	0.0494007 	-0.048049 	-1.92716 	0.294842 	0.538077 	0.123859 	
6.22	0.0493869 	-0.0479596 	-1.92717 	0.29482 	0.537869 	0.12386 	
6.225	0.0493725 	-0.0478753 	-1.9272 	0.294798 	0.537662 	0.12386 	
6.23	0.0493574 	-0.0477934 	-1.92722 	0.294776 	0.537455 	0.12386 	
6.235	0.0493437 	-0.0477142 	-1.92724 	0.294754 	0.537248 	0.123861 	
6.24	0.0493274 	-0.0476303 	-1.92726 	0.294733 	0.53704 	0.123861 	
6.245	0.0493117 	-0.0475496 	-1.92728 	0.294711 	0.536833 	0.123861 	
6.25	0.0492944 	-0.0474648 	-1.9273 	0.294689 	0.536626 	0.123861 	
6.255	0.04928 	-0.047385 	-1.92732 	0.294667 	0.536419 	0.123862 	
6.26	0.0492627 	-0.0473124 	-1.92734 	0.294645 	0.536212 	0.123862 	
6.265	0.0492538 	-0.0472597 	-1.92737 	0.294623 	0.536005 	0.123862 	
6.27	0.0492424 	-0.0472003 	-1.9274 	0.294601 	0.535799 	0.123863 	
6.275	0.0492329 	-0.0471408 	-1.92743 	0.294579 	0.535592 	0.123863 	
6.28	0.0492208 	-0.0470752 	-1.92745 	0.294557 	0.535385 	0.123864 	
6.285	0.049209 	-0.0470104 	-1.92748 	0.294535 	0.535178 	0.123864 	
6.29	0.0491959 	-0.0469397 	-1.9275 	0.294513 	0.534972 	0.123864 	
6.295	0.0491855 	-0.0468694 	-1.92752 	0.294491 	0.534765 	0.123865 	
6.3	0.0491745 	-0.0467941 	-1.92754 	0.294469 	0.534558 	0.123865 	
6.305	0.0491664 	-0.0467198 	-1.92756 	0.294447 	0.534351 	0.123865 	
6.31	0.0491575 	-0.046641 	-1.92758 	0.294426 	0.534144 	0.123865 	
6.315	0.0491511 	-0.0465636 	-1.92761 	0.294404 	0.533937 	0.123866 	
6.32	0.0491437 	-0.0464819 	-1.92763 	0.294382 	0.53373 	0.123866 	
6.325	0.0491385 	-0.0464022 	-1.92765 	0.29436 	0.533523 	0.123866 	
6.33	0.0491323 	-0.0463182 	-1.92767 	0.294338 	0.533316 	0.123866 	
6.335	0.0491278 	-0.0462367 	-1.92769 	0.294317 	0.533109 	0.123867 	
6.34	0.0491223 	-0.0461511 	-1.92771 	0.294295 	0.532902 	0.123867 	
6.345	0.0491184 	-0.0460681 	-1.92773 	0.294273 	0.532695 	0.123867 	
6.35	0.0491134 	-0.0459811 	-1.92775 	0.294252 	0.532488 	0.123867 	
6.355	0.04911 	-0.045897 	-1.92778 	0.29423 	0.532281 	0.123868 	
6.36	0.0491052 	-0.045809 	-1.9278 	0.294208 	0.532074 	0.123868 	
6.365	0.0491016 	-0.0457244 	-1.92782 	0.294187 	0.531866 	0.123868 	
6.37	0.0490967 	-0.0456357 	-1.92784 	0.294165 	0.531659 	0.123868 	
6.375	0.0490928 	-0.0455505 	-1.92786 	0.294143 	0.531452 	0.123869 	
6.38	0.0490871 	-0.0454613 	-1.92788 	0.294121 	0.531245 	0.123869 	
6.385	0.0490819 	-0.0453758 	-1.9279 	0.2941 	0.531038 	0.123869 	
6.39	0.0490747 	-0.0452866 	-1.92792 	0.294078 	0.530831 	0.123869 	
6.395	0.0490681 	-0.045201 	-1.92794 	0.294056 	0.530623 	0.123869 	
6.4	0.0490594 	-0.0451119 	-1.92796 	0.294034 	0.530416 	0.123869 	
6.405	0.0490512 	-0.0450261 	-1.92798 	0.294013 	0.530209 	0.123869 	
6.41	0.0490409 	-0.0449367 	-1.928 	0.293991 	0.530001 	0.12387 	
6.415	0.0490313 	-0.0448508 	-1.92802 	0.293969 	0.529794 	0.12387 	
6.42	0.0490197 	-0.0447612 	-1.92804 	0.293947 	0.529587 	0.12387 	
6.425	0.049009 	-0.0446752 	-1.92806 	0.293925 	0.529379 	0.123871 	
6.43	0.0489963 	-0.0445855 	-1.92808 	0.293903 	0.529172 	0.123871 	
6.435	0.0489846 	-0.0444994 	-1.9281 	0.293882 	0.528965 	0.123871 	
6.44	0.048971 	-0.0444096 	-1.92812 	0.29386 	0.528757 	0.123872 	
6.445	0.0489585 	-0.0443236 	-1.92814 	0.293838 	0.52855 	0.123872 	
6.45	0.0489429 	-0.0442346 	-1.92816 	0.293816 	0.528343 	0.123872 	
6.455	0.0489249 	-0.0441494 	-1.92818 	0.293794 	0.528135 	0.123873 	
6.46	0.0489044 	-0.044061 	-1.9282 	0.293772 	0.527928 	0.123873 	
6.465	0.0488826 	-0.0439762 	-1.92822 	0.29375 	0.52772 	0.123874 	
6.47	0.0488588 	-0.043888 	-1.92824 	0.293727 	0.527513 	0.123874 	
6.475	0.0488345 	-0.0438032 	-1.92826 	0.293705 	0.527306 	0.123874 	
6.48	0.0488094 	-0.0437149 	-1.92827 	0.293683 	0.527098 	0.123875 	
6.485	0.0487864 	-0.0436293 	-1.9283 	0.293661 	0.526891 	0.123875 	
6.49	0.0487637 	-0.0435414 	-1.92831 	0.293639 	0.526683 	0.123876 	
6.495	0.0487456 	-0.0434605 	-1.92834 	0.293617 	0.526476 	0.123876 	
6.5	0.0487254 	-0.0433768 	-1.92836 	0.293595 	0.526269 	0.123877 	
6.505	0.0487084 	-0.0432949 	-1.92838 	0.293573 	0.526062 	0.123878 	
6.51	0.0486888 	-0.0432103 	-1.92841 	0.293551 	0.525854 	0.123878 	
6.515	0.0486732 	-0.0431273 	-1.92843 	0.293529 	0.525647 	0.123879 	
6.52	0.0486573 	-0.0430414 	-1.92846 	0.293507 	0.52544 	0.12388 	
6.525	0.0486453 	-0.0429572 	-1.92848 	0.293485 	0.525232 	0.12388 	
6.53	0.0486327 	-0.0428702 	-1.92851 	0.293463 	0.525025 	0.123881 	
6.535	0.0486236 	-0.042785 	-1.92853 	0.293441 	0.524818 	0.123881 	
6.54	0.0486138 	-0.042697 	-1.92856 	0.293419 	0.524611 	0.123882 	
6.545	0.0486072 	-0.0426109 	-1.92858 	0.293397 	0.524403 	0.123882 	
6.55	0.0485998 	-0.0425221 	-1.9286 	0.293375 	0.524196 	0.123883 	
6.555	0.048595 	-0.0424377 	-1.92863 	0.293354 	0.523989 	0.123883 	
6.56	0.0485891 	-0.0423586 	-1.92866 	0.293332 	0.523782 	0.123884 	
6.565	0.0485865 	-0.0422839 	-1.92869 	0.29331 	0.523575 	0.123885 	
6.57	0.0485808 	-0.0422085 	-1.92871 	0.293288 	0.523368 	0.123885 	
6.575	0.0485807 	-0.0421384 	-1.92875 	0.293266 	0.523161 	0.123886 	
6.58	0.0485774 	-0.0420622 	-1.92877 	0.293244 	0.522954 	0.123886 	
6.585	0.048576 	-0.0419874 	-1.92881 	0.293223 	0.522748 	0.123887 	
6.59	0.0485693 	-0.0419079 	-1.92883 	0.293201 	0.522541 	0.123887 	
6.595	0.048561 	-0.0418305 	-1.92886 	0.293179 	0.522334 	0.123888 	
6.6	0.0485481 	-0.0417488 	-1.92888 	0.293157 	0.522127 	0.123888 	
6.605	0.048534 	-0.0416696 	-1.92891 	0.293135 	0.52192 	0.123889 	
6.61	0.048516 	-0.0415865 	-1.92892 	0.293113 	0.521712 	0.123889 	
6.615	0.0484975 	-0.0415061 	-1.92895 	0.293091 	0.521505 	0.12389 	
6.62	0.0484756 	-0.0414218 	-1.92897 	0.293068 	0.521298 	0.12389 	
6.625	0.048454 	-0.0413403 	-1.92899 	0.293046 	0.521091 	0.123891 	
6.63	0.0484301 	-0.0412551 	-1.92901 	0.293024 	0.520884 	0.123891 	
6.635	0.04841 	-0.0411733 	-1.92903 	0.293002 	0.520677 	0.123892 	
6.64	0.0483874 	-0.0410866 	-1.92905 	0.29298 	0.520469 	0.123892 	
6.645	0.0483683 	-0.0410033 	-1.92907 	0.292957 	0.520262 	0.123893 	
6.65	0.0483466 	-0.0409162 	-1.92909 	0.292935 	0.520055 	0.123893 	
6.655	0.0483297 	-0.0408319 	-1.92911 	0.292913 	0.519848 	0.123894 	
6.66	0.0483093 	-0.0407453 	-1.92913 	0.292891 	0.51964 	0.123894 	
6.665	0.0482915 	-0.0406621 	-1.92915 	0.292869 	0.519433 	0.123895 	
6.67	0.0482774 	-0.0405761 	-1.92917 	0.292847 	0.519226 	0.123896 	
6.675	0.0482696 	-0.0404971 	-1.9292 	0.292825 	0.519019 	0.123896 	
6.68	0.0482588 	-0.0404143 	-1.92923 	0.292803 	0.518811 	0.123897 	
6.685	0.0482455 	-0.0403353 	-1.92926 	0.292781 	0.518604 	0.123897 	
6.69	0.0482301 	-0.0402534 	-1.92929 	0.292759 	0.518397 	0.123898 	
6.695	0.0482135 	-0.040173 	-1.92931 	0.292736 	0.51819 	0.123898 	
6.7	0.0481953 	-0.0400898 	-1.92934 	0.292714 	0.517983 	0.123899 	
6.705	0.0481764 	-0.0400085 	-1.92936 	0.292692 	0.517776 	0.123899 	
6.71	0.0481556 	-0.0399245 	-1.92938 	0.29267 	0.517568 	0.1239 	
6.715	0.0481344 	-0.0398425 	-1.9294 	0.292647 	0.517361 	0.1239 	
6.72	0.0481122 	-0.0397576 	-1.92942 	0.292625 	0.517154 	0.123901 	
6.725	0.0480917 	-0.039675 	-1.92944 	0.292603 	0.516947 	0.123901 	
6.73	0.0480685 	-0.0395904 	-1.92946 	0.292581 	0.516739 	0.123901 	
6.735	0.0480466 	-0.0395081 	-1.92949 	0.292558 	0.516532 	0.123902 	
6.74	0.0480216 	-0.0394236 	-1.9295 	0.292536 	0.516325 	0.123902 	
6.745	0.047997 	-0.0393407 	-1.92953 	0.292514 	0.516118 	0.123903 	
6.75	0.0479722 	-0.0392546 	-1.92955 	0.292491 	0.51591 	0.123904 	
6.755	0.0479475 	-0.0391712 	-1.92957 	0.292469 	0.515703 	0.123904 	
6.76	0.0479213 	-0.0390854 	-1.92959 	0.292446 	0.515496 	0.123905 	
6.765	0.0478978 	-0.0390067 	-1.92962 	0.292424 	0.515289 	0.123906 	
6.77	0.0478801 	-0.0389386 	-1.92965 	0.292402 	0.515082 	0.123906 	
6.775	0.0478647 	-0.0388832 	-1.92968 	0.292379 	0.514876 	0.123907 	
6.78	0.0478632 	-0.0388277 	-1.92971 	0.292357 	0.514669 	0.123908 	
6.785	0.0478512 	-0.0387754 	-1.92975 	0.292335 	0.514463 	0.123909 	
6.79	0.0478368 	-0.0387151 	-1.92978 	0.292313 	0.514257 	0.12391 	
6.795	0.0478219 	-0.038654 	-1.92981 	0.292291 	0.514051 	0.123911 	
6.8	0.0478037 	-0.0385868 	-1.92984 	0.292268 	0.513844 	0.123912 	
6.805	0.0477846 	-0.0385198 	-1.92987 	0.292246 	0.513638 	0.123913 	
6.81	0.0477633 	-0.0384477 	-1.92989 	0.292224 	0.513431 	0.123914 	
6.815	0.0477413 	-0.0383763 	-1.92992 	0.292201 	0.513224 	0.123915 	
6.82	0.0477176 	-0.0383005 	-1.92994 	0.292179 	0.513017 	0.123916 	
6.825	0.0476937 	-0.038226 	-1.92996 	0.292156 	0.512811 	0.123917 	
6.83	0.0476682 	-0.0381474 	-1.92998 	0.292134 	0.512604 	0.123918 	
6.835	0.0476427 	-0.0380706 	-1.93 	0.292111 	0.512397 	0.123919 	
6.84	0.0476159 	-0.03799 	-1.93001 	0.292089 	0.51219 	0.123919 	
6.845	0.0475893 	-0.0379115 	-1.93003 	0.292066 	0.511983 	0.12392 	
6.85	0.0475615 	-0.0378295 	-1.93005 	0.292044 	0.511776 	0.123921 	
6.855	0.0475339 	-0.0377498 	-1.93007 	0.292021 	0.511569 	0.123922 	
6.86	0.0475052 	-0.0376667 	-1.93008 	0.291999 	0.511362 	0.123922 	
6.865	0.0474769 	-0.0375862 	-1.9301 	0.291976 	0.511155 	0.123923 	
6.87	0.0474474 	-0.0375024 	-1.93011 	0.291954 	0.510947 	0.123924 	
6.875	0.0474183 	-0.0374214 	-1.93013 	0.291931 	0.51074 	0.123924 	
6.88	0.0473881 	-0.0373371 	-1.93014 	0.291909 	0.510533 	0.123925 	
6.885	0.0473581 	-0.0372557 	-1.93016 	0.291886 	0.510326 	0.123926 	
6.89	0.0473275 	-0.037171 	-1.93017 	0.291864 	0.510119 	0.123926 	
6.895	0.0472995 	-0.0370891 	-1.93019 	0.291841 	0.509911 	0.123927 	
6.9	0.0472705 	-0.037004 	-1.9302 	0.291818 	0.509704 	0.123927 	
6.905	0.0472447 	-0.0369217 	-1.93022 	0.291796 	0.509497 	0.123928 	
6.91	0.0472162 	-0.0368355 	-1.93023 	0.291773 	0.50929 	0.123929 	
6.915	0.0471863 	-0.0367519 	-1.93025 	0.291751 	0.509082 	0.123929 	
6.92	0.0471546 	-0.0366645 	-1.93026 	0.291728 	0.508875 	0.12393 	
6.925	0.0471222 	-0.0365803 	-1.93028 	0.291706 	0.508668 	0.123931 	
6.93	0.0470883 	-0.0364923 	-1.9303 	0.291683 	0.50846 	0.123932 	
6.935	0.0470548 	-0.0364082 	-1.93032 	0.29166 	0.508253 	0.123933 	
6.94	0.0470244 	-0.0363241 	-1.93034 	0.291638 	0.508046 	0.123934 	
