0.0	0.310429	-0.173769	0.537008	0.180534	-1.45468	-0.24872
0.005	0.310429	-0.173769	0.537008	0.180534	-1.45468	-0.24872
0.01	0.310429	-0.173769	0.537008	0.180534	-1.45468	-0.24872
0.015	0.31043	-0.173769	0.537008	0.180534	-1.45468	-0.24872
0.02	0.310431	-0.173769	0.537008	0.180534	-1.45468	-0.24872
0.025	0.310433	-0.173769	0.537009	0.180534	-1.45468	-0.24872
0.03	0.310435	-0.173769	0.537009	0.180534	-1.45468	-0.24872
0.035	0.310438	-0.173769	0.53701	0.180534	-1.45468	-0.24872
0.04	0.310441	-0.173769	0.53701	0.180534	-1.45468	-0.24872
0.045	0.310445	-0.173769	0.537011	0.180534	-1.45468	-0.24872
0.05	0.31045	-0.173769	0.537012	0.180534	-1.45468	-0.24872
0.055	0.310455	-0.17377	0.537013	0.180534	-1.45468	-0.24872
0.06	0.310461	-0.17377	0.537014	0.180534	-1.45468	-0.24872
0.065	0.310467	-0.17377	0.537015	0.180534	-1.45468	-0.24872
0.07	0.310473	-0.17377	0.537016	0.180534	-1.45468	-0.24872
0.075	0.310481	-0.17377	0.537018	0.180534	-1.45468	-0.24872
0.08	0.310488	-0.17377	0.537019	0.180534	-1.45468	-0.24872
0.085	0.310497	-0.17377	0.537021	0.180534	-1.45468	-0.24872
0.09	0.310505	-0.173771	0.537022	0.180534	-1.45468	-0.24872
0.095	0.310516	-0.173771	0.537024	0.180534	-1.45468	-0.24872
0.1	0.310526	-0.173771	0.537026	0.180534	-1.45468	-0.24872
0.105	0.310536	-0.173771	0.537028	0.180534	-1.45468	-0.24872
0.11	0.310547	-0.173771	0.53703	0.180534	-1.45468	-0.24872
0.115	0.310559	-0.173772	0.537032	0.180534	-1.45468	-0.24872
0.12	0.310571	-0.173772	0.537034	0.180534	-1.45468	-0.24872
0.125	0.310583	-0.173772	0.537037	0.180534	-1.45468	-0.24872
0.13	0.310597	-0.173772	0.537039	0.180534	-1.45468	-0.24872
0.135	0.31061	-0.173773	0.537042	0.180534	-1.45468	-0.24872
0.14	0.310624	-0.173773	0.537044	0.180534	-1.45468	-0.24872
0.145	0.310639	-0.173773	0.537047	0.180534	-1.45468	-0.24872
0.15	0.310654	-0.173774	0.53705	0.180534	-1.45468	-0.24872
0.155	0.31067	-0.173774	0.537053	0.180534	-1.45468	-0.24872
0.16	0.310687	-0.173774	0.537056	0.180534	-1.45468	-0.24872
0.165	0.310641	-0.173759	0.53704	0.178912	-1.45354	-0.246485
0.17	0.310658	-0.173759	0.537043	0.178912	-1.45354	-0.246485
0.175	0.310676	-0.17376	0.537047	0.178912	-1.45354	-0.246485
0.18	0.310695	-0.17376	0.53705	0.178912	-1.45354	-0.246485
0.185	0.310714	-0.17376	0.537054	0.178912	-1.45354	-0.246485
0.19	0.310733	-0.173761	0.537057	0.178912	-1.45354	-0.246485
0.195	0.310753	-0.173761	0.537061	0.178912	-1.45354	-0.246485
0.2	0.310774	-0.173762	0.537065	0.178912	-1.45354	-0.246485
0.205	0.310795	-0.173762	0.537069	0.178912	-1.45354	-0.246485
0.21	0.310816	-0.173762	0.537073	0.178912	-1.45354	-0.246485
0.215	0.310839	-0.173763	0.537077	0.178912	-1.45354	-0.246485
0.22	0.310861	-0.173763	0.537081	0.178912	-1.45354	-0.246485
0.225	0.310823	-0.173749	0.537066	0.177313	-1.45242	-0.244282
0.23	0.310846	-0.173749	0.537071	0.177313	-1.45242	-0.244282
0.235	0.310871	-0.173749	0.537075	0.177313	-1.45242	-0.244282
0.24	0.310895	-0.17375	0.53708	0.177313	-1.45242	-0.244282
0.245	0.310921	-0.17375	0.537085	0.177313	-1.45242	-0.244282
0.25	0.310946	-0.173751	0.537089	0.177313	-1.45242	-0.244282
0.255	0.310973	-0.173751	0.537094	0.177313	-1.45242	-0.244282
0.26	0.310999	-0.173752	0.537099	0.177313	-1.45242	-0.244282
0.265	0.311027	-0.173752	0.537104	0.177313	-1.45242	-0.244282
0.27	0.311054	-0.173753	0.537109	0.177313	-1.45242	-0.244282
0.275	0.311017	-0.173738	0.537095	0.175618	-1.45123	-0.241947
0.28	0.311046	-0.173738	0.5371	0.175618	-1.45123	-0.241947
0.285	0.311076	-0.173739	0.537106	0.175618	-1.45123	-0.241947
0.29	0.311105	-0.173739	0.537111	0.175618	-1.45123	-0.241947
0.295	0.311136	-0.17374	0.537117	0.175618	-1.45123	-0.241947
0.3	0.311167	-0.17374	0.537122	0.175618	-1.45123	-0.241947
0.305	0.311198	-0.173741	0.537128	0.175618	-1.45123	-0.241947
0.31	0.31123	-0.173741	0.537134	0.175618	-1.45123	-0.241947
0.315	0.3112	-0.173727	0.537121	0.174005	-1.4501	-0.239725
0.32	0.311233	-0.173728	0.537127	0.174005	-1.4501	-0.239725
0.325	0.311266	-0.173728	0.537134	0.174005	-1.4501	-0.239725
0.33	0.3113	-0.173729	0.53714	0.174005	-1.4501	-0.239725
0.335	0.311334	-0.173729	0.537146	0.174005	-1.4501	-0.239725
0.34	0.311369	-0.17373	0.537153	0.174005	-1.4501	-0.239725
0.345	0.311404	-0.17373	0.537159	0.174005	-1.4501	-0.239725
0.35	0.311379	-0.173717	0.537147	0.172425	-1.44899	-0.237548
0.355	0.311416	-0.173717	0.537154	0.172425	-1.44899	-0.237548
0.36	0.311452	-0.173718	0.537161	0.172425	-1.44899	-0.237548
0.365	0.31149	-0.173719	0.537168	0.172425	-1.44899	-0.237548
0.37	0.311527	-0.173719	0.537175	0.172425	-1.44899	-0.237548
0.375	0.311566	-0.17372	0.537182	0.172425	-1.44899	-0.237548
0.38	0.311604	-0.17372	0.537189	0.172425	-1.44899	-0.237548
0.385	0.311577	-0.173706	0.537176	0.170708	-1.44779	-0.235182
0.39	0.311617	-0.173706	0.537184	0.170708	-1.44779	-0.235182
0.395	0.311657	-0.173707	0.537191	0.170708	-1.44779	-0.235182
0.4	0.311698	-0.173707	0.537198	0.170708	-1.44779	-0.235182
0.405	0.311739	-0.173708	0.537206	0.170708	-1.44779	-0.235182
0.41	0.311781	-0.173708	0.537214	0.170708	-1.44779	-0.235182
0.415	0.31176	-0.173695	0.537203	0.169088	-1.44665	-0.232951
0.42	0.311803	-0.173696	0.537211	0.169088	-1.44665	-0.232951
0.425	0.311846	-0.173696	0.537218	0.169089	-1.44665	-0.232951
0.43	0.311889	-0.173697	0.537226	0.169089	-1.44665	-0.232951
0.435	0.311933	-0.173697	0.537235	0.169089	-1.44665	-0.232951
0.44	0.311978	-0.173698	0.537243	0.169089	-1.44665	-0.232951
0.445	0.311956	-0.173684	0.537231	0.16738	-1.44546	-0.230597
0.45	0.312002	-0.173685	0.53724	0.16738	-1.44546	-0.230597
0.455	0.312047	-0.173685	0.537248	0.16738	-1.44546	-0.230597
0.46	0.312094	-0.173686	0.537257	0.16738	-1.44546	-0.230597
0.465	0.312141	-0.173686	0.537265	0.16738	-1.44546	-0.230597
0.47	0.312188	-0.173687	0.537274	0.16738	-1.44546	-0.230597
0.475	0.312165	-0.173672	0.537262	0.165564	-1.44418	-0.228096
0.48	0.312213	-0.173673	0.537271	0.165564	-1.44418	-0.228096
0.485	0.312262	-0.173673	0.537279	0.165564	-1.44418	-0.228096
0.49	0.312311	-0.173674	0.537288	0.165564	-1.44418	-0.228096
0.495	0.31236	-0.173674	0.537297	0.165564	-1.44418	-0.228096
0.5	0.312347	-0.173662	0.537288	0.163939	-1.44304	-0.225857
0.505	0.312397	-0.173662	0.537297	0.163939	-1.44304	-0.225857
0.51	0.312448	-0.173663	0.537307	0.163939	-1.44304	-0.225857
0.515	0.312499	-0.173663	0.537316	0.163939	-1.44304	-0.225857
0.52	0.312551	-0.173664	0.537325	0.163939	-1.44304	-0.225857
0.525	0.312538	-0.173651	0.537316	0.162268	-1.44187	-0.223555
0.53	0.312591	-0.173651	0.537325	0.162268	-1.44187	-0.223555
0.535	0.312643	-0.173652	0.537335	0.162268	-1.44187	-0.223555
0.54	0.312697	-0.173652	0.537345	0.162268	-1.44187	-0.223555
0.545	0.312751	-0.173653	0.537355	0.162268	-1.44187	-0.223555
0.55	0.312737	-0.17364	0.537345	0.16053	-1.44065	-0.22116
0.555	0.312792	-0.17364	0.537355	0.16053	-1.44065	-0.22116
0.56	0.312847	-0.17364	0.537365	0.16053	-1.44065	-0.22116
0.565	0.312902	-0.173641	0.537375	0.16053	-1.44065	-0.22116
0.57	0.312958	-0.173641	0.537385	0.16053	-1.44065	-0.22116
0.575	0.312944	-0.173628	0.537375	0.158723	-1.43939	-0.21867
0.58	0.313001	-0.173628	0.537385	0.158723	-1.43939	-0.21867
0.585	0.313058	-0.173629	0.537396	0.158723	-1.43939	-0.21867
0.59	0.313116	-0.173629	0.537406	0.158723	-1.43939	-0.21867
0.595	0.313174	-0.173629	0.537417	0.158723	-1.43939	-0.21867
0.6	0.313159	-0.173616	0.537406	0.156849	-1.43807	-0.216089
0.605	0.313218	-0.173616	0.537417	0.156849	-1.43807	-0.216089
0.61	0.313277	-0.173616	0.537428	0.156849	-1.43807	-0.216089
0.615	0.313336	-0.173617	0.537439	0.156849	-1.43807	-0.216089
0.62	0.313335	-0.173605	0.537432	0.155264	-1.43696	-0.213905
0.625	0.313395	-0.173606	0.537443	0.155264	-1.43696	-0.213905
0.63	0.313456	-0.173606	0.537454	0.155264	-1.43696	-0.213905
0.635	0.313517	-0.173606	0.537465	0.155264	-1.43696	-0.213905
0.64	0.313516	-0.173595	0.537458	0.153672	-1.43585	-0.211712
0.645	0.313578	-0.173595	0.537469	0.153672	-1.43585	-0.211712
0.65	0.31364	-0.173595	0.537481	0.153672	-1.43585	-0.211712
0.655	0.313703	-0.173596	0.537492	0.153672	-1.43585	-0.211712
0.66	0.313702	-0.173585	0.537485	0.152044	-1.4347	-0.209469
0.665	0.313766	-0.173585	0.537497	0.152044	-1.4347	-0.209469
0.67	0.313829	-0.173585	0.537508	0.152044	-1.4347	-0.209469
0.675	0.313893	-0.173585	0.53752	0.152044	-1.4347	-0.209469
0.68	0.313893	-0.173574	0.537513	0.150377	-1.43353	-0.207173
0.685	0.313958	-0.173574	0.537525	0.150377	-1.43353	-0.207173
0.69	0.314023	-0.173574	0.537536	0.150377	-1.43353	-0.207173
0.695	0.314088	-0.173574	0.537548	0.150377	-1.43353	-0.207173
0.7	0.314088	-0.173563	0.537541	0.148673	-1.43234	-0.204825
0.705	0.314154	-0.173563	0.537553	0.148673	-1.43234	-0.204825
0.71	0.314221	-0.173562	0.537565	0.148673	-1.43234	-0.204825
0.715	0.314288	-0.173562	0.537577	0.148673	-1.43234	-0.204825
0.72	0.314287	-0.173551	0.53757	0.146932	-1.43112	-0.202427
0.725	0.314354	-0.173551	0.537582	0.146932	-1.43112	-0.202427
0.73	0.314422	-0.173551	0.537595	0.146932	-1.43112	-0.202427
0.735	0.314491	-0.173551	0.537607	0.146932	-1.43112	-0.202427
0.74	0.31449	-0.17354	0.5376	0.145156	-1.42987	-0.199979
0.745	0.314559	-0.17354	0.537612	0.145156	-1.42987	-0.199979
0.75	0.314628	-0.173539	0.537625	0.145156	-1.42987	-0.199979
0.755	0.314698	-0.173539	0.537637	0.145156	-1.42987	-0.199979
0.76	0.314697	-0.173528	0.53763	0.143345	-1.4286	-0.197485
0.765	0.314767	-0.173528	0.537642	0.143345	-1.4286	-0.197485
0.77	0.314837	-0.173527	0.537655	0.143345	-1.4286	-0.197485
0.775	0.314908	-0.173527	0.537668	0.143345	-1.4286	-0.197485
0.78	0.314907	-0.173516	0.53766	0.141501	-1.42731	-0.194944
0.785	0.314979	-0.173516	0.537673	0.141501	-1.42731	-0.194944
0.79	0.315051	-0.173515	0.537686	0.141501	-1.42731	-0.194944
0.795	0.315123	-0.173515	0.537699	0.141501	-1.42731	-0.194944
0.8	0.315122	-0.173504	0.537692	0.139625	-1.426	-0.19236
0.805	0.315194	-0.173503	0.537705	0.139625	-1.426	-0.19236
0.81	0.315267	-0.173503	0.537718	0.139625	-1.426	-0.19236
0.815	0.315341	-0.173502	0.537731	0.139625	-1.426	-0.19236
0.82	0.315339	-0.173491	0.537723	0.137718	-1.42466	-0.189732
0.825	0.315413	-0.173491	0.537737	0.137718	-1.42466	-0.189732
0.83	0.315488	-0.17349	0.53775	0.137718	-1.42466	-0.189732
0.835	0.315562	-0.17349	0.537763	0.137718	-1.42466	-0.189732
0.84	0.315561	-0.173479	0.537756	0.135781	-1.4233	-0.187064
0.845	0.315636	-0.173478	0.537769	0.135781	-1.4233	-0.187064
0.85	0.315711	-0.173477	0.537782	0.135781	-1.4233	-0.187064
0.855	0.315787	-0.173477	0.537796	0.135781	-1.4233	-0.187064
0.86	0.315785	-0.173466	0.537788	0.133816	-1.42192	-0.184357
0.865	0.315861	-0.173465	0.537802	0.133816	-1.42192	-0.184357
0.87	0.315938	-0.173464	0.537815	0.133816	-1.42192	-0.184357
0.875	0.316014	-0.173464	0.537829	0.133816	-1.42192	-0.184357
0.88	0.316013	-0.173453	0.537821	0.131824	-1.42053	-0.181612
0.885	0.31609	-0.173452	0.537835	0.131824	-1.42053	-0.181612
0.89	0.316167	-0.173451	0.537849	0.131824	-1.42053	-0.181612
0.895	0.316183	-0.173443	0.537846	0.130261	-1.41943	-0.179459
0.9	0.316261	-0.173442	0.53786	0.130261	-1.41943	-0.179459
0.905	0.316339	-0.173441	0.537873	0.130261	-1.41943	-0.179459
0.91	0.316418	-0.17344	0.537887	0.130261	-1.41943	-0.179459
0.915	0.316418	-0.17343	0.53788	0.12827	-1.41803	-0.176715
0.92	0.316496	-0.173429	0.537894	0.12827	-1.41803	-0.176715
0.925	0.316575	-0.173428	0.537908	0.12827	-1.41803	-0.176715
0.93	0.316592	-0.17342	0.537905	0.126678	-1.41692	-0.174523
0.935	0.316671	-0.173419	0.537919	0.126678	-1.41692	-0.174523
0.94	0.316751	-0.173417	0.537933	0.126678	-1.41692	-0.174523
0.945	0.316769	-0.17341	0.537931	0.125116	-1.41582	-0.172371
0.95	0.316849	-0.173408	0.537945	0.125116	-1.41582	-0.172371
0.955	0.31693	-0.173407	0.537959	0.125116	-1.41582	-0.172371
0.96	0.316948	-0.173399	0.537957	0.123547	-1.41472	-0.170209
0.965	0.317029	-0.173398	0.537971	0.123547	-1.41472	-0.170209
0.97	0.31711	-0.173397	0.537986	0.123547	-1.41472	-0.170209
0.975	0.317129	-0.173389	0.537983	0.121966	-1.41361	-0.168031
0.98	0.31721	-0.173388	0.537998	0.121966	-1.41361	-0.168031
0.985	0.317292	-0.173386	0.538012	0.121966	-1.41361	-0.168031
0.99	0.31731	-0.173379	0.53801	0.120373	-1.4125	-0.165837
0.995	0.317392	-0.173377	0.538024	0.120373	-1.4125	-0.165837
1.0	0.317474	-0.173376	0.538039	0.120373	-1.4125	-0.165837
1.005	0.317493	-0.173368	0.538036	0.118771	-1.41137	-0.163629
1.01	0.317576	-0.173367	0.538051	0.118771	-1.41137	-0.163629
1.015	0.317658	-0.173365	0.538065	0.118771	-1.41137	-0.163629
1.02	0.317677	-0.173358	0.538063	0.117158	-1.41024	-0.161407
1.025	0.31776	-0.173356	0.538078	0.117158	-1.41024	-0.161407
1.03	0.317843	-0.173354	0.538092	0.117158	-1.41024	-0.161407
1.035	0.317862	-0.173347	0.53809	0.115535	-1.40911	-0.159172
1.04	0.317946	-0.173346	0.538105	0.115535	-1.40911	-0.159172
1.045	0.318029	-0.173344	0.538119	0.115535	-1.40911	-0.159172
1.05	0.318048	-0.173337	0.538117	0.113904	-1.40796	-0.156924
1.055	0.318132	-0.173335	0.538132	0.113904	-1.40796	-0.156924
1.06	0.318216	-0.173333	0.538146	0.113904	-1.40796	-0.156924
1.065	0.318235	-0.173326	0.538144	0.112264	-1.40681	-0.154665
1.07	0.318319	-0.173324	0.538159	0.112264	-1.40681	-0.154665
1.075	0.318404	-0.173322	0.538174	0.112264	-1.40681	-0.154665
1.08	0.318423	-0.173316	0.538172	0.110617	-1.40566	-0.152396
1.085	0.318508	-0.173313	0.538186	0.110617	-1.40566	-0.152396
1.09	0.318592	-0.173311	0.538201	0.110617	-1.40566	-0.152396
1.095	0.318612	-0.173305	0.538199	0.108963	-1.4045	-0.150116
1.1	0.318697	-0.173302	0.538214	0.108963	-1.4045	-0.150116
1.105	0.318782	-0.1733	0.538229	0.108963	-1.4045	-0.150116
1.11	0.318801	-0.173294	0.538227	0.107301	-1.40333	-0.147828
1.115	0.318886	-0.173292	0.538241	0.107301	-1.40333	-0.147828
1.12	0.318972	-0.173289	0.538256	0.107301	-1.40333	-0.147828
1.125	0.318991	-0.173283	0.538254	0.105634	-1.40216	-0.145531
1.13	0.319077	-0.173281	0.538269	0.105634	-1.40216	-0.145531
1.135	0.319162	-0.173278	0.538284	0.105634	-1.40216	-0.145531
1.14	0.319182	-0.173272	0.538282	0.103962	-1.40099	-0.143227
1.145	0.319268	-0.17327	0.538297	0.103962	-1.40099	-0.143227
1.15	0.319354	-0.173267	0.538312	0.103962	-1.40099	-0.143227
1.155	0.319373	-0.173261	0.53831	0.102284	-1.39981	-0.140916
1.16	0.319459	-0.173259	0.538325	0.102284	-1.39981	-0.140916
1.165	0.319545	-0.173256	0.538339	0.102284	-1.39981	-0.140916
1.17	0.319565	-0.17325	0.538338	0.100603	-1.39864	-0.138599
1.175	0.319651	-0.173248	0.538352	0.100603	-1.39864	-0.138599
1.18	0.319737	-0.173245	0.538367	0.100603	-1.39864	-0.138599
1.185	0.319757	-0.17324	0.538366	0.0989176	-1.39745	-0.136278
1.19	0.319843	-0.173237	0.53838	0.0989176	-1.39745	-0.136278
1.195	0.31993	-0.173234	0.538395	0.0989176	-1.39745	-0.136278
1.2	0.319949	-0.173229	0.538393	0.0972293	-1.39627	-0.133952
1.205	0.320036	-0.173225	0.538408	0.0972293	-1.39627	-0.133952
1.21	0.320122	-0.173222	0.538423	0.0972293	-1.39627	-0.133952
1.215	0.320142	-0.173218	0.538422	0.0955386	-1.39508	-0.131622
1.22	0.320229	-0.173214	0.538436	0.0955386	-1.39508	-0.131622
1.225	0.320315	-0.173211	0.538451	0.0955386	-1.39508	-0.131622
1.23	0.320335	-0.173207	0.53845	0.093846	-1.3939	-0.12929
1.235	0.320422	-0.173203	0.538464	0.093846	-1.3939	-0.12929
1.24	0.320508	-0.1732	0.538479	0.093846	-1.3939	-0.12929
1.245	0.320528	-0.173196	0.538478	0.0921521	-1.39271	-0.126957
1.25	0.320615	-0.173192	0.538492	0.0921521	-1.39271	-0.126957
1.255	0.320702	-0.173189	0.538507	0.0921521	-1.39271	-0.126957
1.26	0.320721	-0.173185	0.538506	0.0904576	-1.39152	-0.124622
1.265	0.320808	-0.173181	0.538521	0.0904576	-1.39152	-0.124622
1.27	0.320895	-0.173178	0.538535	0.0904576	-1.39152	-0.124622
1.275	0.320914	-0.173174	0.538534	0.088763	-1.39033	-0.122288
1.28	0.321001	-0.17317	0.538549	0.088763	-1.39033	-0.122288
1.285	0.321088	-0.173166	0.538563	0.088763	-1.39033	-0.122288
1.29	0.321107	-0.173163	0.538562	0.0870689	-1.38915	-0.119954
1.295	0.321194	-0.173159	0.538577	0.0870689	-1.38915	-0.119954
1.3	0.321281	-0.173155	0.538591	0.0870689	-1.38915	-0.119954
1.305	0.3213	-0.173152	0.53859	0.085376	-1.38796	-0.117621
1.31	0.321387	-0.173148	0.538605	0.085376	-1.38796	-0.117621
1.315	0.321473	-0.173144	0.538619	0.085376	-1.38796	-0.117621
1.32	0.321493	-0.173141	0.538618	0.0836848	-1.38677	-0.115291
1.325	0.321579	-0.173137	0.538633	0.0836848	-1.38677	-0.115291
1.33	0.321666	-0.173133	0.538647	0.0836848	-1.38677	-0.115291
1.335	0.321685	-0.17313	0.538646	0.0819959	-1.38559	-0.112965
1.34	0.321772	-0.173126	0.538661	0.0819959	-1.38559	-0.112965
1.345	0.321858	-0.173122	0.538675	0.0819959	-1.38559	-0.112965
1.35	0.321877	-0.173119	0.538674	0.0803099	-1.38441	-0.110642
1.355	0.321963	-0.173115	0.538688	0.0803099	-1.38441	-0.110642
1.36	0.32205	-0.17311	0.538703	0.0803099	-1.38441	-0.110642
1.365	0.322069	-0.173108	0.538702	0.0786274	-1.38323	-0.108324
1.37	0.322155	-0.173104	0.538716	0.0786274	-1.38323	-0.108324
1.375	0.322241	-0.173099	0.538731	0.0786274	-1.38323	-0.108324
1.38	0.32226	-0.173097	0.538729	0.076949	-1.38205	-0.106012
1.385	0.322346	-0.173093	0.538744	0.076949	-1.38205	-0.106012
1.39	0.322432	-0.173088	0.538758	0.076949	-1.38205	-0.106012
1.395	0.322451	-0.173086	0.538757	0.0752753	-1.38088	-0.103706
1.4	0.322536	-0.173082	0.538772	0.0752753	-1.38088	-0.103706
1.405	0.322622	-0.173077	0.538786	0.0752753	-1.38088	-0.103706
1.41	0.322641	-0.173075	0.538785	0.0736069	-1.37971	-0.101407
1.415	0.322726	-0.173071	0.538799	0.0736069	-1.37971	-0.101407
1.42	0.322811	-0.173066	0.538813	0.0736069	-1.37971	-0.101407
1.425	0.32283	-0.173064	0.538812	0.0719444	-1.37854	-0.0991169
1.43	0.322915	-0.17306	0.538827	0.0719444	-1.37854	-0.0991169
1.435	0.323	-0.173055	0.538841	0.0719444	-1.37854	-0.0991169
1.44	0.323019	-0.173054	0.53884	0.0702883	-1.37738	-0.0968353
1.445	0.323103	-0.173049	0.538854	0.0702883	-1.37738	-0.0968353
1.45	0.323188	-0.173044	0.538868	0.0702883	-1.37738	-0.0968353
1.455	0.323206	-0.173043	0.538867	0.0686393	-1.37622	-0.0945635
1.46	0.323291	-0.173038	0.538881	0.0686393	-1.37622	-0.0945635
1.465	0.323375	-0.173034	0.538895	0.0686393	-1.37622	-0.0945635
1.47	0.323393	-0.173032	0.538894	0.0669979	-1.37507	-0.0923021
1.475	0.323477	-0.173028	0.538908	0.0669979	-1.37507	-0.0923021
1.48	0.323561	-0.173023	0.538922	0.0669979	-1.37507	-0.0923021
1.485	0.323579	-0.173022	0.538921	0.0653647	-1.37393	-0.0900521
1.49	0.323663	-0.173017	0.538935	0.0653647	-1.37393	-0.0900521
1.495	0.323746	-0.173012	0.538949	0.0653647	-1.37393	-0.0900521
1.5	0.323764	-0.173011	0.538948	0.0637403	-1.37279	-0.0878141
1.505	0.323847	-0.173006	0.538962	0.0637403	-1.37279	-0.0878141
1.51	0.32393	-0.173001	0.538976	0.0637403	-1.37279	-0.0878141
1.515	0.323948	-0.173001	0.538975	0.0621252	-1.37166	-0.085589
1.52	0.32403	-0.172996	0.538989	0.0621252	-1.37166	-0.085589
1.525	0.324113	-0.172991	0.539002	0.0621252	-1.37166	-0.085589
1.53	0.324131	-0.17299	0.539001	0.06052	-1.37053	-0.0833776
1.535	0.324213	-0.172985	0.539015	0.06052	-1.37053	-0.0833776
1.54	0.324294	-0.17298	0.539029	0.06052	-1.37053	-0.0833776
1.545	0.324312	-0.17298	0.539028	0.0589253	-1.36941	-0.0811806
1.55	0.324394	-0.172975	0.539041	0.0589253	-1.36941	-0.0811806
1.555	0.324475	-0.17297	0.539055	0.0589253	-1.36941	-0.0811806
1.56	0.324493	-0.17297	0.539054	0.0573417	-1.3683	-0.0789989
1.565	0.324573	-0.172965	0.539067	0.0573417	-1.3683	-0.0789989
1.57	0.324654	-0.172959	0.539081	0.0573417	-1.3683	-0.0789989
1.575	0.324671	-0.172959	0.53908	0.0557697	-1.3672	-0.0768331
1.58	0.324752	-0.172954	0.539093	0.0557697	-1.3672	-0.0768331
1.585	0.324832	-0.172949	0.539106	0.0557697	-1.3672	-0.0768331
1.59	0.324849	-0.172949	0.539106	0.0542098	-1.36611	-0.0746841
1.595	0.324929	-0.172944	0.539119	0.0542098	-1.36611	-0.0746841
1.6	0.325008	-0.172939	0.539132	0.0542098	-1.36611	-0.0746841
1.605	0.325025	-0.172939	0.539131	0.0526626	-1.36502	-0.0725526
1.61	0.325104	-0.172934	0.539144	0.0526626	-1.36502	-0.0725526
1.615	0.325182	-0.172929	0.539157	0.0526626	-1.36502	-0.0725526
1.62	0.3252	-0.172929	0.539157	0.0511287	-1.36395	-0.0704394
1.625	0.325278	-0.172924	0.53917	0.0511287	-1.36395	-0.0704394
1.63	0.325356	-0.172919	0.539182	0.0511287	-1.36395	-0.0704394
1.635	0.325433	-0.172914	0.539195	0.0511287	-1.36395	-0.0704394
1.64	0.325432	-0.172916	0.539191	0.0491571	-1.36256	-0.067723
1.645	0.325509	-0.172911	0.539203	0.0491571	-1.36256	-0.067723
1.65	0.325586	-0.172905	0.539216	0.0491571	-1.36256	-0.067723
1.655	0.325601	-0.172906	0.539215	0.0476095	-1.36148	-0.0655909
1.66	0.325677	-0.172901	0.539228	0.0476095	-1.36148	-0.0655909
1.665	0.325753	-0.172896	0.53924	0.0476095	-1.36148	-0.0655909
1.67	0.325829	-0.17289	0.539252	0.0476095	-1.36148	-0.0655909
1.675	0.325828	-0.172893	0.539248	0.0456779	-1.36012	-0.0629297
1.68	0.325903	-0.172888	0.539261	0.0456779	-1.36012	-0.0629297
1.685	0.325978	-0.172883	0.539273	0.0456779	-1.36012	-0.0629297
1.69	0.326053	-0.172877	0.539285	0.0456779	-1.36012	-0.0629297
1.695	0.32605	-0.172881	0.539281	0.0437322	-1.35876	-0.0602491
1.7	0.326124	-0.172875	0.539293	0.0437322	-1.35876	-0.0602491
1.705	0.326198	-0.17287	0.539305	0.0437322	-1.35876	-0.0602491
1.71	0.326271	-0.172865	0.539317	0.0437322	-1.35876	-0.0602491
1.715	0.326268	-0.172868	0.539312	0.0418113	-1.35741	-0.0576027
1.72	0.326341	-0.172863	0.539324	0.0418113	-1.35741	-0.0576027
1.725	0.326414	-0.172858	0.539336	0.0418113	-1.35741	-0.0576027
1.73	0.326486	-0.172852	0.539348	0.0418113	-1.35741	-0.0576027
1.735	0.326483	-0.172856	0.539344	0.0399204	-1.35609	-0.0549976
1.74	0.326555	-0.172851	0.539355	0.0399204	-1.35609	-0.0549976
1.745	0.326626	-0.172845	0.539367	0.0399204	-1.35609	-0.0549976
1.75	0.326698	-0.17284	0.539378	0.0399204	-1.35609	-0.0549976
1.755	0.326694	-0.172844	0.539374	0.0380609	-1.35478	-0.0524358
1.76	0.326765	-0.172839	0.539386	0.0380609	-1.35478	-0.0524358
1.765	0.326835	-0.172833	0.539397	0.0380609	-1.35478	-0.0524358
1.77	0.326905	-0.172828	0.539408	0.0380609	-1.35478	-0.0524358
1.775	0.326902	-0.172832	0.539404	0.0362341	-1.3535	-0.0499191
1.78	0.326971	-0.172827	0.539416	0.0362341	-1.3535	-0.0499191
1.785	0.32704	-0.172821	0.539427	0.0362341	-1.3535	-0.0499191
1.79	0.327109	-0.172816	0.539438	0.0362341	-1.3535	-0.0499191
1.795	0.327106	-0.172821	0.539434	0.0344412	-1.35225	-0.0474491
1.8	0.327174	-0.172815	0.539445	0.0344412	-1.35225	-0.0474491
1.805	0.327241	-0.17281	0.539456	0.0344412	-1.35225	-0.0474491
1.81	0.327308	-0.172805	0.539467	0.0344412	-1.35225	-0.0474491
1.815	0.327305	-0.172809	0.539463	0.0326833	-1.35101	-0.0450272
1.82	0.327372	-0.172804	0.539474	0.0326833	-1.35101	-0.0450272
1.825	0.327438	-0.172799	0.539484	0.0326833	-1.35101	-0.0450272
1.83	0.327504	-0.172793	0.539495	0.0326833	-1.35101	-0.0450272
1.835	0.327501	-0.172798	0.539492	0.0309615	-1.34981	-0.0426551
1.84	0.327566	-0.172793	0.539502	0.0309615	-1.34981	-0.0426551
1.845	0.327631	-0.172788	0.539512	0.0309615	-1.34981	-0.0426551
1.85	0.327695	-0.172782	0.539523	0.0309615	-1.34981	-0.0426551
1.855	0.327692	-0.172787	0.539519	0.0292768	-1.34863	-0.0403341
1.86	0.327756	-0.172782	0.53953	0.0292768	-1.34863	-0.0403341
1.865	0.327819	-0.172777	0.53954	0.0292768	-1.34863	-0.0403341
1.87	0.327882	-0.172771	0.53955	0.0292768	-1.34863	-0.0403341
1.875	0.327879	-0.172777	0.539547	0.0276303	-1.34747	-0.0380658
1.88	0.327941	-0.172771	0.539556	0.0276303	-1.34747	-0.0380658
1.885	0.328003	-0.172766	0.539566	0.0276303	-1.34747	-0.0380658
1.89	0.328065	-0.172761	0.539576	0.0276303	-1.34747	-0.0380658
1.895	0.328062	-0.172766	0.539573	0.0260231	-1.34634	-0.0358516
1.9	0.328122	-0.172761	0.539583	0.0260231	-1.34634	-0.0358516
1.905	0.328183	-0.172756	0.539592	0.0260231	-1.34634	-0.0358516
1.91	0.328242	-0.172751	0.539602	0.0260231	-1.34634	-0.0358516
1.915	0.32824	-0.172756	0.539599	0.0244562	-1.34525	-0.0336928
1.92	0.328299	-0.172751	0.539608	0.0244562	-1.34525	-0.0336928
1.925	0.328357	-0.172746	0.539618	0.0244562	-1.34525	-0.0336928
1.93	0.328415	-0.172741	0.539627	0.0244562	-1.34525	-0.0336928
1.935	0.328413	-0.172746	0.539624	0.0229304	-1.34418	-0.0315909
1.94	0.32847	-0.172741	0.539633	0.0229304	-1.34418	-0.0315909
1.945	0.328527	-0.172736	0.539642	0.0229304	-1.34418	-0.0315909
1.95	0.328584	-0.172731	0.539651	0.0229304	-1.34418	-0.0315909
1.955	0.32864	-0.172726	0.53966	0.0229304	-1.34418	-0.0315909
1.96	0.328624	-0.172734	0.539655	0.0211211	-1.34291	-0.0290981
1.965	0.328679	-0.172729	0.539664	0.0211211	-1.34291	-0.0290981
1.97	0.328734	-0.172724	0.539672	0.0211211	-1.34291	-0.0290981
1.975	0.328789	-0.172719	0.539681	0.0211211	-1.34291	-0.0290981
1.98	0.328843	-0.172715	0.53969	0.0211211	-1.34291	-0.0290981
1.985	0.328826	-0.172723	0.539684	0.0193437	-1.34166	-0.0266494
1.99	0.328879	-0.172718	0.539693	0.0193437	-1.34166	-0.0266494
1.995	0.328932	-0.172713	0.539701	0.0193437	-1.34166	-0.0266494
2.0	0.328984	-0.172708	0.539709	0.0193437	-1.34166	-0.0266494
2.005	0.329036	-0.172704	0.539717	0.0193437	-1.34166	-0.0266494
2.01	0.32902	-0.172712	0.539712	0.017632	-1.34046	-0.0242913
2.015	0.329071	-0.172707	0.53972	0.017632	-1.34046	-0.0242913
2.02	0.329121	-0.172702	0.539728	0.017632	-1.34046	-0.0242913
2.025	0.329172	-0.172698	0.539736	0.017632	-1.34046	-0.0242913
2.03	0.329221	-0.172693	0.539744	0.017632	-1.34046	-0.0242913
2.035	0.329206	-0.172701	0.539739	0.0159911	-1.33931	-0.0220306
2.04	0.329254	-0.172697	0.539747	0.0159911	-1.33931	-0.0220306
2.045	0.329303	-0.172692	0.539755	0.0159911	-1.33931	-0.0220306
2.05	0.329351	-0.172688	0.539762	0.0159911	-1.33931	-0.0220306
2.055	0.329398	-0.172683	0.53977	0.0159911	-1.33931	-0.0220306
2.06	0.329383	-0.172691	0.539765	0.0144229	-1.33821	-0.0198701
2.065	0.32943	-0.172687	0.539772	0.0144229	-1.33821	-0.0198701
2.07	0.329476	-0.172682	0.53978	0.0144229	-1.33821	-0.0198701
2.075	0.329521	-0.172678	0.539787	0.0144229	-1.33821	-0.0198701
2.08	0.329566	-0.172674	0.539794	0.0144229	-1.33821	-0.0198701
2.085	0.329611	-0.17267	0.539801	0.0144229	-1.33821	-0.0198701
2.09	0.329586	-0.172679	0.539795	0.0126703	-1.33698	-0.0174556
2.095	0.32963	-0.172675	0.539802	0.0126703	-1.33698	-0.0174556
2.1	0.329673	-0.172671	0.539808	0.0126703	-1.33698	-0.0174556
2.105	0.329716	-0.172667	0.539815	0.0126703	-1.33698	-0.0174556
2.11	0.329758	-0.172663	0.539822	0.0126703	-1.33698	-0.0174556
2.115	0.3298	-0.172659	0.539828	0.0126703	-1.33698	-0.0174556
2.12	0.329775	-0.172668	0.539822	0.0109973	-1.33581	-0.0151507
2.125	0.329816	-0.172665	0.539829	0.0109973	-1.33581	-0.0151507
2.13	0.329857	-0.172661	0.539835	0.0109973	-1.33581	-0.0151507
2.135	0.329897	-0.172657	0.539841	0.0109973	-1.33581	-0.0151507
2.14	0.329936	-0.172653	0.539847	0.0109973	-1.33581	-0.0151507
2.145	0.329975	-0.172649	0.539854	0.0109973	-1.33581	-0.0151507
2.15	0.329952	-0.172659	0.539848	0.00943304	-1.33471	-0.0129956
2.155	0.32999	-0.172655	0.539854	0.00943304	-1.33471	-0.0129956
2.16	0.330027	-0.172651	0.53986	0.00943304	-1.33471	-0.0129956
2.165	0.330064	-0.172648	0.539865	0.00943304	-1.33471	-0.0129956
2.17	0.330101	-0.172644	0.539871	0.00943304	-1.33471	-0.0129956
2.175	0.330137	-0.172641	0.539877	0.00943304	-1.33471	-0.0129956
2.18	0.330172	-0.172637	0.539882	0.00943304	-1.33471	-0.0129956
2.185	0.330142	-0.172648	0.539876	0.00777741	-1.33355	-0.0107147
2.19	0.330176	-0.172644	0.539881	0.00777741	-1.33355	-0.0107147
2.195	0.33021	-0.172641	0.539886	0.00777741	-1.33355	-0.0107147
2.2	0.330244	-0.172638	0.539891	0.00777741	-1.33355	-0.0107147
2.205	0.330277	-0.172634	0.539897	0.00777741	-1.33355	-0.0107147
2.21	0.33031	-0.172631	0.539902	0.00777741	-1.33355	-0.0107147
2.215	0.330342	-0.172628	0.539907	0.00777741	-1.33355	-0.0107147
2.22	0.330313	-0.172638	0.5399	0.00625483	-1.33248	-0.00861705
2.225	0.330344	-0.172635	0.539905	0.00625483	-1.33248	-0.00861705
2.23	0.330375	-0.172632	0.53991	0.00625483	-1.33248	-0.00861705
2.235	0.330405	-0.172629	0.539915	0.00625483	-1.33248	-0.00861705
2.24	0.330434	-0.172626	0.539919	0.00625483	-1.33248	-0.00861705
2.245	0.330463	-0.172623	0.539924	0.00625483	-1.33248	-0.00861705
2.25	0.330492	-0.17262	0.539928	0.00625483	-1.33248	-0.00861705
2.255	0.33052	-0.172617	0.539933	0.00625483	-1.33248	-0.00861705
2.26	0.330487	-0.172628	0.539926	0.00473024	-1.33141	-0.00651664
2.265	0.330514	-0.172625	0.53993	0.00473024	-1.33141	-0.00651664
2.27	0.33054	-0.172623	0.539934	0.00473024	-1.33141	-0.00651664
2.275	0.330566	-0.17262	0.539938	0.00473024	-1.33141	-0.00651664
2.28	0.330592	-0.172618	0.539942	0.00473024	-1.33141	-0.00651664
2.285	0.330616	-0.172615	0.539946	0.00473024	-1.33141	-0.00651664
2.29	0.330641	-0.172613	0.53995	0.00473024	-1.33141	-0.00651664
2.295	0.330665	-0.17261	0.539953	0.00473024	-1.33141	-0.00651664
2.3	0.330688	-0.172608	0.539957	0.00473024	-1.33141	-0.00651664
2.305	0.330711	-0.172606	0.53996	0.00473024	-1.33141	-0.00651664
2.31	0.33067	-0.172618	0.539952	0.00313474	-1.3303	-0.00431852
2.315	0.330692	-0.172615	0.539956	0.00313474	-1.3303	-0.00431852
2.32	0.330713	-0.172613	0.539959	0.00313474	-1.3303	-0.00431852
2.325	0.330734	-0.172611	0.539962	0.00313474	-1.3303	-0.00431852
2.33	0.330754	-0.172609	0.539965	0.00313474	-1.3303	-0.00431852
2.335	0.330773	-0.172607	0.539968	0.00313474	-1.3303	-0.00431852
2.34	0.330792	-0.172605	0.539971	0.00313474	-1.3303	-0.00431852
2.345	0.330811	-0.172603	0.539974	0.00313474	-1.3303	-0.00431852
2.35	0.330829	-0.172601	0.539977	0.00313474	-1.3303	-0.00431852
2.355	0.330847	-0.1726	0.53998	0.00313474	-1.3303	-0.00431852
2.36	0.330864	-0.172598	0.539982	0.00313474	-1.3303	-0.00431852
2.365	0.33088	-0.172596	0.539985	0.00313474	-1.3303	-0.00431852
2.37	0.330896	-0.172595	0.539987	0.00313474	-1.3303	-0.00431852
2.375	0.330849	-0.172607	0.539978	0.00155958	-1.32919	-0.00214844
2.38	0.330864	-0.172606	0.539981	0.00155958	-1.32919	-0.00214844
2.385	0.330878	-0.172604	0.539983	0.00155958	-1.32919	-0.00214844
2.39	0.330892	-0.172603	0.539985	0.00155958	-1.32919	-0.00214844
2.395	0.330905	-0.172602	0.539987	0.00155958	-1.32919	-0.00214844
2.4	0.330918	-0.1726	0.539989	0.00155958	-1.32919	-0.00214844
2.405	0.33093	-0.172599	0.539991	0.00155958	-1.32919	-0.00214844
2.41	0.330942	-0.172598	0.539993	0.00155958	-1.32919	-0.00214844
2.415	0.330953	-0.172597	0.539994	0.00155958	-1.32919	-0.00214844
2.42	0.330963	-0.172596	0.539996	0.00155958	-1.32919	-0.00214844
2.425	0.330973	-0.172595	0.539998	0.00155958	-1.32919	-0.00214844
2.43	0.330982	-0.172594	0.539999	0.00155958	-1.32919	-0.00214844
2.435	0.330992	-0.172593	0.54	0.00155958	-1.32919	-0.00214844
2.44	0.330999	-0.172592	0.540002	0.00155958	-1.32919	-0.00214844
2.445	0.331007	-0.172591	0.540003	0.00155958	-1.32919	-0.00214844
2.45	0.331015	-0.17259	0.540004	0.00155958	-1.32919	-0.00214844
2.455	0.331021	-0.17259	0.540005	0.00155958	-1.32919	-0.00214844
2.46	0.331028	-0.172589	0.540006	0.00155958	-1.32919	-0.00214844
2.465	0.331034	-0.172588	0.540007	0.00155958	-1.32919	-0.00214844
2.47	0.331039	-0.172588	0.540008	0.00155958	-1.32919	-0.00214844
2.475	0.331043	-0.172587	0.540008	0.00155958	-1.32919	-0.00214844
2.48	0.331048	-0.172587	0.540009	0.00155958	-1.32919	-0.00214844
2.485	0.331051	-0.172587	0.54001	0.00155958	-1.32919	-0.00214844
2.49	0.331054	-0.172586	0.54001	0.00155958	-1.32919	-0.00214844
2.495	0.331057	-0.172586	0.540011	0.00155958	-1.32919	-0.00214844
2.5	0.331059	-0.172586	0.540011	0.00155958	-1.32919	-0.00214844
2.505	0.33106	-0.172586	0.540011	0.00155958	-1.32919	-0.00214844
2.51	0.33106	-0.172586	0.540011	0.00155958	-1.32919	-0.00214844
2.515	0.331061	-0.172586	0.540011	0.00155958	-1.32919	-0.00214844
2.52	0.331061	-0.172586	0.540011	0.00155958	-1.32919	-0.00214844
2.525	0.331062	-0.172586	0.54001	0.00155958	-1.32919	-0.00214844
2.53	0.331062	-0.172587	0.540009	0.00155958	-1.32919	-0.00214844
2.535	0.331063	-0.172588	0.540008	0.00155958	-1.32919	-0.00214844
2.54	0.331065	-0.172589	0.540006	0.00155958	-1.32919	-0.00214844
2.545	0.331066	-0.17259	0.540003	0.00155958	-1.32919	-0.00214844
2.55	0.331068	-0.172592	0.540001	0.00155958	-1.32919	-0.00214844
2.555	0.33107	-0.172594	0.539997	0.00155958	-1.32919	-0.00214844
2.56	0.331072	-0.172596	0.539993	0.00155958	-1.32919	-0.00214844
2.565	0.331075	-0.172599	0.539989	0.00155958	-1.32919	-0.00214844
2.57	0.331077	-0.172601	0.539984	0.00155958	-1.32919	-0.00214844
2.575	0.331081	-0.172604	0.539979	0.00155958	-1.32919	-0.00214845
2.58	0.331084	-0.172608	0.539974	0.00155959	-1.32919	-0.00214845
2.585	0.331088	-0.172611	0.539968	0.00155959	-1.32919	-0.00214845
2.59	0.331091	-0.172615	0.539961	0.00155959	-1.32919	-0.00214845
2.595	0.331096	-0.172619	0.539954	0.00155959	-1.32919	-0.00214845
2.6	0.3311	-0.172623	0.539947	0.00155959	-1.32919	-0.00214845
2.605	0.331105	-0.172628	0.539938	0.00155959	-1.32919	-0.00214845
2.61	0.33111	-0.172633	0.53993	0.00155959	-1.32919	-0.00214845
2.615	0.331116	-0.172638	0.539921	0.00155959	-1.32919	-0.00214845
2.62	0.331121	-0.172644	0.539912	0.00155959	-1.32919	-0.00214845
2.625	0.331127	-0.172649	0.539902	0.00155959	-1.32919	-0.00214845
2.63	0.331133	-0.172655	0.539892	0.00155959	-1.32919	-0.00214845
2.635	0.331139	-0.172662	0.539882	0.00155959	-1.32919	-0.00214845
2.64	0.331146	-0.172668	0.539871	0.00155959	-1.32919	-0.00214845
2.645	0.331153	-0.172675	0.539859	0.0015596	-1.32919	-0.00214845
2.65	0.33116	-0.172682	0.539848	0.0015596	-1.32919	-0.00214846
2.655	0.331168	-0.172689	0.539835	0.0015596	-1.32919	-0.00214846
2.66	0.331175	-0.172696	0.539823	0.0015596	-1.32919	-0.00214846
2.665	0.331183	-0.172704	0.539809	0.0015596	-1.32919	-0.00214846
2.67	0.331192	-0.172712	0.539796	0.0015596	-1.32919	-0.00214846
2.675	0.3312	-0.17272	0.539782	0.00155961	-1.32919	-0.00214846
2.68	0.331209	-0.172729	0.539767	0.00155961	-1.32919	-0.00214847
2.685	0.331218	-0.172738	0.539752	0.00155961	-1.32919	-0.00214847
2.69	0.331227	-0.172747	0.539737	0.00155961	-1.32919	-0.00214847
2.695	0.331237	-0.172756	0.539721	0.00155961	-1.32919	-0.00214847
2.7	0.331247	-0.172766	0.539705	0.00155962	-1.32919	-0.00214847
2.705	0.331257	-0.172775	0.539688	0.00155962	-1.32919	-0.00214848
2.71	0.331267	-0.172785	0.539671	0.00155962	-1.32919	-0.00214848
2.715	0.331278	-0.172796	0.539654	0.00155962	-1.32919	-0.00214848
2.72	0.331288	-0.172806	0.539636	0.00155963	-1.32919	-0.00214848
2.725	0.331299	-0.172817	0.539617	0.00155963	-1.32919	-0.00214849
2.73	0.331311	-0.172828	0.539598	0.00155963	-1.32919	-0.00214849
2.735	0.331322	-0.172839	0.539579	0.00155964	-1.32919	-0.00214849
2.74	0.331334	-0.172851	0.539559	0.00155964	-1.32919	-0.0021485
2.745	0.331347	-0.172863	0.539539	0.00155965	-1.32919	-0.0021485
2.75	0.331359	-0.172875	0.539519	0.00155965	-1.32919	-0.0021485
2.755	0.331372	-0.172887	0.539498	0.00155965	-1.32919	-0.00214851
2.76	0.331384	-0.172899	0.539477	0.00155966	-1.32919	-0.00214851
2.765	0.331398	-0.172912	0.539455	0.00155966	-1.32919	-0.00214852
2.77	0.331411	-0.172925	0.539433	0.00155967	-1.32919	-0.00214852
2.775	0.331425	-0.172939	0.53941	0.00155967	-1.32919	-0.00214853
2.78	0.331439	-0.172952	0.539387	0.00155968	-1.32919	-0.00214853
2.785	0.331453	-0.172966	0.539364	0.00155968	-1.32919	-0.00214854
2.79	0.331527	-0.172993	0.53935	0.000154827	-1.3303	-0.000213269
2.795	0.331541	-0.173007	0.539325	0.000154833	-1.3303	-0.000213274
2.8	0.331556	-0.173021	0.539301	0.000154839	-1.3303	-0.00021328
2.805	0.331571	-0.173036	0.539276	0.000154845	-1.3303	-0.000213285
2.81	0.331587	-0.173051	0.53925	0.000154851	-1.3303	-0.000213291
2.815	0.331602	-0.173066	0.539224	0.000154857	-1.3303	-0.000213297
2.82	0.331618	-0.173082	0.539198	0.000154864	-1.3303	-0.000213303
2.825	0.331634	-0.173097	0.539171	0.000154871	-1.3303	-0.00021331
2.83	0.331651	-0.173113	0.539144	0.000154878	-1.3303	-0.000213316
2.835	0.331667	-0.173129	0.539117	0.000154885	-1.3303	-0.000213323
2.84	0.331684	-0.173146	0.539089	0.000154892	-1.3303	-0.00021333
2.845	0.331701	-0.173162	0.539061	0.0001549	-1.3303	-0.000213337
2.85	0.331719	-0.173179	0.539032	0.000154908	-1.3303	-0.000213344
2.855	0.331736	-0.173196	0.539003	0.000154916	-1.3303	-0.000213352
2.86	0.331824	-0.173215	0.538986	1.58851e-05	-1.33158	-2.18023e-05
2.865	0.331842	-0.173232	0.538956	1.58937e-05	-1.33158	-2.18103e-05
2.87	0.33186	-0.17325	0.538926	1.59025e-05	-1.33158	-2.18185e-05
2.875	0.331879	-0.173268	0.538895	1.59115e-05	-1.33158	-2.18269e-05
2.88	0.331897	-0.173286	0.538865	1.59208e-05	-1.33158	-2.18355e-05
2.885	0.331916	-0.173304	0.538833	1.59303e-05	-1.33158	-2.18443e-05
2.89	0.331936	-0.173323	0.538801	1.594e-05	-1.33158	-2.18533e-05
2.895	0.331955	-0.173342	0.538769	1.59499e-05	-1.33158	-2.18626e-05
2.9	0.331975	-0.173361	0.538737	1.59601e-05	-1.33158	-2.18721e-05
2.905	0.331994	-0.17338	0.538704	1.59705e-05	-1.33158	-2.18818e-05
2.91	0.332015	-0.1734	0.538671	1.59811e-05	-1.33158	-2.18917e-05
2.915	0.332035	-0.173419	0.538637	1.5992e-05	-1.33158	-2.19018e-05
2.92	0.332128	-0.173439	0.538616	2.17162e-06	-1.33289	-2.90038e-06
2.925	0.332148	-0.173459	0.538582	2.18303e-06	-1.33289	-2.91103e-06
2.93	0.332169	-0.17348	0.538547	2.19468e-06	-1.33289	-2.92189e-06
2.935	0.33219	-0.1735	0.538512	2.20656e-06	-1.33289	-2.93298e-06
2.94	0.332212	-0.173521	0.538477	2.2187e-06	-1.33289	-2.9443e-06
2.945	0.332233	-0.173542	0.538441	2.23107e-06	-1.33289	-2.95585e-06
2.95	0.332255	-0.173563	0.538405	2.24369e-06	-1.33289	-2.96762e-06
2.955	0.332277	-0.173585	0.538369	2.25656e-06	-1.33289	-2.97963e-06
2.96	0.332299	-0.173606	0.538332	2.26967e-06	-1.33289	-2.99186e-06
2.965	0.332322	-0.173628	0.538295	2.28303e-06	-1.33289	-3.00433e-06
2.97	0.332344	-0.17365	0.538257	2.29664e-06	-1.33289	-3.01702e-06
2.975	0.332442	-0.173672	0.538233	8.51368e-07	-1.33426	-1.0787e-06
2.98	0.332465	-0.173694	0.538195	8.65552e-07	-1.33426	-1.09195e-06
2.985	0.332488	-0.173717	0.538156	8.79981e-07	-1.33426	-1.10543e-06
2.99	0.332512	-0.17374	0.538117	8.94661e-07	-1.33426	-1.11915e-06
2.995	0.332536	-0.173763	0.538078	9.09593e-07	-1.33426	-1.13311e-06
3.0	0.332559	-0.173786	0.538039	9.24776e-07	-1.33426	-1.14729e-06
3.005	0.332583	-0.173809	0.537999	9.40211e-07	-1.33426	-1.16172e-06
3.01	0.332608	-0.173833	0.537959	9.55898e-07	-1.33426	-1.17638e-06
3.015	0.332632	-0.173856	0.537918	9.71837e-07	-1.33426	-1.19128e-06
3.02	0.332657	-0.17388	0.537877	9.88028e-07	-1.33426	-1.20641e-06
3.025	0.332757	-0.173904	0.53785	7.12723e-07	-1.33562	-8.92664e-07
3.03	0.332782	-0.173929	0.537809	7.29511e-07	-1.33562	-9.08376e-07
3.035	0.332807	-0.173953	0.537767	7.46548e-07	-1.33562	-9.2432e-07
3.04	0.332832	-0.173978	0.537725	7.63837e-07	-1.33562	-9.40502e-07
3.045	0.332858	-0.174003	0.537683	7.81379e-07	-1.33562	-9.5692e-07
3.05	0.332883	-0.174028	0.53764	7.99172e-07	-1.33562	-9.73574e-07
3.055	0.332909	-0.174053	0.537597	8.17218e-07	-1.33562	-9.90465e-07
3.06	0.332936	-0.174078	0.537554	8.35514e-07	-1.33562	-1.00759e-06
3.065	0.332962	-0.174104	0.53751	8.54061e-07	-1.33562	-1.02495e-06
3.07	0.333061	-0.174129	0.53748	6.5e-07	-1.33695	-8.17911e-07
3.075	0.333088	-0.174155	0.537436	6.6915e-07	-1.33695	-8.3586e-07
3.08	0.333115	-0.174181	0.537391	6.88546e-07	-1.33695	-8.5404e-07
3.085	0.333142	-0.174207	0.537346	7.0819e-07	-1.33695	-8.72453e-07
3.09	0.333169	-0.174234	0.537301	7.28083e-07	-1.33695	-8.911e-07
3.095	0.333196	-0.17426	0.537256	7.48222e-07	-1.33695	-9.09979e-07
3.1	0.333224	-0.174287	0.537211	7.68609e-07	-1.33695	-9.2909e-07
3.105	0.333251	-0.174314	0.537165	7.8924e-07	-1.33695	-9.48431e-07
3.11	0.333279	-0.174341	0.537119	8.10116e-07	-1.33695	-9.68002e-07
3.115	0.333384	-0.174368	0.537087	7.05513e-07	-1.33835	-8.89126e-07
3.12	0.333412	-0.174395	0.53704	7.26996e-07	-1.33835	-9.09294e-07
3.125	0.33344	-0.174423	0.536993	7.48715e-07	-1.33835	-9.29684e-07
3.13	0.333468	-0.17445	0.536946	7.70675e-07	-1.33835	-9.503e-07
3.135	0.333497	-0.174478	0.536899	7.92874e-07	-1.33835	-9.71142e-07
3.14	0.333526	-0.174506	0.536851	8.1531e-07	-1.33835	-9.92207e-07
3.145	0.333555	-0.174534	0.536803	8.37983e-07	-1.33835	-1.01349e-06
3.15	0.333584	-0.174562	0.536755	8.6089e-07	-1.33835	-1.035e-06
3.155	0.333685	-0.174591	0.53672	6.26154e-07	-1.33966	-7.95076e-07
3.16	0.333715	-0.174619	0.536671	6.49652e-07	-1.33966	-8.17167e-07
3.165	0.333744	-0.174648	0.536622	6.73374e-07	-1.33966	-8.3947e-07
3.17	0.333774	-0.174676	0.536573	6.97326e-07	-1.33966	-8.6199e-07
3.175	0.333804	-0.174705	0.536524	7.21504e-07	-1.33966	-8.84723e-07
3.18	0.333833	-0.174734	0.536474	7.45907e-07	-1.33966	-9.07668e-07
3.185	0.333863	-0.174764	0.536425	7.70533e-07	-1.33966	-9.30824e-07
3.19	0.333894	-0.174793	0.536375	7.9538e-07	-1.33966	-9.54188e-07
3.195	0.333998	-0.174822	0.536338	6.52117e-07	-1.34102	-8.29792e-07
3.2	0.334029	-0.174852	0.536288	6.7754e-07	-1.34102	-8.53729e-07
3.205	0.334059	-0.174881	0.536237	7.03174e-07	-1.34102	-8.77865e-07
3.21	0.33409	-0.174911	0.536186	7.2902e-07	-1.34102	-9.02203e-07
3.215	0.334121	-0.174941	0.536135	7.55078e-07	-1.34102	-9.26739e-07
3.22	0.334152	-0.174971	0.536084	7.81343e-07	-1.34102	-9.51473e-07
3.225	0.334183	-0.175001	0.536032	8.07815e-07	-1.34102	-9.76401e-07
3.23	0.334214	-0.175032	0.535981	8.3449e-07	-1.34102	-1.00152e-06
3.235	0.334322	-0.175062	0.535943	6.97261e-07	-1.34243	-8.87997e-07
3.24	0.334354	-0.175092	0.535891	7.24493e-07	-1.34243	-9.13677e-07
3.245	0.334385	-0.175123	0.535839	7.51916e-07	-1.34243	-9.39537e-07
3.25	0.334417	-0.175154	0.535787	7.79533e-07	-1.34243	-9.65581e-07
3.255	0.334449	-0.175185	0.535734	8.07342e-07	-1.34243	-9.91806e-07
3.26	0.334481	-0.175216	0.535681	8.35339e-07	-1.34243	-1.01821e-06
3.265	0.334513	-0.175247	0.535628	8.63521e-07	-1.34243	-1.04479e-06
3.27	0.334615	-0.175278	0.535588	5.7709e-07	-1.34371	-7.4226e-07
3.275	0.334647	-0.175309	0.535535	6.05787e-07	-1.34371	-7.69357e-07
3.28	0.334679	-0.17534	0.535481	6.34656e-07	-1.34371	-7.96619e-07
3.285	0.334712	-0.175372	0.535428	6.637e-07	-1.34371	-8.24046e-07
3.29	0.334744	-0.175403	0.535374	6.92916e-07	-1.34371	-8.51636e-07
3.295	0.334777	-0.175435	0.53532	7.22301e-07	-1.34371	-8.79387e-07
3.3	0.33481	-0.175466	0.535266	7.5185e-07	-1.34371	-9.07294e-07
3.305	0.334913	-0.175498	0.535225	5.74643e-07	-1.34501	-7.41197e-07
3.31	0.334946	-0.17553	0.535171	6.04675e-07	-1.34501	-7.69594e-07
3.315	0.334979	-0.175562	0.535116	6.34858e-07	-1.34501	-7.98135e-07
3.32	0.335012	-0.175594	0.535061	6.65194e-07	-1.34501	-8.2682e-07
3.325	0.335045	-0.175626	0.535007	6.95679e-07	-1.34501	-8.55649e-07
3.33	0.335078	-0.175658	0.534952	7.26311e-07	-1.34501	-8.84616e-07
3.335	0.335111	-0.17569	0.534897	7.57085e-07	-1.34501	-9.1372e-07
3.34	0.335217	-0.175723	0.534855	5.93868e-07	-1.34632	-7.66782e-07
3.345	0.33525	-0.175755	0.5348	6.25089e-07	-1.34632	-7.96343e-07
3.35	0.335284	-0.175788	0.534744	6.56437e-07	-1.34632	-8.26025e-07
3.355	0.335317	-0.17582	0.534689	6.87914e-07	-1.34632	-8.55831e-07
3.36	0.335351	-0.175853	0.534633	7.19516e-07	-1.34632	-8.85757e-07
3.365	0.335385	-0.175885	0.534577	7.51241e-07	-1.34632	-9.15799e-07
3.37	0.335418	-0.175918	0.534521	7.83083e-07	-1.34632	-9.45954e-07
3.375	0.335525	-0.175951	0.53448	6.13642e-07	-1.34766	-7.92918e-07
3.38	0.335559	-0.175984	0.534423	6.45891e-07	-1.34766	-8.23495e-07
3.385	0.335593	-0.176016	0.534367	6.78241e-07	-1.34766	-8.54168e-07
3.39	0.335627	-0.176049	0.534311	7.10694e-07	-1.34766	-8.8494e-07
3.395	0.335661	-0.176082	0.534255	7.43247e-07	-1.34766	-9.15808e-07
3.4	0.335695	-0.176115	0.534198	7.75896e-07	-1.34766	-9.46768e-07
3.405	0.335729	-0.176148	0.534142	8.08637e-07	-1.34766	-9.77816e-07
3.41	0.335837	-0.176181	0.534099	6.30496e-07	-1.34902	-8.15294e-07
3.415	0.335872	-0.176215	0.534043	6.63598e-07	-1.34902	-8.46722e-07
3.42	0.335906	-0.176248	0.533986	6.96774e-07	-1.34902	-8.78222e-07
3.425	0.33594	-0.176281	0.533929	7.30026e-07	-1.34902	-9.09794e-07
3.43	0.335974	-0.176314	0.533872	7.6335e-07	-1.34902	-9.41437e-07
3.435	0.336009	-0.176348	0.533815	7.96743e-07	-1.34902	-9.73145e-07
3.44	0.336043	-0.176381	0.533758	8.302e-07	-1.34902	-1.00492e-06
3.445	0.336152	-0.176414	0.533716	6.43782e-07	-1.35039	-8.33084e-07
3.45	0.336187	-0.176448	0.533659	6.7755e-07	-1.35039	-8.65188e-07
3.455	0.336221	-0.176481	0.533602	7.11364e-07	-1.35039	-8.97337e-07
3.46	0.336256	-0.176515	0.533545	7.45226e-07	-1.35039	-9.29533e-07
3.465	0.33629	-0.176548	0.533487	7.79132e-07	-1.35039	-9.61771e-07
3.47	0.336325	-0.176581	0.53343	8.13078e-07	-1.35039	-9.94048e-07
3.475	0.336359	-0.176615	0.533373	8.47058e-07	-1.35039	-1.02636e-06
3.48	0.336469	-0.176648	0.53333	6.53276e-07	-1.35176	-8.45987e-07
3.485	0.336504	-0.176682	0.533273	6.87515e-07	-1.35176	-8.78584e-07
3.49	0.336538	-0.176715	0.533216	7.21771e-07	-1.35176	-9.11197e-07
3.495	0.336573	-0.176749	0.533158	7.56046e-07	-1.35176	-9.43828e-07
3.5	0.336607	-0.176783	0.533101	7.90334e-07	-1.35176	-9.76474e-07
3.505	0.336642	-0.176816	0.533043	8.24633e-07	-1.35176	-1.00913e-06
3.51	0.336677	-0.17685	0.532986	8.58938e-07	-1.35176	-1.04179e-06
3.515	0.336787	-0.176883	0.532944	6.5885e-07	-1.35314	-8.53824e-07
3.52	0.336821	-0.176917	0.532886	6.93357e-07	-1.35314	-8.86719e-07
3.525	0.336856	-0.17695	0.532829	7.27851e-07	-1.35314	-9.19602e-07
3.53	0.33689	-0.176984	0.532771	7.62333e-07	-1.35314	-9.52475e-07
3.535	0.336925	-0.177017	0.532714	7.968e-07	-1.35314	-9.85334e-07
3.54	0.33696	-0.177051	0.532657	8.31246e-07	-1.35314	-1.01818e-06
3.545	0.336994	-0.177084	0.532599	8.65669e-07	-1.35314	-1.05099e-06
3.55	0.337104	-0.177118	0.532557	6.60427e-07	-1.35452	-8.56481e-07
3.555	0.337139	-0.177151	0.5325	6.94994e-07	-1.35452	-8.89476e-07
3.56	0.337173	-0.177185	0.532443	7.29517e-07	-1.35452	-9.2243e-07
3.565	0.337208	-0.177218	0.532385	7.63998e-07	-1.35452	-9.55345e-07
3.57	0.337242	-0.177252	0.532328	7.98434e-07	-1.35452	-9.88218e-07
3.575	0.337277	-0.177285	0.532271	8.3282e-07	-1.35452	-1.02104e-06
3.58	0.337311	-0.177318	0.532214	8.67151e-07	-1.35452	-1.05382e-06
3.585	0.337421	-0.177352	0.532172	6.57981e-07	-1.3559	-8.53908e-07
3.59	0.337455	-0.177385	0.532115	6.92397e-07	-1.3559	-8.86801e-07
3.595	0.337489	-0.177418	0.532058	7.26738e-07	-1.3559	-9.19624e-07
3.6	0.337523	-0.177451	0.532001	7.61008e-07	-1.3559	-9.5238e-07
3.605	0.337558	-0.177485	0.531944	7.95203e-07	-1.3559	-9.85064e-07
3.61	0.337592	-0.177518	0.531887	8.29317e-07	-1.3559	-1.01767e-06
3.615	0.337626	-0.177551	0.531831	8.63347e-07	-1.3559	-1.0502e-06
3.62	0.337735	-0.177584	0.531789	6.51534e-07	-1.35727	-8.46121e-07
3.625	0.337769	-0.177617	0.531733	6.85587e-07	-1.35727	-8.78709e-07
3.63	0.337803	-0.17765	0.531676	7.19537e-07	-1.35727	-9.11198e-07
3.635	0.337837	-0.177683	0.53162	7.53385e-07	-1.35727	-9.43592e-07
3.64	0.337871	-0.177716	0.531564	7.87129e-07	-1.35727	-9.75885e-07
3.645	0.337905	-0.177749	0.531507	8.20763e-07	-1.35727	-1.00808e-06
3.65	0.337938	-0.177781	0.531451	8.54284e-07	-1.35727	-1.04016e-06
3.655	0.338046	-0.177814	0.53141	6.41157e-07	-1.35862	-8.33199e-07
3.66	0.33808	-0.177847	0.531355	6.74639e-07	-1.35862	-8.65279e-07
3.665	0.338114	-0.177879	0.531299	7.07989e-07	-1.35862	-8.97234e-07
3.67	0.338147	-0.177912	0.531243	7.41209e-07	-1.35862	-9.29065e-07
3.675	0.338181	-0.177944	0.531187	7.74296e-07	-1.35862	-9.6077e-07
3.68	0.338214	-0.177977	0.531132	8.07246e-07	-1.35862	-9.92343e-07
3.685	0.338247	-0.178009	0.531077	8.40054e-07	-1.35862	-1.02378e-06
3.69	0.338354	-0.178041	0.531036	6.26968e-07	-1.35996	-8.15283e-07
3.695	0.338387	-0.178073	0.530981	6.59676e-07	-1.35996	-8.46659e-07
3.7	0.33842	-0.178105	0.530926	6.92224e-07	-1.35996	-8.77883e-07
3.705	0.338453	-0.178137	0.530871	7.24616e-07	-1.35996	-9.08957e-07
3.71	0.338486	-0.178169	0.530817	7.56847e-07	-1.35996	-9.39878e-07
3.715	0.338519	-0.178201	0.530762	7.88913e-07	-1.35996	-9.70642e-07
3.72	0.338552	-0.178233	0.530708	8.20812e-07	-1.35996	-1.00125e-06
3.725	0.338656	-0.178265	0.530668	6.09135e-07	-1.36128	-7.92579e-07
3.73	0.338689	-0.178296	0.530614	6.40873e-07	-1.36128	-8.23061e-07
3.735	0.338721	-0.178328	0.53056	6.72426e-07	-1.36128	-8.53365e-07
3.74	0.338754	-0.178359	0.530506	7.03796e-07	-1.36128	-8.83495e-07
3.745	0.338786	-0.17839	0.530453	7.3498e-07	-1.36128	-9.13446e-07
3.75	0.338818	-0.178422	0.530399	7.65975e-07	-1.36128	-9.43216e-07
3.755	0.33885	-0.178453	0.530346	7.96777e-07	-1.36128	-9.72802e-07
3.76	0.338953	-0.178484	0.530307	5.87868e-07	-1.36257	-7.65354e-07
3.765	0.338985	-0.178515	0.530254	6.18451e-07	-1.36257	-7.94759e-07
3.77	0.339016	-0.178546	0.530202	6.48826e-07	-1.36257	-8.23964e-07
3.775	0.339048	-0.178576	0.530149	6.78994e-07	-1.36257	-8.52972e-07
3.78	0.33908	-0.178607	0.530096	7.08953e-07	-1.36257	-8.81778e-07
3.785	0.339111	-0.178637	0.530044	7.38699e-07	-1.36257	-9.10381e-07
3.79	0.339143	-0.178668	0.529992	7.68229e-07	-1.36257	-9.38777e-07
3.795	0.339174	-0.178698	0.52994	7.97541e-07	-1.36257	-9.66964e-07
3.8	0.339283	-0.178728	0.529905	7.2542e-07	-1.36399	-9.34668e-07
3.805	0.339314	-0.178758	0.529853	7.54473e-07	-1.36399	-9.62636e-07
3.81	0.339344	-0.178788	0.529802	7.83292e-07	-1.36399	-9.90379e-07
3.815	0.339375	-0.178818	0.529751	8.1188e-07	-1.36399	-1.0179e-06
3.82	0.339406	-0.178848	0.5297	8.40234e-07	-1.36399	-1.0452e-06
3.825	0.339436	-0.178877	0.529649	8.68352e-07	-1.36399	-1.07227e-06
3.83	0.339467	-0.178907	0.529599	8.96232e-07	-1.36399	-1.09911e-06
3.835	0.339497	-0.178936	0.529549	9.23871e-07	-1.36399	-1.12572e-06
3.84	0.339603	-0.178965	0.529515	7.17882e-07	-1.36539	-9.23796e-07
3.845	0.339633	-0.178994	0.529465	7.45204e-07	-1.36539	-9.50129e-07
3.85	0.339663	-0.179023	0.529415	7.72272e-07	-1.36539	-9.76216e-07
3.855	0.339693	-0.179052	0.529366	7.99087e-07	-1.36539	-1.00206e-06
3.86	0.339722	-0.17908	0.529317	8.25648e-07	-1.36539	-1.02766e-06
3.865	0.339752	-0.179109	0.529268	8.51953e-07	-1.36539	-1.05302e-06
3.87	0.339781	-0.179137	0.529219	8.78001e-07	-1.36539	-1.07812e-06
3.875	0.33981	-0.179165	0.529171	9.03788e-07	-1.36539	-1.10298e-06
3.88	0.339912	-0.179193	0.529139	6.7572e-07	-1.36674	-8.69689e-07
3.885	0.339941	-0.179221	0.529091	7.01138e-07	-1.36674	-8.94214e-07
3.89	0.33997	-0.179249	0.529043	7.26283e-07	-1.36674	-9.18477e-07
3.895	0.339998	-0.179277	0.528996	7.5116e-07	-1.36674	-9.4248e-07
3.9	0.340027	-0.179304	0.528948	7.75766e-07	-1.36674	-9.66222e-07
3.905	0.340055	-0.179331	0.528902	8.001e-07	-1.36674	-9.89703e-07
3.91	0.340083	-0.179359	0.528855	8.2416e-07	-1.36674	-1.01292e-06
3.915	0.340111	-0.179386	0.528809	8.47946e-07	-1.36674	-1.03587e-06
3.92	0.340209	-0.179412	0.528778	6.25282e-07	-1.36803	-8.05048e-07
3.925	0.340237	-0.179439	0.528732	6.48652e-07	-1.36803	-8.27621e-07
3.93	0.340264	-0.179466	0.528686	6.71736e-07	-1.36803	-8.49919e-07
3.935	0.340291	-0.179492	0.528641	6.94539e-07	-1.36803	-8.71944e-07
3.94	0.340318	-0.179518	0.528596	7.17059e-07	-1.36803	-8.93697e-07
3.945	0.340345	-0.179544	0.528552	7.39295e-07	-1.36803	-9.15175e-07
3.95	0.340372	-0.17957	0.528507	7.61246e-07	-1.36803	-9.36379e-07
3.955	0.340398	-0.179596	0.528463	7.82911e-07	-1.36803	-9.57307e-07
3.96	0.340425	-0.179621	0.528419	8.0429e-07	-1.36803	-9.77958e-07
3.965	0.340526	-0.179647	0.528392	7.07902e-07	-1.3694	-9.04157e-07
3.97	0.340552	-0.179672	0.528349	7.28838e-07	-1.3694	-9.24402e-07
3.975	0.340577	-0.179697	0.528306	7.49479e-07	-1.3694	-9.4436e-07
3.98	0.340603	-0.179722	0.528263	7.69828e-07	-1.3694	-9.64038e-07
3.985	0.340628	-0.179746	0.528221	7.89886e-07	-1.3694	-9.83433e-07
3.99	0.340654	-0.179771	0.528179	8.09652e-07	-1.3694	-1.00255e-06
3.995	0.340679	-0.179795	0.528137	8.29126e-07	-1.3694	-1.02138e-06
4.0	0.340704	-0.179819	0.528096	8.48308e-07	-1.3694	-1.03993e-06
4.005	0.340728	-0.179843	0.528055	8.67197e-07	-1.3694	-1.05819e-06
4.01	0.340824	-0.179867	0.528029	6.5736e-07	-1.3707	-8.38592e-07
4.015	0.340848	-0.17989	0.527989	6.75775e-07	-1.3707	-8.56417e-07
4.02	0.340872	-0.179914	0.527949	6.93892e-07	-1.3707	-8.73953e-07
4.025	0.340896	-0.179937	0.527909	7.11715e-07	-1.3707	-8.91205e-07
4.03	0.34092	-0.17996	0.52787	7.29243e-07	-1.3707	-9.08172e-07
4.035	0.340943	-0.179983	0.527831	7.46477e-07	-1.3707	-9.24855e-07
4.04	0.340967	-0.180005	0.527792	7.63418e-07	-1.3707	-9.41253e-07
4.045	0.34099	-0.180028	0.527753	7.80066e-07	-1.3707	-9.57369e-07
4.05	0.341013	-0.18005	0.527715	7.96421e-07	-1.3707	-9.73201e-07
4.055	0.341035	-0.180072	0.527678	8.12485e-07	-1.3707	-9.88751e-07
4.06	0.34113	-0.180093	0.527656	6.95332e-07	-1.37203	-8.81208e-07
4.065	0.341153	-0.180115	0.527619	7.10912e-07	-1.37203	-8.96303e-07
4.07	0.341175	-0.180136	0.527582	7.26195e-07	-1.37203	-9.11112e-07
4.075	0.341196	-0.180158	0.527546	7.41187e-07	-1.37203	-9.25639e-07
4.08	0.341218	-0.180179	0.52751	7.55889e-07	-1.37203	-9.39885e-07
4.085	0.34124	-0.180199	0.527474	7.70302e-07	-1.37203	-9.53851e-07
4.09	0.341261	-0.18022	0.527439	7.84428e-07	-1.37203	-9.67539e-07
4.095	0.341282	-0.18024	0.527404	7.98267e-07	-1.37203	-9.80949e-07
4.1	0.341303	-0.18026	0.527369	8.1182e-07	-1.37203	-9.94082e-07
4.105	0.341323	-0.18028	0.527335	8.25089e-07	-1.37203	-1.00694e-06
4.11	0.341343	-0.1803	0.527301	8.38075e-07	-1.37203	-1.01952e-06
4.115	0.341436	-0.180319	0.527284	7.14711e-07	-1.37336	-8.9995e-07
4.12	0.341456	-0.180339	0.527251	7.27216e-07	-1.37336	-9.12079e-07
4.125	0.341475	-0.180358	0.527218	7.39436e-07	-1.37336	-9.23932e-07
4.13	0.341495	-0.180377	0.527186	7.51379e-07	-1.37336	-9.35515e-07
4.135	0.341514	-0.180395	0.527154	7.63044e-07	-1.37336	-9.46831e-07
4.14	0.341533	-0.180414	0.527122	7.74435e-07	-1.37336	-9.57879e-07
4.145	0.341552	-0.180432	0.527091	7.85553e-07	-1.37336	-9.68663e-07
4.15	0.34157	-0.18045	0.52706	7.964e-07	-1.37336	-9.79185e-07
4.155	0.341589	-0.180467	0.52703	8.06977e-07	-1.37336	-9.89445e-07
4.16	0.341607	-0.180485	0.527	8.17288e-07	-1.37336	-9.99446e-07
4.165	0.341625	-0.180502	0.52697	8.27334e-07	-1.37336	-1.00919e-06
4.17	0.341642	-0.180519	0.526941	8.37117e-07	-1.37336	-1.01868e-06
4.175	0.341729	-0.180536	0.526927	6.83457e-07	-1.37464	-8.55747e-07
4.18	0.341746	-0.180553	0.526899	6.9278e-07	-1.37464	-8.64798e-07
4.185	0.341763	-0.180569	0.526871	7.01842e-07	-1.37464	-8.73596e-07
4.19	0.34178	-0.180585	0.526843	7.10649e-07	-1.37464	-8.82147e-07
4.195	0.341796	-0.180601	0.526816	7.19205e-07	-1.37464	-8.90453e-07
4.2	0.341813	-0.180617	0.526789	7.2751e-07	-1.37464	-8.98517e-07
4.205	0.341828	-0.180632	0.526762	7.35569e-07	-1.37464	-9.06341e-07
4.21	0.341844	-0.180647	0.526736	7.43384e-07	-1.37464	-9.13929e-07
4.215	0.34186	-0.180662	0.52671	7.50957e-07	-1.37464	-9.21282e-07
4.22	0.341875	-0.180677	0.526685	7.58292e-07	-1.37464	-9.28403e-07
4.225	0.34189	-0.180691	0.52666	7.65391e-07	-1.37464	-9.35296e-07
4.23	0.341904	-0.180706	0.526636	7.72257e-07	-1.37464	-9.41963e-07
4.235	0.341919	-0.18072	0.526612	7.78894e-07	-1.37464	-9.48407e-07
4.24	0.341933	-0.180733	0.526588	7.85304e-07	-1.37464	-9.54631e-07
4.245	0.341947	-0.180747	0.526565	7.91491e-07	-1.37464	-9.60638e-07
4.25	0.342032	-0.18076	0.526558	7.43705e-07	-1.37596	-9.21002e-07
4.255	0.342046	-0.180773	0.526536	7.49493e-07	-1.37596	-9.26626e-07
4.26	0.342059	-0.180786	0.526514	7.55062e-07	-1.37596	-9.32039e-07
4.265	0.342072	-0.180798	0.526492	7.60421e-07	-1.37596	-9.37246e-07
4.27	0.342085	-0.180811	0.526471	7.6557e-07	-1.37596	-9.42251e-07
4.275	0.342097	-0.180823	0.52645	7.70516e-07	-1.37596	-9.47057e-07
4.28	0.342109	-0.180835	0.52643	7.7526e-07	-1.37596	-9.51668e-07
4.285	0.342121	-0.180846	0.52641	7.79807e-07	-1.37596	-9.56086e-07
4.29	0.342133	-0.180857	0.526391	7.84159e-07	-1.37596	-9.60317e-07
4.295	0.342144	-0.180868	0.526372	7.88322e-07	-1.37596	-9.64362e-07
4.3	0.342155	-0.180879	0.526353	7.92298e-07	-1.37596	-9.68226e-07
4.305	0.342166	-0.18089	0.526335	7.96091e-07	-1.37596	-9.71913e-07
4.31	0.342177	-0.1809	0.526317	7.99706e-07	-1.37596	-9.75426e-07
4.315	0.342187	-0.18091	0.5263	8.03145e-07	-1.37596	-9.78769e-07
4.32	0.342197	-0.18092	0.526283	8.06414e-07	-1.37596	-9.81945e-07
4.325	0.342207	-0.180929	0.526267	8.09515e-07	-1.37596	-9.84959e-07
4.33	0.342217	-0.180939	0.526251	8.12453e-07	-1.37596	-9.87815e-07
4.335	0.342226	-0.180948	0.526235	8.15233e-07	-1.37596	-9.90516e-07
4.34	0.342235	-0.180957	0.52622	8.17857e-07	-1.37596	-9.93067e-07
4.345	0.342244	-0.180965	0.526206	8.2033e-07	-1.37596	-9.95471e-07
4.35	0.342252	-0.180973	0.526192	8.22657e-07	-1.37596	-9.97732e-07
4.355	0.342332	-0.180981	0.526194	7.76803e-07	-1.37726	-9.48615e-07
4.36	0.34234	-0.180989	0.52618	7.78863e-07	-1.37726	-9.50619e-07
4.365	0.342347	-0.180997	0.526168	7.80787e-07	-1.37726	-9.5249e-07
4.37	0.342355	-0.181004	0.526155	7.8258e-07	-1.37726	-9.54235e-07
4.375	0.342362	-0.181011	0.526143	7.84247e-07	-1.37726	-9.55856e-07
4.38	0.342369	-0.181017	0.526132	7.85793e-07	-1.37726	-9.5736e-07
4.385	0.342376	-0.181024	0.52612	7.87221e-07	-1.37726	-9.58749e-07
4.39	0.342382	-0.18103	0.52611	7.88536e-07	-1.37726	-9.60028e-07
4.395	0.342388	-0.181036	0.5261	7.89743e-07	-1.37726	-9.61202e-07
4.4	0.342394	-0.181042	0.52609	7.90846e-07	-1.37726	-9.62276e-07
4.405	0.3424	-0.181047	0.526081	7.9185e-07	-1.37726	-9.63252e-07
4.41	0.342405	-0.181052	0.526072	7.92759e-07	-1.37726	-9.64136e-07
4.415	0.34241	-0.181057	0.526063	7.93578e-07	-1.37726	-9.64933e-07
4.42	0.342415	-0.181062	0.526055	7.94311e-07	-1.37726	-9.65646e-07
4.425	0.342419	-0.181066	0.526049	7.94957e-07	-1.37726	-9.66275e-07
4.43	0.342423	-0.18107	0.526041	7.95649e-07	-1.37726	-9.66948e-07
4.435	0.342427	-0.181074	0.526035	7.9615e-07	-1.37726	-9.67435e-07
4.44	0.342431	-0.181077	0.526029	7.96671e-07	-1.37726	-9.67942e-07
4.445	0.342434	-0.181081	0.526023	7.97128e-07	-1.37726	-9.68386e-07
4.45	0.342437	-0.181084	0.526018	7.97515e-07	-1.37726	-9.68763e-07
4.455	0.34244	-0.181086	0.526013	7.97839e-07	-1.37726	-9.69078e-07
4.46	0.342443	-0.181089	0.526009	7.98105e-07	-1.37726	-9.69337e-07
4.465	0.342445	-0.181091	0.526005	7.98319e-07	-1.37726	-9.69545e-07
4.47	0.342447	-0.181093	0.526001	7.98486e-07	-1.37726	-9.69707e-07
4.475	0.342449	-0.181095	0.525998	7.98612e-07	-1.37726	-9.69829e-07
4.48	0.342451	-0.181097	0.525996	7.98702e-07	-1.37726	-9.69918e-07
4.485	0.342452	-0.181098	0.525994	7.98764e-07	-1.37726	-9.69977e-07
4.49	0.342453	-0.181099	0.525992	7.98801e-07	-1.37726	-9.70014e-07
4.495	0.342454	-0.181099	0.525991	7.98821e-07	-1.37726	-9.70033e-07
4.5	0.342454	-0.1811	0.52599	7.98828e-07	-1.37726	-9.7004e-07
4.505	0.342454	-0.1811	0.52599	7.98828e-07	-1.37726	-9.7004e-07
4.51	0.342454	-0.1811	0.52599	7.98828e-07	-1.37726	-9.7004e-07
4.515	0.342454	-0.1811	0.52599	7.98828e-07	-1.37726	-9.7004e-07
4.52	0.342454	-0.1811	0.52599	7.98828e-07	-1.37726	-9.7004e-07
4.525	0.342454	-0.1811	0.52599	7.98828e-07	-1.37726	-9.7004e-07
4.53	0.342454	-0.1811	0.52599	7.98828e-07	-1.37726	-9.7004e-07
4.535	0.342454	-0.1811	0.52599	7.98828e-07	-1.37726	-9.7004e-07
4.54	0.342454	-0.1811	0.52599	7.98828e-07	-1.37726	-9.7004e-07
4.545	0.342454	-0.1811	0.52599	7.98828e-07	-1.37726	-9.7004e-07
4.55	0.342454	-0.1811	0.52599	7.98828e-07	-1.37726	-9.7004e-07
4.555	0.342454	-0.1811	0.52599	7.98828e-07	-1.37726	-9.7004e-07
4.56	0.342454	-0.1811	0.52599	7.98828e-07	-1.37726	-9.7004e-07
4.565	0.342454	-0.1811	0.52599	7.98828e-07	-1.37726	-9.7004e-07
4.57	0.342454	-0.1811	0.52599	7.98828e-07	-1.37726	-9.7004e-07
4.575	0.342454	-0.1811	0.52599	7.98828e-07	-1.37726	-9.7004e-07
4.58	0.342454	-0.1811	0.52599	7.98828e-07	-1.37726	-9.7004e-07
4.585	0.342454	-0.1811	0.52599	7.98828e-07	-1.37726	-9.7004e-07
4.59	0.342454	-0.1811	0.52599	7.98828e-07	-1.37726	-9.7004e-07
4.595	0.342454	-0.1811	0.52599	7.98828e-07	-1.37726	-9.7004e-07
4.6	0.342454	-0.1811	0.52599	7.98828e-07	-1.37726	-9.7004e-07
4.605	0.342454	-0.1811	0.52599	7.98828e-07	-1.37726	-9.7004e-07
4.61	0.342454	-0.1811	0.52599	7.98828e-07	-1.37726	-9.7004e-07
4.615	0.342454	-0.1811	0.52599	7.98828e-07	-1.37726	-9.7004e-07
4.62	0.342454	-0.1811	0.52599	7.98828e-07	-1.37726	-9.7004e-07
4.625	0.342454	-0.1811	0.52599	7.98828e-07	-1.37726	-9.7004e-07
4.63	0.342454	-0.1811	0.52599	7.98828e-07	-1.37726	-9.7004e-07
4.635	0.342454	-0.1811	0.52599	7.98828e-07	-1.37726	-9.7004e-07
4.64	0.342454	-0.1811	0.52599	7.98828e-07	-1.37726	-9.7004e-07
4.645	0.342454	-0.1811	0.52599	7.98828e-07	-1.37726	-9.7004e-07
4.65	0.342454	-0.1811	0.52599	7.98828e-07	-1.37726	-9.7004e-07
4.655	0.342454	-0.1811	0.52599	7.98828e-07	-1.37726	-9.7004e-07
4.66	0.342454	-0.1811	0.52599	7.98828e-07	-1.37726	-9.7004e-07
4.665	0.342454	-0.1811	0.52599	7.98828e-07	-1.37726	-9.7004e-07
4.67	0.342454	-0.1811	0.52599	7.98828e-07	-1.37726	-9.7004e-07
4.675	0.342454	-0.1811	0.52599	7.98828e-07	-1.37726	-9.7004e-07
4.68	0.342454	-0.1811	0.52599	7.98828e-07	-1.37726	-9.7004e-07
4.685	0.342454	-0.1811	0.52599	7.98828e-07	-1.37726	-9.7004e-07
4.69	0.342454	-0.1811	0.52599	7.98828e-07	-1.37726	-9.7004e-07
4.695	0.342454	-0.1811	0.52599	7.98828e-07	-1.37726	-9.7004e-07
4.7	0.342454	-0.1811	0.52599	7.98828e-07	-1.37726	-9.7004e-07
4.705	0.342454	-0.1811	0.52599	7.98828e-07	-1.37726	-9.7004e-07
4.71	0.342454	-0.1811	0.52599	7.98828e-07	-1.37726	-9.7004e-07
4.715	0.342454	-0.1811	0.52599	7.98828e-07	-1.37726	-9.7004e-07
4.72	0.342454	-0.1811	0.52599	7.98828e-07	-1.37726	-9.7004e-07
4.725	0.342454	-0.1811	0.52599	7.98828e-07	-1.37726	-9.7004e-07
4.73	0.342454	-0.1811	0.52599	7.98828e-07	-1.37726	-9.7004e-07
4.735	0.342454	-0.1811	0.52599	7.98828e-07	-1.37726	-9.7004e-07
4.74	0.342454	-0.1811	0.52599	7.98828e-07	-1.37726	-9.7004e-07
4.745	0.342454	-0.1811	0.52599	7.98828e-07	-1.37726	-9.7004e-07
4.75	0.342454	-0.1811	0.52599	7.98828e-07	-1.37726	-9.7004e-07
4.755	0.342454	-0.1811	0.52599	7.98828e-07	-1.37726	-9.7004e-07
4.76	0.342454	-0.1811	0.52599	7.98828e-07	-1.37726	-9.7004e-07
4.765	0.342454	-0.1811	0.52599	7.98828e-07	-1.37726	-9.7004e-07
4.77	0.342454	-0.1811	0.52599	7.98828e-07	-1.37726	-9.7004e-07
4.775	0.342454	-0.1811	0.52599	7.98828e-07	-1.37726	-9.7004e-07
4.78	0.342454	-0.1811	0.52599	7.98828e-07	-1.37726	-9.7004e-07
4.785	0.342454	-0.1811	0.52599	7.98828e-07	-1.37726	-9.7004e-07
4.79	0.342454	-0.1811	0.52599	7.98828e-07	-1.37726	-9.7004e-07
4.795	0.342454	-0.1811	0.52599	7.98828e-07	-1.37726	-9.7004e-07
4.8	0.342454	-0.1811	0.52599	7.98828e-07	-1.37726	-9.7004e-07
4.805	0.342454	-0.1811	0.52599	7.98828e-07	-1.37726	-9.7004e-07
4.81	0.342454	-0.1811	0.52599	7.98828e-07	-1.37726	-9.7004e-07
4.815	0.342454	-0.1811	0.52599	7.98828e-07	-1.37726	-9.7004e-07
4.82	0.342454	-0.1811	0.52599	7.98828e-07	-1.37726	-9.7004e-07
4.825	0.342454	-0.1811	0.52599	7.98828e-07	-1.37726	-9.7004e-07
4.83	0.342454	-0.1811	0.52599	7.98828e-07	-1.37726	-9.7004e-07
4.835	0.342454	-0.1811	0.52599	7.98828e-07	-1.37726	-9.7004e-07
4.84	0.342454	-0.1811	0.52599	7.98828e-07	-1.37726	-9.7004e-07
4.845	0.342454	-0.1811	0.52599	7.98828e-07	-1.37726	-9.7004e-07
4.85	0.342454	-0.1811	0.52599	7.98828e-07	-1.37726	-9.7004e-07
4.855	0.342454	-0.1811	0.52599	7.98828e-07	-1.37726	-9.7004e-07
4.86	0.342454	-0.1811	0.52599	7.98828e-07	-1.37726	-9.7004e-07
4.865	0.342454	-0.1811	0.52599	7.98828e-07	-1.37726	-9.7004e-07
4.87	0.342454	-0.1811	0.52599	7.98828e-07	-1.37726	-9.7004e-07
4.875	0.342454	-0.1811	0.52599	7.98828e-07	-1.37726	-9.7004e-07
4.88	0.342454	-0.1811	0.52599	7.98828e-07	-1.37726	-9.7004e-07
4.885	0.342454	-0.1811	0.52599	7.98828e-07	-1.37726	-9.7004e-07
4.89	0.342454	-0.1811	0.52599	7.98828e-07	-1.37726	-9.7004e-07
4.895	0.342454	-0.1811	0.52599	7.98828e-07	-1.37726	-9.7004e-07
4.9	0.342454	-0.1811	0.52599	7.98828e-07	-1.37726	-9.7004e-07
4.905	0.342454	-0.1811	0.52599	7.98828e-07	-1.37726	-9.7004e-07
4.91	0.342454	-0.1811	0.52599	7.98828e-07	-1.37726	-9.7004e-07
4.915	0.342454	-0.1811	0.52599	7.98828e-07	-1.37726	-9.7004e-07
4.92	0.342454	-0.1811	0.52599	7.98828e-07	-1.37726	-9.7004e-07
4.925	0.342454	-0.1811	0.52599	7.98828e-07	-1.37726	-9.7004e-07
4.93	0.342454	-0.1811	0.52599	7.98828e-07	-1.37726	-9.7004e-07
4.935	0.342454	-0.1811	0.52599	7.98828e-07	-1.37726	-9.7004e-07
4.94	0.342454	-0.1811	0.52599	7.98828e-07	-1.37726	-9.7004e-07
4.945	0.342454	-0.1811	0.52599	7.98828e-07	-1.37726	-9.7004e-07
4.95	0.342454	-0.1811	0.52599	7.98828e-07	-1.37726	-9.7004e-07
4.955	0.342454	-0.1811	0.52599	7.98828e-07	-1.37726	-9.7004e-07
4.96	0.342454	-0.1811	0.52599	7.98828e-07	-1.37726	-9.7004e-07
4.965	0.342454	-0.1811	0.52599	7.98828e-07	-1.37726	-9.7004e-07
4.97	0.342454	-0.1811	0.52599	7.98828e-07	-1.37726	-9.7004e-07
4.975	0.342454	-0.1811	0.52599	7.98828e-07	-1.37726	-9.7004e-07
4.98	0.342454	-0.1811	0.52599	7.98828e-07	-1.37726	-9.7004e-07
4.985	0.342454	-0.1811	0.52599	7.98828e-07	-1.37726	-9.7004e-07
4.99	0.342454	-0.1811	0.52599	7.98828e-07	-1.37726	-9.7004e-07
4.995	0.342454	-0.1811	0.52599	7.98828e-07	-1.37726	-9.7004e-07
5.0	0.342454	-0.1811	0.52599	7.98828e-07	-1.37726	-9.7004e-07
5.005	0.342454	-0.1811	0.52599	7.98828e-07	-1.37726	-9.7004e-07
5.01	0.342454	-0.1811	0.52599	7.98828e-07	-1.37726	-9.7004e-07
5.015	0.342454	-0.1811	0.52599	7.98828e-07	-1.37726	-9.7004e-07
5.02	0.342454	-0.1811	0.52599	7.98828e-07	-1.37726	-9.7004e-07
5.025	0.342454	-0.1811	0.52599	7.98828e-07	-1.37726	-9.7004e-07
5.03	0.342454	-0.1811	0.52599	7.98828e-07	-1.37726	-9.7004e-07
5.035	0.342454	-0.1811	0.52599	7.98828e-07	-1.37726	-9.7004e-07
5.04	0.342454	-0.1811	0.52599	7.98828e-07	-1.37726	-9.7004e-07
5.045	0.342454	-0.1811	0.52599	7.98828e-07	-1.37726	-9.7004e-07
5.05	0.342454	-0.1811	0.52599	7.98828e-07	-1.37726	-9.7004e-07
5.055	0.342454	-0.1811	0.52599	7.98828e-07	-1.37726	-9.7004e-07
5.06	0.342454	-0.1811	0.52599	7.98828e-07	-1.37726	-9.7004e-07
5.065	0.342454	-0.1811	0.52599	7.98828e-07	-1.37726	-9.7004e-07
5.07	0.342454	-0.1811	0.52599	7.98828e-07	-1.37726	-9.7004e-07
5.075	0.342454	-0.1811	0.52599	7.98828e-07	-1.37726	-9.7004e-07
5.08	0.342454	-0.1811	0.52599	7.98828e-07	-1.37726	-9.7004e-07
5.085	0.342454	-0.1811	0.52599	7.98828e-07	-1.37726	-9.7004e-07
5.09	0.342454	-0.1811	0.52599	7.98828e-07	-1.37726	-9.7004e-07
5.095	0.342454	-0.1811	0.52599	7.98828e-07	-1.37726	-9.7004e-07
5.1	0.342454	-0.1811	0.52599	7.98828e-07	-1.37726	-9.7004e-07
5.105	0.342454	-0.1811	0.52599	7.98828e-07	-1.37726	-9.7004e-07
5.11	0.342454	-0.1811	0.52599	7.98828e-07	-1.37726	-9.7004e-07
5.115	0.342454	-0.1811	0.52599	7.98828e-07	-1.37726	-9.7004e-07
5.12	0.342454	-0.1811	0.52599	7.98828e-07	-1.37726	-9.7004e-07
5.125	0.342454	-0.1811	0.52599	7.98828e-07	-1.37726	-9.7004e-07
5.13	0.342454	-0.1811	0.52599	7.98828e-07	-1.37726	-9.7004e-07
5.135	0.342454	-0.1811	0.52599	7.98828e-07	-1.37726	-9.7004e-07
5.14	0.342454	-0.1811	0.52599	7.98828e-07	-1.37726	-9.7004e-07
5.145	0.342454	-0.1811	0.52599	7.98828e-07	-1.37726	-9.7004e-07
5.15	0.342454	-0.1811	0.52599	7.98828e-07	-1.37726	-9.7004e-07
5.155	0.342454	-0.1811	0.52599	7.98828e-07	-1.37726	-9.7004e-07
5.16	0.342454	-0.1811	0.52599	7.98828e-07	-1.37726	-9.7004e-07
5.165	0.342454	-0.1811	0.52599	7.98828e-07	-1.37726	-9.7004e-07
5.17	0.342454	-0.1811	0.52599	7.98828e-07	-1.37726	-9.7004e-07
5.175	0.342454	-0.1811	0.52599	7.98828e-07	-1.37726	-9.7004e-07
5.18	0.342454	-0.1811	0.52599	7.98828e-07	-1.37726	-9.7004e-07
5.185	0.342454	-0.1811	0.52599	7.98828e-07	-1.37726	-9.7004e-07
5.19	0.342454	-0.1811	0.52599	7.98828e-07	-1.37726	-9.7004e-07
5.195	0.342454	-0.1811	0.52599	7.98828e-07	-1.37726	-9.7004e-07
5.2	0.342454	-0.1811	0.52599	7.98828e-07	-1.37726	-9.7004e-07
5.205	0.342454	-0.1811	0.52599	7.98828e-07	-1.37726	-9.7004e-07
5.21	0.342454	-0.1811	0.52599	7.98828e-07	-1.37726	-9.7004e-07
5.215	0.342454	-0.1811	0.52599	7.98828e-07	-1.37726	-9.7004e-07
5.22	0.342454	-0.1811	0.52599	7.98828e-07	-1.37726	-9.7004e-07
5.225	0.342454	-0.1811	0.52599	7.98828e-07	-1.37726	-9.7004e-07
5.23	0.342454	-0.1811	0.52599	7.98828e-07	-1.37726	-9.7004e-07
5.235	0.342454	-0.1811	0.52599	7.98828e-07	-1.37726	-9.7004e-07
5.24	0.342454	-0.1811	0.52599	7.98828e-07	-1.37726	-9.7004e-07
5.245	0.342454	-0.1811	0.52599	7.98828e-07	-1.37726	-9.7004e-07
5.25	0.342454	-0.1811	0.52599	7.98828e-07	-1.37726	-9.7004e-07
5.255	0.342454	-0.1811	0.52599	7.98828e-07	-1.37726	-9.7004e-07
5.26	0.342454	-0.1811	0.52599	7.98828e-07	-1.37726	-9.7004e-07
5.265	0.342454	-0.1811	0.52599	7.98828e-07	-1.37726	-9.7004e-07
5.27	0.342454	-0.1811	0.52599	7.98828e-07	-1.37726	-9.7004e-07
5.275	0.342454	-0.1811	0.52599	7.98828e-07	-1.37726	-9.7004e-07
5.28	0.342454	-0.1811	0.52599	7.98828e-07	-1.37726	-9.7004e-07
5.285	0.342454	-0.1811	0.52599	7.98828e-07	-1.37726	-9.7004e-07
5.29	0.342454	-0.1811	0.52599	7.98828e-07	-1.37726	-9.7004e-07
5.295	0.342454	-0.1811	0.52599	7.98828e-07	-1.37726	-9.7004e-07
5.3	0.342454	-0.1811	0.52599	7.98828e-07	-1.37726	-9.7004e-07
5.305	0.342454	-0.1811	0.52599	7.98828e-07	-1.37726	-9.7004e-07
5.31	0.342454	-0.1811	0.52599	7.98828e-07	-1.37726	-9.7004e-07
5.315	0.342454	-0.1811	0.52599	7.98828e-07	-1.37726	-9.7004e-07
5.32	0.342454	-0.1811	0.52599	7.98828e-07	-1.37726	-9.7004e-07
5.325	0.342454	-0.1811	0.52599	7.98828e-07	-1.37726	-9.7004e-07
5.33	0.342454	-0.1811	0.52599	7.98828e-07	-1.37726	-9.7004e-07
5.335	0.342454	-0.1811	0.52599	7.98828e-07	-1.37726	-9.7004e-07
5.34	0.342454	-0.1811	0.52599	7.98828e-07	-1.37726	-9.7004e-07
5.345	0.342454	-0.1811	0.52599	7.98828e-07	-1.37726	-9.7004e-07
5.35	0.342454	-0.1811	0.52599	7.98828e-07	-1.37726	-9.7004e-07
5.355	0.342454	-0.1811	0.52599	7.98828e-07	-1.37726	-9.7004e-07
5.36	0.342454	-0.1811	0.52599	7.98828e-07	-1.37726	-9.7004e-07
5.365	0.342454	-0.1811	0.52599	7.98828e-07	-1.37726	-9.7004e-07
5.37	0.342454	-0.1811	0.52599	7.98828e-07	-1.37726	-9.7004e-07
5.375	0.342454	-0.1811	0.52599	7.98828e-07	-1.37726	-9.7004e-07
5.38	0.342454	-0.1811	0.52599	7.98828e-07	-1.37726	-9.7004e-07
5.385	0.342454	-0.1811	0.52599	7.98828e-07	-1.37726	-9.7004e-07
5.39	0.342454	-0.1811	0.52599	7.98828e-07	-1.37726	-9.7004e-07
5.395	0.342454	-0.1811	0.52599	7.98828e-07	-1.37726	-9.7004e-07
5.4	0.342454	-0.1811	0.52599	7.98828e-07	-1.37726	-9.7004e-07
5.405	0.342454	-0.1811	0.52599	7.98828e-07	-1.37726	-9.7004e-07
5.41	0.342454	-0.1811	0.52599	7.98828e-07	-1.37726	-9.7004e-07
5.415	0.342454	-0.1811	0.52599	7.98828e-07	-1.37726	-9.7004e-07
5.42	0.342454	-0.1811	0.52599	7.98828e-07	-1.37726	-9.7004e-07
5.425	0.342454	-0.1811	0.52599	7.98828e-07	-1.37726	-9.7004e-07
5.43	0.342454	-0.1811	0.52599	7.98828e-07	-1.37726	-9.7004e-07
5.435	0.342454	-0.1811	0.52599	7.98828e-07	-1.37726	-9.7004e-07
5.44	0.342454	-0.1811	0.52599	7.98828e-07	-1.37726	-9.7004e-07
5.445	0.342454	-0.1811	0.52599	7.98828e-07	-1.37726	-9.7004e-07
5.45	0.342454	-0.1811	0.52599	7.98828e-07	-1.37726	-9.7004e-07
5.455	0.342454	-0.1811	0.52599	7.98828e-07	-1.37726	-9.7004e-07
5.46	0.342454	-0.1811	0.52599	7.98828e-07	-1.37726	-9.7004e-07
5.465	0.342454	-0.1811	0.52599	7.98828e-07	-1.37726	-9.7004e-07
5.47	0.342454	-0.1811	0.52599	7.98828e-07	-1.37726	-9.7004e-07
5.475	0.342454	-0.1811	0.52599	7.98828e-07	-1.37726	-9.7004e-07
5.48	0.342454	-0.1811	0.52599	7.98828e-07	-1.37726	-9.7004e-07
5.485	0.342454	-0.1811	0.52599	7.98828e-07	-1.37726	-9.7004e-07
5.49	0.342454	-0.1811	0.52599	7.98828e-07	-1.37726	-9.7004e-07
5.495	0.342454	-0.1811	0.52599	7.98828e-07	-1.37726	-9.7004e-07
5.5	0.342454	-0.1811	0.52599	7.98828e-07	-1.37726	-9.7004e-07
5.505	0.342454	-0.1811	0.52599	7.98828e-07	-1.37726	-9.7004e-07
5.51	0.342454	-0.1811	0.52599	7.98828e-07	-1.37726	-9.7004e-07
5.515	0.342454	-0.1811	0.52599	7.98828e-07	-1.37726	-9.7004e-07
5.52	0.342454	-0.1811	0.52599	7.98828e-07	-1.37726	-9.7004e-07
5.525	0.342454	-0.1811	0.52599	7.98828e-07	-1.37726	-9.7004e-07
5.53	0.342454	-0.1811	0.52599	7.98828e-07	-1.37726	-9.7004e-07
5.535	0.342454	-0.1811	0.52599	7.98828e-07	-1.37726	-9.7004e-07
5.54	0.342454	-0.1811	0.52599	7.98828e-07	-1.37726	-9.7004e-07
5.545	0.342454	-0.1811	0.52599	7.98828e-07	-1.37726	-9.7004e-07
5.55	0.342454	-0.1811	0.52599	7.98828e-07	-1.37726	-9.7004e-07
5.555	0.342454	-0.1811	0.52599	7.98828e-07	-1.37726	-9.7004e-07
5.56	0.342454	-0.1811	0.52599	7.98828e-07	-1.37726	-9.7004e-07
5.565	0.342454	-0.1811	0.52599	7.98828e-07	-1.37726	-9.7004e-07
5.57	0.342454	-0.1811	0.52599	7.98828e-07	-1.37726	-9.7004e-07
5.575	0.342454	-0.1811	0.52599	7.98828e-07	-1.37726	-9.7004e-07
5.58	0.342454	-0.1811	0.52599	7.98828e-07	-1.37726	-9.7004e-07
5.585	0.342454	-0.1811	0.52599	7.98828e-07	-1.37726	-9.7004e-07
5.59	0.342454	-0.1811	0.52599	7.98828e-07	-1.37726	-9.7004e-07
5.595	0.342454	-0.1811	0.52599	7.98828e-07	-1.37726	-9.7004e-07
5.6	0.342454	-0.1811	0.52599	7.98828e-07	-1.37726	-9.7004e-07
5.605	0.342454	-0.1811	0.52599	7.98828e-07	-1.37726	-9.7004e-07
5.61	0.342454	-0.1811	0.52599	7.98828e-07	-1.37726	-9.7004e-07
5.615	0.342454	-0.1811	0.52599	7.98828e-07	-1.37726	-9.7004e-07
5.62	0.342454	-0.1811	0.52599	7.98828e-07	-1.37726	-9.7004e-07
5.625	0.342454	-0.1811	0.52599	7.98828e-07	-1.37726	-9.7004e-07
5.63	0.342454	-0.1811	0.52599	7.98828e-07	-1.37726	-9.7004e-07
5.635	0.342454	-0.1811	0.52599	7.98828e-07	-1.37726	-9.7004e-07
5.64	0.342454	-0.1811	0.52599	7.98828e-07	-1.37726	-9.7004e-07
5.645	0.342454	-0.1811	0.52599	7.98828e-07	-1.37726	-9.7004e-07
5.65	0.342454	-0.1811	0.52599	7.98828e-07	-1.37726	-9.7004e-07
5.655	0.342454	-0.1811	0.52599	7.98828e-07	-1.37726	-9.7004e-07
5.66	0.342454	-0.1811	0.52599	7.98828e-07	-1.37726	-9.7004e-07
5.665	0.342454	-0.1811	0.52599	7.98828e-07	-1.37726	-9.7004e-07
5.67	0.342454	-0.1811	0.52599	7.98828e-07	-1.37726	-9.7004e-07
5.675	0.342454	-0.1811	0.52599	7.98828e-07	-1.37726	-9.7004e-07
5.68	0.342454	-0.1811	0.52599	7.98828e-07	-1.37726	-9.7004e-07
5.685	0.342454	-0.1811	0.52599	7.98828e-07	-1.37726	-9.7004e-07
5.69	0.342454	-0.1811	0.52599	7.98828e-07	-1.37726	-9.7004e-07
5.695	0.342454	-0.1811	0.52599	7.98828e-07	-1.37726	-9.7004e-07
5.7	0.342454	-0.1811	0.52599	7.98828e-07	-1.37726	-9.7004e-07
5.705	0.342454	-0.1811	0.52599	7.98828e-07	-1.37726	-9.7004e-07
5.71	0.342454	-0.1811	0.52599	7.98828e-07	-1.37726	-9.7004e-07
5.715	0.342454	-0.1811	0.52599	7.98828e-07	-1.37726	-9.7004e-07
5.72	0.342454	-0.1811	0.52599	7.98828e-07	-1.37726	-9.7004e-07
5.725	0.342454	-0.1811	0.52599	7.98828e-07	-1.37726	-9.7004e-07
5.73	0.342454	-0.1811	0.52599	7.98828e-07	-1.37726	-9.7004e-07
5.735	0.342454	-0.1811	0.52599	7.98828e-07	-1.37726	-9.7004e-07
5.74	0.342454	-0.1811	0.52599	7.98828e-07	-1.37726	-9.7004e-07
5.745	0.342454	-0.1811	0.52599	7.98828e-07	-1.37726	-9.7004e-07
5.75	0.342454	-0.1811	0.52599	7.98828e-07	-1.37726	-9.7004e-07
5.755	0.342454	-0.1811	0.52599	7.98828e-07	-1.37726	-9.7004e-07
5.76	0.342454	-0.1811	0.52599	7.98828e-07	-1.37726	-9.7004e-07
5.765	0.342454	-0.1811	0.52599	7.98828e-07	-1.37726	-9.7004e-07
5.77	0.342454	-0.1811	0.52599	7.98828e-07	-1.37726	-9.7004e-07
5.775	0.342454	-0.1811	0.52599	7.98828e-07	-1.37726	-9.7004e-07
5.78	0.342454	-0.1811	0.52599	7.98828e-07	-1.37726	-9.7004e-07
5.785	0.342454	-0.1811	0.52599	7.98828e-07	-1.37726	-9.7004e-07
5.79	0.342454	-0.1811	0.52599	7.98828e-07	-1.37726	-9.7004e-07
5.795	0.342454	-0.1811	0.52599	7.98828e-07	-1.37726	-9.7004e-07
5.8	0.342454	-0.1811	0.52599	7.98828e-07	-1.37726	-9.7004e-07
5.805	0.342454	-0.1811	0.52599	7.98828e-07	-1.37726	-9.7004e-07
5.81	0.342454	-0.1811	0.52599	7.98828e-07	-1.37726	-9.7004e-07
