0.0	0.310429	-0.173769	0.537008	0.180534	-1.45468	-0.24872
0.005	0.310429	-0.173769	0.537008	0.180534	-1.45468	-0.24872
0.01	0.310429	-0.173769	0.537008	0.180534	-1.45468	-0.24872
0.015	0.310429	-0.173769	0.537008	0.180534	-1.45468	-0.24872
0.02	0.31043	-0.173769	0.537008	0.180534	-1.45468	-0.24872
0.025	0.310432	-0.173769	0.537009	0.180534	-1.45468	-0.24872
0.03	0.310434	-0.173769	0.537009	0.180534	-1.45468	-0.24872
0.035	0.310436	-0.173769	0.53701	0.180534	-1.45468	-0.24872
0.04	0.310439	-0.173769	0.53701	0.180534	-1.45468	-0.24872
0.045	0.310442	-0.173769	0.537011	0.180534	-1.45468	-0.24872
0.05	0.310446	-0.173769	0.537012	0.180534	-1.45468	-0.24872
0.055	0.31045	-0.17377	0.537013	0.180534	-1.45468	-0.24872
0.06	0.310455	-0.17377	0.537014	0.180534	-1.45468	-0.24872
0.065	0.31046	-0.17377	0.537015	0.180534	-1.45468	-0.24872
0.07	0.310465	-0.17377	0.537016	0.180534	-1.45468	-0.24872
0.075	0.310471	-0.17377	0.537018	0.180534	-1.45468	-0.24872
0.08	0.310478	-0.17377	0.537019	0.180534	-1.45468	-0.24872
0.085	0.310484	-0.17377	0.537021	0.180534	-1.45468	-0.24872
0.09	0.310491	-0.173771	0.537022	0.180534	-1.45468	-0.24872
0.095	0.310499	-0.173771	0.537024	0.180534	-1.45468	-0.24872
0.1	0.310507	-0.173771	0.537026	0.180534	-1.45468	-0.24872
0.105	0.310516	-0.173771	0.537028	0.180534	-1.45468	-0.24872
0.11	0.310526	-0.173771	0.53703	0.180534	-1.45468	-0.24872
0.115	0.310534	-0.173772	0.537032	0.180534	-1.45468	-0.24872
0.12	0.310545	-0.173772	0.537034	0.180534	-1.45468	-0.24872
0.125	0.310555	-0.173772	0.537037	0.180534	-1.45468	-0.24872
0.13	0.310566	-0.173772	0.537039	0.180534	-1.45468	-0.24872
0.135	0.310577	-0.173773	0.537042	0.180534	-1.45468	-0.24872
0.14	0.310589	-0.173773	0.537044	0.180534	-1.45468	-0.24872
0.145	0.310601	-0.173773	0.537047	0.180534	-1.45468	-0.24872
0.15	0.310613	-0.173774	0.53705	0.180534	-1.45468	-0.24872
0.155	0.310626	-0.173774	0.537053	0.180534	-1.45468	-0.24872
0.16	0.31064	-0.173774	0.537056	0.180534	-1.45468	-0.24872
0.165	0.310591	-0.173759	0.53704	0.178912	-1.45354	-0.246485
0.17	0.310605	-0.173759	0.537043	0.178912	-1.45354	-0.246485
0.175	0.31062	-0.17376	0.537047	0.178912	-1.45354	-0.246485
0.18	0.310635	-0.17376	0.53705	0.178912	-1.45354	-0.246485
0.185	0.310651	-0.17376	0.537054	0.178912	-1.45354	-0.246485
0.19	0.310667	-0.173761	0.537057	0.178912	-1.45354	-0.246485
0.195	0.310683	-0.173761	0.537061	0.178912	-1.45354	-0.246485
0.2	0.3107	-0.173762	0.537065	0.178912	-1.45354	-0.246485
0.205	0.310717	-0.173762	0.537069	0.178912	-1.45354	-0.246485
0.21	0.310735	-0.173762	0.537073	0.178912	-1.45354	-0.246485
0.215	0.310753	-0.173763	0.537077	0.178912	-1.45354	-0.246485
0.22	0.310771	-0.173763	0.537081	0.178912	-1.45354	-0.246485
0.225	0.310729	-0.173749	0.537066	0.177313	-1.45242	-0.244282
0.23	0.310748	-0.173749	0.537071	0.177313	-1.45242	-0.244282
0.235	0.310768	-0.173749	0.537075	0.177313	-1.45242	-0.244282
0.24	0.310788	-0.17375	0.53708	0.177313	-1.45242	-0.244282
0.245	0.310809	-0.17375	0.537085	0.177313	-1.45242	-0.244282
0.25	0.31083	-0.173751	0.537089	0.177313	-1.45242	-0.244282
0.255	0.310851	-0.173751	0.537094	0.177313	-1.45242	-0.244282
0.26	0.310873	-0.173752	0.537099	0.177313	-1.45242	-0.244282
0.265	0.310895	-0.173752	0.537104	0.177313	-1.45242	-0.244282
0.27	0.310918	-0.173753	0.537109	0.177313	-1.45242	-0.244282
0.275	0.310876	-0.173738	0.537095	0.175618	-1.45123	-0.241947
0.28	0.3109	-0.173738	0.5371	0.175618	-1.45123	-0.241947
0.285	0.310924	-0.173739	0.537106	0.175618	-1.45123	-0.241947
0.29	0.310948	-0.173739	0.537111	0.175618	-1.45123	-0.241947
0.295	0.310973	-0.17374	0.537117	0.175618	-1.45123	-0.241947
0.3	0.310998	-0.17374	0.537122	0.175618	-1.45123	-0.241947
0.305	0.311024	-0.173741	0.537128	0.175618	-1.45123	-0.241947
0.31	0.31105	-0.173741	0.537134	0.175618	-1.45123	-0.241947
0.315	0.311014	-0.173727	0.537121	0.174005	-1.4501	-0.239725
0.32	0.311041	-0.173728	0.537127	0.174005	-1.4501	-0.239725
0.325	0.311068	-0.173728	0.537134	0.174005	-1.4501	-0.239725
0.33	0.311096	-0.173729	0.53714	0.174005	-1.4501	-0.239725
0.335	0.311124	-0.173729	0.537146	0.174005	-1.4501	-0.239725
0.34	0.311153	-0.17373	0.537153	0.174005	-1.4501	-0.239725
0.345	0.311181	-0.17373	0.537159	0.174005	-1.4501	-0.239725
0.35	0.31115	-0.173717	0.537147	0.172425	-1.44899	-0.237548
0.355	0.31118	-0.173717	0.537154	0.172425	-1.44899	-0.237548
0.36	0.31121	-0.173718	0.537161	0.172425	-1.44899	-0.237548
0.365	0.31124	-0.173719	0.537168	0.172425	-1.44899	-0.237548
0.37	0.311271	-0.173719	0.537175	0.172425	-1.44899	-0.237548
0.375	0.311302	-0.17372	0.537182	0.172425	-1.44899	-0.237548
0.38	0.311334	-0.17372	0.537189	0.172425	-1.44899	-0.237548
0.385	0.3113	-0.173706	0.537176	0.170708	-1.44779	-0.235182
0.39	0.311332	-0.173706	0.537184	0.170708	-1.44779	-0.235182
0.395	0.311365	-0.173707	0.537191	0.170708	-1.44779	-0.235182
0.4	0.311399	-0.173707	0.537198	0.170708	-1.44779	-0.235182
0.405	0.311432	-0.173708	0.537206	0.170708	-1.44779	-0.235182
0.41	0.311466	-0.173708	0.537214	0.170708	-1.44779	-0.235182
0.415	0.311438	-0.173695	0.537203	0.169088	-1.44665	-0.232951
0.42	0.311473	-0.173696	0.537211	0.169088	-1.44665	-0.232951
0.425	0.311508	-0.173696	0.537218	0.169088	-1.44665	-0.232951
0.43	0.311544	-0.173697	0.537226	0.169088	-1.44665	-0.232951
0.435	0.31158	-0.173697	0.537235	0.169088	-1.44665	-0.232951
0.44	0.311616	-0.173698	0.537243	0.169088	-1.44665	-0.232951
0.445	0.311587	-0.173684	0.537231	0.16738	-1.44546	-0.230597
0.45	0.311624	-0.173685	0.53724	0.16738	-1.44546	-0.230597
0.455	0.311661	-0.173685	0.537248	0.16738	-1.44546	-0.230597
0.46	0.311699	-0.173686	0.537257	0.16738	-1.44546	-0.230597
0.465	0.311738	-0.173686	0.537265	0.16738	-1.44546	-0.230597
0.47	0.311776	-0.173687	0.537274	0.16738	-1.44546	-0.230597
0.475	0.311745	-0.173672	0.537262	0.165564	-1.44418	-0.228096
0.48	0.311784	-0.173673	0.537271	0.165564	-1.44418	-0.228096
0.485	0.311824	-0.173673	0.537279	0.165564	-1.44418	-0.228096
0.49	0.311864	-0.173674	0.537288	0.165564	-1.44418	-0.228096
0.495	0.311905	-0.173674	0.537297	0.165564	-1.44418	-0.228096
0.5	0.311882	-0.173662	0.537288	0.163939	-1.44304	-0.225857
0.505	0.311924	-0.173662	0.537297	0.163939	-1.44304	-0.225857
0.51	0.311965	-0.173663	0.537307	0.163939	-1.44304	-0.225857
0.515	0.312007	-0.173663	0.537316	0.163939	-1.44304	-0.225857
0.52	0.312049	-0.173664	0.537325	0.163939	-1.44304	-0.225857
0.525	0.312027	-0.173651	0.537316	0.162268	-1.44187	-0.223555
0.53	0.31207	-0.173651	0.537325	0.162268	-1.44187	-0.223555
0.535	0.312113	-0.173652	0.537335	0.162268	-1.44187	-0.223555
0.54	0.312157	-0.173652	0.537345	0.162268	-1.44187	-0.223555
0.545	0.312201	-0.173653	0.537355	0.162268	-1.44187	-0.223555
0.55	0.312178	-0.17364	0.537345	0.16053	-1.44065	-0.22116
0.555	0.312223	-0.17364	0.537355	0.16053	-1.44065	-0.22116
0.56	0.312268	-0.17364	0.537365	0.16053	-1.44065	-0.22116
0.565	0.312313	-0.173641	0.537375	0.16053	-1.44065	-0.22116
0.57	0.312359	-0.173641	0.537385	0.16053	-1.44065	-0.22116
0.575	0.312335	-0.173628	0.537375	0.158723	-1.43939	-0.21867
0.58	0.312381	-0.173628	0.537385	0.158723	-1.43939	-0.21867
0.585	0.312428	-0.173629	0.537396	0.158723	-1.43939	-0.21867
0.59	0.312475	-0.173629	0.537406	0.158723	-1.43939	-0.21867
0.595	0.312523	-0.173629	0.537417	0.158723	-1.43939	-0.21867
0.6	0.312497	-0.173616	0.537406	0.156849	-1.43807	-0.216089
0.605	0.312545	-0.173616	0.537417	0.156849	-1.43807	-0.216089
0.61	0.312594	-0.173616	0.537428	0.156849	-1.43807	-0.216089
0.615	0.312643	-0.173617	0.537439	0.156849	-1.43807	-0.216089
0.62	0.31263	-0.173605	0.537432	0.155264	-1.43696	-0.213905
0.625	0.312679	-0.173606	0.537443	0.155264	-1.43696	-0.213905
0.63	0.312729	-0.173606	0.537454	0.155264	-1.43696	-0.213905
0.635	0.312779	-0.173606	0.537465	0.155264	-1.43696	-0.213905
0.64	0.312767	-0.173595	0.537458	0.153672	-1.43585	-0.211712
0.645	0.312818	-0.173595	0.537469	0.153672	-1.43585	-0.211712
0.65	0.312869	-0.173595	0.537481	0.153672	-1.43585	-0.211712
0.655	0.31292	-0.173596	0.537492	0.153672	-1.43585	-0.211712
0.66	0.312908	-0.173585	0.537485	0.152044	-1.4347	-0.209469
0.665	0.31296	-0.173585	0.537497	0.152044	-1.4347	-0.209469
0.67	0.313012	-0.173585	0.537508	0.152044	-1.4347	-0.209469
0.675	0.313065	-0.173585	0.53752	0.152044	-1.4347	-0.209469
0.68	0.313053	-0.173574	0.537513	0.150377	-1.43353	-0.207173
0.685	0.313106	-0.173574	0.537525	0.150377	-1.43353	-0.207173
0.69	0.313159	-0.173574	0.537536	0.150377	-1.43353	-0.207173
0.695	0.313213	-0.173574	0.537548	0.150377	-1.43353	-0.207173
0.7	0.3132	-0.173563	0.537541	0.148673	-1.43234	-0.204825
0.705	0.313254	-0.173563	0.537553	0.148673	-1.43234	-0.204825
0.71	0.313309	-0.173562	0.537565	0.148673	-1.43234	-0.204825
0.715	0.313364	-0.173562	0.537577	0.148673	-1.43234	-0.204825
0.72	0.313351	-0.173551	0.53757	0.146932	-1.43112	-0.202427
0.725	0.313406	-0.173551	0.537582	0.146932	-1.43112	-0.202427
0.73	0.313462	-0.173551	0.537595	0.146932	-1.43112	-0.202427
0.735	0.313518	-0.173551	0.537607	0.146932	-1.43112	-0.202427
0.74	0.313504	-0.17354	0.5376	0.145156	-1.42987	-0.199979
0.745	0.313561	-0.17354	0.537612	0.145156	-1.42987	-0.199979
0.75	0.313618	-0.173539	0.537625	0.145156	-1.42987	-0.199979
0.755	0.313675	-0.173539	0.537637	0.145156	-1.42987	-0.199979
0.76	0.313661	-0.173528	0.53763	0.143345	-1.4286	-0.197485
0.765	0.313719	-0.173528	0.537642	0.143345	-1.4286	-0.197485
0.77	0.313777	-0.173527	0.537655	0.143345	-1.4286	-0.197485
0.775	0.313835	-0.173527	0.537668	0.143345	-1.4286	-0.197485
0.78	0.313821	-0.173516	0.53766	0.141501	-1.42731	-0.194944
0.785	0.313879	-0.173516	0.537673	0.141501	-1.42731	-0.194944
0.79	0.313938	-0.173515	0.537686	0.141501	-1.42731	-0.194944
0.795	0.313997	-0.173515	0.537699	0.141501	-1.42731	-0.194944
0.8	0.313983	-0.173504	0.537692	0.139625	-1.426	-0.19236
0.805	0.314043	-0.173503	0.537705	0.139625	-1.426	-0.19236
0.81	0.314102	-0.173503	0.537718	0.139625	-1.426	-0.19236
0.815	0.314162	-0.173502	0.537731	0.139625	-1.426	-0.19236
0.82	0.314148	-0.173491	0.537723	0.137718	-1.42466	-0.189732
0.825	0.314208	-0.173491	0.537737	0.137718	-1.42466	-0.189732
0.83	0.314269	-0.17349	0.53775	0.137718	-1.42466	-0.189732
0.835	0.31433	-0.17349	0.537763	0.137718	-1.42466	-0.189732
0.84	0.314315	-0.173479	0.537756	0.135781	-1.4233	-0.187064
0.845	0.314377	-0.173478	0.537769	0.135781	-1.4233	-0.187064
0.85	0.314438	-0.173477	0.537782	0.135781	-1.4233	-0.187064
0.855	0.3145	-0.173477	0.537796	0.135781	-1.4233	-0.187064
0.86	0.314485	-0.173466	0.537788	0.133816	-1.42192	-0.184357
0.865	0.314548	-0.173465	0.537802	0.133816	-1.42192	-0.184357
0.87	0.31461	-0.173464	0.537815	0.133816	-1.42192	-0.184357
0.875	0.314673	-0.173464	0.537829	0.133816	-1.42192	-0.184357
0.88	0.314657	-0.173453	0.537821	0.131824	-1.42053	-0.181612
0.885	0.314721	-0.173452	0.537835	0.131824	-1.42053	-0.181612
0.89	0.314784	-0.173451	0.537849	0.131824	-1.42053	-0.181612
0.895	0.314786	-0.173443	0.537846	0.130261	-1.41943	-0.179459
0.9	0.31485	-0.173442	0.53786	0.130261	-1.41943	-0.179459
0.905	0.314914	-0.173441	0.537873	0.130261	-1.41943	-0.179459
0.91	0.314978	-0.17344	0.537887	0.130261	-1.41943	-0.179459
0.915	0.314964	-0.17343	0.53788	0.12827	-1.41803	-0.176715
0.92	0.315029	-0.173429	0.537894	0.12827	-1.41803	-0.176715
0.925	0.315093	-0.173428	0.537908	0.12827	-1.41803	-0.176715
0.93	0.315096	-0.17342	0.537905	0.126678	-1.41692	-0.174523
0.935	0.315161	-0.173419	0.537919	0.126678	-1.41692	-0.174523
0.94	0.315226	-0.173417	0.537933	0.126678	-1.41692	-0.174523
0.945	0.31523	-0.17341	0.537931	0.125116	-1.41582	-0.172371
0.95	0.315295	-0.173408	0.537945	0.125116	-1.41582	-0.172371
0.955	0.315361	-0.173407	0.537959	0.125116	-1.41582	-0.172371
0.96	0.315365	-0.173399	0.537957	0.123547	-1.41472	-0.170209
0.965	0.315432	-0.173398	0.537971	0.123547	-1.41472	-0.170209
0.97	0.315498	-0.173397	0.537986	0.123547	-1.41472	-0.170209
0.975	0.315502	-0.173389	0.537983	0.121966	-1.41361	-0.168031
0.98	0.315569	-0.173388	0.537998	0.121966	-1.41361	-0.168031
0.985	0.315635	-0.173386	0.538012	0.121966	-1.41361	-0.168031
0.99	0.315639	-0.173379	0.53801	0.120373	-1.4125	-0.165837
0.995	0.315706	-0.173377	0.538024	0.120373	-1.4125	-0.165837
1.0	0.315774	-0.173376	0.538039	0.120373	-1.4125	-0.165837
1.005	0.315778	-0.173368	0.538036	0.118771	-1.41137	-0.163629
1.01	0.315845	-0.173367	0.538051	0.118771	-1.41137	-0.163629
1.015	0.315913	-0.173365	0.538065	0.118771	-1.41137	-0.163629
1.02	0.315917	-0.173358	0.538063	0.117158	-1.41024	-0.161407
1.025	0.315985	-0.173356	0.538078	0.117158	-1.41024	-0.161407
1.03	0.316053	-0.173354	0.538092	0.117158	-1.41024	-0.161407
1.035	0.316057	-0.173347	0.53809	0.115535	-1.40911	-0.159172
1.04	0.316125	-0.173346	0.538105	0.115535	-1.40911	-0.159172
1.045	0.316194	-0.173344	0.538119	0.115535	-1.40911	-0.159172
1.05	0.316198	-0.173337	0.538117	0.113904	-1.40796	-0.156924
1.055	0.316267	-0.173335	0.538132	0.113904	-1.40796	-0.156924
1.06	0.316335	-0.173333	0.538146	0.113904	-1.40796	-0.156924
1.065	0.316339	-0.173326	0.538144	0.112264	-1.40681	-0.154665
1.07	0.316409	-0.173324	0.538159	0.112264	-1.40681	-0.154665
1.075	0.316478	-0.173322	0.538174	0.112264	-1.40681	-0.154665
1.08	0.316482	-0.173316	0.538172	0.110617	-1.40566	-0.152396
1.085	0.316551	-0.173313	0.538186	0.110617	-1.40566	-0.152396
1.09	0.31662	-0.173311	0.538201	0.110617	-1.40566	-0.152396
1.095	0.316624	-0.173305	0.538199	0.108963	-1.4045	-0.150116
1.1	0.316694	-0.173302	0.538214	0.108963	-1.4045	-0.150116
1.105	0.316764	-0.1733	0.538229	0.108963	-1.4045	-0.150116
1.11	0.316768	-0.173294	0.538227	0.107301	-1.40333	-0.147828
1.115	0.316838	-0.173292	0.538241	0.107301	-1.40333	-0.147828
1.12	0.316908	-0.173289	0.538256	0.107301	-1.40333	-0.147828
1.125	0.316912	-0.173283	0.538254	0.105634	-1.40216	-0.145531
1.13	0.316982	-0.173281	0.538269	0.105634	-1.40216	-0.145531
1.135	0.317052	-0.173278	0.538284	0.105634	-1.40216	-0.145531
1.14	0.317056	-0.173272	0.538282	0.103962	-1.40099	-0.143227
1.145	0.317126	-0.17327	0.538297	0.103962	-1.40099	-0.143227
1.15	0.317197	-0.173267	0.538312	0.103962	-1.40099	-0.143227
1.155	0.317201	-0.173261	0.53831	0.102284	-1.39981	-0.140916
1.16	0.317271	-0.173259	0.538325	0.102284	-1.39981	-0.140916
1.165	0.317342	-0.173256	0.538339	0.102284	-1.39981	-0.140916
1.17	0.317346	-0.17325	0.538338	0.100603	-1.39864	-0.138599
1.175	0.317417	-0.173248	0.538352	0.100603	-1.39864	-0.138599
1.18	0.317487	-0.173245	0.538367	0.100603	-1.39864	-0.138599
1.185	0.317491	-0.17324	0.538366	0.0989176	-1.39745	-0.136278
1.19	0.317562	-0.173237	0.53838	0.0989176	-1.39745	-0.136278
1.195	0.317633	-0.173234	0.538395	0.0989176	-1.39745	-0.136278
1.2	0.317637	-0.173229	0.538393	0.0972293	-1.39627	-0.133952
1.205	0.317708	-0.173225	0.538408	0.0972293	-1.39627	-0.133952
1.21	0.317779	-0.173222	0.538423	0.0972293	-1.39627	-0.133952
1.215	0.317783	-0.173218	0.538422	0.0955386	-1.39508	-0.131622
1.22	0.317854	-0.173214	0.538436	0.0955386	-1.39508	-0.131622
1.225	0.317925	-0.173211	0.538451	0.0955386	-1.39508	-0.131622
1.23	0.317929	-0.173207	0.53845	0.093846	-1.3939	-0.12929
1.235	0.318	-0.173203	0.538464	0.093846	-1.3939	-0.12929
1.24	0.318071	-0.1732	0.538479	0.093846	-1.3939	-0.12929
1.245	0.318075	-0.173196	0.538478	0.0921521	-1.39271	-0.126957
1.25	0.318146	-0.173192	0.538492	0.0921521	-1.39271	-0.126957
1.255	0.318217	-0.173189	0.538507	0.0921521	-1.39271	-0.126957
1.26	0.318221	-0.173185	0.538506	0.0904576	-1.39152	-0.124622
1.265	0.318292	-0.173181	0.538521	0.0904576	-1.39152	-0.124622
1.27	0.318364	-0.173178	0.538535	0.0904576	-1.39152	-0.124622
1.275	0.318367	-0.173174	0.538534	0.088763	-1.39033	-0.122288
1.28	0.318438	-0.17317	0.538549	0.088763	-1.39033	-0.122288
1.285	0.31851	-0.173166	0.538563	0.088763	-1.39033	-0.122288
1.29	0.318513	-0.173163	0.538562	0.0870689	-1.38915	-0.119954
1.295	0.318585	-0.173159	0.538577	0.0870689	-1.38915	-0.119954
1.3	0.318656	-0.173155	0.538591	0.0870689	-1.38915	-0.119954
1.305	0.318659	-0.173152	0.53859	0.085376	-1.38796	-0.117621
1.31	0.31873	-0.173148	0.538605	0.085376	-1.38796	-0.117621
1.315	0.318802	-0.173144	0.538619	0.085376	-1.38796	-0.117621
1.32	0.318805	-0.173141	0.538618	0.0836848	-1.38677	-0.115291
1.325	0.318876	-0.173137	0.538633	0.0836848	-1.38677	-0.115291
1.33	0.318947	-0.173133	0.538647	0.0836848	-1.38677	-0.115291
1.335	0.318951	-0.17313	0.538646	0.0819959	-1.38559	-0.112965
1.34	0.319022	-0.173126	0.538661	0.0819959	-1.38559	-0.112965
1.345	0.319093	-0.173122	0.538675	0.0819959	-1.38559	-0.112965
1.35	0.319096	-0.173119	0.538674	0.0803099	-1.38441	-0.110642
1.355	0.319167	-0.173115	0.538688	0.0803099	-1.38441	-0.110642
1.36	0.319238	-0.17311	0.538703	0.0803099	-1.38441	-0.110642
1.365	0.319241	-0.173108	0.538702	0.0786274	-1.38323	-0.108324
1.37	0.319312	-0.173104	0.538716	0.0786274	-1.38323	-0.108324
1.375	0.319382	-0.173099	0.538731	0.0786274	-1.38323	-0.108324
1.38	0.319386	-0.173097	0.538729	0.076949	-1.38205	-0.106012
1.385	0.319456	-0.173093	0.538744	0.076949	-1.38205	-0.106012
1.39	0.319527	-0.173088	0.538758	0.076949	-1.38205	-0.106012
1.395	0.31953	-0.173086	0.538757	0.0752753	-1.38088	-0.103706
1.4	0.319601	-0.173082	0.538772	0.0752753	-1.38088	-0.103706
1.405	0.319671	-0.173077	0.538786	0.0752753	-1.38088	-0.103706
1.41	0.319674	-0.173075	0.538785	0.0736069	-1.37971	-0.101407
1.415	0.319744	-0.173071	0.538799	0.0736069	-1.37971	-0.101407
1.42	0.319814	-0.173066	0.538813	0.0736069	-1.37971	-0.101407
1.425	0.319817	-0.173064	0.538812	0.0719444	-1.37854	-0.0991169
1.43	0.319887	-0.17306	0.538827	0.0719444	-1.37854	-0.0991169
1.435	0.319957	-0.173055	0.538841	0.0719444	-1.37854	-0.0991169
1.44	0.31996	-0.173054	0.53884	0.0702883	-1.37738	-0.0968353
1.445	0.32003	-0.173049	0.538854	0.0702883	-1.37738	-0.0968353
1.45	0.320099	-0.173044	0.538868	0.0702883	-1.37738	-0.0968353
1.455	0.320102	-0.173043	0.538867	0.0686393	-1.37622	-0.0945635
1.46	0.320171	-0.173038	0.538881	0.0686393	-1.37622	-0.0945635
1.465	0.32024	-0.173034	0.538895	0.0686393	-1.37622	-0.0945635
1.47	0.320244	-0.173032	0.538894	0.0669979	-1.37507	-0.0923021
1.475	0.320313	-0.173028	0.538908	0.0669979	-1.37507	-0.0923021
1.48	0.320381	-0.173023	0.538922	0.0669979	-1.37507	-0.0923021
1.485	0.320385	-0.173022	0.538921	0.0653647	-1.37393	-0.0900521
1.49	0.320453	-0.173017	0.538935	0.0653647	-1.37393	-0.0900521
1.495	0.320521	-0.173012	0.538949	0.0653647	-1.37393	-0.0900521
1.5	0.320525	-0.173011	0.538948	0.0637403	-1.37279	-0.0878141
1.505	0.320593	-0.173006	0.538962	0.0637403	-1.37279	-0.0878141
1.51	0.32066	-0.173001	0.538976	0.0637403	-1.37279	-0.0878141
1.515	0.320664	-0.173001	0.538975	0.0621252	-1.37166	-0.0855891
1.52	0.320731	-0.172996	0.538989	0.0621252	-1.37166	-0.0855891
1.525	0.320799	-0.172991	0.539002	0.0621252	-1.37166	-0.0855891
1.53	0.320802	-0.17299	0.539001	0.06052	-1.37053	-0.0833776
1.535	0.320869	-0.172985	0.539015	0.06052	-1.37053	-0.0833776
1.54	0.320936	-0.17298	0.539029	0.06052	-1.37053	-0.0833776
1.545	0.320939	-0.17298	0.539028	0.0589253	-1.36941	-0.0811807
1.55	0.321006	-0.172975	0.539041	0.0589253	-1.36941	-0.0811807
1.555	0.321073	-0.17297	0.539055	0.0589253	-1.36941	-0.0811807
1.56	0.321076	-0.17297	0.539054	0.0573417	-1.3683	-0.0789989
1.565	0.321142	-0.172965	0.539067	0.0573417	-1.3683	-0.0789989
1.57	0.321208	-0.172959	0.539081	0.0573417	-1.3683	-0.0789989
1.575	0.321211	-0.172959	0.53908	0.0557697	-1.3672	-0.0768332
1.58	0.321277	-0.172954	0.539093	0.0557697	-1.3672	-0.0768332
1.585	0.321343	-0.172949	0.539106	0.0557697	-1.3672	-0.0768332
1.59	0.321346	-0.172949	0.539106	0.0542098	-1.36611	-0.0746841
1.595	0.321411	-0.172944	0.539119	0.0542098	-1.36611	-0.0746841
1.6	0.321476	-0.172939	0.539132	0.0542098	-1.36611	-0.0746841
1.605	0.321479	-0.172939	0.539131	0.0526626	-1.36502	-0.0725526
1.61	0.321544	-0.172934	0.539144	0.0526626	-1.36502	-0.0725526
1.615	0.321608	-0.172929	0.539157	0.0526626	-1.36502	-0.0725526
1.62	0.321611	-0.172929	0.539157	0.0511287	-1.36395	-0.0704394
1.625	0.321675	-0.172924	0.53917	0.0511287	-1.36395	-0.0704394
1.63	0.321739	-0.172919	0.539182	0.0511287	-1.36395	-0.0704394
1.635	0.321803	-0.172914	0.539195	0.0511287	-1.36395	-0.0704394
1.64	0.321787	-0.172916	0.539191	0.0491572	-1.36256	-0.067723
1.645	0.321851	-0.172911	0.539203	0.0491572	-1.36256	-0.067723
1.65	0.321914	-0.172905	0.539216	0.0491572	-1.36256	-0.067723
1.655	0.321915	-0.172906	0.539215	0.0476095	-1.36148	-0.065591
1.66	0.321977	-0.172901	0.539228	0.0476095	-1.36148	-0.065591
1.665	0.32204	-0.172896	0.53924	0.0476095	-1.36148	-0.065591
1.67	0.322102	-0.17289	0.539252	0.0476095	-1.36148	-0.065591
1.675	0.322087	-0.172893	0.539248	0.0456779	-1.36012	-0.0629297
1.68	0.322149	-0.172888	0.539261	0.0456779	-1.36012	-0.0629297
1.685	0.32221	-0.172883	0.539273	0.0456779	-1.36012	-0.0629297
1.69	0.322271	-0.172877	0.539285	0.0456779	-1.36012	-0.0629297
1.695	0.322255	-0.172881	0.539281	0.0437322	-1.35876	-0.0602491
1.7	0.322316	-0.172875	0.539293	0.0437322	-1.35876	-0.0602491
1.705	0.322376	-0.17287	0.539305	0.0437322	-1.35876	-0.0602491
1.71	0.322437	-0.172865	0.539317	0.0437322	-1.35876	-0.0602491
1.715	0.32242	-0.172868	0.539312	0.0418113	-1.35741	-0.0576028
1.72	0.32248	-0.172863	0.539324	0.0418113	-1.35741	-0.0576028
1.725	0.32254	-0.172858	0.539336	0.0418113	-1.35741	-0.0576028
1.73	0.322599	-0.172852	0.539348	0.0418113	-1.35741	-0.0576028
1.735	0.322583	-0.172856	0.539344	0.0399204	-1.35609	-0.0549976
1.74	0.322642	-0.172851	0.539355	0.0399204	-1.35609	-0.0549976
1.745	0.3227	-0.172845	0.539367	0.0399204	-1.35609	-0.0549976
1.75	0.322759	-0.17284	0.539378	0.0399204	-1.35609	-0.0549976
1.755	0.322743	-0.172844	0.539374	0.0380609	-1.35478	-0.0524359
1.76	0.322801	-0.172839	0.539386	0.0380609	-1.35478	-0.0524359
1.765	0.322858	-0.172833	0.539397	0.0380609	-1.35478	-0.0524359
1.77	0.322916	-0.172828	0.539408	0.0380609	-1.35478	-0.0524359
1.775	0.3229	-0.172832	0.539404	0.0362342	-1.3535	-0.0499192
1.78	0.322957	-0.172827	0.539416	0.0362342	-1.3535	-0.0499192
1.785	0.323013	-0.172821	0.539427	0.0362342	-1.3535	-0.0499192
1.79	0.323069	-0.172816	0.539438	0.0362342	-1.3535	-0.0499192
1.795	0.323054	-0.172821	0.539434	0.0344413	-1.35225	-0.0474491
1.8	0.32311	-0.172815	0.539445	0.0344413	-1.35225	-0.0474491
1.805	0.323165	-0.17281	0.539456	0.0344413	-1.35225	-0.0474491
1.81	0.32322	-0.172805	0.539467	0.0344413	-1.35225	-0.0474491
1.815	0.323205	-0.172809	0.539463	0.0326833	-1.35101	-0.0450273
1.82	0.32326	-0.172804	0.539474	0.0326833	-1.35101	-0.0450273
1.825	0.323314	-0.172799	0.539484	0.0326833	-1.35101	-0.0450273
1.83	0.323368	-0.172793	0.539495	0.0326833	-1.35101	-0.0450273
1.835	0.323353	-0.172798	0.539492	0.0309615	-1.34981	-0.0426551
1.84	0.323407	-0.172793	0.539502	0.0309615	-1.34981	-0.0426551
1.845	0.32346	-0.172788	0.539512	0.0309615	-1.34981	-0.0426551
1.85	0.323513	-0.172782	0.539523	0.0309615	-1.34981	-0.0426551
1.855	0.323498	-0.172787	0.539519	0.0292768	-1.34863	-0.0403342
1.86	0.32355	-0.172782	0.53953	0.0292768	-1.34863	-0.0403342
1.865	0.323602	-0.172777	0.53954	0.0292768	-1.34863	-0.0403342
1.87	0.323654	-0.172771	0.53955	0.0292768	-1.34863	-0.0403342
1.875	0.32364	-0.172777	0.539547	0.0276304	-1.34747	-0.0380659
1.88	0.32369	-0.172771	0.539556	0.0276304	-1.34747	-0.0380659
1.885	0.323741	-0.172766	0.539566	0.0276304	-1.34747	-0.0380659
1.89	0.323791	-0.172761	0.539576	0.0276304	-1.34747	-0.0380659
1.895	0.323778	-0.172766	0.539573	0.0260231	-1.34634	-0.0358517
1.9	0.323827	-0.172761	0.539583	0.0260231	-1.34634	-0.0358517
1.905	0.323877	-0.172756	0.539592	0.0260231	-1.34634	-0.0358517
1.91	0.323926	-0.172751	0.539602	0.0260231	-1.34634	-0.0358517
1.915	0.323912	-0.172756	0.539599	0.0244562	-1.34525	-0.0336929
1.92	0.323961	-0.172751	0.539608	0.0244562	-1.34525	-0.0336929
1.925	0.324009	-0.172746	0.539618	0.0244562	-1.34525	-0.0336929
1.93	0.324056	-0.172741	0.539627	0.0244562	-1.34525	-0.0336929
1.935	0.324043	-0.172746	0.539624	0.0229305	-1.34418	-0.0315909
1.94	0.32409	-0.172741	0.539633	0.0229305	-1.34418	-0.0315909
1.945	0.324137	-0.172736	0.539642	0.0229305	-1.34418	-0.0315909
1.95	0.324183	-0.172731	0.539651	0.0229305	-1.34418	-0.0315909
1.955	0.324229	-0.172726	0.53966	0.0229305	-1.34418	-0.0315909
1.96	0.324203	-0.172734	0.539655	0.0211212	-1.34291	-0.0290982
1.965	0.324249	-0.172729	0.539664	0.0211212	-1.34291	-0.0290982
1.97	0.324294	-0.172724	0.539672	0.0211212	-1.34291	-0.0290982
1.975	0.324338	-0.172719	0.539681	0.0211212	-1.34291	-0.0290982
1.98	0.324383	-0.172715	0.53969	0.0211212	-1.34291	-0.0290982
1.985	0.324356	-0.172723	0.539684	0.0193437	-1.34166	-0.0266494
1.99	0.3244	-0.172718	0.539693	0.0193437	-1.34166	-0.0266494
1.995	0.324443	-0.172713	0.539701	0.0193437	-1.34166	-0.0266494
2.0	0.324486	-0.172708	0.539709	0.0193437	-1.34166	-0.0266494
2.005	0.324528	-0.172704	0.539717	0.0193437	-1.34166	-0.0266494
2.01	0.324503	-0.172712	0.539712	0.0176321	-1.34046	-0.0242913
2.015	0.324545	-0.172707	0.53972	0.0176321	-1.34046	-0.0242913
2.02	0.324586	-0.172702	0.539728	0.0176321	-1.34046	-0.0242913
2.025	0.324627	-0.172698	0.539736	0.0176321	-1.34046	-0.0242913
2.03	0.324668	-0.172693	0.539744	0.0176321	-1.34046	-0.0242913
2.035	0.324643	-0.172701	0.539739	0.0159911	-1.33931	-0.0220306
2.04	0.324683	-0.172697	0.539747	0.0159911	-1.33931	-0.0220306
2.045	0.324723	-0.172692	0.539755	0.0159911	-1.33931	-0.0220306
2.05	0.324762	-0.172688	0.539762	0.0159911	-1.33931	-0.0220306
2.055	0.324801	-0.172683	0.53977	0.0159911	-1.33931	-0.0220306
2.06	0.324778	-0.172691	0.539765	0.0144229	-1.33821	-0.0198701
2.065	0.324816	-0.172687	0.539772	0.0144229	-1.33821	-0.0198701
2.07	0.324854	-0.172682	0.53978	0.0144229	-1.33821	-0.0198701
2.075	0.324891	-0.172678	0.539787	0.0144229	-1.33821	-0.0198701
2.08	0.324928	-0.172674	0.539794	0.0144229	-1.33821	-0.0198701
2.085	0.324965	-0.17267	0.539801	0.0144229	-1.33821	-0.0198701
2.09	0.324932	-0.172679	0.539795	0.0126703	-1.33698	-0.0174556
2.095	0.324967	-0.172675	0.539802	0.0126703	-1.33698	-0.0174556
2.1	0.325003	-0.172671	0.539808	0.0126703	-1.33698	-0.0174556
2.105	0.325038	-0.172667	0.539815	0.0126703	-1.33698	-0.0174556
2.11	0.325073	-0.172663	0.539822	0.0126703	-1.33698	-0.0174556
2.115	0.325107	-0.172659	0.539828	0.0126703	-1.33698	-0.0174556
2.12	0.325075	-0.172668	0.539822	0.0109974	-1.33581	-0.0151507
2.125	0.325108	-0.172665	0.539829	0.0109974	-1.33581	-0.0151507
2.13	0.325141	-0.172661	0.539835	0.0109974	-1.33581	-0.0151507
2.135	0.325174	-0.172657	0.539841	0.0109974	-1.33581	-0.0151507
2.14	0.325206	-0.172653	0.539847	0.0109974	-1.33581	-0.0151507
2.145	0.325238	-0.172649	0.539854	0.0109974	-1.33581	-0.0151507
2.15	0.325208	-0.172659	0.539848	0.00943307	-1.33471	-0.0129957
2.155	0.325239	-0.172655	0.539854	0.00943307	-1.33471	-0.0129957
2.16	0.32527	-0.172651	0.53986	0.00943307	-1.33471	-0.0129957
2.165	0.3253	-0.172648	0.539865	0.00943307	-1.33471	-0.0129957
2.17	0.32533	-0.172644	0.539871	0.00943307	-1.33471	-0.0129957
2.175	0.32536	-0.172641	0.539877	0.00943307	-1.33471	-0.0129957
2.18	0.325389	-0.172637	0.539882	0.00943307	-1.33471	-0.0129957
2.185	0.325352	-0.172648	0.539876	0.00777744	-1.33355	-0.0107147
2.19	0.325381	-0.172644	0.539881	0.00777744	-1.33355	-0.0107147
2.195	0.325408	-0.172641	0.539886	0.00777744	-1.33355	-0.0107147
2.2	0.325436	-0.172638	0.539891	0.00777744	-1.33355	-0.0107147
2.205	0.325463	-0.172634	0.539897	0.00777744	-1.33355	-0.0107147
2.21	0.32549	-0.172631	0.539902	0.00777744	-1.33355	-0.0107147
2.215	0.325516	-0.172628	0.539907	0.00777744	-1.33355	-0.0107147
2.22	0.325482	-0.172638	0.5399	0.00625485	-1.33248	-0.00861708
2.225	0.325507	-0.172635	0.539905	0.00625485	-1.33248	-0.00861708
2.23	0.325532	-0.172632	0.53991	0.00625485	-1.33248	-0.00861708
2.235	0.325557	-0.172629	0.539915	0.00625485	-1.33248	-0.00861708
2.24	0.325581	-0.172626	0.539919	0.00625485	-1.33248	-0.00861708
2.245	0.325605	-0.172623	0.539924	0.00625485	-1.33248	-0.00861708
2.25	0.325628	-0.17262	0.539928	0.00625485	-1.33248	-0.00861708
2.255	0.325651	-0.172617	0.539933	0.00625485	-1.33248	-0.00861708
2.26	0.325613	-0.172628	0.539926	0.00473026	-1.33141	-0.00651667
2.265	0.325635	-0.172625	0.53993	0.00473026	-1.33141	-0.00651667
2.27	0.325657	-0.172623	0.539934	0.00473026	-1.33141	-0.00651667
2.275	0.325678	-0.17262	0.539938	0.00473026	-1.33141	-0.00651667
2.28	0.325699	-0.172618	0.539942	0.00473026	-1.33141	-0.00651667
2.285	0.325719	-0.172615	0.539946	0.00473026	-1.33141	-0.00651667
2.29	0.325739	-0.172613	0.53995	0.00473026	-1.33141	-0.00651667
2.295	0.325759	-0.17261	0.539953	0.00473026	-1.33141	-0.00651667
2.3	0.325778	-0.172608	0.539957	0.00473026	-1.33141	-0.00651667
2.305	0.325797	-0.172606	0.53996	0.00473026	-1.33141	-0.00651667
2.31	0.325752	-0.172618	0.539952	0.00313476	-1.3303	-0.00431855
2.315	0.32577	-0.172615	0.539956	0.00313476	-1.3303	-0.00431855
2.32	0.325787	-0.172613	0.539959	0.00313476	-1.3303	-0.00431855
2.325	0.325804	-0.172611	0.539962	0.00313476	-1.3303	-0.00431855
2.33	0.325821	-0.172609	0.539965	0.00313476	-1.3303	-0.00431855
2.335	0.325837	-0.172607	0.539968	0.00313476	-1.3303	-0.00431855
2.34	0.325852	-0.172605	0.539971	0.00313476	-1.3303	-0.00431855
2.345	0.325867	-0.172603	0.539974	0.00313476	-1.3303	-0.00431855
2.35	0.325882	-0.172601	0.539977	0.00313476	-1.3303	-0.00431855
2.355	0.325897	-0.1726	0.53998	0.00313476	-1.3303	-0.00431855
2.36	0.32591	-0.172598	0.539982	0.00313476	-1.3303	-0.00431855
2.365	0.325924	-0.172596	0.539985	0.00313476	-1.3303	-0.00431855
2.37	0.325937	-0.172595	0.539987	0.00313476	-1.3303	-0.00431855
2.375	0.325888	-0.172607	0.539978	0.0015596	-1.32919	-0.00214847
2.38	0.3259	-0.172606	0.539981	0.0015596	-1.32919	-0.00214847
2.385	0.325911	-0.172604	0.539983	0.0015596	-1.32919	-0.00214847
2.39	0.325923	-0.172603	0.539985	0.0015596	-1.32919	-0.00214847
2.395	0.325934	-0.172602	0.539987	0.0015596	-1.32919	-0.00214847
2.4	0.325944	-0.1726	0.539989	0.0015596	-1.32919	-0.00214847
2.405	0.325954	-0.172599	0.539991	0.0015596	-1.32919	-0.00214847
2.41	0.325963	-0.172598	0.539993	0.0015596	-1.32919	-0.00214847
2.415	0.325972	-0.172597	0.539994	0.0015596	-1.32919	-0.00214847
2.42	0.32598	-0.172596	0.539996	0.0015596	-1.32919	-0.00214847
2.425	0.325988	-0.172595	0.539997	0.0015596	-1.32919	-0.00214847
2.43	0.325996	-0.172594	0.539999	0.0015596	-1.32919	-0.00214847
2.435	0.326004	-0.172593	0.54	0.0015596	-1.32919	-0.00214847
2.44	0.326011	-0.172592	0.540002	0.0015596	-1.32919	-0.00214847
2.445	0.326017	-0.172591	0.540003	0.0015596	-1.32919	-0.00214847
2.45	0.326023	-0.17259	0.540004	0.0015596	-1.32919	-0.00214847
2.455	0.326029	-0.17259	0.540005	0.0015596	-1.32919	-0.00214847
2.46	0.326034	-0.172589	0.540006	0.0015596	-1.32919	-0.00214847
2.465	0.326039	-0.172588	0.540007	0.0015596	-1.32919	-0.00214847
2.47	0.326043	-0.172588	0.540008	0.0015596	-1.32919	-0.00214847
2.475	0.326047	-0.172587	0.540008	0.0015596	-1.32919	-0.00214847
2.48	0.32605	-0.172587	0.540009	0.0015596	-1.32919	-0.00214847
2.485	0.326053	-0.172587	0.54001	0.0015596	-1.32919	-0.00214847
2.49	0.326055	-0.172586	0.54001	0.0015596	-1.32919	-0.00214847
2.495	0.326057	-0.172586	0.540011	0.0015596	-1.32919	-0.00214847
2.5	0.326059	-0.172586	0.540011	0.0015596	-1.32919	-0.00214847
2.505	0.32606	-0.172586	0.540011	0.0015596	-1.32919	-0.00214847
2.51	0.32606	-0.172586	0.540011	0.0015596	-1.32919	-0.00214847
2.515	0.326061	-0.172586	0.540011	0.0015596	-1.32919	-0.00214847
2.52	0.326061	-0.172586	0.540011	0.0015596	-1.32919	-0.00214847
2.525	0.326061	-0.172586	0.540011	0.0015596	-1.32919	-0.00214847
2.53	0.326062	-0.172585	0.54001	0.0015596	-1.32919	-0.00214847
2.535	0.326062	-0.172584	0.540009	0.0015596	-1.32919	-0.00214847
2.54	0.326062	-0.172583	0.540008	0.0015596	-1.32919	-0.00214847
2.545	0.326063	-0.172582	0.540006	0.0015596	-1.32919	-0.00214847
2.55	0.326063	-0.172581	0.540004	0.0015596	-1.32919	-0.00214847
2.555	0.326064	-0.172579	0.540002	0.0015596	-1.32919	-0.00214847
2.56	0.326064	-0.172578	0.54	0.0015596	-1.32919	-0.00214847
2.565	0.326065	-0.172576	0.539997	0.0015596	-1.32919	-0.00214847
2.57	0.326066	-0.172574	0.539994	0.0015596	-1.32919	-0.00214847
2.575	0.326067	-0.172571	0.53999	0.0015596	-1.32919	-0.00214847
2.58	0.326068	-0.172569	0.539987	0.00155961	-1.32919	-0.00214847
2.585	0.326069	-0.172566	0.539983	0.00155961	-1.32919	-0.00214847
2.59	0.32607	-0.172563	0.539978	0.00155961	-1.32919	-0.00214847
2.595	0.326071	-0.17256	0.539974	0.00155961	-1.32919	-0.00214847
2.6	0.326072	-0.172557	0.539969	0.00155961	-1.32919	-0.00214847
2.605	0.326073	-0.172553	0.539964	0.00155961	-1.32919	-0.00214847
2.61	0.326075	-0.172549	0.539958	0.00155961	-1.32919	-0.00214848
2.615	0.326035	-0.172547	0.539945	0.000645974	-1.32849	-0.000216953
2.62	0.326037	-0.172543	0.539939	0.000645975	-1.32849	-0.000216954
2.625	0.326039	-0.172539	0.539933	0.000645976	-1.32849	-0.000216955
2.63	0.32604	-0.172534	0.539927	0.000645978	-1.32849	-0.000216956
2.635	0.326042	-0.17253	0.53992	0.000645979	-1.32849	-0.000216957
2.64	0.326044	-0.172525	0.539912	0.00064598	-1.32849	-0.000216959
2.645	0.326046	-0.172519	0.539904	0.000645981	-1.32849	-0.000216961
2.65	0.326048	-0.172514	0.539897	0.000645983	-1.32849	-0.000216962
2.655	0.32605	-0.172508	0.539888	0.000645984	-1.32849	-0.000216964
2.66	0.326052	-0.172502	0.53988	0.000645986	-1.32849	-0.000216966
2.665	0.326054	-0.172496	0.539871	0.000645987	-1.32849	-0.000216968
2.67	0.326057	-0.17249	0.539862	0.000645989	-1.32849	-0.00021697
2.675	0.326059	-0.172484	0.539853	0.000645991	-1.32849	-0.000216972
2.68	0.326061	-0.172477	0.539844	0.000645993	-1.32849	-0.000216974
2.685	0.326064	-0.172471	0.539834	0.000645995	-1.32849	-0.000216976
2.69	0.326066	-0.172464	0.539824	0.000645997	-1.32849	-0.000216979
2.695	0.326097	-0.172432	0.539819	0.00163789	-1.32904	-2.03799e-05
2.7	0.3261	-0.172425	0.539808	0.00163789	-1.32904	-2.03827e-05
2.705	0.326103	-0.172417	0.539797	0.0016379	-1.32904	-2.03856e-05
2.71	0.326106	-0.17241	0.539786	0.0016379	-1.32904	-2.03887e-05
2.715	0.326108	-0.172402	0.539775	0.0016379	-1.32904	-2.0392e-05
2.72	0.326111	-0.172394	0.539763	0.00163791	-1.32904	-2.03954e-05
2.725	0.326115	-0.172385	0.539751	0.00163791	-1.32904	-2.0399e-05
2.73	0.326118	-0.172377	0.539738	0.00163791	-1.32904	-2.04027e-05
2.735	0.326121	-0.172368	0.539726	0.00163791	-1.32904	-2.04066e-05
2.74	0.326124	-0.172359	0.539713	0.00163792	-1.32904	-2.04107e-05
2.745	0.326128	-0.17235	0.539699	0.00163792	-1.32904	-2.04149e-05
2.75	0.326166	-0.172314	0.539693	0.00283334	-1.32972	-4.79647e-07
2.755	0.32617	-0.172305	0.539679	0.00283335	-1.32972	-4.84277e-07
2.76	0.326173	-0.172295	0.539665	0.00283335	-1.32972	-4.89093e-07
2.765	0.326177	-0.172285	0.539651	0.00283336	-1.32972	-4.94099e-07
2.77	0.326181	-0.172275	0.539636	0.00283336	-1.32972	-4.99298e-07
2.775	0.326184	-0.172265	0.539622	0.00283337	-1.32972	-5.04692e-07
2.78	0.326188	-0.172254	0.539606	0.00283337	-1.32972	-5.10285e-07
2.785	0.326192	-0.172244	0.539591	0.00283338	-1.32972	-5.16079e-07
2.79	0.326196	-0.172233	0.539575	0.00283338	-1.32972	-5.22078e-07
2.795	0.326236	-0.172195	0.539567	0.00405553	-1.33043	1.53103e-06
2.8	0.32624	-0.172184	0.539551	0.00405553	-1.33043	1.52461e-06
2.805	0.326245	-0.172172	0.539534	0.00405554	-1.33043	1.51797e-06
2.81	0.326249	-0.172161	0.539517	0.00405554	-1.33043	1.51113e-06
2.815	0.326253	-0.172149	0.5395	0.00405555	-1.33043	1.50406e-06
2.82	0.326258	-0.172137	0.539483	0.00405555	-1.33043	1.49678e-06
2.825	0.326262	-0.172125	0.539466	0.00405556	-1.33043	1.48927e-06
2.83	0.326267	-0.172113	0.539448	0.00405557	-1.33043	1.48153e-06
2.835	0.326308	-0.172072	0.539437	0.00530831	-1.33114	1.79547e-06
2.84	0.326313	-0.17206	0.539419	0.00530832	-1.33114	1.78727e-06
2.845	0.326318	-0.172047	0.5394	0.00530833	-1.33114	1.77885e-06
2.85	0.326322	-0.172034	0.539381	0.00530833	-1.33114	1.77019e-06
2.855	0.326327	-0.172021	0.539362	0.00530834	-1.33114	1.76129e-06
2.86	0.326332	-0.172008	0.539343	0.00530835	-1.33114	1.75215e-06
2.865	0.326337	-0.171994	0.539323	0.00530836	-1.33114	1.74278e-06
2.87	0.326378	-0.171953	0.539311	0.0065355	-1.33185	1.73587e-06
2.875	0.326384	-0.171939	0.539291	0.00653551	-1.33185	1.726e-06
2.88	0.326389	-0.171925	0.53927	0.00653551	-1.33185	1.71589e-06
2.885	0.326394	-0.171911	0.53925	0.00653552	-1.33185	1.70553e-06
2.89	0.326399	-0.171897	0.539229	0.00653553	-1.33185	1.69492e-06
2.895	0.326405	-0.171882	0.539208	0.00653554	-1.33185	1.68407e-06
2.9	0.326444	-0.171842	0.539194	0.00768378	-1.3325	1.51045e-06
2.905	0.326449	-0.171827	0.539172	0.00768379	-1.3325	1.49908e-06
2.91	0.326455	-0.171812	0.53915	0.0076838	-1.3325	1.48746e-06
2.915	0.326461	-0.171797	0.539128	0.00768381	-1.3325	1.47557e-06
2.92	0.326466	-0.171782	0.539106	0.00768382	-1.3325	1.46344e-06
2.925	0.326472	-0.171766	0.539083	0.00768383	-1.3325	1.45104e-06
2.93	0.326514	-0.171723	0.539068	0.00889608	-1.3332	1.6454e-06
2.935	0.32652	-0.171707	0.539045	0.00889609	-1.3332	1.63247e-06
2.94	0.326525	-0.171691	0.539021	0.0088961	-1.3332	1.61928e-06
2.945	0.326532	-0.171675	0.538998	0.00889611	-1.3332	1.60583e-06
2.95	0.326538	-0.171659	0.538974	0.00889612	-1.3332	1.59211e-06
2.955	0.326544	-0.171643	0.53895	0.00889614	-1.3332	1.57814e-06
2.96	0.326588	-0.171597	0.538934	0.0101846	-1.33394	1.86084e-06
2.965	0.326594	-0.17158	0.538909	0.0101846	-1.33394	1.84632e-06
2.97	0.3266	-0.171563	0.538885	0.0101846	-1.33394	1.83153e-06
2.975	0.326607	-0.171546	0.53886	0.0101846	-1.33394	1.81648e-06
2.98	0.326613	-0.171529	0.538835	0.0101846	-1.33394	1.80116e-06
2.985	0.326653	-0.171486	0.538817	0.0113381	-1.3346	1.50851e-06
2.99	0.32666	-0.171468	0.538791	0.0113381	-1.3346	1.49265e-06
2.995	0.326667	-0.171451	0.538765	0.0113381	-1.3346	1.47651e-06
3.0	0.326673	-0.171433	0.538739	0.0113381	-1.3346	1.46011e-06
3.005	0.32668	-0.171415	0.538713	0.0113382	-1.3346	1.44344e-06
3.01	0.326721	-0.17137	0.538694	0.0125228	-1.33528	1.54789e-06
3.015	0.326728	-0.171352	0.538667	0.0125228	-1.33528	1.53066e-06
3.02	0.326735	-0.171334	0.53864	0.0125228	-1.33528	1.51318e-06
3.025	0.326742	-0.171315	0.538613	0.0125228	-1.33528	1.49542e-06
3.03	0.326749	-0.171296	0.538586	0.0125228	-1.33528	1.4774e-06
3.035	0.326792	-0.17125	0.538566	0.0137539	-1.33598	1.6704e-06
3.04	0.326799	-0.171231	0.538539	0.0137539	-1.33598	1.65182e-06
3.045	0.326806	-0.171212	0.538511	0.013754	-1.33598	1.63298e-06
3.05	0.326814	-0.171193	0.538483	0.013754	-1.33598	1.61388e-06
3.055	0.326821	-0.171173	0.538455	0.013754	-1.33598	1.59451e-06
3.06	0.326865	-0.171125	0.538434	0.0150314	-1.33672	1.80674e-06
3.065	0.326873	-0.171105	0.538405	0.0150314	-1.33672	1.78682e-06
3.07	0.32688	-0.171086	0.538377	0.0150314	-1.33672	1.76664e-06
3.075	0.326888	-0.171066	0.538347	0.0150315	-1.33672	1.7462e-06
3.08	0.326895	-0.171046	0.538318	0.0150315	-1.33672	1.7255e-06
3.085	0.326941	-0.170996	0.538297	0.0163534	-1.33747	1.94539e-06
3.09	0.326949	-0.170976	0.538268	0.0163534	-1.33747	1.92414e-06
3.095	0.326957	-0.170955	0.538238	0.0163534	-1.33747	1.90264e-06
3.1	0.326964	-0.170935	0.538208	0.0163535	-1.33747	1.88088e-06
3.105	0.327005	-0.170889	0.538185	0.0174691	-1.33811	1.39561e-06
3.11	0.327012	-0.170868	0.538154	0.0174691	-1.33811	1.37332e-06
3.115	0.32702	-0.170847	0.538124	0.0174691	-1.33811	1.35078e-06
3.12	0.327028	-0.170826	0.538093	0.0174692	-1.33811	1.32799e-06
3.125	0.327069	-0.17078	0.538069	0.018587	-1.33875	1.3442e-06
3.13	0.327077	-0.170759	0.538038	0.018587	-1.33875	1.32089e-06
3.135	0.327085	-0.170737	0.538007	0.018587	-1.33875	1.29733e-06
3.14	0.327093	-0.170716	0.537976	0.018587	-1.33875	1.27353e-06
3.145	0.327134	-0.170669	0.537951	0.0197274	-1.33941	1.39311e-06
3.15	0.327142	-0.170647	0.53792	0.0197274	-1.33941	1.3688e-06
3.155	0.327151	-0.170625	0.537888	0.0197274	-1.33941	1.34425e-06
3.16	0.327159	-0.170603	0.537856	0.0197274	-1.33941	1.31947e-06
3.165	0.327201	-0.170555	0.537831	0.0208913	-1.34007	1.45645e-06
3.17	0.327209	-0.170533	0.537799	0.0208914	-1.34007	1.43117e-06
3.175	0.327218	-0.170511	0.537766	0.0208914	-1.34007	1.40566e-06
3.18	0.327226	-0.170488	0.537734	0.0208914	-1.34007	1.37993e-06
3.185	0.327269	-0.170439	0.537708	0.0220779	-1.34075	1.52079e-06
3.19	0.327277	-0.170417	0.537675	0.022078	-1.34075	1.49458e-06
3.195	0.327286	-0.170394	0.537642	0.022078	-1.34075	1.46814e-06
3.2	0.327295	-0.170371	0.537609	0.022078	-1.34075	1.44149e-06
3.205	0.327338	-0.170321	0.537583	0.023286	-1.34145	1.5841e-06
3.21	0.327347	-0.170299	0.53755	0.023286	-1.34145	1.55698e-06
3.215	0.327356	-0.170276	0.537516	0.0232861	-1.34145	1.52966e-06
3.22	0.327364	-0.170252	0.537482	0.0232861	-1.34145	1.50212e-06
3.225	0.327409	-0.170202	0.537457	0.0245144	-1.34215	1.6459e-06
3.23	0.327418	-0.170178	0.537422	0.0245144	-1.34215	1.61793e-06
3.235	0.327426	-0.170155	0.537388	0.0245144	-1.34215	1.58975e-06
3.24	0.327435	-0.170132	0.537354	0.0245144	-1.34215	1.56138e-06
3.245	0.32748	-0.17008	0.537328	0.0257618	-1.34286	1.70593e-06
3.25	0.327489	-0.170056	0.537293	0.0257618	-1.34286	1.67714e-06
3.255	0.327498	-0.170033	0.537258	0.0257618	-1.34286	1.64816e-06
3.26	0.327507	-0.170009	0.537224	0.0257618	-1.34286	1.61899e-06
3.265	0.327553	-0.169957	0.537197	0.027027	-1.34359	1.76395e-06
3.27	0.327562	-0.169933	0.537162	0.027027	-1.34359	1.73439e-06
3.275	0.327571	-0.169909	0.537127	0.027027	-1.34359	1.70465e-06
3.28	0.32758	-0.169884	0.537091	0.027027	-1.34359	1.67473e-06
3.285	0.327626	-0.169832	0.537064	0.0283087	-1.34432	1.81974e-06
3.29	0.327636	-0.169807	0.537029	0.0283087	-1.34432	1.78945e-06
3.295	0.327645	-0.169783	0.536993	0.0283088	-1.34432	1.759e-06
3.3	0.327654	-0.169759	0.536958	0.0283088	-1.34432	1.72839e-06
3.305	0.327701	-0.169705	0.53693	0.0296057	-1.34507	1.87305e-06
3.31	0.32771	-0.169681	0.536895	0.0296058	-1.34507	1.84209e-06
3.315	0.327719	-0.169656	0.536859	0.0296058	-1.34507	1.81098e-06
3.32	0.327729	-0.169631	0.536823	0.0296058	-1.34507	1.77973e-06
3.325	0.327776	-0.169577	0.536795	0.0309167	-1.34582	1.92368e-06
3.33	0.327785	-0.169552	0.536759	0.0309168	-1.34582	1.8921e-06
3.335	0.327795	-0.169528	0.536722	0.0309168	-1.34582	1.8604e-06
3.34	0.327804	-0.169503	0.536686	0.0309168	-1.34582	1.82856e-06
3.345	0.327852	-0.169448	0.536658	0.0322404	-1.34658	1.97141e-06
3.35	0.327861	-0.169423	0.536622	0.0322404	-1.34658	1.93928e-06
3.355	0.327871	-0.169398	0.536585	0.0322405	-1.34658	1.90703e-06
3.36	0.32788	-0.169373	0.536548	0.0322405	-1.34658	1.87466e-06
3.365	0.327928	-0.169318	0.536521	0.0335754	-1.34734	2.01604e-06
3.37	0.327938	-0.169293	0.536484	0.0335754	-1.34734	1.98341e-06
3.375	0.327948	-0.169268	0.536447	0.0335755	-1.34734	1.95068e-06
3.38	0.327957	-0.169242	0.53641	0.0335755	-1.34734	1.91784e-06
3.385	0.328005	-0.169187	0.536382	0.0349204	-1.34811	2.05738e-06
3.39	0.328015	-0.169162	0.536345	0.0349205	-1.34811	2.02431e-06
3.395	0.328025	-0.169136	0.536307	0.0349205	-1.34811	1.99115e-06
3.4	0.328035	-0.169111	0.53627	0.0349205	-1.34811	1.95791e-06
3.405	0.328083	-0.169055	0.536242	0.0362742	-1.34889	2.09524e-06
3.41	0.328093	-0.169029	0.536205	0.0362742	-1.34889	2.06179e-06
3.415	0.328103	-0.169004	0.536167	0.0362742	-1.34889	2.02828e-06
3.42	0.328112	-0.168978	0.53613	0.0362742	-1.34889	1.9947e-06
3.425	0.328161	-0.168922	0.536101	0.0376352	-1.34967	2.12944e-06
3.43	0.328171	-0.168897	0.536064	0.0376352	-1.34967	2.09569e-06
3.435	0.328181	-0.168871	0.536026	0.0376353	-1.34967	2.06188e-06
3.44	0.328191	-0.168845	0.535989	0.0376353	-1.34967	2.02802e-06
3.445	0.328239	-0.168789	0.53596	0.0390022	-1.35045	2.15984e-06
3.45	0.328249	-0.168763	0.535923	0.0390022	-1.35045	2.12584e-06
3.455	0.328259	-0.168738	0.535885	0.0390023	-1.35045	2.0918e-06
3.46	0.328269	-0.168712	0.535847	0.0390023	-1.35045	2.05773e-06
3.465	0.328318	-0.168655	0.535819	0.0403738	-1.35124	2.18627e-06
3.47	0.328328	-0.16863	0.535781	0.0403739	-1.35124	2.15209e-06
3.475	0.328338	-0.168604	0.535743	0.0403739	-1.35124	2.1179e-06
3.48	0.328348	-0.168578	0.535705	0.0403739	-1.35124	2.08368e-06
3.485	0.328397	-0.168521	0.535677	0.0417487	-1.35203	2.20861e-06
3.49	0.328407	-0.168496	0.535639	0.0417487	-1.35203	2.17432e-06
3.495	0.328417	-0.16847	0.535601	0.0417488	-1.35203	2.14003e-06
3.5	0.328427	-0.168444	0.535563	0.0417488	-1.35203	2.10574e-06
3.505	0.328476	-0.168387	0.535535	0.0431254	-1.35281	2.22673e-06
3.51	0.328486	-0.168361	0.535497	0.0431255	-1.35281	2.1924e-06
3.515	0.328496	-0.168336	0.535459	0.0431255	-1.35281	2.15808e-06
3.52	0.328506	-0.16831	0.535421	0.0431255	-1.35281	2.12378e-06
3.525	0.328555	-0.168253	0.535393	0.0445027	-1.3536	2.24053e-06
3.53	0.328565	-0.168227	0.535355	0.0445027	-1.3536	2.20623e-06
3.535	0.328575	-0.168201	0.535317	0.0445027	-1.3536	2.17195e-06
3.54	0.328585	-0.168176	0.535279	0.0445028	-1.3536	2.13771e-06
3.545	0.328634	-0.168119	0.535251	0.045879	-1.35439	2.24993e-06
3.55	0.328644	-0.168093	0.535213	0.0458791	-1.35439	2.21572e-06
3.555	0.328654	-0.168067	0.535175	0.0458791	-1.35439	2.18155e-06
3.56	0.328664	-0.168042	0.535137	0.0458791	-1.35439	2.14744e-06
3.565	0.328712	-0.167985	0.535109	0.0472532	-1.35518	2.25485e-06
3.57	0.328722	-0.167959	0.535071	0.0472532	-1.35518	2.22079e-06
3.575	0.328732	-0.167934	0.535034	0.0472532	-1.35518	2.1868e-06
3.58	0.328742	-0.167908	0.534996	0.0472532	-1.35518	2.15288e-06
3.585	0.328791	-0.167852	0.534968	0.0486237	-1.35597	2.25523e-06
3.59	0.328801	-0.167826	0.53493	0.0486237	-1.35597	2.2214e-06
3.595	0.328811	-0.1678	0.534893	0.0486237	-1.35597	2.18766e-06
3.6	0.328821	-0.167775	0.534855	0.0486238	-1.35597	2.154e-06
3.605	0.328869	-0.167719	0.534827	0.0499892	-1.35675	2.25104e-06
3.61	0.328879	-0.167693	0.534789	0.0499892	-1.35675	2.21751e-06
3.615	0.328889	-0.167668	0.534752	0.0499892	-1.35675	2.18408e-06
3.62	0.328889	-0.167668	0.534752	0.0499969	-1.35691	-1.39542e-05
3.625	0.328876	-0.167674	0.534756	0.0500077	-1.35709	-3.27998e-05
3.63	0.328861	-0.167679	0.534755	0.0500124	-1.35725	-4.25643e-05
3.635	0.328846	-0.167683	0.534751	0.0500146	-1.3574	-4.77535e-05
3.64	0.328831	-0.167687	0.534743	0.0500113	-1.35754	-4.49206e-05
3.645	0.328814	-0.16769	0.534734	0.0500062	-1.35767	-3.85434e-05
3.65	0.328797	-0.167693	0.53472	0.0499962	-1.35779	-2.50789e-05
3.655	0.328779	-0.167695	0.534706	0.0499852	-1.3579	-9.18416e-06
3.66	0.328762	-0.167697	0.534689	0.0499721	-1.35801	9.98463e-06
3.665	0.328746	-0.167699	0.534678	0.0499643	-1.35814	2.28844e-05
3.67	0.32873	-0.167701	0.534665	0.0499548	-1.35826	3.82846e-05
3.675	0.328715	-0.167703	0.534656	0.0499503	-1.35839	4.76795e-05
3.68	0.3287	-0.167705	0.534645	0.0499436	-1.35852	6.0207e-05
3.685	0.328686	-0.167707	0.534639	0.0499415	-1.35866	6.75071e-05
3.69	0.328672	-0.167708	0.53463	0.0499369	-1.35879	7.84035e-05
3.695	0.328659	-0.16771	0.534625	0.0499366	-1.35894	8.45992e-05
3.7	0.328645	-0.167711	0.534618	0.0499334	-1.35908	9.46957e-05
3.705	0.328633	-0.167713	0.534614	0.0499342	-1.35923	0.000100435
3.71	0.32862	-0.167714	0.534608	0.0499321	-1.35937	0.000110267
3.715	0.328608	-0.167715	0.534605	0.0499338	-1.35952	0.000115939
3.72	0.328595	-0.167715	0.5346	0.0499323	-1.35966	0.00012583
3.725	0.328584	-0.167716	0.534597	0.0499346	-1.35982	0.000131684
3.73	0.328571	-0.167717	0.534592	0.0499336	-1.35996	0.000141843
3.735	0.32856	-0.167717	0.534591	0.0499364	-1.36012	0.000148012
3.74	0.328548	-0.167718	0.534586	0.0499358	-1.36027	0.000158544
3.745	0.328537	-0.167718	0.534585	0.0499388	-1.36042	0.000165094
3.75	0.328525	-0.167718	0.53458	0.0499384	-1.36057	0.000176049
3.755	0.328514	-0.167718	0.534579	0.0499417	-1.36073	0.000183022
3.76	0.328502	-0.167718	0.534575	0.0499415	-1.36088	0.00019442
3.765	0.328491	-0.167718	0.534574	0.0499449	-1.36104	0.000201803
3.77	0.328479	-0.167718	0.53457	0.0499448	-1.36119	0.000213611
3.775	0.328468	-0.167717	0.534569	0.0499484	-1.36134	0.000221393
3.78	0.328457	-0.167717	0.534565	0.0499484	-1.36149	0.000233589
3.785	0.328446	-0.167717	0.534565	0.049952	-1.36165	0.00024175
3.79	0.328435	-0.167716	0.534561	0.0499521	-1.3618	0.000254298
3.795	0.328424	-0.167715	0.53456	0.0499558	-1.36196	0.000262823
3.8	0.328412	-0.167715	0.534557	0.0499559	-1.36211	0.000275705
3.805	0.328402	-0.167714	0.534556	0.0499597	-1.36227	0.000284578
3.81	0.32839	-0.167713	0.534552	0.0499599	-1.36242	0.000297775
3.815	0.32838	-0.167712	0.534552	0.0499636	-1.36258	0.000306975
3.82	0.328368	-0.167712	0.534548	0.0499638	-1.36273	0.000320468
3.825	0.328358	-0.167711	0.534548	0.0499676	-1.36289	0.000329976
3.83	0.328346	-0.16771	0.534545	0.0499679	-1.36304	0.000343746
3.835	0.328336	-0.167709	0.534544	0.0499717	-1.3632	0.000353544
3.84	0.328324	-0.167707	0.534541	0.0499719	-1.36335	0.000367575
3.845	0.328314	-0.167706	0.53454	0.0499757	-1.36351	0.000377647
3.85	0.328302	-0.167705	0.534537	0.049976	-1.36366	0.000391923
3.855	0.328292	-0.167704	0.534536	0.0499798	-1.36383	0.000402255
3.86	0.32828	-0.167703	0.534533	0.04998	-1.36398	0.000416761
3.865	0.32827	-0.167702	0.534533	0.0499838	-1.36414	0.000427339
3.87	0.328259	-0.1677	0.534529	0.0499841	-1.36429	0.000442064
3.875	0.328248	-0.167699	0.534529	0.0499879	-1.36445	0.000452877
3.88	0.328237	-0.167697	0.534525	0.0499882	-1.3646	0.00046781
3.885	0.328226	-0.167696	0.534525	0.049992	-1.36476	0.000478847
3.89	0.328215	-0.167695	0.534522	0.0499924	-1.36491	0.000493132
3.895	0.328204	-0.167694	0.534521	0.0499964	-1.36507	0.000501316
3.9	0.328193	-0.167694	0.534517	0.0499967	-1.36522	0.000513549
3.905	0.328182	-0.167694	0.534516	0.0500009	-1.36537	0.000519363
3.91	0.328171	-0.167694	0.534512	0.0500016	-1.36552	0.000529268
3.915	0.32816	-0.167694	0.534511	0.0500061	-1.36568	0.000533057
3.92	0.328149	-0.167695	0.534507	0.050007	-1.36583	0.000541156
3.925	0.328138	-0.167696	0.534506	0.0500118	-1.36599	0.000543449
3.93	0.328127	-0.167697	0.534502	0.0500129	-1.36614	0.000550218
3.935	0.328116	-0.167698	0.534501	0.0500179	-1.36629	0.000551437
3.94	0.328105	-0.167699	0.534497	0.0500192	-1.36644	0.000557257
3.945	0.328094	-0.167701	0.534496	0.0500244	-1.3666	0.000557735
3.95	0.328083	-0.167702	0.534492	0.0500259	-1.36675	0.000562911
3.955	0.328073	-0.167703	0.534491	0.0500312	-1.36691	0.000562911
3.96	0.328061	-0.167705	0.534486	0.0500328	-1.36705	0.000567683
3.965	0.328051	-0.167706	0.534486	0.0500383	-1.36721	0.000567415
3.97	0.328039	-0.167708	0.534481	0.05004	-1.36736	0.000571973
3.975	0.328029	-0.167709	0.534481	0.0500455	-1.36752	0.000571605
3.98	0.328018	-0.16771	0.534476	0.0500472	-1.36767	0.000577017
3.985	0.328007	-0.167711	0.534476	0.0500525	-1.36782	0.000580287
3.99	0.327996	-0.167711	0.534472	0.0500539	-1.36797	0.000589031
3.995	0.327986	-0.167711	0.534472	0.0500589	-1.36813	0.000595165
4.0	0.327975	-0.16771	0.534468	0.0500602	-1.36828	0.00060638
4.005	0.327964	-0.167709	0.534468	0.050065	-1.36844	0.000614283
4.01	0.327953	-0.167708	0.534465	0.0500661	-1.36859	0.000627079
4.015	0.327943	-0.167707	0.534464	0.0500708	-1.36876	0.000636366
4.02	0.327932	-0.167706	0.534461	0.0500717	-1.3689	0.000650409
4.025	0.327921	-0.167704	0.534461	0.0500762	-1.36907	0.000660789
4.03	0.32791	-0.167702	0.534457	0.050077	-1.36922	0.000675811
4.035	0.3279	-0.167701	0.534457	0.0500814	-1.36938	0.000687058
4.04	0.327888	-0.167699	0.534454	0.0500821	-1.36953	0.000702854
4.045	0.327878	-0.167697	0.534453	0.0500864	-1.36969	0.00071483
4.05	0.327867	-0.167695	0.53445	0.050087	-1.36984	0.00073069
4.055	0.327856	-0.167694	0.534449	0.0500914	-1.37	0.000740584
4.06	0.327845	-0.167693	0.534445	0.050092	-1.37014	0.000754525
4.065	0.327834	-0.167692	0.534445	0.0500965	-1.3703	0.0007627
4.07	0.327823	-0.167691	0.534441	0.0500972	-1.37045	0.000775081
4.075	0.327812	-0.167691	0.53444	0.0501018	-1.37061	0.000781895
4.08	0.327801	-0.16769	0.534435	0.0501027	-1.37076	0.000793062
4.085	0.32779	-0.16769	0.534434	0.0501073	-1.37091	0.000798867
4.09	0.327779	-0.16769	0.53443	0.0501083	-1.37106	0.000809138
4.095	0.327768	-0.16769	0.534429	0.0501131	-1.37122	0.000814219
4.1	0.327757	-0.16769	0.534424	0.0501142	-1.37137	0.000823855
4.105	0.327746	-0.16769	0.534423	0.0501191	-1.37152	0.000828447
4.11	0.327735	-0.16769	0.534419	0.0501203	-1.37167	0.00083766
4.115	0.327725	-0.167691	0.534418	0.0501253	-1.37183	0.000841939
4.12	0.327713	-0.167691	0.534413	0.0501266	-1.37197	0.00085089
4.125	0.327703	-0.167691	0.534412	0.0501316	-1.37213	0.000854997
4.13	0.327691	-0.167691	0.534408	0.050133	-1.37228	0.000863813
4.135	0.327681	-0.167691	0.534407	0.0501381	-1.37244	0.00086786
4.14	0.327669	-0.167691	0.534402	0.0501394	-1.37258	0.000877346
4.145	0.327659	-0.167691	0.534402	0.0501445	-1.37274	0.000883707
4.15	0.327648	-0.16769	0.534398	0.0501462	-1.37289	0.00089467
4.155	0.327637	-0.167689	0.534396	0.0501497	-1.37305	0.000904537
4.16	0.327627	-0.167688	0.534392	0.0501503	-1.37319	0.000918166
4.165	0.327616	-0.167686	0.534389	0.0501528	-1.37334	0.000930467
4.17	0.327606	-0.167685	0.534385	0.0501524	-1.37349	0.000946408
4.175	0.327596	-0.167683	0.534382	0.0501542	-1.37364	0.00096081
4.18	0.327585	-0.167681	0.534376	0.050153	-1.37378	0.000978917
4.185	0.327575	-0.167678	0.534373	0.0501541	-1.37393	0.000995338
4.19	0.327565	-0.167676	0.534367	0.0501522	-1.37408	0.001015
4.195	0.327555	-0.167673	0.534363	0.0501527	-1.37422	0.00103103
4.2	0.327545	-0.167671	0.534358	0.0501511	-1.37437	0.00104893
4.205	0.327535	-0.167669	0.534352	0.0501501	-1.37451	0.00106654
4.21	0.327525	-0.167667	0.534346	0.0501476	-1.37465	0.00108616
4.215	0.327515	-0.167665	0.534341	0.050146	-1.37479	0.00110502
4.22	0.327505	-0.167662	0.534334	0.0501431	-1.37493	0.0011257
4.225	0.327496	-0.167659	0.534328	0.0501411	-1.37507	0.00114544
4.23	0.327486	-0.167657	0.534321	0.0501381	-1.37521	0.00116642
4.235	0.327476	-0.167654	0.534315	0.0501365	-1.37535	0.00118521
4.24	0.327467	-0.167652	0.534309	0.0501334	-1.37549	0.00120642
4.245	0.327457	-0.167649	0.534303	0.0501325	-1.37563	0.00122485
4.25	0.327448	-0.167648	0.534299	0.0501324	-1.37578	0.00124032
4.255	0.327438	-0.167646	0.534295	0.0501331	-1.37592	0.00125523
4.26	0.327428	-0.167644	0.53429	0.050134	-1.37607	0.0012682
4.265	0.327418	-0.167643	0.534287	0.0501359	-1.37622	0.00128066
4.27	0.327408	-0.167642	0.534283	0.0501376	-1.37637	0.00129217
4.275	0.327398	-0.167641	0.53428	0.0501402	-1.37652	0.00130321
4.28	0.327388	-0.16764	0.534277	0.0501424	-1.37667	0.00131393
4.285	0.327378	-0.167639	0.534274	0.0501455	-1.37682	0.00132419
4.29	0.327368	-0.167638	0.534271	0.0501481	-1.37697	0.00133454
4.295	0.327358	-0.167637	0.534269	0.0501515	-1.37712	0.00134445
4.3	0.327348	-0.167636	0.534266	0.0501543	-1.37727	0.0013547
4.305	0.327337	-0.167634	0.534264	0.050158	-1.37743	0.00136451
4.31	0.327327	-0.167633	0.534261	0.0501609	-1.37758	0.00137483
4.315	0.327317	-0.167632	0.534259	0.0501648	-1.37773	0.0013847
4.32	0.327306	-0.167631	0.534256	0.0501678	-1.37788	0.0013952
4.325	0.327296	-0.16763	0.534254	0.0501718	-1.37804	0.00140522
4.33	0.327285	-0.167629	0.534251	0.0501748	-1.37819	0.00141598
4.335	0.327275	-0.167627	0.534249	0.0501789	-1.37835	0.00142622
4.34	0.327264	-0.167626	0.534247	0.0501819	-1.3785	0.00143727
4.345	0.327253	-0.167625	0.534245	0.050186	-1.37865	0.00144776
4.35	0.327243	-0.167623	0.534242	0.050189	-1.3788	0.00145914
4.355	0.327232	-0.167622	0.53424	0.0501931	-1.37896	0.00146991
4.36	0.327221	-0.16762	0.534237	0.0501961	-1.37911	0.00148161
4.365	0.327211	-0.167619	0.534236	0.0502002	-1.37926	0.00149268
4.37	0.3272	-0.167617	0.534233	0.0502032	-1.37942	0.00150471
4.375	0.327189	-0.167615	0.534231	0.0502073	-1.37957	0.00151606
4.38	0.327178	-0.167614	0.534228	0.0502103	-1.37972	0.00152843
4.385	0.327168	-0.167612	0.534226	0.0502144	-1.37988	0.00154006
4.39	0.327157	-0.16761	0.534222	0.0502161	-1.38002	0.00155365
4.395	0.327145	-0.167609	0.534216	0.0502157	-1.38016	0.00156888
4.4	0.327134	-0.167608	0.534208	0.0502133	-1.3803	0.00158519
4.405	0.327123	-0.167607	0.534199	0.0502092	-1.38043	0.00160255
4.41	0.327111	-0.167607	0.534188	0.0502038	-1.38055	0.0016204
4.415	0.327099	-0.167606	0.534175	0.0501972	-1.38067	0.0016388
4.42	0.327088	-0.167606	0.534162	0.0501899	-1.38079	0.00165712
4.425	0.327076	-0.167606	0.534149	0.0501824	-1.3809	0.0016751
4.43	0.327065	-0.167606	0.534136	0.0501754	-1.38102	0.00169236
4.435	0.327053	-0.167606	0.534123	0.0501683	-1.38114	0.0017092
4.44	0.327042	-0.167607	0.53411	0.0501618	-1.38126	0.00172517
4.445	0.327031	-0.167608	0.534097	0.0501558	-1.38137	0.00173911
4.45	0.32702	-0.167609	0.534086	0.0501521	-1.3815	0.00174882
4.455	0.327009	-0.167611	0.534075	0.0501485	-1.38162	0.00175728
4.46	0.326998	-0.167613	0.534065	0.0501464	-1.38175	0.00176257
4.465	0.326987	-0.167615	0.534054	0.0501443	-1.38187	0.00176726
4.47	0.326976	-0.167618	0.534043	0.0501412	-1.382	0.00177301
4.475	0.326965	-0.16762	0.534031	0.0501369	-1.38212	0.00177991
4.48	0.326953	-0.167623	0.534018	0.0501318	-1.38223	0.00178761
4.485	0.326942	-0.167625	0.534004	0.0501259	-1.38235	0.00179609
4.49	0.326931	-0.167628	0.53399	0.0501194	-1.38246	0.00180503
4.495	0.32692	-0.167631	0.533976	0.0501136	-1.38257	0.00181295
4.5	0.326909	-0.167633	0.533964	0.050111	-1.3827	0.00181674
4.505	0.326899	-0.167636	0.533953	0.0501088	-1.38282	0.0018201
4.51	0.326888	-0.16764	0.533945	0.0501093	-1.38295	0.00181985
4.515	0.326877	-0.167643	0.533936	0.0501096	-1.38308	0.00182012
4.52	0.326867	-0.167646	0.533929	0.0501123	-1.38322	0.00181703
4.525	0.326856	-0.167649	0.533922	0.0501144	-1.38336	0.00181532
4.53	0.326845	-0.167658	0.533914	0.0501203	-1.38349	0.0017927
4.535	0.326832	-0.167675	0.533903	0.0501283	-1.38362	0.0017396
4.54	0.326821	-0.167681	0.533898	0.0501342	-1.38376	0.00172727
4.545	0.326809	-0.167696	0.533888	0.0501427	-1.38389	0.00167953
4.55	0.326798	-0.167699	0.533884	0.0501485	-1.38404	0.00167599
4.555	0.326786	-0.167713	0.533876	0.0501571	-1.38417	0.00163398
4.56	0.326776	-0.167706	0.533874	0.0501591	-1.38432	0.00166402
4.565	0.326766	-0.167696	0.53387	0.0501567	-1.38447	0.00170821
4.57	0.326757	-0.167685	0.533871	0.0501578	-1.38463	0.00175316
4.575	0.326747	-0.167671	0.533869	0.0501548	-1.38479	0.0018091
4.58	0.326738	-0.167657	0.53387	0.0501552	-1.38495	0.00186344
4.585	0.326728	-0.167641	0.533869	0.0501515	-1.38511	0.00192745
4.59	0.326719	-0.167625	0.533871	0.0501514	-1.38528	0.00198883
4.595	0.32671	-0.167608	0.533871	0.0501471	-1.38544	0.00205877
4.6	0.326701	-0.16759	0.533874	0.0501463	-1.38561	0.00212526
4.605	0.326691	-0.167571	0.533874	0.0501416	-1.38577	0.00219939
4.61	0.326683	-0.167553	0.533877	0.0501409	-1.38594	0.00226687
4.615	0.326673	-0.167537	0.533876	0.0501363	-1.38609	0.00233416
4.62	0.326663	-0.167522	0.533874	0.0501315	-1.38625	0.00239657
4.625	0.326653	-0.167508	0.533868	0.0501233	-1.38639	0.00245904
4.63	0.326643	-0.167496	0.533861	0.0501153	-1.38653	0.00251658
4.635	0.326632	-0.167484	0.533852	0.0501046	-1.38665	0.00257403
4.64	0.326621	-0.167474	0.533842	0.0500947	-1.38678	0.00262643
4.645	0.32661	-0.167465	0.533829	0.0500824	-1.3869	0.00267873
4.65	0.326599	-0.167457	0.533817	0.0500714	-1.38702	0.002726
4.655	0.326588	-0.16745	0.533803	0.0500583	-1.38713	0.00277327
4.66	0.326577	-0.167443	0.53379	0.0500467	-1.38725	0.00281556
4.665	0.326566	-0.167437	0.533775	0.0500342	-1.38736	0.00285945
4.67	0.326556	-0.167428	0.533766	0.0500258	-1.38749	0.00290637
4.675	0.326546	-0.167416	0.533757	0.0500157	-1.38762	0.00296351
4.68	0.326537	-0.167404	0.533752	0.0500095	-1.38776	0.00301988
4.685	0.326528	-0.167389	0.533746	0.0500011	-1.38791	0.0030854
4.69	0.326519	-0.167374	0.533744	0.0499962	-1.38806	0.0031493
4.695	0.32651	-0.167356	0.533741	0.0499888	-1.38821	0.00322142
4.7	0.326501	-0.167339	0.533741	0.0499845	-1.38837	0.00329116
4.705	0.326493	-0.16732	0.533738	0.0499762	-1.38852	0.00336886
4.71	0.326483	-0.167303	0.533734	0.0499672	-1.38866	0.00344192
4.715	0.326474	-0.167288	0.533726	0.0499563	-1.3888	0.00351257
4.72	0.326464	-0.167274	0.533718	0.0499451	-1.38893	0.00357879
4.725	0.326454	-0.167261	0.533708	0.0499325	-1.38906	0.0036426
4.73	0.326444	-0.167249	0.533697	0.0499203	-1.38918	0.00370197
4.735	0.326434	-0.167239	0.533685	0.0499071	-1.3893	0.00375907
4.74	0.326423	-0.167229	0.533672	0.0498943	-1.38942	0.00381201
4.745	0.326413	-0.167221	0.533659	0.0498821	-1.38953	0.0038598
4.75	0.326402	-0.167216	0.533647	0.0498738	-1.38966	0.00389613
4.755	0.32639	-0.167211	0.533633	0.0498614	-1.38977	0.00393646
4.76	0.326378	-0.167206	0.533619	0.0498506	-1.38988	0.00397393
4.765	0.326364	-0.167201	0.533602	0.0498358	-1.38999	0.00401538
4.77	0.326351	-0.167196	0.533586	0.0498226	-1.39009	0.00405414
4.775	0.326336	-0.167192	0.533567	0.0498056	-1.39019	0.00409684
4.78	0.326321	-0.167187	0.533549	0.0497901	-1.39029	0.00413688
4.785	0.326305	-0.167183	0.533528	0.0497711	-1.39038	0.0041808
4.79	0.326289	-0.167179	0.533508	0.0497537	-1.39048	0.00422207
4.795	0.326273	-0.167175	0.533486	0.0497346	-1.39057	0.0042654
4.8	0.326258	-0.167171	0.533471	0.0497228	-1.39068	0.00430065
4.805	0.326244	-0.167167	0.533455	0.0497091	-1.39078	0.00433757
4.81	0.32623	-0.167163	0.533443	0.0497013	-1.3909	0.00436842
4.815	0.326217	-0.167159	0.533428	0.0496899	-1.39102	0.00440436
4.82	0.326204	-0.167155	0.533418	0.0496838	-1.39114	0.00443251
4.825	0.326191	-0.167152	0.533407	0.0496768	-1.39127	0.0044611
4.83	0.326178	-0.167149	0.533399	0.0496742	-1.3914	0.00448334
4.835	0.326166	-0.167146	0.53339	0.0496705	-1.39153	0.00450645
4.84	0.326154	-0.167143	0.533384	0.0496708	-1.39167	0.00452409
4.845	0.326141	-0.167141	0.533377	0.0496694	-1.39181	0.00454304
4.85	0.32613	-0.167139	0.533372	0.0496717	-1.39195	0.00455723
4.855	0.326118	-0.167137	0.533366	0.049672	-1.39209	0.00457317
4.86	0.326106	-0.167135	0.533363	0.0496757	-1.39224	0.00458483
4.865	0.326094	-0.167133	0.533357	0.0496773	-1.39238	0.0045986
4.87	0.326083	-0.167132	0.533355	0.0496821	-1.39254	0.00460843
4.875	0.326071	-0.16713	0.53335	0.0496845	-1.39268	0.00462068
4.88	0.326059	-0.167129	0.533348	0.0496901	-1.39283	0.00462924
4.885	0.326048	-0.167128	0.533343	0.0496932	-1.39298	0.00464044
4.89	0.326036	-0.167126	0.533342	0.0496993	-1.39313	0.00464812
4.895	0.326024	-0.167125	0.533337	0.0497028	-1.39328	0.00465863
4.9	0.326013	-0.167124	0.533336	0.0497093	-1.39343	0.00466576
4.905	0.326001	-0.167123	0.533332	0.0497132	-1.39358	0.00467586
4.91	0.32599	-0.167121	0.533331	0.0497201	-1.39374	0.00468277
4.915	0.325978	-0.16712	0.533327	0.0497239	-1.39389	0.00469388
4.92	0.325967	-0.167118	0.533325	0.0497296	-1.39404	0.00470416
4.925	0.325955	-0.167115	0.533321	0.0497325	-1.39419	0.00471826
4.93	0.325944	-0.167113	0.533319	0.0497373	-1.39434	0.00473119
4.935	0.325933	-0.16711	0.533314	0.0497394	-1.39448	0.00474761
4.94	0.325922	-0.167107	0.533311	0.0497435	-1.39463	0.00476257
4.945	0.325911	-0.167104	0.533307	0.0497451	-1.39478	0.00478079
4.95	0.3259	-0.1671	0.533304	0.0497487	-1.39493	0.00479731
4.955	0.325888	-0.167096	0.533299	0.0497499	-1.39507	0.00481686
4.96	0.325878	-0.167093	0.533296	0.0497532	-1.39522	0.00483461
4.965	0.325866	-0.167089	0.533289	0.0497517	-1.39536	0.00485784
4.97	0.325854	-0.167085	0.533278	0.0497452	-1.39548	0.0048871
4.975	0.325842	-0.16708	0.533262	0.0497335	-1.39559	0.00492244
4.98	0.325829	-0.167076	0.533243	0.0497177	-1.39569	0.00496271
4.985	0.325815	-0.167071	0.53322	0.0496976	-1.39577	0.00500804
4.99	0.325802	-0.167066	0.533195	0.0496742	-1.39585	0.00505734
4.995	0.325788	-0.167062	0.533168	0.0496492	-1.39592	0.00510775
5.0	0.325776	-0.167058	0.533143	0.0496277	-1.39599	0.00515131
5.005	0.325763	-0.167055	0.533118	0.0496062	-1.39607	0.0051934
5.01	0.325751	-0.167053	0.533095	0.0495881	-1.39615	0.00522908
5.015	0.325739	-0.167051	0.533073	0.0495711	-1.39624	0.00526108
5.02	0.325728	-0.167052	0.533056	0.0495618	-1.39634	0.00527873
5.025	0.325716	-0.167053	0.533038	0.0495529	-1.39644	0.00529411
5.03	0.325705	-0.167056	0.533026	0.049551	-1.39656	0.00529612
5.035	0.325694	-0.167059	0.533012	0.0495476	-1.39668	0.00530013
5.04	0.325684	-0.167062	0.533002	0.0495476	-1.3968	0.00530066
5.045	0.325673	-0.167064	0.53299	0.0495467	-1.39692	0.00530253
5.05	0.325662	-0.167068	0.532981	0.0495495	-1.39705	0.00529846
5.055	0.325651	-0.167071	0.532971	0.0495507	-1.39718	0.00529732
5.06	0.325641	-0.167074	0.532963	0.0495536	-1.39731	0.0052946
5.065	0.32563	-0.167077	0.532953	0.0495551	-1.39744	0.00529281
5.07	0.32562	-0.167081	0.532945	0.0495602	-1.39757	0.00528466
5.075	0.325609	-0.167085	0.532936	0.0495636	-1.3977	0.0052784
5.08	0.325599	-0.167089	0.53293	0.0495697	-1.39784	0.00526803
5.085	0.325588	-0.167093	0.532921	0.0495735	-1.39797	0.00526098
5.09	0.325577	-0.167097	0.532914	0.0495794	-1.39811	0.00525222
5.095	0.325566	-0.167101	0.532906	0.0495832	-1.39824	0.00524742
5.1	0.325556	-0.167104	0.532899	0.0495889	-1.39838	0.0052409
5.105	0.325545	-0.167107	0.532891	0.0495925	-1.39851	0.00523818
5.11	0.325535	-0.16711	0.532885	0.0495981	-1.39865	0.00523354
5.115	0.325524	-0.167112	0.532876	0.0496009	-1.39878	0.00523267
5.12	0.325514	-0.167115	0.532869	0.0496057	-1.39891	0.00522935
5.125	0.325503	-0.167117	0.53286	0.0496077	-1.39904	0.00523001
5.13	0.325493	-0.167119	0.532852	0.0496115	-1.39918	0.00522897
5.135	0.325482	-0.167121	0.532842	0.0496126	-1.3993	0.00523157
5.14	0.325472	-0.167123	0.532835	0.0496166	-1.39944	0.00523121
5.145	0.325461	-0.167125	0.532825	0.0496184	-1.39957	0.0052339
5.15	0.325451	-0.167127	0.532819	0.0496235	-1.3997	0.00523209
5.155	0.32544	-0.167129	0.53281	0.0496258	-1.39983	0.00523378
5.16	0.32543	-0.167131	0.532802	0.0496298	-1.39997	0.00523272
5.165	0.325419	-0.167133	0.532793	0.0496322	-1.4001	0.00523328
5.17	0.325409	-0.167136	0.532787	0.0496388	-1.40024	0.00522589
5.175	0.325398	-0.16714	0.532779	0.0496431	-1.40037	0.00522107
5.18	0.325388	-0.167144	0.532774	0.0496516	-1.40051	0.0052096
5.185	0.325377	-0.167148	0.532767	0.0496591	-1.40065	0.0051981
5.19	0.325366	-0.167153	0.532762	0.0496684	-1.40079	0.00518372
5.195	0.325355	-0.167157	0.532756	0.0496762	-1.40093	0.00517133
5.2	0.325345	-0.167162	0.532751	0.0496857	-1.40108	0.00515623
5.205	0.325334	-0.167167	0.532745	0.0496936	-1.40121	0.00514323
5.21	0.325323	-0.167171	0.53274	0.0497033	-1.40136	0.0051275
5.215	0.325312	-0.167176	0.532734	0.0497114	-1.4015	0.00511396
5.22	0.325301	-0.167182	0.532729	0.0497219	-1.40164	0.00509617
5.225	0.32529	-0.167188	0.532724	0.0497322	-1.40178	0.00507651
5.23	0.325279	-0.167194	0.53272	0.0497441	-1.40193	0.00505376
5.235	0.325267	-0.167201	0.532715	0.0497557	-1.40207	0.0050297
5.24	0.325256	-0.167208	0.532711	0.0497688	-1.40222	0.005003
5.245	0.325244	-0.167216	0.532707	0.0497813	-1.40237	0.00497546
5.25	0.325233	-0.167224	0.532703	0.0497953	-1.40251	0.00494559
5.255	0.325221	-0.167232	0.532699	0.0498085	-1.40266	0.00491524
5.26	0.32521	-0.167241	0.532695	0.0498226	-1.40281	0.00488438
5.265	0.325198	-0.167248	0.53269	0.0498347	-1.40295	0.00485678
5.27	0.325187	-0.167257	0.532687	0.0498494	-1.4031	0.00482546
5.275	0.325175	-0.167265	0.532681	0.0498611	-1.40324	0.00479804
5.28	0.325163	-0.167273	0.532678	0.0498761	-1.40339	0.00476577
5.285	0.325151	-0.167281	0.532672	0.049888	-1.40353	0.004738
5.29	0.32514	-0.167289	0.532669	0.0499032	-1.40368	0.00470603
5.295	0.325128	-0.167297	0.532664	0.0499154	-1.40382	0.00467862
5.3	0.325116	-0.167305	0.532661	0.0499309	-1.40397	0.00464694
5.305	0.325104	-0.167313	0.532656	0.0499432	-1.40411	0.0046199
5.31	0.325093	-0.167321	0.532653	0.049959	-1.40426	0.00458848
5.315	0.325081	-0.167328	0.532648	0.0499715	-1.40441	0.00456178
5.32	0.32507	-0.167336	0.532645	0.0499872	-1.40456	0.00453104
5.325	0.325058	-0.167343	0.53264	0.049999	-1.4047	0.00450661
5.33	0.325047	-0.16735	0.532637	0.0500139	-1.40485	0.0044789
5.335	0.325035	-0.167356	0.532631	0.0500248	-1.40499	0.00445785
5.34	0.325024	-0.167362	0.532629	0.0500392	-1.40514	0.0044327
5.345	0.325012	-0.167368	0.532623	0.0500497	-1.40528	0.00441351
5.35	0.325001	-0.167374	0.532619	0.0500632	-1.40543	0.00439111
5.355	0.324989	-0.167379	0.532614	0.0500736	-1.40557	0.00437348
5.36	0.324978	-0.167385	0.53261	0.050087	-1.40571	0.00435215
5.365	0.324966	-0.16739	0.532604	0.0500971	-1.40586	0.00433563
5.37	0.324955	-0.167395	0.532601	0.0501104	-1.406	0.00431507
5.375	0.324943	-0.1674	0.532595	0.0501212	-1.40614	0.00429704
5.38	0.324932	-0.167406	0.532592	0.0501355	-1.40629	0.00427318
5.385	0.32492	-0.167412	0.532587	0.0501463	-1.40643	0.00425447
5.39	0.324909	-0.167417	0.532584	0.0501605	-1.40658	0.00423155
5.395	0.324897	-0.167423	0.532578	0.0501708	-1.40672	0.00421417
5.4	0.324886	-0.167428	0.532574	0.0501848	-1.40687	0.00419224
5.405	0.324874	-0.167433	0.532568	0.050195	-1.40701	0.00417577
5.41	0.324863	-0.167438	0.532565	0.0502089	-1.40716	0.00415456
5.415	0.324852	-0.167443	0.532559	0.050219	-1.4073	0.00413878
5.42	0.324841	-0.167448	0.532556	0.050233	-1.40745	0.00411807
5.425	0.324829	-0.167453	0.53255	0.0502425	-1.40759	0.00410341
5.43	0.324818	-0.167458	0.532545	0.0502546	-1.40773	0.00408525
5.435	0.324806	-0.167462	0.532539	0.0502648	-1.40787	0.00407041
5.44	0.324795	-0.167467	0.532535	0.0502773	-1.40802	0.00405144
5.445	0.324783	-0.167472	0.532529	0.0502885	-1.40816	0.00403263
5.45	0.324772	-0.167478	0.532525	0.050302	-1.4083	0.00400977
5.455	0.32476	-0.167484	0.53252	0.050314	-1.40844	0.00398766
5.46	0.324749	-0.167491	0.532515	0.050328	-1.40859	0.00396258
5.465	0.324737	-0.167496	0.532509	0.0503391	-1.40873	0.00394397
5.47	0.324726	-0.1675	0.532505	0.0503507	-1.40887	0.0039289
5.475	0.324714	-0.167504	0.532498	0.0503595	-1.40901	0.00391906
5.48	0.324703	-0.167506	0.532493	0.0503692	-1.40915	0.00391186
5.485	0.324691	-0.167507	0.532487	0.0503763	-1.40929	0.00390912
5.49	0.324679	-0.167508	0.532481	0.0503845	-1.40943	0.00390804
5.495	0.324667	-0.167508	0.532474	0.0503903	-1.40957	0.00391087
5.5	0.324656	-0.167508	0.532469	0.0503974	-1.40971	0.00391466
5.505	0.324644	-0.167507	0.532461	0.0504022	-1.40984	0.00392194
5.51	0.324633	-0.167506	0.532456	0.0504084	-1.40999	0.00392965
5.515	0.324621	-0.167504	0.532449	0.0504123	-1.41012	0.00394053
5.52	0.32461	-0.167502	0.532442	0.0504171	-1.41026	0.00395248
5.525	0.324598	-0.167499	0.532433	0.0504182	-1.41039	0.00396935
5.53	0.324587	-0.167496	0.532427	0.0504229	-1.41053	0.00398289
5.535	0.324575	-0.167493	0.532419	0.0504247	-1.41066	0.00400043
5.54	0.324564	-0.16749	0.532412	0.0504281	-1.4108	0.00401692
5.545	0.324552	-0.167486	0.532405	0.0504306	-1.41093	0.00403475
5.55	0.324541	-0.167483	0.532398	0.0504329	-1.41107	0.00405331
5.555	0.324529	-0.167479	0.532391	0.0504365	-1.41121	0.00407068
5.56	0.324518	-0.167475	0.532383	0.050437	-1.41134	0.00409412
5.565	0.324506	-0.16747	0.532376	0.0504386	-1.41147	0.00411626
5.57	0.324495	-0.167465	0.532368	0.0504399	-1.41161	0.00413987
5.575	0.324483	-0.16746	0.532361	0.0504415	-1.41174	0.0041633
5.58	0.324472	-0.167455	0.532354	0.0504429	-1.41188	0.00418828
5.585	0.324461	-0.16745	0.532347	0.0504445	-1.41201	0.00421303
5.59	0.324449	-0.167444	0.53234	0.050446	-1.41215	0.00423884
5.595	0.324438	-0.167439	0.532334	0.0504487	-1.41229	0.00426168
5.6	0.324426	-0.167434	0.532328	0.0504521	-1.41243	0.00428301
5.605	0.324414	-0.16743	0.532323	0.0504565	-1.41257	0.0043018
5.61	0.324403	-0.167426	0.532318	0.0504614	-1.41271	0.00431948
5.615	0.324391	-0.167422	0.532313	0.0504672	-1.41286	0.00433502
5.62	0.324379	-0.167418	0.532309	0.0504732	-1.413	0.00434979
5.625	0.324367	-0.167415	0.532304	0.05048	-1.41315	0.00436274
5.63	0.324355	-0.167412	0.5323	0.050487	-1.41329	0.00437518
5.635	0.324343	-0.16741	0.532296	0.0504945	-1.41344	0.00438604
5.64	0.32433	-0.167407	0.532292	0.0505022	-1.41358	0.0043966
5.645	0.324318	-0.167404	0.532288	0.0505104	-1.41373	0.00440579
5.65	0.324306	-0.167402	0.532285	0.0505186	-1.41388	0.00441482
5.655	0.324293	-0.1674	0.532281	0.0505273	-1.41403	0.00442265
5.66	0.324281	-0.167398	0.532277	0.050536	-1.41417	0.00443045
5.665	0.324268	-0.167396	0.532273	0.0505446	-1.41432	0.00443779
5.67	0.324256	-0.167394	0.532269	0.0505521	-1.41446	0.00444663
5.675	0.324243	-0.167392	0.532265	0.0505611	-1.41461	0.00445319
5.68	0.324231	-0.167391	0.532261	0.0505701	-1.41476	0.00445972
5.685	0.324218	-0.167389	0.532257	0.0505796	-1.4149	0.00446527
5.69	0.324206	-0.167387	0.532254	0.050589	-1.41505	0.00447091
5.695	0.324193	-0.167386	0.53225	0.0505988	-1.4152	0.00447571
5.7	0.32418	-0.167385	0.532247	0.0506085	-1.41535	0.0044807
5.705	0.324167	-0.167383	0.532243	0.0506184	-1.41549	0.00448504
5.71	0.324155	-0.167382	0.53224	0.0506283	-1.41564	0.00448973
5.715	0.324142	-0.16738	0.532236	0.0506383	-1.41579	0.00449432
5.72	0.324129	-0.167379	0.532233	0.0506481	-1.41594	0.00449976
5.725	0.324116	-0.167377	0.532229	0.0506579	-1.41609	0.00450548
5.73	0.324103	-0.167375	0.532226	0.0506675	-1.41623	0.00451243
5.735	0.32409	-0.167373	0.532222	0.050677	-1.41638	0.00451999
5.74	0.324078	-0.167371	0.532218	0.0506862	-1.41653	0.0045287
5.745	0.324065	-0.167368	0.532215	0.0506953	-1.41668	0.00453792
5.75	0.324052	-0.167365	0.532211	0.0507043	-1.41682	0.00454815
5.755	0.324039	-0.167362	0.532208	0.0507132	-1.41697	0.00455881
5.76	0.324026	-0.167359	0.532204	0.0507219	-1.41712	0.00457036
5.765	0.324013	-0.167356	0.5322	0.0507305	-1.41726	0.00458229
5.77	0.324	-0.167352	0.532197	0.050739	-1.41741	0.00459499
5.775	0.323987	-0.167349	0.532193	0.0507474	-1.41756	0.00460804
5.78	0.323974	-0.167345	0.532189	0.0507558	-1.41771	0.00462175
5.785	0.323961	-0.167341	0.532185	0.050764	-1.41785	0.0046358
5.79	0.323948	-0.167338	0.532182	0.0507722	-1.418	0.0046504
5.795	0.323935	-0.167334	0.532178	0.0507802	-1.41815	0.00466533
5.8	0.323922	-0.167329	0.532174	0.0507883	-1.41829	0.0046807
5.805	0.323909	-0.167325	0.53217	0.0507959	-1.41844	0.00469661
5.81	0.323896	-0.167321	0.532166	0.0508034	-1.41858	0.00471289
5.815	0.323883	-0.167317	0.532162	0.0508111	-1.41873	0.00472811
5.82	0.32387	-0.167313	0.532157	0.0508187	-1.41887	0.00474374
5.825	0.323857	-0.167309	0.532153	0.0508265	-1.41902	0.00475866
5.83	0.323844	-0.167305	0.532149	0.0508338	-1.41916	0.00477439
5.835	0.323831	-0.167302	0.532144	0.0508413	-1.41931	0.00478914
5.84	0.323818	-0.167298	0.532139	0.0508488	-1.41945	0.00480333
5.845	0.323804	-0.167294	0.532135	0.0508566	-1.4196	0.00481724
5.85	0.323791	-0.167291	0.53213	0.050864	-1.41974	0.00483222
5.855	0.323778	-0.167287	0.532126	0.0508719	-1.41988	0.00484684
5.86	0.323765	-0.167283	0.532121	0.0508792	-1.42003	0.00486258
5.865	0.323752	-0.167279	0.532117	0.0508873	-1.42017	0.00487776
5.87	0.323739	-0.167275	0.532112	0.0508947	-1.42032	0.00489406
5.875	0.323725	-0.16727	0.532108	0.0509029	-1.42046	0.00490973
5.88	0.323712	-0.167266	0.532104	0.0509104	-1.42061	0.00492653
5.885	0.323699	-0.167262	0.5321	0.0509186	-1.42075	0.00494265
5.89	0.323686	-0.167257	0.532096	0.0509261	-1.4209	0.00495989
5.895	0.323673	-0.167253	0.532092	0.0509345	-1.42105	0.0049764
5.9	0.32366	-0.167248	0.532088	0.0509419	-1.42119	0.00499386
5.905	0.323646	-0.167244	0.532084	0.0509499	-1.42134	0.00500993
5.91	0.323633	-0.167239	0.532079	0.0509574	-1.42148	0.00502692
5.915	0.32362	-0.167235	0.532074	0.0509647	-1.42162	0.00504375
5.92	0.323606	-0.16723	0.532069	0.0509716	-1.42177	0.00506159
5.925	0.323593	-0.167226	0.532064	0.0509784	-1.42191	0.00507923
5.93	0.323579	-0.167221	0.532059	0.0509847	-1.42205	0.00509789
5.935	0.323566	-0.167217	0.532054	0.050991	-1.42219	0.0051163
5.94	0.323552	-0.167212	0.532048	0.0509969	-1.42233	0.00513569
5.945	0.323538	-0.167208	0.532042	0.0510029	-1.42247	0.00515474
5.95	0.323524	-0.167203	0.532036	0.0510084	-1.42261	0.00517469
5.955	0.323511	-0.167198	0.532031	0.0510143	-1.42275	0.00519403
5.96	0.323497	-0.167193	0.532025	0.0510199	-1.42289	0.00521404
5.965	0.323484	-0.167189	0.532019	0.051026	-1.42303	0.00523293
5.97	0.32347	-0.167184	0.532013	0.0510316	-1.42317	0.00525256
5.975	0.323456	-0.16718	0.532006	0.0510365	-1.42331	0.00527254
5.98	0.323439	-0.167175	0.531995	0.0510352	-1.42343	0.00529895
5.985	0.32342	-0.167171	0.531977	0.0510263	-1.42353	0.00533104
5.99	0.323396	-0.167168	0.531952	0.0510074	-1.42361	0.00537348
5.995	0.323366	-0.167165	0.531918	0.0509754	-1.42366	0.00542956
6.0	0.323327	-0.167161	0.531865	0.050918	-1.42365	0.00551467
6.005	0.323273	-0.167156	0.531786	0.0508256	-1.42355	0.00564023
6.01	0.323197	-0.167147	0.531667	0.0506753	-1.42333	0.00584157
6.015	0.323119	-0.167141	0.531544	0.0505233	-1.4231	0.00603716
6.02	0.323046	-0.167134	0.531434	0.0503874	-1.42291	0.00621845
6.025	0.322977	-0.167125	0.531331	0.0502603	-1.42274	0.00639443
6.03	0.322915	-0.167117	0.531244	0.0501549	-1.42262	0.00654461
6.035	0.322857	-0.167112	0.531165	0.050062	-1.42252	0.00667399
6.04	0.322793	-0.167106	0.531073	0.0499526	-1.42239	0.0068227
6.045	0.322716	-0.167097	0.53096	0.0498137	-1.42219	0.00701276
6.05	0.322647	-0.167088	0.53086	0.0496926	-1.42203	0.00718446
6.055	0.322584	-0.167079	0.530772	0.049587	-1.42191	0.00733978
6.06	0.322527	-0.167072	0.530696	0.0494984	-1.42183	0.00747159
6.065	0.322475	-0.167065	0.530629	0.0494223	-1.42178	0.00758648
6.07	0.322427	-0.167061	0.530572	0.0493604	-1.42175	0.00768065
6.075	0.322384	-0.16706	0.530523	0.0493112	-1.42176	0.00774994
6.08	0.322347	-0.167064	0.530483	0.0492795	-1.42179	0.00778248
6.085	0.322313	-0.167069	0.530448	0.0492557	-1.42184	0.00780254
6.09	0.322281	-0.167076	0.530419	0.0492388	-1.42191	0.00781282
6.095	0.322251	-0.167082	0.530391	0.049224	-1.42198	0.00782185
6.1	0.322223	-0.167087	0.530367	0.0492141	-1.42206	0.00782642
