0	0.0375657 	-0.00170152 	-0.0284831 	4.31391e-06 	-0.00180521 	8.30314e-05 	
0.005	0.185079 	-0.00838305 	-0.140331 	2.12538e-05 	-0.00889393 	0.00040908 	
0.01	0.321796 	-0.0145756 	-0.243993 	3.69539e-05 	-0.0154638 	0.000711265 	
0.015	0.448506 	-0.0203148 	-0.340067 	5.15048e-05 	-0.0215529 	0.000991333 	
0.02	0.565943 	-0.025634 	-0.42911 	6.49904e-05 	-0.0271963 	0.0012509 	
0.025	0.674784 	-0.0305639 	-0.511635 	7.74881e-05 	-0.0324267 	0.00149147 	
0.03	0.77566 	-0.0351329 	-0.58812 	8.90701e-05 	-0.0372743 	0.00171443 	
0.035	0.869153 	-0.0393675 	-0.659006 	9.98028e-05 	-0.0417671 	0.00192107 	
0.04	0.955803 	-0.0432921 	-0.724703 	0.000109748 	-0.0459311 	0.00211258 	
0.045	1.03611 	-0.0469294 	-0.785591 	0.000118963 	-0.0497904 	0.00229008 	
0.05	1.11054 	-0.0503004 	-0.842022 	0.000127502 	-0.0533674 	0.00245457 	
0.055	1.17953 	-0.0534246 	-0.894321 	0.000135412 	-0.0566825 	0.00260703 	
0.06	1.24347 	-0.0563201 	-0.94279 	0.00014274 	-0.0597551 	0.00274832 	
0.065	1.30272 	-0.0590036 	-0.987711 	0.000149528 	-0.062603 	0.00287926 	
0.07	1.35765 	-0.0614906 	-1.02934 	0.000155814 	-0.0652424 	0.00300061 	
0.075	1.40855 	-0.0637955 	-1.06793 	0.000161637 	-0.0676888 	0.00311308 	
0.08	1.45573 	-0.0659316 	-1.10368 	0.000167028 	-0.0699562 	0.0032173 	
0.085	1.49945 	-0.0679112 	-1.13682 	0.000172019 	-0.0720578 	0.00331389 	
0.09	1.53998 	-0.0697459 	-1.16753 	0.00017664 	-0.0740057 	0.0034034 	
0.095	1.57754 	-0.0714461 	-1.19599 	0.000180916 	-0.0758111 	0.00348635 	
0.1	1.61236 	-0.0730217 	-1.22236 	0.000184873 	-0.0774846 	0.00356322 	
0.105	1.64463 	-0.0744819 	-1.24681 	0.000188533 	-0.0790357 	0.00363445 	
0.11	1.67454 	-0.0758351 	-1.26945 	0.000191918 	-0.0804734 	0.00370046 	
0.115	1.70226 	-0.0770891 	-1.29044 	0.000195048 	-0.081806 	0.00376163 	
0.12	1.72795 	-0.0782511 	-1.30989 	0.000197941 	-0.0830413 	0.0038183 	
0.125	1.75177 	-0.0793279 	-1.32792 	0.000200615 	-0.0841864 	0.00387082 	
0.13	1.77384 	-0.0803257 	-1.34462 	0.000203084 	-0.0852478 	0.00391948 	
0.135	1.7943 	-0.0812504 	-1.36009 	0.000205363 	-0.0862317 	0.00396456 	
0.14	1.81327 	-0.0821071 	-1.37443 	0.000207466 	-0.0871438 	0.00400633 	
0.145	1.83085 	-0.082901 	-1.38771 	0.000209406 	-0.0879893 	0.00404503 	
0.15	1.84714 	-0.0836365 	-1.40002 	0.000211194 	-0.0887732 	0.00408088 	
0.155	1.86225 	-0.084318 	-1.41143 	0.000212841 	-0.0894999 	0.00411409 	
0.16	1.87625 	-0.0849494 	-1.42199 	0.000214357 	-0.0901736 	0.00414485 	
0.165	1.88772 	-0.0842346 	-1.434 	0.000276399 	-0.0908017 	0.00416415 	
0.17	1.90006 	-0.084838 	-1.44324 	0.000274529 	-0.0913934 	0.00418954 	
0.175	1.91144 	-0.0854105 	-1.45173 	0.000271934 	-0.0919411 	0.00421259 	
0.18	1.92191 	-0.0859329 	-1.45953 	0.000269852 	-0.0924462 	0.0042339 	
0.185	1.93161 	-0.0864168 	-1.46675 	0.000267911 	-0.0929146 	0.00425363 	
0.19	1.94061 	-0.0868651 	-1.47345 	0.000266099 	-0.0933489 	0.0042719 	
0.195	1.94895 	-0.0872802 	-1.47964 	0.000264407 	-0.0937518 	0.00428881 	
0.2	1.95669 	-0.0876647 	-1.48538 	0.000262826 	-0.0941254 	0.00430447 	
0.205	1.96386 	-0.0880208 	-1.49069 	0.000261346 	-0.094472 	0.00431896 	
0.21	1.97051 	-0.0883505 	-1.49561 	0.000259961 	-0.0947935 	0.00433236 	
0.215	1.97668 	-0.0886558 	-1.50016 	0.000258663 	-0.0950918 	0.00434476 	
0.22	1.9824 	-0.0889384 	-1.50438 	0.000257445 	-0.0953686 	0.00435623 	
0.225	1.98613 	-0.0878582 	-1.51058 	0.000319253 	-0.0956288 	0.0043577 	
0.23	1.99135 	-0.0881661 	-1.51435 	0.000314826 	-0.0958795 	0.00436654 	
0.235	1.99615 	-0.0884645 	-1.51776 	0.000309865 	-0.0961113 	0.00437424 	
0.24	2.00051 	-0.0887328 	-1.52086 	0.000305586 	-0.0963236 	0.00438132 	
0.245	2.00456 	-0.0889811 	-1.52373 	0.000301605 	-0.0965208 	0.00438786 	
0.25	2.00832 	-0.0892109 	-1.52638 	0.000297898 	-0.0967039 	0.00439389 	
0.255	2.0118 	-0.0894235 	-1.52883 	0.000294446 	-0.096874 	0.00439946 	
0.26	2.01504 	-0.0896201 	-1.5311 	0.00029123 	-0.097032 	0.00440459 	
0.265	2.01804 	-0.089802 	-1.53319 	0.000288232 	-0.0971788 	0.00440931 	
0.27	2.02083 	-0.0899702 	-1.53512 	0.000285436 	-0.0973152 	0.00441366 	
0.275	2.02171 	-0.088685 	-1.53939 	0.00035078 	-0.0974457 	0.00440822 	
0.28	2.02445 	-0.0889011 	-1.54121 	0.000344659 	-0.0975771 	0.00441089 	
0.285	2.02693 	-0.0891148 	-1.54281 	0.000338086 	-0.0976981 	0.00441282 	
0.29	2.02914 	-0.0893037 	-1.54422 	0.000332345 	-0.0978076 	0.00441454 	
0.295	2.0312 	-0.0894784 	-1.54552 	0.000327006 	-0.0979095 	0.0044161 	
0.3	2.03311 	-0.0896398 	-1.54671 	0.000322038 	-0.0980043 	0.00441751 	
0.305	2.03488 	-0.089789 	-1.54781 	0.000317414 	-0.0980927 	0.00441879 	
0.31	2.03653 	-0.0899268 	-1.54882 	0.000313109 	-0.098175 	0.00441995 	
0.315	2.03643 	-0.0886783 	-1.55214 	0.000374337 	-0.0982551 	0.00441233 	
0.32	2.03817 	-0.0888652 	-1.55315 	0.000367056 	-0.0983393 	0.00441229 	
0.325	2.03974 	-0.0890515 	-1.55401 	0.000359433 	-0.0984168 	0.00441171 	
0.33	2.04111 	-0.0892155 	-1.55474 	0.000352697 	-0.0984862 	0.0044111 	
0.335	2.04238 	-0.0893669 	-1.5554 	0.000346432 	-0.098551 	0.0044105 	
0.34	2.04357 	-0.0895068 	-1.55601 	0.000340605 	-0.0986116 	0.00440991 	
0.345	2.04467 	-0.0896359 	-1.55656 	0.000335183 	-0.0986682 	0.00440932 	
0.35	2.04409 	-0.0884089 	-1.55941 	0.000394298 	-0.0987244 	0.00440062 	
0.355	2.04536 	-0.0885872 	-1.56002 	0.000386101 	-0.0987863 	0.00439909 	
0.36	2.04649 	-0.0887653 	-1.56051 	0.000377637 	-0.0988432 	0.00439713 	
0.365	2.04746 	-0.0889217 	-1.5609 	0.000370113 	-0.0988937 	0.00439523 	
0.37	2.04836 	-0.0890662 	-1.56125 	0.000363117 	-0.098941 	0.00439343 	
0.375	2.0492 	-0.0891995 	-1.56156 	0.000356611 	-0.0989853 	0.00439173 	
0.38	2.04999 	-0.0893225 	-1.56184 	0.000350558 	-0.099027 	0.00439011 	
0.385	2.04897 	-0.0879755 	-1.56464 	0.000414914 	-0.0990697 	0.00438014 	
0.39	2.05001 	-0.0881557 	-1.56504 	0.000405803 	-0.0991204 	0.00437763 	
0.395	2.05091 	-0.0883361 	-1.56532 	0.000396432 	-0.0991667 	0.00437469 	
0.4	2.05166 	-0.0884937 	-1.5655 	0.000388112 	-0.0992068 	0.00437187 	
0.405	2.05235 	-0.088639 	-1.56565 	0.000380378 	-0.0992446 	0.00436922 	
0.41	2.05301 	-0.0887731 	-1.56579 	0.000373186 	-0.0992801 	0.00436672 	
0.415	2.05196 	-0.0875246 	-1.56831 	0.000432625 	-0.099317 	0.00435683 	
0.42	2.05285 	-0.0877096 	-1.56857 	0.000422752 	-0.0993616 	0.0043536 	
0.425	2.05363 	-0.0878942 	-1.56872 	0.000412707 	-0.0994023 	0.00435002 	
0.43	2.05427 	-0.0880561 	-1.56879 	0.000403735 	-0.0994377 	0.00434661 	
0.435	2.05487 	-0.0882055 	-1.56884 	0.000395395 	-0.0994711 	0.0043434 	
0.44	2.05544 	-0.0883433 	-1.56888 	0.00038764 	-0.0995027 	0.00434038 	
0.445	2.05421 	-0.0870272 	-1.57146 	0.000450355 	-0.0995362 	0.00433001 	
0.45	2.05506 	-0.0872201 	-1.57164 	0.000439751 	-0.0995784 	0.00432628 	
0.455	2.05578 	-0.0874124 	-1.57173 	0.000428987 	-0.0996168 	0.00432217 	
0.46	2.05637 	-0.0875806 	-1.57172 	0.000419378 	-0.0996497 	0.00431826 	
0.465	2.05691 	-0.0877359 	-1.5717 	0.000410447 	-0.0996809 	0.00431459 	
0.47	2.05743 	-0.087879 	-1.57168 	0.000402145 	-0.0997104 	0.00431114 	
0.475	2.05605 	-0.0864844 	-1.57436 	0.000468836 	-0.0997423 	0.00430039 	
0.48	2.05689 	-0.0866874 	-1.57451 	0.000457466 	-0.0997841 	0.00429621 	
0.485	2.05759 	-0.0868896 	-1.57454 	0.000445945 	-0.0998218 	0.00429163 	
0.49	2.05815 	-0.0870661 	-1.57449 	0.000435672 	-0.0998538 	0.00428727 	
0.495	2.05867 	-0.087229 	-1.57442 	0.000426125 	-0.0998841 	0.00428317 	
0.5	2.05749 	-0.0860183 	-1.57678 	0.000483968 	-0.0999161 	0.00427304 	
0.505	2.05828 	-0.0862288 	-1.57687 	0.000471988 	-0.0999566 	0.0042684 	
0.51	2.05896 	-0.086437 	-1.57686 	0.000459971 	-0.0999935 	0.00426346 	
0.515	2.05951 	-0.0866205 	-1.57678 	0.000449178 	-0.100025 	0.00425876 	
0.52	2.06003 	-0.0867898 	-1.57668 	0.00043915 	-0.100056 	0.00425436 	
0.525	2.05878 	-0.0855525 	-1.57909 	0.000498514 	-0.100088 	0.00424419 	
0.53	2.05959 	-0.085771 	-1.57916 	0.000485986 	-0.100129 	0.00423924 	
0.535	2.06027 	-0.0859868 	-1.57913 	0.000473436 	-0.100166 	0.00423398 	
0.54	2.06082 	-0.0861769 	-1.57903 	0.000462166 	-0.100198 	0.00422898 	
0.545	2.06134 	-0.0863523 	-1.57891 	0.000451695 	-0.100229 	0.00422429 	
0.55	2.06003 	-0.0850704 	-1.5814 	0.000513536 	-0.100261 	0.00421407 	
0.555	2.06085 	-0.0852976 	-1.58147 	0.000500433 	-0.100303 	0.00420883 	
0.56	2.06155 	-0.085522 	-1.58143 	0.000487317 	-0.100342 	0.00420325 	
0.565	2.06211 	-0.0857194 	-1.5813 	0.000475548 	-0.100374 	0.00419794 	
0.57	2.06264 	-0.0859014 	-1.58117 	0.000464614 	-0.100405 	0.00419296 	
0.575	2.06125 	-0.0845758 	-1.58375 	0.000528951 	-0.100439 	0.00418275 	
0.58	2.06211 	-0.0848124 	-1.58381 	0.000515252 	-0.100482 	0.00417722 	
0.585	2.06282 	-0.0850458 	-1.58376 	0.000501549 	-0.100521 	0.00417131 	
0.59	2.06339 	-0.0852509 	-1.58363 	0.00048926 	-0.100555 	0.00416569 	
0.595	2.06393 	-0.0854401 	-1.58348 	0.000477846 	-0.100586 	0.00416041 	
0.6	2.06249 	-0.0840734 	-1.58615 	0.000544612 	-0.100621 	0.00415028 	
0.605	2.06337 	-0.0843197 	-1.58621 	0.000530302 	-0.100666 	0.00414444 	
0.61	2.06411 	-0.0845624 	-1.58616 	0.000515999 	-0.100706 	0.0041382 	
0.615	2.06469 	-0.0847757 	-1.58601 	0.00050318 	-0.10074 	0.00413226 	
0.62	2.06358 	-0.0836751 	-1.58823 	0.000556793 	-0.100776 	0.00412274 	
0.625	2.06442 	-0.0839274 	-1.58824 	0.000542007 	-0.10082 	0.00411647 	
0.63	2.06514 	-0.0841743 	-1.58815 	0.000527377 	-0.10086 	0.00410995 	
0.635	2.06574 	-0.0843936 	-1.58799 	0.000514161 	-0.100895 	0.00410377 	
0.64	2.06463 	-0.0832979 	-1.59023 	0.000567799 	-0.100932 	0.00409441 	
0.645	2.06548 	-0.083556 	-1.59023 	0.000552636 	-0.100976 	0.00408792 	
0.65	2.06622 	-0.0838082 	-1.59014 	0.000537648 	-0.101017 	0.00408118 	
0.655	2.06683 	-0.0840323 	-1.58997 	0.000524106 	-0.101053 	0.00407479 	
0.66	2.06569 	-0.0829171 	-1.59226 	0.000579035 	-0.10109 	0.00406556 	
0.665	2.06656 	-0.0831812 	-1.59226 	0.00056348 	-0.101136 	0.00405886 	
0.67	2.06732 	-0.0834393 	-1.59216 	0.000548107 	-0.101178 	0.00405189 	
0.675	2.06794 	-0.0836685 	-1.59199 	0.000534222 	-0.101214 	0.00404528 	
0.68	2.06677 	-0.082533 	-1.59433 	0.000590515 	-0.101252 	0.00403622 	
0.685	2.06766 	-0.0828035 	-1.59433 	0.000574549 	-0.101299 	0.0040293 	
0.69	2.06844 	-0.0830678 	-1.59424 	0.000558772 	-0.101342 	0.00402209 	
0.695	2.06907 	-0.0833024 	-1.59406 	0.000544527 	-0.101379 	0.00401524 	
0.7	2.06787 	-0.0821478 	-1.59645 	0.000602144 	-0.101418 	0.00400637 	
0.705	2.06879 	-0.082425 	-1.59646 	0.000585751 	-0.101466 	0.00399921 	
0.71	2.06958 	-0.0826957 	-1.59636 	0.000569556 	-0.101509 	0.00399175 	
0.715	2.07022 	-0.082936 	-1.59618 	0.000554938 	-0.101547 	0.00398467 	
0.72	2.06899 	-0.0817637 	-1.59862 	0.000613833 	-0.101587 	0.00397601 	
0.725	2.06993 	-0.0820477 	-1.59862 	0.000597004 	-0.101636 	0.00396861 	
0.73	2.07074 	-0.0823251 	-1.59852 	0.000580383 	-0.101681 	0.00396089 	
0.735	2.0714 	-0.082571 	-1.59834 	0.000565385 	-0.101719 	0.00395356 	
0.74	2.07014 	-0.0813826 	-1.60083 	0.00062551 	-0.10176 	0.00394514 	
0.745	2.0711 	-0.0816735 	-1.60084 	0.00060824 	-0.10181 	0.0039375 	
0.75	2.07193 	-0.0819574 	-1.60074 	0.000591188 	-0.101855 	0.00392952 	
0.755	2.0726 	-0.0822092 	-1.60054 	0.000575805 	-0.101895 	0.00392193 	
0.76	2.07132 	-0.0810059 	-1.60309 	0.000637118 	-0.101936 	0.00391378 	
0.765	2.0723 	-0.0813037 	-1.6031 	0.000619404 	-0.101987 	0.0039059 	
0.77	2.07314 	-0.0815943 	-1.60299 	0.000601919 	-0.102034 	0.00389765 	
0.775	2.07382 	-0.0818518 	-1.60279 	0.000586149 	-0.102074 	0.0038898 	
0.78	2.07251 	-0.0806351 	-1.60539 	0.000648608 	-0.102116 	0.00388195 	
0.785	2.07352 	-0.0809397 	-1.6054 	0.00063045 	-0.102168 	0.00387382 	
0.79	2.07438 	-0.0812369 	-1.60529 	0.000612532 	-0.102215 	0.00386529 	
0.795	2.07507 	-0.0815002 	-1.60509 	0.000596376 	-0.102256 	0.00385719 	
0.8	2.07374 	-0.0802714 	-1.60773 	0.000659938 	-0.102299 	0.00384967 	
0.805	2.07476 	-0.0805828 	-1.60774 	0.000641339 	-0.102352 	0.00384128 	
0.81	2.07564 	-0.0808865 	-1.60763 	0.00062299 	-0.1024 	0.00383248 	
0.815	2.07634 	-0.0811556 	-1.60742 	0.000606448 	-0.102442 	0.00382411 	
0.82	2.07498 	-0.0799158 	-1.61011 	0.000671073 	-0.102485 	0.00381696 	
0.825	2.07603 	-0.080234 	-1.61012 	0.000652036 	-0.102539 	0.00380831 	
0.83	2.07692 	-0.0805441 	-1.61001 	0.000633258 	-0.102589 	0.00379924 	
0.835	2.07764 	-0.0808189 	-1.60979 	0.000616334 	-0.102631 	0.0037906 	
0.84	2.07625 	-0.0795695 	-1.61252 	0.000681981 	-0.102675 	0.00378384 	
0.845	2.07732 	-0.0798943 	-1.61254 	0.000662509 	-0.10273 	0.00377494 	
0.85	2.07822 	-0.0802108 	-1.61242 	0.000643308 	-0.10278 	0.00376559 	
0.855	2.07895 	-0.0804911 	-1.61221 	0.000626004 	-0.102823 	0.00375669 	
0.86	2.07754 	-0.0792334 	-1.61498 	0.000692633 	-0.102867 	0.00375034 	
0.865	2.07863 	-0.0795646 	-1.61499 	0.000672732 	-0.102924 	0.00374118 	
0.87	2.07955 	-0.0798873 	-1.61488 	0.000653111 	-0.102974 	0.00373155 	
0.875	2.08029 	-0.0801731 	-1.61466 	0.000635432 	-0.103018 	0.00372239 	
0.88	2.07886 	-0.0789083 	-1.61747 	0.000703002 	-0.103063 	0.00371649 	
0.885	2.07996 	-0.0792459 	-1.61748 	0.000682677 	-0.10312 	0.00370708 	
0.89	2.08089 	-0.0795747 	-1.61737 	0.000662643 	-0.103172 	0.00369717 	
0.895	2.07996 	-0.0786742 	-1.61951 	0.000710533 	-0.103218 	0.00369029 	
0.9	2.08098 	-0.0790152 	-1.61945 	0.000689845 	-0.103273 	0.00368029 	
0.905	2.08188 	-0.0793447 	-1.6193 	0.000669674 	-0.103323 	0.00367011 	
0.91	2.08264 	-0.0796398 	-1.61908 	0.000651354 	-0.103368 	0.00366049 	
0.915	2.08122 	-0.0783999 	-1.62188 	0.000718558 	-0.103414 	0.00365536 	
0.92	2.08234 	-0.0787458 	-1.6219 	0.000697638 	-0.103473 	0.00364554 	
0.925	2.08329 	-0.0790824 	-1.62178 	0.000677038 	-0.103525 	0.00363521 	
0.93	2.08234 	-0.07818 	-1.62397 	0.00072582 	-0.103572 	0.00362895 	
0.935	2.08339 	-0.0785295 	-1.62391 	0.000704534 	-0.103628 	0.00361854 	
0.94	2.08431 	-0.0788671 	-1.62375 	0.000683783 	-0.10368 	0.00360793 	
0.945	2.08339 	-0.077996 	-1.6259 	0.000731153 	-0.103728 	0.00360182 	
0.95	2.08444 	-0.0783478 	-1.62584 	0.000709674 	-0.103784 	0.00359124 	
0.955	2.08536 	-0.0786875 	-1.62568 	0.000688755 	-0.103835 	0.00358049 	
0.96	2.08444 	-0.0778179 	-1.62784 	0.000736393 	-0.103884 	0.00357468 	
0.965	2.0855 	-0.0781722 	-1.62778 	0.000714724 	-0.10394 	0.00356396 	
0.97	2.08643 	-0.0785141 	-1.62762 	0.00069362 	-0.103992 	0.00355306 	
0.975	2.0855 	-0.0776439 	-1.6298 	0.000741661 	-0.104041 	0.00354758 	
0.98	2.08656 	-0.0780008 	-1.62973 	0.00071979 	-0.104098 	0.00353671 	
0.985	2.0875 	-0.0783454 	-1.62958 	0.000698486 	-0.10415 	0.00352564 	
0.99	2.08656 	-0.0774749 	-1.63177 	0.000746914 	-0.104199 	0.00352049 	
0.995	2.08763 	-0.0778347 	-1.63171 	0.000724829 	-0.104256 	0.00350946 	
1	2.08858 	-0.078182 	-1.63155 	0.000703316 	-0.104308 	0.00349824 	
1.005	2.08763 	-0.077312 	-1.63377 	0.000752101 	-0.104358 	0.00349341 	
1.01	2.08871 	-0.0776747 	-1.63371 	0.000729794 	-0.104415 	0.00348222 	
1.015	2.08966 	-0.0780249 	-1.63355 	0.000708064 	-0.104468 	0.00347083 	
1.02	2.08871 	-0.077156 	-1.63578 	0.000757178 	-0.104518 	0.00346633 	
1.025	2.0898 	-0.0775217 	-1.63571 	0.000734645 	-0.104576 	0.00345498 	
1.03	2.09075 	-0.0778748 	-1.63556 	0.000712694 	-0.104629 	0.00344341 	
1.035	2.08979 	-0.0770076 	-1.6378 	0.00076211 	-0.104679 	0.00343925 	
1.04	2.09089 	-0.0773764 	-1.63774 	0.000739348 	-0.104737 	0.00342773 	
1.045	2.09185 	-0.0777324 	-1.63758 	0.000717174 	-0.10479 	0.00341598 	
1.05	2.09088 	-0.0768674 	-1.63983 	0.000766867 	-0.10484 	0.00341216 	
1.055	2.09198 	-0.0772393 	-1.63977 	0.000743874 	-0.104899 	0.00340047 	
1.06	2.09295 	-0.0775982 	-1.63962 	0.000721476 	-0.104953 	0.00338855 	
1.065	2.09198 	-0.076736 	-1.64188 	0.000771424 	-0.105003 	0.00338507 	
1.07	2.09308 	-0.0771109 	-1.64182 	0.000748201 	-0.105062 	0.00337321 	
1.075	2.09406 	-0.0774728 	-1.64166 	0.00072558 	-0.105116 	0.00336111 	
1.08	2.09308 	-0.0766139 	-1.64394 	0.000775759 	-0.105166 	0.00335799 	
1.085	2.09419 	-0.0769918 	-1.64388 	0.000752308 	-0.105226 	0.00334595 	
1.09	2.09517 	-0.0773565 	-1.64372 	0.000729465 	-0.10528 	0.00333367 	
1.095	2.09418 	-0.0765014 	-1.64601 	0.000779854 	-0.105331 	0.00333091 	
1.1	2.0953 	-0.0768822 	-1.64595 	0.000756177 	-0.10539 	0.00331871 	
1.105	2.09628 	-0.0772497 	-1.64579 	0.000733115 	-0.105444 	0.00330625 	
1.11	2.09529 	-0.0763989 	-1.64809 	0.000783693 	-0.105495 	0.00330385 	
1.115	2.09641 	-0.0767826 	-1.64803 	0.000759794 	-0.105555 	0.00329148 	
1.12	2.0974 	-0.0771528 	-1.64787 	0.000736517 	-0.10561 	0.00327884 	
1.125	2.0964 	-0.0763067 	-1.65018 	0.000787263 	-0.105661 	0.00327682 	
1.13	2.09753 	-0.0766931 	-1.65012 	0.000763146 	-0.105721 	0.00326427 	
1.135	2.09852 	-0.0770661 	-1.64995 	0.000739657 	-0.105776 	0.00325147 	
1.14	2.09752 	-0.076225 	-1.65227 	0.000790552 	-0.105827 	0.00324981 	
1.145	2.09865 	-0.0766142 	-1.65221 	0.000766221 	-0.105887 	0.0032371 	
1.15	2.09964 	-0.0769897 	-1.65205 	0.000742525 	-0.105942 	0.00322412 	
1.155	2.09863 	-0.0761542 	-1.65437 	0.000793549 	-0.105993 	0.00322285 	
1.16	2.09977 	-0.0765459 	-1.65431 	0.00076901 	-0.106054 	0.00320997 	
1.165	2.10077 	-0.0769239 	-1.65415 	0.000745112 	-0.106109 	0.00319683 	
1.17	2.09975 	-0.0760943 	-1.65648 	0.000796244 	-0.10616 	0.00319594 	
1.175	2.10089 	-0.0764885 	-1.65642 	0.000771503 	-0.106221 	0.0031829 	
1.18	2.10189 	-0.0768689 	-1.65625 	0.000747409 	-0.106276 	0.00316959 	
1.185	2.10088 	-0.0760456 	-1.65859 	0.00079863 	-0.106327 	0.00316909 	
1.19	2.10202 	-0.0764422 	-1.65853 	0.000773693 	-0.106388 	0.00315589 	
1.195	2.10302 	-0.0768249 	-1.65836 	0.000749409 	-0.106443 	0.00314242 	
1.2	2.102 	-0.0760083 	-1.6607 	0.000800699 	-0.106495 	0.00314231 	
1.205	2.10314 	-0.0764072 	-1.66064 	0.000775572 	-0.106556 	0.00312896 	
1.21	2.10415 	-0.076792 	-1.66047 	0.000751104 	-0.106611 	0.00311532 	
1.215	2.10312 	-0.0759825 	-1.66282 	0.000802445 	-0.106663 	0.00311561 	
1.22	2.10427 	-0.0763835 	-1.66276 	0.000777134 	-0.106723 	0.00310211 	
1.225	2.10528 	-0.0767704 	-1.66259 	0.000752488 	-0.106779 	0.00308832 	
1.23	2.10425 	-0.0759682 	-1.66494 	0.000803861 	-0.10683 	0.003089 	
1.235	2.10539 	-0.0763713 	-1.66487 	0.000778374 	-0.106891 	0.00307535 	
1.24	2.1064 	-0.0767601 	-1.66471 	0.000753557 	-0.106947 	0.00306141 	
1.245	2.10537 	-0.0759657 	-1.66706 	0.000804942 	-0.106999 	0.0030625 	
1.25	2.10652 	-0.0763706 	-1.66699 	0.000779286 	-0.10706 	0.0030487 	
1.255	2.10753 	-0.0767612 	-1.66683 	0.000754305 	-0.107115 	0.00303461 	
1.26	2.10649 	-0.0759749 	-1.66918 	0.000805683 	-0.107167 	0.0030361 	
1.265	2.10764 	-0.0763816 	-1.66911 	0.000779865 	-0.107228 	0.00302217 	
1.27	2.10865 	-0.0767739 	-1.66894 	0.000754727 	-0.107283 	0.00300794 	
1.275	2.10762 	-0.0759959 	-1.67129 	0.000806079 	-0.107335 	0.00300983 	
1.28	2.10877 	-0.0764042 	-1.67123 	0.000780108 	-0.107396 	0.00299576 	
1.285	2.10978 	-0.0767981 	-1.67106 	0.000754821 	-0.107451 	0.00298139 	
1.29	2.10874 	-0.0760288 	-1.67341 	0.000806128 	-0.107503 	0.00298369 	
1.295	2.10989 	-0.0764386 	-1.67335 	0.000780011 	-0.107564 	0.00296949 	
1.3	2.1109 	-0.076834 	-1.67318 	0.000754583 	-0.107619 	0.00295498 	
1.305	2.10986 	-0.0760736 	-1.67553 	0.000805826 	-0.107671 	0.00295769 	
1.31	2.111 	-0.0764848 	-1.67547 	0.00077957 	-0.107732 	0.00294336 	
1.315	2.11201 	-0.0768815 	-1.6753 	0.000754008 	-0.107787 	0.00292873 	
1.32	2.11097 	-0.0761303 	-1.67764 	0.000805169 	-0.107838 	0.00293184 	
1.325	2.11212 	-0.0765427 	-1.67758 	0.000778784 	-0.107899 	0.00291739 	
1.33	2.11313 	-0.0769406 	-1.67741 	0.000753096 	-0.107954 	0.00290263 	
1.335	2.11209 	-0.0761989 	-1.67975 	0.000804155 	-0.108006 	0.00290615 	
1.34	2.11323 	-0.0766124 	-1.67969 	0.000777649 	-0.108066 	0.00289158 	
1.345	2.11424 	-0.0770113 	-1.67951 	0.000751845 	-0.108122 	0.0028767 	
1.35	2.1132 	-0.0762794 	-1.68185 	0.000802783 	-0.108173 	0.00288062 	
1.355	2.11434 	-0.0766939 	-1.68179 	0.000776164 	-0.108233 	0.00286594 	
1.36	2.11535 	-0.0770937 	-1.68162 	0.000750251 	-0.108288 	0.00285095 	
1.365	2.11431 	-0.0763717 	-1.68395 	0.00080105 	-0.10834 	0.00285528 	
1.37	2.11545 	-0.076787 	-1.68389 	0.000774328 	-0.1084 	0.00284049 	
1.375	2.11645 	-0.0771876 	-1.68371 	0.000748315 	-0.108455 	0.00282539 	
1.38	2.11541 	-0.0764758 	-1.68604 	0.000798955 	-0.108506 	0.00283011 	
1.385	2.11655 	-0.0768918 	-1.68598 	0.000772139 	-0.108566 	0.00281522 	
1.39	2.11755 	-0.077293 	-1.68581 	0.000746035 	-0.108621 	0.00280003 	
1.395	2.11651 	-0.0765916 	-1.68813 	0.000796499 	-0.108672 	0.00280514 	
1.4	2.11764 	-0.0770081 	-1.68806 	0.000769597 	-0.108732 	0.00279016 	
1.405	2.11864 	-0.0774098 	-1.68789 	0.000743411 	-0.108786 	0.00277487 	
1.41	2.1176 	-0.076719 	-1.6902 	0.000793679 	-0.108837 	0.00278037 	
1.415	2.11873 	-0.0771359 	-1.69014 	0.000766702 	-0.108897 	0.0027653 	
1.42	2.11973 	-0.077538 	-1.68996 	0.000740442 	-0.108951 	0.00274992 	
1.425	2.11869 	-0.076858 	-1.69227 	0.000790497 	-0.109001 	0.00275581 	
1.43	2.11982 	-0.0772751 	-1.6922 	0.000763454 	-0.109061 	0.00274065 	
1.435	2.12081 	-0.0776774 	-1.69203 	0.00073713 	-0.109115 	0.00272519 	
1.44	2.11978 	-0.0770084 	-1.69433 	0.000786953 	-0.109165 	0.00273146 	
1.445	2.1209 	-0.0774256 	-1.69426 	0.000759853 	-0.109224 	0.00271623 	
1.45	2.12188 	-0.0778279 	-1.69409 	0.000733475 	-0.109278 	0.00270069 	
1.455	2.12085 	-0.0771701 	-1.69637 	0.000783047 	-0.109328 	0.00270734 	
1.46	2.12197 	-0.0775872 	-1.6963 	0.000755902 	-0.109387 	0.00269203 	
1.465	2.12295 	-0.0779894 	-1.69613 	0.000729479 	-0.109441 	0.00267642 	
1.47	2.12192 	-0.0773429 	-1.69841 	0.000778782 	-0.109491 	0.00268344 	
1.475	2.12303 	-0.0777598 	-1.69834 	0.0007516 	-0.109549 	0.00266807 	
1.48	2.12401 	-0.0781618 	-1.69817 	0.000725142 	-0.109603 	0.0026524 	
1.485	2.12299 	-0.0775267 	-1.70043 	0.000774158 	-0.109652 	0.00265978 	
1.49	2.12409 	-0.0779432 	-1.70036 	0.00074695 	-0.10971 	0.00264435 	
1.495	2.12507 	-0.0783448 	-1.70019 	0.000720467 	-0.109763 	0.00262862 	
1.5	2.12405 	-0.0777213 	-1.70244 	0.000769178 	-0.109813 	0.00263636 	
1.505	2.12514 	-0.0781372 	-1.70237 	0.000741954 	-0.109871 	0.00262088 	
1.51	2.12611 	-0.0785383 	-1.7022 	0.000715457 	-0.109923 	0.0026051 	
1.515	2.1251 	-0.0779265 	-1.70443 	0.000763844 	-0.109972 	0.00261318 	
1.52	2.12619 	-0.0783417 	-1.70437 	0.000736616 	-0.11003 	0.00259765 	
1.525	2.12715 	-0.0787421 	-1.70419 	0.000710113 	-0.110082 	0.00258184 	
1.53	2.12614 	-0.0781421 	-1.70642 	0.00075816 	-0.110131 	0.00259026 	
1.535	2.12722 	-0.0785565 	-1.70635 	0.000730937 	-0.110188 	0.00257469 	
1.54	2.12818 	-0.0789561 	-1.70618 	0.00070444 	-0.11024 	0.00255885 	
1.545	2.12718 	-0.0783679 	-1.70838 	0.000752129 	-0.110288 	0.00256759 	
1.55	2.12825 	-0.0787813 	-1.70831 	0.000724922 	-0.110345 	0.00255199 	
1.555	2.1292 	-0.0791799 	-1.70814 	0.000698442 	-0.110397 	0.00253612 	
1.56	2.1282 	-0.0786037 	-1.71033 	0.000745754 	-0.110444 	0.00254518 	
1.565	2.12927 	-0.0790159 	-1.71026 	0.000718574 	-0.110501 	0.00252956 	
1.57	2.13021 	-0.0794134 	-1.71009 	0.000692121 	-0.110552 	0.00251367 	
1.575	2.12922 	-0.0788492 	-1.71226 	0.000739039 	-0.110599 	0.00252304 	
1.58	2.13028 	-0.0792601 	-1.71219 	0.000711898 	-0.110655 	0.0025074 	
1.585	2.13121 	-0.0796562 	-1.71202 	0.000685483 	-0.110706 	0.0024915 	
1.59	2.13023 	-0.0791041 	-1.71418 	0.00073199 	-0.110753 	0.00250117 	
1.595	2.13128 	-0.0795135 	-1.71411 	0.000704899 	-0.110809 	0.00248552 	
1.6	2.13221 	-0.0799083 	-1.71394 	0.000678532 	-0.110859 	0.00246961 	
1.605	2.13123 	-0.0793683 	-1.71608 	0.000724612 	-0.110906 	0.00247956 	
1.61	2.13227 	-0.079776 	-1.716 	0.000697581 	-0.110961 	0.00246392 	
1.615	2.13319 	-0.0801692 	-1.71584 	0.000671274 	-0.111011 	0.00244802 	
1.62	2.13222 	-0.0796414 	-1.71796 	0.000716908 	-0.111057 	0.00245824 	
1.625	2.13325 	-0.0800473 	-1.71788 	0.00068995 	-0.111112 	0.0024426 	
1.63	2.13417 	-0.0804387 	-1.71771 	0.000663714 	-0.111161 	0.00242671 	
1.635	2.13495 	-0.0807888 	-1.71747 	0.000639916 	-0.111205 	0.00241176 	
1.64	2.13343 	-0.0799883 	-1.72027 	0.000707419 	-0.11125 	0.00243103 	
1.645	2.13454 	-0.0803928 	-1.72028 	0.000680668 	-0.111307 	0.00241611 	
1.65	2.13548 	-0.0807866 	-1.72015 	0.000654299 	-0.111358 	0.00240035 	
1.655	2.13448 	-0.080262 	-1.72229 	0.000700882 	-0.111403 	0.00241189 	
1.66	2.13549 	-0.0806665 	-1.72222 	0.000673928 	-0.111456 	0.00239619 	
1.665	2.13639 	-0.0810568 	-1.72205 	0.000647669 	-0.111505 	0.00238022 	
1.67	2.13716 	-0.0814058 	-1.72181 	0.000623862 	-0.111548 	0.00236519 	
1.675	2.13567 	-0.0806441 	-1.72455 	0.000689833 	-0.111592 	0.00238509 	
1.68	2.13675 	-0.0810459 	-1.72456 	0.000663152 	-0.111648 	0.0023701 	
1.685	2.13767 	-0.0814372 	-1.72442 	0.000636855 	-0.111697 	0.00235429 	
1.69	2.13842 	-0.0817837 	-1.72418 	0.000613162 	-0.111739 	0.00233928 	
1.695	2.13691 	-0.0810216 	-1.72694 	0.000680035 	-0.111782 	0.00236023 	
1.7	2.13798 	-0.0814226 	-1.72695 	0.000653365 	-0.111838 	0.00234523 	
1.705	2.13889 	-0.0818133 	-1.72682 	0.000627058 	-0.111887 	0.00232938 	
1.71	2.13964 	-0.0821591 	-1.72657 	0.000603365 	-0.111928 	0.00231433 	
1.715	2.13814 	-0.0814197 	-1.72929 	0.000669267 	-0.111971 	0.00233555 	
1.72	2.13919 	-0.0818191 	-1.7293 	0.000642649 	-0.112025 	0.00232052 	
1.725	2.14009 	-0.0822081 	-1.72917 	0.000616398 	-0.112074 	0.00230465 	
1.73	2.14083 	-0.0825527 	-1.72892 	0.000592751 	-0.112115 	0.0022896 	
1.735	2.13935 	-0.0818376 	-1.7316 	0.000657488 	-0.112157 	0.00231102 	
1.74	2.14039 	-0.0822344 	-1.7316 	0.000630981 	-0.11221 	0.00229597 	
1.745	2.14127 	-0.082621 	-1.73147 	0.000604844 	-0.112258 	0.00228013 	
1.75	2.142 	-0.0829634 	-1.73123 	0.000581293 	-0.112298 	0.00226511 	
1.755	2.14055 	-0.0822725 	-1.73386 	0.000644833 	-0.112339 	0.00228669 	
1.76	2.14156 	-0.082666 	-1.73385 	0.000618488 	-0.112392 	0.00227168 	
1.765	2.14244 	-0.0830494 	-1.73372 	0.000592513 	-0.112439 	0.0022559 	
1.77	2.14315 	-0.0833891 	-1.73348 	0.000569104 	-0.112479 	0.00224095 	
1.775	2.14173 	-0.0827219 	-1.73606 	0.000631426 	-0.112519 	0.00226266 	
1.78	2.14272 	-0.0831115 	-1.73606 	0.000605286 	-0.112571 	0.00224771 	
1.785	2.14358 	-0.0834911 	-1.73593 	0.000579516 	-0.112617 	0.00223202 	
1.79	2.14428 	-0.0838276 	-1.73569 	0.000556286 	-0.112656 	0.00221716 	
1.795	2.14288 	-0.0831837 	-1.73822 	0.000617365 	-0.112696 	0.00223898 	
1.8	2.14386 	-0.0835689 	-1.73821 	0.000591468 	-0.112747 	0.00222411 	
1.805	2.1447 	-0.0839441 	-1.73808 	0.000565939 	-0.112792 	0.00220853 	
1.81	2.14539 	-0.0842769 	-1.73785 	0.000542922 	-0.11283 	0.0021938 	
1.815	2.14402 	-0.0836562 	-1.74033 	0.000602729 	-0.112869 	0.00221568 	
1.82	2.14497 	-0.0840364 	-1.74032 	0.00057711 	-0.112919 	0.00220093 	
1.825	2.1458 	-0.0844069 	-1.74018 	0.000551855 	-0.112963 	0.00218549 	
1.83	2.14648 	-0.0847355 	-1.73996 	0.000529081 	-0.113001 	0.00217089 	
1.835	2.14514 	-0.0841376 	-1.74238 	0.000587584 	-0.113039 	0.00219281 	
1.84	2.14607 	-0.0845125 	-1.74237 	0.000562273 	-0.113088 	0.00217818 	
1.845	2.14688 	-0.0848777 	-1.74224 	0.000537323 	-0.113131 	0.0021629 	
1.85	2.14755 	-0.0852019 	-1.74202 	0.000514818 	-0.113168 	0.00214847 	
1.855	2.14623 	-0.0846266 	-1.74439 	0.000571986 	-0.113206 	0.00217037 	
1.86	2.14714 	-0.0849957 	-1.74437 	0.000547012 	-0.113253 	0.00215589 	
1.865	2.14793 	-0.0853554 	-1.74424 	0.000522394 	-0.113295 	0.00214079 	
1.87	2.14859 	-0.0856748 	-1.74402 	0.000500185 	-0.113332 	0.00212654 	
1.875	2.14731 	-0.0851218 	-1.74634 	0.000555983 	-0.113368 	0.00214839 	
1.88	2.14819 	-0.0854847 	-1.74632 	0.000531373 	-0.113415 	0.00213408 	
1.885	2.14897 	-0.0858385 	-1.74619 	0.000507112 	-0.113456 	0.00211917 	
1.89	2.14961 	-0.0861528 	-1.74598 	0.000485223 	-0.113492 	0.00210512 	
1.895	2.14836 	-0.0856219 	-1.74824 	0.000539617 	-0.113528 	0.00212687 	
1.9	2.14922 	-0.0859784 	-1.74821 	0.000515396 	-0.113573 	0.00211274 	
1.905	2.14998 	-0.086326 	-1.74809 	0.000491519 	-0.113613 	0.00209805 	
1.91	2.15061 	-0.0866348 	-1.74788 	0.000469971 	-0.113648 	0.00208422 	
1.915	2.14939 	-0.0861258 	-1.75008 	0.000522927 	-0.113683 	0.00210582 	
1.92	2.15023 	-0.0864755 	-1.75006 	0.00049912 	-0.113727 	0.00209189 	
1.925	2.15097 	-0.0868165 	-1.74993 	0.000475651 	-0.113766 	0.00207743 	
1.93	2.15159 	-0.0871196 	-1.74973 	0.000454466 	-0.1138 	0.00206383 	
1.935	2.1504 	-0.0866322 	-1.75187 	0.000505951 	-0.113835 	0.00208523 	
1.94	2.15122 	-0.0869748 	-1.75184 	0.00048258 	-0.113877 	0.00207152 	
1.945	2.15194 	-0.087309 	-1.75172 	0.000459542 	-0.113916 	0.00205731 	
1.95	2.15254 	-0.0876062 	-1.75153 	0.000438742 	-0.113949 	0.00204395 	
1.955	2.1531 	-0.0878785 	-1.75133 	0.000419563 	-0.11398 	0.00203155 	
1.96	2.15155 	-0.0872284 	-1.75391 	0.000486236 	-0.114013 	0.00206112 	
1.965	2.1524 	-0.0875633 	-1.75394 	0.000463483 	-0.114057 	0.00204823 	
1.97	2.15312 	-0.0878931 	-1.75385 	0.000440775 	-0.114095 	0.00203439 	
1.975	2.1537 	-0.0881837 	-1.75366 	0.000420394 	-0.114127 	0.00202127 	
1.98	2.15425 	-0.0884502 	-1.75346 	0.000401602 	-0.114157 	0.0020091 	
1.985	2.15271 	-0.0878187 	-1.756 	0.000467283 	-0.114189 	0.00203884 	
1.99	2.15354 	-0.088147 	-1.75603 	0.000444946 	-0.114231 	0.00202614 	
1.995	2.15424 	-0.0884705 	-1.75594 	0.000422636 	-0.114268 	0.00201252 	
2	2.15481 	-0.0887557 	-1.75575 	0.000402611 	-0.1143 	0.00199962 	
2.005	2.15534 	-0.0890171 	-1.75556 	0.000384148 	-0.114329 	0.00198766 	
2.01	2.15386 	-0.0884211 	-1.758 	0.0004472 	-0.114359 	0.0020167 	
2.015	2.15465 	-0.0887414 	-1.75802 	0.000425359 	-0.1144 	0.00200421 	
2.02	2.15533 	-0.089057 	-1.75794 	0.00040355 	-0.114436 	0.00199086 	
2.025	2.15587 	-0.0893356 	-1.75775 	0.000383964 	-0.114466 	0.00197824 	
2.03	2.15639 	-0.089591 	-1.75757 	0.000365904 	-0.114494 	0.00196653 	
2.035	2.15497 	-0.089031 	-1.75991 	0.00042615 	-0.114524 	0.00199474 	
2.04	2.15573 	-0.089342 	-1.75992 	0.00040489 	-0.114563 	0.00198251 	
2.045	2.15638 	-0.0896486 	-1.75983 	0.000383667 	-0.114597 	0.00196948 	
2.05	2.15691 	-0.0899195 	-1.75966 	0.000364596 	-0.114626 	0.0019572 	
2.055	2.15741 	-0.0901679 	-1.75948 	0.000347011 	-0.114654 	0.0019458 	
2.06	2.15606 	-0.0896431 	-1.76171 	0.000404409 	-0.114682 	0.00197311 	
2.065	2.15678 	-0.0899438 	-1.76172 	0.0003838 	-0.114719 	0.00196118 	
2.07	2.1574 	-0.0902404 	-1.76163 	0.000363232 	-0.114752 	0.00194853 	
2.075	2.15791 	-0.0905028 	-1.76147 	0.000344739 	-0.11478 	0.00193663 	
2.08	2.15839 	-0.0907434 	-1.7613 	0.000327687 	-0.114807 	0.00192558 	
2.085	2.15884 	-0.0909638 	-1.76113 	0.00031197 	-0.114831 	0.00191533 	
2.09	2.15724 	-0.0903322 	-1.76365 	0.000379875 	-0.114858 	0.00194883 	
2.095	2.15797 	-0.0906217 	-1.7637 	0.000360117 	-0.114895 	0.00193774 	
2.1	2.15858 	-0.0909097 	-1.76364 	0.000340169 	-0.114927 	0.0019256 	
2.105	2.15907 	-0.0911625 	-1.76348 	0.000322324 	-0.114954 	0.0019141 	
2.11	2.15952 	-0.0913944 	-1.76332 	0.000305869 	-0.114979 	0.00190343 	
2.115	2.15995 	-0.0916069 	-1.76316 	0.000290701 	-0.115003 	0.00189354 	
2.12	2.15842 	-0.0910133 	-1.76556 	0.000355504 	-0.115028 	0.00192604 	
2.125	2.1591 	-0.0912913 	-1.76561 	0.000336487 	-0.115063 	0.00191528 	
2.13	2.15969 	-0.0915682 	-1.76555 	0.000317279 	-0.115093 	0.00190356 	
2.135	2.16015 	-0.0918116 	-1.7654 	0.000300086 	-0.115119 	0.00189249 	
2.14	2.16059 	-0.0920349 	-1.76525 	0.000284231 	-0.115143 	0.00188222 	
2.145	2.161 	-0.0922395 	-1.76509 	0.000269615 	-0.115165 	0.00187269 	
2.15	2.15957 	-0.0916964 	-1.76734 	0.00032993 	-0.115189 	0.00190337 	
2.155	2.1602 	-0.0919611 	-1.76737 	0.000311772 	-0.115221 	0.00189299 	
2.16	2.16075 	-0.0922249 	-1.76731 	0.000293441 	-0.11525 	0.00188178 	
2.165	2.16119 	-0.0924573 	-1.76717 	0.000277014 	-0.115274 	0.00187121 	
2.17	2.1616 	-0.0926705 	-1.76703 	0.000261865 	-0.115297 	0.00186141 	
2.175	2.16199 	-0.092866 	-1.76689 	0.000247898 	-0.115318 	0.00185231 	
2.18	2.16236 	-0.093045 	-1.76674 	0.000235028 	-0.115338 	0.00184388 	
2.185	2.16078 	-0.0924424 	-1.76914 	0.000301388 	-0.11536 	0.00187849 	
2.19	2.1614 	-0.0926918 	-1.7692 	0.000284328 	-0.115391 	0.00186897 	
2.195	2.16192 	-0.0929426 	-1.76915 	0.000266922 	-0.115419 	0.00185841 	
2.2	2.16233 	-0.0931622 	-1.76903 	0.000251386 	-0.115441 	0.00184842 	
2.205	2.16272 	-0.0933638 	-1.7689 	0.000237057 	-0.115462 	0.00183915 	
2.21	2.16308 	-0.0935487 	-1.76877 	0.000223845 	-0.115482 	0.00183056 	
2.215	2.16342 	-0.0937181 	-1.76863 	0.000211667 	-0.115501 	0.00182259 	
2.22	2.16197 	-0.0931745 	-1.77083 	0.000272494 	-0.115521 	0.00185474 	
2.225	2.16253 	-0.0934074 	-1.77088 	0.000256511 	-0.115549 	0.00184571 	
2.23	2.16302 	-0.093642 	-1.77084 	0.000240206 	-0.115574 	0.00183578 	
2.235	2.1634 	-0.093848 	-1.77072 	0.000225632 	-0.115595 	0.00182643 	
2.24	2.16376 	-0.0940372 	-1.77061 	0.000212189 	-0.115615 	0.00181775 	
2.245	2.16409 	-0.0942107 	-1.77049 	0.00019979 	-0.115633 	0.00180971 	
2.25	2.16441 	-0.0943698 	-1.77037 	0.000188361 	-0.115651 	0.00180225 	
2.255	2.16471 	-0.0945156 	-1.77025 	0.000177828 	-0.115667 	0.00179533 	
2.26	2.16321 	-0.0939551 	-1.77246 	0.00024038 	-0.115685 	0.00182904 	
2.265	2.16374 	-0.0941685 	-1.77252 	0.000225759 	-0.115711 	0.00182088 	
2.27	2.16418 	-0.0943854 	-1.77249 	0.000210699 	-0.115734 	0.00181176 	
2.275	2.16453 	-0.0945752 	-1.77239 	0.000197275 	-0.115753 	0.00180317 	
2.28	2.16486 	-0.0947496 	-1.77229 	0.000184889 	-0.115771 	0.0017952 	
2.285	2.16516 	-0.0949097 	-1.77219 	0.000173464 	-0.115788 	0.0017878 	
2.29	2.16545 	-0.0950566 	-1.77208 	0.000162927 	-0.115803 	0.00178095 	
2.295	2.16572 	-0.0951912 	-1.77198 	0.000153214 	-0.115818 	0.00177459 	
2.3	2.16597 	-0.0953145 	-1.77187 	0.000144263 	-0.115832 	0.00176869 	
2.305	2.16621 	-0.0954274 	-1.77177 	0.000136017 	-0.115845 	0.00176322 	
2.31	2.16458 	-0.0948107 	-1.77411 	0.000204157 	-0.11586 	0.00180074 	
2.315	2.16506 	-0.0950014 	-1.77419 	0.000191169 	-0.115884 	0.00179374 	
2.32	2.16547 	-0.0951984 	-1.77419 	0.000177542 	-0.115905 	0.0017856 	
2.325	2.16578 	-0.0953695 	-1.7741 	0.000165467 	-0.115922 	0.00177789 	
2.33	2.16606 	-0.0955268 	-1.77402 	0.000154321 	-0.115937 	0.00177074 	
2.335	2.16633 	-0.0956714 	-1.77393 	0.000144034 	-0.115952 	0.00176411 	
2.34	2.16659 	-0.0958042 	-1.77385 	0.000134543 	-0.115966 	0.00175797 	
2.345	2.16682 	-0.0959261 	-1.77376 	0.000125787 	-0.115979 	0.00175227 	
2.35	2.16704 	-0.096038 	-1.77368 	0.000117713 	-0.115991 	0.00174698 	
2.355	2.16725 	-0.0961405 	-1.77359 	0.000110269 	-0.116002 	0.00174208 	
2.36	2.16745 	-0.0962345 	-1.77351 	0.000103407 	-0.116013 	0.00173753 	
2.365	2.16763 	-0.0963205 	-1.77342 	9.70848e-05 	-0.116023 	0.00173332 	
2.37	2.1678 	-0.0963993 	-1.77334 	9.1261e-05 	-0.116033 	0.00172941 	
2.375	2.16613 	-0.0957665 	-1.77567 	0.000160787 	-0.116044 	0.00176841 	
2.38	2.16655 	-0.0959276 	-1.77577 	0.000149903 	-0.116065 	0.00176275 	
2.385	2.1669 	-0.0960974 	-1.77579 	0.000138221 	-0.116083 	0.00175586 	
2.39	2.16715 	-0.096244 	-1.77573 	0.000127929 	-0.116096 	0.00174934 	
2.395	2.16739 	-0.096379 	-1.77567 	0.000118421 	-0.116109 	0.00174329 	
2.4	2.16761 	-0.0965034 	-1.77561 	0.000109638 	-0.116121 	0.00173768 	
2.405	2.16782 	-0.0966178 	-1.77555 	0.000101525 	-0.116132 	0.00173248 	
2.41	2.16801 	-0.0967232 	-1.77549 	9.40332e-05 	-0.116143 	0.00172766 	
2.415	2.16819 	-0.0968201 	-1.77543 	8.71149e-05 	-0.116152 	0.00172319 	
2.42	2.16836 	-0.0969092 	-1.77537 	8.07271e-05 	-0.116162 	0.00171905 	
2.425	2.16852 	-0.0969911 	-1.77531 	7.483e-05 	-0.11617 	0.00171521 	
2.43	2.16867 	-0.0970665 	-1.77526 	6.93862e-05 	-0.116178 	0.00171164 	
2.435	2.16881 	-0.0971358 	-1.7752 	6.43606e-05 	-0.116186 	0.00170834 	
2.44	2.16894 	-0.0971994 	-1.77515 	5.97229e-05 	-0.116193 	0.00170528 	
2.445	2.16906 	-0.0972579 	-1.77509 	5.54425e-05 	-0.1162 	0.00170244 	
2.45	2.16917 	-0.0973116 	-1.77504 	5.14921e-05 	-0.116206 	0.0016998 	
2.455	2.16928 	-0.097361 	-1.77499 	4.7847e-05 	-0.116212 	0.00169736 	
2.46	2.16938 	-0.0974063 	-1.77494 	4.44837e-05 	-0.116217 	0.0016951 	
2.465	2.16947 	-0.0974479 	-1.77489 	4.13804e-05 	-0.116223 	0.001693 	
2.47	2.16956 	-0.0974861 	-1.77485 	3.85167e-05 	-0.116227 	0.00169105 	
2.475	2.16964 	-0.0975212 	-1.7748 	3.5874e-05 	-0.116232 	0.00168925 	
2.48	2.16971 	-0.0975535 	-1.77476 	3.34349e-05 	-0.116236 	0.00168758 	
2.485	2.16978 	-0.0975831 	-1.77472 	3.11833e-05 	-0.11624 	0.00168603 	
2.49	2.16985 	-0.0976104 	-1.77468 	2.91043e-05 	-0.116244 	0.00168459 	
2.495	2.16991 	-0.0976354 	-1.77464 	2.71839e-05 	-0.116248 	0.00168326 	
2.5	2.16997 	-0.0976585 	-1.77461 	2.54095e-05 	-0.116251 	0.00168202 	
2.505	2.17002 	-0.0976798 	-1.77457 	2.37692e-05 	-0.116254 	0.00168087 	
2.51	2.17007 	-0.0976994 	-1.77454 	2.22514e-05 	-0.116257 	0.00167981 	
2.515	2.17012 	-0.0977176 	-1.77451 	2.08455e-05 	-0.116259 	0.00167883 	
2.52	2.17016 	-0.0977345 	-1.77449 	1.95439e-05 	-0.116262 	0.00167792 	
2.525	2.1702 	-0.09775 	-1.77446 	1.83385e-05 	-0.116264 	0.00167707 	
2.53	2.17024 	-0.0977644 	-1.77444 	1.72226e-05 	-0.116266 	0.00167629 	
2.535	2.17028 	-0.0977777 	-1.77442 	1.61916e-05 	-0.116268 	0.00167556 	
2.54	2.17031 	-0.0977899 	-1.7744 	1.52407e-05 	-0.11627 	0.00167489 	
2.545	2.17035 	-0.0978011 	-1.77438 	1.43655e-05 	-0.116272 	0.00167427 	
2.55	2.17038 	-0.0978113 	-1.77436 	1.35621e-05 	-0.116274 	0.00167369 	
2.555	2.17041 	-0.0978205 	-1.77434 	1.28267e-05 	-0.116276 	0.00167316 	
2.56	2.17045 	-0.0978289 	-1.77433 	1.2156e-05 	-0.116277 	0.00167267 	
2.565	2.17048 	-0.0978363 	-1.77431 	1.15468e-05 	-0.116279 	0.00167221 	
2.57	2.17052 	-0.097843 	-1.7743 	1.09963e-05 	-0.116281 	0.00167179 	
2.575	2.16913 	-0.096343 	-1.77621 	0.000116265 	-0.116285 	0.00169982 	
2.58	2.16936 	-0.0964732 	-1.77633 	0.000107997 	-0.116297 	0.00169631 	
2.585	2.16955 	-0.0966283 	-1.77639 	9.81675e-05 	-0.116307 	0.00169141 	
2.59	2.16969 	-0.0967611 	-1.77639 	8.97359e-05 	-0.116314 	0.0016869 	
2.595	2.16982 	-0.0968837 	-1.7764 	8.19435e-05 	-0.11632 	0.00168271 	
2.6	2.16995 	-0.0969969 	-1.7764 	7.47453e-05 	-0.116327 	0.00167884 	
2.605	2.17007 	-0.0971012 	-1.7764 	6.81e-05 	-0.116333 	0.00167525 	
2.61	2.17019 	-0.0971973 	-1.77641 	6.19692e-05 	-0.116339 	0.00167194 	
2.615	2.17031 	-0.0972857 	-1.77641 	5.63161e-05 	-0.116345 	0.00166887 	
2.62	2.17043 	-0.0973671 	-1.77641 	5.11071e-05 	-0.11635 	0.00166603 	
2.625	2.17054 	-0.0974418 	-1.77641 	4.6311e-05 	-0.116356 	0.0016634 	
2.63	2.17066 	-0.0975104 	-1.77641 	4.18993e-05 	-0.116361 	0.00166097 	
2.635	2.17077 	-0.0975732 	-1.77641 	3.78454e-05 	-0.116367 	0.00165873 	
2.64	2.17145 	-0.0945439 	-1.7759 	0.000174723 	-0.116373 	0.00162616 	
2.645	2.17156 	-0.0947562 	-1.7759 	0.000162194 	-0.11638 	0.00162072 	
2.65	2.17163 	-0.0949999 	-1.77588 	0.000147926 	-0.116385 	0.00161465 	
2.655	2.1717 	-0.095212 	-1.77587 	0.000135513 	-0.11639 	0.00160932 	
2.66	2.17178 	-0.0954077 	-1.77585 	0.000124051 	-0.116395 	0.00160439 	
2.665	2.17186 	-0.0955882 	-1.77584 	0.000113471 	-0.1164 	0.00159983 	
2.67	2.17194 	-0.0957544 	-1.77582 	0.000103712 	-0.116404 	0.00159561 	
2.675	2.17203 	-0.0959076 	-1.77581 	9.47142e-05 	-0.116409 	0.00159171 	
2.68	2.17285 	-0.0929207 	-1.77507 	0.000225312 	-0.116415 	0.00155304 	
2.685	2.17294 	-0.093209 	-1.77506 	0.000208754 	-0.116421 	0.00154633 	
2.69	2.17299 	-0.0935216 	-1.77503 	0.000190822 	-0.116426 	0.00153915 	
2.695	2.17304 	-0.093797 	-1.775 	0.000175015 	-0.116431 	0.00153279 	
2.7	2.17309 	-0.0940511 	-1.77497 	0.000160419 	-0.116435 	0.00152689 	
2.705	2.17316 	-0.0942854 	-1.77494 	0.000146948 	-0.11644 	0.00152144 	
2.71	2.17323 	-0.0945013 	-1.77491 	0.000134521 	-0.116444 	0.0015164 	
2.715	2.17413 	-0.091298 	-1.77408 	0.000273805 	-0.11645 	0.00147319 	
2.72	2.17421 	-0.0916539 	-1.77406 	0.00025356 	-0.116457 	0.00146523 	
2.725	2.17425 	-0.0920326 	-1.77402 	0.000232007 	-0.116462 	0.0014568 	
2.73	2.17429 	-0.0923677 	-1.77398 	0.000212924 	-0.116466 	0.00144931 	
2.735	2.17434 	-0.0926769 	-1.77393 	0.000195303 	-0.116471 	0.00144237 	
2.74	2.1744 	-0.0929621 	-1.77389 	0.000179038 	-0.116475 	0.00143595 	
2.745	2.17529 	-0.0897813 	-1.77303 	0.000316637 	-0.116481 	0.00139103 	
2.75	2.17537 	-0.0901985 	-1.77301 	0.000292991 	-0.116488 	0.00138184 	
2.755	2.1754 	-0.0906345 	-1.77296 	0.000268265 	-0.116493 	0.00137226 	
2.76	2.17544 	-0.0910222 	-1.77291 	0.000246263 	-0.116498 	0.00136371 	
2.765	2.17549 	-0.09138 	-1.77286 	0.000225945 	-0.116503 	0.00135579 	
2.77	2.17633 	-0.0884634 	-1.77203 	0.000351111 	-0.116509 	0.00131177 	
2.775	2.17639 	-0.0889327 	-1.77199 	0.00032456 	-0.116516 	0.0013015 	
2.78	2.17643 	-0.0894139 	-1.77194 	0.000297312 	-0.116521 	0.00129099 	
2.785	2.17646 	-0.0898443 	-1.77188 	0.000272932 	-0.116526 	0.00128154 	
2.79	2.17652 	-0.0902415 	-1.77182 	0.000250417 	-0.116531 	0.0012728 	
2.795	2.17742 	-0.0870987 	-1.77093 	0.00038527 	-0.116538 	0.00122512 	
2.8	2.17749 	-0.0876153 	-1.77089 	0.000356087 	-0.116545 	0.00121384 	
2.805	2.17753 	-0.088144 	-1.77082 	0.000326192 	-0.116551 	0.00120232 	
2.81	2.17757 	-0.0886169 	-1.77076 	0.000299435 	-0.116557 	0.00119197 	
2.815	2.17836 	-0.0859545 	-1.76995 	0.000412211 	-0.116563 	0.00114748 	
2.82	2.17842 	-0.0865147 	-1.7699 	0.000380569 	-0.11657 	0.00113527 	
2.825	2.17846 	-0.0870779 	-1.76983 	0.000348741 	-0.116577 	0.001123 	
2.83	2.1785 	-0.0875846 	-1.76976 	0.000320094 	-0.116582 	0.00111192 	
2.835	2.17933 	-0.0848197 	-1.76892 	0.000437126 	-0.116589 	0.00106531 	
2.84	2.1794 	-0.0854157 	-1.76886 	0.000403485 	-0.116597 	0.00105231 	
2.845	2.17944 	-0.0860139 	-1.76879 	0.000369699 	-0.116604 	0.00103928 	
2.85	2.17949 	-0.0865523 	-1.76871 	0.000339278 	-0.11661 	0.0010275 	
2.855	2.18036 	-0.0836313 	-1.76782 	0.000462972 	-0.116617 	0.000978215 	
2.86	2.18044 	-0.0842641 	-1.76776 	0.00042728 	-0.116626 	0.000964406 	
2.865	2.18049 	-0.0848989 	-1.76769 	0.000391448 	-0.116633 	0.000950564 	
2.87	2.18054 	-0.0854701 	-1.76761 	0.000359184 	-0.11664 	0.000938056 	
2.875	2.18146 	-0.0823919 	-1.76667 	0.000489582 	-0.116647 	0.000886057 	
2.88	2.18155 	-0.0830627 	-1.76661 	0.000451775 	-0.116656 	0.000871401 	
2.885	2.1816 	-0.0837352 	-1.76653 	0.000413833 	-0.116664 	0.000856722 	
2.89	2.18166 	-0.0843403 	-1.76645 	0.000379669 	-0.116671 	0.000843459 	
2.895	2.18263 	-0.0811089 	-1.76546 	0.000516597 	-0.116679 	0.00078876 	
2.9	2.18272 	-0.0818183 	-1.7654 	0.000476632 	-0.116689 	0.000773236 	
2.905	2.18278 	-0.0825292 	-1.76531 	0.000436545 	-0.116697 	0.000757699 	
2.91	2.18284 	-0.0831689 	-1.76523 	0.000400447 	-0.116705 	0.000743662 	
2.915	2.18385 	-0.0797884 	-1.76419 	0.000543724 	-0.116713 	0.000686298 	
2.92	2.18396 	-0.0805369 	-1.76413 	0.000501582 	-0.116723 	0.000669891 	
2.925	2.18402 	-0.0812864 	-1.76404 	0.000459334 	-0.116732 	0.000653486 	
2.93	2.18482 	-0.0787649 	-1.76318 	0.000563488 	-0.11674 	0.000603022 	
2.935	2.1849 	-0.0795508 	-1.7631 	0.000519222 	-0.11675 	0.000585803 	
2.94	2.18495 	-0.080324 	-1.76301 	0.000475645 	-0.116758 	0.000568862 	
2.945	2.18577 	-0.0778179 	-1.76214 	0.000578895 	-0.116766 	0.000517765 	
2.95	2.18585 	-0.0786282 	-1.76206 	0.000533275 	-0.116776 	0.000499987 	
2.955	2.18591 	-0.079424 	-1.76196 	0.000488439 	-0.116785 	0.000482523 	
2.96	2.18674 	-0.0768514 	-1.76107 	0.000594482 	-0.116794 	0.000430028 	
2.965	2.18683 	-0.0776855 	-1.76099 	0.000547537 	-0.116804 	0.000411696 	
2.97	2.18689 	-0.0785046 	-1.76089 	0.000501404 	-0.116813 	0.000393692 	
2.975	2.18776 	-0.0758598 	-1.75997 	0.0006105 	-0.116822 	0.000339724 	
2.98	2.18785 	-0.0767183 	-1.75989 	0.000562199 	-0.116833 	0.000320822 	
2.985	2.18792 	-0.0775612 	-1.75979 	0.000514735 	-0.116843 	0.000302264 	
2.99	2.18881 	-0.0748458 	-1.75885 	0.000626811 	-0.116852 	0.000246826 	
2.995	2.18891 	-0.0757292 	-1.75877 	0.000577128 	-0.116863 	0.000227342 	
3	2.18898 	-0.0765965 	-1.75867 	0.000528311 	-0.116873 	0.000208217 	
3.005	2.18989 	-0.0738126 	-1.7577 	0.00064327 	-0.116882 	0.000151324 	
3.01	2.19 	-0.0747211 	-1.75762 	0.00059219 	-0.116894 	0.000131251 	
3.015	2.19008 	-0.075613 	-1.75752 	0.000542006 	-0.116904 	0.000111552 	
3.02	2.19101 	-0.0727629 	-1.75653 	0.000659756 	-0.116914 	5.32225e-05 	
3.025	2.19112 	-0.0736967 	-1.75645 	0.000607273 	-0.116926 	3.2554e-05 	
3.03	2.1912 	-0.0746132 	-1.75634 	0.00055572 	-0.116937 	1.22779e-05 	
3.035	2.19216 	-0.071699 	-1.75533 	0.000676172 	-0.116947 	-4.74645e-05 	
3.04	2.19228 	-0.072658 	-1.75525 	0.000622288 	-0.116959 	-6.87304e-05 	
3.045	2.19236 	-0.0735992 	-1.75514 	0.000569368 	-0.11697 	-8.95855e-05 	
3.05	2.19334 	-0.0706229 	-1.75411 	0.000692438 	-0.11698 	-0.000150715 	
3.055	2.19346 	-0.071607 	-1.75403 	0.000637162 	-0.116993 	-0.000172578 	
3.06	2.19355 	-0.0725727 	-1.75392 	0.000582885 	-0.117004 	-0.000194011 	
3.065	2.19455 	-0.0695362 	-1.75286 	0.000708493 	-0.117015 	-0.000256499 	
3.07	2.19467 	-0.0705453 	-1.75278 	0.000651836 	-0.117028 	-0.000278958 	
3.075	2.19477 	-0.0715352 	-1.75267 	0.000596215 	-0.11704 	-0.000300967 	
3.08	2.19578 	-0.0684406 	-1.7516 	0.000724282 	-0.11705 	-0.000364783 	
3.085	2.19592 	-0.0694743 	-1.75151 	0.000666262 	-0.117064 	-0.000387833 	
3.09	2.19601 	-0.0704882 	-1.7514 	0.000609314 	-0.117076 	-0.000410413 	
3.095	2.19705 	-0.0673374 	-1.7503 	0.000739764 	-0.117086 	-0.000475525 	
3.1	2.19718 	-0.0683954 	-1.75022 	0.000680401 	-0.1171 	-0.000499162 	
3.105	2.19728 	-0.0694329 	-1.75011 	0.000622147 	-0.117112 	-0.000522309 	
3.11	2.19834 	-0.0662278 	-1.74899 	0.000754903 	-0.117123 	-0.000588683 	
3.115	2.19848 	-0.0673097 	-1.74891 	0.000694222 	-0.117138 	-0.0006129 	
3.12	2.19858 	-0.0683704 	-1.7488 	0.000634684 	-0.11715 	-0.000636607 	
3.125	2.19965 	-0.0651129 	-1.74766 	0.000769671 	-0.117161 	-0.000704208 	
3.13	2.1998 	-0.0662183 	-1.74757 	0.000707696 	-0.117176 	-0.000728999 	
3.135	2.19991 	-0.0673018 	-1.74746 	0.000646901 	-0.117188 	-0.000753258 	
3.14	2.20099 	-0.0639939 	-1.74631 	0.000784043 	-0.117199 	-0.00082205 	
3.145	2.20114 	-0.0651223 	-1.74622 	0.000720802 	-0.117215 	-0.000847406 	
3.15	2.20125 	-0.0662281 	-1.74611 	0.000658778 	-0.117228 	-0.00087221 	
3.155	2.20235 	-0.0628717 	-1.74493 	0.000797999 	-0.117239 	-0.000942155 	
3.16	2.20251 	-0.0640226 	-1.74485 	0.000733522 	-0.117254 	-0.000968068 	
3.165	2.20332 	-0.0620611 	-1.74398 	0.000808886 	-0.117267 	-0.00102692 	
3.17	2.20342 	-0.0632419 	-1.74387 	0.000742719 	-0.11728 	-0.00105345 	
3.175	2.20352 	-0.0643791 	-1.74375 	0.000678965 	-0.117293 	-0.00107902 	
3.18	2.20462 	-0.0610801 	-1.74258 	0.000815475 	-0.117304 	-0.0011494 	
3.185	2.20478 	-0.0622621 	-1.7425 	0.000749286 	-0.11732 	-0.00117611 	
3.19	2.20561 	-0.0602683 	-1.74162 	0.000825964 	-0.117333 	-0.00123624 	
3.195	2.20572 	-0.061479 	-1.74151 	0.000758164 	-0.117347 	-0.00126354 	
3.2	2.20583 	-0.0626448 	-1.74139 	0.000692847 	-0.11736 	-0.00128984 	
3.205	2.20695 	-0.0592742 	-1.74019 	0.000832523 	-0.117371 	-0.0013618 	
3.21	2.20713 	-0.0604856 	-1.74011 	0.000764725 	-0.117388 	-0.00138927 	
3.215	2.20797 	-0.0584518 	-1.73921 	0.000843075 	-0.117401 	-0.00145077 	
3.22	2.2081 	-0.0596923 	-1.73911 	0.000773648 	-0.117415 	-0.00147884 	
3.225	2.2089 	-0.0577673 	-1.73822 	0.000847085 	-0.117428 	-0.00153943 	
3.23	2.20903 	-0.0590173 	-1.73812 	0.000777143 	-0.117442 	-0.00156775 	
3.235	2.20984 	-0.0570879 	-1.73723 	0.000850776 	-0.117455 	-0.00162862 	
3.24	2.20997 	-0.0583458 	-1.73713 	0.000780407 	-0.11747 	-0.00165717 	
3.245	2.21079 	-0.0564018 	-1.73624 	0.000854696 	-0.117482 	-0.00171845 	
3.25	2.21093 	-0.0576678 	-1.73613 	0.000783891 	-0.117497 	-0.00174723 	
3.255	2.21176 	-0.0557091 	-1.73524 	0.000858834 	-0.11751 	-0.00180893 	
3.26	2.2119 	-0.0569835 	-1.73514 	0.000787577 	-0.117525 	-0.00183794 	
3.265	2.21273 	-0.055011 	-1.73424 	0.000863133 	-0.117539 	-0.00190005 	
3.27	2.21288 	-0.0562939 	-1.73414 	0.000791413 	-0.117554 	-0.0019293 	
3.275	2.21372 	-0.0543086 	-1.73324 	0.000867537 	-0.117567 	-0.00199183 	
3.28	2.21387 	-0.0556002 	-1.73314 	0.000795348 	-0.117583 	-0.00202132 	
3.285	2.21472 	-0.053603 	-1.73223 	0.000872 	-0.117596 	-0.00208425 	
3.29	2.21488 	-0.0549034 	-1.73213 	0.000799338 	-0.117612 	-0.00211399 	
3.295	2.21574 	-0.0528951 	-1.73122 	0.000876481 	-0.117625 	-0.00217731 	
3.3	2.21589 	-0.0542043 	-1.73112 	0.000803345 	-0.117641 	-0.0022073 	
3.305	2.21676 	-0.0521857 	-1.73021 	0.000880944 	-0.117655 	-0.002271 	
3.31	2.21692 	-0.0535036 	-1.73012 	0.000807337 	-0.117671 	-0.00230123 	
3.315	2.21779 	-0.0514755 	-1.7292 	0.000885358 	-0.117684 	-0.00236531 	
3.32	2.21795 	-0.0528021 	-1.7291 	0.000811284 	-0.117701 	-0.00239579 	
3.325	2.21882 	-0.0507652 	-1.72818 	0.000889698 	-0.117714 	-0.00246022 	
3.33	2.21899 	-0.0521003 	-1.72809 	0.000815163 	-0.117731 	-0.00249094 	
3.335	2.21987 	-0.0500553 	-1.72716 	0.00089394 	-0.117745 	-0.00255573 	
3.34	2.22004 	-0.0513989 	-1.72707 	0.000818953 	-0.117761 	-0.00258669 	
3.345	2.22092 	-0.0493464 	-1.72615 	0.000898064 	-0.117775 	-0.00265182 	
3.35	2.2211 	-0.0506983 	-1.72606 	0.000822635 	-0.117792 	-0.00268302 	
3.355	2.22198 	-0.0486391 	-1.72512 	0.000902053 	-0.117806 	-0.00274847 	
3.36	2.22216 	-0.0499989 	-1.72504 	0.000826192 	-0.117823 	-0.0027799 	
3.365	2.22305 	-0.0479336 	-1.7241 	0.000905893 	-0.117837 	-0.00284567 	
3.37	2.22323 	-0.0493013 	-1.72402 	0.000829612 	-0.117853 	-0.00287732 	
3.375	2.22413 	-0.0472305 	-1.72308 	0.00090957 	-0.117868 	-0.00294339 	
3.38	2.22431 	-0.0486058 	-1.72299 	0.000832882 	-0.117885 	-0.00297526 	
3.385	2.22521 	-0.04653 	-1.72206 	0.000913072 	-0.117899 	-0.00304161 	
3.39	2.22539 	-0.0479127 	-1.72197 	0.000835992 	-0.117916 	-0.00307371 	
3.395	2.22629 	-0.0458327 	-1.72103 	0.000916391 	-0.11793 	-0.00314033 	
3.4	2.22648 	-0.0472224 	-1.72095 	0.000838932 	-0.117947 	-0.00317263 	
3.405	2.22738 	-0.0451387 	-1.72001 	0.000919517 	-0.117962 	-0.00323951 	
3.41	2.22757 	-0.0465353 	-1.71993 	0.000841695 	-0.117979 	-0.00327202 	
3.415	2.22848 	-0.0444484 	-1.71898 	0.000922442 	-0.117993 	-0.00333913 	
3.42	2.22867 	-0.0458515 	-1.7189 	0.000844274 	-0.118011 	-0.00337184 	
3.425	2.22958 	-0.043762 	-1.71796 	0.00092516 	-0.118025 	-0.00343918 	
3.43	2.22977 	-0.0451714 	-1.71788 	0.000846661 	-0.118042 	-0.00347209 	
3.435	2.23068 	-0.04308 	-1.71694 	0.000927665 	-0.118057 	-0.00353964 	
3.44	2.23088 	-0.0444952 	-1.71686 	0.000848853 	-0.118074 	-0.00357272 	
3.445	2.23179 	-0.0424024 	-1.71591 	0.000929952 	-0.118089 	-0.00364047 	
3.45	2.23199 	-0.0438233 	-1.71584 	0.000850843 	-0.118106 	-0.00367373 	
3.455	2.2329 	-0.0417295 	-1.71489 	0.000932017 	-0.118121 	-0.00374165 	
3.46	2.2331 	-0.0431558 	-1.71482 	0.000852629 	-0.118138 	-0.00377509 	
3.465	2.23402 	-0.0410617 	-1.71387 	0.000933854 	-0.118153 	-0.00384318 	
3.47	2.23422 	-0.0424929 	-1.7138 	0.000854206 	-0.118171 	-0.00387678 	
3.475	2.23514 	-0.040399 	-1.71285 	0.000935461 	-0.118185 	-0.00394501 	
3.48	2.23534 	-0.0418349 	-1.71278 	0.00085557 	-0.118203 	-0.00397877 	
3.485	2.23626 	-0.0397418 	-1.71183 	0.000936835 	-0.118217 	-0.00404713 	
3.49	2.23646 	-0.041182 	-1.71177 	0.000856719 	-0.118235 	-0.00408103 	
3.495	2.23738 	-0.0390902 	-1.71082 	0.000937971 	-0.11825 	-0.00414951 	
3.5	2.23759 	-0.0405344 	-1.71075 	0.00085765 	-0.118267 	-0.00418356 	
3.505	2.23851 	-0.0384444 	-1.70981 	0.000938869 	-0.118282 	-0.00425213 	
3.51	2.23872 	-0.0398923 	-1.70974 	0.000858361 	-0.1183 	-0.00428631 	
3.515	2.23964 	-0.0378047 	-1.7088 	0.000939525 	-0.118314 	-0.00435496 	
3.52	2.23985 	-0.0392559 	-1.70873 	0.00085885 	-0.118332 	-0.00438927 	
3.525	2.24077 	-0.0371712 	-1.70779 	0.000939938 	-0.118347 	-0.00445799 	
3.53	2.24098 	-0.0386253 	-1.70773 	0.000859114 	-0.118365 	-0.00449241 	
3.535	2.2419 	-0.0365441 	-1.70679 	0.000940105 	-0.118379 	-0.00456117 	
3.54	2.24211 	-0.0380008 	-1.70673 	0.000859152 	-0.118397 	-0.00459571 	
3.545	2.24303 	-0.0359235 	-1.70579 	0.000940025 	-0.118412 	-0.0046645 	
3.55	2.24325 	-0.0373825 	-1.70573 	0.000858962 	-0.11843 	-0.00469914 	
3.555	2.24417 	-0.0353097 	-1.70479 	0.000939696 	-0.118444 	-0.00476795 	
3.56	2.24438 	-0.0367706 	-1.70473 	0.000858543 	-0.118462 	-0.00480268 	
3.565	2.2453 	-0.0347028 	-1.7038 	0.000939117 	-0.118477 	-0.00487148 	
3.57	2.24552 	-0.0361653 	-1.70374 	0.000857893 	-0.118495 	-0.0049063 	
3.575	2.24644 	-0.034103 	-1.70281 	0.000938287 	-0.118509 	-0.00497508 	
3.58	2.24665 	-0.0355666 	-1.70276 	0.000857012 	-0.118527 	-0.00500997 	
3.585	2.24757 	-0.0335104 	-1.70182 	0.000937204 	-0.118542 	-0.00507872 	
3.59	2.24779 	-0.0349749 	-1.70177 	0.000855898 	-0.11856 	-0.00511368 	
3.595	2.24871 	-0.0329253 	-1.70085 	0.000935867 	-0.118574 	-0.00518238 	
3.6	2.24892 	-0.0343902 	-1.7008 	0.00085455 	-0.118592 	-0.00521739 	
3.605	2.24984 	-0.0323477 	-1.69987 	0.000934276 	-0.118607 	-0.00528602 	
3.61	2.25006 	-0.0338127 	-1.69982 	0.000852968 	-0.118625 	-0.00532108 	
3.615	2.25097 	-0.0317777 	-1.6989 	0.00093243 	-0.118639 	-0.00538962 	
3.62	2.25119 	-0.0332425 	-1.69886 	0.00085115 	-0.118657 	-0.00542473 	
3.625	2.2521 	-0.0312157 	-1.69794 	0.000930328 	-0.118671 	-0.00549316 	
3.63	2.25233 	-0.0326798 	-1.69789 	0.000849096 	-0.118689 	-0.0055283 	
3.635	2.25324 	-0.0306616 	-1.69698 	0.000927969 	-0.118703 	-0.00559662 	
3.64	2.25346 	-0.0321248 	-1.69694 	0.000846806 	-0.118721 	-0.00563178 	
3.645	2.25436 	-0.0301156 	-1.69603 	0.000925352 	-0.118736 	-0.00569996 	
3.65	2.25459 	-0.0315775 	-1.69599 	0.000844278 	-0.118754 	-0.00573513 	
3.655	2.25549 	-0.0295779 	-1.69508 	0.000922478 	-0.118768 	-0.00580316 	
3.66	2.25572 	-0.031038 	-1.69504 	0.000841513 	-0.118786 	-0.00583833 	
3.665	2.25662 	-0.0290486 	-1.69414 	0.000919345 	-0.1188 	-0.00590619 	
3.67	2.25684 	-0.0305066 	-1.69411 	0.000838509 	-0.118818 	-0.00594136 	
3.675	2.25774 	-0.0285278 	-1.69321 	0.000915955 	-0.118832 	-0.00600903 	
3.68	2.25796 	-0.0299834 	-1.69317 	0.000835267 	-0.118849 	-0.00604419 	
3.685	2.25886 	-0.0280156 	-1.69228 	0.000912305 	-0.118864 	-0.00611165 	
3.69	2.25908 	-0.0294684 	-1.69225 	0.000831786 	-0.118881 	-0.00614679 	
3.695	2.25996 	-0.0275102 	-1.69137 	0.000908471 	-0.118895 	-0.0062142 	
3.7	2.28121 	-0.00261772 	-1.55127 	-0.00693379 	-0.113399 	-0.00109811 	
3.705	2.34339 	0.0763609 	-1.14034 	-0.0296115 	-0.0973239 	0.0139074 	
3.71	1.64074 	0.421368 	-0.12416 	-0.0540315 	-0.0408442 	-0.00223147 	
3.715	-0.500484 	1.48562 	3.04231 	-0.132197 	0.134014 	-0.048892 	
3.72	-0.811545 	1.63829 	3.52963 	-0.145389 	0.16089 	-0.054244 	
3.725	-1.30023 	1.95608 	4.6782 	-0.185525 	0.219519 	-0.0519506 	
3.73	-1.14121 	1.82994 	4.48844 	-0.184272 	0.208701 	-0.0417635 	
3.735	-1.18648 	1.9091 	4.84974 	-0.2018 	0.224663 	-0.0338756 	
3.74	-1.14494 	1.96565 	5.26151 	-0.22538 	0.241555 	-0.0173164 	
3.745	-0.931893 	1.76048 	4.81102 	-0.213716 	0.218287 	-0.00975192 	
3.75	-0.697649 	1.62836 	4.33546 	-0.198088 	0.19358 	-0.00956491 	
3.755	-0.483881 	1.50415 	3.89498 	-0.183823 	0.170455 	-0.00941043 	
3.76	-0.28241 	1.3907 	3.48667 	-0.170395 	0.149254 	-0.00923944 	
3.765	-0.496039 	1.55681 	3.88094 	-0.181061 	0.16975 	-0.015829 	
3.77	-1.49442 	2.26142 	5.80642 	-0.23716 	0.27043 	-0.0354533 	
3.775	-1.59184 	2.32443 	6.03247 	-0.245231 	0.281692 	-0.0351798 	
3.78	-2.352 	2.81279 	7.66987 	-0.299082 	0.36619 	-0.0373803 	
3.785	-2.39057 	2.83637 	7.76951 	-0.303131 	0.370943 	-0.0368364 	
3.79	-3.10125 	3.29582 	9.29968 	-0.353317 	0.450166 	-0.0391936 	
3.795	-3.0919 	3.28742 	9.29274 	-0.353887 	0.449459 	-0.0386101 	
3.8	-3.76009 	3.72147 	10.7308 	-0.400943 	0.524174 	-0.0410405 	
3.805	-3.71092 	3.68503 	10.6308 	-0.398506 	0.518703 	-0.0404726 	
3.81	-4.33464 	4.08989 	11.9663 	-0.442165 	0.588366 	-0.0429862 	
3.815	-4.00191 	3.92197 	11.3963 	-0.425193 	0.557851 	-0.0394616 	
3.82	-3.99132 	4.03809 	11.7325 	-0.440423 	0.572419 	-0.0341009 	
3.825	-3.68429 	3.87514 	11.183 	-0.423714 	0.543232 	-0.0311996 	
3.83	-3.69978 	3.97915 	11.4944 	-0.43725 	0.557204 	-0.0269878 	
3.835	-3.41472 	3.82244 	10.9683 	-0.421022 	0.529399 	-0.0245376 	
3.84	-3.45603 	3.9352 	11.3099 	-0.435238 	0.545127 	-0.0208544 	
3.845	-3.18891 	3.7838 	10.8034 	-0.41943 	0.518474 	-0.0187638 	
3.85	-3.25268 	3.90383 	11.1701 	-0.434187 	0.535681 	-0.0155607 	
3.855	-3.00096 	3.75592 	10.6778 	-0.41862 	0.509897 	-0.0138091 	
3.86	-3.08322 	3.88138 	11.0635 	-0.433753 	0.528252 	-0.0110237 	
3.865	-2.84478 	3.73572 	10.5811 	-0.418297 	0.503123 	-0.00959429 	
3.87	-2.94206 	3.86518 	10.9812 	-0.433693 	0.522364 	-0.00715693 	
3.875	-2.71507 	3.72094 	10.5059 	-0.418261 	0.497733 	-0.00603206 	
3.88	-2.82446 	3.85331 	10.917 	-0.433847 	0.517661 	-0.00387414 	
3.885	-2.60733 	3.70998 	10.4466 	-0.418381 	0.49341 	-0.00303542 	
3.89	-2.72646 	3.84444 	10.8662 	-0.43411 	0.513874 	-0.00109407 	
3.895	-2.51781 	3.70169 	10.3992 	-0.418575 	0.489914 	-0.000522561 	
3.9	-2.64473 	3.83765 	10.8254 	-0.434418 	0.510801 	0.00125716 	
3.905	-2.44339 	3.69527 	10.3607 	-0.418791 	0.487064 	0.00158066 	
3.91	-2.57623 	3.83236 	10.7926 	-0.434758 	0.508298 	0.00326767 	
3.915	-2.38064 	3.69032 	10.33 	-0.419075 	0.484749 	0.00340596 	
3.92	-2.51868 	3.82808 	10.7655 	-0.435092 	0.506234 	0.00498352 	
3.925	-2.32757 	3.68636 	10.305 	-0.419383 	0.482846 	0.00499011 	
3.93	-2.47043 	3.8244 	10.7426 	-0.435376 	0.504504 	0.00643029 	
3.935	-2.28307 	3.68292 	10.2837 	-0.419643 	0.481247 	0.00632537 	
3.94	-2.42993 	3.82111 	10.7227 	-0.435609 	0.50304 	0.00764947 	
3.945	-2.2457 	3.67984 	10.2652 	-0.419854 	0.479893 	0.00745084 	
3.95	-2.39587 	3.81812 	10.7053 	-0.435793 	0.501791 	0.00867782 	
3.955	-2.21427 	3.67702 	10.249 	-0.420019 	0.478736 	0.00840047 	
3.96	-2.36718 	3.81536 	10.6898 	-0.435934 	0.50072 	0.00954652 	
3.965	-2.18777 	3.67442 	10.2345 	-0.420146 	0.477743 	0.00920299 	
3.97	-2.34295 	3.81277 	10.676 	-0.436039 	0.499795 	0.0102818 	
3.975	-2.16538 	3.67197 	10.2216 	-0.420238 	0.476883 	0.00988258 	
3.98	-2.32243 	3.81034 	10.6636 	-0.436112 	0.498989 	0.0109055 	
3.985	-2.14641 	3.66966 	10.2099 	-0.420301 	0.476133 	0.0104595 	
3.99	-2.305 	3.80802 	10.6522 	-0.436159 	0.498284 	0.0114363 	
3.995	-2.13028 	3.66746 	10.1992 	-0.42034 	0.475476 	0.0109508 	
4	-2.29072 	3.8041 	10.6373 	-0.435978 	0.497484 	0.0118182 	
4.005	-2.11754 	3.65955 	10.1743 	-0.419681 	0.474269 	0.0111665 	
4.01	-2.27462 	3.80114 	10.6252 	-0.435971 	0.496766 	0.0123161 	
4.015	-2.0973 	3.65989 	10.1714 	-0.420099 	0.474307 	0.0118244 	
4.02	-2.24551 	3.79431 	10.6052 	-0.435678 	0.497154 	0.0128573 	
4.025	-2.07043 	3.65338 	10.1524 	-0.419807 	0.47465 	0.0123182 	
4.03	-2.22072 	3.78834 	10.5876 	-0.435417 	0.497482 	0.0133141 	
4.035	-2.04754 	3.64791 	10.1362 	-0.419571 	0.474964 	0.0127406 	
4.04	-2.19978 	3.78344 	10.5729 	-0.435217 	0.4978 	0.0137018 	
4.045	-2.02819 	3.64342 	10.1226 	-0.419389 	0.475264 	0.013099 	
4.05	-2.18205 	3.7794 	10.5605 	-0.435062 	0.498097 	0.0140313 	
4.055	-2.0118 	3.63968 	10.1111 	-0.419247 	0.475543 	0.0134036 	
4.06	-2.16703 	3.776 	10.5499 	-0.434939 	0.498367 	0.0143111 	
4.065	-1.99792 	3.63654 	10.1012 	-0.419133 	0.475795 	0.0136623 	
4.07	-2.15429 	3.77309 	10.5405 	-0.434838 	0.498604 	0.0145489 	
4.075	-1.98613 	3.63384 	10.0925 	-0.419038 	0.476015 	0.0138822 	
4.08	-2.14346 	3.77056 	10.5323 	-0.434751 	0.498808 	0.0147513 	
4.085	-1.97612 	3.63148 	10.0848 	-0.418957 	0.476204 	0.0140695 	
4.09	-2.13422 	3.76834 	10.5247 	-0.434671 	0.498975 	0.0149189 	
4.095	-1.96738 	3.62947 	10.0775 	-0.418869 	0.476342 	0.0142139 	
4.1	-2.12575 	3.76645 	10.5178 	-0.434605 	0.499095 	0.0150726 	
4.105	-1.95972 	3.62765 	10.0711 	-0.418813 	0.476463 	0.0143629 	
4.11	-1.80135 	3.67472 	10.2895 	-0.43426 	0.483789 	0.0271025 	
4.115	-0.54967 	3.13829 	8.76321 	-0.402332 	0.394024 	0.0604757 	
4.12	-0.145627 	2.88435 	8.02535 	-0.380819 	0.354003 	0.0673625 	
4.125	0.633907 	2.60519 	7.39234 	-0.377026 	0.311828 	0.0980681 	
4.13	0.532675 	2.60715 	7.3208 	-0.370208 	0.310032 	0.0903174 	
4.135	-0.0874023 	3.02852 	8.48793 	-0.404844 	0.3716 	0.0790453 	
4.14	-0.113141 	3.00152 	8.34459 	-0.397056 	0.365345 	0.0738912 	
4.145	-0.377094 	3.19376 	8.90883 	-0.415433 	0.394263 	0.0713318 	
4.15	-0.37433 	3.13131 	8.67422 	-0.404475 	0.383613 	0.0664228 	
4.155	-0.620024 	3.30159 	9.18217 	-0.420972 	0.409836 	0.0640797 	
4.16	-0.594287 	3.22206 	8.90309 	-0.408715 	0.3969 	0.0596584 	
4.165	-0.82557 	3.38139 	9.3829 	-0.424435 	0.421704 	0.0576545 	
4.17	-0.554045 	3.15075 	8.67521 	-0.399913 	0.385684 	0.0579322 	
4.175	-0.100005 	2.88761 	7.95036 	-0.380976 	0.345616 	0.0687521 	
4.18	0.172138 	2.66214 	7.25983 	-0.357214 	0.310373 	0.0693446 	
4.185	0.602832 	2.43275 	6.64221 	-0.342553 	0.275435 	0.0810495 	
4.19	0.5062 	2.46211 	6.67426 	-0.340412 	0.27833 	0.075497 	
4.195	-0.124238 	2.92059 	7.97037 	-0.380066 	0.345852 	0.0658852 	
4.2	0.0630288 	2.67427 	7.36061 	-0.359314 	0.316054 	0.0686775 	
4.205	0.260994 	2.38904 	6.97578 	-0.353511 	0.296422 	0.0869147 	
4.21	0.39595 	2.24777 	6.39363 	-0.328798 	0.268336 	0.078293 	
4.215	0.496907 	2.19226 	5.95177 	-0.307979 	0.24682 	0.0665659 	
4.22	0.612751 	2.07468 	5.45465 	-0.286763 	0.222816 	0.0589312 	
4.225	0.697106 	2.04321 	5.09547 	-0.269366 	0.205225 	0.0481542 	
4.23	0.808691 	1.90302 	4.61695 	-0.249992 	0.182243 	0.0434828 	
4.235	0.915636 	1.76124 	4.15794 	-0.231687 	0.160236 	0.0397194 	
4.24	1.00106 	1.68125 	3.79926 	-0.216234 	0.142866 	0.0338209 	
4.245	1.05233 	1.71146 	3.60232 	-0.204983 	0.132911 	0.0234579 	
4.25	1.12656 	1.64185 	3.29278 	-0.191684 	0.117914 	0.0184522 	
4.255	1.16835 	1.68188 	3.14126 	-0.182441 	0.110127 	0.00893703 	
4.26	1.23365 	1.6178 	2.86961 	-0.170891 	0.0969752 	0.00485159 	
4.265	1.26741 	1.66429 	2.75472 	-0.163314 	0.0909479 	-0.00385215 	
4.27	1.32515 	1.60409 	2.51453 	-0.153242 	0.0793342 	-0.00710994 	
4.275	1.35196 	1.6557 	2.43061 	-0.147081 	0.0747958 	-0.0150984 	
4.28	1.4033 	1.59816 	2.21659 	-0.138258 	0.0644665 	-0.0176162 	
4.285	1.4241 	1.65387 	2.15892 	-0.133306 	0.0611916 	-0.0249775 	
4.29	1.47002 	1.59802 	1.96667 	-0.125539 	0.0519342 	-0.0268347 	
4.295	1.48562 	1.65702 	1.93131 	-0.121618 	0.0497336 	-0.0336478 	
4.3	1.69101 	1.52681 	1.69368 	-0.118791 	0.0357145 	-0.0232168 	
4.305	2.18379 	1.36487 	1.48764 	-0.127533 	0.0176863 	0.0048752 	
4.31	2.34654 	1.2462 	1.27075 	-0.124221 	0.00536991 	0.0132689 	
4.315	2.80295 	1.10473 	1.09761 	-0.133046 	-0.0105838 	0.039349 	
4.32	2.61643 	1.30876 	1.60704 	-0.156914 	0.0164521 	0.0409092 	
4.325	2.14404 	2.06695 	3.49117 	-0.245637 	0.110935 	0.0521245 	
4.33	2.15399 	1.91331 	3.11399 	-0.227649 	0.0941228 	0.0477269 	
4.335	2.16326 	1.77091 	2.76437 	-0.210976 	0.0785421 	0.0436527 	
4.34	2.17191 	1.63894 	2.4403 	-0.195522 	0.0641021 	0.0398778 	
4.345	2.17998 	1.51663 	2.1399 	-0.181198 	0.0507187 	0.03638 	
4.35	2.1875 	1.40328 	1.86144 	-0.167922 	0.0383146 	0.0331386 	
4.355	2.19452 	1.29822 	1.60331 	-0.155617 	0.0268177 	0.0301347 	
4.36	2.20107 	1.20086 	1.36402 	-0.144212 	0.0161617 	0.0273507 	
4.365	2.20717 	1.11062 	1.1422 	-0.133641 	0.0062847 	0.0247703 	
4.37	2.21288 	1.02699 	0.936559 	-0.123844 	-0.00287035 	0.0223785 	
4.375	2.2182 	0.949475 	0.745916 	-0.114764 	-0.0113564 	0.0201613 	
4.38	2.22317 	0.877636 	0.569174 	-0.106348 	-0.0192226 	0.0181059 	
4.385	2.22764 	0.811817 	0.405927 	-0.0985592 	-0.0264848 	0.0161519 	
4.39	2.0808 	1.07377 	1.04035 	-0.12861 	0.00599482 	0.019782 	
4.395	1.64391 	1.95707 	3.1956 	-0.230929 	0.114305 	0.0343694 	
4.4	1.69106 	1.81147 	2.83956 	-0.214018 	0.0972284 	0.0312689 	
4.405	1.7348 	1.67653 	2.50954 	-0.198344 	0.0814023 	0.0283965 	
4.41	1.776 	1.55327 	2.20733 	-0.184025 	0.0668865 	0.0258061 	
4.415	1.65644 	1.70854 	2.60593 	-0.202211 	0.0858237 	0.0279719 	
4.42	1.22669 	2.37962 	4.30881 	-0.280656 	0.16715 	0.0386929 	
4.425	1.14608 	2.45712 	4.5172 	-0.289906 	0.177136 	0.0394615 	
4.43	0.744985 	3.02956 	5.98576 	-0.356894 	0.247688 	0.0478108 	
4.435	0.693949 	3.02954 	6.00682 	-0.357078 	0.249024 	0.046818 	
4.44	0.318904 	3.47771 	7.18909 	-0.409863 	0.306631 	0.0521154 	
4.445	0.29789 	3.42476 	7.07842 	-0.403908 	0.301751 	0.0502005 	
4.45	-0.0510259 	3.78377 	8.05147 	-0.446486 	0.349809 	0.0534683 	
4.455	-0.0447266 	3.69469 	7.84758 	-0.43633 	0.340443 	0.0510812 	
4.46	-0.368411 	3.99244 	8.67289 	-0.471866 	0.381663 	0.0531019 	
4.465	-0.337179 	3.87989 	8.40483 	-0.45896 	0.369118 	0.0505664 	
4.47	-0.638009 	4.13538 	9.12489 	-0.489596 	0.405399 	0.0518215 	
4.475	-0.585854 	4.00691 	8.81063 	-0.474762 	0.390523 	0.0492339 	
4.48	-0.866423 	4.23306 	9.45514 	-0.501977 	0.423207 	0.0500458 	
4.485	-0.796758 	4.09364 	9.10752 	-0.485803 	0.406614 	0.0474864 	
4.49	-1.05952 	4.29946 	9.69759 	-0.510634 	0.436659 	0.0480687 	
4.495	-0.975228 	4.15241 	9.32538 	-0.493502 	0.418778 	0.0455716 	
4.5	-1.22307 	4.34391 	9.87518 	-0.516608 	0.446849 	0.0460111 	
4.505	-1.12643 	4.19158 	9.48482 	-0.4988 	0.427993 	0.0435999 	
4.51	-1.3625 	4.37112 	10.0011 	-0.520447 	0.454433 	0.0438857 	
4.515	-1.09108 	4.03208 	9.16528 	-0.484246 	0.413388 	0.043056 	
4.52	-0.828416 	3.68462 	8.42733 	-0.454449 	0.377229 	0.0483706 	
4.525	-0.597924 	3.40329 	7.71994 	-0.423502 	0.34222 	0.0467907 	
4.53	-0.369777 	3.10339 	7.1961 	-0.404569 	0.315276 	0.0563129 	
4.535	-0.148098 	2.8122 	6.77178 	-0.391565 	0.29295 	0.0700618 	
4.54	-0.10775 	2.81916 	6.7553 	-0.390374 	0.295078 	0.0691715 	
4.545	-0.391007 	3.27494 	7.85737 	-0.436151 	0.357177 	0.0686219 	
4.55	-0.43928 	3.27359 	7.91622 	-0.43204 	0.358314 	0.0660882 	
4.555	-0.790004 	3.55226 	8.83456 	-0.458642 	0.400778 	0.0656822 	
4.56	-0.711438 	3.47703 	8.6045 	-0.448836 	0.391596 	0.0639415 	
4.565	-0.934313 	3.80324 	9.41073 	-0.483814 	0.438938 	0.0643141 	
4.57	-0.846157 	3.70845 	9.10167 	-0.470188 	0.42545 	0.0607665 	
4.575	-1.0632 	3.98853 	9.81012 	-0.500542 	0.467291 	0.0607563 	
4.58	-1.02567 	3.85076 	9.50504 	-0.482278 	0.450041 	0.0580039 	
4.585	-1.41212 	4.02691 	10.2732 	-0.500891 	0.484509 	0.0596187 	
4.59	-1.34939 	3.88263 	9.92109 	-0.48197 	0.465418 	0.056586 	
4.595	-1.71077 	4.04688 	10.6191 	-0.498964 	0.497246 	0.057297 	
4.6	-1.62652 	3.89771 	10.2321 	-0.479771 	0.476845 	0.0542828 	
4.605	-1.95453 	4.04568 	10.8642 	-0.495442 	0.505828 	0.0550886 	
4.61	-1.84972 	3.89301 	10.4497 	-0.476178 	0.484355 	0.052241 	
4.615	-2.14679 	4.02803 	11.0291 	-0.490941 	0.511 	0.0533383 	
4.62	-2.01647 	3.88823 	10.595 	-0.472541 	0.489258 	0.0493328 	
4.625	-2.30426 	4.0835 	11.2213 	-0.491768 	0.519887 	0.0466433 	
4.63	-2.2138 	3.98693 	10.9186 	-0.478578 	0.504549 	0.0434328 	
4.635	-2.40051 	4.09011 	11.2636 	-0.487987 	0.521678 	0.0405708 	
4.64	-2.30466 	3.97822 	10.9403 	-0.473831 	0.505086 	0.0385291 	
4.645	-2.51077 	4.05465 	11.2847 	-0.481563 	0.521327 	0.0382912 	
4.65	-2.40748 	3.93694 	10.9546 	-0.467297 	0.504214 	0.0371187 	
4.655	-2.59925 	4.01246 	11.2922 	-0.475429 	0.520092 	0.0374228 	
4.66	-2.48783 	3.89624 	10.958 	-0.461498 	0.502882 	0.0363797 	
4.665	-2.6634 	3.97017 	11.2875 	-0.469963 	0.518263 	0.0373045 	
4.67	-2.54764 	3.85614 	10.952 	-0.456358 	0.501126 	0.0362701 	
4.675	-2.70887 	3.92871 	11.2747 	-0.465133 	0.516078 	0.0377553 	
4.68	-2.5893 	3.81668 	10.9382 	-0.451808 	0.499003 	0.0367145 	
4.685	-2.73977 	3.88862 	11.2567 	-0.460891 	0.513693 	0.0386365 	
4.69	-2.61607 	3.77814 	10.9184 	-0.447797 	0.496623 	0.0376093 	
4.695	-2.75888 	3.85002 	11.2349 	-0.45718 	0.511187 	0.0398625 	
4.7	-2.63121 	3.74079 	10.8947 	-0.444272 	0.494097 	0.0388503 	
4.705	-2.76835 	3.81287 	11.2104 	-0.453938 	0.508612 	0.0413692 	
4.71	-2.63726 	3.72184 	10.8752 	-0.441887 	0.492364 	0.0387465 	
4.715	-2.74848 	3.8174 	11.1848 	-0.453665 	0.507753 	0.0391671 	
4.72	-2.59088 	3.68308 	10.8136 	-0.440802 	0.488923 	0.0405299 	
4.725	-2.80104 	3.8571 	11.2276 	-0.452187 	0.510146 	0.0341565 	
4.73	-2.58387 	3.61261 	10.7667 	-0.438702 	0.485814 	0.0450458 	
4.735	-2.80453 	3.84566 	11.2162 	-0.450323 	0.509031 	0.034023 	
4.74	-2.59369 	3.64233 	10.7759 	-0.438354 	0.48678 	0.0412023 	
4.745	-2.81931 	3.86508 	11.2252 	-0.449636 	0.509766 	0.0311672 	
4.75	-2.62016 	3.64151 	10.7844 	-0.436399 	0.486794 	0.0402399 	
4.755	-2.84373 	3.86234 	11.2308 	-0.447733 	0.509663 	0.0303863 	
4.76	-2.64153 	3.63432 	10.785 	-0.43452 	0.486445 	0.0398283 	
4.765	-2.85458 	3.85221 	11.2233 	-0.445816 	0.508774 	0.0303843 	
4.77	-2.65844 	3.62251 	10.7799 	-0.432701 	0.485802 	0.0398742 	
4.775	-2.85627 	3.83663 	11.2074 	-0.443925 	0.507359 	0.0309942 	
4.78	-2.66855 	3.60645 	10.7687 	-0.430949 	0.484785 	0.0404106 	
4.785	-2.85197 	3.81763 	11.1867 	-0.442128 	0.505651 	0.0320207 	
4.79	-2.67037 	3.58655 	10.7513 	-0.429265 	0.483377 	0.0414102 	
4.795	-2.84323 	3.79653 	11.1631 	-0.440458 	0.503786 	0.0333271 	
4.8	-2.66504 	3.56425 	10.7293 	-0.427703 	0.481674 	0.0427694 	
4.805	-2.83097 	3.77434 	11.1378 	-0.438952 	0.501832 	0.0348437 	
4.81	-2.65426 	3.54043 	10.7042 	-0.426283 	0.47978 	0.0444014 	
4.815	-2.81563 	3.75146 	11.1114 	-0.437607 	0.499819 	0.0365335 	
4.82	-2.6396 	3.51571 	10.6774 	-0.425008 	0.47778 	0.0462329 	
4.825	-2.79768 	3.72815 	11.0843 	-0.436412 	0.497769 	0.038366 	
4.83	-2.62213 	3.49048 	10.6496 	-0.423871 	0.475728 	0.0482131 	
4.835	-2.77765 	3.70462 	11.0568 	-0.435354 	0.495703 	0.0403117 	
4.84	-2.60262 	3.46501 	10.6215 	-0.422862 	0.473656 	0.0503049 	
4.845	-2.75606 	3.68103 	11.0292 	-0.43442 	0.49364 	0.0423439 	
4.85	-2.58163 	3.43944 	10.5933 	-0.42197 	0.471587 	0.0524827 	
4.855	-2.73331 	3.6575 	11.0018 	-0.433597 	0.491592 	0.0444408 	
4.86	-2.36198 	3.23778 	10.139 	-0.408792 	0.448123 	0.0595994 	
4.865	-1.91167 	2.9821 	9.29584 	-0.383953 	0.405507 	0.0624585 	
4.87	-1.52686 	2.72462 	8.53688 	-0.362119 	0.367976 	0.0671313 	
4.875	-1.10298 	2.50323 	7.8114 	-0.341867 	0.330523 	0.0713 	
4.88	-0.72449 	2.28709 	7.15232 	-0.323889 	0.29688 	0.0764743 	
4.885	-0.531342 	2.33663 	7.06479 	-0.328804 	0.294818 	0.0768052 	
4.89	-0.780027 	2.85188 	8.04276 	-0.375477 	0.354926 	0.06747 	
4.895	-0.537867 	2.83304 	7.82705 	-0.37617 	0.346203 	0.0704655 	
4.9	-0.809105 	3.28016 	8.72414 	-0.418091 	0.401558 	0.0624516 	
4.905	-0.566176 	3.21159 	8.40244 	-0.412436 	0.386453 	0.064514 	
4.91	-0.857884 	3.59306 	9.21102 	-0.44913 	0.436736 	0.0572706 	
4.915	-0.61177 	3.48538 	8.80982 	-0.43875 	0.416733 	0.0589331 	
4.92	-0.919046 	3.82265 	9.55966 	-0.471774 	0.463534 	0.0521496 	
4.925	-0.680509 	3.64415 	9.08185 	-0.453817 	0.43523 	0.0550126 	
4.93	-1.09441 	3.85902 	9.81293 	-0.473712 	0.470322 	0.0505652 	
4.935	-1.01842 	3.75422 	9.53836 	-0.460652 	0.454096 	0.0492063 	
4.94	-1.40279 	3.95347 	10.2146 	-0.479232 	0.486826 	0.0450833 	
4.945	-1.30298 	3.83248 	9.88551 	-0.464686 	0.46833 	0.0438406 	
4.95	-1.66486 	3.99721 	10.4935 	-0.481745 	0.498333 	0.0409254 	
4.955	-1.52727 	3.83002 	10.0541 	-0.468232 	0.478415 	0.0423628 	
4.96	-1.68889 	4.06099 	10.5287 	-0.492443 	0.508462 	0.0403694 	
4.965	-1.53695 	3.93279 	10.0986 	-0.477249 	0.48795 	0.0389209 	
4.97	-1.70711 	4.1475 	10.5706 	-0.5006 	0.517452 	0.0378892 	
4.975	-1.54824 	4.00705 	10.1215 	-0.484024 	0.495807 	0.036391 	
4.98	-1.69288 	4.19522 	10.5494 	-0.505286 	0.523521 	0.0359516 	
4.985	-1.53196 	4.04907 	10.0966 	-0.488182 	0.501142 	0.034698 	
4.99	-1.68116 	4.23257 	10.5299 	-0.509276 	0.528689 	0.0347054 	
4.995	-1.52675 	4.08551 	10.082 	-0.491877 	0.506186 	0.033289 	
5	-1.67332 	4.2651 	10.5162 	-0.512909 	0.533342 	0.0337343 	
5.005	-1.52296 	4.11689 	10.0708 	-0.495218 	0.510626 	0.0321828 	
5.01	-1.66882 	4.29339 	10.5072 	-0.516228 	0.537533 	0.0329734 	
5.015	-1.51887 	4.14269 	10.0627 	-0.498225 	0.514602 	0.0314492 	
5.02	-1.66329 	4.31642 	10.5035 	-0.519097 	0.541654 	0.0324742 	
5.025	-1.51376 	4.16401 	10.0593 	-0.500905 	0.518429 	0.0310003 	
5.03	-1.65877 	4.3361 	10.5004 	-0.521657 	0.545223 	0.0321098 	
5.035	-1.50965 	4.18222 	10.0563 	-0.503294 	0.521739 	0.0306727 	
5.04	-1.6587 	4.357 	10.5021 	-0.523956 	0.548608 	0.0315723 	
5.045	-1.53094 	4.20564 	10.0842 	-0.505691 	0.527157 	0.0317997 	
5.05	-1.71238 	4.3527 	10.5629 	-0.526591 	0.55758 	0.0398298 	
5.055	-1.58415 	4.20018 	10.1377 	-0.507939 	0.535352 	0.0392227 	
5.06	-1.7601 	4.34495 	10.6078 	-0.528666 	0.564895 	0.0467536 	
5.065	-1.62154 	4.19091 	10.1668 	-0.509503 	0.541238 	0.0451104 	
5.07	-1.78746 	4.33989 	10.6247 	-0.530102 	0.569323 	0.0506236 	
5.075	-1.64717 	4.20161 	10.1966 	-0.51226 	0.547319 	0.0498975 	
5.08	-1.82571 	4.39736 	10.7028 	-0.537023 	0.581516 	0.0583208 	
5.085	-1.69068 	4.25651 	10.2686 	-0.518882 	0.558801 	0.0568658 	
5.09	-1.86423 	4.45003 	10.7629 	-0.543929 	0.591749 	0.0651923 	
5.095	-1.72623 	4.30438 	10.3199 	-0.525064 	0.568038 	0.0630703 	
5.1	-1.89406 	4.48544 	10.7978 	-0.549303 	0.59951 	0.0711421 	
5.105	-1.75277 	4.33457 	10.3472 	-0.529898 	0.574921 	0.0685985 	
5.11	-1.91775 	4.50839 	10.8156 	-0.553582 	0.605428 	0.0763023 	
5.115	-1.77378 	4.35426 	10.3613 	-0.533816 	0.580245 	0.0734159 	
5.12	-1.93518 	4.52136 	10.8204 	-0.556996 	0.609838 	0.0808216 	
5.125	-1.78593 	4.36067 	10.3544 	-0.536493 	0.58365 	0.0776066 	
5.13	-1.93677 	4.51161 	10.7842 	-0.558177 	0.611202 	0.0847271 	
5.135	-1.7916 	4.3571 	10.3366 	-0.538237 	0.585871 	0.0813182 	
5.14	-1.94201 	4.50438 	10.7785 	-0.560278 	0.613843 	0.0886895 	
5.145	-1.63437 	4.17311 	9.8706 	-0.519246 	0.560323 	0.081522 	
5.15	-1.34926 	3.86915 	9.03589 	-0.481568 	0.511116 	0.0750195 	
5.155	-1.23721 	3.76694 	8.74835 	-0.469259 	0.494572 	0.0737074 	
5.16	-1.43574 	4.02288 	9.43515 	-0.502133 	0.536235 	0.081611 	
5.165	-1.30753 	3.93789 	9.17295 	-0.490996 	0.519856 	0.0792272 	
5.17	-1.47387 	4.17288 	9.78861 	-0.518991 	0.553832 	0.0804365 	
5.175	-1.33558 	4.05921 	9.45693 	-0.504135 	0.533061 	0.0764555 	
5.18	-1.49633 	4.26999 	10.0135 	-0.528613 	0.562855 	0.0751954 	
5.185	-1.42674 	4.13282 	9.71068 	-0.510116 	0.540674 	0.070151 	
5.19	-1.80304 	4.32304 	10.456 	-0.528846 	0.571906 	0.0657728 	
5.195	-1.71633 	4.16956 	10.0957 	-0.508878 	0.547803 	0.0609375 	
5.2	-2.06359 	4.34885 	10.7896 	-0.526882 	0.577375 	0.0572456 	
5.205	-1.95578 	4.19005 	10.3938 	-0.506603 	0.55236 	0.0529181 	
5.21	-2.2793 	4.35595 	11.0298 	-0.523291 	0.579931 	0.0494754 	
5.215	-2.15355 	4.19411 	10.6082 	-0.502953 	0.554339 	0.0456555 	
5.22	-2.4567 	4.35068 	11.2004 	-0.518772 	0.580451 	0.0425015 	
5.225	-2.31612 	4.18725 	10.7596 	-0.498501 	0.554504 	0.0391385 	
5.23	-2.60225 	4.33736 	11.3181 	-0.513739 	0.579548 	0.0362595 	
5.235	-2.44927 	4.1735 	10.8637 	-0.493649 	0.553426 	0.0333252 	
5.24	-2.72067 	4.31964 	11.3978 	-0.508599 	0.577752 	0.0307566 	
5.245	-2.5574 	4.15609 	10.9338 	-0.488753 	0.551579 	0.0282136 	
5.25	-2.81616 	4.29999 	11.4504 	-0.503611 	0.575436 	0.025964 	
5.255	-2.62805 	4.12867 	10.9589 	-0.48219 	0.546845 	0.0212789 	
5.26	-2.83527 	4.25506 	11.4068 	-0.491366 	0.563462 	0.0109351 	
5.265	-2.68078 	4.12124 	10.9555 	-0.471866 	0.538821 	0.00661104 	
5.27	-2.91874 	4.26589 	11.4615 	-0.487863 	0.563065 	0.00621411 	
5.275	-2.73705 	4.10485 	10.9875 	-0.469383 	0.537683 	0.0055177 	
5.28	-2.97129 	4.24886 	11.4841 	-0.485219 	0.561721 	0.00502203 	
5.285	-2.78478 	4.08887 	11.0068 	-0.466881 	0.536359 	0.00440282 	
5.29	-3.01442 	4.23236 	11.4962 	-0.482646 	0.560217 	0.00387782 	
5.295	-2.81603 	4.07028 	11.002 	-0.462522 	0.532764 	0.000146217 	
5.3	-2.99883 	4.20282 	11.4341 	-0.472926 	0.549749 	-0.00867704 	
5.305	-2.81514 	4.04679 	10.9625 	-0.455384 	0.525378 	-0.00860118 	
5.31	-3.03257 	4.19073 	11.4459 	-0.471876 	0.549527 	-0.00787209 	
5.315	-2.83897 	4.03469 	10.9694 	-0.454481 	0.524938 	-0.0074996 	
5.32	-3.05471 	4.18108 	11.4542 	-0.471107 	0.549213 	-0.00690325 	
5.325	-2.85871 	4.02541 	10.9757 	-0.453731 	0.524582 	-0.00659511 	
5.33	-3.07062 	4.1713 	11.4558 	-0.47029 	0.548673 	-0.00604571 	
5.335	-2.87272 	4.01601 	10.9761 	-0.452939 	0.524021 	-0.00579274 	
5.34	-3.0814 	4.16146 	11.4522 	-0.469443 	0.547959 	-0.00528172 	
5.345	-2.88202 	4.00661 	10.9717 	-0.452126 	0.523307 	-0.00507572 	
5.35	-3.08795 	4.15178 	11.4448 	-0.468599 	0.547127 	-0.0045922 	
5.355	-2.88745 	3.99741 	10.9639 	-0.451321 	0.522491 	-0.00442654 	
5.36	-3.09103 	4.14246 	11.4346 	-0.467782 	0.546226 	-0.0039612 	
5.365	-2.88969 	3.98855 	10.9537 	-0.450546 	0.521616 	-0.00383097 	
5.37	-3.09127 	4.13356 	11.4227 	-0.467008 	0.545287 	-0.00337722 	
5.375	-2.88934 	3.98011 	10.9419 	-0.449812 	0.520709 	-0.00327874 	
5.38	-3.08921 	4.12512 	11.4095 	-0.466281 	0.544331 	-0.00283232 	
5.385	-2.8869 	3.9721 	10.929 	-0.449125 	0.51979 	-0.0027627 	
5.39	-3.08532 	4.11713 	11.3955 	-0.465604 	0.543374 	-0.00232058 	
5.395	-2.88279 	3.96453 	10.9154 	-0.448484 	0.518871 	-0.00227751 	
5.4	-3.07995 	4.10957 	11.3809 	-0.464975 	0.542424 	-0.00183754 	
5.405	-2.87734 	3.95737 	10.9014 	-0.44789 	0.517962 	-0.00181911 	
5.41	-3.07344 	4.10242 	11.3661 	-0.464393 	0.541489 	-0.00137979 	
5.415	-2.87085 	3.95058 	10.8871 	-0.447339 	0.517067 	-0.00138434 	
5.42	-3.06603 	4.09565 	11.3511 	-0.463852 	0.540572 	-0.000944485 	
5.425	-2.86354 	3.94415 	10.8726 	-0.446828 	0.516191 	-0.000970652 	
5.43	-3.05793 	4.08921 	11.3361 	-0.463351 	0.539677 	-0.000529425 	
5.435	-2.85563 	3.93804 	10.8582 	-0.446354 	0.515336 	-0.000576013 	
5.44	-3.04933 	4.08309 	11.3211 	-0.462886 	0.538805 	-0.000132829 	
5.445	-2.84726 	3.93222 	10.8439 	-0.445913 	0.514503 	-0.000198714 	
5.45	-3.04036 	4.07725 	11.3062 	-0.462453 	0.537956 	0.000247012 	
5.455	-2.83857 	3.92667 	10.8296 	-0.445503 	0.513693 	0.000162758 	
5.46	-3.03114 	4.07166 	11.2916 	-0.462048 	0.53713 	0.000611352 	
5.465	-2.82967 	3.92136 	10.8156 	-0.445119 	0.512905 	0.000509625 	
5.47	-3.02177 	4.0663 	11.2771 	-0.46167 	0.536328 	0.000961436 	
5.475	-2.63264 	3.77259 	10.3467 	-0.428437 	0.489063 	0.000474868 	
5.48	-2.27468 	3.49538 	9.47218 	-0.397001 	0.444771 	-0.000220056 	
5.485	-1.94264 	3.2385 	8.66176 	-0.367863 	0.403724 	-0.000854085 	
5.49	-1.75364 	3.13933 	8.31844 	-0.360644 	0.386449 	0.00276623 	
5.495	-1.8268 	3.35562 	8.84139 	-0.393901 	0.413249 	0.012454 	
5.5	-1.55822 	3.20059 	8.15433 	-0.366089 	0.378361 	0.00470522 	
5.505	-1.28789 	2.9938 	7.46446 	-0.339552 	0.343375 	0.00179959 	
5.51	-1.0565 	2.85902 	6.87303 	-0.315641 	0.313345 	-0.00473168 	
5.515	-0.818203 	2.6659 	6.2672 	-0.292658 	0.282623 	-0.00614957 	
5.52	-0.636459 	2.5718 	5.78016 	-0.272249 	0.258026 	-0.0135706 	
5.525	-0.650296 	2.7476 	5.9129 	-0.278964 	0.264935 	-0.0214621 	
5.53	-0.860518 	3.18888 	6.97784 	-0.33494 	0.318167 	-0.0107178 	
5.535	-0.782516 	3.18295 	6.91749 	-0.337101 	0.314905 	-0.00743119 	
5.54	-1.00004 	3.58016 	7.88873 	-0.38744 	0.363787 	0.00151319 	
5.545	-0.910771 	3.512 	7.69416 	-0.382301 	0.354068 	0.00330177 	
5.55	-1.12772 	3.83874 	8.51426 	-0.424207 	0.395889 	0.0100706 	
5.555	-1.02989 	3.74185 	8.2538 	-0.415332 	0.382905 	0.0109922 	
5.56	-1.24369 	4.01912 	8.96572 	-0.451193 	0.419617 	0.0162115 	
5.565	-1.13815 	3.90254 	8.65895 	-0.439614 	0.404286 	0.0164909 	
5.57	-1.34809 	4.14457 	9.29416 	-0.471077 	0.437306 	0.0206089 	
5.575	-1.08162 	3.84409 	8.50419 	-0.436965 	0.397097 	0.0186119 	
5.58	-0.836544 	3.56188 	7.76487 	-0.4049 	0.35954 	0.0165977 	
5.585	-0.609194 	3.30037 	7.0797 	-0.375178 	0.324735 	0.0147393 	
5.59	-0.398302 	3.05803 	6.4447 	-0.347629 	0.292479 	0.0130237 	
5.595	-0.202692 	2.83346 	5.85618 	-0.322094 	0.262586 	0.0114393 	
5.6	-0.0212669 	2.62534 	5.31073 	-0.298425 	0.234883 	0.00997525 	
5.605	0.146991 	2.43249 	4.8052 	-0.276486 	0.209208 	0.00862194 	
5.61	0.303032 	2.25377 	4.33664 	-0.256152 	0.185414 	0.00737047 	
5.615	0.447735 	2.08814 	3.90235 	-0.237304 	0.163361 	0.00621272 	
5.62	0.581921 	1.93465 	3.49982 	-0.219835 	0.142923 	0.0051413 	
5.625	0.706352 	1.79241 	3.12671 	-0.203643 	0.123981 	0.00414944 	
5.63	0.820134 	1.66589 	2.77458 	-0.187965 	0.10614 	0.00225897 	
5.635	0.742559 	1.85616 	3.15871 	-0.20626 	0.124821 	0.00266542 	
5.64	0.315576 	2.61048 	4.9798 	-0.293566 	0.214559 	0.0141584 	
5.645	0.274873 	2.69681 	5.18306 	-0.304074 	0.224468 	0.0160128 	
5.65	-0.132205 	3.33288 	6.74098 	-0.378002 	0.301845 	0.0247554 	
5.655	-0.143405 	3.33573 	6.75222 	-0.378969 	0.302541 	0.0249741 	
5.66	-0.529132 	3.83326 	8.00594 	-0.43732 	0.365747 	0.0305099 	
5.665	-0.51289 	3.7769 	7.87768 	-0.43147 	0.359659 	0.0296898 	
5.67	-0.87574 	4.1745 	8.90837 	-0.478549 	0.412376 	0.0330632 	
5.675	-0.834356 	4.07743 	8.68102 	-0.467969 	0.401379 	0.0316544 	
5.68	-1.17392 	4.40607 	9.55394 	-0.507229 	0.446569 	0.0336905 	
5.685	-1.1089 	4.28254 	9.25885 	-0.493555 	0.432112 	0.0320738 	
5.69	-1.42681 	4.56338 	10.0192 	-0.52734 	0.471853 	0.0332731 	
5.695	-1.15419 	4.23167 	9.1748 	-0.489059 	0.429046 	0.0303421 	
5.7	-0.903639 	3.92122 	8.38632 	-0.453181 	0.389144 	0.0274523 	
5.705	-0.671179 	3.63353 	7.6556 	-0.419924 	0.352167 	0.0247844 	
5.71	-0.455523 	3.36693 	6.97838 	-0.389098 	0.317899 	0.0223203 	
5.715	-0.255472 	3.11988 	6.35074 	-0.360525 	0.286141 	0.0200436 	
5.72	-0.0699112 	2.89094 	5.76904 	-0.334041 	0.256711 	0.0179392 	
5.725	0.102198 	2.67879 	5.22992 	-0.309492 	0.229436 	0.0159934 	
5.73	0.261821 	2.48218 	4.73023 	-0.286738 	0.204158 	0.0141936 	
5.735	0.409856 	2.29998 	4.2671 	-0.265648 	0.180732 	0.0125284 	
5.74	0.312855 	2.4455 	4.60464 	-0.281566 	0.195961 	0.0140054 	
5.745	-0.294838 	3.2288 	6.53891 	-0.368765 	0.288291 	0.0207596 	
5.75	-0.422573 	3.16539 	6.75705 	-0.360244 	0.296902 	0.0189241 	
5.755	-0.756552 	3.28065 	7.83827 	-0.376344 	0.344322 	0.0236313 	
5.76	-0.771019 	3.16178 	7.77329 	-0.363293 	0.340091 	0.0235294 	
5.765	-1.0487 	3.25387 	8.59227 	-0.376958 	0.376588 	0.0281484 	
5.77	-1.01785 	3.2553 	8.46155 	-0.376196 	0.371583 	0.0267702 	
5.775	-1.3688 	3.71497 	9.4838 	-0.427633 	0.424818 	0.028629 	
5.78	-1.32269 	3.68028 	9.27783 	-0.423032 	0.416118 	0.0267927 	
5.785	-1.67969 	4.09285 	10.2126 	-0.468861 	0.465317 	0.0271379 	
5.79	-1.63855 	4.00732 	9.9003 	-0.45748 	0.45173 	0.0230706 	
5.795	-2.0814 	4.36504 	10.7377 	-0.494782 	0.49783 	0.0178833 	
5.8	-1.92889 	4.27132 	10.4264 	-0.486612 	0.482298 	0.0201118 	
5.805	-2.26925 	4.55765 	11.0922 	-0.517068 	0.518841 	0.01673 	
5.81	-2.10343 	4.44003 	10.7366 	-0.506356 	0.500963 	0.0189143 	
5.815	-2.43034 	4.69111 	11.3314 	-0.5329 	0.533978 	0.0150739 	
5.82	-2.25925 	4.55436 	10.9396 	-0.51988 	0.514275 	0.016864 	
5.825	-2.56637 	4.78649 	11.4974 	-0.544631 	0.545208 	0.0133982 	
5.83	-2.3894 	4.63685 	11.0806 	-0.529953 	0.524179 	0.0149209 	
5.835	-2.67963 	4.85516 	11.6122 	-0.553464 	0.553576 	0.0118618 	
5.84	-2.49715 	4.69657 	11.1773 	-0.537543 	0.531554 	0.0131789 	
5.845	-2.773 	4.90454 	11.6899 	-0.560182 	0.559797 	0.0105239 	
5.85	-2.58552 	4.73964 	11.2419 	-0.543312 	0.537021 	0.0116787 	
5.855	-2.84914 	4.93989 	11.7408 	-0.565344 	0.564392 	0.00940947 	
5.86	-2.60145 	4.59592 	11.1767 	-0.52851 	0.533656 	0.00989125 	
5.865	-2.70133 	4.27609 	11.3501 	-0.492694 	0.538696 	0.00543767 	
5.87	-2.49326 	4.00757 	10.7854 	-0.461671 	0.508704 	0.00346372 	
5.875	-2.59457 	3.84532 	10.9869 	-0.443547 	0.514852 	0.000632057 	
5.88	-2.38806 	3.62984 	10.5575 	-0.417338 	0.490848 	-0.00165419 	
5.885	-2.44087 	3.54814 	10.7566 	-0.408365 	0.496698 	-0.00360662 	
5.89	-2.29652 	3.32517 	10.3216 	-0.380693 	0.473867 	-0.00638183 	
5.895	-2.35401 	3.12367 	10.5125 	-0.359274 	0.480282 	-0.00641775 	
5.9	-2.26865 	3.17648 	10.2972 	-0.361978 	0.471066 	-0.00763587 	
5.905	-2.46336 	3.50326 	10.8518 	-0.399048 	0.50115 	-0.00543055 	
5.91	-2.36542 	3.5266 	10.6043 	-0.39857 	0.489997 	-0.00672961 	
5.915	-2.55817 	3.82003 	11.1246 	-0.4323 	0.518257 	-0.00477585 	
5.92	-2.45046 	3.80373 	10.8286 	-0.428084 	0.504536 	-0.00604763 	
5.925	-2.6421 	4.06595 	11.3164 	-0.458815 	0.531119 	-0.00426286 	
5.93	-2.5244 	4.01813 	10.9828 	-0.451626 	0.515342 	-0.00543928 	
5.935	-2.71527 	4.2571 	11.4489 	-0.480081 	0.540764 	-0.00379078 	
5.94	-2.58753 	4.18455 	11.0866 	-0.470558 	0.523361 	-0.00481858 	
5.945	-2.77841 	4.4066 	11.5393 	-0.497299 	0.548032 	-0.00330951 	
5.95	-2.62258 	4.26531 	11.0929 	-0.474812 	0.52496 	-0.00977946 	
5.955	-2.74357 	4.31294 	11.3173 	-0.466148 	0.534349 	-0.0245067 	
5.96	-2.38762 	4.02739 	10.3462 	-0.428687 	0.485613 	-0.0285096 	
5.965	-2.31159 	4.0376 	9.96697 	-0.412591 	0.466735 	-0.0413392 	
5.97	-2.69595 	4.42665 	10.8827 	-0.458371 	0.512081 	-0.038578 	
5.975	-2.49878 	4.27566 	10.4274 	-0.445428 	0.489554 	-0.0349302 	
5.98	-2.65295 	4.4727 	10.8936 	-0.473143 	0.514352 	-0.029461 	
5.985	-2.46018 	4.31588 	10.4304 	-0.458689 	0.491359 	-0.0267177 	
5.99	-2.62016 	4.49655 	10.8691 	-0.483982 	0.514867 	-0.022262 	
5.995	-2.43023 	4.3379 	10.4078 	-0.468751 	0.491847 	-0.0200441 	
6	-2.59388 	4.51596 	10.8468 	-0.493283 	0.515293 	-0.0160886 	
6.005	-2.4061 	4.35606 	10.3874 	-0.477412 	0.492264 	-0.0143119 	
6.01	-2.5723 	4.53324 	10.829 	-0.501435 	0.515753 	-0.0107393 	
6.015	-2.38628 	4.37224 	10.3713 	-0.485005 	0.49271 	-0.00934496 	
6.02	-2.55454 	4.54872 	10.8151 	-0.508592 	0.516232 	-0.00610258 	
6.025	-2.36999 	4.38673 	10.3586 	-0.491671 	0.493168 	-0.00504027 	
6.03	-2.53996 	4.56256 	10.804 	-0.514874 	0.516704 	-0.00208622 	
6.035	-2.35662 	4.39969 	10.3484 	-0.497521 	0.493617 	-0.00131204 	
6.04	-2.52803 	4.57492 	10.795 	-0.520386 	0.517156 	0.00139055 	
6.045	-2.34568 	4.41126 	10.3402 	-0.502656 	0.494045 	0.00191496 	
6.05	-2.51827 	4.58597 	10.7876 	-0.525225 	0.517579 	0.00439877 	
6.055	-2.33675 	4.42162 	10.3333 	-0.507165 	0.494443 	0.00470689 	
6.06	-2.51101 	4.59379 	10.7772 	-0.529238 	0.517795 	0.00692078 	
6.065	-2.16186 	4.25726 	9.87285 	-0.490393 	0.471466 	0.0057184 	
6.07	-1.83803 	3.94552 	9.03484 	-0.454387 	0.428539 	0.00460789 	
6.075	-1.57396 	3.58187 	8.7848 	-0.411222 	0.429658 	0.00263542 	
6.08	-1.40214 	3.09608 	9.60693 	-0.351654 	0.512538 	-0.00113282 	
6.085	-1.13486 	2.80146 	9.25252 	-0.316686 	0.502778 	-0.00219153 	
6.09	-0.894731 	2.37405 	9.91181 	-0.264603 	0.570965 	-0.0035291 	
6.095	-0.736499 	2.14753 	9.68718 	-0.235603 	0.567332 	-0.00534848 	
6.1	-0.632786 	1.88073 	10.1216 	-0.20075 	0.611301 	-0.00684262 	
6.105	-0.478633 	1.70073 	9.81883 	-0.176644 	0.600516 	-0.00890786 	
6.11	-0.368096 	1.4358 	10.1971 	-0.142467 	0.641706 	-0.00928725 	
6.115	-0.242202 	1.30478 	9.86047 	-0.123647 	0.626208 	-0.0116561 	
6.12	-0.170545 	1.08532 	10.2219 	-0.0945739 	0.664045 	-0.0116426 	
6.125	-0.0663217 	0.992652 	9.86516 	-0.0800127 	0.645257 	-0.0141963 	
6.13	-0.0206791 	0.808948 	10.2171 	-0.0550382 	0.680663 	-0.0139097 	
6.135	0.0680463 	0.74581 	9.84833 	-0.0439038 	0.659515 	-0.0165667 	
6.14	0.0950771 	0.590134 	10.1961 	-0.0222288 	0.693198 	-0.0160721 	
6.145	0.172545 	0.549846 	9.82028 	-0.0138789 	0.670329 	-0.0187685 	
6.15	0.185972 	0.41638 	10.1671 	0.00511616 	0.702781 	-0.0181186 	
6.155	0.255126 	0.393835 	9.78733 	0.0111853 	0.678634 	-0.0208059 	
6.16	0.258368 	0.278157 	10.1352 	0.0279863 	0.710199 	-0.0200429 	
6.165	0.321296 	0.269421 	9.75322 	0.0321745 	0.68508 	-0.0226859 	
6.17	0.316712 	0.168126 	10.1032 	0.0471676 	0.716002 	-0.0218437 	
6.175	0.372064 	0.171529 	9.71135 	0.0495816 	0.689448 	-0.0243067 	
6.18	0.362416 	0.081224 	10.0751 	0.0632127 	0.720734 	-0.023477 	
6.185	0.436561 	0.0851453 	9.74451 	0.0657841 	0.698368 	-0.0270223 	
6.19	0.395892 	0.0186027 	10.0073 	0.0762528 	0.721423 	-0.0257691 	
6.195	0.485621 	0.0104146 	9.77256 	0.0802901 	0.706318 	-0.0298797 	
6.2	0.540462 	-0.0435028 	9.92349 	0.0908405 	0.721025 	-0.0337036 	
6.205	0.604006 	-0.0497873 	9.70471 	0.0941518 	0.706862 	-0.0370231 	
6.21	0.649573 	-0.0963294 	9.85775 	0.103523 	0.721226 	-0.0403699 	
6.215	0.704694 	-0.0978817 	9.64321 	0.105855 	0.706975 	-0.0431808 	
6.22	0.711753 	-0.143971 	9.84118 	0.114572 	0.7244 	-0.0450635 	
6.225	0.692472 	-0.146136 	9.70197 	0.115838 	0.715383 	-0.0449469 	
6.23	0.771003 	-0.154098 	9.75588 	0.120478 	0.720475 	-0.0486252 	
6.235	0.739776 	-0.15651 	9.66874 	0.121115 	0.714909 	-0.0470641 	
6.24	0.699293 	-0.181417 	9.84881 	0.126101 	0.729668 	-0.0462221 	
6.245	0.700161 	-0.166324 	9.64595 	0.124705 	0.714949 	-0.0457195 	
6.25	0.658332 	-0.194809 	9.88317 	0.129917 	0.733847 	-0.0444167 	
6.255	0.672393 	-0.170129 	9.62335 	0.127425 	0.714583 	-0.0446032 	
6.26	0.614623 	-0.196983 	9.89362 	0.132084 	0.735624 	-0.0423943 	
6.265	0.652123 	-0.161901 	9.54888 	0.128379 	0.709777 	-0.0435078 	
6.27	0.566983 	-0.175141 	9.95821 	0.129011 	0.739226 	-0.0402607 	
6.275	0.40664 	0.0411064 	9.81297 	0.0969678 	0.716777 	-0.0362979 	
6.28	0.167334 	0.286733 	10.139 	0.0688574 	0.728255 	-0.0301608 	
6.285	0.0618909 	0.299211 	10.0479 	0.0574848 	0.718673 	-0.0217333 	
6.29	-0.154791 	0.687512 	10.2457 	0.0170181 	0.715186 	-0.0248096 	
6.295	-0.220089 	0.779284 	10.0615 	-0.000969489 	0.69573 	-0.0211552 	
6.3	-0.36593 	0.867363 	10.3725 	-0.0116358 	0.713401 	-0.0171057 	
6.305	-0.43136 	1.04763 	10.1252 	-0.0382432 	0.685628 	-0.0163377 	
6.31	-0.619699 	1.43527 	10.2786 	-0.0780026 	0.679211 	-0.021139 	
6.315	-0.663075 	1.56899 	10.0359 	-0.0998998 	0.6538 	-0.0195385 	
6.32	-0.836375 	1.91587 	10.2046 	-0.135831 	0.650176 	-0.0234142 	
6.325	-0.862535 	2.0115 	9.9762 	-0.154314 	0.6273 	-0.020737 	
6.33	-1.02398 	2.32435 	10.1608 	-0.187097 	0.626218 	-0.0237932 	
6.335	-0.9667 	2.22517 	9.9938 	-0.18514 	0.616352 	-0.0195305 	
6.34	-0.91755 	2.03335 	10.3391 	-0.164241 	0.649335 	-0.0196653 	
6.345	-0.868436 	1.95402 	10.1541 	-0.164279 	0.637367 	-0.0152331 	
6.35	-0.799748 	1.77115 	10.3803 	-0.14028 	0.662793 	-0.0178477 	
6.355	-0.629842 	1.61698 	9.9345 	-0.123546 	0.638354 	-0.0181316 	
6.36	-0.561377 	1.38512 	10.3414 	-0.0949201 	0.678673 	-0.0174299 	
6.365	-0.416436 	1.26551 	9.90035 	-0.0816743 	0.653109 	-0.0181253 	
6.37	-0.368748 	1.07076 	10.3064 	-0.0568296 	0.691767 	-0.0174492 	
6.375	-0.242836 	0.981709 	9.8673 	-0.0466688 	0.665023 	-0.0184256 	
6.38	-0.215882 	0.819595 	10.2639 	-0.0251924 	0.701594 	-0.0177583 	
6.385	-0.104772 	0.754798 	9.82761 	-0.0175741 	0.673963 	-0.0189303 	
6.39	-0.0941432 	0.61879 	10.2186 	0.00116534 	0.708974 	-0.0182877 	
6.395	0.00353865 	0.572363 	9.79099 	0.00680298 	0.681079 	-0.0196237 	
6.4	-0.00389186 	0.455109 	10.1954 	0.0236463 	0.716114 	-0.0191166 	
6.405	0.131655 	0.476138 	9.38422 	0.0215829 	0.657981 	-0.0224147 	
6.41	0.255888 	0.525691 	8.66371 	0.0185972 	0.605502 	-0.0266559 	
6.415	0.291935 	0.545444 	8.43029 	0.012133 	0.58681 	-0.0244194 	
