0.0	0.310429	-0.173769	0.537008	0.180534	-1.45468	-0.24872
0.005	0.310429	-0.173769	0.537008	0.180534	-1.45468	-0.24872
0.01	0.310429	-0.173769	0.537008	0.180534	-1.45468	-0.24872
0.015	0.31043	-0.173769	0.537008	0.180534	-1.45468	-0.24872
0.02	0.310431	-0.173769	0.537008	0.180534	-1.45468	-0.24872
0.025	0.310433	-0.173769	0.537009	0.180534	-1.45468	-0.24872
0.03	0.310435	-0.173769	0.537009	0.180534	-1.45468	-0.24872
0.035	0.310438	-0.173769	0.53701	0.180534	-1.45468	-0.24872
0.04	0.310441	-0.173769	0.53701	0.180534	-1.45468	-0.24872
0.045	0.310445	-0.173769	0.537011	0.180534	-1.45468	-0.24872
0.05	0.31045	-0.173769	0.537012	0.180534	-1.45468	-0.24872
0.055	0.310455	-0.17377	0.537013	0.180534	-1.45468	-0.24872
0.06	0.310461	-0.17377	0.537014	0.180534	-1.45468	-0.24872
0.065	0.310467	-0.17377	0.537015	0.180534	-1.45468	-0.24872
0.07	0.310473	-0.17377	0.537016	0.180534	-1.45468	-0.24872
0.075	0.310481	-0.17377	0.537018	0.180534	-1.45468	-0.24872
0.08	0.310488	-0.17377	0.537019	0.180534	-1.45468	-0.24872
0.085	0.310497	-0.17377	0.537021	0.180534	-1.45468	-0.24872
0.09	0.310505	-0.173771	0.537022	0.180534	-1.45468	-0.24872
0.095	0.310516	-0.173771	0.537024	0.180534	-1.45468	-0.24872
0.1	0.310526	-0.173771	0.537026	0.180534	-1.45468	-0.24872
0.105	0.310536	-0.173771	0.537028	0.180534	-1.45468	-0.24872
0.11	0.310547	-0.173771	0.53703	0.180534	-1.45468	-0.24872
0.115	0.310559	-0.173772	0.537032	0.180534	-1.45468	-0.24872
0.12	0.310571	-0.173772	0.537034	0.180534	-1.45468	-0.24872
0.125	0.310583	-0.173772	0.537037	0.180534	-1.45468	-0.24872
0.13	0.310597	-0.173772	0.537039	0.180534	-1.45468	-0.24872
0.135	0.31061	-0.173773	0.537042	0.180534	-1.45468	-0.24872
0.14	0.310624	-0.173773	0.537044	0.180534	-1.45468	-0.24872
0.145	0.310639	-0.173773	0.537047	0.180534	-1.45468	-0.24872
0.15	0.310654	-0.173774	0.53705	0.180534	-1.45468	-0.24872
0.155	0.31067	-0.173774	0.537053	0.180534	-1.45468	-0.24872
0.16	0.310687	-0.173774	0.537056	0.180534	-1.45468	-0.24872
0.165	0.310641	-0.173759	0.53704	0.178912	-1.45354	-0.246485
0.17	0.310658	-0.173759	0.537043	0.178912	-1.45354	-0.246485
0.175	0.310676	-0.17376	0.537047	0.178912	-1.45354	-0.246485
0.18	0.310695	-0.17376	0.53705	0.178912	-1.45354	-0.246485
0.185	0.310714	-0.17376	0.537054	0.178912	-1.45354	-0.246485
0.19	0.310733	-0.173761	0.537057	0.178912	-1.45354	-0.246485
0.195	0.310753	-0.173761	0.537061	0.178912	-1.45354	-0.246485
0.2	0.310774	-0.173762	0.537065	0.178912	-1.45354	-0.246485
0.205	0.310795	-0.173762	0.537069	0.178912	-1.45354	-0.246485
0.21	0.310816	-0.173762	0.537073	0.178912	-1.45354	-0.246485
0.215	0.310839	-0.173763	0.537077	0.178912	-1.45354	-0.246485
0.22	0.310861	-0.173763	0.537081	0.178912	-1.45354	-0.246485
0.225	0.310823	-0.173749	0.537066	0.177313	-1.45242	-0.244282
0.23	0.310846	-0.173749	0.537071	0.177313	-1.45242	-0.244282
0.235	0.310871	-0.173749	0.537075	0.177313	-1.45242	-0.244282
0.24	0.310895	-0.17375	0.53708	0.177313	-1.45242	-0.244282
0.245	0.310921	-0.17375	0.537085	0.177313	-1.45242	-0.244282
0.25	0.310946	-0.173751	0.537089	0.177313	-1.45242	-0.244282
0.255	0.310973	-0.173751	0.537094	0.177313	-1.45242	-0.244282
0.26	0.310999	-0.173752	0.537099	0.177313	-1.45242	-0.244282
0.265	0.311027	-0.173752	0.537104	0.177313	-1.45242	-0.244282
0.27	0.311054	-0.173753	0.537109	0.177313	-1.45242	-0.244282
0.275	0.311017	-0.173738	0.537095	0.175618	-1.45123	-0.241947
0.28	0.311046	-0.173738	0.5371	0.175618	-1.45123	-0.241947
0.285	0.311076	-0.173739	0.537106	0.175618	-1.45123	-0.241947
0.29	0.311105	-0.173739	0.537111	0.175618	-1.45123	-0.241947
0.295	0.311136	-0.17374	0.537117	0.175618	-1.45123	-0.241947
0.3	0.311167	-0.17374	0.537122	0.175618	-1.45123	-0.241947
0.305	0.311198	-0.173741	0.537128	0.175618	-1.45123	-0.241947
0.31	0.31123	-0.173741	0.537134	0.175618	-1.45123	-0.241947
0.315	0.3112	-0.173727	0.537121	0.174005	-1.4501	-0.239725
0.32	0.311233	-0.173728	0.537127	0.174005	-1.4501	-0.239725
0.325	0.311266	-0.173728	0.537134	0.174005	-1.4501	-0.239725
0.33	0.3113	-0.173729	0.53714	0.174005	-1.4501	-0.239725
0.335	0.311334	-0.173729	0.537146	0.174005	-1.4501	-0.239725
0.34	0.311369	-0.17373	0.537153	0.174005	-1.4501	-0.239725
0.345	0.311404	-0.17373	0.537159	0.174005	-1.4501	-0.239725
0.35	0.311379	-0.173717	0.537147	0.172425	-1.44899	-0.237548
0.355	0.311416	-0.173717	0.537154	0.172425	-1.44899	-0.237548
0.36	0.311452	-0.173718	0.537161	0.172425	-1.44899	-0.237548
0.365	0.31149	-0.173719	0.537168	0.172425	-1.44899	-0.237548
0.37	0.311527	-0.173719	0.537175	0.172425	-1.44899	-0.237548
0.375	0.311566	-0.17372	0.537182	0.172425	-1.44899	-0.237548
0.38	0.311604	-0.17372	0.537189	0.172425	-1.44899	-0.237548
0.385	0.311577	-0.173706	0.537176	0.170708	-1.44779	-0.235182
0.39	0.311617	-0.173706	0.537184	0.170708	-1.44779	-0.235182
0.395	0.311657	-0.173707	0.537191	0.170708	-1.44779	-0.235182
0.4	0.311698	-0.173707	0.537198	0.170708	-1.44779	-0.235182
0.405	0.311739	-0.173708	0.537206	0.170708	-1.44779	-0.235182
0.41	0.311781	-0.173708	0.537214	0.170708	-1.44779	-0.235182
0.415	0.31176	-0.173695	0.537203	0.169088	-1.44665	-0.232951
0.42	0.311803	-0.173696	0.537211	0.169088	-1.44665	-0.232951
0.425	0.311846	-0.173696	0.537218	0.169089	-1.44665	-0.232951
0.43	0.311889	-0.173697	0.537226	0.169089	-1.44665	-0.232951
0.435	0.311933	-0.173697	0.537235	0.169089	-1.44665	-0.232951
0.44	0.311978	-0.173698	0.537243	0.169089	-1.44665	-0.232951
0.445	0.311956	-0.173684	0.537231	0.16738	-1.44546	-0.230597
0.45	0.312002	-0.173685	0.53724	0.16738	-1.44546	-0.230597
0.455	0.312047	-0.173685	0.537248	0.16738	-1.44546	-0.230597
0.46	0.312094	-0.173686	0.537257	0.16738	-1.44546	-0.230597
0.465	0.312141	-0.173686	0.537265	0.16738	-1.44546	-0.230597
0.47	0.312188	-0.173687	0.537274	0.16738	-1.44546	-0.230597
0.475	0.312165	-0.173672	0.537262	0.165564	-1.44418	-0.228096
0.48	0.312213	-0.173673	0.537271	0.165564	-1.44418	-0.228096
0.485	0.312262	-0.173673	0.537279	0.165564	-1.44418	-0.228096
0.49	0.312311	-0.173674	0.537288	0.165564	-1.44418	-0.228096
0.495	0.31236	-0.173674	0.537297	0.165564	-1.44418	-0.228096
0.5	0.312347	-0.173662	0.537288	0.163939	-1.44304	-0.225857
0.505	0.312397	-0.173662	0.537297	0.163939	-1.44304	-0.225857
0.51	0.312448	-0.173663	0.537307	0.163939	-1.44304	-0.225857
0.515	0.312499	-0.173663	0.537316	0.163939	-1.44304	-0.225857
0.52	0.312551	-0.173664	0.537325	0.163939	-1.44304	-0.225857
0.525	0.312538	-0.173651	0.537316	0.162268	-1.44187	-0.223555
0.53	0.312591	-0.173651	0.537325	0.162268	-1.44187	-0.223555
0.535	0.312643	-0.173652	0.537335	0.162268	-1.44187	-0.223555
0.54	0.312697	-0.173652	0.537345	0.162268	-1.44187	-0.223555
0.545	0.312751	-0.173653	0.537355	0.162268	-1.44187	-0.223555
0.55	0.312737	-0.17364	0.537345	0.16053	-1.44065	-0.22116
0.555	0.312792	-0.17364	0.537355	0.16053	-1.44065	-0.22116
0.56	0.312847	-0.17364	0.537365	0.16053	-1.44065	-0.22116
0.565	0.312902	-0.173641	0.537375	0.16053	-1.44065	-0.22116
0.57	0.312958	-0.173641	0.537385	0.16053	-1.44065	-0.22116
0.575	0.312944	-0.173628	0.537375	0.158723	-1.43939	-0.21867
0.58	0.313001	-0.173628	0.537385	0.158723	-1.43939	-0.21867
0.585	0.313058	-0.173629	0.537396	0.158723	-1.43939	-0.21867
0.59	0.313116	-0.173629	0.537406	0.158723	-1.43939	-0.21867
0.595	0.313174	-0.173629	0.537417	0.158723	-1.43939	-0.21867
0.6	0.313159	-0.173616	0.537406	0.156849	-1.43807	-0.216089
0.605	0.313218	-0.173616	0.537417	0.156849	-1.43807	-0.216089
0.61	0.313277	-0.173616	0.537428	0.156849	-1.43807	-0.216089
0.615	0.313336	-0.173617	0.537439	0.156849	-1.43807	-0.216089
0.62	0.313335	-0.173605	0.537432	0.155264	-1.43696	-0.213905
0.625	0.313395	-0.173606	0.537443	0.155264	-1.43696	-0.213905
0.63	0.313456	-0.173606	0.537454	0.155264	-1.43696	-0.213905
0.635	0.313517	-0.173606	0.537465	0.155264	-1.43696	-0.213905
0.64	0.313516	-0.173595	0.537458	0.153672	-1.43585	-0.211712
0.645	0.313578	-0.173595	0.537469	0.153672	-1.43585	-0.211712
0.65	0.31364	-0.173595	0.537481	0.153672	-1.43585	-0.211712
0.655	0.313703	-0.173596	0.537492	0.153672	-1.43585	-0.211712
0.66	0.313702	-0.173585	0.537485	0.152044	-1.4347	-0.209469
0.665	0.313766	-0.173585	0.537497	0.152044	-1.4347	-0.209469
0.67	0.313829	-0.173585	0.537508	0.152044	-1.4347	-0.209469
0.675	0.313893	-0.173585	0.53752	0.152044	-1.4347	-0.209469
0.68	0.313893	-0.173574	0.537513	0.150377	-1.43353	-0.207173
0.685	0.313958	-0.173574	0.537525	0.150377	-1.43353	-0.207173
0.69	0.314023	-0.173574	0.537536	0.150377	-1.43353	-0.207173
0.695	0.314088	-0.173574	0.537548	0.150377	-1.43353	-0.207173
0.7	0.314088	-0.173563	0.537541	0.148673	-1.43234	-0.204825
0.705	0.314154	-0.173563	0.537553	0.148673	-1.43234	-0.204825
0.71	0.314221	-0.173562	0.537565	0.148673	-1.43234	-0.204825
0.715	0.314288	-0.173562	0.537577	0.148673	-1.43234	-0.204825
0.72	0.314287	-0.173551	0.53757	0.146932	-1.43112	-0.202427
0.725	0.314354	-0.173551	0.537582	0.146932	-1.43112	-0.202427
0.73	0.314422	-0.173551	0.537595	0.146932	-1.43112	-0.202427
0.735	0.314491	-0.173551	0.537607	0.146932	-1.43112	-0.202427
0.74	0.31449	-0.17354	0.5376	0.145156	-1.42987	-0.199979
0.745	0.314559	-0.17354	0.537612	0.145156	-1.42987	-0.199979
0.75	0.314628	-0.173539	0.537625	0.145156	-1.42987	-0.199979
0.755	0.314698	-0.173539	0.537637	0.145156	-1.42987	-0.199979
0.76	0.314697	-0.173528	0.53763	0.143345	-1.4286	-0.197485
0.765	0.314767	-0.173528	0.537642	0.143345	-1.4286	-0.197485
0.77	0.314837	-0.173527	0.537655	0.143345	-1.4286	-0.197485
0.775	0.314908	-0.173527	0.537668	0.143345	-1.4286	-0.197485
0.78	0.314907	-0.173516	0.53766	0.141501	-1.42731	-0.194944
0.785	0.314979	-0.173516	0.537673	0.141501	-1.42731	-0.194944
0.79	0.315051	-0.173515	0.537686	0.141501	-1.42731	-0.194944
0.795	0.315123	-0.173515	0.537699	0.141501	-1.42731	-0.194944
0.8	0.315122	-0.173504	0.537692	0.139625	-1.426	-0.19236
0.805	0.315194	-0.173503	0.537705	0.139625	-1.426	-0.19236
0.81	0.315267	-0.173503	0.537718	0.139625	-1.426	-0.19236
0.815	0.315341	-0.173502	0.537731	0.139625	-1.426	-0.19236
0.82	0.315339	-0.173491	0.537723	0.137718	-1.42466	-0.189732
0.825	0.315413	-0.173491	0.537737	0.137718	-1.42466	-0.189732
0.83	0.315488	-0.17349	0.53775	0.137718	-1.42466	-0.189732
0.835	0.315562	-0.17349	0.537763	0.137718	-1.42466	-0.189732
0.84	0.315561	-0.173479	0.537756	0.135781	-1.4233	-0.187064
0.845	0.315636	-0.173478	0.537769	0.135781	-1.4233	-0.187064
0.85	0.315711	-0.173477	0.537782	0.135781	-1.4233	-0.187064
0.855	0.315787	-0.173477	0.537796	0.135781	-1.4233	-0.187064
0.86	0.315785	-0.173466	0.537788	0.133816	-1.42192	-0.184357
0.865	0.315861	-0.173465	0.537802	0.133816	-1.42192	-0.184357
0.87	0.315938	-0.173464	0.537815	0.133816	-1.42192	-0.184357
0.875	0.316014	-0.173464	0.537829	0.133816	-1.42192	-0.184357
0.88	0.316013	-0.173453	0.537821	0.131824	-1.42053	-0.181612
0.885	0.31609	-0.173452	0.537835	0.131824	-1.42053	-0.181612
0.89	0.316167	-0.173451	0.537849	0.131824	-1.42053	-0.181612
0.895	0.316183	-0.173443	0.537846	0.130261	-1.41943	-0.179459
0.9	0.316261	-0.173442	0.53786	0.130261	-1.41943	-0.179459
0.905	0.316339	-0.173441	0.537873	0.130261	-1.41943	-0.179459
0.91	0.316418	-0.17344	0.537887	0.130261	-1.41943	-0.179459
0.915	0.316418	-0.17343	0.53788	0.12827	-1.41803	-0.176715
0.92	0.316496	-0.173429	0.537894	0.12827	-1.41803	-0.176715
0.925	0.316575	-0.173428	0.537908	0.12827	-1.41803	-0.176715
0.93	0.316592	-0.17342	0.537905	0.126678	-1.41692	-0.174523
0.935	0.316671	-0.173419	0.537919	0.126678	-1.41692	-0.174523
0.94	0.316751	-0.173417	0.537933	0.126678	-1.41692	-0.174523
0.945	0.316769	-0.17341	0.537931	0.125116	-1.41582	-0.172371
0.95	0.316849	-0.173408	0.537945	0.125116	-1.41582	-0.172371
0.955	0.31693	-0.173407	0.537959	0.125116	-1.41582	-0.172371
0.96	0.316948	-0.173399	0.537957	0.123547	-1.41472	-0.170209
0.965	0.317029	-0.173398	0.537971	0.123547	-1.41472	-0.170209
0.97	0.31711	-0.173397	0.537986	0.123547	-1.41472	-0.170209
0.975	0.317129	-0.173389	0.537983	0.121966	-1.41361	-0.168031
0.98	0.31721	-0.173388	0.537998	0.121966	-1.41361	-0.168031
0.985	0.317292	-0.173386	0.538012	0.121966	-1.41361	-0.168031
0.99	0.31731	-0.173379	0.53801	0.120373	-1.4125	-0.165837
0.995	0.317392	-0.173377	0.538024	0.120373	-1.4125	-0.165837
1.0	0.317474	-0.173376	0.538039	0.120373	-1.4125	-0.165837
1.005	0.317493	-0.173368	0.538036	0.118771	-1.41137	-0.163629
1.01	0.317576	-0.173367	0.538051	0.118771	-1.41137	-0.163629
1.015	0.317658	-0.173365	0.538065	0.118771	-1.41137	-0.163629
1.02	0.317677	-0.173358	0.538063	0.117158	-1.41024	-0.161407
1.025	0.31776	-0.173356	0.538078	0.117158	-1.41024	-0.161407
1.03	0.317843	-0.173354	0.538092	0.117158	-1.41024	-0.161407
1.035	0.317862	-0.173347	0.53809	0.115535	-1.40911	-0.159172
1.04	0.317946	-0.173346	0.538105	0.115535	-1.40911	-0.159172
1.045	0.318029	-0.173344	0.538119	0.115535	-1.40911	-0.159172
1.05	0.318048	-0.173337	0.538117	0.113904	-1.40796	-0.156924
1.055	0.318132	-0.173335	0.538132	0.113904	-1.40796	-0.156924
1.06	0.318216	-0.173333	0.538146	0.113904	-1.40796	-0.156924
1.065	0.318235	-0.173326	0.538144	0.112264	-1.40681	-0.154665
1.07	0.318319	-0.173324	0.538159	0.112264	-1.40681	-0.154665
1.075	0.318404	-0.173322	0.538174	0.112264	-1.40681	-0.154665
1.08	0.318423	-0.173316	0.538172	0.110617	-1.40566	-0.152396
1.085	0.318508	-0.173313	0.538186	0.110617	-1.40566	-0.152396
1.09	0.318592	-0.173311	0.538201	0.110617	-1.40566	-0.152396
1.095	0.318612	-0.173305	0.538199	0.108963	-1.4045	-0.150116
1.1	0.318697	-0.173302	0.538214	0.108963	-1.4045	-0.150116
1.105	0.318782	-0.1733	0.538229	0.108963	-1.4045	-0.150116
1.11	0.318801	-0.173294	0.538227	0.107301	-1.40333	-0.147828
1.115	0.318886	-0.173292	0.538241	0.107301	-1.40333	-0.147828
1.12	0.318972	-0.173289	0.538256	0.107301	-1.40333	-0.147828
1.125	0.318991	-0.173283	0.538254	0.105634	-1.40216	-0.145531
1.13	0.319077	-0.173281	0.538269	0.105634	-1.40216	-0.145531
1.135	0.319162	-0.173278	0.538284	0.105634	-1.40216	-0.145531
1.14	0.319182	-0.173272	0.538282	0.103962	-1.40099	-0.143227
1.145	0.319268	-0.17327	0.538297	0.103962	-1.40099	-0.143227
1.15	0.319354	-0.173267	0.538312	0.103962	-1.40099	-0.143227
1.155	0.319373	-0.173261	0.53831	0.102284	-1.39981	-0.140916
1.16	0.319459	-0.173259	0.538325	0.102284	-1.39981	-0.140916
1.165	0.319545	-0.173256	0.538339	0.102284	-1.39981	-0.140916
1.17	0.319565	-0.17325	0.538338	0.100603	-1.39864	-0.138599
1.175	0.319651	-0.173248	0.538352	0.100603	-1.39864	-0.138599
1.18	0.319737	-0.173245	0.538367	0.100603	-1.39864	-0.138599
1.185	0.319757	-0.17324	0.538366	0.0989176	-1.39745	-0.136278
1.19	0.319843	-0.173237	0.53838	0.0989176	-1.39745	-0.136278
1.195	0.31993	-0.173234	0.538395	0.0989176	-1.39745	-0.136278
1.2	0.319949	-0.173229	0.538393	0.0972293	-1.39627	-0.133952
1.205	0.320036	-0.173225	0.538408	0.0972293	-1.39627	-0.133952
1.21	0.320122	-0.173222	0.538423	0.0972293	-1.39627	-0.133952
1.215	0.320142	-0.173218	0.538422	0.0955386	-1.39508	-0.131622
1.22	0.320229	-0.173214	0.538436	0.0955386	-1.39508	-0.131622
1.225	0.320315	-0.173211	0.538451	0.0955386	-1.39508	-0.131622
1.23	0.320335	-0.173207	0.53845	0.093846	-1.3939	-0.12929
1.235	0.320422	-0.173203	0.538464	0.093846	-1.3939	-0.12929
1.24	0.320508	-0.1732	0.538479	0.093846	-1.3939	-0.12929
1.245	0.320528	-0.173196	0.538478	0.0921521	-1.39271	-0.126957
1.25	0.320615	-0.173192	0.538492	0.0921521	-1.39271	-0.126957
1.255	0.320702	-0.173189	0.538507	0.0921521	-1.39271	-0.126957
1.26	0.320721	-0.173185	0.538506	0.0904576	-1.39152	-0.124622
1.265	0.320808	-0.173181	0.538521	0.0904576	-1.39152	-0.124622
1.27	0.320895	-0.173178	0.538535	0.0904576	-1.39152	-0.124622
1.275	0.320914	-0.173174	0.538534	0.088763	-1.39033	-0.122288
1.28	0.321001	-0.17317	0.538549	0.088763	-1.39033	-0.122288
1.285	0.321088	-0.173166	0.538563	0.088763	-1.39033	-0.122288
1.29	0.321107	-0.173163	0.538562	0.0870689	-1.38915	-0.119954
1.295	0.321194	-0.173159	0.538577	0.0870689	-1.38915	-0.119954
1.3	0.321281	-0.173155	0.538591	0.0870689	-1.38915	-0.119954
1.305	0.3213	-0.173152	0.53859	0.085376	-1.38796	-0.117621
1.31	0.321387	-0.173148	0.538605	0.085376	-1.38796	-0.117621
1.315	0.321473	-0.173144	0.538619	0.085376	-1.38796	-0.117621
1.32	0.321493	-0.173141	0.538618	0.0836848	-1.38677	-0.115291
1.325	0.321579	-0.173137	0.538633	0.0836848	-1.38677	-0.115291
1.33	0.321666	-0.173133	0.538647	0.0836848	-1.38677	-0.115291
1.335	0.321685	-0.17313	0.538646	0.0819959	-1.38559	-0.112965
1.34	0.321772	-0.173126	0.538661	0.0819959	-1.38559	-0.112965
1.345	0.321858	-0.173122	0.538675	0.0819959	-1.38559	-0.112965
1.35	0.321877	-0.173119	0.538674	0.0803099	-1.38441	-0.110642
1.355	0.321963	-0.173115	0.538688	0.0803099	-1.38441	-0.110642
1.36	0.32205	-0.17311	0.538703	0.0803099	-1.38441	-0.110642
1.365	0.322069	-0.173108	0.538702	0.0786274	-1.38323	-0.108324
1.37	0.322155	-0.173104	0.538716	0.0786274	-1.38323	-0.108324
1.375	0.322241	-0.173099	0.538731	0.0786274	-1.38323	-0.108324
1.38	0.32226	-0.173097	0.538729	0.076949	-1.38205	-0.106012
1.385	0.322346	-0.173093	0.538744	0.076949	-1.38205	-0.106012
1.39	0.322432	-0.173088	0.538758	0.076949	-1.38205	-0.106012
1.395	0.322451	-0.173086	0.538757	0.0752753	-1.38088	-0.103706
1.4	0.322536	-0.173082	0.538772	0.0752753	-1.38088	-0.103706
1.405	0.322622	-0.173077	0.538786	0.0752753	-1.38088	-0.103706
1.41	0.322641	-0.173075	0.538785	0.0736069	-1.37971	-0.101407
1.415	0.322726	-0.173071	0.538799	0.0736069	-1.37971	-0.101407
1.42	0.322811	-0.173066	0.538813	0.0736069	-1.37971	-0.101407
1.425	0.32283	-0.173064	0.538812	0.0719444	-1.37854	-0.0991169
1.43	0.322915	-0.17306	0.538827	0.0719444	-1.37854	-0.0991169
1.435	0.323	-0.173055	0.538841	0.0719444	-1.37854	-0.0991169
1.44	0.323019	-0.173054	0.53884	0.0702883	-1.37738	-0.0968353
1.445	0.323103	-0.173049	0.538854	0.0702883	-1.37738	-0.0968353
1.45	0.323188	-0.173044	0.538868	0.0702883	-1.37738	-0.0968353
1.455	0.323206	-0.173043	0.538867	0.0686393	-1.37622	-0.0945635
1.46	0.323291	-0.173038	0.538881	0.0686393	-1.37622	-0.0945635
1.465	0.323375	-0.173034	0.538895	0.0686393	-1.37622	-0.0945635
1.47	0.323393	-0.173032	0.538894	0.0669979	-1.37507	-0.0923021
1.475	0.323477	-0.173028	0.538908	0.0669979	-1.37507	-0.0923021
1.48	0.323561	-0.173023	0.538922	0.0669979	-1.37507	-0.0923021
1.485	0.323579	-0.173022	0.538921	0.0653647	-1.37393	-0.0900521
1.49	0.323663	-0.173017	0.538935	0.0653647	-1.37393	-0.0900521
1.495	0.323746	-0.173012	0.538949	0.0653647	-1.37393	-0.0900521
1.5	0.323764	-0.173011	0.538948	0.0637403	-1.37279	-0.0878141
1.505	0.323847	-0.173006	0.538962	0.0637403	-1.37279	-0.0878141
1.51	0.32393	-0.173001	0.538976	0.0637403	-1.37279	-0.0878141
1.515	0.323948	-0.173001	0.538975	0.0621252	-1.37166	-0.085589
1.52	0.32403	-0.172996	0.538989	0.0621252	-1.37166	-0.085589
1.525	0.324113	-0.172991	0.539002	0.0621252	-1.37166	-0.085589
1.53	0.324131	-0.17299	0.539001	0.06052	-1.37053	-0.0833776
1.535	0.324213	-0.172985	0.539015	0.06052	-1.37053	-0.0833776
1.54	0.324294	-0.17298	0.539029	0.06052	-1.37053	-0.0833776
1.545	0.324312	-0.17298	0.539028	0.0589253	-1.36941	-0.0811806
1.55	0.324394	-0.172975	0.539041	0.0589253	-1.36941	-0.0811806
1.555	0.324475	-0.17297	0.539055	0.0589253	-1.36941	-0.0811806
1.56	0.324493	-0.17297	0.539054	0.0573417	-1.3683	-0.0789989
1.565	0.324573	-0.172965	0.539067	0.0573417	-1.3683	-0.0789989
1.57	0.324654	-0.172959	0.539081	0.0573417	-1.3683	-0.0789989
1.575	0.324671	-0.172959	0.53908	0.0557697	-1.3672	-0.0768331
1.58	0.324752	-0.172954	0.539093	0.0557697	-1.3672	-0.0768331
1.585	0.324832	-0.172949	0.539106	0.0557697	-1.3672	-0.0768331
1.59	0.324849	-0.172949	0.539106	0.0542098	-1.36611	-0.0746841
1.595	0.324929	-0.172944	0.539119	0.0542098	-1.36611	-0.0746841
1.6	0.325008	-0.172939	0.539132	0.0542098	-1.36611	-0.0746841
1.605	0.325025	-0.172939	0.539131	0.0526626	-1.36502	-0.0725526
1.61	0.325104	-0.172934	0.539144	0.0526626	-1.36502	-0.0725526
1.615	0.325182	-0.172929	0.539157	0.0526626	-1.36502	-0.0725526
1.62	0.3252	-0.172929	0.539157	0.0511287	-1.36395	-0.0704394
1.625	0.325278	-0.172924	0.53917	0.0511287	-1.36395	-0.0704394
1.63	0.325356	-0.172919	0.539182	0.0511287	-1.36395	-0.0704394
1.635	0.325433	-0.172914	0.539195	0.0511287	-1.36395	-0.0704394
1.64	0.325432	-0.172916	0.539191	0.0491571	-1.36256	-0.067723
1.645	0.325509	-0.172911	0.539203	0.0491571	-1.36256	-0.067723
1.65	0.325586	-0.172905	0.539216	0.0491571	-1.36256	-0.067723
1.655	0.325601	-0.172906	0.539215	0.0476095	-1.36148	-0.0655909
1.66	0.325677	-0.172901	0.539228	0.0476095	-1.36148	-0.0655909
1.665	0.325753	-0.172896	0.53924	0.0476095	-1.36148	-0.0655909
1.67	0.325829	-0.17289	0.539252	0.0476095	-1.36148	-0.0655909
1.675	0.325828	-0.172893	0.539248	0.0456779	-1.36012	-0.0629297
1.68	0.325903	-0.172888	0.539261	0.0456779	-1.36012	-0.0629297
1.685	0.325978	-0.172883	0.539273	0.0456779	-1.36012	-0.0629297
1.69	0.326053	-0.172877	0.539285	0.0456779	-1.36012	-0.0629297
1.695	0.32605	-0.172881	0.539281	0.0437322	-1.35876	-0.0602491
1.7	0.326124	-0.172875	0.539293	0.0437322	-1.35876	-0.0602491
1.705	0.326198	-0.17287	0.539305	0.0437322	-1.35876	-0.0602491
1.71	0.326271	-0.172865	0.539317	0.0437322	-1.35876	-0.0602491
1.715	0.326268	-0.172868	0.539312	0.0418113	-1.35741	-0.0576027
1.72	0.326341	-0.172863	0.539324	0.0418113	-1.35741	-0.0576027
1.725	0.326414	-0.172858	0.539336	0.0418113	-1.35741	-0.0576027
1.73	0.326486	-0.172852	0.539348	0.0418113	-1.35741	-0.0576027
1.735	0.326483	-0.172856	0.539344	0.0399204	-1.35609	-0.0549976
1.74	0.326555	-0.172851	0.539355	0.0399204	-1.35609	-0.0549976
1.745	0.326626	-0.172845	0.539367	0.0399204	-1.35609	-0.0549976
1.75	0.326698	-0.17284	0.539378	0.0399204	-1.35609	-0.0549976
1.755	0.326694	-0.172844	0.539374	0.0380609	-1.35478	-0.0524358
1.76	0.326765	-0.172839	0.539386	0.0380609	-1.35478	-0.0524358
1.765	0.326835	-0.172833	0.539397	0.0380609	-1.35478	-0.0524358
1.77	0.326905	-0.172828	0.539408	0.0380609	-1.35478	-0.0524358
1.775	0.326902	-0.172832	0.539404	0.0362341	-1.3535	-0.0499191
1.78	0.326971	-0.172827	0.539416	0.0362341	-1.3535	-0.0499191
1.785	0.32704	-0.172821	0.539427	0.0362341	-1.3535	-0.0499191
1.79	0.327109	-0.172816	0.539438	0.0362341	-1.3535	-0.0499191
1.795	0.327106	-0.172821	0.539434	0.0344412	-1.35225	-0.0474491
1.8	0.327174	-0.172815	0.539445	0.0344412	-1.35225	-0.0474491
1.805	0.327241	-0.17281	0.539456	0.0344412	-1.35225	-0.0474491
1.81	0.327308	-0.172805	0.539467	0.0344412	-1.35225	-0.0474491
1.815	0.327305	-0.172809	0.539463	0.0326833	-1.35101	-0.0450272
1.82	0.327372	-0.172804	0.539474	0.0326833	-1.35101	-0.0450272
1.825	0.327438	-0.172799	0.539484	0.0326833	-1.35101	-0.0450272
1.83	0.327504	-0.172793	0.539495	0.0326833	-1.35101	-0.0450272
1.835	0.327501	-0.172798	0.539492	0.0309615	-1.34981	-0.0426551
1.84	0.327566	-0.172793	0.539502	0.0309615	-1.34981	-0.0426551
1.845	0.327631	-0.172788	0.539512	0.0309615	-1.34981	-0.0426551
1.85	0.327695	-0.172782	0.539523	0.0309615	-1.34981	-0.0426551
1.855	0.327692	-0.172787	0.539519	0.0292768	-1.34863	-0.0403341
1.86	0.327756	-0.172782	0.53953	0.0292768	-1.34863	-0.0403341
1.865	0.327819	-0.172777	0.53954	0.0292768	-1.34863	-0.0403341
1.87	0.327882	-0.172771	0.53955	0.0292768	-1.34863	-0.0403341
1.875	0.327879	-0.172777	0.539547	0.0276303	-1.34747	-0.0380658
1.88	0.327941	-0.172771	0.539556	0.0276303	-1.34747	-0.0380658
1.885	0.328003	-0.172766	0.539566	0.0276303	-1.34747	-0.0380658
1.89	0.328065	-0.172761	0.539576	0.0276303	-1.34747	-0.0380658
1.895	0.328062	-0.172766	0.539573	0.0260231	-1.34634	-0.0358516
1.9	0.328122	-0.172761	0.539583	0.0260231	-1.34634	-0.0358516
1.905	0.328183	-0.172756	0.539592	0.0260231	-1.34634	-0.0358516
1.91	0.328242	-0.172751	0.539602	0.0260231	-1.34634	-0.0358516
1.915	0.32824	-0.172756	0.539599	0.0244562	-1.34525	-0.0336928
1.92	0.328299	-0.172751	0.539608	0.0244562	-1.34525	-0.0336928
1.925	0.328357	-0.172746	0.539618	0.0244562	-1.34525	-0.0336928
1.93	0.328415	-0.172741	0.539627	0.0244562	-1.34525	-0.0336928
1.935	0.328413	-0.172746	0.539624	0.0229304	-1.34418	-0.0315909
1.94	0.32847	-0.172741	0.539633	0.0229304	-1.34418	-0.0315909
1.945	0.328527	-0.172736	0.539642	0.0229304	-1.34418	-0.0315909
1.95	0.328584	-0.172731	0.539651	0.0229304	-1.34418	-0.0315909
1.955	0.32864	-0.172726	0.53966	0.0229304	-1.34418	-0.0315909
1.96	0.328624	-0.172734	0.539655	0.0211211	-1.34291	-0.0290981
1.965	0.328679	-0.172729	0.539664	0.0211211	-1.34291	-0.0290981
1.97	0.328734	-0.172724	0.539672	0.0211211	-1.34291	-0.0290981
1.975	0.328789	-0.172719	0.539681	0.0211211	-1.34291	-0.0290981
1.98	0.328843	-0.172715	0.53969	0.0211211	-1.34291	-0.0290981
1.985	0.328826	-0.172723	0.539684	0.0193437	-1.34166	-0.0266494
1.99	0.328879	-0.172718	0.539693	0.0193437	-1.34166	-0.0266494
1.995	0.328932	-0.172713	0.539701	0.0193437	-1.34166	-0.0266494
2.0	0.328984	-0.172708	0.539709	0.0193437	-1.34166	-0.0266494
2.005	0.329036	-0.172704	0.539717	0.0193437	-1.34166	-0.0266494
2.01	0.32902	-0.172712	0.539712	0.017632	-1.34046	-0.0242913
2.015	0.329071	-0.172707	0.53972	0.017632	-1.34046	-0.0242913
2.02	0.329121	-0.172702	0.539728	0.017632	-1.34046	-0.0242913
2.025	0.329172	-0.172698	0.539736	0.017632	-1.34046	-0.0242913
2.03	0.329221	-0.172693	0.539744	0.017632	-1.34046	-0.0242913
2.035	0.329206	-0.172701	0.539739	0.0159911	-1.33931	-0.0220306
2.04	0.329254	-0.172697	0.539747	0.0159911	-1.33931	-0.0220306
2.045	0.329303	-0.172692	0.539755	0.0159911	-1.33931	-0.0220306
2.05	0.329351	-0.172688	0.539762	0.0159911	-1.33931	-0.0220306
2.055	0.329398	-0.172683	0.53977	0.0159911	-1.33931	-0.0220306
2.06	0.329383	-0.172691	0.539765	0.0144229	-1.33821	-0.0198701
2.065	0.32943	-0.172687	0.539772	0.0144229	-1.33821	-0.0198701
2.07	0.329476	-0.172682	0.53978	0.0144229	-1.33821	-0.0198701
2.075	0.329521	-0.172678	0.539787	0.0144229	-1.33821	-0.0198701
2.08	0.329566	-0.172674	0.539794	0.0144229	-1.33821	-0.0198701
2.085	0.329611	-0.17267	0.539801	0.0144229	-1.33821	-0.0198701
2.09	0.329586	-0.172679	0.539795	0.0126703	-1.33698	-0.0174556
2.095	0.32963	-0.172675	0.539802	0.0126703	-1.33698	-0.0174556
2.1	0.329673	-0.172671	0.539808	0.0126703	-1.33698	-0.0174556
2.105	0.329716	-0.172667	0.539815	0.0126703	-1.33698	-0.0174556
2.11	0.329758	-0.172663	0.539822	0.0126703	-1.33698	-0.0174556
2.115	0.3298	-0.172659	0.539828	0.0126703	-1.33698	-0.0174556
2.12	0.329775	-0.172668	0.539822	0.0109973	-1.33581	-0.0151507
2.125	0.329816	-0.172665	0.539829	0.0109973	-1.33581	-0.0151507
2.13	0.329857	-0.172661	0.539835	0.0109973	-1.33581	-0.0151507
2.135	0.329897	-0.172657	0.539841	0.0109973	-1.33581	-0.0151507
2.14	0.329936	-0.172653	0.539847	0.0109973	-1.33581	-0.0151507
2.145	0.329975	-0.172649	0.539854	0.0109973	-1.33581	-0.0151507
2.15	0.329952	-0.172659	0.539848	0.00943304	-1.33471	-0.0129956
2.155	0.32999	-0.172655	0.539854	0.00943304	-1.33471	-0.0129956
2.16	0.330027	-0.172651	0.53986	0.00943304	-1.33471	-0.0129956
2.165	0.330064	-0.172648	0.539865	0.00943304	-1.33471	-0.0129956
2.17	0.330101	-0.172644	0.539871	0.00943304	-1.33471	-0.0129956
2.175	0.330137	-0.172641	0.539877	0.00943304	-1.33471	-0.0129956
2.18	0.330172	-0.172637	0.539882	0.00943304	-1.33471	-0.0129956
2.185	0.330142	-0.172648	0.539876	0.00777741	-1.33355	-0.0107147
2.19	0.330176	-0.172644	0.539881	0.00777741	-1.33355	-0.0107147
2.195	0.33021	-0.172641	0.539886	0.00777741	-1.33355	-0.0107147
2.2	0.330244	-0.172638	0.539891	0.00777741	-1.33355	-0.0107147
2.205	0.330277	-0.172634	0.539897	0.00777741	-1.33355	-0.0107147
2.21	0.33031	-0.172631	0.539902	0.00777741	-1.33355	-0.0107147
2.215	0.330342	-0.172628	0.539907	0.00777741	-1.33355	-0.0107147
2.22	0.330313	-0.172638	0.5399	0.00625483	-1.33248	-0.00861705
2.225	0.330344	-0.172635	0.539905	0.00625483	-1.33248	-0.00861705
2.23	0.330375	-0.172632	0.53991	0.00625483	-1.33248	-0.00861705
2.235	0.330405	-0.172629	0.539915	0.00625483	-1.33248	-0.00861705
2.24	0.330434	-0.172626	0.539919	0.00625483	-1.33248	-0.00861705
2.245	0.330463	-0.172623	0.539924	0.00625483	-1.33248	-0.00861705
2.25	0.330492	-0.17262	0.539928	0.00625483	-1.33248	-0.00861705
2.255	0.33052	-0.172617	0.539933	0.00625483	-1.33248	-0.00861705
2.26	0.330487	-0.172628	0.539926	0.00473024	-1.33141	-0.00651664
2.265	0.330514	-0.172625	0.53993	0.00473024	-1.33141	-0.00651664
2.27	0.33054	-0.172623	0.539934	0.00473024	-1.33141	-0.00651664
2.275	0.330566	-0.17262	0.539938	0.00473024	-1.33141	-0.00651664
2.28	0.330592	-0.172618	0.539942	0.00473024	-1.33141	-0.00651664
2.285	0.330616	-0.172615	0.539946	0.00473024	-1.33141	-0.00651664
2.29	0.330641	-0.172613	0.53995	0.00473024	-1.33141	-0.00651664
2.295	0.330665	-0.17261	0.539953	0.00473024	-1.33141	-0.00651664
2.3	0.330688	-0.172608	0.539957	0.00473024	-1.33141	-0.00651664
2.305	0.330711	-0.172606	0.53996	0.00473024	-1.33141	-0.00651664
2.31	0.33067	-0.172618	0.539952	0.00313474	-1.3303	-0.00431852
2.315	0.330692	-0.172615	0.539956	0.00313474	-1.3303	-0.00431852
2.32	0.330713	-0.172613	0.539959	0.00313474	-1.3303	-0.00431852
2.325	0.330734	-0.172611	0.539962	0.00313474	-1.3303	-0.00431852
2.33	0.330754	-0.172609	0.539965	0.00313474	-1.3303	-0.00431852
2.335	0.330773	-0.172607	0.539968	0.00313474	-1.3303	-0.00431852
2.34	0.330792	-0.172605	0.539971	0.00313474	-1.3303	-0.00431852
2.345	0.330811	-0.172603	0.539974	0.00313474	-1.3303	-0.00431852
2.35	0.330829	-0.172601	0.539977	0.00313474	-1.3303	-0.00431852
2.355	0.330847	-0.1726	0.53998	0.00313474	-1.3303	-0.00431852
2.36	0.330864	-0.172598	0.539982	0.00313474	-1.3303	-0.00431852
2.365	0.33088	-0.172596	0.539985	0.00313474	-1.3303	-0.00431852
2.37	0.330896	-0.172595	0.539987	0.00313474	-1.3303	-0.00431852
2.375	0.330849	-0.172607	0.539978	0.00155958	-1.32919	-0.00214844
2.38	0.330864	-0.172606	0.539981	0.00155958	-1.32919	-0.00214844
2.385	0.330878	-0.172604	0.539983	0.00155958	-1.32919	-0.00214844
2.39	0.330892	-0.172603	0.539985	0.00155958	-1.32919	-0.00214844
2.395	0.330905	-0.172602	0.539987	0.00155958	-1.32919	-0.00214844
2.4	0.330918	-0.1726	0.539989	0.00155958	-1.32919	-0.00214844
2.405	0.33093	-0.172599	0.539991	0.00155958	-1.32919	-0.00214844
2.41	0.330942	-0.172598	0.539993	0.00155958	-1.32919	-0.00214844
2.415	0.330953	-0.172597	0.539994	0.00155958	-1.32919	-0.00214844
2.42	0.330963	-0.172596	0.539996	0.00155958	-1.32919	-0.00214844
2.425	0.330973	-0.172595	0.539998	0.00155958	-1.32919	-0.00214844
2.43	0.330982	-0.172594	0.539999	0.00155958	-1.32919	-0.00214844
2.435	0.330992	-0.172593	0.54	0.00155958	-1.32919	-0.00214844
2.44	0.330999	-0.172592	0.540002	0.00155958	-1.32919	-0.00214844
2.445	0.331007	-0.172591	0.540003	0.00155958	-1.32919	-0.00214844
2.45	0.331015	-0.17259	0.540004	0.00155958	-1.32919	-0.00214844
2.455	0.331021	-0.17259	0.540005	0.00155958	-1.32919	-0.00214844
2.46	0.331028	-0.172589	0.540006	0.00155958	-1.32919	-0.00214844
2.465	0.331034	-0.172588	0.540007	0.00155958	-1.32919	-0.00214844
2.47	0.331039	-0.172588	0.540008	0.00155958	-1.32919	-0.00214844
2.475	0.331043	-0.172587	0.540008	0.00155958	-1.32919	-0.00214844
2.48	0.331048	-0.172587	0.540009	0.00155958	-1.32919	-0.00214844
2.485	0.331051	-0.172587	0.54001	0.00155958	-1.32919	-0.00214844
2.49	0.331054	-0.172586	0.54001	0.00155958	-1.32919	-0.00214844
2.495	0.331057	-0.172586	0.540011	0.00155958	-1.32919	-0.00214844
2.5	0.331059	-0.172586	0.540011	0.00155958	-1.32919	-0.00214844
2.505	0.33106	-0.172586	0.540011	0.00155958	-1.32919	-0.00214844
2.51	0.33106	-0.172586	0.540011	0.00155958	-1.32919	-0.00214844
2.515	0.331061	-0.172586	0.540011	0.00155958	-1.32919	-0.00214844
2.52	0.331061	-0.172586	0.540011	0.00155958	-1.32919	-0.00214844
2.525	0.331061	-0.172586	0.540011	0.00155958	-1.32919	-0.00214844
2.53	0.331061	-0.172586	0.54001	0.00155958	-1.32919	-0.00214844
2.535	0.331061	-0.172586	0.540009	0.00155958	-1.32919	-0.00214844
2.54	0.331061	-0.172586	0.540008	0.00155958	-1.32919	-0.00214844
2.545	0.331062	-0.172586	0.540006	0.00155958	-1.32919	-0.00214844
2.55	0.331062	-0.172586	0.540004	0.00155958	-1.32919	-0.00214844
2.555	0.331062	-0.172587	0.540002	0.00155958	-1.32919	-0.00214844
2.56	0.331062	-0.172587	0.54	0.00155958	-1.32919	-0.00214844
2.565	0.331062	-0.172587	0.539997	0.00155958	-1.32919	-0.00214844
2.57	0.331062	-0.172587	0.539994	0.00155958	-1.32919	-0.00214844
2.575	0.331063	-0.172588	0.539991	0.00155958	-1.32919	-0.00214844
2.58	0.331063	-0.172588	0.539987	0.00155958	-1.32919	-0.00214844
2.585	0.331063	-0.172588	0.539983	0.00155958	-1.32919	-0.00214845
2.59	0.331063	-0.172589	0.539979	0.00155959	-1.32919	-0.00214845
2.595	0.331064	-0.172589	0.539975	0.00155959	-1.32919	-0.00214845
2.6	0.331064	-0.17259	0.53997	0.00155959	-1.32919	-0.00214845
2.605	0.331025	-0.172637	0.539956	-0.00133411	-1.32844	-0.000213728
2.61	0.331025	-0.172637	0.539951	-0.00133411	-1.32844	-0.000213729
2.615	0.331025	-0.172638	0.539945	-0.00133411	-1.32844	-0.000213729
2.62	0.331026	-0.172638	0.539939	-0.0013341	-1.32844	-0.00021373
2.625	0.331026	-0.172639	0.539933	-0.0013341	-1.32844	-0.000213731
2.63	0.331027	-0.172639	0.539927	-0.0013341	-1.32844	-0.000213731
2.635	0.331027	-0.17264	0.53992	-0.0013341	-1.32844	-0.000213732
2.64	0.331038	-0.172676	0.539913	-0.00300015	-1.32857	-2.18329e-05
2.645	0.331038	-0.172677	0.539906	-0.00300015	-1.32857	-2.18339e-05
2.65	0.331039	-0.172678	0.539898	-0.00300015	-1.32857	-2.18349e-05
2.655	0.331039	-0.172679	0.539891	-0.00300015	-1.32857	-2.1836e-05
2.66	0.33104	-0.17268	0.539882	-0.00300015	-1.32857	-2.18372e-05
2.665	0.331054	-0.172712	0.539875	-0.00442221	-1.32877	-2.87673e-06
2.67	0.331055	-0.172713	0.539866	-0.00442221	-1.32877	-2.8781e-06
2.675	0.331056	-0.172714	0.539857	-0.0044222	-1.32877	-2.87957e-06
2.68	0.331056	-0.172715	0.539848	-0.0044222	-1.32877	-2.88087e-06
2.685	0.33107	-0.172745	0.539839	-0.00573016	-1.32897	-9.16481e-07
2.69	0.331071	-0.172746	0.539829	-0.00573016	-1.32897	-9.17951e-07
2.695	0.331072	-0.172747	0.539819	-0.00573016	-1.32897	-9.19502e-07
2.7	0.331072	-0.172748	0.539808	-0.00573016	-1.32897	-9.2114e-07
2.705	0.331088	-0.172782	0.539799	-0.0071685	-1.32919	-8.57512e-07
2.71	0.331088	-0.172783	0.539788	-0.0071685	-1.32919	-8.5933e-07
2.715	0.331089	-0.172784	0.539777	-0.0071685	-1.32919	-8.61242e-07
2.72	0.33109	-0.172785	0.539765	-0.0071685	-1.32919	-8.63248e-07
2.725	0.331107	-0.172822	0.539755	-0.00876053	-1.32943	-1.02555e-06
2.73	0.331108	-0.172823	0.539743	-0.00876053	-1.32943	-1.02775e-06
2.735	0.331109	-0.172824	0.53973	-0.00876053	-1.32943	-1.03006e-06
2.74	0.331123	-0.172856	0.539719	-0.0100977	-1.32964	-7.68664e-07
2.745	0.331124	-0.172857	0.539706	-0.0100977	-1.32964	-7.7118e-07
2.75	0.331125	-0.172858	0.539693	-0.0100977	-1.32964	-7.73804e-07
2.755	0.33114	-0.172891	0.539681	-0.0114868	-1.32985	-7.96986e-07
2.76	0.331141	-0.172892	0.539667	-0.0114868	-1.32985	-7.99831e-07
2.765	0.331142	-0.172894	0.539653	-0.0114868	-1.32985	-8.0279e-07
2.77	0.331158	-0.172928	0.53964	-0.012958	-1.33007	-8.88281e-07
2.775	0.331159	-0.172929	0.539626	-0.012958	-1.33007	-8.91473e-07
2.78	0.33116	-0.172931	0.539611	-0.012958	-1.33007	-8.94785e-07
2.785	0.331177	-0.172967	0.539597	-0.0145136	-1.33031	-9.93703e-07
2.79	0.331178	-0.172969	0.539582	-0.0145136	-1.33031	-9.97259e-07
2.795	0.33118	-0.17297	0.539566	-0.0145136	-1.33031	-1.00094e-06
2.8	0.331197	-0.173009	0.539552	-0.0161531	-1.33056	-1.1054e-06
2.805	0.331198	-0.17301	0.539536	-0.0161531	-1.33056	-1.10934e-06
2.81	0.3312	-0.173012	0.539519	-0.0161531	-1.33056	-1.11341e-06
2.815	0.331218	-0.173052	0.539505	-0.0178756	-1.33082	-1.22211e-06
2.82	0.33122	-0.173054	0.539488	-0.0178756	-1.33082	-1.22644e-06
2.825	0.331221	-0.173056	0.53947	-0.0178756	-1.33082	-1.23091e-06
2.83	0.33124	-0.173098	0.539455	-0.0196801	-1.3311	-1.34345e-06
2.835	0.331242	-0.1731	0.539437	-0.01968	-1.3311	-1.34819e-06
2.84	0.331256	-0.173131	0.539421	-0.0209898	-1.3313	-7.8381e-07
2.845	0.331258	-0.173133	0.539402	-0.0209898	-1.3313	-7.88836e-07
2.85	0.331272	-0.173164	0.539385	-0.0222816	-1.33149	-7.12165e-07
2.855	0.331273	-0.173166	0.539366	-0.0222816	-1.33149	-7.17478e-07
2.86	0.331288	-0.173197	0.539349	-0.0236033	-1.33169	-7.35463e-07
2.865	0.33129	-0.173199	0.53933	-0.0236033	-1.33169	-7.4107e-07
2.87	0.331304	-0.173231	0.539312	-0.0249596	-1.3319	-7.73494e-07
2.875	0.331306	-0.173233	0.539292	-0.0249595	-1.3319	-7.794e-07
2.88	0.331321	-0.173267	0.539273	-0.0263504	-1.33211	-8.14115e-07
2.885	0.331323	-0.173269	0.539253	-0.0263504	-1.33211	-8.20325e-07
2.89	0.331339	-0.173303	0.539234	-0.0277756	-1.33233	-8.55661e-07
2.895	0.331341	-0.173305	0.539213	-0.0277756	-1.33233	-8.62181e-07
2.9	0.331357	-0.17334	0.539194	-0.0292348	-1.33255	-8.9789e-07
2.905	0.331358	-0.173342	0.539173	-0.0292348	-1.33255	-9.04724e-07
2.91	0.331375	-0.173377	0.539153	-0.0307276	-1.33278	-9.40739e-07
2.915	0.331377	-0.173379	0.539131	-0.0307276	-1.33278	-9.47892e-07
2.92	0.331393	-0.173416	0.539111	-0.0322537	-1.33301	-9.84167e-07
2.925	0.331395	-0.173418	0.539089	-0.0322536	-1.33301	-9.91643e-07
2.93	0.331412	-0.173455	0.539068	-0.0338126	-1.33325	-1.02814e-06
2.935	0.331415	-0.173457	0.539046	-0.0338126	-1.33325	-1.03594e-06
2.94	0.331432	-0.173496	0.539025	-0.035404	-1.33349	-1.07261e-06
2.945	0.331434	-0.173498	0.539001	-0.035404	-1.33349	-1.08074e-06
2.95	0.331452	-0.173537	0.53898	-0.0370275	-1.33374	-1.11754e-06
2.955	0.331454	-0.173539	0.538956	-0.0370275	-1.33374	-1.12601e-06
2.96	0.331472	-0.173578	0.538934	-0.0386827	-1.33399	-1.16289e-06
2.965	0.331474	-0.173581	0.53891	-0.0386827	-1.33399	-1.1717e-06
2.97	0.331492	-0.173621	0.538888	-0.0403691	-1.33425	-1.20863e-06
2.975	0.331495	-0.173623	0.538864	-0.0403691	-1.33425	-1.21778e-06
2.98	0.331513	-0.173665	0.538841	-0.0420864	-1.33451	-1.25471e-06
2.985	0.331516	-0.173667	0.538816	-0.0420864	-1.33451	-1.26419e-06
2.99	0.331535	-0.173709	0.538793	-0.0438341	-1.33478	-1.30108e-06
2.995	0.331537	-0.173711	0.538768	-0.0438341	-1.33478	-1.31091e-06
3.0	0.331556	-0.173754	0.538744	-0.0456118	-1.33505	-1.34771e-06
3.005	0.331559	-0.173756	0.538718	-0.0456118	-1.33505	-1.35789e-06
3.01	0.331578	-0.173799	0.538695	-0.047419	-1.33532	-1.39456e-06
3.015	0.331581	-0.173802	0.538668	-0.047419	-1.33532	-1.40509e-06
3.02	0.331601	-0.173846	0.538644	-0.0492554	-1.3356	-1.44158e-06
3.025	0.331603	-0.173848	0.538617	-0.0492554	-1.3356	-1.45246e-06
3.03	0.331623	-0.173893	0.538593	-0.0511203	-1.33589	-1.48873e-06
3.035	0.331626	-0.173896	0.538566	-0.0511203	-1.33589	-1.49996e-06
3.04	0.331647	-0.173941	0.538541	-0.0530135	-1.33617	-1.53597e-06
3.045	0.331649	-0.173943	0.538513	-0.0530135	-1.33617	-1.54754e-06
3.05	0.33167	-0.173989	0.538488	-0.0549343	-1.33647	-1.58325e-06
3.055	0.331673	-0.173992	0.53846	-0.0549343	-1.33647	-1.59518e-06
3.06	0.331694	-0.174039	0.538435	-0.0568824	-1.33676	-1.63053e-06
3.065	0.331697	-0.174041	0.538406	-0.0568823	-1.33676	-1.64281e-06
3.07	0.331718	-0.174089	0.53838	-0.0588571	-1.33706	-1.67777e-06
3.075	0.331721	-0.174091	0.538352	-0.0588571	-1.33706	-1.6904e-06
3.08	0.331742	-0.174139	0.538325	-0.0608582	-1.33737	-1.72492e-06
3.085	0.331745	-0.174142	0.538296	-0.0608581	-1.33737	-1.7379e-06
3.09	0.331767	-0.17419	0.53827	-0.0628849	-1.33768	-1.77194e-06
3.095	0.33177	-0.174193	0.53824	-0.0628849	-1.33768	-1.78527e-06
3.1	0.331792	-0.174242	0.538213	-0.0649369	-1.33799	-1.81878e-06
3.105	0.331795	-0.174245	0.538184	-0.0649369	-1.33799	-1.83246e-06
3.11	0.331817	-0.174295	0.538156	-0.0670136	-1.33831	-1.86541e-06
3.115	0.331821	-0.174298	0.538126	-0.0670136	-1.33831	-1.87944e-06
3.12	0.331843	-0.174348	0.538099	-0.0691146	-1.33863	-1.91178e-06
3.125	0.331847	-0.174351	0.538068	-0.0691146	-1.33863	-1.92615e-06
3.13	0.331869	-0.174402	0.53804	-0.0712392	-1.33895	-1.95785e-06
3.135	0.331872	-0.174405	0.53801	-0.0712392	-1.33895	-1.97256e-06
3.14	0.331895	-0.174456	0.537982	-0.073387	-1.33928	-2.00356e-06
3.145	0.331899	-0.174459	0.53795	-0.073387	-1.33928	-2.01861e-06
3.15	0.331921	-0.174511	0.537922	-0.0755574	-1.33961	-2.04889e-06
3.155	0.331925	-0.174514	0.53789	-0.0755574	-1.33961	-2.06428e-06
3.16	0.331948	-0.174566	0.537862	-0.0777498	-1.33994	-2.09378e-06
3.165	0.331952	-0.174569	0.53783	-0.0777498	-1.33994	-2.1095e-06
3.17	0.331975	-0.174622	0.537801	-0.0799639	-1.34028	-2.1382e-06
3.175	0.331979	-0.174625	0.537769	-0.0799638	-1.34028	-2.15425e-06
3.18	0.332002	-0.174679	0.53774	-0.0821988	-1.34062	-2.18209e-06
3.185	0.332007	-0.174682	0.537707	-0.0821988	-1.34062	-2.19847e-06
3.19	0.33203	-0.174736	0.537678	-0.0844543	-1.34096	-2.22543e-06
3.195	0.332034	-0.174739	0.537645	-0.0844542	-1.34096	-2.24213e-06
3.2	0.332058	-0.174793	0.537615	-0.0867295	-1.34131	-2.26816e-06
3.205	0.332073	-0.174825	0.537584	-0.0879898	-1.3415	-8.75031e-07
3.21	0.332077	-0.174828	0.537551	-0.0879898	-1.3415	-8.92204e-07
3.215	0.3321	-0.174881	0.537521	-0.0901902	-1.34184	-2.01024e-06
3.22	0.332115	-0.174913	0.537489	-0.0914554	-1.34203	-8.56524e-07
3.225	0.332119	-0.174916	0.537455	-0.0914554	-1.34203	-8.7416e-07
3.23	0.332142	-0.174969	0.537425	-0.0936808	-1.34237	-2.05687e-06
3.235	0.332158	-0.175001	0.537393	-0.0949606	-1.34256	-8.77798e-07
3.24	0.332162	-0.175004	0.537359	-0.0949606	-1.34256	-8.95884e-07
3.245	0.332185	-0.175058	0.537328	-0.0972109	-1.34291	-2.10775e-06
3.25	0.332201	-0.175091	0.537296	-0.0985046	-1.3431	-8.99097e-07
3.255	0.332206	-0.175094	0.537261	-0.0985046	-1.3431	-9.1762e-07
3.26	0.332229	-0.175149	0.53723	-0.100778	-1.34345	-2.15712e-06
3.265	0.332244	-0.175181	0.537198	-0.102085	-1.34365	-9.19711e-07
3.27	0.332249	-0.175185	0.537163	-0.102085	-1.34365	-9.38656e-07
3.275	0.332273	-0.17524	0.537131	-0.104382	-1.344	-2.20478e-06
3.28	0.332288	-0.175273	0.537098	-0.105701	-1.3442	-9.39584e-07
3.285	0.332294	-0.175276	0.537063	-0.105701	-1.3442	-9.58936e-07
3.29	0.332317	-0.175332	0.537032	-0.108018	-1.34455	-2.25062e-06
3.295	0.332333	-0.175365	0.536998	-0.109349	-1.34475	-9.58671e-07
3.3	0.332338	-0.175368	0.536963	-0.109349	-1.34475	-9.78414e-07
3.305	0.332362	-0.175424	0.536931	-0.111686	-1.34511	-2.29454e-06
3.31	0.332378	-0.175458	0.536897	-0.113028	-1.34531	-9.76927e-07
3.315	0.332383	-0.175461	0.536861	-0.113028	-1.34531	-9.97044e-07
3.32	0.332407	-0.175518	0.53683	-0.115384	-1.34567	-2.33644e-06
3.325	0.332423	-0.175552	0.536796	-0.116736	-1.34588	-9.94312e-07
3.33	0.332429	-0.175555	0.53676	-0.116736	-1.34588	-1.01478e-06
3.335	0.332452	-0.175612	0.536727	-0.119109	-1.34624	-2.37622e-06
3.34	0.332468	-0.175646	0.536693	-0.120471	-1.34645	-1.01079e-06
3.345	0.332484	-0.175678	0.536659	-0.121733	-1.34664	-7.71501e-07
3.35	0.33249	-0.175681	0.536622	-0.121732	-1.34664	-7.92418e-07
3.355	0.332513	-0.175739	0.53659	-0.124115	-1.347	-2.38205e-06
3.36	0.33253	-0.175773	0.536556	-0.125488	-1.34721	-1.02578e-06
3.365	0.332545	-0.175805	0.536521	-0.12676	-1.34741	-7.85944e-07
3.37	0.33256	-0.175837	0.536487	-0.128024	-1.3476	-7.54688e-07
3.375	0.332576	-0.175869	0.536452	-0.129289	-1.34779	-7.53485e-07
3.38	0.332591	-0.175901	0.536417	-0.130556	-1.34798	-7.56137e-07
3.385	0.332607	-0.175933	0.536382	-0.131825	-1.34818	-7.59191e-07
3.39	0.332622	-0.175965	0.536348	-0.133097	-1.34837	-7.62217e-07
3.395	0.332638	-0.175997	0.536313	-0.13437	-1.34856	-7.65165e-07
3.4	0.332653	-0.17603	0.536278	-0.135645	-1.34876	-7.68028e-07
3.405	0.332669	-0.176062	0.536243	-0.136922	-1.34895	-7.70803e-07
3.41	0.332684	-0.176094	0.536208	-0.1382	-1.34915	-7.7349e-07
3.415	0.3327	-0.176127	0.536172	-0.139481	-1.34934	-7.76088e-07
3.42	0.332716	-0.176159	0.536137	-0.140762	-1.34954	-7.78597e-07
3.425	0.332731	-0.176192	0.536102	-0.142046	-1.34973	-7.81015e-07
3.43	0.332747	-0.176224	0.536067	-0.14333	-1.34993	-7.83343e-07
3.435	0.332763	-0.176257	0.536032	-0.144616	-1.35013	-7.85579e-07
3.44	0.332778	-0.176289	0.535996	-0.145903	-1.35032	-7.87722e-07
3.445	0.332794	-0.176322	0.535961	-0.147191	-1.35052	-7.89773e-07
3.45	0.33281	-0.176354	0.535926	-0.148481	-1.35071	-7.9173e-07
3.455	0.332825	-0.176387	0.53589	-0.149771	-1.35091	-7.93593e-07
3.46	0.332841	-0.176419	0.535855	-0.151062	-1.35111	-7.95362e-07
3.465	0.332857	-0.176452	0.53582	-0.152354	-1.3513	-7.97035e-07
3.47	0.332873	-0.176485	0.535784	-0.153647	-1.3515	-7.98612e-07
3.475	0.332888	-0.176518	0.535749	-0.15494	-1.3517	-8.00093e-07
3.48	0.332904	-0.17655	0.535713	-0.156234	-1.35189	-8.01478e-07
3.485	0.33292	-0.176583	0.535678	-0.157528	-1.35209	-8.02765e-07
3.49	0.332936	-0.176616	0.535642	-0.158823	-1.35229	-8.03954e-07
3.495	0.332952	-0.176648	0.535607	-0.160118	-1.35249	-8.05045e-07
3.5	0.332967	-0.176681	0.535571	-0.161414	-1.35268	-8.06038e-07
3.505	0.332983	-0.176714	0.535536	-0.16271	-1.35288	-8.06932e-07
3.51	0.332999	-0.176747	0.5355	-0.164005	-1.35308	-8.07727e-07
3.515	0.333015	-0.176779	0.535465	-0.165301	-1.35328	-8.08423e-07
3.52	0.333031	-0.176812	0.535429	-0.166597	-1.35347	-8.09018e-07
3.525	0.333046	-0.176845	0.535394	-0.167892	-1.35367	-8.09514e-07
3.53	0.333062	-0.176878	0.535358	-0.169187	-1.35387	-8.09909e-07
3.535	0.333078	-0.17691	0.535323	-0.170482	-1.35406	-8.10203e-07
3.54	0.333094	-0.176943	0.535287	-0.171777	-1.35426	-8.10397e-07
3.545	0.333109	-0.176976	0.535252	-0.173071	-1.35446	-8.1049e-07
3.55	0.333125	-0.177009	0.535216	-0.174364	-1.35466	-8.10482e-07
3.555	0.333141	-0.177041	0.535181	-0.175657	-1.35485	-8.10373e-07
3.56	0.333157	-0.177074	0.535145	-0.176949	-1.35505	-8.10162e-07
3.565	0.333172	-0.177107	0.53511	-0.178241	-1.35525	-8.0985e-07
3.57	0.333188	-0.177139	0.535074	-0.179531	-1.35544	-8.09437e-07
3.575	0.333204	-0.177172	0.535039	-0.180821	-1.35564	-8.08922e-07
3.58	0.33322	-0.177204	0.535004	-0.182109	-1.35584	-8.08306e-07
3.585	0.333235	-0.177237	0.534969	-0.183396	-1.35603	-8.07589e-07
3.59	0.333251	-0.177269	0.534933	-0.184683	-1.35623	-8.0677e-07
3.595	0.333267	-0.177302	0.534898	-0.185967	-1.35642	-8.05849e-07
3.6	0.333282	-0.177334	0.534863	-0.187251	-1.35662	-8.04828e-07
3.605	0.333298	-0.177367	0.534828	-0.188533	-1.35681	-8.03706e-07
3.61	0.333313	-0.177399	0.534793	-0.189814	-1.35701	-8.02483e-07
3.615	0.333329	-0.177432	0.534758	-0.191093	-1.3572	-8.01159e-07
3.62	0.333345	-0.177464	0.534723	-0.19237	-1.3574	-7.99734e-07
3.625	0.33336	-0.177496	0.534688	-0.193645	-1.35759	-7.9821e-07
3.63	0.333376	-0.177528	0.534653	-0.194919	-1.35779	-7.96585e-07
3.635	0.333391	-0.17756	0.534618	-0.196191	-1.35798	-7.94861e-07
3.64	0.333407	-0.177593	0.534583	-0.197461	-1.35817	-7.93037e-07
3.645	0.333422	-0.177625	0.534548	-0.198728	-1.35837	-7.91114e-07
3.65	0.333438	-0.177657	0.534514	-0.199994	-1.35856	-7.89093e-07
3.655	0.333453	-0.177689	0.534479	-0.201257	-1.35875	-7.86973e-07
3.66	0.333468	-0.17772	0.534444	-0.202518	-1.35894	-7.84756e-07
3.665	0.333484	-0.177752	0.53441	-0.203777	-1.35914	-7.82441e-07
3.67	0.333492	-0.177756	0.534373	-0.203777	-1.35914	-8.04731e-07
3.675	0.333513	-0.177813	0.534341	-0.206159	-1.3595	-2.50953e-06
3.68	0.333529	-0.177847	0.534307	-0.207525	-1.35971	-1.07296e-06
3.685	0.333545	-0.177879	0.534273	-0.208784	-1.3599	-8.13995e-07
3.69	0.333553	-0.177882	0.534236	-0.208784	-1.3599	-8.35984e-07
3.695	0.333574	-0.177939	0.534204	-0.211147	-1.36026	-2.4812e-06
3.7	0.33359	-0.177973	0.53417	-0.212501	-1.36046	-1.05823e-06
3.705	0.333598	-0.177976	0.534134	-0.212501	-1.36046	-1.07997e-06
3.71	0.33362	-0.178033	0.534102	-0.214857	-1.36082	-2.49721e-06
3.715	0.333635	-0.178066	0.534069	-0.216201	-1.36103	-1.05093e-06
3.72	0.333643	-0.17807	0.534032	-0.216201	-1.36103	-1.07238e-06
3.725	0.333664	-0.178126	0.534002	-0.218539	-1.36138	-2.46544e-06
3.73	0.33368	-0.178159	0.533968	-0.219873	-1.36159	-1.03682e-06
3.735	0.33368	-0.178159	0.533968	-0.220076	-1.36172	0.000234211
3.74	0.333669	-0.178147	0.533958	-0.220282	-1.36185	0.000473961
3.745	0.333657	-0.178135	0.533946	-0.22049	-1.36197	0.00071529
3.75	0.333647	-0.178124	0.53394	-0.220694	-1.36211	0.000951083
3.755	0.333636	-0.178113	0.53393	-0.2209	-1.36224	0.00118877
3.76	0.333626	-0.178102	0.533926	-0.221102	-1.36238	0.00142119
3.765	0.333615	-0.178091	0.533915	-0.22131	-1.36251	0.00165929
3.77	0.333603	-0.178081	0.533899	-0.221523	-1.36261	0.00190262
3.775	0.33359	-0.17807	0.533882	-0.221737	-1.36271	0.0021473
3.78	0.333579	-0.17806	0.53387	-0.221947	-1.36283	0.00238632
3.785	0.333567	-0.17805	0.533855	-0.222158	-1.36295	0.00262697
3.79	0.333557	-0.17804	0.533847	-0.222366	-1.36308	0.00286225
3.795	0.333546	-0.17803	0.533836	-0.222575	-1.3632	0.00309959
3.8	0.333536	-0.17802	0.53383	-0.222781	-1.36334	0.00333221
3.805	0.333525	-0.17801	0.533818	-0.222992	-1.36346	0.00357045
3.81	0.333512	-0.178001	0.5338	-0.223208	-1.36356	0.0038139
3.815	0.333498	-0.177991	0.533776	-0.223429	-1.36364	0.00406215
3.82	0.333483	-0.177982	0.533748	-0.223653	-1.3637	0.0043148
3.825	0.333466	-0.177972	0.533714	-0.223882	-1.36375	0.0045715
3.83	0.33345	-0.177963	0.533681	-0.224111	-1.3638	0.00482775
3.835	0.333436	-0.177954	0.533658	-0.224332	-1.36389	0.00507532
3.84	0.333421	-0.177945	0.53363	-0.224557	-1.36395	0.00532729
3.845	0.333404	-0.177936	0.533597	-0.224786	-1.364	0.00558334
3.85	0.333387	-0.177927	0.533559	-0.225018	-1.36404	0.00584312
3.855	0.333368	-0.177918	0.533518	-0.225254	-1.36406	0.00610632
3.86	0.333349	-0.177909	0.533473	-0.225493	-1.36407	0.00637263
3.865	0.333328	-0.1779	0.533424	-0.225734	-1.36407	0.0066418
3.87	0.333307	-0.177891	0.533372	-0.225978	-1.36406	0.00691356
3.875	0.333287	-0.177882	0.533323	-0.226219	-1.36406	0.007183
3.88	0.33327	-0.177873	0.533287	-0.226451	-1.3641	0.00744096
3.885	0.333253	-0.177864	0.533253	-0.226681	-1.36414	0.00769797
3.89	0.333239	-0.177856	0.53323	-0.226903	-1.36423	0.00794533
3.895	0.333224	-0.177847	0.533202	-0.227129	-1.36429	0.00819701
3.9	0.333208	-0.177838	0.533169	-0.227359	-1.36434	0.00845268
3.905	0.333191	-0.17783	0.533131	-0.227592	-1.36438	0.00871199
3.91	0.333172	-0.177821	0.53309	-0.227828	-1.3644	0.00897463
3.915	0.333153	-0.177812	0.533045	-0.228067	-1.36441	0.00924032
3.92	0.333133	-0.177804	0.532997	-0.228308	-1.36441	0.00950879
3.925	0.333111	-0.177795	0.532945	-0.228552	-1.3644	0.00977979
3.93	0.333089	-0.177786	0.53289	-0.228798	-1.36438	0.0100531
3.935	0.333067	-0.177778	0.532833	-0.229045	-1.36435	0.0103284
3.94	0.333043	-0.177769	0.532773	-0.229294	-1.36431	0.0106057
3.945	0.333019	-0.17776	0.532711	-0.229545	-1.36427	0.0108846
3.95	0.332996	-0.177752	0.532652	-0.229793	-1.36423	0.0111597
3.955	0.332977	-0.177745	0.532606	-0.230032	-1.36424	0.0114204
3.96	0.332958	-0.177737	0.532562	-0.230269	-1.36425	0.0116798
3.965	0.332943	-0.17773	0.53253	-0.230498	-1.36431	0.0119297
3.97	0.332928	-0.177723	0.532498	-0.230728	-1.36436	0.0121798
3.975	0.332916	-0.177716	0.532474	-0.230951	-1.36444	0.0124228
3.98	0.332904	-0.177709	0.532449	-0.231176	-1.36451	0.0126683
3.985	0.332893	-0.177701	0.532429	-0.231398	-1.36461	0.0129106
3.99	0.332882	-0.177694	0.532409	-0.23162	-1.3647	0.0131533
3.995	0.332872	-0.177687	0.532394	-0.231839	-1.36481	0.0133915
4.0	0.332862	-0.17768	0.532378	-0.232058	-1.36491	0.0136309
4.005	0.332853	-0.177673	0.532367	-0.232275	-1.36503	0.0138662
4.01	0.332843	-0.177666	0.532354	-0.232493	-1.36515	0.0141032
4.015	0.332834	-0.177659	0.532346	-0.232709	-1.36528	0.0143367
4.02	0.332825	-0.177652	0.532335	-0.232926	-1.3654	0.0145725
4.025	0.332817	-0.177645	0.532328	-0.233141	-1.36553	0.0148057
4.03	0.332808	-0.177638	0.532318	-0.233358	-1.36566	0.0150414
4.035	0.332799	-0.177631	0.532312	-0.233573	-1.3658	0.0152748
4.04	0.33279	-0.177624	0.532304	-0.23379	-1.36592	0.0155106
4.045	0.332782	-0.177617	0.532299	-0.234005	-1.36607	0.0157433
4.05	0.332773	-0.17761	0.532291	-0.234222	-1.3662	0.0159787
4.055	0.332765	-0.177604	0.532286	-0.234438	-1.36634	0.0162113
4.06	0.332756	-0.177597	0.532279	-0.234655	-1.36647	0.0164467
4.065	0.332748	-0.17759	0.532276	-0.23487	-1.36662	0.0166797
4.07	0.332739	-0.177583	0.532269	-0.235088	-1.36676	0.0169159
4.075	0.33273	-0.177576	0.532264	-0.235305	-1.3669	0.0171511
4.08	0.332721	-0.177569	0.532258	-0.235523	-1.36704	0.0173877
4.085	0.332713	-0.177562	0.532254	-0.23574	-1.36718	0.0176229
4.09	0.332704	-0.177555	0.532247	-0.235959	-1.36731	0.0178608
4.095	0.332695	-0.177548	0.532243	-0.236177	-1.36746	0.0180965
4.1	0.332686	-0.177541	0.532237	-0.236396	-1.36759	0.018335
4.105	0.332678	-0.177534	0.532233	-0.236614	-1.36774	0.0185715
4.11	0.332668	-0.177527	0.532227	-0.236834	-1.36788	0.0188108
4.115	0.33266	-0.17752	0.532224	-0.237053	-1.36802	0.0190483
4.12	0.332651	-0.177512	0.532218	-0.237274	-1.36816	0.0192887
4.125	0.332642	-0.177505	0.532215	-0.237493	-1.36831	0.0195274
4.13	0.332633	-0.177498	0.532209	-0.237714	-1.36845	0.0197691
4.135	0.332625	-0.17749	0.532206	-0.237934	-1.3686	0.0200092
4.14	0.332616	-0.177482	0.5322	-0.238157	-1.36873	0.0202522
4.145	0.332607	-0.177474	0.532197	-0.238377	-1.36888	0.0204939
4.15	0.332598	-0.177467	0.532191	-0.2386	-1.36902	0.0207383
4.155	0.33259	-0.177459	0.532188	-0.238822	-1.36917	0.0209815
4.16	0.33258	-0.177451	0.532182	-0.239045	-1.36931	0.0212268
4.165	0.332572	-0.177443	0.532179	-0.239268	-1.36945	0.0214691
4.17	0.332562	-0.177435	0.532173	-0.239492	-1.36959	0.0217135
4.175	0.332554	-0.177428	0.53217	-0.239714	-1.36974	0.021955
4.18	0.332544	-0.177421	0.532164	-0.239939	-1.36987	0.0221993
4.185	0.332535	-0.177414	0.53216	-0.240163	-1.37002	0.0224426
4.19	0.332526	-0.177406	0.532154	-0.240388	-1.37016	0.0226884
4.195	0.332517	-0.177399	0.53215	-0.240613	-1.3703	0.0229331
4.2	0.332507	-0.177391	0.532144	-0.240839	-1.37044	0.0231803
4.205	0.332499	-0.177383	0.53214	-0.241064	-1.37058	0.0234265
4.21	0.332489	-0.177375	0.532134	-0.241291	-1.37072	0.0236751
4.215	0.33248	-0.177367	0.53213	-0.241517	-1.37087	0.0239225
4.22	0.332471	-0.17736	0.532124	-0.241745	-1.371	0.0241717
4.225	0.332462	-0.177352	0.532121	-0.241971	-1.37115	0.024418
4.23	0.332452	-0.177345	0.532114	-0.2422	-1.37128	0.0246662
4.235	0.332443	-0.177338	0.532111	-0.242426	-1.37143	0.0249117
4.24	0.332433	-0.177331	0.532104	-0.242655	-1.37156	0.0251592
4.245	0.332424	-0.177324	0.532101	-0.242882	-1.37171	0.0254041
4.25	0.332414	-0.177317	0.532094	-0.243111	-1.37185	0.0256511
4.255	0.332405	-0.177311	0.532091	-0.243339	-1.37199	0.0258953
4.26	0.332395	-0.177305	0.532085	-0.243568	-1.37213	0.0261415
4.265	0.332386	-0.177299	0.532081	-0.243797	-1.37228	0.0263855
4.27	0.332376	-0.177292	0.532076	-0.244026	-1.37241	0.0266317
4.275	0.332367	-0.177286	0.532072	-0.244255	-1.37256	0.0268772
4.28	0.332357	-0.17728	0.532066	-0.244486	-1.3727	0.0271258
4.285	0.332348	-0.177273	0.532063	-0.244716	-1.37284	0.0273745
4.29	0.332338	-0.177266	0.532057	-0.244948	-1.37298	0.027626
4.295	0.332329	-0.177258	0.532053	-0.24518	-1.37313	0.0278776
4.3	0.332319	-0.17725	0.532047	-0.245412	-1.37326	0.0281318
4.305	0.33231	-0.177242	0.532043	-0.245645	-1.37341	0.0283858
4.31	0.332299	-0.177234	0.532035	-0.245879	-1.37354	0.0286433
4.315	0.332288	-0.177226	0.532023	-0.246116	-1.37366	0.0289035
4.32	0.332275	-0.177218	0.532007	-0.246355	-1.37376	0.0291668
4.325	0.332261	-0.177209	0.531988	-0.246596	-1.37385	0.0294325
4.33	0.332246	-0.1772	0.531964	-0.246838	-1.37393	0.0297011
4.335	0.332229	-0.177192	0.531935	-0.247084	-1.37399	0.0299725
4.34	0.332212	-0.177183	0.531901	-0.247331	-1.37404	0.0302463
4.345	0.332194	-0.177175	0.531867	-0.247578	-1.37409	0.0305176
4.35	0.332179	-0.177169	0.531844	-0.24782	-1.37417	0.0307771
4.355	0.332164	-0.177165	0.531819	-0.248062	-1.37424	0.0310321
4.36	0.332149	-0.177164	0.5318	-0.248299	-1.37434	0.0312685
4.365	0.332134	-0.177164	0.531777	-0.248538	-1.37442	0.0315088
4.37	0.332119	-0.177163	0.531753	-0.248778	-1.3745	0.03175
4.375	0.332104	-0.177161	0.531726	-0.249019	-1.37457	0.0319951
4.38	0.332088	-0.17716	0.531699	-0.24926	-1.37463	0.0322401
4.385	0.332074	-0.177159	0.531679	-0.249498	-1.37473	0.0324789
4.39	0.33206	-0.177158	0.531659	-0.249737	-1.37482	0.0327198
4.395	0.332048	-0.177157	0.531645	-0.249974	-1.37493	0.0329583
4.4	0.332036	-0.177155	0.53163	-0.250212	-1.37503	0.0331991
4.405	0.332025	-0.177153	0.53162	-0.250448	-1.37516	0.0334383
4.41	0.332014	-0.177151	0.53161	-0.250684	-1.37528	0.0336795
4.415	0.332004	-0.177149	0.531604	-0.25092	-1.37542	0.0339192
4.42	0.331994	-0.177147	0.531596	-0.251156	-1.37555	0.0341599
4.425	0.331985	-0.177145	0.531592	-0.251391	-1.37569	0.0343968
4.43	0.331975	-0.177143	0.531587	-0.251628	-1.37583	0.0346384
4.435	0.331966	-0.177141	0.531584	-0.251863	-1.37598	0.0348764
4.44	0.331957	-0.177139	0.53158	-0.2521	-1.37612	0.0351172
4.445	0.331948	-0.177137	0.531578	-0.252336	-1.37627	0.0353546
4.45	0.331938	-0.177135	0.531573	-0.252573	-1.37641	0.035595
4.455	0.331929	-0.177134	0.531572	-0.25281	-1.37656	0.0358322
4.46	0.331919	-0.177132	0.531568	-0.253047	-1.37671	0.0360729
4.465	0.33191	-0.177131	0.531566	-0.253285	-1.37686	0.0363117
4.47	0.331901	-0.177129	0.531563	-0.253523	-1.377	0.0365521
4.475	0.331892	-0.177128	0.531562	-0.253761	-1.37716	0.0367915
4.48	0.331883	-0.177126	0.531559	-0.253999	-1.3773	0.0370324
4.485	0.331874	-0.177125	0.531558	-0.254238	-1.37746	0.0372723
4.49	0.331865	-0.177123	0.531556	-0.254477	-1.3776	0.0375138
4.495	0.331857	-0.177122	0.531555	-0.254716	-1.37776	0.0377544
4.5	0.331848	-0.17712	0.531553	-0.254957	-1.37791	0.0379966
4.505	0.331839	-0.177119	0.531553	-0.255196	-1.37806	0.0382376
4.51	0.33183	-0.177118	0.53155	-0.255437	-1.37821	0.0384792
4.515	0.331822	-0.177117	0.53155	-0.255677	-1.37837	0.0387184
4.52	0.331813	-0.177117	0.531548	-0.255918	-1.37851	0.0389585
4.525	0.331804	-0.177117	0.531548	-0.256159	-1.37867	0.0391971
4.53	0.331795	-0.177116	0.531545	-0.256401	-1.37882	0.0394389
4.535	0.331786	-0.177115	0.531546	-0.256643	-1.37897	0.0396803
4.54	0.331778	-0.177114	0.531543	-0.256886	-1.37912	0.0399244
4.545	0.331769	-0.177113	0.531544	-0.257129	-1.37928	0.040168
4.55	0.331761	-0.177111	0.531541	-0.257373	-1.37943	0.0404143
4.555	0.331752	-0.17711	0.531541	-0.257617	-1.37958	0.0406587
4.56	0.331743	-0.177108	0.531539	-0.257862	-1.37973	0.0409067
4.565	0.331735	-0.177107	0.531538	-0.258107	-1.37988	0.0411514
4.57	0.331725	-0.177106	0.531535	-0.258352	-1.38003	0.0413991
4.575	0.331717	-0.177105	0.531533	-0.258598	-1.38018	0.0416437
4.58	0.331707	-0.177104	0.53153	-0.258844	-1.38033	0.0418914
4.585	0.331698	-0.177103	0.531529	-0.25909	-1.38048	0.0421361
4.59	0.331689	-0.177102	0.531526	-0.259338	-1.38062	0.0423842
4.595	0.331679	-0.177102	0.531524	-0.259585	-1.38077	0.0426298
4.6	0.33167	-0.1771	0.531521	-0.259833	-1.38092	0.0428805
4.605	0.331661	-0.177099	0.53152	-0.260081	-1.38107	0.0431287
4.61	0.331652	-0.177097	0.531517	-0.26033	-1.38122	0.0433801
4.615	0.331644	-0.177097	0.531517	-0.260578	-1.38137	0.0436265
4.62	0.331635	-0.177095	0.531514	-0.260828	-1.38152	0.0438783
4.625	0.331627	-0.177095	0.531514	-0.261077	-1.38167	0.0441256
4.63	0.331618	-0.177093	0.53151	-0.261328	-1.38182	0.0443814
4.635	0.331609	-0.17709	0.531509	-0.261579	-1.38197	0.0446365
4.64	0.3316	-0.177087	0.531504	-0.261832	-1.38211	0.0448964
4.645	0.331591	-0.177083	0.531502	-0.262085	-1.38226	0.0451583
4.65	0.331583	-0.177078	0.531499	-0.262339	-1.3824	0.0454267
4.655	0.331574	-0.177072	0.531495	-0.262594	-1.38254	0.0456966
4.66	0.331566	-0.177066	0.531492	-0.26285	-1.38269	0.0459683
4.665	0.331558	-0.17706	0.531487	-0.263107	-1.38283	0.0462424
4.67	0.33155	-0.177053	0.531484	-0.263364	-1.38297	0.0465182
4.675	0.331542	-0.177047	0.531479	-0.263622	-1.38311	0.0467922
4.68	0.331534	-0.177042	0.531476	-0.263879	-1.38325	0.0470624
4.685	0.331525	-0.177037	0.531471	-0.264137	-1.38339	0.0473326
4.69	0.331518	-0.177032	0.531469	-0.264395	-1.38354	0.0476032
4.695	0.331509	-0.177027	0.531465	-0.264653	-1.38368	0.0478739
4.7	0.331502	-0.177022	0.531464	-0.264911	-1.38383	0.0481445
4.705	0.331494	-0.177017	0.53146	-0.26517	-1.38398	0.048414
4.71	0.331488	-0.177012	0.53146	-0.265429	-1.38413	0.0486841
4.715	0.33148	-0.177008	0.531456	-0.265689	-1.38427	0.0489557
4.72	0.331475	-0.177003	0.531457	-0.26595	-1.38443	0.0492278
4.725	0.331466	-0.176998	0.531453	-0.266211	-1.38457	0.0495013
4.73	0.331462	-0.176992	0.531455	-0.266472	-1.38473	0.0497752
4.735	0.331454	-0.176987	0.53145	-0.266734	-1.38487	0.050051
4.74	0.33145	-0.176981	0.531454	-0.266996	-1.38504	0.0503269
4.745	0.331441	-0.176975	0.531448	-0.26726	-1.38517	0.050605
4.75	0.331438	-0.176969	0.531453	-0.267523	-1.38534	0.0508829
4.755	0.33143	-0.176963	0.531447	-0.267787	-1.38548	0.0511632
4.76	0.331427	-0.176957	0.531453	-0.268052	-1.38565	0.051443
4.765	0.331419	-0.17695	0.531448	-0.268317	-1.38579	0.0517253
4.77	0.331417	-0.176943	0.531455	-0.268582	-1.38596	0.052007
4.775	0.331408	-0.176937	0.531449	-0.268849	-1.3861	0.0522911
4.78	0.331407	-0.17693	0.531457	-0.269116	-1.38628	0.0525741
4.785	0.331398	-0.176924	0.531452	-0.269383	-1.38642	0.0528574
4.79	0.331397	-0.176917	0.531459	-0.26965	-1.38659	0.0531392
4.795	0.331388	-0.176911	0.531454	-0.269918	-1.38673	0.0534238
4.8	0.331387	-0.176905	0.53146	-0.270186	-1.3869	0.0537066
4.805	0.331377	-0.176899	0.531454	-0.270455	-1.38704	0.0539912
4.81	0.331375	-0.176893	0.531459	-0.270724	-1.38721	0.0542743
4.815	0.331366	-0.176887	0.531454	-0.270994	-1.38734	0.0545589
4.82	0.331363	-0.176881	0.531456	-0.271264	-1.38751	0.0548423
4.825	0.331353	-0.176876	0.53145	-0.271535	-1.38764	0.0551271
4.83	0.33135	-0.176869	0.531452	-0.271806	-1.3878	0.0554127
4.835	0.331341	-0.176864	0.531447	-0.272077	-1.38794	0.0556989
4.84	0.33134	-0.176858	0.531451	-0.272349	-1.3881	0.0559848
4.845	0.331331	-0.176852	0.531449	-0.272621	-1.38825	0.0562711
4.85	0.331333	-0.176846	0.531455	-0.272894	-1.38842	0.0565578
4.855	0.33133	-0.17684	0.531454	-0.273167	-1.38857	0.0568454
4.86	0.331331	-0.176834	0.531461	-0.273441	-1.38875	0.0571334
4.865	0.331328	-0.176828	0.531462	-0.273714	-1.3889	0.0574207
4.87	0.331326	-0.176823	0.531468	-0.273988	-1.38907	0.057705
4.875	0.331321	-0.176819	0.531468	-0.274263	-1.38923	0.0579896
4.88	0.331318	-0.176815	0.531473	-0.274537	-1.3894	0.0582729
4.885	0.331313	-0.17681	0.531473	-0.274812	-1.38955	0.0585582
4.89	0.331308	-0.176807	0.531477	-0.275088	-1.38972	0.0588418
4.895	0.331301	-0.176803	0.531478	-0.275364	-1.38987	0.0591269
4.9	0.331295	-0.176799	0.531481	-0.27564	-1.39004	0.0594103
4.905	0.331288	-0.176796	0.531481	-0.275917	-1.39019	0.0596954
4.91	0.331281	-0.176792	0.531483	-0.276194	-1.39035	0.0599791
4.915	0.331273	-0.176789	0.531483	-0.276472	-1.39051	0.0602645
4.92	0.331265	-0.176786	0.531485	-0.27675	-1.39067	0.0605489
4.925	0.331257	-0.176782	0.531486	-0.277029	-1.39083	0.0608378
4.93	0.331249	-0.176777	0.531487	-0.277309	-1.39098	0.061129
4.935	0.33124	-0.176772	0.531488	-0.27759	-1.39114	0.0614229
4.94	0.331232	-0.176767	0.53149	-0.277871	-1.3913	0.0617187
4.945	0.331223	-0.176762	0.531491	-0.278153	-1.39146	0.0620133
4.95	0.331214	-0.176758	0.531491	-0.278435	-1.39161	0.0623051
4.955	0.331204	-0.176754	0.531491	-0.278716	-1.39177	0.0625952
4.96	0.331194	-0.176751	0.53149	-0.278999	-1.39192	0.0628863
4.965	0.331184	-0.176747	0.53149	-0.279282	-1.39207	0.0631777
4.97	0.331174	-0.176744	0.531489	-0.279565	-1.39222	0.0634675
4.975	0.331164	-0.176741	0.531489	-0.279848	-1.39238	0.0637577
4.98	0.331154	-0.176739	0.531487	-0.280132	-1.39253	0.0640465
4.985	0.331144	-0.176736	0.531486	-0.280416	-1.39268	0.0643358
4.99	0.331133	-0.176734	0.531484	-0.2807	-1.39283	0.0646241
4.995	0.331123	-0.176732	0.531483	-0.280985	-1.39298	0.0649128
5.0	0.331113	-0.176731	0.531481	-0.281269	-1.39312	0.0652008
5.005	0.331102	-0.176729	0.531479	-0.281555	-1.39327	0.0654898
5.01	0.331092	-0.176727	0.531476	-0.281841	-1.39342	0.0657796
5.015	0.331081	-0.176725	0.531474	-0.282128	-1.39356	0.0660704
5.02	0.331071	-0.176723	0.53147	-0.282414	-1.39371	0.0663618
5.025	0.33106	-0.17672	0.531466	-0.282702	-1.39385	0.0666544
5.03	0.331049	-0.176718	0.531462	-0.28299	-1.39399	0.0669492
5.035	0.331039	-0.176714	0.531459	-0.283279	-1.39413	0.067248
5.04	0.331029	-0.17671	0.531456	-0.283569	-1.39428	0.0675483
5.045	0.331019	-0.176705	0.531454	-0.283861	-1.39442	0.0678522
5.05	0.331009	-0.1767	0.531451	-0.284152	-1.39457	0.0681572
5.055	0.330999	-0.176695	0.53145	-0.284445	-1.39472	0.0684651
5.06	0.330989	-0.176689	0.531448	-0.284739	-1.39487	0.0687738
5.065	0.33098	-0.176683	0.531446	-0.285033	-1.39502	0.0690849
5.07	0.330969	-0.176677	0.531441	-0.285327	-1.39515	0.069397
5.075	0.330959	-0.17667	0.531438	-0.285623	-1.3953	0.0697117
5.08	0.330948	-0.176663	0.531432	-0.285918	-1.39543	0.0700273
5.085	0.330938	-0.176656	0.531428	-0.286215	-1.39557	0.0703454
5.09	0.330927	-0.176648	0.531422	-0.286511	-1.39571	0.0706642
5.095	0.330917	-0.17664	0.531418	-0.286809	-1.39585	0.0709855
5.1	0.330907	-0.176632	0.531411	-0.287107	-1.39598	0.0713067
5.105	0.330897	-0.176624	0.531408	-0.287406	-1.39612	0.0716285
5.11	0.330886	-0.176616	0.531402	-0.287705	-1.39626	0.0719496
5.115	0.330876	-0.176609	0.5314	-0.288005	-1.3964	0.0722703
5.12	0.330865	-0.176602	0.531394	-0.288305	-1.39654	0.0725906
5.125	0.330855	-0.176595	0.531391	-0.288605	-1.39668	0.0729107
5.13	0.330845	-0.176589	0.531387	-0.288906	-1.39682	0.0732293
5.135	0.330835	-0.176582	0.531383	-0.289206	-1.39696	0.0735471
5.14	0.330824	-0.176577	0.531378	-0.289507	-1.3971	0.0738646
5.145	0.330814	-0.176571	0.531375	-0.289809	-1.39724	0.0741815
5.15	0.330804	-0.176566	0.53137	-0.29011	-1.39738	0.0744981
5.155	0.330794	-0.17656	0.531366	-0.290413	-1.39752	0.0748148
5.16	0.330783	-0.176555	0.531361	-0.290715	-1.39766	0.0751318
5.165	0.330774	-0.17655	0.531357	-0.291018	-1.3978	0.0754488
5.17	0.330763	-0.176545	0.531352	-0.291321	-1.39794	0.0757661
5.175	0.330753	-0.17654	0.531348	-0.291625	-1.39808	0.0760835
5.18	0.330743	-0.176535	0.531343	-0.291929	-1.39821	0.0764007
5.185	0.330733	-0.176531	0.531338	-0.292234	-1.39835	0.0767171
5.19	0.330722	-0.176527	0.531333	-0.292539	-1.39849	0.0770333
5.195	0.330713	-0.176523	0.531329	-0.292844	-1.39863	0.0773486
5.2	0.330702	-0.176519	0.531324	-0.293149	-1.39877	0.0776635
5.205	0.330692	-0.176516	0.53132	-0.293455	-1.39891	0.0779777
5.21	0.330682	-0.176513	0.531315	-0.293761	-1.39904	0.0782919
5.215	0.330672	-0.17651	0.531311	-0.294067	-1.39918	0.0786055
5.22	0.330661	-0.176507	0.531306	-0.294374	-1.39932	0.0789205
5.225	0.330651	-0.176503	0.531302	-0.294683	-1.39946	0.0792394
5.23	0.330641	-0.176498	0.531297	-0.294991	-1.3996	0.0795597
5.235	0.330631	-0.176493	0.531293	-0.295301	-1.39974	0.079883
5.24	0.330621	-0.176489	0.531288	-0.295611	-1.39987	0.0802066
5.245	0.330611	-0.176484	0.531284	-0.295922	-1.40001	0.0805312
5.25	0.330601	-0.176479	0.531279	-0.296233	-1.40015	0.0808547
5.255	0.330591	-0.176474	0.531275	-0.296546	-1.40029	0.0811812
5.26	0.330581	-0.176469	0.53127	-0.296858	-1.40043	0.0815088
5.265	0.330571	-0.176463	0.531265	-0.297172	-1.40057	0.0818392
5.27	0.330561	-0.176457	0.531261	-0.297486	-1.4007	0.0821705
5.275	0.330552	-0.17645	0.531256	-0.297801	-1.40084	0.0825045
5.28	0.330541	-0.176443	0.531251	-0.298117	-1.40098	0.0828391
5.285	0.330532	-0.176436	0.531247	-0.298433	-1.40112	0.0831763
5.29	0.330522	-0.176429	0.531242	-0.29875	-1.40125	0.083514
5.295	0.330512	-0.176421	0.531238	-0.299068	-1.40139	0.0838541
5.3	0.330502	-0.176414	0.531233	-0.299387	-1.40153	0.0841946
5.305	0.330492	-0.176406	0.531229	-0.299706	-1.40167	0.0845375
5.31	0.330482	-0.176398	0.531224	-0.300026	-1.4018	0.0848806
5.315	0.330473	-0.176389	0.531219	-0.300347	-1.40194	0.0852261
5.32	0.330462	-0.176381	0.531214	-0.300668	-1.40208	0.0855717
5.325	0.330453	-0.176372	0.53121	-0.30099	-1.40222	0.0859196
5.33	0.330443	-0.176364	0.531205	-0.301313	-1.40235	0.0862676
5.335	0.330433	-0.176354	0.531201	-0.301636	-1.40249	0.0866178
5.34	0.330423	-0.176345	0.531196	-0.30196	-1.40263	0.0869681
5.345	0.330413	-0.176336	0.531192	-0.302285	-1.40277	0.0873212
5.35	0.330403	-0.176326	0.531187	-0.30261	-1.4029	0.0876746
5.355	0.330394	-0.176316	0.531183	-0.302937	-1.40304	0.0880305
5.36	0.330383	-0.176307	0.531177	-0.303263	-1.40318	0.0883864
5.365	0.330374	-0.176296	0.531173	-0.303591	-1.40332	0.0887443
5.37	0.330363	-0.176286	0.531168	-0.303919	-1.40345	0.0891024
5.375	0.330354	-0.176276	0.531164	-0.304247	-1.40359	0.0894609
5.38	0.330343	-0.176266	0.531159	-0.304576	-1.40373	0.0898193
5.385	0.330334	-0.176256	0.531155	-0.304906	-1.40387	0.0901787
5.39	0.330323	-0.176247	0.531151	-0.305237	-1.40401	0.090538
5.395	0.330313	-0.176237	0.531151	-0.30557	-1.40416	0.0908997
5.4	0.330302	-0.176228	0.531147	-0.305902	-1.4043	0.0912598
5.405	0.330292	-0.176218	0.531145	-0.306236	-1.40444	0.0916217
5.41	0.330281	-0.176208	0.53114	-0.306568	-1.40458	0.0919829
5.415	0.330271	-0.176199	0.531137	-0.306902	-1.40472	0.0923447
5.42	0.33026	-0.176189	0.531132	-0.307235	-1.40486	0.0927073
5.425	0.33025	-0.17618	0.531129	-0.30757	-1.405	0.0930701
5.43	0.33024	-0.17617	0.531123	-0.307904	-1.40514	0.0934324
5.435	0.330229	-0.176161	0.53112	-0.30824	-1.40528	0.0937955
5.44	0.330219	-0.176152	0.531114	-0.308575	-1.40541	0.0941577
5.445	0.330209	-0.176143	0.531111	-0.308912	-1.40555	0.0945217
5.45	0.330198	-0.176133	0.531104	-0.309247	-1.40568	0.0948844
5.455	0.330188	-0.176124	0.531101	-0.309585	-1.40582	0.0952494
5.46	0.330177	-0.176115	0.531094	-0.309921	-1.40595	0.0956127
5.465	0.330167	-0.176106	0.531091	-0.31026	-1.40609	0.095979
5.47	0.330156	-0.176097	0.531084	-0.310598	-1.40622	0.0963435
5.475	0.330147	-0.176088	0.53108	-0.310938	-1.40636	0.096711
5.48	0.330136	-0.176079	0.531073	-0.311276	-1.40649	0.0970767
5.485	0.330126	-0.176069	0.531069	-0.311618	-1.40663	0.0974454
5.49	0.330115	-0.17606	0.531062	-0.311957	-1.40676	0.0978124
5.495	0.330105	-0.176051	0.531059	-0.3123	-1.4069	0.0981825
5.5	0.330095	-0.176042	0.531052	-0.31264	-1.40703	0.0985507
5.505	0.330085	-0.176032	0.531048	-0.312984	-1.40717	0.098922
5.51	0.330074	-0.176023	0.531041	-0.313326	-1.4073	0.0992914
5.515	0.330064	-0.176014	0.531038	-0.313671	-1.40744	0.099664
5.52	0.330053	-0.176005	0.531031	-0.314014	-1.40757	0.100034
5.525	0.330044	-0.175997	0.531027	-0.31436	-1.40771	0.100404
5.53	0.330033	-0.175989	0.531021	-0.314703	-1.40784	0.100771
5.535	0.330023	-0.175983	0.531018	-0.315049	-1.40798	0.101134
5.54	0.330012	-0.175977	0.531012	-0.315392	-1.40811	0.101494
5.545	0.330002	-0.175973	0.53101	-0.315739	-1.40826	0.101853
5.55	0.329991	-0.175969	0.531004	-0.316083	-1.40839	0.102208
5.555	0.329981	-0.175965	0.531002	-0.31643	-1.40854	0.102564
5.56	0.32997	-0.175962	0.530997	-0.316774	-1.40867	0.102917
5.565	0.32996	-0.17596	0.530995	-0.317122	-1.40882	0.10327
5.57	0.32995	-0.175957	0.53099	-0.317468	-1.40895	0.103622
5.575	0.329939	-0.175956	0.530989	-0.317817	-1.4091	0.103975
5.58	0.329929	-0.175954	0.530984	-0.318164	-1.40924	0.104327
5.585	0.329918	-0.175952	0.530983	-0.318514	-1.40938	0.10468
5.59	0.329908	-0.175951	0.530978	-0.318862	-1.40952	0.105032
5.595	0.329897	-0.17595	0.530977	-0.319213	-1.40967	0.105385
5.6	0.329886	-0.175948	0.530973	-0.319562	-1.40981	0.105737
5.605	0.329876	-0.175947	0.530972	-0.319915	-1.40996	0.10609
5.61	0.329865	-0.175946	0.530968	-0.320265	-1.41009	0.106442
5.615	0.329855	-0.175946	0.530967	-0.320619	-1.41024	0.106796
5.62	0.329844	-0.175945	0.530963	-0.32097	-1.41038	0.107148
5.625	0.329834	-0.175945	0.530962	-0.321325	-1.41053	0.107503
5.63	0.329823	-0.175944	0.530958	-0.321677	-1.41067	0.107856
5.635	0.329813	-0.175944	0.530957	-0.322034	-1.41082	0.108211
5.64	0.329802	-0.175943	0.530953	-0.322387	-1.41095	0.108565
5.645	0.329791	-0.175943	0.530952	-0.322745	-1.4111	0.108921
5.65	0.32978	-0.175943	0.530948	-0.323099	-1.41124	0.109276
5.655	0.32977	-0.175943	0.530947	-0.323458	-1.41139	0.109633
5.66	0.329759	-0.175943	0.530943	-0.323814	-1.41153	0.109988
5.665	0.329749	-0.175943	0.530942	-0.324174	-1.41168	0.110346
5.67	0.329737	-0.175943	0.530938	-0.324531	-1.41181	0.110702
5.675	0.329727	-0.175943	0.530937	-0.324892	-1.41196	0.111061
5.68	0.329716	-0.175942	0.530933	-0.325251	-1.4121	0.11142
5.685	0.329706	-0.175941	0.530932	-0.325614	-1.41225	0.111786
5.69	0.329695	-0.175939	0.530927	-0.325974	-1.41238	0.112151
5.695	0.329684	-0.175936	0.530925	-0.326339	-1.41253	0.112524
5.7	0.329673	-0.175933	0.53092	-0.326701	-1.41266	0.112895
5.705	0.329663	-0.175929	0.530918	-0.327068	-1.41281	0.113274
5.71	0.329652	-0.175924	0.530913	-0.327432	-1.41294	0.11365
5.715	0.329642	-0.175919	0.53091	-0.327801	-1.41308	0.114033
5.72	0.329631	-0.175914	0.530905	-0.328166	-1.41322	0.114415
5.725	0.329621	-0.175908	0.530902	-0.328537	-1.41336	0.114802
5.73	0.32961	-0.175902	0.530897	-0.328904	-1.41349	0.115186
5.735	0.3296	-0.175898	0.530895	-0.329275	-1.41363	0.115568
5.74	0.329589	-0.175894	0.530889	-0.329643	-1.41377	0.115947
5.745	0.329579	-0.175892	0.530888	-0.330015	-1.41391	0.116326
5.75	0.329568	-0.175889	0.530883	-0.330383	-1.41405	0.116701
5.755	0.329558	-0.175888	0.530881	-0.330756	-1.41419	0.117077
5.76	0.329547	-0.175886	0.530877	-0.331125	-1.41433	0.11745
5.765	0.329537	-0.175885	0.530876	-0.331499	-1.41448	0.117825
5.77	0.329526	-0.175885	0.530871	-0.33187	-1.41461	0.118196
5.775	0.329515	-0.175885	0.53087	-0.332244	-1.41476	0.11857
5.78	0.329504	-0.175884	0.530866	-0.332616	-1.4149	0.118943
5.785	0.329494	-0.175882	0.530864	-0.332993	-1.41504	0.119323
5.79	0.329483	-0.17588	0.530859	-0.333367	-1.41518	0.119703
5.795	0.329473	-0.175877	0.530858	-0.333746	-1.41532	0.12009
5.8	0.329462	-0.175873	0.530852	-0.334121	-1.41545	0.120475
5.805	0.329452	-0.175869	0.53085	-0.334502	-1.4156	0.120868
5.81	0.329441	-0.175864	0.530845	-0.334879	-1.41573	0.121258
5.815	0.32943	-0.175859	0.530842	-0.335261	-1.41587	0.121656
5.82	0.32942	-0.175854	0.530836	-0.33564	-1.416	0.122051
5.825	0.329409	-0.175848	0.530834	-0.336025	-1.41615	0.122452
5.83	0.329399	-0.175842	0.530828	-0.336405	-1.41628	0.12285
5.835	0.329388	-0.175837	0.530826	-0.336791	-1.41642	0.123251
5.84	0.329378	-0.175832	0.530822	-0.337174	-1.41656	0.123649
5.845	0.329368	-0.175827	0.530819	-0.337561	-1.4167	0.124049
5.85	0.329357	-0.175823	0.530816	-0.337946	-1.41684	0.124446
5.855	0.329347	-0.175818	0.530813	-0.338334	-1.41698	0.124847
5.86	0.329336	-0.175815	0.530809	-0.33872	-1.41712	0.125243
5.865	0.329326	-0.175811	0.530807	-0.339109	-1.41726	0.125644
5.87	0.329315	-0.175807	0.530804	-0.339496	-1.4174	0.126041
5.875	0.329305	-0.175804	0.530802	-0.339887	-1.41754	0.126442
5.88	0.329294	-0.1758	0.530798	-0.340276	-1.41768	0.12684
5.885	0.329284	-0.175797	0.530796	-0.340668	-1.41782	0.127241
5.89	0.329273	-0.175793	0.530792	-0.341058	-1.41796	0.12764
5.895	0.329263	-0.17579	0.53079	-0.341451	-1.4181	0.128043
5.9	0.329252	-0.175787	0.530786	-0.341842	-1.41824	0.128443
5.905	0.329242	-0.175783	0.530784	-0.342237	-1.41838	0.128847
5.91	0.329231	-0.17578	0.53078	-0.342629	-1.41852	0.129248
5.915	0.329221	-0.175778	0.530778	-0.343025	-1.41866	0.129652
5.92	0.32921	-0.175775	0.530774	-0.343419	-1.4188	0.130054
5.925	0.329199	-0.175772	0.530772	-0.343816	-1.41894	0.130457
5.93	0.329188	-0.17577	0.530768	-0.344211	-1.41908	0.130858
5.935	0.329178	-0.175768	0.530767	-0.34461	-1.41923	0.131261
5.94	0.329167	-0.175766	0.530763	-0.345006	-1.41936	0.131662
5.945	0.329157	-0.175765	0.530761	-0.345405	-1.41951	0.132066
5.95	0.329146	-0.175763	0.530757	-0.345803	-1.41964	0.132467
5.955	0.329135	-0.175762	0.530755	-0.346204	-1.41979	0.132871
5.96	0.329124	-0.17576	0.530751	-0.346602	-1.41992	0.133273
5.965	0.329114	-0.175759	0.530749	-0.347005	-1.42007	0.133678
5.97	0.329103	-0.175758	0.530745	-0.347405	-1.4202	0.13408
5.975	0.329092	-0.175757	0.530744	-0.347809	-1.42035	0.134486
5.98	0.329081	-0.175756	0.53074	-0.34821	-1.42048	0.13489
5.985	0.32907	-0.175755	0.530738	-0.348615	-1.42063	0.135297
5.99	0.329059	-0.175754	0.530734	-0.349018	-1.42076	0.135702
5.995	0.329049	-0.175753	0.530732	-0.349425	-1.42091	0.13611
6.0	0.329038	-0.175752	0.530728	-0.349829	-1.42104	0.136516
