0	0.0490075 	0.0219193 	-2.01088 	0.262299 	0.529812 	-0.011542 	
0.005	0.0490075 	0.0219193 	-2.01088 	0.262299 	0.529812 	-0.011542 	
0.01	0.0490075 	0.0219193 	-2.01088 	0.262299 	0.529812 	-0.011542 	
0.015	0.0490075 	0.0219115 	-2.01088 	0.262299 	0.529813 	-0.0115415 	
0.02	0.0490076 	0.0219047 	-2.01087 	0.2623 	0.529815 	-0.011541 	
0.025	0.0490077 	0.0218963 	-2.01086 	0.2623 	0.529817 	-0.0115404 	
0.03	0.0490078 	0.021886 	-2.01086 	0.2623 	0.52982 	-0.0115397 	
0.035	0.0490079 	0.0218738 	-2.01085 	0.262301 	0.529823 	-0.0115389 	
0.04	0.049008 	0.0218597 	-2.01084 	0.262301 	0.529826 	-0.0115379 	
0.045	0.0490081 	0.0218437 	-2.01083 	0.262302 	0.529831 	-0.0115368 	
0.05	0.0490083 	0.0218257 	-2.01081 	0.262303 	0.529835 	-0.0115356 	
0.055	0.0490085 	0.0218059 	-2.0108 	0.262303 	0.52984 	-0.0115342 	
0.06	0.0490087 	0.0217842 	-2.01078 	0.262304 	0.529845 	-0.0115328 	
0.065	0.0490089 	0.0217605 	-2.01076 	0.262305 	0.529851 	-0.0115311 	
0.07	0.0490091 	0.021735 	-2.01074 	0.262306 	0.529858 	-0.0115294 	
0.075	0.0490094 	0.0217075 	-2.01072 	0.262307 	0.529865 	-0.0115275 	
0.08	0.0490096 	0.0216781 	-2.0107 	0.262308 	0.529872 	-0.0115255 	
0.085	0.0490099 	0.0216469 	-2.01068 	0.262309 	0.52988 	-0.0115234 	
0.09	0.0490102 	0.0216137 	-2.01065 	0.262311 	0.529888 	-0.0115212 	
0.095	0.0490105 	0.0215787 	-2.01063 	0.262312 	0.529897 	-0.0115188 	
0.1	0.0490109 	0.0215417 	-2.0106 	0.262313 	0.529906 	-0.0115163 	
0.105	0.0490113 	0.021499 	-2.01057 	0.262315 	0.529917 	-0.0115134 	
0.11	0.0490116 	0.0214617 	-2.01054 	0.262316 	0.529926 	-0.0115108 	
0.115	0.049012 	0.0214152 	-2.01051 	0.262318 	0.529938 	-0.0115077 	
0.12	0.0490125 	0.0213704 	-2.01047 	0.26232 	0.529949 	-0.0115047 	
0.125	0.0490129 	0.0213238 	-2.01044 	0.262322 	0.529961 	-0.0115015 	
0.13	0.0490133 	0.0212753 	-2.0104 	0.262323 	0.529973 	-0.0114982 	
0.135	0.0490138 	0.021225 	-2.01037 	0.262325 	0.529985 	-0.0114948 	
0.14	0.0490143 	0.0211727 	-2.01033 	0.262327 	0.529999 	-0.0114913 	
0.145	0.0490148 	0.0211186 	-2.01029 	0.262329 	0.530012 	-0.0114877 	
0.15	0.0490154 	0.0210625 	-2.01025 	0.262332 	0.530026 	-0.0114839 	
0.155	0.0490159 	0.0210046 	-2.0102 	0.262334 	0.53004 	-0.01148 	
0.16	0.0491189 	0.0207203 	-2.01034 	0.262432 	0.531638 	-0.0108378 	
0.165	0.0491195 	0.0206586 	-2.01029 	0.262434 	0.531653 	-0.0108337 	
0.17	0.0491201 	0.0205951 	-2.01024 	0.262437 	0.531669 	-0.0108294 	
0.175	0.0491207 	0.0205297 	-2.0102 	0.262439 	0.531685 	-0.0108251 	
0.18	0.0491214 	0.0204625 	-2.01015 	0.262442 	0.531702 	-0.0108206 	
0.185	0.0491221 	0.0203934 	-2.01009 	0.262444 	0.531719 	-0.010816 	
0.19	0.0491228 	0.0203225 	-2.01004 	0.262447 	0.531737 	-0.0108112 	
0.195	0.0491235 	0.0202497 	-2.00999 	0.26245 	0.531755 	-0.0108064 	
0.2	0.0491243 	0.020175 	-2.00993 	0.262453 	0.531774 	-0.0108014 	
0.205	0.049125 	0.0200985 	-2.00987 	0.262456 	0.531793 	-0.0107964 	
0.21	0.0491258 	0.0200201 	-2.00982 	0.262459 	0.531812 	-0.0107912 	
0.215	0.0491267 	0.0199399 	-2.00976 	0.262462 	0.531832 	-0.0107859 	
0.22	0.0492294 	0.0196364 	-2.00987 	0.262565 	0.533411 	-0.01015 	
0.225	0.0492302 	0.0195525 	-2.00981 	0.262569 	0.533432 	-0.0101445 	
0.23	0.0492311 	0.0194668 	-2.00975 	0.262572 	0.533453 	-0.0101388 	
0.235	0.0492321 	0.0193793 	-2.00968 	0.262575 	0.533475 	-0.0101331 	
0.24	0.049233 	0.0192899 	-2.00961 	0.262578 	0.533497 	-0.0101272 	
0.245	0.049234 	0.0191987 	-2.00955 	0.262582 	0.533519 	-0.0101213 	
0.25	0.049235 	0.0191057 	-2.00948 	0.262585 	0.533542 	-0.0101152 	
0.255	0.049236 	0.0190109 	-2.00941 	0.262589 	0.533566 	-0.010109 	
0.26	0.0492371 	0.0189143 	-2.00933 	0.262593 	0.53359 	-0.0101027 	
0.265	0.0492382 	0.0188159 	-2.00926 	0.262596 	0.533614 	-0.0100963 	
0.27	0.0493483 	0.0184807 	-2.00937 	0.262713 	0.53529 	-0.00941998 	
0.275	0.0493494 	0.0183786 	-2.00929 	0.262717 	0.535315 	-0.00941337 	
0.28	0.0493506 	0.0182748 	-2.00922 	0.262721 	0.535341 	-0.00940667 	
0.285	0.0493518 	0.0181692 	-2.00914 	0.262725 	0.535367 	-0.00939986 	
0.29	0.049353 	0.0180618 	-2.00906 	0.262729 	0.535393 	-0.00939296 	
0.295	0.0493543 	0.0179526 	-2.00898 	0.262733 	0.53542 	-0.00938595 	
0.3	0.0493556 	0.0178417 	-2.00889 	0.262737 	0.535448 	-0.00937886 	
0.305	0.0493569 	0.017729 	-2.00881 	0.262741 	0.535475 	-0.00937166 	
0.31	0.0494631 	0.0173904 	-2.0089 	0.262859 	0.537076 	-0.00872466 	
0.315	0.0494645 	0.0172741 	-2.00881 	0.262864 	0.537104 	-0.00871727 	
0.32	0.0494659 	0.0171561 	-2.00872 	0.262868 	0.537133 	-0.00870978 	
0.325	0.0494673 	0.0170364 	-2.00863 	0.262873 	0.537163 	-0.00870221 	
0.33	0.0494688 	0.0169149 	-2.00854 	0.262877 	0.537192 	-0.00869454 	
0.335	0.0494703 	0.0167917 	-2.00845 	0.262882 	0.537222 	-0.00868678 	
0.34	0.0494719 	0.0166667 	-2.00836 	0.262886 	0.537253 	-0.00867894 	
0.345	0.0495771 	0.0163203 	-2.00843 	0.263008 	0.538823 	-0.00804299 	
0.35	0.0495787 	0.0161918 	-2.00834 	0.263013 	0.538855 	-0.00803496 	
0.355	0.0495804 	0.0160617 	-2.00824 	0.263018 	0.538886 	-0.00802685 	
0.36	0.0495821 	0.0159298 	-2.00814 	0.263023 	0.538918 	-0.00801865 	
0.365	0.0495838 	0.0157962 	-2.00804 	0.263028 	0.538951 	-0.00801038 	
0.37	0.0495856 	0.015661 	-2.00794 	0.263033 	0.538984 	-0.00800203 	
0.375	0.0495874 	0.015524 	-2.00784 	0.263038 	0.539017 	-0.00799359 	
0.38	0.049703 	0.0151461 	-2.00792 	0.263177 	0.540725 	-0.00730016 	
0.385	0.0497049 	0.0150057 	-2.00781 	0.263182 	0.540759 	-0.00729156 	
0.39	0.0497068 	0.0148636 	-2.0077 	0.263187 	0.540793 	-0.00728288 	
0.395	0.0497087 	0.0147199 	-2.0076 	0.263193 	0.540828 	-0.00727413 	
0.4	0.0497107 	0.0145745 	-2.00749 	0.263198 	0.540863 	-0.00726531 	
0.405	0.0497128 	0.0144274 	-2.00738 	0.263203 	0.540899 	-0.00725642 	
0.41	0.0498232 	0.0140529 	-2.00744 	0.263342 	0.542513 	-0.0065999 	
0.415	0.0498253 	0.0139025 	-2.00733 	0.263347 	0.542549 	-0.00659086 	
0.42	0.0498275 	0.0137505 	-2.00721 	0.263353 	0.542585 	-0.00658174 	
0.425	0.0498297 	0.0135969 	-2.00709 	0.263358 	0.542622 	-0.00657257 	
0.43	0.0498319 	0.0134416 	-2.00698 	0.263364 	0.54266 	-0.00656333 	
0.435	0.0498342 	0.0132847 	-2.00686 	0.26337 	0.542697 	-0.00655403 	
0.44	0.049952 	0.0128875 	-2.00692 	0.263522 	0.544401 	-0.00585915 	
0.445	0.0499544 	0.0127273 	-2.0068 	0.263528 	0.544439 	-0.00584971 	
0.45	0.0499568 	0.0125656 	-2.00668 	0.263534 	0.544478 	-0.00584021 	
0.455	0.0499593 	0.0124022 	-2.00656 	0.26354 	0.544517 	-0.00583066 	
0.46	0.0499618 	0.0122372 	-2.00643 	0.263546 	0.544556 	-0.00582105 	
0.465	0.0499644 	0.0120707 	-2.0063 	0.263552 	0.544596 	-0.00581139 	
0.47	0.0500909 	0.0116487 	-2.00637 	0.263721 	0.546405 	-0.00507111 	
0.475	0.0500936 	0.011479 	-2.00624 	0.263727 	0.546446 	-0.00506132 	
0.48	0.0500963 	0.0113078 	-2.00611 	0.263733 	0.546486 	-0.00505149 	
0.485	0.0500991 	0.0111349 	-2.00598 	0.26374 	0.546527 	-0.00504161 	
0.49	0.0501019 	0.0109606 	-2.00585 	0.263746 	0.546569 	-0.00503169 	
0.495	0.0502168 	0.0105572 	-2.00589 	0.263905 	0.548194 	-0.00436574 	
0.5	0.0502197 	0.0103797 	-2.00575 	0.263911 	0.548236 	-0.0043557 	
0.505	0.0502227 	0.0102007 	-2.00562 	0.263918 	0.548278 	-0.00434563 	
0.51	0.0502257 	0.0100202 	-2.00548 	0.263924 	0.54832 	-0.00433552 	
0.515	0.0502288 	0.0098382 	-2.00534 	0.263931 	0.548363 	-0.00432537 	
0.52	0.0503482 	0.00942049 	-2.00538 	0.2641 	0.550035 	-0.00363879 	
0.525	0.0503514 	0.00923544 	-2.00524 	0.264107 	0.550078 	-0.00362855 	
0.53	0.0503546 	0.00904892 	-2.0051 	0.264114 	0.550122 	-0.00361827 	
0.535	0.0503579 	0.00886092 	-2.00495 	0.264121 	0.550165 	-0.00360797 	
0.54	0.0503612 	0.00867145 	-2.00481 	0.264127 	0.55021 	-0.00359763 	
0.545	0.0504868 	0.00823653 	-2.00484 	0.264311 	0.551948 	-0.00288122 	
0.55	0.0504903 	0.00804408 	-2.0047 	0.264318 	0.551993 	-0.0028708 	
0.555	0.0504938 	0.00785022 	-2.00455 	0.264325 	0.552038 	-0.00286036 	
0.56	0.0504973 	0.00765492 	-2.0044 	0.264332 	0.552084 	-0.0028499 	
0.565	0.050501 	0.00745818 	-2.00425 	0.264339 	0.552129 	-0.00283942 	
0.57	0.050633 	0.00700611 	-2.00429 	0.264537 	0.553936 	-0.00209264 	
0.575	0.0506367 	0.00680648 	-2.00413 	0.264544 	0.553982 	-0.00208209 	
0.58	0.0506405 	0.00660547 	-2.00398 	0.264551 	0.554028 	-0.00207153 	
0.585	0.0506444 	0.00640306 	-2.00383 	0.264558 	0.554075 	-0.00206095 	
0.59	0.0506483 	0.00619926 	-2.00367 	0.264565 	0.554122 	-0.00205035 	
0.595	0.0507868 	0.00573044 	-2.00371 	0.264779 	0.555995 	-0.00127358 	
0.6	0.0507908 	0.00552383 	-2.00355 	0.264786 	0.556042 	-0.00126293 	
0.605	0.0507949 	0.00531589 	-2.00339 	0.264793 	0.55609 	-0.00125228 	
0.61	0.0507991 	0.00510658 	-2.00323 	0.264801 	0.556138 	-0.00124162 	
0.615	0.0509181 	0.00467283 	-2.00323 	0.264989 	0.557729 	-0.000581079 	
0.62	0.0509224 	0.0044608 	-2.00307 	0.264996 	0.557777 	-0.000570385 	
0.625	0.0509268 	0.00424746 	-2.0029 	0.265004 	0.557826 	-0.000559689 	
0.63	0.0509312 	0.00403279 	-2.00274 	0.265011 	0.557875 	-0.000548992 	
0.635	0.0510521 	0.00359242 	-2.00273 	0.265207 	0.559474 	0.000116548 	
0.64	0.0510567 	0.00337509 	-2.00257 	0.265214 	0.559523 	0.000127265 	
0.645	0.0510613 	0.0031565 	-2.0024 	0.265222 	0.559573 	0.000137979 	
0.65	0.051066 	0.00293662 	-2.00223 	0.265229 	0.559622 	0.000148686 	
0.655	0.0511909 	0.0024857 	-2.00223 	0.265435 	0.561258 	0.000831223 	
0.66	0.0511957 	0.00226324 	-2.00205 	0.265443 	0.561308 	0.000841939 	
0.665	0.0512006 	0.00203953 	-2.00188 	0.265451 	0.561358 	0.000852644 	
0.67	0.0512055 	0.00181458 	-2.00171 	0.265458 	0.561409 	0.000863337 	
0.675	0.0513347 	0.00135299 	-2.0017 	0.265675 	0.563082 	0.00156383 	
0.68	0.0513398 	0.00112552 	-2.00153 	0.265683 	0.563133 	0.00157452 	
0.685	0.0513449 	0.00089685 	-2.00135 	0.265691 	0.563184 	0.00158519 	
0.69	0.0513502 	0.00066697 	-2.00117 	0.265699 	0.563235 	0.00159584 	
0.695	0.0514836 	0.000194951 	-2.00116 	0.265927 	0.564945 	0.00231413 	
0.7	0.051489 	-3.73689e-05 	-2.00098 	0.265935 	0.564997 	0.00232477 	
0.705	0.0514944 	-0.000270846 	-2.0008 	0.265943 	0.565048 	0.00233538 	
0.71	0.0514999 	-0.0005055 	-2.00062 	0.265951 	0.5651 	0.00234597 	
0.715	0.0516377 	-0.000987654 	-2.00061 	0.266192 	0.566846 	0.00308176 	
0.72	0.0516433 	-0.00122467 	-2.00043 	0.2662 	0.566898 	0.00309232 	
0.725	0.0516491 	-0.00146281 	-2.00024 	0.266208 	0.566951 	0.00310285 	
0.73	0.0516549 	-0.00170208 	-2.00006 	0.266216 	0.567003 	0.00311335 	
0.735	0.0517969 	-0.00219406 	-2.00005 	0.266469 	0.568784 	0.00386634 	
0.74	0.0518029 	-0.00243562 	-1.99986 	0.266477 	0.568837 	0.0038768 	
0.745	0.0518089 	-0.00267826 	-1.99967 	0.266485 	0.56889 	0.00388723 	
0.75	0.051815 	-0.00292199 	-1.99948 	0.266493 	0.568943 	0.00389761 	
0.755	0.0519613 	-0.0034235 	-1.99947 	0.266759 	0.570757 	0.00466748 	
0.76	0.0519676 	-0.00366943 	-1.99927 	0.266767 	0.570811 	0.00467782 	
0.765	0.0519739 	-0.00391641 	-1.99908 	0.266775 	0.570864 	0.00468811 	
0.77	0.0519804 	-0.00416444 	-1.99889 	0.266783 	0.570918 	0.00469836 	
0.775	0.052131 	-0.00467515 	-1.99887 	0.267062 	0.572764 	0.00548478 	
0.78	0.0521376 	-0.00492531 	-1.99868 	0.26707 	0.572818 	0.00549497 	
0.785	0.0521442 	-0.00517646 	-1.99848 	0.267078 	0.572872 	0.00550511 	
0.79	0.052151 	-0.00542863 	-1.99828 	0.267086 	0.572926 	0.0055152 	
0.795	0.0523059 	-0.00594821 	-1.99827 	0.267378 	0.574803 	0.00631784 	
0.8	0.0523128 	-0.00620242 	-1.99807 	0.267386 	0.574858 	0.00632786 	
0.805	0.0523197 	-0.00645759 	-1.99787 	0.267394 	0.574912 	0.00633782 	
0.81	0.0523268 	-0.00671372 	-1.99767 	0.267403 	0.574967 	0.00634773 	
0.815	0.052486 	-0.00724185 	-1.99765 	0.267707 	0.576874 	0.00716624 	
0.82	0.0524932 	-0.00749995 	-1.99745 	0.267716 	0.576929 	0.00717606 	
0.825	0.0525005 	-0.00775896 	-1.99724 	0.267724 	0.576983 	0.00718582 	
0.83	0.0525079 	-0.00801889 	-1.99704 	0.267733 	0.577038 	0.00719552 	
0.835	0.0526714 	-0.00855522 	-1.99702 	0.268051 	0.578974 	0.00802954 	
0.84	0.052679 	-0.00881704 	-1.99681 	0.268059 	0.579029 	0.00803915 	
0.845	0.0526866 	-0.00907972 	-1.99661 	0.268068 	0.579084 	0.00804869 	
0.85	0.0526943 	-0.00934329 	-1.9964 	0.268076 	0.579139 	0.00805816 	
0.855	0.0528621 	-0.00988747 	-1.99638 	0.268408 	0.581102 	0.00890733 	
0.86	0.0528699 	-0.0101528 	-1.99617 	0.268417 	0.581157 	0.00891669 	
0.865	0.0528779 	-0.010419 	-1.99596 	0.268425 	0.581212 	0.00892599 	
0.87	0.0528859 	-0.010686 	-1.99575 	0.268434 	0.581268 	0.00893521 	
0.875	0.053058 	-0.0112377 	-1.99572 	0.26878 	0.583256 	0.00979915 	
0.88	0.0530662 	-0.0115065 	-1.99551 	0.268788 	0.583311 	0.00980826 	
0.885	0.0530744 	-0.011776 	-1.9953 	0.268797 	0.583367 	0.00981729 	
0.89	0.0532126 	-0.0122688 	-1.99523 	0.269077 	0.584937 	0.0104987 	
0.895	0.053221 	-0.01254 	-1.99501 	0.269085 	0.584992 	0.0105076 	
0.9	0.0532295 	-0.0128118 	-1.9948 	0.269094 	0.585048 	0.0105165 	
0.905	0.0532381 	-0.0130845 	-1.99458 	0.269102 	0.585104 	0.0105252 	
0.91	0.0534138 	-0.013642 	-1.99455 	0.269465 	0.58709 	0.0113945 	
0.915	0.0534226 	-0.0139163 	-1.99433 	0.269474 	0.587146 	0.0114031 	
0.92	0.0534314 	-0.0141912 	-1.99411 	0.269482 	0.587202 	0.0114116 	
0.925	0.053575 	-0.0146937 	-1.99404 	0.269781 	0.588798 	0.0121098 	
0.93	0.053584 	-0.01497 	-1.99382 	0.269789 	0.588854 	0.0121182 	
0.935	0.0535931 	-0.0152471 	-1.9936 	0.269798 	0.588909 	0.0121265 	
0.94	0.0537356 	-0.0157477 	-1.99352 	0.270097 	0.590477 	0.012814 	
0.945	0.0537449 	-0.0160262 	-1.9933 	0.270106 	0.590533 	0.0128221 	
0.95	0.0537542 	-0.0163053 	-1.99307 	0.270114 	0.590589 	0.0128302 	
0.955	0.0538987 	-0.0168092 	-1.99299 	0.270421 	0.592164 	0.0135231 	
0.96	0.0539082 	-0.0170896 	-1.99277 	0.270429 	0.592219 	0.013531 	
0.965	0.0539178 	-0.0173706 	-1.99254 	0.270438 	0.592275 	0.0135388 	
0.97	0.0540647 	-0.0178782 	-1.99246 	0.270753 	0.59386 	0.0142387 	
0.975	0.0540744 	-0.0181605 	-1.99223 	0.270761 	0.593916 	0.0142463 	
0.98	0.0540843 	-0.0184433 	-1.99201 	0.270769 	0.593972 	0.0142538 	
0.985	0.0542335 	-0.0189543 	-1.99192 	0.271093 	0.595567 	0.0149606 	
0.99	0.0542435 	-0.0192384 	-1.9917 	0.271101 	0.595622 	0.0149679 	
0.995	0.0542536 	-0.019523 	-1.99147 	0.271109 	0.595678 	0.0149751 	
1	0.0544051 	-0.0200373 	-1.99138 	0.271441 	0.597282 	0.0156886 	
1.005	0.0544154 	-0.020323 	-1.99115 	0.271449 	0.597338 	0.0156956 	
1.01	0.0544258 	-0.0206092 	-1.99092 	0.271458 	0.597394 	0.0157026 	
1.015	0.0545796 	-0.0211266 	-1.99083 	0.271798 	0.599007 	0.0164226 	
1.02	0.0545901 	-0.0214139 	-1.9906 	0.271806 	0.599062 	0.0164293 	
1.025	0.0546007 	-0.0217016 	-1.99037 	0.271814 	0.599117 	0.016436 	
1.03	0.0547568 	-0.0222219 	-1.99028 	0.272163 	0.600739 	0.0171622 	
1.035	0.0547676 	-0.0225106 	-1.99004 	0.272171 	0.600794 	0.0171687 	
1.04	0.0547784 	-0.0227998 	-1.98981 	0.272179 	0.600849 	0.0171751 	
1.045	0.0549368 	-0.0233228 	-1.98972 	0.272536 	0.602478 	0.0179074 	
1.05	0.0549478 	-0.0236129 	-1.98948 	0.272544 	0.602533 	0.0179136 	
1.055	0.0549589 	-0.0239033 	-1.98925 	0.272552 	0.602588 	0.0179196 	
1.06	0.0551195 	-0.0244289 	-1.98915 	0.272917 	0.604223 	0.0186579 	
1.065	0.0551307 	-0.0247202 	-1.98892 	0.272925 	0.604278 	0.0186637 	
1.07	0.0551421 	-0.0250119 	-1.98868 	0.272933 	0.604333 	0.0186695 	
1.075	0.0553048 	-0.0255397 	-1.98859 	0.273307 	0.605975 	0.0194134 	
1.08	0.0553163 	-0.0258322 	-1.98835 	0.273315 	0.60603 	0.0194189 	
1.085	0.0553279 	-0.0261249 	-1.98811 	0.273323 	0.606084 	0.0194243 	
1.09	0.0554928 	-0.0266549 	-1.98801 	0.273704 	0.607731 	0.0201738 	
1.095	0.0555046 	-0.0269484 	-1.98777 	0.273712 	0.607786 	0.020179 	
1.1	0.0555164 	-0.0272422 	-1.98753 	0.27372 	0.60784 	0.020184 	
1.105	0.0556835 	-0.0277741 	-1.98743 	0.27411 	0.609492 	0.0209387 	
1.11	0.0556954 	-0.0280685 	-1.98719 	0.274118 	0.609547 	0.0209436 	
1.115	0.0557075 	-0.0283631 	-1.98695 	0.274126 	0.609601 	0.0209483 	
1.12	0.0558766 	-0.0288968 	-1.98685 	0.274524 	0.611257 	0.021708 	
1.125	0.0558888 	-0.029192 	-1.98661 	0.274532 	0.611311 	0.0217125 	
1.13	0.0559012 	-0.0294874 	-1.98637 	0.27454 	0.611365 	0.0217169 	
1.135	0.0560723 	-0.0300226 	-1.98627 	0.274946 	0.613025 	0.0224815 	
1.14	0.0560847 	-0.0303185 	-1.98602 	0.274954 	0.613079 	0.0224856 	
1.145	0.0560973 	-0.0306146 	-1.98578 	0.274961 	0.613132 	0.0224897 	
1.15	0.0562704 	-0.0311511 	-1.98568 	0.275376 	0.614795 	0.0232588 	
1.155	0.0562831 	-0.0314477 	-1.98543 	0.275383 	0.614849 	0.0232626 	
1.16	0.0562959 	-0.0317443 	-1.98519 	0.275391 	0.614902 	0.0232663 	
1.165	0.056471 	-0.032282 	-1.98508 	0.275813 	0.616567 	0.0240397 	
1.17	0.0564839 	-0.032579 	-1.98484 	0.275821 	0.61662 	0.0240432 	
1.175	0.0564969 	-0.0328761 	-1.98459 	0.275828 	0.616673 	0.0240466 	
1.18	0.0566739 	-0.0334147 	-1.98448 	0.276259 	0.618341 	0.0248241 	
1.185	0.056687 	-0.0337121 	-1.98424 	0.276266 	0.618393 	0.0248272 	
1.19	0.0567002 	-0.0340096 	-1.98399 	0.276273 	0.618445 	0.0248302 	
1.195	0.056879 	-0.0345489 	-1.98388 	0.276711 	0.620114 	0.0256116 	
1.2	0.0568924 	-0.0348466 	-1.98364 	0.276719 	0.620166 	0.0256144 	
1.205	0.0569058 	-0.0351443 	-1.98339 	0.276726 	0.620218 	0.025617 	
1.21	0.0570865 	-0.0356841 	-1.98328 	0.277172 	0.621887 	0.0264021 	
1.215	0.0571 	-0.035982 	-1.98303 	0.277179 	0.621939 	0.0264045 	
1.22	0.0571137 	-0.0362798 	-1.98278 	0.277186 	0.62199 	0.0264067 	
1.225	0.0572961 	-0.03682 	-1.98267 	0.277639 	0.62366 	0.0271951 	
1.23	0.0573098 	-0.0371179 	-1.98242 	0.277647 	0.623711 	0.0271972 	
1.235	0.0573237 	-0.0374158 	-1.98218 	0.277654 	0.623762 	0.0271991 	
1.24	0.0575077 	-0.0379561 	-1.98206 	0.278114 	0.62543 	0.0279906 	
1.245	0.0575217 	-0.038254 	-1.98181 	0.278121 	0.625481 	0.0279923 	
1.25	0.0575358 	-0.0385518 	-1.98157 	0.278128 	0.625531 	0.0279938 	
1.255	0.0577215 	-0.039092 	-1.98145 	0.278596 	0.627199 	0.0287882 	
1.26	0.0577356 	-0.0393897 	-1.9812 	0.278603 	0.627249 	0.0287895 	
1.265	0.0577499 	-0.0396874 	-1.98095 	0.27861 	0.627299 	0.0287907 	
1.27	0.0579371 	-0.0402273 	-1.98084 	0.279085 	0.628964 	0.0295877 	
1.275	0.0579515 	-0.0405248 	-1.98059 	0.279092 	0.629014 	0.0295886 	
1.28	0.0579659 	-0.0408221 	-1.98034 	0.279099 	0.629063 	0.0295895 	
1.285	0.0581547 	-0.0413616 	-1.98022 	0.279581 	0.630726 	0.0303888 	
1.29	0.0581692 	-0.0416587 	-1.97997 	0.279588 	0.630775 	0.0303894 	
1.295	0.0581839 	-0.0419557 	-1.97972 	0.279594 	0.630824 	0.0303898 	
1.3	0.0583741 	-0.0424945 	-1.9796 	0.280083 	0.632484 	0.0311912 	
1.305	0.0583888 	-0.0427911 	-1.97935 	0.28009 	0.632532 	0.0311914 	
1.31	0.0584036 	-0.0430876 	-1.9791 	0.280096 	0.632581 	0.0311915 	
1.315	0.0585952 	-0.0436255 	-1.97898 	0.280592 	0.634237 	0.0319948 	
1.32	0.05861 	-0.0439216 	-1.97873 	0.280598 	0.634285 	0.0319946 	
1.325	0.058625 	-0.0442174 	-1.97848 	0.280605 	0.634333 	0.0319943 	
1.33	0.0588179 	-0.0447543 	-1.97836 	0.281107 	0.635984 	0.0327991 	
1.335	0.0588329 	-0.0450497 	-1.97811 	0.281113 	0.636032 	0.0327986 	
1.34	0.0588481 	-0.0453448 	-1.97786 	0.281119 	0.636079 	0.0327979 	
1.345	0.0590422 	-0.0458805 	-1.97774 	0.281628 	0.637725 	0.0336039 	
1.35	0.0590574 	-0.0461751 	-1.97749 	0.281634 	0.637772 	0.0336031 	
1.355	0.0590727 	-0.0464694 	-1.97724 	0.28164 	0.637819 	0.0336021 	
1.36	0.0592679 	-0.0470035 	-1.97712 	0.282154 	0.63946 	0.0344091 	
1.365	0.0592833 	-0.0472973 	-1.97687 	0.28216 	0.639506 	0.0344078 	
1.37	0.0592987 	-0.0475907 	-1.97662 	0.282166 	0.639552 	0.0344064 	
1.375	0.059495 	-0.0481231 	-1.97649 	0.282686 	0.641187 	0.0352141 	
1.38	0.0595106 	-0.0484159 	-1.97624 	0.282692 	0.641233 	0.0352125 	
1.385	0.0595261 	-0.0487083 	-1.97599 	0.282698 	0.641278 	0.0352108 	
1.39	0.0597235 	-0.0492389 	-1.97587 	0.283224 	0.642906 	0.0360189 	
1.395	0.0597391 	-0.0495305 	-1.97562 	0.283229 	0.642951 	0.036017 	
1.4	0.0597548 	-0.0498218 	-1.97537 	0.283235 	0.642996 	0.0360149 	
1.405	0.059953 	-0.0503504 	-1.97524 	0.283766 	0.644617 	0.0368231 	
1.41	0.0599688 	-0.0506408 	-1.97499 	0.283772 	0.644661 	0.0368208 	
1.415	0.0599847 	-0.0509309 	-1.97475 	0.283777 	0.644705 	0.0368184 	
1.42	0.0601837 	-0.0514572 	-1.97462 	0.284314 	0.646318 	0.0376264 	
1.425	0.0601996 	-0.0517464 	-1.97437 	0.284319 	0.646362 	0.0376238 	
1.43	0.0602156 	-0.0520351 	-1.97412 	0.284324 	0.646405 	0.037621 	
1.435	0.0604154 	-0.052559 	-1.97399 	0.284866 	0.64801 	0.0384286 	
1.44	0.0604314 	-0.0528468 	-1.97375 	0.284871 	0.648053 	0.0384256 	
1.445	0.0604474 	-0.053134 	-1.9735 	0.284876 	0.648096 	0.0384225 	
1.45	0.0606479 	-0.0536553 	-1.97337 	0.285422 	0.649691 	0.0392293 	
1.455	0.060664 	-0.0539416 	-1.97312 	0.285427 	0.649733 	0.039226 	
1.46	0.0606802 	-0.0542273 	-1.97288 	0.285432 	0.649776 	0.0392226 	
1.465	0.0608812 	-0.0547458 	-1.97275 	0.285982 	0.651361 	0.0400283 	
1.47	0.0608974 	-0.0550305 	-1.9725 	0.285987 	0.651403 	0.0400246 	
1.475	0.0609137 	-0.0553146 	-1.97226 	0.285992 	0.651445 	0.0400209 	
1.48	0.0611152 	-0.0558301 	-1.97212 	0.286546 	0.65302 	0.0408252 	
1.485	0.0611315 	-0.0561131 	-1.97188 	0.286551 	0.653061 	0.0408213 	
1.49	0.0611478 	-0.0563955 	-1.97164 	0.286556 	0.653102 	0.0408172 	
1.495	0.0613497 	-0.0569078 	-1.9715 	0.287113 	0.654667 	0.0416198 	
1.5	0.0613661 	-0.057189 	-1.97126 	0.287118 	0.654707 	0.0416155 	
1.505	0.0613825 	-0.0574695 	-1.97102 	0.287123 	0.654747 	0.0416112 	
1.51	0.0615847 	-0.0579785 	-1.97088 	0.287684 	0.656301 	0.0424118 	
1.515	0.0616011 	-0.0582578 	-1.97064 	0.287688 	0.656341 	0.0424072 	
1.52	0.0616176 	-0.0585364 	-1.9704 	0.287693 	0.65638 	0.0424025 	
1.525	0.06182 	-0.0590418 	-1.97027 	0.288257 	0.657922 	0.0432008 	
1.53	0.0618364 	-0.0593191 	-1.97003 	0.288262 	0.657961 	0.043196 	
1.535	0.061853 	-0.0595958 	-1.96979 	0.288266 	0.658 	0.043191 	
1.54	0.0620555 	-0.0600974 	-1.96965 	0.288833 	0.659529 	0.0439867 	
1.545	0.062072 	-0.0603727 	-1.96941 	0.288837 	0.659567 	0.0439815 	
1.55	0.0620885 	-0.0606472 	-1.96917 	0.288841 	0.659605 	0.0439762 	
1.555	0.0622911 	-0.061145 	-1.96904 	0.289411 	0.661122 	0.044769 	
1.56	0.0623076 	-0.061418 	-1.9688 	0.289415 	0.661159 	0.0447635 	
1.565	0.0623242 	-0.0616904 	-1.96856 	0.289419 	0.661197 	0.044758 	
1.57	0.0625266 	-0.062184 	-1.96843 	0.289991 	0.6627 	0.0455474 	
1.575	0.0625432 	-0.0624549 	-1.96819 	0.289995 	0.662737 	0.0455417 	
1.58	0.0625598 	-0.0627249 	-1.96795 	0.289999 	0.662774 	0.0455359 	
1.585	0.0627621 	-0.0632143 	-1.96782 	0.290573 	0.664263 	0.0463217 	
1.59	0.0627787 	-0.0634828 	-1.96759 	0.290576 	0.664299 	0.0463158 	
1.595	0.0627953 	-0.0637504 	-1.96735 	0.29058 	0.664335 	0.0463097 	
1.6	0.0629972 	-0.0642354 	-1.96722 	0.291155 	0.66581 	0.0470916 	
1.605	0.0630138 	-0.0645014 	-1.96698 	0.291159 	0.665846 	0.0470854 	
1.61	0.0630304 	-0.0647665 	-1.96675 	0.291162 	0.665881 	0.0470791 	
1.615	0.063232 	-0.065247 	-1.96661 	0.291739 	0.667341 	0.0478568 	
1.62	0.0632485 	-0.0655104 	-1.96638 	0.291742 	0.667376 	0.0478503 	
1.625	0.0632652 	-0.065773 	-1.96615 	0.291746 	0.66741 	0.0478437 	
1.63	0.0632818 	-0.0660347 	-1.96592 	0.291749 	0.667445 	0.0478371 	
1.635	0.0635378 	-0.0665732 	-1.96582 	0.292498 	0.669309 	0.0488425 	
1.64	0.0635544 	-0.0668332 	-1.96559 	0.292501 	0.669343 	0.0488357 	
1.645	0.063571 	-0.0670922 	-1.96536 	0.292504 	0.669377 	0.0488288 	
1.65	0.0637768 	-0.0675677 	-1.96523 	0.2931 	0.670843 	0.0496193 	
1.655	0.0637934 	-0.0678248 	-1.965 	0.293103 	0.670876 	0.0496122 	
1.66	0.0638099 	-0.0680811 	-1.96477 	0.293106 	0.670909 	0.0496052 	
1.665	0.0638265 	-0.0683364 	-1.96455 	0.293108 	0.670941 	0.049598 	
1.67	0.064081 	-0.0688621 	-1.96444 	0.29386 	0.672761 	0.0505903 	
1.675	0.0640975 	-0.0691155 	-1.96422 	0.293863 	0.672794 	0.050583 	
1.68	0.064114 	-0.0693679 	-1.96399 	0.293865 	0.672825 	0.0505757 	
1.685	0.0641305 	-0.0696193 	-1.96377 	0.293868 	0.672857 	0.0505682 	
1.69	0.0643885 	-0.0701426 	-1.96367 	0.294634 	0.674686 	0.051572 	
1.695	0.0644049 	-0.070392 	-1.96344 	0.294637 	0.674717 	0.0515645 	
1.7	0.0644213 	-0.0706404 	-1.96322 	0.29464 	0.674748 	0.0515569 	
1.705	0.0644377 	-0.0708878 	-1.963 	0.294642 	0.674778 	0.0515492 	
1.71	0.0646945 	-0.0714032 	-1.9629 	0.295408 	0.67658 	0.0525442 	
1.715	0.0647108 	-0.0716485 	-1.96268 	0.295411 	0.67661 	0.0525364 	
1.72	0.0647271 	-0.0718928 	-1.96246 	0.295413 	0.67664 	0.0525286 	
1.725	0.0647434 	-0.072136 	-1.96225 	0.295416 	0.67667 	0.0525207 	
1.73	0.0649982 	-0.0726425 	-1.96214 	0.296179 	0.67844 	0.0535043 	
1.735	0.0650144 	-0.0728837 	-1.96193 	0.296182 	0.678469 	0.0534963 	
1.74	0.0650306 	-0.0731237 	-1.96171 	0.296184 	0.678498 	0.0534882 	
1.745	0.0650467 	-0.0733626 	-1.9615 	0.296186 	0.678527 	0.0534801 	
1.75	0.0652991 	-0.07386 	-1.9614 	0.296946 	0.680264 	0.0544512 	
1.755	0.0653152 	-0.0740967 	-1.96118 	0.296948 	0.680292 	0.054443 	
1.76	0.0653313 	-0.0743323 	-1.96097 	0.29695 	0.68032 	0.0544348 	
1.765	0.0653473 	-0.0745668 	-1.96076 	0.296952 	0.680348 	0.0544265 	
1.77	0.0655971 	-0.0750547 	-1.96066 	0.297708 	0.682051 	0.0553843 	
1.775	0.0656131 	-0.0752869 	-1.96045 	0.29771 	0.682079 	0.0553759 	
1.78	0.065629 	-0.075518 	-1.96024 	0.297711 	0.682106 	0.0553675 	
1.785	0.0656448 	-0.0757479 	-1.96004 	0.297713 	0.682133 	0.0553591 	
1.79	0.0658918 	-0.0762261 	-1.95993 	0.298463 	0.683801 	0.0563028 	
1.795	0.0659076 	-0.0764537 	-1.95973 	0.298465 	0.683828 	0.0562943 	
1.8	0.0659233 	-0.07668 	-1.95953 	0.298467 	0.683854 	0.0562858 	
1.805	0.065939 	-0.0769052 	-1.95933 	0.298468 	0.68388 	0.0562772 	
1.81	0.0661829 	-0.0773734 	-1.95922 	0.299212 	0.685513 	0.0572061 	
1.815	0.0661984 	-0.0775962 	-1.95902 	0.299213 	0.685538 	0.0571975 	
1.82	0.066214 	-0.0778177 	-1.95882 	0.299215 	0.685564 	0.0571888 	
1.825	0.0662295 	-0.078038 	-1.95862 	0.299216 	0.685589 	0.0571801 	
1.83	0.06647 	-0.0784959 	-1.95852 	0.299952 	0.687185 	0.0580934 	
1.835	0.0664854 	-0.0787138 	-1.95832 	0.299954 	0.68721 	0.0580846 	
1.84	0.0665007 	-0.0789304 	-1.95813 	0.299955 	0.687234 	0.0580759 	
1.845	0.066516 	-0.0791457 	-1.95794 	0.299956 	0.687258 	0.0580671 	
1.85	0.0667529 	-0.0795931 	-1.95783 	0.300684 	0.688817 	0.058964 	
1.855	0.066768 	-0.0798059 	-1.95764 	0.300686 	0.688841 	0.0589552 	
1.86	0.0667831 	-0.0800174 	-1.95745 	0.300687 	0.688864 	0.0589464 	
1.865	0.0667981 	-0.0802277 	-1.95726 	0.300688 	0.688888 	0.0589375 	
1.87	0.0670312 	-0.0806643 	-1.95716 	0.301406 	0.690408 	0.0598172 	
1.875	0.0670461 	-0.0808719 	-1.95697 	0.301407 	0.690431 	0.0598083 	
1.88	0.0670609 	-0.0810782 	-1.95678 	0.301408 	0.690454 	0.0597995 	
1.885	0.0670757 	-0.0812832 	-1.9566 	0.301409 	0.690476 	0.0597906 	
1.89	0.0673047 	-0.0817088 	-1.9565 	0.302118 	0.691958 	0.0606524 	
1.895	0.0673193 	-0.0819112 	-1.95632 	0.302119 	0.69198 	0.0606435 	
1.9	0.0673339 	-0.0821122 	-1.95613 	0.30212 	0.692002 	0.0606346 	
1.905	0.0673484 	-0.0823118 	-1.95595 	0.30212 	0.692023 	0.0606257 	
1.91	0.067573 	-0.0827262 	-1.95585 	0.302818 	0.693465 	0.0614688 	
1.915	0.0675874 	-0.0829231 	-1.95568 	0.302818 	0.693486 	0.0614599 	
1.92	0.0676016 	-0.0831187 	-1.9555 	0.302819 	0.693507 	0.061451 	
1.925	0.0676159 	-0.0833129 	-1.95532 	0.30282 	0.693528 	0.0614421 	
1.93	0.0678359 	-0.0837157 	-1.95522 	0.303505 	0.694929 	0.0622658 	
1.935	0.0678499 	-0.0839072 	-1.95505 	0.303506 	0.694949 	0.0622569 	
1.94	0.0678639 	-0.0840972 	-1.95488 	0.303506 	0.694969 	0.0622481 	
1.945	0.0678778 	-0.0842858 	-1.95471 	0.303507 	0.694989 	0.0622392 	
1.95	0.0678917 	-0.084473 	-1.95453 	0.303507 	0.695009 	0.0622304 	
1.955	0.0681511 	-0.0849076 	-1.95446 	0.304328 	0.696664 	0.0632129 	
1.96	0.0681648 	-0.085092 	-1.95429 	0.304328 	0.696683 	0.0632041 	
1.965	0.0681784 	-0.085275 	-1.95412 	0.304329 	0.696702 	0.0631953 	
1.97	0.0681919 	-0.0854565 	-1.95396 	0.304329 	0.696721 	0.0631865 	
1.975	0.0682053 	-0.0856365 	-1.95379 	0.30433 	0.69674 	0.0631777 	
1.98	0.0684616 	-0.086059 	-1.95372 	0.305144 	0.698361 	0.0641468 	
1.985	0.0684749 	-0.0862362 	-1.95356 	0.305144 	0.698379 	0.0641381 	
1.99	0.068488 	-0.0864119 	-1.9534 	0.305144 	0.698397 	0.0641294 	
1.995	0.0685011 	-0.0865861 	-1.95324 	0.305145 	0.698415 	0.0641207 	
2	0.0685141 	-0.0867589 	-1.95308 	0.305145 	0.698432 	0.0641121 	
2.005	0.0687625 	-0.0871645 	-1.95301 	0.305937 	0.69999 	0.0650489 	
2.01	0.0687753 	-0.0873343 	-1.95285 	0.305937 	0.700007 	0.0650403 	
2.015	0.068788 	-0.0875026 	-1.9527 	0.305938 	0.700024 	0.0650318 	
2.02	0.0688006 	-0.0876695 	-1.95254 	0.305938 	0.700041 	0.0650233 	
2.025	0.0688131 	-0.0878348 	-1.95239 	0.305938 	0.700058 	0.0650148 	
2.03	0.0690528 	-0.0882228 	-1.95232 	0.306705 	0.701548 	0.0659162 	
2.035	0.0690651 	-0.0883851 	-1.95217 	0.306705 	0.701564 	0.0659078 	
2.04	0.0690773 	-0.0885459 	-1.95202 	0.306705 	0.70158 	0.0658995 	
2.045	0.0690895 	-0.0887051 	-1.95188 	0.306705 	0.701596 	0.0658912 	
2.05	0.0691015 	-0.0888628 	-1.95173 	0.306705 	0.701612 	0.0658829 	
2.055	0.0693319 	-0.0892329 	-1.95166 	0.307444 	0.703033 	0.0667475 	
2.06	0.0693437 	-0.0893875 	-1.95152 	0.307444 	0.703049 	0.0667393 	
2.065	0.0693554 	-0.0895406 	-1.95138 	0.307444 	0.703064 	0.0667311 	
2.07	0.0693671 	-0.0896922 	-1.95124 	0.307444 	0.703078 	0.066723 	
2.075	0.0693786 	-0.0898422 	-1.9511 	0.307444 	0.703093 	0.066715 	
2.08	0.06939 	-0.0899906 	-1.95097 	0.307444 	0.703107 	0.0667069 	
2.085	0.069647 	-0.0903761 	-1.95091 	0.308278 	0.704691 	0.0676783 	
2.09	0.0696582 	-0.0905214 	-1.95078 	0.308278 	0.704705 	0.0676704 	
2.095	0.0696693 	-0.0906651 	-1.95065 	0.308278 	0.704719 	0.0676625 	
2.1	0.0696803 	-0.0908072 	-1.95052 	0.308278 	0.704732 	0.0676547 	
2.105	0.0696912 	-0.0909477 	-1.95039 	0.308278 	0.704746 	0.067647 	
2.11	0.069702 	-0.0910867 	-1.95026 	0.308278 	0.704759 	0.0676393 	
2.115	0.0699486 	-0.0914513 	-1.95021 	0.309082 	0.706267 	0.0685702 	
2.12	0.0699591 	-0.091587 	-1.95008 	0.309082 	0.70628 	0.0685626 	
2.125	0.0699695 	-0.0917212 	-1.94996 	0.309082 	0.706293 	0.0685551 	
2.13	0.0699799 	-0.0918537 	-1.94984 	0.309081 	0.706305 	0.0685477 	
2.135	0.0699901 	-0.0919846 	-1.94972 	0.309081 	0.706317 	0.0685403 	
2.14	0.0700002 	-0.0921138 	-1.9496 	0.309081 	0.70633 	0.068533 	
2.145	0.0702321 	-0.0924535 	-1.94955 	0.309839 	0.707736 	0.0694066 	
2.15	0.0702419 	-0.0925796 	-1.94944 	0.309839 	0.707748 	0.0693994 	
2.155	0.0702517 	-0.092704 	-1.94932 	0.309839 	0.70776 	0.0693923 	
2.16	0.0702613 	-0.0928267 	-1.94921 	0.309839 	0.707771 	0.0693852 	
2.165	0.0702708 	-0.0929478 	-1.94909 	0.309839 	0.707782 	0.0693783 	
2.17	0.0702802 	-0.0930673 	-1.94898 	0.309838 	0.707794 	0.0693714 	
2.175	0.0702895 	-0.0931851 	-1.94888 	0.309838 	0.707804 	0.0693646 	
2.18	0.070535 	-0.0935253 	-1.94884 	0.310648 	0.709289 	0.0702936 	
2.185	0.070544 	-0.0936398 	-1.94874 	0.310648 	0.7093 	0.070287 	
2.19	0.0705529 	-0.0937526 	-1.94863 	0.310647 	0.70931 	0.0702804 	
2.195	0.0705617 	-0.0938638 	-1.94853 	0.310647 	0.70932 	0.0702739 	
2.2	0.0705703 	-0.0939733 	-1.94843 	0.310647 	0.70933 	0.0702674 	
2.205	0.0705789 	-0.0940811 	-1.94833 	0.310647 	0.70934 	0.0702611 	
2.21	0.0705873 	-0.0941872 	-1.94823 	0.310646 	0.70935 	0.0702548 	
2.215	0.0708141 	-0.0944973 	-1.9482 	0.311397 	0.710712 	0.0711123 	
2.22	0.0708222 	-0.0946 	-1.9481 	0.311397 	0.710721 	0.0711062 	
2.225	0.0708303 	-0.0947011 	-1.94801 	0.311397 	0.71073 	0.0711002 	
2.23	0.0708382 	-0.0948005 	-1.94792 	0.311397 	0.710739 	0.0710943 	
2.235	0.070846 	-0.0948982 	-1.94783 	0.311396 	0.710748 	0.0710884 	
2.24	0.0708536 	-0.0949942 	-1.94774 	0.311396 	0.710757 	0.0710826 	
2.245	0.0708611 	-0.0950884 	-1.94765 	0.311396 	0.710765 	0.071077 	
2.25	0.0708685 	-0.095181 	-1.94756 	0.311395 	0.710774 	0.0710714 	
2.255	0.0710958 	-0.0954774 	-1.94754 	0.312154 	0.712134 	0.0719339 	
2.26	0.0711029 	-0.0955666 	-1.94746 	0.312154 	0.712142 	0.0719285 	
2.265	0.0711099 	-0.095654 	-1.94738 	0.312153 	0.71215 	0.0719231 	
2.27	0.0711168 	-0.0957397 	-1.9473 	0.312153 	0.712157 	0.0719179 	
2.275	0.0711235 	-0.0958237 	-1.94722 	0.312153 	0.712165 	0.0719128 	
2.28	0.0711301 	-0.095906 	-1.94715 	0.312152 	0.712172 	0.0719077 	
2.285	0.0711366 	-0.0959866 	-1.94707 	0.312152 	0.712179 	0.0719028 	
2.29	0.0711429 	-0.0960654 	-1.947 	0.312152 	0.712186 	0.071898 	
2.295	0.0711491 	-0.0961425 	-1.94693 	0.312152 	0.712193 	0.0718932 	
2.3	0.0711552 	-0.0962178 	-1.94686 	0.312151 	0.7122 	0.0718885 	
2.305	0.0713927 	-0.0965061 	-1.94686 	0.312952 	0.713619 	0.0727957 	
2.31	0.0713984 	-0.096578 	-1.94679 	0.312952 	0.713625 	0.0727913 	
2.315	0.0714041 	-0.0966481 	-1.94672 	0.312951 	0.713631 	0.0727869 	
2.32	0.0714096 	-0.0967165 	-1.94666 	0.312951 	0.713637 	0.0727827 	
2.325	0.071415 	-0.0967832 	-1.9466 	0.312951 	0.713643 	0.0727785 	
2.33	0.0714202 	-0.0968481 	-1.94654 	0.31295 	0.713649 	0.0727745 	
2.335	0.0714253 	-0.0969112 	-1.94648 	0.31295 	0.713654 	0.0727705 	
2.34	0.0714302 	-0.0969726 	-1.94642 	0.31295 	0.71366 	0.0727667 	
2.345	0.0714351 	-0.0970322 	-1.94637 	0.31295 	0.713665 	0.0727629 	
2.35	0.0714397 	-0.0970901 	-1.94631 	0.312949 	0.71367 	0.0727593 	
2.355	0.0714443 	-0.0971462 	-1.94626 	0.312949 	0.713675 	0.0727558 	
2.36	0.0714487 	-0.0972005 	-1.94621 	0.312949 	0.713679 	0.0727523 	
2.365	0.0714529 	-0.0972531 	-1.94616 	0.312949 	0.713684 	0.072749 	
2.37	0.071687 	-0.0975154 	-1.94618 	0.313746 	0.71508 	0.0736492 	
2.375	0.0716909 	-0.0975645 	-1.94613 	0.313746 	0.715084 	0.0736461 	
2.38	0.0716948 	-0.0976118 	-1.94609 	0.313745 	0.715088 	0.0736431 	
2.385	0.0716985 	-0.0976573 	-1.94605 	0.313745 	0.715092 	0.0736403 	
2.39	0.071702 	-0.097701 	-1.94601 	0.313745 	0.715096 	0.0736375 	
2.395	0.0717054 	-0.097743 	-1.94597 	0.313745 	0.7151 	0.0736348 	
2.4	0.0717087 	-0.0977832 	-1.94593 	0.313745 	0.715103 	0.0736323 	
2.405	0.0717115 	-0.0978181 	-1.9459 	0.313744 	0.715106 	0.07363 	
2.41	0.0717148 	-0.0978582 	-1.94586 	0.313744 	0.71511 	0.0736275 	
2.415	0.0717173 	-0.0978899 	-1.94583 	0.313744 	0.715112 	0.0736255 	
2.42	0.07172 	-0.0979229 	-1.9458 	0.313744 	0.715115 	0.0736234 	
2.425	0.0717226 	-0.0979543 	-1.94577 	0.313744 	0.715118 	0.0736213 	
2.43	0.071725 	-0.097984 	-1.94574 	0.313744 	0.71512 	0.0736195 	
2.435	0.0717273 	-0.0980119 	-1.94571 	0.313743 	0.715123 	0.0736177 	
2.44	0.0717294 	-0.0980381 	-1.94569 	0.313743 	0.715125 	0.073616 	
2.445	0.0717314 	-0.0980624 	-1.94567 	0.313743 	0.715127 	0.0736144 	
2.45	0.0717332 	-0.098085 	-1.94565 	0.313743 	0.715129 	0.073613 	
2.455	0.0717349 	-0.0981058 	-1.94563 	0.313743 	0.715131 	0.0736117 	
2.46	0.0717364 	-0.0981247 	-1.94561 	0.313743 	0.715132 	0.0736104 	
2.465	0.0717378 	-0.098142 	-1.94559 	0.313743 	0.715134 	0.0736093 	
2.47	0.0717391 	-0.0981574 	-1.94558 	0.313743 	0.715135 	0.0736083 	
2.475	0.0717402 	-0.098171 	-1.94557 	0.313743 	0.715136 	0.0736075 	
2.48	0.0717412 	-0.0981828 	-1.94556 	0.313743 	0.715137 	0.0736067 	
2.485	0.071742 	-0.0981929 	-1.94555 	0.313743 	0.715138 	0.0736061 	
2.49	0.0717427 	-0.0982011 	-1.94554 	0.313743 	0.715139 	0.0736055 	
2.495	0.0717432 	-0.0982076 	-1.94553 	0.313742 	0.71514 	0.0736051 	
2.5	0.0717436 	-0.0982123 	-1.94553 	0.313742 	0.71514 	0.0736048 	
2.505	0.0717436 	-0.0982123 	-1.94553 	0.313742 	0.71514 	0.0736048 	
2.51	0.0717439 	-0.098216 	-1.94552 	0.313742 	0.71514 	0.0736046 	
2.515	0.0717439 	-0.098216 	-1.94552 	0.313742 	0.71514 	0.0736046 	
2.52	0.0717439 	-0.098216 	-1.94552 	0.313742 	0.71514 	0.0736046 	
2.525	0.0717392 	-0.0982172 	-1.94552 	0.313743 	0.715135 	0.0736079 	
2.53	0.0717351 	-0.0982179 	-1.94551 	0.313743 	0.71513 	0.0736109 	
2.535	0.07173 	-0.0982188 	-1.94551 	0.313743 	0.715124 	0.0736146 	
2.54	0.0717238 	-0.0982199 	-1.9455 	0.313743 	0.715116 	0.0736191 	
2.545	0.0717164 	-0.0982212 	-1.94549 	0.313743 	0.715107 	0.0736245 	
2.55	0.0717079 	-0.0982227 	-1.94548 	0.313743 	0.715097 	0.0736307 	
2.555	0.0716982 	-0.0982244 	-1.94547 	0.313743 	0.715086 	0.0736377 	
2.56	0.0716874 	-0.0982263 	-1.94546 	0.313744 	0.715073 	0.0736456 	
2.565	0.0716754 	-0.0982284 	-1.94545 	0.313744 	0.715058 	0.0736543 	
2.57	0.0716622 	-0.0982308 	-1.94543 	0.313744 	0.715043 	0.0736638 	
2.575	0.0716479 	-0.0982333 	-1.94541 	0.313744 	0.715026 	0.0736742 	
2.58	0.0716325 	-0.098236 	-1.9454 	0.313745 	0.715007 	0.0736854 	
2.585	0.0716159 	-0.0982389 	-1.94538 	0.313745 	0.714987 	0.0736975 	
2.59	0.0715981 	-0.098242 	-1.94536 	0.313745 	0.714966 	0.0737103 	
2.595	0.0715792 	-0.0982454 	-1.94534 	0.313746 	0.714943 	0.0737241 	
2.6	0.0715592 	-0.0982489 	-1.94531 	0.313746 	0.714919 	0.0737386 	
2.605	0.071538 	-0.0982526 	-1.94529 	0.313747 	0.714894 	0.073754 	
2.61	0.0715157 	-0.0982566 	-1.94526 	0.313747 	0.714867 	0.0737702 	
2.615	0.0714922 	-0.0982607 	-1.94524 	0.313748 	0.714839 	0.0737872 	
2.62	0.0714676 	-0.0982651 	-1.94521 	0.313748 	0.71481 	0.0738051 	
2.625	0.0714393 	-0.0982701 	-1.94518 	0.313749 	0.714776 	0.0738256 	
2.63	0.0714147 	-0.0982744 	-1.94515 	0.313749 	0.714747 	0.0738434 	
2.635	0.0713842 	-0.0982798 	-1.94511 	0.31375 	0.71471 	0.0738656 	
2.64	0.0713549 	-0.098285 	-1.94508 	0.31375 	0.714675 	0.0738869 	
2.645	0.0713245 	-0.0982903 	-1.94504 	0.313751 	0.714639 	0.0739089 	
2.65	0.071293 	-0.0982959 	-1.94501 	0.313752 	0.714601 	0.0739318 	
2.655	0.0712603 	-0.0983017 	-1.94497 	0.313752 	0.714562 	0.0739555 	
2.66	0.0712266 	-0.0983077 	-1.94493 	0.313753 	0.714522 	0.07398 	
2.665	0.0711917 	-0.0983138 	-1.94489 	0.313754 	0.71448 	0.0740053 	
2.67	0.0711556 	-0.0983202 	-1.94485 	0.313754 	0.714437 	0.0740314 	
2.675	0.0711185 	-0.0983268 	-1.94481 	0.313755 	0.714392 	0.0740584 	
2.68	0.0710802 	-0.0983336 	-1.94476 	0.313756 	0.714347 	0.0740861 	
2.685	0.0710409 	-0.0983405 	-1.94472 	0.313757 	0.7143 	0.0741147 	
2.69	0.0710004 	-0.0983477 	-1.94467 	0.313758 	0.714251 	0.0741441 	
2.695	0.0709588 	-0.0983551 	-1.94463 	0.313758 	0.714201 	0.0741742 	
2.7	0.0709161 	-0.0983627 	-1.94458 	0.313759 	0.71415 	0.0742052 	
2.705	0.0708723 	-0.0983705 	-1.94453 	0.31376 	0.714098 	0.074237 	
2.71	0.0708274 	-0.0983784 	-1.94447 	0.313761 	0.714044 	0.0742695 	
2.715	0.0707814 	-0.0983866 	-1.94442 	0.313762 	0.713989 	0.0743029 	
2.72	0.0707343 	-0.098395 	-1.94437 	0.313763 	0.713933 	0.0743371 	
2.725	0.0706862 	-0.0984035 	-1.94431 	0.313764 	0.713875 	0.074372 	
2.73	0.0706369 	-0.0984123 	-1.94426 	0.313765 	0.713816 	0.0744077 	
2.735	0.0705865 	-0.0984213 	-1.9442 	0.313766 	0.713756 	0.0744443 	
2.74	0.0705351 	-0.0984304 	-1.94414 	0.313767 	0.713694 	0.0744816 	
2.745	0.0704826 	-0.0984398 	-1.94408 	0.313768 	0.713632 	0.0745197 	
2.75	0.070429 	-0.0984494 	-1.94402 	0.313769 	0.713568 	0.0745585 	
2.755	0.0703743 	-0.0984591 	-1.94395 	0.31377 	0.713502 	0.0745982 	
2.76	0.0703186 	-0.0984691 	-1.94389 	0.313771 	0.713435 	0.0746386 	
2.765	0.0702618 	-0.0984792 	-1.94383 	0.313773 	0.713367 	0.0746798 	
2.77	0.0702039 	-0.0984895 	-1.94376 	0.313774 	0.713298 	0.0747217 	
2.775	0.070145 	-0.0985001 	-1.94369 	0.313775 	0.713228 	0.0747645 	
2.78	0.070085 	-0.0985108 	-1.94362 	0.313776 	0.713156 	0.0748079 	
2.785	0.0700345 	-0.098225 	-1.94348 	0.314176 	0.711599 	0.0754913 	
2.79	0.0699723 	-0.0982362 	-1.94341 	0.314178 	0.711524 	0.0755363 	
2.795	0.0699092 	-0.0982475 	-1.94334 	0.314179 	0.711449 	0.075582 	
2.8	0.069845 	-0.0982591 	-1.94326 	0.31418 	0.711372 	0.0756284 	
2.805	0.0697798 	-0.0982708 	-1.94319 	0.314181 	0.711294 	0.0756756 	
2.81	0.0697135 	-0.0982827 	-1.94311 	0.314183 	0.711215 	0.0757236 	
2.815	0.0696463 	-0.0982948 	-1.94303 	0.314184 	0.711134 	0.0757723 	
2.82	0.069578 	-0.0983072 	-1.94296 	0.314185 	0.711052 	0.0758217 	
2.825	0.0695086 	-0.0983197 	-1.94288 	0.314186 	0.71097 	0.0758719 	
2.83	0.0694383 	-0.0983324 	-1.9428 	0.314188 	0.710885 	0.0759228 	
2.835	0.069367 	-0.0983452 	-1.94271 	0.314189 	0.7108 	0.0759744 	
2.84	0.0692946 	-0.0983583 	-1.94263 	0.31419 	0.710713 	0.0760267 	
2.845	0.0692213 	-0.0983716 	-1.94255 	0.314192 	0.710626 	0.0760798 	
2.85	0.0691469 	-0.098385 	-1.94246 	0.314193 	0.710537 	0.0761336 	
2.855	0.0689628 	-0.0980995 	-1.94229 	0.314055 	0.708776 	0.0761571 	
2.86	0.0688865 	-0.0981134 	-1.9422 	0.314057 	0.708684 	0.0762122 	
2.865	0.0688092 	-0.0981274 	-1.94212 	0.314058 	0.708592 	0.0762681 	
2.87	0.0687309 	-0.0981417 	-1.94203 	0.314059 	0.708498 	0.0763247 	
2.875	0.0686516 	-0.0981561 	-1.94193 	0.314061 	0.708403 	0.076382 	
2.88	0.0685714 	-0.0981708 	-1.94184 	0.314062 	0.708307 	0.07644 	
2.885	0.0684902 	-0.0981856 	-1.94175 	0.314064 	0.70821 	0.0764987 	
2.89	0.068408 	-0.0982006 	-1.94165 	0.314065 	0.708111 	0.0765581 	
2.895	0.0683249 	-0.0982158 	-1.94156 	0.314067 	0.708012 	0.0766182 	
2.9	0.0682409 	-0.0982312 	-1.94146 	0.314068 	0.707911 	0.0766789 	
2.905	0.0681559 	-0.0982467 	-1.94136 	0.31407 	0.707809 	0.0767403 	
2.91	0.06807 	-0.0982625 	-1.94126 	0.314071 	0.707707 	0.0768024 	
2.915	0.0678605 	-0.0979751 	-1.94108 	0.313877 	0.705886 	0.0767665 	
2.92	0.0677727 	-0.0979913 	-1.94098 	0.313878 	0.705781 	0.0768299 	
2.925	0.067684 	-0.0980077 	-1.94087 	0.31388 	0.705675 	0.0768939 	
2.93	0.0675943 	-0.0980242 	-1.94077 	0.313882 	0.705568 	0.0769586 	
2.935	0.0675038 	-0.0980409 	-1.94067 	0.313883 	0.705459 	0.077024 	
2.94	0.0674124 	-0.0980578 	-1.94056 	0.313885 	0.70535 	0.07709 	
2.945	0.06732 	-0.0980749 	-1.94046 	0.313886 	0.705239 	0.0771567 	
2.95	0.0672268 	-0.0980921 	-1.94035 	0.313888 	0.705127 	0.077224 	
2.955	0.0671327 	-0.0981096 	-1.94024 	0.313889 	0.705015 	0.0772919 	
2.96	0.0670377 	-0.0981272 	-1.94013 	0.313891 	0.704901 	0.0773605 	
2.965	0.0669419 	-0.098145 	-1.94002 	0.313893 	0.704786 	0.0774297 	
2.97	0.0667168 	-0.0978503 	-1.93982 	0.313686 	0.702893 	0.0773908 	
2.975	0.0666192 	-0.0978685 	-1.9397 	0.313687 	0.702776 	0.0774612 	
2.98	0.0665208 	-0.0978869 	-1.93959 	0.313689 	0.702658 	0.0775322 	
2.985	0.0664215 	-0.0979055 	-1.93948 	0.313691 	0.702539 	0.0776039 	
2.99	0.0663213 	-0.0979242 	-1.93936 	0.313692 	0.702419 	0.0776761 	
2.995	0.0662203 	-0.0979431 	-1.93924 	0.313694 	0.702298 	0.0777489 	
3	0.0661185 	-0.0979622 	-1.93913 	0.313695 	0.702176 	0.0778223 	
3.005	0.0660159 	-0.0979814 	-1.93901 	0.313697 	0.702053 	0.0778963 	
3.01	0.0659124 	-0.0980009 	-1.93889 	0.313699 	0.701929 	0.0779709 	
3.015	0.0658082 	-0.0980205 	-1.93877 	0.3137 	0.701804 	0.0780461 	
3.02	0.0655742 	-0.0977281 	-1.93855 	0.313492 	0.699896 	0.0780125 	
3.025	0.0654683 	-0.0977481 	-1.93843 	0.313494 	0.69977 	0.0780888 	
3.03	0.0653616 	-0.0977683 	-1.93831 	0.313496 	0.699642 	0.0781657 	
3.035	0.0652542 	-0.0977886 	-1.93818 	0.313497 	0.699513 	0.0782431 	
3.04	0.0651459 	-0.0978091 	-1.93806 	0.313499 	0.699383 	0.078321 	
3.045	0.0650369 	-0.0978298 	-1.93793 	0.313501 	0.699253 	0.0783995 	
3.05	0.0649272 	-0.0978506 	-1.9378 	0.313502 	0.699121 	0.0784786 	
3.055	0.0648167 	-0.0978716 	-1.93768 	0.313504 	0.698989 	0.0785582 	
3.06	0.0647054 	-0.0978928 	-1.93755 	0.313506 	0.698855 	0.0786383 	
3.065	0.064468 	-0.0976121 	-1.93733 	0.313303 	0.696991 	0.078613 	
3.07	0.0643552 	-0.0976337 	-1.9372 	0.313305 	0.696855 	0.0786942 	
3.075	0.0642417 	-0.0976554 	-1.93706 	0.313306 	0.696719 	0.0787759 	
3.08	0.0641275 	-0.0976773 	-1.93693 	0.313308 	0.696583 	0.0788581 	
3.085	0.0640126 	-0.0976993 	-1.9368 	0.31331 	0.696445 	0.0789407 	
3.09	0.0638969 	-0.0977216 	-1.93666 	0.313311 	0.696306 	0.0790239 	
3.095	0.0637806 	-0.0977439 	-1.93653 	0.313313 	0.696167 	0.0791076 	
3.1	0.0636636 	-0.0977664 	-1.93639 	0.313315 	0.696027 	0.0791918 	
3.105	0.0635459 	-0.0977891 	-1.93625 	0.313316 	0.695885 	0.0792765 	
3.11	0.0632953 	-0.0974955 	-1.93602 	0.313103 	0.693923 	0.0792504 	
3.115	0.0631762 	-0.0975186 	-1.93588 	0.313104 	0.69378 	0.079336 	
3.12	0.0630565 	-0.0975418 	-1.93574 	0.313106 	0.693637 	0.0794221 	
3.125	0.0629361 	-0.0975651 	-1.9356 	0.313108 	0.693493 	0.0795086 	
3.13	0.0628151 	-0.0975887 	-1.93546 	0.313109 	0.693348 	0.0795956 	
3.135	0.0626934 	-0.0976123 	-1.93532 	0.313111 	0.693202 	0.079683 	
3.14	0.0625711 	-0.0976361 	-1.93518 	0.313112 	0.693055 	0.0797709 	
3.145	0.0624481 	-0.0976601 	-1.93503 	0.313114 	0.692908 	0.0798592 	
3.15	0.0621996 	-0.0973864 	-1.9348 	0.312912 	0.69104 	0.0798433 	
3.155	0.0620754 	-0.0974108 	-1.93465 	0.312914 	0.690891 	0.0799324 	
3.16	0.0619506 	-0.0974353 	-1.93451 	0.312915 	0.690742 	0.080022 	
3.165	0.0618253 	-0.0974599 	-1.93436 	0.312917 	0.690591 	0.080112 	
3.17	0.0616993 	-0.0974846 	-1.93421 	0.312918 	0.69044 	0.0802024 	
3.175	0.0615728 	-0.0975096 	-1.93407 	0.31292 	0.690288 	0.0802933 	
3.18	0.0614457 	-0.0975346 	-1.93392 	0.312922 	0.690136 	0.0803845 	
3.185	0.061318 	-0.0975598 	-1.93377 	0.312923 	0.689983 	0.0804761 	
3.19	0.0610608 	-0.0972794 	-1.93352 	0.312715 	0.688057 	0.0804604 	
3.195	0.060932 	-0.097305 	-1.93337 	0.312716 	0.687903 	0.0805528 	
3.2	0.0608027 	-0.0973307 	-1.93322 	0.312718 	0.687748 	0.0806455 	
3.205	0.0606728 	-0.0973565 	-1.93307 	0.312719 	0.687592 	0.0807387 	
3.21	0.0605425 	-0.0973824 	-1.93292 	0.312721 	0.687436 	0.0808321 	
3.215	0.0604116 	-0.0974085 	-1.93276 	0.312722 	0.687279 	0.080926 	
3.22	0.0602802 	-0.0974347 	-1.93261 	0.312724 	0.687121 	0.0810202 	
3.225	0.0601483 	-0.0974611 	-1.93246 	0.312725 	0.686963 	0.0811147 	
3.23	0.0598823 	-0.0971726 	-1.9322 	0.312509 	0.684971 	0.0810985 	
3.235	0.0597494 	-0.0971993 	-1.93204 	0.31251 	0.684812 	0.0811936 	
3.24	0.059616 	-0.0972261 	-1.93189 	0.312512 	0.684652 	0.0812892 	
3.245	0.0594822 	-0.097253 	-1.93173 	0.312513 	0.684491 	0.081385 	
3.25	0.059348 	-0.09728 	-1.93157 	0.312515 	0.68433 	0.0814812 	
3.255	0.0592133 	-0.0973072 	-1.93142 	0.312516 	0.684169 	0.0815776 	
3.26	0.0590781 	-0.0973345 	-1.93126 	0.312517 	0.684006 	0.0816744 	
3.265	0.0588204 	-0.0970755 	-1.93101 	0.31232 	0.682171 	0.0816704 	
3.27	0.0586844 	-0.0971032 	-1.93085 	0.312321 	0.682008 	0.0817677 	
3.275	0.0585479 	-0.0971309 	-1.93069 	0.312322 	0.681844 	0.0818653 	
3.28	0.0584111 	-0.0971587 	-1.93052 	0.312324 	0.68168 	0.0819632 	
3.285	0.0582739 	-0.0971867 	-1.93036 	0.312325 	0.681515 	0.0820614 	
3.29	0.0581363 	-0.0972148 	-1.9302 	0.312326 	0.68135 	0.0821599 	
3.295	0.0579983 	-0.0972429 	-1.93004 	0.312328 	0.681184 	0.0822586 	
3.3	0.0577363 	-0.0969829 	-1.92978 	0.312128 	0.679328 	0.0822556 	
3.305	0.0575976 	-0.0970114 	-1.92962 	0.312129 	0.679161 	0.0823547 	
3.31	0.0574585 	-0.09704 	-1.92945 	0.31213 	0.678994 	0.0824542 	
3.315	0.0573191 	-0.0970687 	-1.92929 	0.312131 	0.678827 	0.0825538 	
3.32	0.0571793 	-0.0970975 	-1.92913 	0.312133 	0.678659 	0.0826537 	
3.325	0.0570392 	-0.0971264 	-1.92896 	0.312134 	0.678491 	0.0827538 	
3.33	0.0568988 	-0.0971554 	-1.9288 	0.312135 	0.678323 	0.0828542 	
3.335	0.0566321 	-0.0968921 	-1.92853 	0.311931 	0.676433 	0.0828512 	
3.34	0.056491 	-0.0969214 	-1.92836 	0.311932 	0.676263 	0.0829519 	
3.345	0.0563497 	-0.0969508 	-1.9282 	0.311933 	0.676094 	0.0830528 	
3.35	0.0562081 	-0.0969802 	-1.92803 	0.311934 	0.675924 	0.0831539 	
3.355	0.0560662 	-0.0970098 	-1.92786 	0.311936 	0.675753 	0.0832552 	
3.36	0.0559241 	-0.0970395 	-1.9277 	0.311937 	0.675583 	0.0833567 	
3.365	0.0557817 	-0.0970692 	-1.92753 	0.311938 	0.675412 	0.0834583 	
3.37	0.0555108 	-0.0968032 	-1.92726 	0.31173 	0.673493 	0.0834552 	
3.375	0.0553679 	-0.0968332 	-1.92709 	0.311731 	0.673321 	0.0835572 	
3.38	0.0552248 	-0.0968633 	-1.92692 	0.311732 	0.673149 	0.0836593 	
3.385	0.0550815 	-0.0968935 	-1.92675 	0.311733 	0.672977 	0.0837615 	
3.39	0.0549379 	-0.0969237 	-1.92658 	0.311734 	0.672805 	0.0838639 	
3.395	0.0547942 	-0.096954 	-1.92641 	0.311735 	0.672632 	0.0839664 	
3.4	0.0546502 	-0.0969844 	-1.92624 	0.311736 	0.672459 	0.0840691 	
3.405	0.0543761 	-0.0967166 	-1.92597 	0.311525 	0.670516 	0.0840659 	
3.41	0.0542318 	-0.0967473 	-1.92579 	0.311526 	0.670343 	0.0841687 	
3.415	0.0540873 	-0.096778 	-1.92562 	0.311527 	0.670169 	0.0842717 	
3.42	0.0539426 	-0.0968088 	-1.92545 	0.311528 	0.669995 	0.0843748 	
3.425	0.0537978 	-0.0968396 	-1.92528 	0.311529 	0.669821 	0.0844779 	
3.43	0.0536529 	-0.0968705 	-1.92511 	0.31153 	0.669647 	0.0845812 	
3.435	0.0535079 	-0.0969015 	-1.92494 	0.311531 	0.669473 	0.0846845 	
3.44	0.0532313 	-0.0966326 	-1.92466 	0.311317 	0.667512 	0.0846813 	
3.445	0.053086 	-0.0966639 	-1.92448 	0.311318 	0.667338 	0.0847847 	
3.45	0.0529406 	-0.0966951 	-1.92431 	0.311319 	0.667163 	0.0848882 	
3.455	0.0527951 	-0.0967264 	-1.92414 	0.31132 	0.666988 	0.0849918 	
3.46	0.0526495 	-0.0967578 	-1.92397 	0.31132 	0.666813 	0.0850954 	
3.465	0.0525038 	-0.0967892 	-1.92379 	0.311321 	0.666638 	0.0851991 	
3.47	0.0523581 	-0.0968207 	-1.92362 	0.311322 	0.666463 	0.0853027 	
3.475	0.0520799 	-0.0965517 	-1.92334 	0.311107 	0.66449 	0.0852995 	
3.48	0.0519341 	-0.0965834 	-1.92316 	0.311107 	0.664315 	0.0854032 	
3.485	0.0517882 	-0.0966151 	-1.92299 	0.311108 	0.66414 	0.0855069 	
3.49	0.0516423 	-0.0966469 	-1.92282 	0.311109 	0.663964 	0.0856107 	
3.495	0.0514963 	-0.0966787 	-1.92264 	0.311109 	0.663789 	0.0857144 	
3.5	0.0513504 	-0.0967105 	-1.92247 	0.31111 	0.663614 	0.0858182 	
3.505	0.0512044 	-0.0967424 	-1.9223 	0.311111 	0.663438 	0.0859219 	
3.51	0.0509255 	-0.096474 	-1.92201 	0.310894 	0.66146 	0.0859186 	
3.515	0.0507796 	-0.0965061 	-1.92184 	0.310895 	0.661284 	0.0860223 	
3.52	0.0506336 	-0.0965382 	-1.92166 	0.310895 	0.661109 	0.0861259 	
3.525	0.0504878 	-0.0965703 	-1.92149 	0.310896 	0.660933 	0.0862295 	
3.53	0.0503419 	-0.0966024 	-1.92131 	0.310896 	0.660758 	0.0863331 	
3.535	0.0501961 	-0.0966346 	-1.92114 	0.310897 	0.660583 	0.0864366 	
3.54	0.0500504 	-0.0966668 	-1.92097 	0.310897 	0.660407 	0.0865401 	
3.545	0.0497716 	-0.0963999 	-1.92068 	0.310681 	0.658429 	0.0865368 	
3.55	0.049626 	-0.0964323 	-1.92051 	0.310681 	0.658254 	0.0866401 	
3.555	0.0494805 	-0.0964646 	-1.92033 	0.310681 	0.658079 	0.0867433 	
3.56	0.0493351 	-0.096497 	-1.92016 	0.310682 	0.657904 	0.0868465 	
3.565	0.0491898 	-0.0965293 	-1.91999 	0.310682 	0.65773 	0.0869496 	
3.57	0.0490446 	-0.0965617 	-1.91981 	0.310682 	0.657555 	0.0870526 	
3.575	0.0488996 	-0.0965941 	-1.91964 	0.310683 	0.65738 	0.0871555 	
3.58	0.0486217 	-0.0963296 	-1.91935 	0.310466 	0.655409 	0.0871521 	
3.585	0.0484769 	-0.0963621 	-1.91918 	0.310467 	0.655234 	0.0872548 	
3.59	0.0483323 	-0.0963946 	-1.919 	0.310467 	0.65506 	0.0873573 	
3.595	0.0481878 	-0.0964271 	-1.91883 	0.310467 	0.654887 	0.0874597 	
3.6	0.0480435 	-0.0964596 	-1.91866 	0.310467 	0.654713 	0.087562 	
3.605	0.0478993 	-0.0964921 	-1.91849 	0.310468 	0.654539 	0.0876642 	
3.61	0.0479104 	-0.0964089 	-1.91853 	0.310454 	0.654332 	0.0876637 	
3.615	0.047919 	-0.096323 	-1.91857 	0.31044 	0.654124 	0.0876633 	
3.62	0.0479295 	-0.0962434 	-1.91862 	0.310426 	0.653916 	0.087663 	
3.625	0.0479367 	-0.0961593 	-1.91865 	0.310412 	0.653708 	0.0876626 	
3.63	0.0479444 	-0.096079 	-1.91869 	0.310398 	0.6535 	0.0876623 	
3.635	0.047949 	-0.0959943 	-1.91872 	0.310384 	0.653293 	0.087662 	
3.64	0.0479544 	-0.0959137 	-1.91875 	0.31037 	0.653085 	0.0876617 	
3.645	0.0479569 	-0.0958289 	-1.91877 	0.310356 	0.652877 	0.0876615 	
3.65	0.0479605 	-0.0957483 	-1.9188 	0.310342 	0.652669 	0.0876612 	
3.655	0.0479615 	-0.0956637 	-1.91882 	0.310328 	0.65246 	0.087661 	
3.66	0.0479637 	-0.0955836 	-1.91885 	0.310314 	0.652252 	0.0876608 	
3.665	0.0479635 	-0.0954994 	-1.91886 	0.3103 	0.652044 	0.0876606 	
3.67	0.0479647 	-0.0954199 	-1.91888 	0.310286 	0.651836 	0.0876605 	
3.675	0.0479635 	-0.0953363 	-1.9189 	0.310272 	0.651628 	0.0876603 	
3.68	0.0479639 	-0.0952573 	-1.91892 	0.310257 	0.65142 	0.0876602 	
3.685	0.0479619 	-0.0951743 	-1.91893 	0.310243 	0.651212 	0.08766 	
3.69	0.0479617 	-0.095096 	-1.91895 	0.310229 	0.651003 	0.0876599 	
3.695	0.0479591 	-0.0950137 	-1.91896 	0.310215 	0.650795 	0.0876598 	
3.7	0.0479583 	-0.094936 	-1.91897 	0.310201 	0.650587 	0.0876597 	
3.705	0.0479553 	-0.0948542 	-1.91898 	0.310187 	0.650379 	0.0876596 	
3.71	0.0479541 	-0.0947771 	-1.919 	0.310173 	0.65017 	0.0876595 	
3.715	0.0479507 	-0.0946959 	-1.91901 	0.310159 	0.649962 	0.0876594 	
3.72	0.0479492 	-0.0946194 	-1.91902 	0.310145 	0.649754 	0.0876594 	
3.725	0.0479455 	-0.0945386 	-1.91903 	0.310131 	0.649546 	0.0876593 	
3.73	0.0479437 	-0.0944626 	-1.91904 	0.310117 	0.649337 	0.0876592 	
3.735	0.0479397 	-0.0943822 	-1.91905 	0.310103 	0.649129 	0.0876592 	
3.74	0.0479378 	-0.0943067 	-1.91906 	0.310089 	0.648921 	0.0876591 	
3.745	0.0479336 	-0.0942267 	-1.91907 	0.310075 	0.648712 	0.0876591 	
3.75	0.0479314 	-0.0941516 	-1.91908 	0.310061 	0.648504 	0.087659 	
3.755	0.0479271 	-0.094072 	-1.91909 	0.310047 	0.648296 	0.087659 	
3.76	0.0479248 	-0.0939972 	-1.9191 	0.310032 	0.648087 	0.0876589 	
3.765	0.0479204 	-0.0939179 	-1.9191 	0.310018 	0.647879 	0.0876589 	
3.77	0.047918 	-0.0938435 	-1.91911 	0.310004 	0.647671 	0.0876589 	
3.775	0.0479119 	-0.0937606 	-1.91912 	0.30999 	0.647462 	0.0876588 	
3.78	0.0479039 	-0.0936717 	-1.91912 	0.309976 	0.647254 	0.0876588 	
3.785	0.0478935 	-0.0935765 	-1.91911 	0.309962 	0.647046 	0.0876587 	
3.79	0.0478799 	-0.0934742 	-1.9191 	0.309948 	0.646837 	0.0876586 	
3.795	0.0478644 	-0.0933667 	-1.91908 	0.309934 	0.646629 	0.0876585 	
3.8	0.047847 	-0.093254 	-1.91906 	0.309919 	0.64642 	0.0876584 	
3.805	0.0478302 	-0.0931393 	-1.91903 	0.309905 	0.646212 	0.0876583 	
3.81	0.0478116 	-0.09302 	-1.91901 	0.309891 	0.646003 	0.0876581 	
3.815	0.0477938 	-0.0928991 	-1.91898 	0.309877 	0.645795 	0.087658 	
3.82	0.0477728 	-0.0927724 	-1.91894 	0.309862 	0.645586 	0.0876578 	
3.825	0.0477486 	-0.0926405 	-1.9189 	0.309848 	0.645377 	0.0876577 	
3.83	0.0477213 	-0.0925044 	-1.91885 	0.309834 	0.645169 	0.0876576 	
3.835	0.0476913 	-0.0923637 	-1.9188 	0.309819 	0.64496 	0.0876575 	
3.84	0.0476587 	-0.0922195 	-1.91873 	0.309805 	0.644751 	0.0876574 	
3.845	0.0476238 	-0.0920713 	-1.91867 	0.30979 	0.644542 	0.0876573 	
3.85	0.0475866 	-0.0919201 	-1.9186 	0.309776 	0.644333 	0.0876572 	
3.855	0.0475474 	-0.0917655 	-1.91852 	0.309761 	0.644124 	0.0876572 	
3.86	0.0475062 	-0.0916082 	-1.91844 	0.309747 	0.643915 	0.0876572 	
3.865	0.0474634 	-0.0914481 	-1.91835 	0.309733 	0.643706 	0.0876571 	
3.87	0.0474189 	-0.0912856 	-1.91827 	0.309718 	0.643497 	0.0876571 	
3.875	0.047373 	-0.0911207 	-1.91818 	0.309703 	0.643288 	0.0876571 	
3.88	0.0473255 	-0.0909538 	-1.91808 	0.309689 	0.643078 	0.0876571 	
3.885	0.0472769 	-0.0907847 	-1.91798 	0.309674 	0.642869 	0.0876571 	
3.89	0.047227 	-0.0906141 	-1.91788 	0.30966 	0.64266 	0.0876571 	
3.895	0.0471761 	-0.0904414 	-1.91778 	0.309645 	0.642451 	0.0876571 	
3.9	0.047124 	-0.0902675 	-1.91767 	0.309631 	0.642241 	0.0876572 	
3.905	0.0470715 	-0.0900909 	-1.91757 	0.309616 	0.642032 	0.0876572 	
3.91	0.0470238 	-0.0899202 	-1.91747 	0.309601 	0.641823 	0.0876571 	
3.915	0.0469885 	-0.0897756 	-1.91739 	0.309587 	0.641614 	0.0876571 	
3.92	0.0469553 	-0.0896357 	-1.91733 	0.309573 	0.641405 	0.0876571 	
3.925	0.0469322 	-0.0895175 	-1.91729 	0.309558 	0.641196 	0.0876571 	
3.93	0.0469098 	-0.0894009 	-1.91725 	0.309544 	0.640987 	0.087657 	
3.935	0.0468952 	-0.089301 	-1.91723 	0.30953 	0.640779 	0.087657 	
3.94	0.0468795 	-0.089198 	-1.91721 	0.309515 	0.64057 	0.087657 	
3.945	0.0468683 	-0.0891015 	-1.9172 	0.309501 	0.640362 	0.0876569 	
3.95	0.0468576 	-0.0890048 	-1.91718 	0.309487 	0.640153 	0.0876569 	
3.955	0.04685 	-0.0889133 	-1.91718 	0.309473 	0.639945 	0.0876569 	
3.96	0.0468423 	-0.0888207 	-1.91718 	0.309458 	0.639737 	0.0876568 	
3.965	0.0468373 	-0.0887323 	-1.91718 	0.309444 	0.639528 	0.0876568 	
3.97	0.046832 	-0.0886425 	-1.91718 	0.30943 	0.63932 	0.0876568 	
3.975	0.0468291 	-0.0885564 	-1.91719 	0.309416 	0.639112 	0.0876567 	
3.98	0.0468255 	-0.0884684 	-1.9172 	0.309402 	0.638903 	0.0876567 	
3.985	0.0468241 	-0.0883838 	-1.91721 	0.309388 	0.638695 	0.0876566 	
3.99	0.0468218 	-0.088297 	-1.91722 	0.309374 	0.638487 	0.0876566 	
3.995	0.0468215 	-0.0882132 	-1.91723 	0.30936 	0.638279 	0.0876565 	
4	0.0468203 	-0.0881283 	-1.91725 	0.309346 	0.63807 	0.0876565 	
4.005	0.0468216 	-0.0880502 	-1.91726 	0.309331 	0.637862 	0.0876564 	
4.01	0.0468218 	-0.0879708 	-1.91728 	0.309317 	0.637654 	0.0876564 	
4.015	0.0468243 	-0.0878974 	-1.9173 	0.309303 	0.637446 	0.0876564 	
4.02	0.0468258 	-0.0878228 	-1.91732 	0.309289 	0.637238 	0.0876563 	
4.025	0.0468303 	-0.0877553 	-1.91735 	0.309275 	0.637029 	0.0876563 	
4.03	0.046832 	-0.0876822 	-1.91737 	0.309261 	0.636821 	0.0876563 	
4.035	0.0468353 	-0.0876118 	-1.9174 	0.309247 	0.636613 	0.0876562 	
4.04	0.0468359 	-0.087536 	-1.91742 	0.309233 	0.636405 	0.0876562 	
4.045	0.0468381 	-0.0874631 	-1.91744 	0.309219 	0.636197 	0.0876561 	
4.05	0.0468378 	-0.0873851 	-1.91746 	0.309205 	0.635989 	0.0876561 	
4.055	0.0468393 	-0.0873103 	-1.91749 	0.30919 	0.635781 	0.087656 	
4.06	0.0468383 	-0.0872306 	-1.91751 	0.309176 	0.635572 	0.0876559 	
4.065	0.0468392 	-0.0871544 	-1.91754 	0.309162 	0.635364 	0.0876558 	
4.07	0.0468377 	-0.0870734 	-1.91756 	0.309148 	0.635156 	0.0876557 	
4.075	0.0468382 	-0.086996 	-1.91758 	0.309134 	0.634948 	0.0876556 	
4.08	0.0468364 	-0.086914 	-1.9176 	0.30912 	0.63474 	0.0876555 	
4.085	0.0468366 	-0.0868358 	-1.91763 	0.309106 	0.634532 	0.0876554 	
4.09	0.0468344 	-0.0867531 	-1.91765 	0.309091 	0.634324 	0.0876553 	
4.095	0.0468344 	-0.0866742 	-1.91768 	0.309077 	0.634115 	0.0876552 	
4.1	0.0468319 	-0.0865909 	-1.9177 	0.309063 	0.633907 	0.0876551 	
4.105	0.0468317 	-0.0865132 	-1.91773 	0.309049 	0.633699 	0.087655 	
4.11	0.0468311 	-0.086435 	-1.91775 	0.309035 	0.633491 	0.087655 	
4.115	0.0468325 	-0.0863617 	-1.91779 	0.309021 	0.633283 	0.0876549 	
4.12	0.0468332 	-0.0862872 	-1.91782 	0.309006 	0.633075 	0.0876548 	
4.125	0.0468356 	-0.086217 	-1.91785 	0.308992 	0.632867 	0.0876548 	
4.13	0.0468372 	-0.086145 	-1.91789 	0.308978 	0.632659 	0.0876548 	
4.135	0.0468402 	-0.0860752 	-1.91793 	0.308964 	0.632451 	0.0876547 	
4.14	0.0468405 	-0.0859997 	-1.91796 	0.30895 	0.632243 	0.0876546 	
4.145	0.0468422 	-0.0859266 	-1.91799 	0.308936 	0.632035 	0.0876546 	
4.15	0.0468413 	-0.0858482 	-1.91802 	0.308921 	0.631827 	0.0876545 	
4.155	0.0468422 	-0.0857726 	-1.91805 	0.308907 	0.631619 	0.0876544 	
4.16	0.0468405 	-0.0856921 	-1.91808 	0.308893 	0.631411 	0.0876543 	
4.165	0.0468407 	-0.0856148 	-1.91811 	0.308879 	0.631203 	0.0876542 	
4.17	0.0468385 	-0.0855327 	-1.91814 	0.308865 	0.630995 	0.0876541 	
4.175	0.0468383 	-0.0854541 	-1.91817 	0.30885 	0.630787 	0.087654 	
4.18	0.0468358 	-0.085371 	-1.91819 	0.308836 	0.630579 	0.0876539 	
4.185	0.0468353 	-0.0852915 	-1.91822 	0.308822 	0.630371 	0.0876538 	
4.19	0.0468325 	-0.0852075 	-1.91824 	0.308808 	0.630162 	0.0876537 	
4.195	0.0468319 	-0.0851274 	-1.91827 	0.308793 	0.629954 	0.0876536 	
4.2	0.0468289 	-0.0850429 	-1.91829 	0.308779 	0.629746 	0.0876535 	
4.205	0.0468282 	-0.0849624 	-1.91832 	0.308765 	0.629538 	0.0876534 	
4.21	0.0468252 	-0.0848774 	-1.91835 	0.308751 	0.62933 	0.0876532 	
4.215	0.0468245 	-0.0847967 	-1.91837 	0.308737 	0.629122 	0.0876531 	
4.22	0.0468215 	-0.0847115 	-1.9184 	0.308722 	0.628914 	0.087653 	
4.225	0.0468207 	-0.0846305 	-1.91843 	0.308708 	0.628706 	0.0876529 	
4.23	0.0468177 	-0.0845451 	-1.91845 	0.308694 	0.628498 	0.0876527 	
4.235	0.046817 	-0.084464 	-1.91848 	0.30868 	0.62829 	0.0876526 	
4.24	0.046814 	-0.0843785 	-1.9185 	0.308665 	0.628082 	0.0876525 	
4.245	0.0468132 	-0.0842973 	-1.91853 	0.308651 	0.627874 	0.0876524 	
4.25	0.0468103 	-0.0842117 	-1.91855 	0.308637 	0.627666 	0.0876522 	
4.255	0.0468096 	-0.0841304 	-1.91858 	0.308623 	0.627458 	0.0876521 	
4.26	0.0468067 	-0.0840447 	-1.9186 	0.308608 	0.627249 	0.087652 	
4.265	0.0468061 	-0.0839633 	-1.91863 	0.308594 	0.627041 	0.0876518 	
4.27	0.0468032 	-0.0838776 	-1.91865 	0.30858 	0.626833 	0.0876517 	
4.275	0.0468026 	-0.0837963 	-1.91868 	0.308566 	0.626625 	0.0876515 	
4.28	0.0467997 	-0.0837105 	-1.9187 	0.308551 	0.626417 	0.0876514 	
4.285	0.0467992 	-0.0836291 	-1.91873 	0.308537 	0.626209 	0.0876513 	
4.29	0.0467964 	-0.0835433 	-1.91875 	0.308523 	0.626001 	0.0876511 	
4.295	0.0467959 	-0.0834619 	-1.91878 	0.308509 	0.625793 	0.087651 	
4.3	0.0467931 	-0.0833761 	-1.9188 	0.308494 	0.625585 	0.0876508 	
4.305	0.0467926 	-0.0832947 	-1.91883 	0.30848 	0.625377 	0.0876507 	
4.31	0.0467899 	-0.0832089 	-1.91886 	0.308466 	0.625169 	0.0876506 	
4.315	0.0467895 	-0.0831274 	-1.91889 	0.308452 	0.624961 	0.0876504 	
4.32	0.0467868 	-0.0830416 	-1.91891 	0.308437 	0.624753 	0.0876503 	
4.325	0.0467865 	-0.0829601 	-1.91894 	0.308423 	0.624544 	0.0876501 	
4.33	0.0467838 	-0.0828743 	-1.91896 	0.308409 	0.624336 	0.08765 	
4.335	0.0467835 	-0.0827928 	-1.91899 	0.308394 	0.624128 	0.0876498 	
4.34	0.0467809 	-0.082707 	-1.91901 	0.30838 	0.62392 	0.0876497 	
4.345	0.0467806 	-0.0826255 	-1.91904 	0.308366 	0.623712 	0.0876495 	
4.35	0.046778 	-0.0825396 	-1.91906 	0.308352 	0.623504 	0.0876494 	
4.355	0.0467777 	-0.0824581 	-1.91909 	0.308337 	0.623296 	0.0876492 	
4.36	0.0467752 	-0.0823723 	-1.91912 	0.308323 	0.623088 	0.0876491 	
4.365	0.046775 	-0.0822907 	-1.91915 	0.308309 	0.62288 	0.0876489 	
4.37	0.0467725 	-0.0822049 	-1.91917 	0.308294 	0.622672 	0.0876488 	
4.375	0.0467723 	-0.0821233 	-1.9192 	0.30828 	0.622464 	0.0876487 	
4.38	0.0467698 	-0.0820375 	-1.91922 	0.308266 	0.622256 	0.0876485 	
4.385	0.0467697 	-0.0819559 	-1.91925 	0.308252 	0.622048 	0.0876484 	
4.39	0.0467672 	-0.0818701 	-1.91928 	0.308237 	0.62184 	0.0876482 	
4.395	0.0467671 	-0.0817885 	-1.91931 	0.308223 	0.621632 	0.0876481 	
4.4	0.0467647 	-0.0817026 	-1.91933 	0.308209 	0.621424 	0.0876479 	
4.405	0.0467646 	-0.081621 	-1.91936 	0.308194 	0.621216 	0.0876478 	
4.41	0.0467623 	-0.0815352 	-1.91938 	0.30818 	0.621007 	0.0876476 	
4.415	0.0467622 	-0.0814536 	-1.91941 	0.308166 	0.620799 	0.0876475 	
4.42	0.0467599 	-0.0813677 	-1.91944 	0.308151 	0.620591 	0.0876473 	
4.425	0.0467598 	-0.0812861 	-1.91947 	0.308137 	0.620383 	0.0876472 	
4.43	0.0467576 	-0.0812002 	-1.91949 	0.308123 	0.620175 	0.087647 	
4.435	0.0467576 	-0.0811186 	-1.91952 	0.308109 	0.619967 	0.0876468 	
4.44	0.0467553 	-0.0810327 	-1.91954 	0.308094 	0.619759 	0.0876467 	
4.445	0.0467553 	-0.0809511 	-1.91958 	0.30808 	0.619551 	0.0876465 	
4.45	0.0467531 	-0.0808651 	-1.9196 	0.308066 	0.619343 	0.0876464 	
4.455	0.0467531 	-0.0807835 	-1.91963 	0.308051 	0.619135 	0.0876462 	
4.46	0.0467513 	-0.0806973 	-1.91965 	0.308037 	0.618927 	0.0876461 	
4.465	0.0467511 	-0.0806148 	-1.91968 	0.308023 	0.618719 	0.087646 	
4.47	0.0467434 	-0.0805278 	-1.9197 	0.308008 	0.618511 	0.0876463 	
4.475	0.0467379 	-0.0804445 	-1.91973 	0.307994 	0.618303 	0.0876465 	
4.48	0.0467255 	-0.0803569 	-1.91975 	0.307979 	0.618094 	0.0876471 	
4.485	0.0467162 	-0.0802727 	-1.91977 	0.307965 	0.617886 	0.0876477 	
4.49	0.0466981 	-0.080185 	-1.91979 	0.30795 	0.617678 	0.0876485 	
4.495	0.0466787 	-0.0801014 	-1.91981 	0.307936 	0.617469 	0.0876493 	
4.5	0.0466576 	-0.0800137 	-1.91983 	0.307921 	0.617261 	0.0876504 	
4.505	0.0466349 	-0.0799297 	-1.91985 	0.307906 	0.617052 	0.0876514 	
4.51	0.0466109 	-0.079844 	-1.91986 	0.307892 	0.616844 	0.0876524 	
4.515	0.0465844 	-0.0797613 	-1.91988 	0.307877 	0.616635 	0.0876537 	
4.52	0.0465547 	-0.0796764 	-1.91989 	0.307862 	0.616427 	0.0876552 	
4.525	0.0465241 	-0.0795941 	-1.91991 	0.307847 	0.616218 	0.0876565 	
4.53	0.0464931 	-0.0795112 	-1.91992 	0.307832 	0.616009 	0.0876578 	
4.535	0.0464615 	-0.0794305 	-1.91993 	0.307817 	0.615801 	0.0876591 	
4.54	0.0464294 	-0.0793485 	-1.91994 	0.307802 	0.615592 	0.0876604 	
4.545	0.0463965 	-0.0792687 	-1.91995 	0.307787 	0.615384 	0.0876618 	
4.55	0.0463627 	-0.0791878 	-1.91996 	0.307772 	0.615175 	0.0876633 	
4.555	0.046327 	-0.0791097 	-1.91997 	0.307757 	0.614966 	0.0876649 	
4.56	0.0462904 	-0.07903 	-1.91998 	0.307742 	0.614758 	0.0876666 	
4.565	0.0462522 	-0.0789532 	-1.92 	0.307727 	0.614549 	0.0876683 	
4.57	0.0462135 	-0.0788746 	-1.92001 	0.307712 	0.61434 	0.0876701 	
4.575	0.0461725 	-0.0787988 	-1.92002 	0.307697 	0.614132 	0.0876721 	
4.58	0.0461293 	-0.0787207 	-1.92004 	0.307682 	0.613923 	0.0876741 	
4.585	0.0460859 	-0.0786443 	-1.92007 	0.307667 	0.613715 	0.0876757 	
4.59	0.0460447 	-0.0785675 	-1.9201 	0.307652 	0.613507 	0.0876771 	
4.595	0.046007 	-0.0784901 	-1.92013 	0.307636 	0.613298 	0.0876785 	
4.6	0.0459717 	-0.0784119 	-1.92016 	0.307621 	0.61309 	0.0876797 	
4.605	0.0459387 	-0.0783332 	-1.92019 	0.307606 	0.612882 	0.0876808 	
4.61	0.0459078 	-0.078254 	-1.92021 	0.307591 	0.612673 	0.0876819 	
4.615	0.0458782 	-0.0781743 	-1.92024 	0.307576 	0.612465 	0.0876829 	
4.62	0.0458507 	-0.0780943 	-1.92026 	0.307561 	0.612257 	0.0876838 	
4.625	0.0458238 	-0.078014 	-1.92029 	0.307546 	0.612048 	0.0876847 	
4.63	0.0457987 	-0.0779334 	-1.92031 	0.307531 	0.61184 	0.0876854 	
4.635	0.0457739 	-0.0778525 	-1.92034 	0.307516 	0.611632 	0.0876862 	
4.64	0.0457508 	-0.0777715 	-1.92036 	0.307502 	0.611424 	0.0876868 	
4.645	0.0457275 	-0.0776904 	-1.92038 	0.307487 	0.611215 	0.0876874 	
4.65	0.045706 	-0.0776091 	-1.92041 	0.307472 	0.611007 	0.087688 	
4.655	0.0456844 	-0.0775277 	-1.92043 	0.307457 	0.610799 	0.0876886 	
4.66	0.0456631 	-0.0774464 	-1.92045 	0.307442 	0.610591 	0.087689 	
4.665	0.0456409 	-0.0773654 	-1.92047 	0.307427 	0.610382 	0.0876896 	
4.67	0.0456149 	-0.0772844 	-1.9205 	0.307412 	0.610174 	0.0876905 	
4.675	0.045594 	-0.0772046 	-1.92054 	0.307397 	0.609966 	0.0876911 	
4.68	0.0455753 	-0.07713 	-1.92057 	0.307382 	0.609758 	0.0876918 	
4.685	0.0455555 	-0.0770459 	-1.92061 	0.307368 	0.60955 	0.0876924 	
4.69	0.0455437 	-0.0769768 	-1.92065 	0.307353 	0.609342 	0.0876931 	
4.695	0.045528 	-0.0768956 	-1.92069 	0.307338 	0.609134 	0.0876938 	
4.7	0.0455202 	-0.0768289 	-1.92073 	0.307323 	0.608925 	0.0876946 	
4.705	0.0455064 	-0.0767487 	-1.92077 	0.307309 	0.608717 	0.0876953 	
4.71	0.0454959 	-0.0766797 	-1.92081 	0.307294 	0.608509 	0.0876959 	
4.715	0.0454797 	-0.0765977 	-1.92085 	0.307279 	0.608301 	0.0876966 	
4.72	0.0454662 	-0.0765263 	-1.92088 	0.307264 	0.608093 	0.0876971 	
4.725	0.0454476 	-0.0764427 	-1.92091 	0.30725 	0.607885 	0.0876977 	
4.73	0.0454321 	-0.0763696 	-1.92095 	0.307235 	0.607677 	0.0876982 	
4.735	0.0454119 	-0.0762849 	-1.92098 	0.30722 	0.607469 	0.0876987 	
4.74	0.0453948 	-0.0762107 	-1.92101 	0.307205 	0.607261 	0.0876991 	
4.745	0.0453735 	-0.0761253 	-1.92103 	0.30719 	0.607053 	0.0876996 	
4.75	0.0453553 	-0.0760502 	-1.92106 	0.307175 	0.606845 	0.0876999 	
4.755	0.0453331 	-0.0759646 	-1.92109 	0.30716 	0.606636 	0.0877003 	
4.76	0.0453142 	-0.0758889 	-1.92112 	0.307145 	0.606428 	0.0877007 	
4.765	0.0452914 	-0.0758032 	-1.92114 	0.30713 	0.60622 	0.087701 	
4.77	0.0452718 	-0.0757271 	-1.92117 	0.307115 	0.606012 	0.0877013 	
4.775	0.0452486 	-0.0756413 	-1.92119 	0.3071 	0.605804 	0.0877016 	
4.78	0.0452285 	-0.075565 	-1.92121 	0.307085 	0.605596 	0.0877019 	
4.785	0.045205 	-0.0754793 	-1.92124 	0.30707 	0.605388 	0.0877022 	
4.79	0.0451846 	-0.0754027 	-1.92126 	0.307056 	0.60518 	0.0877024 	
4.795	0.0451608 	-0.0753172 	-1.92128 	0.307041 	0.604972 	0.0877027 	
4.8	0.0451402 	-0.0752404 	-1.92131 	0.307026 	0.604763 	0.0877029 	
4.805	0.0451162 	-0.075155 	-1.92133 	0.307011 	0.604555 	0.0877031 	
4.81	0.0450953 	-0.0750781 	-1.92135 	0.306996 	0.604347 	0.0877033 	
4.815	0.0450712 	-0.0749928 	-1.92138 	0.30698 	0.604139 	0.0877035 	
4.82	0.0450501 	-0.0749158 	-1.9214 	0.306965 	0.603931 	0.0877037 	
4.825	0.045026 	-0.0748307 	-1.92142 	0.30695 	0.603723 	0.0877039 	
4.83	0.0450047 	-0.0747536 	-1.92144 	0.306935 	0.603515 	0.087704 	
4.835	0.0449805 	-0.0746687 	-1.92146 	0.30692 	0.603307 	0.0877042 	
4.84	0.0449591 	-0.0745915 	-1.92149 	0.306905 	0.603098 	0.0877043 	
4.845	0.0449348 	-0.0745067 	-1.92151 	0.30689 	0.60289 	0.0877045 	
4.85	0.0449134 	-0.0744295 	-1.92153 	0.306875 	0.602682 	0.0877046 	
4.855	0.044889 	-0.0743448 	-1.92155 	0.30686 	0.602474 	0.0877048 	
4.86	0.0448675 	-0.0742675 	-1.92158 	0.306845 	0.602266 	0.0877049 	
4.865	0.044843 	-0.0741828 	-1.9216 	0.30683 	0.602058 	0.087705 	
4.87	0.0448214 	-0.0741056 	-1.92162 	0.306815 	0.60185 	0.0877051 	
4.875	0.0447959 	-0.0740212 	-1.92164 	0.3068 	0.601641 	0.0877053 	
4.88	0.0447711 	-0.0739449 	-1.92166 	0.306785 	0.601433 	0.0877053 	
4.885	0.0447445 	-0.0738613 	-1.92168 	0.30677 	0.601225 	0.0877054 	
4.89	0.0447187 	-0.0737855 	-1.92171 	0.306754 	0.601017 	0.0877055 	
4.895	0.0446915 	-0.0737024 	-1.92173 	0.306739 	0.600809 	0.0877056 	
4.9	0.0446656 	-0.073627 	-1.92175 	0.306724 	0.600601 	0.0877057 	
4.905	0.0446388 	-0.0735444 	-1.92177 	0.306709 	0.600393 	0.0877058 	
4.91	0.0446125 	-0.0734689 	-1.92179 	0.306694 	0.600185 	0.0877058 	
4.915	0.0445862 	-0.0733864 	-1.92182 	0.306679 	0.599977 	0.087706 	
4.92	0.0445631 	-0.0733104 	-1.92184 	0.306664 	0.599768 	0.0877061 	
4.925	0.0445363 	-0.0732285 	-1.92186 	0.306648 	0.59956 	0.0877062 	
4.93	0.0445126 	-0.0731518 	-1.92188 	0.306633 	0.599352 	0.0877063 	
4.935	0.0444856 	-0.0730705 	-1.92191 	0.306618 	0.599144 	0.0877064 	
4.94	0.0444618 	-0.0729932 	-1.92193 	0.306603 	0.598936 	0.0877066 	
4.945	0.0444351 	-0.0729127 	-1.92195 	0.306588 	0.598728 	0.0877067 	
4.95	0.0444117 	-0.072835 	-1.92197 	0.306573 	0.59852 	0.0877068 	
4.955	0.0443866 	-0.0727537 	-1.922 	0.306557 	0.598312 	0.0877069 	
4.96	0.0443636 	-0.0726751 	-1.92202 	0.306542 	0.598104 	0.087707 	
4.965	0.0443389 	-0.0725933 	-1.92204 	0.306527 	0.597896 	0.0877071 	
4.97	0.0443151 	-0.0725139 	-1.92206 	0.306512 	0.597688 	0.0877072 	
4.975	0.0442891 	-0.0724316 	-1.92208 	0.306497 	0.59748 	0.0877074 	
4.98	0.0442634 	-0.0723517 	-1.9221 	0.306482 	0.597271 	0.0877075 	
4.985	0.0442361 	-0.0722692 	-1.92212 	0.306466 	0.597063 	0.0877076 	
4.99	0.0442091 	-0.072189 	-1.92214 	0.306451 	0.596855 	0.0877078 	
4.995	0.0441807 	-0.0721064 	-1.92216 	0.306436 	0.596647 	0.0877079 	
5	0.0441533 	-0.0720262 	-1.92218 	0.306421 	0.596439 	0.087708 	
5.005	0.0441245 	-0.0719435 	-1.9222 	0.306406 	0.596231 	0.0877082 	
5.01	0.0440966 	-0.0718633 	-1.92222 	0.30639 	0.596022 	0.0877083 	
5.015	0.0440674 	-0.0717806 	-1.92223 	0.306375 	0.595814 	0.0877085 	
5.02	0.0440393 	-0.0717004 	-1.92225 	0.30636 	0.595606 	0.0877086 	
5.025	0.0440098 	-0.0716178 	-1.92227 	0.306345 	0.595398 	0.0877088 	
5.03	0.0439815 	-0.0715377 	-1.92229 	0.306329 	0.59519 	0.0877089 	
5.035	0.0439518 	-0.0714551 	-1.92231 	0.306314 	0.594982 	0.0877091 	
5.04	0.0439233 	-0.0713751 	-1.92233 	0.306299 	0.594773 	0.0877093 	
5.045	0.0438935 	-0.0712926 	-1.92234 	0.306283 	0.594565 	0.0877094 	
5.05	0.0438649 	-0.0712127 	-1.92236 	0.306268 	0.594357 	0.0877096 	
5.055	0.0438351 	-0.0711302 	-1.92238 	0.306253 	0.594149 	0.0877097 	
5.06	0.0438064 	-0.0710504 	-1.9224 	0.306238 	0.593941 	0.0877099 	
5.065	0.0437771 	-0.0709679 	-1.92242 	0.306222 	0.593732 	0.0877101 	
5.07	0.0437507 	-0.070888 	-1.92244 	0.306207 	0.593524 	0.0877102 	
5.075	0.043724 	-0.0708053 	-1.92245 	0.306192 	0.593316 	0.0877103 	
5.08	0.0436993 	-0.0707251 	-1.92247 	0.306177 	0.593108 	0.0877104 	
5.085	0.0436734 	-0.0706425 	-1.92249 	0.306161 	0.5929 	0.0877106 	
5.09	0.0436484 	-0.0705624 	-1.92251 	0.306146 	0.592691 	0.0877107 	
5.095	0.0436219 	-0.0704801 	-1.92253 	0.306131 	0.592483 	0.0877108 	
5.1	0.0435964 	-0.0704006 	-1.92255 	0.306116 	0.592275 	0.0877109 	
5.105	0.0435707 	-0.0703184 	-1.92257 	0.306101 	0.592067 	0.087711 	
5.11	0.0435452 	-0.0702396 	-1.92259 	0.306085 	0.591859 	0.0877111 	
5.115	0.0435189 	-0.0701576 	-1.92261 	0.30607 	0.591651 	0.0877113 	
5.12	0.0434941 	-0.0700782 	-1.92263 	0.306055 	0.591442 	0.0877114 	
5.125	0.0434682 	-0.069998 	-1.92265 	0.30604 	0.591234 	0.0877115 	
5.13	0.0434431 	-0.0699203 	-1.92267 	0.306024 	0.591026 	0.0877116 	
5.135	0.0434172 	-0.0698416 	-1.92269 	0.306009 	0.590818 	0.0877117 	
5.14	0.043393 	-0.0697645 	-1.92271 	0.305994 	0.59061 	0.0877119 	
5.145	0.0433678 	-0.0696859 	-1.92274 	0.305979 	0.590402 	0.0877121 	
5.15	0.0433443 	-0.0696089 	-1.92276 	0.305963 	0.590194 	0.0877123 	
5.155	0.0433188 	-0.06953 	-1.92278 	0.305948 	0.589986 	0.0877124 	
5.16	0.0432941 	-0.0694527 	-1.9228 	0.305933 	0.589778 	0.0877126 	
5.165	0.0432699 	-0.069373 	-1.92282 	0.305918 	0.58957 	0.0877128 	
5.17	0.0432448 	-0.0692954 	-1.92284 	0.305902 	0.589362 	0.0877129 	
5.175	0.0432206 	-0.0692151 	-1.92287 	0.305887 	0.589154 	0.087713 	
5.18	0.0431989 	-0.0691366 	-1.92289 	0.305872 	0.588945 	0.0877132 	
5.185	0.0431752 	-0.0690569 	-1.92291 	0.305857 	0.588737 	0.0877133 	
5.19	0.0431537 	-0.0689777 	-1.92293 	0.305842 	0.588529 	0.0877134 	
5.195	0.0431315 	-0.0688969 	-1.92295 	0.305826 	0.588321 	0.0877135 	
5.2	0.0431117 	-0.0688167 	-1.92297 	0.305811 	0.588113 	0.0877136 	
5.205	0.0430909 	-0.0687349 	-1.92299 	0.305796 	0.587905 	0.0877138 	
5.21	0.0430724 	-0.0686539 	-1.92301 	0.305781 	0.587697 	0.0877139 	
5.215	0.0430525 	-0.0685714 	-1.92304 	0.305766 	0.587489 	0.087714 	
5.22	0.0430349 	-0.0684897 	-1.92306 	0.305751 	0.587281 	0.0877141 	
5.225	0.0430158 	-0.0684067 	-1.92308 	0.305736 	0.587073 	0.0877142 	
5.23	0.0429993 	-0.0683244 	-1.9231 	0.305721 	0.586864 	0.0877143 	
5.235	0.0429813 	-0.0682408 	-1.92312 	0.305705 	0.586656 	0.0877144 	
5.24	0.0429641 	-0.0681585 	-1.92314 	0.30569 	0.586448 	0.0877145 	
5.245	0.0429458 	-0.0680747 	-1.92316 	0.305675 	0.58624 	0.0877146 	
5.25	0.0429284 	-0.0679923 	-1.92318 	0.30566 	0.586032 	0.0877147 	
5.255	0.0429098 	-0.0679084 	-1.9232 	0.305645 	0.585824 	0.0877148 	
5.26	0.0428922 	-0.0678259 	-1.92322 	0.30563 	0.585616 	0.0877149 	
5.265	0.0428735 	-0.0677419 	-1.92324 	0.305615 	0.585407 	0.087715 	
5.27	0.042856 	-0.0676592 	-1.92326 	0.3056 	0.585199 	0.087715 	
5.275	0.0428375 	-0.067575 	-1.92328 	0.305585 	0.584991 	0.0877151 	
5.28	0.042821 	-0.067492 	-1.9233 	0.30557 	0.584783 	0.0877152 	
5.285	0.0428033 	-0.0674077 	-1.92332 	0.305554 	0.584575 	0.0877152 	
5.29	0.0427874 	-0.0673246 	-1.92334 	0.305539 	0.584367 	0.0877153 	
5.295	0.0427696 	-0.0672402 	-1.92337 	0.305524 	0.584159 	0.0877154 	
5.3	0.0427541 	-0.067157 	-1.92339 	0.305509 	0.58395 	0.0877154 	
5.305	0.0427366 	-0.0670725 	-1.92341 	0.305494 	0.583742 	0.0877155 	
5.31	0.0427214 	-0.0669892 	-1.92343 	0.305479 	0.583534 	0.0877155 	
5.315	0.0427041 	-0.0669047 	-1.92345 	0.305464 	0.583326 	0.0877156 	
5.32	0.0426891 	-0.0668213 	-1.92347 	0.305449 	0.583118 	0.0877157 	
5.325	0.042672 	-0.0667367 	-1.92349 	0.305434 	0.58291 	0.0877157 	
5.33	0.0426567 	-0.0666532 	-1.92351 	0.305419 	0.582701 	0.0877158 	
5.335	0.0426398 	-0.0665685 	-1.92353 	0.305404 	0.582493 	0.0877158 	
5.34	0.0426246 	-0.0664849 	-1.92355 	0.305389 	0.582285 	0.0877158 	
5.345	0.0426078 	-0.0663999 	-1.92357 	0.305374 	0.582077 	0.0877158 	
5.35	0.0425929 	-0.0663162 	-1.9236 	0.305358 	0.581869 	0.0877158 	
5.355	0.0425764 	-0.0662311 	-1.92362 	0.305343 	0.581661 	0.0877158 	
5.36	0.0425617 	-0.0661473 	-1.92364 	0.305328 	0.581452 	0.0877158 	
5.365	0.0425455 	-0.0660621 	-1.92366 	0.305313 	0.581244 	0.0877158 	
5.37	0.0425311 	-0.0659783 	-1.92368 	0.305298 	0.581036 	0.0877157 	
5.375	0.0425152 	-0.0658932 	-1.9237 	0.305283 	0.580828 	0.0877157 	
5.38	0.0425011 	-0.0658094 	-1.92372 	0.305268 	0.58062 	0.0877156 	
5.385	0.0424847 	-0.0657241 	-1.92375 	0.305253 	0.580412 	0.0877155 	
5.39	0.0424677 	-0.0656387 	-1.92377 	0.305238 	0.580204 	0.0877154 	
5.395	0.0424478 	-0.0655474 	-1.92379 	0.305223 	0.579995 	0.0877153 	
5.4	0.042427 	-0.0654532 	-1.9238 	0.305207 	0.579787 	0.0877152 	
5.405	0.0424035 	-0.0653531 	-1.92382 	0.305192 	0.579578 	0.0877152 	
5.41	0.0423802 	-0.065252 	-1.92383 	0.305177 	0.57937 	0.0877151 	
5.415	0.0423565 	-0.0651518 	-1.92385 	0.305162 	0.579161 	0.087715 	
5.42	0.0423304 	-0.0650559 	-1.92387 	0.305147 	0.578952 	0.0877149 	
5.425	0.0423042 	-0.0649659 	-1.92389 	0.305131 	0.578744 	0.0877149 	
5.43	0.0422806 	-0.0648919 	-1.9239 	0.305116 	0.578536 	0.0877147 	
5.435	0.0422566 	-0.0648166 	-1.92392 	0.305101 	0.578328 	0.0877145 	
5.44	0.042231 	-0.0647455 	-1.92394 	0.305085 	0.57812 	0.0877144 	
5.445	0.0422022 	-0.0646755 	-1.92396 	0.30507 	0.577912 	0.0877144 	
5.45	0.0421738 	-0.0646076 	-1.92399 	0.305054 	0.577704 	0.0877144 	
5.455	0.0421482 	-0.064536 	-1.924 	0.305039 	0.577496 	0.0877142 	
5.46	0.0421224 	-0.064465 	-1.92402 	0.305023 	0.577288 	0.0877141 	
5.465	0.0420953 	-0.0643922 	-1.92404 	0.305008 	0.57708 	0.087714 	
5.47	0.04207 	-0.0643184 	-1.92406 	0.304992 	0.576872 	0.0877139 	
5.475	0.0420442 	-0.0642424 	-1.92408 	0.304977 	0.576664 	0.0877139 	
5.48	0.0420154 	-0.0641634 	-1.9241 	0.304961 	0.576456 	0.0877138 	
5.485	0.0419883 	-0.0640788 	-1.92411 	0.304946 	0.576248 	0.0877137 	
5.49	0.0419574 	-0.0639908 	-1.92413 	0.30493 	0.576039 	0.0877136 	
5.495	0.0419278 	-0.0639032 	-1.92414 	0.304915 	0.575831 	0.0877136 	
5.5	0.0418975 	-0.0638165 	-1.92416 	0.304899 	0.575623 	0.0877136 	
5.505	0.0418623 	-0.0637315 	-1.92418 	0.304884 	0.575414 	0.0877136 	
5.51	0.0418205 	-0.0636489 	-1.9242 	0.304868 	0.575206 	0.0877137 	
5.515	0.0417776 	-0.0635668 	-1.92422 	0.304852 	0.574998 	0.0877137 	
5.52	0.0417343 	-0.0634867 	-1.92424 	0.304837 	0.57479 	0.0877139 	
5.525	0.0416893 	-0.0634081 	-1.92426 	0.304821 	0.574581 	0.0877141 	
5.53	0.0416422 	-0.0633255 	-1.92428 	0.304805 	0.574373 	0.0877143 	
5.535	0.0415935 	-0.0632376 	-1.92429 	0.304789 	0.574165 	0.0877146 	
5.54	0.0415429 	-0.0631464 	-1.9243 	0.304773 	0.573957 	0.0877148 	
5.545	0.0414914 	-0.0630517 	-1.9243 	0.304757 	0.573748 	0.0877152 	
5.55	0.0414396 	-0.0629577 	-1.9243 	0.304741 	0.57354 	0.0877155 	
5.555	0.0413869 	-0.062859 	-1.9243 	0.304726 	0.573331 	0.0877159 	
5.56	0.0413336 	-0.0627566 	-1.92429 	0.30471 	0.573123 	0.0877162 	
5.565	0.0412791 	-0.0626487 	-1.92428 	0.304694 	0.572914 	0.0877166 	
5.57	0.0412233 	-0.0625364 	-1.92426 	0.304678 	0.572706 	0.0877169 	
5.575	0.0411667 	-0.0624188 	-1.92423 	0.304662 	0.572497 	0.0877173 	
5.58	0.0411094 	-0.0622964 	-1.9242 	0.304646 	0.572289 	0.0877176 	
5.585	0.0410507 	-0.062171 	-1.92417 	0.304631 	0.57208 	0.0877179 	
5.59	0.0409913 	-0.0620428 	-1.92413 	0.304615 	0.571872 	0.0877183 	
5.595	0.0409305 	-0.0619166 	-1.92409 	0.304599 	0.571663 	0.0877187 	
5.6	0.0408694 	-0.061786 	-1.92405 	0.304583 	0.571454 	0.0877191 	
5.605	0.0408101 	-0.0616578 	-1.92401 	0.304567 	0.571245 	0.0877195 	
5.61	0.0407588 	-0.0615399 	-1.92398 	0.304552 	0.571037 	0.0877199 	
5.615	0.0407091 	-0.0614223 	-1.92395 	0.304536 	0.570828 	0.0877204 	
5.62	0.0406666 	-0.061316 	-1.92394 	0.30452 	0.57062 	0.087721 	
5.625	0.0406244 	-0.0612078 	-1.92392 	0.304505 	0.570411 	0.0877215 	
5.63	0.0405878 	-0.0611091 	-1.92392 	0.304489 	0.570203 	0.087722 	
5.635	0.0405514 	-0.0610092 	-1.92391 	0.304474 	0.569994 	0.0877225 	
5.64	0.0405209 	-0.0609157 	-1.92391 	0.304458 	0.569786 	0.087723 	
5.645	0.0404897 	-0.0608201 	-1.92391 	0.304443 	0.569577 	0.0877234 	
5.65	0.0404632 	-0.0607298 	-1.92391 	0.304428 	0.569369 	0.0877238 	
5.655	0.0404355 	-0.0606373 	-1.92392 	0.304412 	0.569161 	0.0877242 	
5.66	0.04041 	-0.0605491 	-1.92392 	0.304397 	0.568952 	0.0877246 	
5.665	0.0403826 	-0.0604576 	-1.92393 	0.304382 	0.568744 	0.087725 	
5.67	0.0403554 	-0.0603713 	-1.92394 	0.304366 	0.568536 	0.0877253 	
5.675	0.0403267 	-0.060282 	-1.92394 	0.304351 	0.568327 	0.0877257 	
5.68	0.0402984 	-0.0601974 	-1.92396 	0.304335 	0.568119 	0.087726 	
5.685	0.0402693 	-0.0601094 	-1.92397 	0.30432 	0.567911 	0.0877264 	
5.69	0.0402426 	-0.0600249 	-1.92398 	0.304304 	0.567702 	0.0877268 	
5.695	0.0402152 	-0.0599371 	-1.924 	0.304289 	0.567494 	0.0877271 	
5.7	0.0401905 	-0.0598532 	-1.92401 	0.304274 	0.567286 	0.0877275 	
5.705	0.0401655 	-0.0597662 	-1.92403 	0.304258 	0.567077 	0.0877278 	
5.71	0.040144 	-0.0596835 	-1.92405 	0.304243 	0.566869 	0.0877281 	
5.715	0.0401223 	-0.0595965 	-1.92406 	0.304228 	0.566661 	0.0877283 	
5.72	0.0401052 	-0.0595136 	-1.92408 	0.304212 	0.566453 	0.0877285 	
5.725	0.0400847 	-0.0594267 	-1.92409 	0.304197 	0.566244 	0.0877287 	
5.73	0.0400651 	-0.0593431 	-1.92411 	0.304182 	0.566036 	0.0877289 	
5.735	0.0400434 	-0.0592573 	-1.92413 	0.304166 	0.565828 	0.0877291 	
5.74	0.0400236 	-0.0591733 	-1.92415 	0.304151 	0.565619 	0.0877292 	
5.745	0.040002 	-0.0590872 	-1.92416 	0.304136 	0.565411 	0.0877294 	
5.75	0.0399832 	-0.0590027 	-1.92418 	0.30412 	0.565203 	0.0877295 	
5.755	0.0399622 	-0.0589164 	-1.92419 	0.304105 	0.564995 	0.0877296 	
5.76	0.0399434 	-0.0588317 	-1.92421 	0.30409 	0.564786 	0.0877297 	
5.765	0.0399217 	-0.0587454 	-1.92422 	0.304075 	0.564578 	0.0877299 	
5.77	0.0398994 	-0.058661 	-1.92424 	0.304059 	0.56437 	0.08773 	
5.775	0.0398757 	-0.058575 	-1.92426 	0.304044 	0.564161 	0.0877301 	
5.78	0.0398564 	-0.0584911 	-1.92428 	0.304028 	0.563953 	0.0877301 	
5.785	0.0398353 	-0.0584048 	-1.92429 	0.304013 	0.563745 	0.0877302 	
5.79	0.0398139 	-0.0583211 	-1.92431 	0.303998 	0.563537 	0.0877303 	
5.795	0.0397913 	-0.0582356 	-1.92433 	0.303982 	0.563328 	0.0877304 	
5.8	0.0397709 	-0.0581506 	-1.92435 	0.303967 	0.56312 	0.0877304 	
5.805	0.0397499 	-0.0580646 	-1.92436 	0.303952 	0.562912 	0.0877304 	
5.81	0.0397315 	-0.0579783 	-1.92438 	0.303936 	0.562704 	0.0877304 	
5.815	0.0397117 	-0.0578915 	-1.9244 	0.303921 	0.562495 	0.0877304 	
5.82	0.0396912 	-0.0578054 	-1.92442 	0.303905 	0.562287 	0.0877303 	
5.825	0.0396695 	-0.0577187 	-1.92444 	0.30389 	0.562079 	0.0877303 	
