0	0.310429 	-0.173769 	0.537008 	0.180534 	-1.45468 	-0.24872 	
0.005	0.310429 	-0.173769 	0.537008 	0.180534 	-1.45468 	-0.24872 	
0.01	0.310429 	-0.173769 	0.537008 	0.180534 	-1.45468 	-0.24872 	
0.015	0.31043 	-0.173769 	0.537008 	0.180534 	-1.45468 	-0.24872 	
0.02	0.310431 	-0.173769 	0.537008 	0.180534 	-1.45468 	-0.24872 	
0.025	0.310433 	-0.173769 	0.537009 	0.180534 	-1.45468 	-0.24872 	
0.03	0.310435 	-0.173769 	0.537009 	0.180534 	-1.45468 	-0.24872 	
0.035	0.310438 	-0.173769 	0.53701 	0.180534 	-1.45468 	-0.24872 	
0.04	0.310441 	-0.173769 	0.53701 	0.180534 	-1.45468 	-0.24872 	
0.045	0.310445 	-0.173769 	0.537011 	0.180534 	-1.45468 	-0.24872 	
0.05	0.31045 	-0.173769 	0.537012 	0.180534 	-1.45468 	-0.24872 	
0.055	0.310455 	-0.17377 	0.537013 	0.180534 	-1.45468 	-0.24872 	
0.06	0.310461 	-0.17377 	0.537014 	0.180534 	-1.45468 	-0.24872 	
0.065	0.310467 	-0.17377 	0.537015 	0.180534 	-1.45468 	-0.24872 	
0.07	0.310473 	-0.17377 	0.537016 	0.180534 	-1.45468 	-0.24872 	
0.075	0.310481 	-0.17377 	0.537018 	0.180534 	-1.45468 	-0.24872 	
0.08	0.310488 	-0.17377 	0.537019 	0.180534 	-1.45468 	-0.24872 	
0.085	0.310497 	-0.17377 	0.537021 	0.180534 	-1.45468 	-0.24872 	
0.09	0.310505 	-0.173771 	0.537022 	0.180534 	-1.45468 	-0.24872 	
0.095	0.310516 	-0.173771 	0.537024 	0.180534 	-1.45468 	-0.24872 	
0.1	0.310526 	-0.173771 	0.537026 	0.180534 	-1.45468 	-0.24872 	
0.105	0.310536 	-0.173771 	0.537028 	0.180534 	-1.45468 	-0.24872 	
0.11	0.310547 	-0.173771 	0.53703 	0.180534 	-1.45468 	-0.24872 	
0.115	0.310559 	-0.173772 	0.537032 	0.180534 	-1.45468 	-0.24872 	
0.12	0.310571 	-0.173772 	0.537034 	0.180534 	-1.45468 	-0.24872 	
0.125	0.310583 	-0.173772 	0.537037 	0.180534 	-1.45468 	-0.24872 	
0.13	0.310597 	-0.173772 	0.537039 	0.180534 	-1.45468 	-0.24872 	
0.135	0.31061 	-0.173773 	0.537042 	0.180534 	-1.45468 	-0.24872 	
0.14	0.310624 	-0.173773 	0.537044 	0.180534 	-1.45468 	-0.24872 	
0.145	0.310639 	-0.173773 	0.537047 	0.180534 	-1.45468 	-0.24872 	
0.15	0.310654 	-0.173774 	0.53705 	0.180534 	-1.45468 	-0.24872 	
0.155	0.31067 	-0.173774 	0.537053 	0.180534 	-1.45468 	-0.24872 	
0.16	0.310687 	-0.173774 	0.537056 	0.180534 	-1.45468 	-0.24872 	
0.165	0.310641 	-0.173759 	0.53704 	0.178912 	-1.45354 	-0.246485 	
0.17	0.310658 	-0.173759 	0.537043 	0.178912 	-1.45354 	-0.246485 	
0.175	0.310676 	-0.17376 	0.537047 	0.178912 	-1.45354 	-0.246485 	
0.18	0.310695 	-0.17376 	0.53705 	0.178912 	-1.45354 	-0.246485 	
0.185	0.310714 	-0.17376 	0.537054 	0.178912 	-1.45354 	-0.246485 	
0.19	0.310733 	-0.173761 	0.537057 	0.178912 	-1.45354 	-0.246485 	
0.195	0.310753 	-0.173761 	0.537061 	0.178912 	-1.45354 	-0.246485 	
0.2	0.310774 	-0.173762 	0.537065 	0.178912 	-1.45354 	-0.246485 	
0.205	0.310795 	-0.173762 	0.537069 	0.178912 	-1.45354 	-0.246485 	
0.21	0.310816 	-0.173762 	0.537073 	0.178912 	-1.45354 	-0.246485 	
0.215	0.310839 	-0.173763 	0.537077 	0.178912 	-1.45354 	-0.246485 	
0.22	0.310861 	-0.173763 	0.537081 	0.178912 	-1.45354 	-0.246485 	
0.225	0.310823 	-0.173749 	0.537066 	0.177313 	-1.45242 	-0.244282 	
0.23	0.310846 	-0.173749 	0.537071 	0.177313 	-1.45242 	-0.244282 	
0.235	0.310871 	-0.173749 	0.537075 	0.177313 	-1.45242 	-0.244282 	
0.24	0.310895 	-0.17375 	0.53708 	0.177313 	-1.45242 	-0.244282 	
0.245	0.310921 	-0.17375 	0.537085 	0.177313 	-1.45242 	-0.244282 	
0.25	0.310946 	-0.173751 	0.537089 	0.177313 	-1.45242 	-0.244282 	
0.255	0.310973 	-0.173751 	0.537094 	0.177313 	-1.45242 	-0.244282 	
0.26	0.310999 	-0.173752 	0.537099 	0.177313 	-1.45242 	-0.244282 	
0.265	0.311027 	-0.173752 	0.537104 	0.177313 	-1.45242 	-0.244282 	
0.27	0.311054 	-0.173753 	0.537109 	0.177313 	-1.45242 	-0.244282 	
0.275	0.311017 	-0.173738 	0.537095 	0.175618 	-1.45123 	-0.241947 	
0.28	0.311046 	-0.173738 	0.5371 	0.175618 	-1.45123 	-0.241947 	
0.285	0.311076 	-0.173739 	0.537106 	0.175618 	-1.45123 	-0.241947 	
0.29	0.311105 	-0.173739 	0.537111 	0.175618 	-1.45123 	-0.241947 	
0.295	0.311136 	-0.17374 	0.537117 	0.175618 	-1.45123 	-0.241947 	
0.3	0.311167 	-0.17374 	0.537122 	0.175618 	-1.45123 	-0.241947 	
0.305	0.311198 	-0.173741 	0.537128 	0.175618 	-1.45123 	-0.241947 	
0.31	0.31123 	-0.173741 	0.537134 	0.175618 	-1.45123 	-0.241947 	
0.315	0.3112 	-0.173727 	0.537121 	0.174005 	-1.4501 	-0.239725 	
0.32	0.311233 	-0.173728 	0.537127 	0.174005 	-1.4501 	-0.239725 	
0.325	0.311266 	-0.173728 	0.537134 	0.174005 	-1.4501 	-0.239725 	
0.33	0.3113 	-0.173729 	0.53714 	0.174005 	-1.4501 	-0.239725 	
0.335	0.311334 	-0.173729 	0.537146 	0.174005 	-1.4501 	-0.239725 	
0.34	0.311369 	-0.17373 	0.537153 	0.174005 	-1.4501 	-0.239725 	
0.345	0.311404 	-0.17373 	0.537159 	0.174005 	-1.4501 	-0.239725 	
0.35	0.311379 	-0.173717 	0.537147 	0.172425 	-1.44899 	-0.237548 	
0.355	0.311416 	-0.173717 	0.537154 	0.172425 	-1.44899 	-0.237548 	
0.36	0.311452 	-0.173718 	0.537161 	0.172425 	-1.44899 	-0.237548 	
0.365	0.31149 	-0.173719 	0.537168 	0.172425 	-1.44899 	-0.237548 	
0.37	0.311527 	-0.173719 	0.537175 	0.172425 	-1.44899 	-0.237548 	
0.375	0.311566 	-0.17372 	0.537182 	0.172425 	-1.44899 	-0.237548 	
0.38	0.311604 	-0.17372 	0.537189 	0.172425 	-1.44899 	-0.237548 	
0.385	0.311577 	-0.173706 	0.537176 	0.170708 	-1.44779 	-0.235182 	
0.39	0.311617 	-0.173706 	0.537184 	0.170708 	-1.44779 	-0.235182 	
0.395	0.311657 	-0.173707 	0.537191 	0.170708 	-1.44779 	-0.235182 	
0.4	0.311698 	-0.173707 	0.537198 	0.170708 	-1.44779 	-0.235182 	
0.405	0.311739 	-0.173708 	0.537206 	0.170708 	-1.44779 	-0.235182 	
0.41	0.311781 	-0.173708 	0.537214 	0.170708 	-1.44779 	-0.235182 	
0.415	0.31176 	-0.173695 	0.537203 	0.169088 	-1.44665 	-0.232951 	
0.42	0.311803 	-0.173696 	0.537211 	0.169088 	-1.44665 	-0.232951 	
0.425	0.311846 	-0.173696 	0.537218 	0.169089 	-1.44665 	-0.232951 	
0.43	0.311889 	-0.173697 	0.537226 	0.169089 	-1.44665 	-0.232951 	
0.435	0.311933 	-0.173697 	0.537235 	0.169089 	-1.44665 	-0.232951 	
0.44	0.311978 	-0.173698 	0.537243 	0.169089 	-1.44665 	-0.232951 	
0.445	0.311956 	-0.173684 	0.537231 	0.16738 	-1.44546 	-0.230597 	
0.45	0.312002 	-0.173685 	0.53724 	0.16738 	-1.44546 	-0.230597 	
0.455	0.312047 	-0.173685 	0.537248 	0.16738 	-1.44546 	-0.230597 	
0.46	0.312094 	-0.173686 	0.537257 	0.16738 	-1.44546 	-0.230597 	
0.465	0.312141 	-0.173686 	0.537265 	0.16738 	-1.44546 	-0.230597 	
0.47	0.312188 	-0.173687 	0.537274 	0.16738 	-1.44546 	-0.230597 	
0.475	0.312165 	-0.173672 	0.537262 	0.165564 	-1.44418 	-0.228096 	
0.48	0.312213 	-0.173673 	0.537271 	0.165564 	-1.44418 	-0.228096 	
0.485	0.312262 	-0.173673 	0.537279 	0.165564 	-1.44418 	-0.228096 	
0.49	0.312311 	-0.173674 	0.537288 	0.165564 	-1.44418 	-0.228096 	
0.495	0.31236 	-0.173674 	0.537297 	0.165564 	-1.44418 	-0.228096 	
0.5	0.312347 	-0.173662 	0.537288 	0.163939 	-1.44304 	-0.225857 	
0.505	0.312397 	-0.173662 	0.537297 	0.163939 	-1.44304 	-0.225857 	
0.51	0.312448 	-0.173663 	0.537307 	0.163939 	-1.44304 	-0.225857 	
0.515	0.312499 	-0.173663 	0.537316 	0.163939 	-1.44304 	-0.225857 	
0.52	0.312551 	-0.173664 	0.537325 	0.163939 	-1.44304 	-0.225857 	
0.525	0.312538 	-0.173651 	0.537316 	0.162268 	-1.44187 	-0.223555 	
0.53	0.312591 	-0.173651 	0.537325 	0.162268 	-1.44187 	-0.223555 	
0.535	0.312643 	-0.173652 	0.537335 	0.162268 	-1.44187 	-0.223555 	
0.54	0.312697 	-0.173652 	0.537345 	0.162268 	-1.44187 	-0.223555 	
0.545	0.312751 	-0.173653 	0.537355 	0.162268 	-1.44187 	-0.223555 	
0.55	0.312737 	-0.17364 	0.537345 	0.16053 	-1.44065 	-0.22116 	
0.555	0.312792 	-0.17364 	0.537355 	0.16053 	-1.44065 	-0.22116 	
0.56	0.312847 	-0.17364 	0.537365 	0.16053 	-1.44065 	-0.22116 	
0.565	0.312902 	-0.173641 	0.537375 	0.16053 	-1.44065 	-0.22116 	
0.57	0.312958 	-0.173641 	0.537385 	0.16053 	-1.44065 	-0.22116 	
0.575	0.312944 	-0.173628 	0.537375 	0.158723 	-1.43939 	-0.21867 	
0.58	0.313001 	-0.173628 	0.537385 	0.158723 	-1.43939 	-0.21867 	
0.585	0.313058 	-0.173629 	0.537396 	0.158723 	-1.43939 	-0.21867 	
0.59	0.313116 	-0.173629 	0.537406 	0.158723 	-1.43939 	-0.21867 	
0.595	0.313174 	-0.173629 	0.537417 	0.158723 	-1.43939 	-0.21867 	
0.6	0.313159 	-0.173616 	0.537406 	0.156849 	-1.43807 	-0.216089 	
0.605	0.313218 	-0.173616 	0.537417 	0.156849 	-1.43807 	-0.216089 	
0.61	0.313277 	-0.173616 	0.537428 	0.156849 	-1.43807 	-0.216089 	
0.615	0.313336 	-0.173617 	0.537439 	0.156849 	-1.43807 	-0.216089 	
0.62	0.313335 	-0.173605 	0.537432 	0.155264 	-1.43696 	-0.213905 	
0.625	0.313395 	-0.173606 	0.537443 	0.155264 	-1.43696 	-0.213905 	
0.63	0.313456 	-0.173606 	0.537454 	0.155264 	-1.43696 	-0.213905 	
0.635	0.313517 	-0.173606 	0.537465 	0.155264 	-1.43696 	-0.213905 	
0.64	0.313516 	-0.173595 	0.537458 	0.153672 	-1.43585 	-0.211712 	
0.645	0.313578 	-0.173595 	0.537469 	0.153672 	-1.43585 	-0.211712 	
0.65	0.31364 	-0.173595 	0.537481 	0.153672 	-1.43585 	-0.211712 	
0.655	0.313703 	-0.173596 	0.537492 	0.153672 	-1.43585 	-0.211712 	
0.66	0.313702 	-0.173585 	0.537485 	0.152044 	-1.4347 	-0.209469 	
0.665	0.313766 	-0.173585 	0.537497 	0.152044 	-1.4347 	-0.209469 	
0.67	0.313829 	-0.173585 	0.537508 	0.152044 	-1.4347 	-0.209469 	
0.675	0.313893 	-0.173585 	0.53752 	0.152044 	-1.4347 	-0.209469 	
0.68	0.313893 	-0.173574 	0.537513 	0.150377 	-1.43353 	-0.207173 	
0.685	0.313958 	-0.173574 	0.537525 	0.150377 	-1.43353 	-0.207173 	
0.69	0.314023 	-0.173574 	0.537536 	0.150377 	-1.43353 	-0.207173 	
0.695	0.314088 	-0.173574 	0.537548 	0.150377 	-1.43353 	-0.207173 	
0.7	0.314088 	-0.173563 	0.537541 	0.148673 	-1.43234 	-0.204825 	
0.705	0.314154 	-0.173563 	0.537553 	0.148673 	-1.43234 	-0.204825 	
0.71	0.314221 	-0.173562 	0.537565 	0.148673 	-1.43234 	-0.204825 	
0.715	0.314288 	-0.173562 	0.537577 	0.148673 	-1.43234 	-0.204825 	
0.72	0.314287 	-0.173551 	0.53757 	0.146932 	-1.43112 	-0.202427 	
0.725	0.314354 	-0.173551 	0.537582 	0.146932 	-1.43112 	-0.202427 	
0.73	0.314422 	-0.173551 	0.537595 	0.146932 	-1.43112 	-0.202427 	
0.735	0.314491 	-0.173551 	0.537607 	0.146932 	-1.43112 	-0.202427 	
0.74	0.31449 	-0.17354 	0.5376 	0.145156 	-1.42987 	-0.199979 	
0.745	0.314559 	-0.17354 	0.537612 	0.145156 	-1.42987 	-0.199979 	
0.75	0.314628 	-0.173539 	0.537625 	0.145156 	-1.42987 	-0.199979 	
0.755	0.314698 	-0.173539 	0.537637 	0.145156 	-1.42987 	-0.199979 	
0.76	0.314697 	-0.173528 	0.53763 	0.143345 	-1.4286 	-0.197485 	
0.765	0.314767 	-0.173528 	0.537642 	0.143345 	-1.4286 	-0.197485 	
0.77	0.314837 	-0.173527 	0.537655 	0.143345 	-1.4286 	-0.197485 	
0.775	0.314908 	-0.173527 	0.537668 	0.143345 	-1.4286 	-0.197485 	
0.78	0.314907 	-0.173516 	0.53766 	0.141501 	-1.42731 	-0.194944 	
0.785	0.314979 	-0.173516 	0.537673 	0.141501 	-1.42731 	-0.194944 	
0.79	0.315051 	-0.173515 	0.537686 	0.141501 	-1.42731 	-0.194944 	
0.795	0.315123 	-0.173515 	0.537699 	0.141501 	-1.42731 	-0.194944 	
0.8	0.315122 	-0.173504 	0.537692 	0.139625 	-1.426 	-0.19236 	
0.805	0.315194 	-0.173503 	0.537705 	0.139625 	-1.426 	-0.19236 	
0.81	0.315267 	-0.173503 	0.537718 	0.139625 	-1.426 	-0.19236 	
0.815	0.315341 	-0.173502 	0.537731 	0.139625 	-1.426 	-0.19236 	
0.82	0.315339 	-0.173491 	0.537723 	0.137718 	-1.42466 	-0.189732 	
0.825	0.315413 	-0.173491 	0.537737 	0.137718 	-1.42466 	-0.189732 	
0.83	0.315488 	-0.17349 	0.53775 	0.137718 	-1.42466 	-0.189732 	
0.835	0.315562 	-0.17349 	0.537763 	0.137718 	-1.42466 	-0.189732 	
0.84	0.315561 	-0.173479 	0.537756 	0.135781 	-1.4233 	-0.187064 	
0.845	0.315636 	-0.173478 	0.537769 	0.135781 	-1.4233 	-0.187064 	
0.85	0.315711 	-0.173477 	0.537782 	0.135781 	-1.4233 	-0.187064 	
0.855	0.315787 	-0.173477 	0.537796 	0.135781 	-1.4233 	-0.187064 	
0.86	0.315785 	-0.173466 	0.537788 	0.133816 	-1.42192 	-0.184357 	
0.865	0.315861 	-0.173465 	0.537802 	0.133816 	-1.42192 	-0.184357 	
0.87	0.315938 	-0.173464 	0.537815 	0.133816 	-1.42192 	-0.184357 	
0.875	0.316014 	-0.173464 	0.537829 	0.133816 	-1.42192 	-0.184357 	
0.88	0.316013 	-0.173453 	0.537821 	0.131824 	-1.42053 	-0.181612 	
0.885	0.31609 	-0.173452 	0.537835 	0.131824 	-1.42053 	-0.181612 	
0.89	0.316167 	-0.173451 	0.537849 	0.131824 	-1.42053 	-0.181612 	
0.895	0.316183 	-0.173443 	0.537846 	0.130261 	-1.41943 	-0.179459 	
0.9	0.316261 	-0.173442 	0.53786 	0.130261 	-1.41943 	-0.179459 	
0.905	0.316339 	-0.173441 	0.537873 	0.130261 	-1.41943 	-0.179459 	
0.91	0.316418 	-0.17344 	0.537887 	0.130261 	-1.41943 	-0.179459 	
0.915	0.316418 	-0.17343 	0.53788 	0.12827 	-1.41803 	-0.176715 	
0.92	0.316496 	-0.173429 	0.537894 	0.12827 	-1.41803 	-0.176715 	
0.925	0.316575 	-0.173428 	0.537908 	0.12827 	-1.41803 	-0.176715 	
0.93	0.316592 	-0.17342 	0.537905 	0.126678 	-1.41692 	-0.174523 	
0.935	0.316671 	-0.173419 	0.537919 	0.126678 	-1.41692 	-0.174523 	
0.94	0.316751 	-0.173417 	0.537933 	0.126678 	-1.41692 	-0.174523 	
0.945	0.316769 	-0.17341 	0.537931 	0.125116 	-1.41582 	-0.172371 	
0.95	0.316849 	-0.173408 	0.537945 	0.125116 	-1.41582 	-0.172371 	
0.955	0.31693 	-0.173407 	0.537959 	0.125116 	-1.41582 	-0.172371 	
0.96	0.316948 	-0.173399 	0.537957 	0.123547 	-1.41472 	-0.170209 	
0.965	0.317029 	-0.173398 	0.537971 	0.123547 	-1.41472 	-0.170209 	
0.97	0.31711 	-0.173397 	0.537986 	0.123547 	-1.41472 	-0.170209 	
0.975	0.317129 	-0.173389 	0.537983 	0.121966 	-1.41361 	-0.168031 	
0.98	0.31721 	-0.173388 	0.537998 	0.121966 	-1.41361 	-0.168031 	
0.985	0.317292 	-0.173386 	0.538012 	0.121966 	-1.41361 	-0.168031 	
0.99	0.31731 	-0.173379 	0.53801 	0.120373 	-1.4125 	-0.165837 	
0.995	0.317392 	-0.173377 	0.538024 	0.120373 	-1.4125 	-0.165837 	
1	0.317474 	-0.173376 	0.538039 	0.120373 	-1.4125 	-0.165837 	
1.005	0.317493 	-0.173368 	0.538036 	0.118771 	-1.41137 	-0.163629 	
1.01	0.317576 	-0.173367 	0.538051 	0.118771 	-1.41137 	-0.163629 	
1.015	0.317658 	-0.173365 	0.538065 	0.118771 	-1.41137 	-0.163629 	
1.02	0.317677 	-0.173358 	0.538063 	0.117158 	-1.41024 	-0.161407 	
1.025	0.31776 	-0.173356 	0.538078 	0.117158 	-1.41024 	-0.161407 	
1.03	0.317843 	-0.173354 	0.538092 	0.117158 	-1.41024 	-0.161407 	
1.035	0.317862 	-0.173347 	0.53809 	0.115535 	-1.40911 	-0.159172 	
1.04	0.317946 	-0.173346 	0.538105 	0.115535 	-1.40911 	-0.159172 	
1.045	0.318029 	-0.173344 	0.538119 	0.115535 	-1.40911 	-0.159172 	
1.05	0.318048 	-0.173337 	0.538117 	0.113904 	-1.40796 	-0.156924 	
1.055	0.318132 	-0.173335 	0.538132 	0.113904 	-1.40796 	-0.156924 	
1.06	0.318216 	-0.173333 	0.538146 	0.113904 	-1.40796 	-0.156924 	
1.065	0.318235 	-0.173326 	0.538144 	0.112264 	-1.40681 	-0.154665 	
1.07	0.318319 	-0.173324 	0.538159 	0.112264 	-1.40681 	-0.154665 	
1.075	0.318404 	-0.173322 	0.538174 	0.112264 	-1.40681 	-0.154665 	
1.08	0.318423 	-0.173316 	0.538172 	0.110617 	-1.40566 	-0.152396 	
1.085	0.318508 	-0.173313 	0.538186 	0.110617 	-1.40566 	-0.152396 	
1.09	0.318592 	-0.173311 	0.538201 	0.110617 	-1.40566 	-0.152396 	
1.095	0.318612 	-0.173305 	0.538199 	0.108963 	-1.4045 	-0.150116 	
1.1	0.318697 	-0.173302 	0.538214 	0.108963 	-1.4045 	-0.150116 	
1.105	0.318782 	-0.1733 	0.538229 	0.108963 	-1.4045 	-0.150116 	
1.11	0.318801 	-0.173294 	0.538227 	0.107301 	-1.40333 	-0.147828 	
1.115	0.318886 	-0.173292 	0.538241 	0.107301 	-1.40333 	-0.147828 	
1.12	0.318972 	-0.173289 	0.538256 	0.107301 	-1.40333 	-0.147828 	
1.125	0.318991 	-0.173283 	0.538254 	0.105634 	-1.40216 	-0.145531 	
1.13	0.319077 	-0.173281 	0.538269 	0.105634 	-1.40216 	-0.145531 	
1.135	0.319162 	-0.173278 	0.538284 	0.105634 	-1.40216 	-0.145531 	
1.14	0.319182 	-0.173272 	0.538282 	0.103962 	-1.40099 	-0.143227 	
1.145	0.319268 	-0.17327 	0.538297 	0.103962 	-1.40099 	-0.143227 	
1.15	0.319354 	-0.173267 	0.538312 	0.103962 	-1.40099 	-0.143227 	
1.155	0.319373 	-0.173261 	0.53831 	0.102284 	-1.39981 	-0.140916 	
1.16	0.319459 	-0.173259 	0.538325 	0.102284 	-1.39981 	-0.140916 	
1.165	0.319545 	-0.173256 	0.538339 	0.102284 	-1.39981 	-0.140916 	
1.17	0.319565 	-0.17325 	0.538338 	0.100603 	-1.39864 	-0.138599 	
1.175	0.319651 	-0.173248 	0.538352 	0.100603 	-1.39864 	-0.138599 	
1.18	0.319737 	-0.173245 	0.538367 	0.100603 	-1.39864 	-0.138599 	
1.185	0.319757 	-0.17324 	0.538366 	0.0989176 	-1.39745 	-0.136278 	
1.19	0.319843 	-0.173237 	0.53838 	0.0989176 	-1.39745 	-0.136278 	
1.195	0.31993 	-0.173234 	0.538395 	0.0989176 	-1.39745 	-0.136278 	
1.2	0.319949 	-0.173229 	0.538393 	0.0972293 	-1.39627 	-0.133952 	
1.205	0.320036 	-0.173225 	0.538408 	0.0972293 	-1.39627 	-0.133952 	
1.21	0.320122 	-0.173222 	0.538423 	0.0972293 	-1.39627 	-0.133952 	
1.215	0.320142 	-0.173218 	0.538422 	0.0955386 	-1.39508 	-0.131622 	
1.22	0.320229 	-0.173214 	0.538436 	0.0955386 	-1.39508 	-0.131622 	
1.225	0.320315 	-0.173211 	0.538451 	0.0955386 	-1.39508 	-0.131622 	
1.23	0.320335 	-0.173207 	0.53845 	0.093846 	-1.3939 	-0.12929 	
1.235	0.320422 	-0.173203 	0.538464 	0.093846 	-1.3939 	-0.12929 	
1.24	0.320508 	-0.1732 	0.538479 	0.093846 	-1.3939 	-0.12929 	
1.245	0.320528 	-0.173196 	0.538478 	0.0921521 	-1.39271 	-0.126957 	
1.25	0.320615 	-0.173192 	0.538492 	0.0921521 	-1.39271 	-0.126957 	
1.255	0.320702 	-0.173189 	0.538507 	0.0921521 	-1.39271 	-0.126957 	
1.26	0.320721 	-0.173185 	0.538506 	0.0904576 	-1.39152 	-0.124622 	
1.265	0.320808 	-0.173181 	0.538521 	0.0904576 	-1.39152 	-0.124622 	
1.27	0.320895 	-0.173178 	0.538535 	0.0904576 	-1.39152 	-0.124622 	
1.275	0.320914 	-0.173174 	0.538534 	0.088763 	-1.39033 	-0.122288 	
1.28	0.321001 	-0.17317 	0.538549 	0.088763 	-1.39033 	-0.122288 	
1.285	0.321088 	-0.173166 	0.538563 	0.088763 	-1.39033 	-0.122288 	
1.29	0.321107 	-0.173163 	0.538562 	0.0870689 	-1.38915 	-0.119954 	
1.295	0.321194 	-0.173159 	0.538577 	0.0870689 	-1.38915 	-0.119954 	
1.3	0.321281 	-0.173155 	0.538591 	0.0870689 	-1.38915 	-0.119954 	
1.305	0.3213 	-0.173152 	0.53859 	0.085376 	-1.38796 	-0.117621 	
1.31	0.321387 	-0.173148 	0.538605 	0.085376 	-1.38796 	-0.117621 	
1.315	0.321473 	-0.173144 	0.538619 	0.085376 	-1.38796 	-0.117621 	
1.32	0.321493 	-0.173141 	0.538618 	0.0836848 	-1.38677 	-0.115291 	
1.325	0.321579 	-0.173137 	0.538633 	0.0836848 	-1.38677 	-0.115291 	
1.33	0.321666 	-0.173133 	0.538647 	0.0836848 	-1.38677 	-0.115291 	
1.335	0.321685 	-0.17313 	0.538646 	0.0819959 	-1.38559 	-0.112965 	
1.34	0.321772 	-0.173126 	0.538661 	0.0819959 	-1.38559 	-0.112965 	
1.345	0.321858 	-0.173122 	0.538675 	0.0819959 	-1.38559 	-0.112965 	
1.35	0.321877 	-0.173119 	0.538674 	0.0803099 	-1.38441 	-0.110642 	
1.355	0.321963 	-0.173115 	0.538688 	0.0803099 	-1.38441 	-0.110642 	
1.36	0.32205 	-0.17311 	0.538703 	0.0803099 	-1.38441 	-0.110642 	
1.365	0.322069 	-0.173108 	0.538702 	0.0786274 	-1.38323 	-0.108324 	
1.37	0.322155 	-0.173104 	0.538716 	0.0786274 	-1.38323 	-0.108324 	
1.375	0.322241 	-0.173099 	0.538731 	0.0786274 	-1.38323 	-0.108324 	
1.38	0.32226 	-0.173097 	0.538729 	0.076949 	-1.38205 	-0.106012 	
1.385	0.322346 	-0.173093 	0.538744 	0.076949 	-1.38205 	-0.106012 	
1.39	0.322432 	-0.173088 	0.538758 	0.076949 	-1.38205 	-0.106012 	
1.395	0.322451 	-0.173086 	0.538757 	0.0752753 	-1.38088 	-0.103706 	
1.4	0.322536 	-0.173082 	0.538772 	0.0752753 	-1.38088 	-0.103706 	
1.405	0.322622 	-0.173077 	0.538786 	0.0752753 	-1.38088 	-0.103706 	
1.41	0.322641 	-0.173075 	0.538785 	0.0736069 	-1.37971 	-0.101407 	
1.415	0.322726 	-0.173071 	0.538799 	0.0736069 	-1.37971 	-0.101407 	
1.42	0.322811 	-0.173066 	0.538813 	0.0736069 	-1.37971 	-0.101407 	
1.425	0.32283 	-0.173064 	0.538812 	0.0719444 	-1.37854 	-0.0991169 	
1.43	0.322915 	-0.17306 	0.538827 	0.0719444 	-1.37854 	-0.0991169 	
1.435	0.323 	-0.173055 	0.538841 	0.0719444 	-1.37854 	-0.0991169 	
1.44	0.323019 	-0.173054 	0.53884 	0.0702883 	-1.37738 	-0.0968353 	
1.445	0.323103 	-0.173049 	0.538854 	0.0702883 	-1.37738 	-0.0968353 	
1.45	0.323188 	-0.173044 	0.538868 	0.0702883 	-1.37738 	-0.0968353 	
1.455	0.323206 	-0.173043 	0.538867 	0.0686393 	-1.37622 	-0.0945635 	
1.46	0.323291 	-0.173038 	0.538881 	0.0686393 	-1.37622 	-0.0945635 	
1.465	0.323375 	-0.173034 	0.538895 	0.0686393 	-1.37622 	-0.0945635 	
1.47	0.323393 	-0.173032 	0.538894 	0.0669979 	-1.37507 	-0.0923021 	
1.475	0.323477 	-0.173028 	0.538908 	0.0669979 	-1.37507 	-0.0923021 	
1.48	0.323561 	-0.173023 	0.538922 	0.0669979 	-1.37507 	-0.0923021 	
1.485	0.323579 	-0.173022 	0.538921 	0.0653647 	-1.37393 	-0.0900521 	
1.49	0.323663 	-0.173017 	0.538935 	0.0653647 	-1.37393 	-0.0900521 	
1.495	0.323746 	-0.173012 	0.538949 	0.0653647 	-1.37393 	-0.0900521 	
1.5	0.323764 	-0.173011 	0.538948 	0.0637403 	-1.37279 	-0.0878141 	
1.505	0.323847 	-0.173006 	0.538962 	0.0637403 	-1.37279 	-0.0878141 	
1.51	0.32393 	-0.173001 	0.538976 	0.0637403 	-1.37279 	-0.0878141 	
1.515	0.323948 	-0.173001 	0.538975 	0.0621252 	-1.37166 	-0.085589 	
1.52	0.32403 	-0.172996 	0.538989 	0.0621252 	-1.37166 	-0.085589 	
1.525	0.324113 	-0.172991 	0.539002 	0.0621252 	-1.37166 	-0.085589 	
1.53	0.324131 	-0.17299 	0.539001 	0.06052 	-1.37053 	-0.0833776 	
1.535	0.324213 	-0.172985 	0.539015 	0.06052 	-1.37053 	-0.0833776 	
1.54	0.324294 	-0.17298 	0.539029 	0.06052 	-1.37053 	-0.0833776 	
1.545	0.324312 	-0.17298 	0.539028 	0.0589253 	-1.36941 	-0.0811806 	
1.55	0.324394 	-0.172975 	0.539041 	0.0589253 	-1.36941 	-0.0811806 	
1.555	0.324475 	-0.17297 	0.539055 	0.0589253 	-1.36941 	-0.0811806 	
1.56	0.324493 	-0.17297 	0.539054 	0.0573417 	-1.3683 	-0.0789989 	
1.565	0.324573 	-0.172965 	0.539067 	0.0573417 	-1.3683 	-0.0789989 	
1.57	0.324654 	-0.172959 	0.539081 	0.0573417 	-1.3683 	-0.0789989 	
1.575	0.324671 	-0.172959 	0.53908 	0.0557697 	-1.3672 	-0.0768331 	
1.58	0.324752 	-0.172954 	0.539093 	0.0557697 	-1.3672 	-0.0768331 	
1.585	0.324832 	-0.172949 	0.539106 	0.0557697 	-1.3672 	-0.0768331 	
1.59	0.324849 	-0.172949 	0.539106 	0.0542098 	-1.36611 	-0.0746841 	
1.595	0.324929 	-0.172944 	0.539119 	0.0542098 	-1.36611 	-0.0746841 	
1.6	0.325008 	-0.172939 	0.539132 	0.0542098 	-1.36611 	-0.0746841 	
1.605	0.325025 	-0.172939 	0.539131 	0.0526626 	-1.36502 	-0.0725526 	
1.61	0.325104 	-0.172934 	0.539144 	0.0526626 	-1.36502 	-0.0725526 	
1.615	0.325182 	-0.172929 	0.539157 	0.0526626 	-1.36502 	-0.0725526 	
1.62	0.3252 	-0.172929 	0.539157 	0.0511287 	-1.36395 	-0.0704394 	
1.625	0.325278 	-0.172924 	0.53917 	0.0511287 	-1.36395 	-0.0704394 	
1.63	0.325356 	-0.172919 	0.539182 	0.0511287 	-1.36395 	-0.0704394 	
1.635	0.325433 	-0.172914 	0.539195 	0.0511287 	-1.36395 	-0.0704394 	
1.64	0.325432 	-0.172916 	0.539191 	0.0491571 	-1.36256 	-0.067723 	
1.645	0.325509 	-0.172911 	0.539203 	0.0491571 	-1.36256 	-0.067723 	
1.65	0.325586 	-0.172905 	0.539216 	0.0491571 	-1.36256 	-0.067723 	
1.655	0.325601 	-0.172906 	0.539215 	0.0476095 	-1.36148 	-0.0655909 	
1.66	0.325677 	-0.172901 	0.539228 	0.0476095 	-1.36148 	-0.0655909 	
1.665	0.325753 	-0.172896 	0.53924 	0.0476095 	-1.36148 	-0.0655909 	
1.67	0.325829 	-0.17289 	0.539252 	0.0476095 	-1.36148 	-0.0655909 	
1.675	0.325828 	-0.172893 	0.539248 	0.0456779 	-1.36012 	-0.0629297 	
1.68	0.325903 	-0.172888 	0.539261 	0.0456779 	-1.36012 	-0.0629297 	
1.685	0.325978 	-0.172883 	0.539273 	0.0456779 	-1.36012 	-0.0629297 	
1.69	0.326053 	-0.172877 	0.539285 	0.0456779 	-1.36012 	-0.0629297 	
1.695	0.32605 	-0.172881 	0.539281 	0.0437322 	-1.35876 	-0.0602491 	
1.7	0.326124 	-0.172875 	0.539293 	0.0437322 	-1.35876 	-0.0602491 	
1.705	0.326198 	-0.17287 	0.539305 	0.0437322 	-1.35876 	-0.0602491 	
1.71	0.326271 	-0.172865 	0.539317 	0.0437322 	-1.35876 	-0.0602491 	
1.715	0.326268 	-0.172868 	0.539312 	0.0418113 	-1.35741 	-0.0576027 	
1.72	0.326341 	-0.172863 	0.539324 	0.0418113 	-1.35741 	-0.0576027 	
1.725	0.326414 	-0.172858 	0.539336 	0.0418113 	-1.35741 	-0.0576027 	
1.73	0.326486 	-0.172852 	0.539348 	0.0418113 	-1.35741 	-0.0576027 	
1.735	0.326483 	-0.172856 	0.539344 	0.0399204 	-1.35609 	-0.0549976 	
1.74	0.326555 	-0.172851 	0.539355 	0.0399204 	-1.35609 	-0.0549976 	
1.745	0.326626 	-0.172845 	0.539367 	0.0399204 	-1.35609 	-0.0549976 	
1.75	0.326698 	-0.17284 	0.539378 	0.0399204 	-1.35609 	-0.0549976 	
1.755	0.326694 	-0.172844 	0.539374 	0.0380609 	-1.35478 	-0.0524358 	
1.76	0.326765 	-0.172839 	0.539386 	0.0380609 	-1.35478 	-0.0524358 	
1.765	0.326835 	-0.172833 	0.539397 	0.0380609 	-1.35478 	-0.0524358 	
1.77	0.326905 	-0.172828 	0.539408 	0.0380609 	-1.35478 	-0.0524358 	
1.775	0.326902 	-0.172832 	0.539404 	0.0362341 	-1.3535 	-0.0499191 	
1.78	0.326971 	-0.172827 	0.539416 	0.0362341 	-1.3535 	-0.0499191 	
1.785	0.32704 	-0.172821 	0.539427 	0.0362341 	-1.3535 	-0.0499191 	
1.79	0.327109 	-0.172816 	0.539438 	0.0362341 	-1.3535 	-0.0499191 	
1.795	0.327106 	-0.172821 	0.539434 	0.0344412 	-1.35225 	-0.0474491 	
1.8	0.327174 	-0.172815 	0.539445 	0.0344412 	-1.35225 	-0.0474491 	
1.805	0.327241 	-0.17281 	0.539456 	0.0344412 	-1.35225 	-0.0474491 	
1.81	0.327308 	-0.172805 	0.539467 	0.0344412 	-1.35225 	-0.0474491 	
1.815	0.327305 	-0.172809 	0.539463 	0.0326833 	-1.35101 	-0.0450272 	
1.82	0.327372 	-0.172804 	0.539474 	0.0326833 	-1.35101 	-0.0450272 	
1.825	0.327438 	-0.172799 	0.539484 	0.0326833 	-1.35101 	-0.0450272 	
1.83	0.327504 	-0.172793 	0.539495 	0.0326833 	-1.35101 	-0.0450272 	
1.835	0.327501 	-0.172798 	0.539492 	0.0309615 	-1.34981 	-0.0426551 	
1.84	0.327566 	-0.172793 	0.539502 	0.0309615 	-1.34981 	-0.0426551 	
1.845	0.327631 	-0.172788 	0.539512 	0.0309615 	-1.34981 	-0.0426551 	
1.85	0.327695 	-0.172782 	0.539523 	0.0309615 	-1.34981 	-0.0426551 	
1.855	0.327692 	-0.172787 	0.539519 	0.0292768 	-1.34863 	-0.0403341 	
1.86	0.327756 	-0.172782 	0.53953 	0.0292768 	-1.34863 	-0.0403341 	
1.865	0.327819 	-0.172777 	0.53954 	0.0292768 	-1.34863 	-0.0403341 	
1.87	0.327882 	-0.172771 	0.53955 	0.0292768 	-1.34863 	-0.0403341 	
1.875	0.327879 	-0.172777 	0.539547 	0.0276303 	-1.34747 	-0.0380658 	
1.88	0.327941 	-0.172771 	0.539556 	0.0276303 	-1.34747 	-0.0380658 	
1.885	0.328003 	-0.172766 	0.539566 	0.0276303 	-1.34747 	-0.0380658 	
1.89	0.328065 	-0.172761 	0.539576 	0.0276303 	-1.34747 	-0.0380658 	
1.895	0.328062 	-0.172766 	0.539573 	0.0260231 	-1.34634 	-0.0358516 	
1.9	0.328122 	-0.172761 	0.539583 	0.0260231 	-1.34634 	-0.0358516 	
1.905	0.328183 	-0.172756 	0.539592 	0.0260231 	-1.34634 	-0.0358516 	
1.91	0.328242 	-0.172751 	0.539602 	0.0260231 	-1.34634 	-0.0358516 	
1.915	0.32824 	-0.172756 	0.539599 	0.0244562 	-1.34525 	-0.0336928 	
1.92	0.328299 	-0.172751 	0.539608 	0.0244562 	-1.34525 	-0.0336928 	
1.925	0.328357 	-0.172746 	0.539618 	0.0244562 	-1.34525 	-0.0336928 	
1.93	0.328415 	-0.172741 	0.539627 	0.0244562 	-1.34525 	-0.0336928 	
1.935	0.328413 	-0.172746 	0.539624 	0.0229304 	-1.34418 	-0.0315909 	
1.94	0.32847 	-0.172741 	0.539633 	0.0229304 	-1.34418 	-0.0315909 	
1.945	0.328527 	-0.172736 	0.539642 	0.0229304 	-1.34418 	-0.0315909 	
1.95	0.328584 	-0.172731 	0.539651 	0.0229304 	-1.34418 	-0.0315909 	
1.955	0.32864 	-0.172726 	0.53966 	0.0229304 	-1.34418 	-0.0315909 	
1.96	0.328624 	-0.172734 	0.539655 	0.0211211 	-1.34291 	-0.0290981 	
1.965	0.328679 	-0.172729 	0.539664 	0.0211211 	-1.34291 	-0.0290981 	
1.97	0.328734 	-0.172724 	0.539672 	0.0211211 	-1.34291 	-0.0290981 	
1.975	0.328789 	-0.172719 	0.539681 	0.0211211 	-1.34291 	-0.0290981 	
1.98	0.328843 	-0.172715 	0.53969 	0.0211211 	-1.34291 	-0.0290981 	
1.985	0.328826 	-0.172723 	0.539684 	0.0193437 	-1.34166 	-0.0266494 	
1.99	0.328879 	-0.172718 	0.539693 	0.0193437 	-1.34166 	-0.0266494 	
1.995	0.328932 	-0.172713 	0.539701 	0.0193437 	-1.34166 	-0.0266494 	
2	0.328984 	-0.172708 	0.539709 	0.0193437 	-1.34166 	-0.0266494 	
2.005	0.329036 	-0.172704 	0.539717 	0.0193437 	-1.34166 	-0.0266494 	
2.01	0.32902 	-0.172712 	0.539712 	0.017632 	-1.34046 	-0.0242913 	
2.015	0.329071 	-0.172707 	0.53972 	0.017632 	-1.34046 	-0.0242913 	
2.02	0.329121 	-0.172702 	0.539728 	0.017632 	-1.34046 	-0.0242913 	
2.025	0.329172 	-0.172698 	0.539736 	0.017632 	-1.34046 	-0.0242913 	
2.03	0.329221 	-0.172693 	0.539744 	0.017632 	-1.34046 	-0.0242913 	
2.035	0.329206 	-0.172701 	0.539739 	0.0159911 	-1.33931 	-0.0220306 	
2.04	0.329254 	-0.172697 	0.539747 	0.0159911 	-1.33931 	-0.0220306 	
2.045	0.329303 	-0.172692 	0.539755 	0.0159911 	-1.33931 	-0.0220306 	
2.05	0.329351 	-0.172688 	0.539762 	0.0159911 	-1.33931 	-0.0220306 	
2.055	0.329398 	-0.172683 	0.53977 	0.0159911 	-1.33931 	-0.0220306 	
2.06	0.329383 	-0.172691 	0.539765 	0.0144229 	-1.33821 	-0.0198701 	
2.065	0.32943 	-0.172687 	0.539772 	0.0144229 	-1.33821 	-0.0198701 	
2.07	0.329476 	-0.172682 	0.53978 	0.0144229 	-1.33821 	-0.0198701 	
2.075	0.329521 	-0.172678 	0.539787 	0.0144229 	-1.33821 	-0.0198701 	
2.08	0.329566 	-0.172674 	0.539794 	0.0144229 	-1.33821 	-0.0198701 	
2.085	0.329611 	-0.17267 	0.539801 	0.0144229 	-1.33821 	-0.0198701 	
2.09	0.329586 	-0.172679 	0.539795 	0.0126703 	-1.33698 	-0.0174556 	
2.095	0.32963 	-0.172675 	0.539802 	0.0126703 	-1.33698 	-0.0174556 	
2.1	0.329673 	-0.172671 	0.539808 	0.0126703 	-1.33698 	-0.0174556 	
2.105	0.329716 	-0.172667 	0.539815 	0.0126703 	-1.33698 	-0.0174556 	
2.11	0.329758 	-0.172663 	0.539822 	0.0126703 	-1.33698 	-0.0174556 	
2.115	0.3298 	-0.172659 	0.539828 	0.0126703 	-1.33698 	-0.0174556 	
2.12	0.329775 	-0.172668 	0.539822 	0.0109973 	-1.33581 	-0.0151507 	
2.125	0.329816 	-0.172665 	0.539829 	0.0109973 	-1.33581 	-0.0151507 	
2.13	0.329857 	-0.172661 	0.539835 	0.0109973 	-1.33581 	-0.0151507 	
2.135	0.329897 	-0.172657 	0.539841 	0.0109973 	-1.33581 	-0.0151507 	
2.14	0.329936 	-0.172653 	0.539847 	0.0109973 	-1.33581 	-0.0151507 	
2.145	0.329975 	-0.172649 	0.539854 	0.0109973 	-1.33581 	-0.0151507 	
2.15	0.329952 	-0.172659 	0.539848 	0.00943304 	-1.33471 	-0.0129956 	
2.155	0.32999 	-0.172655 	0.539854 	0.00943304 	-1.33471 	-0.0129956 	
2.16	0.330027 	-0.172651 	0.53986 	0.00943304 	-1.33471 	-0.0129956 	
2.165	0.330064 	-0.172648 	0.539865 	0.00943304 	-1.33471 	-0.0129956 	
2.17	0.330101 	-0.172644 	0.539871 	0.00943304 	-1.33471 	-0.0129956 	
2.175	0.330137 	-0.172641 	0.539877 	0.00943304 	-1.33471 	-0.0129956 	
2.18	0.330172 	-0.172637 	0.539882 	0.00943304 	-1.33471 	-0.0129956 	
2.185	0.330142 	-0.172648 	0.539876 	0.00777741 	-1.33355 	-0.0107147 	
2.19	0.330176 	-0.172644 	0.539881 	0.00777741 	-1.33355 	-0.0107147 	
2.195	0.33021 	-0.172641 	0.539886 	0.00777741 	-1.33355 	-0.0107147 	
2.2	0.330244 	-0.172638 	0.539891 	0.00777741 	-1.33355 	-0.0107147 	
2.205	0.330277 	-0.172634 	0.539897 	0.00777741 	-1.33355 	-0.0107147 	
2.21	0.33031 	-0.172631 	0.539902 	0.00777741 	-1.33355 	-0.0107147 	
2.215	0.330342 	-0.172628 	0.539907 	0.00777741 	-1.33355 	-0.0107147 	
2.22	0.330313 	-0.172638 	0.5399 	0.00625483 	-1.33248 	-0.00861705 	
2.225	0.330344 	-0.172635 	0.539905 	0.00625483 	-1.33248 	-0.00861705 	
2.23	0.330375 	-0.172632 	0.53991 	0.00625483 	-1.33248 	-0.00861705 	
2.235	0.330405 	-0.172629 	0.539915 	0.00625483 	-1.33248 	-0.00861705 	
2.24	0.330434 	-0.172626 	0.539919 	0.00625483 	-1.33248 	-0.00861705 	
2.245	0.330463 	-0.172623 	0.539924 	0.00625483 	-1.33248 	-0.00861705 	
2.25	0.330492 	-0.17262 	0.539928 	0.00625483 	-1.33248 	-0.00861705 	
2.255	0.33052 	-0.172617 	0.539933 	0.00625483 	-1.33248 	-0.00861705 	
2.26	0.330487 	-0.172628 	0.539926 	0.00473024 	-1.33141 	-0.00651664 	
2.265	0.330514 	-0.172625 	0.53993 	0.00473024 	-1.33141 	-0.00651664 	
2.27	0.33054 	-0.172623 	0.539934 	0.00473024 	-1.33141 	-0.00651664 	
2.275	0.330566 	-0.17262 	0.539938 	0.00473024 	-1.33141 	-0.00651664 	
2.28	0.330592 	-0.172618 	0.539942 	0.00473024 	-1.33141 	-0.00651664 	
2.285	0.330616 	-0.172615 	0.539946 	0.00473024 	-1.33141 	-0.00651664 	
2.29	0.330641 	-0.172613 	0.53995 	0.00473024 	-1.33141 	-0.00651664 	
2.295	0.330665 	-0.17261 	0.539953 	0.00473024 	-1.33141 	-0.00651664 	
2.3	0.330688 	-0.172608 	0.539957 	0.00473024 	-1.33141 	-0.00651664 	
2.305	0.330711 	-0.172606 	0.53996 	0.00473024 	-1.33141 	-0.00651664 	
2.31	0.33067 	-0.172618 	0.539952 	0.00313474 	-1.3303 	-0.00431852 	
2.315	0.330692 	-0.172615 	0.539956 	0.00313474 	-1.3303 	-0.00431852 	
2.32	0.330713 	-0.172613 	0.539959 	0.00313474 	-1.3303 	-0.00431852 	
2.325	0.330734 	-0.172611 	0.539962 	0.00313474 	-1.3303 	-0.00431852 	
2.33	0.330754 	-0.172609 	0.539965 	0.00313474 	-1.3303 	-0.00431852 	
2.335	0.330773 	-0.172607 	0.539968 	0.00313474 	-1.3303 	-0.00431852 	
2.34	0.330792 	-0.172605 	0.539971 	0.00313474 	-1.3303 	-0.00431852 	
2.345	0.330811 	-0.172603 	0.539974 	0.00313474 	-1.3303 	-0.00431852 	
2.35	0.330829 	-0.172601 	0.539977 	0.00313474 	-1.3303 	-0.00431852 	
2.355	0.330847 	-0.1726 	0.53998 	0.00313474 	-1.3303 	-0.00431852 	
2.36	0.330864 	-0.172598 	0.539982 	0.00313474 	-1.3303 	-0.00431852 	
2.365	0.33088 	-0.172596 	0.539985 	0.00313474 	-1.3303 	-0.00431852 	
2.37	0.330896 	-0.172595 	0.539987 	0.00313474 	-1.3303 	-0.00431852 	
2.375	0.330849 	-0.172607 	0.539978 	0.00155958 	-1.32919 	-0.00214844 	
2.38	0.330864 	-0.172606 	0.539981 	0.00155958 	-1.32919 	-0.00214844 	
2.385	0.330878 	-0.172604 	0.539983 	0.00155958 	-1.32919 	-0.00214844 	
2.39	0.330892 	-0.172603 	0.539985 	0.00155958 	-1.32919 	-0.00214844 	
2.395	0.330905 	-0.172602 	0.539987 	0.00155958 	-1.32919 	-0.00214844 	
2.4	0.330918 	-0.1726 	0.539989 	0.00155958 	-1.32919 	-0.00214844 	
2.405	0.33093 	-0.172599 	0.539991 	0.00155958 	-1.32919 	-0.00214844 	
2.41	0.330942 	-0.172598 	0.539993 	0.00155958 	-1.32919 	-0.00214844 	
2.415	0.330953 	-0.172597 	0.539994 	0.00155958 	-1.32919 	-0.00214844 	
2.42	0.330963 	-0.172596 	0.539996 	0.00155958 	-1.32919 	-0.00214844 	
2.425	0.330973 	-0.172595 	0.539998 	0.00155958 	-1.32919 	-0.00214844 	
2.43	0.330982 	-0.172594 	0.539999 	0.00155958 	-1.32919 	-0.00214844 	
2.435	0.330992 	-0.172593 	0.54 	0.00155958 	-1.32919 	-0.00214844 	
2.44	0.330999 	-0.172592 	0.540002 	0.00155958 	-1.32919 	-0.00214844 	
2.445	0.331007 	-0.172591 	0.540003 	0.00155958 	-1.32919 	-0.00214844 	
2.45	0.331015 	-0.17259 	0.540004 	0.00155958 	-1.32919 	-0.00214844 	
2.455	0.331021 	-0.17259 	0.540005 	0.00155958 	-1.32919 	-0.00214844 	
2.46	0.331028 	-0.172589 	0.540006 	0.00155958 	-1.32919 	-0.00214844 	
2.465	0.331034 	-0.172588 	0.540007 	0.00155958 	-1.32919 	-0.00214844 	
2.47	0.331039 	-0.172588 	0.540008 	0.00155958 	-1.32919 	-0.00214844 	
2.475	0.331043 	-0.172587 	0.540008 	0.00155958 	-1.32919 	-0.00214844 	
2.48	0.331048 	-0.172587 	0.540009 	0.00155958 	-1.32919 	-0.00214844 	
2.485	0.331051 	-0.172587 	0.54001 	0.00155958 	-1.32919 	-0.00214844 	
2.49	0.331054 	-0.172586 	0.54001 	0.00155958 	-1.32919 	-0.00214844 	
2.495	0.331057 	-0.172586 	0.540011 	0.00155958 	-1.32919 	-0.00214844 	
2.5	0.331059 	-0.172586 	0.540011 	0.00155958 	-1.32919 	-0.00214844 	
2.505	0.33106 	-0.172586 	0.540011 	0.00155958 	-1.32919 	-0.00214844 	
2.51	0.33106 	-0.172586 	0.540011 	0.00155958 	-1.32919 	-0.00214844 	
2.515	0.331061 	-0.172586 	0.540011 	0.00155958 	-1.32919 	-0.00214844 	
2.52	0.331061 	-0.172586 	0.540011 	0.00155958 	-1.32919 	-0.00214844 	
2.525	0.331062 	-0.172586 	0.54001 	0.00155958 	-1.32919 	-0.00214844 	
2.53	0.331063 	-0.172585 	0.540009 	0.00155958 	-1.32919 	-0.00214844 	
2.535	0.331064 	-0.172585 	0.540008 	0.00155958 	-1.32919 	-0.00214844 	
2.54	0.331065 	-0.172585 	0.540006 	0.00155958 	-1.32919 	-0.00214844 	
2.545	0.331067 	-0.172585 	0.540003 	0.00155958 	-1.32919 	-0.00214844 	
2.55	0.331069 	-0.172584 	0.54 	0.00155958 	-1.32919 	-0.00214844 	
2.555	0.331071 	-0.172584 	0.539997 	0.00155958 	-1.32919 	-0.00214844 	
2.56	0.331021 	-0.17259 	0.539984 	0.000455211 	-1.32827 	-0.000217399 	
2.565	0.331024 	-0.172589 	0.53998 	0.000455211 	-1.32827 	-0.0002174 	
2.57	0.331028 	-0.172589 	0.539975 	0.000455212 	-1.32827 	-0.0002174 	
2.575	0.331031 	-0.172588 	0.53997 	0.000455212 	-1.32827 	-0.000217401 	
2.58	0.331035 	-0.172588 	0.539964 	0.000455213 	-1.32827 	-0.000217402 	
2.585	0.331039 	-0.172587 	0.539958 	0.000455214 	-1.32827 	-0.000217403 	
2.59	0.331044 	-0.172586 	0.539951 	0.000455215 	-1.32827 	-0.000217404 	
2.595	0.331049 	-0.172586 	0.539944 	0.000455216 	-1.32827 	-0.000217405 	
2.6	0.331055 	-0.172585 	0.539936 	0.000455217 	-1.32827 	-0.000217406 	
2.605	0.33106 	-0.172584 	0.539929 	0.000455218 	-1.32827 	-0.000217407 	
2.61	0.331066 	-0.172583 	0.53992 	0.00045522 	-1.32827 	-0.000217409 	
2.615	0.331072 	-0.172582 	0.539911 	0.000455221 	-1.32827 	-0.000217411 	
2.62	0.331085 	-0.172552 	0.539904 	0.00165988 	-1.32842 	-2.12341e-05 	
2.625	0.331092 	-0.172551 	0.539894 	0.00165988 	-1.32842 	-2.1236e-05 	
2.63	0.331099 	-0.17255 	0.539884 	0.00165988 	-1.32842 	-2.12381e-05 	
2.635	0.331106 	-0.172548 	0.539873 	0.00165988 	-1.32842 	-2.12403e-05 	
2.64	0.331114 	-0.172547 	0.539862 	0.00165988 	-1.32842 	-2.12428e-05 	
2.645	0.331122 	-0.172546 	0.539851 	0.00165989 	-1.32842 	-2.12455e-05 	
2.65	0.331131 	-0.172545 	0.539839 	0.00165989 	-1.32842 	-2.12484e-05 	
2.655	0.331151 	-0.172512 	0.53983 	0.00303096 	-1.32868 	-1.35757e-06 	
2.66	0.33116 	-0.172511 	0.539817 	0.00303096 	-1.32868 	-1.36091e-06 	
2.665	0.331169 	-0.172509 	0.539803 	0.00303096 	-1.32868 	-1.36448e-06 	
2.67	0.331179 	-0.172508 	0.53979 	0.00303096 	-1.32868 	-1.3683e-06 	
2.675	0.331189 	-0.172506 	0.539775 	0.00303097 	-1.32868 	-1.37236e-06 	
2.68	0.331199 	-0.172505 	0.539761 	0.00303097 	-1.32868 	-1.37668e-06 	
2.685	0.331222 	-0.17247 	0.539749 	0.00451951 	-1.32896 	7.70641e-07 	
2.69	0.331233 	-0.172468 	0.539734 	0.00451952 	-1.32896 	7.65783e-07 	
2.695	0.331244 	-0.172466 	0.539718 	0.00451952 	-1.32896 	7.60648e-07 	
2.7	0.331256 	-0.172464 	0.539701 	0.00451953 	-1.32896 	7.55228e-07 	
2.705	0.331268 	-0.172462 	0.539685 	0.00451953 	-1.32896 	7.49516e-07 	
2.71	0.331292 	-0.172427 	0.539671 	0.00598946 	-1.32924 	9.56175e-07 	
2.715	0.331305 	-0.172425 	0.539653 	0.00598947 	-1.32924 	9.49855e-07 	
2.72	0.331318 	-0.172423 	0.539635 	0.00598948 	-1.32924 	9.43222e-07 	
2.725	0.331331 	-0.172421 	0.539616 	0.00598948 	-1.32924 	9.36271e-07 	
2.73	0.331355 	-0.172389 	0.5396 	0.00731948 	-1.3295 	8.07703e-07 	
2.735	0.331369 	-0.172387 	0.539581 	0.00731949 	-1.3295 	8.0009e-07 	
2.74	0.331383 	-0.172385 	0.539561 	0.0073195 	-1.3295 	7.92138e-07 	
2.745	0.331397 	-0.172383 	0.539541 	0.00731951 	-1.3295 	7.83841e-07 	
2.75	0.331424 	-0.172348 	0.539524 	0.00874598 	-1.32977 	9.00338e-07 	
2.755	0.331439 	-0.172346 	0.539502 	0.00874598 	-1.32977 	8.91327e-07 	
2.76	0.331454 	-0.172344 	0.539481 	0.00874599 	-1.32977 	8.81953e-07 	
2.765	0.331469 	-0.172341 	0.539459 	0.008746 	-1.32977 	8.72209e-07 	
2.77	0.331498 	-0.172304 	0.53944 	0.0102915 	-1.33007 	1.05362e-06 	
2.775	0.331514 	-0.172302 	0.539417 	0.0102915 	-1.33007 	1.04312e-06 	
2.78	0.331531 	-0.172299 	0.539394 	0.0102915 	-1.33007 	1.03222e-06 	
2.785	0.331558 	-0.172268 	0.539374 	0.0115697 	-1.33031 	7.51696e-07 	
2.79	0.331575 	-0.172265 	0.539349 	0.0115697 	-1.33031 	7.40006e-07 	
2.795	0.331592 	-0.172262 	0.539325 	0.0115697 	-1.33031 	7.27913e-07 	
2.8	0.331621 	-0.17223 	0.539303 	0.0128809 	-1.33056 	7.5478e-07 	
2.805	0.331639 	-0.172227 	0.539278 	0.0128809 	-1.33056 	7.41856e-07 	
2.81	0.331657 	-0.172224 	0.539252 	0.0128809 	-1.33056 	7.28514e-07 	
2.815	0.331687 	-0.172191 	0.539229 	0.0142548 	-1.33082 	8.22611e-07 	
2.82	0.331705 	-0.172188 	0.539203 	0.0142548 	-1.33082 	8.08407e-07 	
2.825	0.331724 	-0.172185 	0.539176 	0.0142548 	-1.33082 	7.9377e-07 	
2.83	0.331755 	-0.172149 	0.539152 	0.0156938 	-1.3311 	9.02987e-07 	
2.835	0.331775 	-0.172146 	0.539124 	0.0156938 	-1.3311 	8.87459e-07 	
2.84	0.331795 	-0.172143 	0.539096 	0.0156939 	-1.3311 	8.71485e-07 	
2.845	0.331828 	-0.172106 	0.539071 	0.0171974 	-1.33138 	9.87644e-07 	
2.85	0.331848 	-0.172103 	0.539042 	0.0171974 	-1.33138 	9.70752e-07 	
2.855	0.331869 	-0.1721 	0.539013 	0.0171974 	-1.33138 	9.53399e-07 	
2.86	0.331903 	-0.172061 	0.538987 	0.0187647 	-1.33168 	1.07531e-06 	
2.865	0.331924 	-0.172058 	0.538957 	0.0187648 	-1.33168 	1.05701e-06 	
2.87	0.331946 	-0.172055 	0.538926 	0.0187648 	-1.33168 	1.03824e-06 	
2.875	0.331981 	-0.172015 	0.538899 	0.0203949 	-1.332 	1.16566e-06 	
2.88	0.332003 	-0.172011 	0.538868 	0.020395 	-1.332 	1.14593e-06 	
2.885	0.332025 	-0.172008 	0.538837 	0.020395 	-1.332 	1.12571e-06 	
2.89	0.332062 	-0.171966 	0.538809 	0.0220871 	-1.33232 	1.25852e-06 	
2.895	0.332085 	-0.171963 	0.538776 	0.0220871 	-1.33232 	1.23731e-06 	
2.9	0.332108 	-0.171959 	0.538743 	0.0220871 	-1.33232 	1.21561e-06 	
2.905	0.332146 	-0.171916 	0.538714 	0.0238403 	-1.33265 	1.3537e-06 	
2.91	0.33217 	-0.171912 	0.538681 	0.0238403 	-1.33265 	1.33099e-06 	
2.915	0.332204 	-0.17188 	0.53865 	0.0251022 	-1.33289 	7.43676e-07 	
2.92	0.332228 	-0.171876 	0.538616 	0.0251023 	-1.33289 	7.19956e-07 	
2.925	0.332253 	-0.171872 	0.538581 	0.0251023 	-1.33289 	6.9573e-07 	
2.93	0.332292 	-0.171828 	0.538551 	0.0269012 	-1.33324 	1.36783e-06 	
2.935	0.332317 	-0.171824 	0.538515 	0.0269012 	-1.33324 	1.34256e-06 	
2.94	0.332353 	-0.17179 	0.538483 	0.0282265 	-1.33349 	8.09371e-07 	
2.945	0.332379 	-0.171786 	0.538447 	0.0282265 	-1.33349 	7.83071e-07 	
2.95	0.332415 	-0.171753 	0.538413 	0.0295268 	-1.33374 	7.25343e-07 	
2.955	0.332442 	-0.171749 	0.538376 	0.0295268 	-1.33374 	6.97997e-07 	
2.96	0.332478 	-0.171715 	0.538343 	0.0308473 	-1.33399 	7.37589e-07 	
2.965	0.332505 	-0.171711 	0.538305 	0.0308473 	-1.33399 	7.0919e-07 	
2.97	0.332543 	-0.171677 	0.53827 	0.0321922 	-1.33425 	7.64527e-07 	
2.975	0.33257 	-0.171673 	0.538232 	0.0321922 	-1.33425 	7.35068e-07 	
2.98	0.332608 	-0.171638 	0.538197 	0.0335616 	-1.33451 	7.93634e-07 	
2.985	0.332636 	-0.171633 	0.538158 	0.0335616 	-1.33451 	7.63112e-07 	
2.99	0.332675 	-0.171598 	0.538122 	0.0349553 	-1.33478 	8.23195e-07 	
2.995	0.332703 	-0.171593 	0.538083 	0.0349554 	-1.33478 	7.91605e-07 	
3	0.332743 	-0.171557 	0.538046 	0.0363729 	-1.33505 	8.5297e-07 	
3.005	0.332772 	-0.171553 	0.538006 	0.036373 	-1.33505 	8.20309e-07 	
3.01	0.332812 	-0.171516 	0.537969 	0.0378141 	-1.33532 	8.82905e-07 	
3.015	0.332841 	-0.171511 	0.537928 	0.0378141 	-1.33532 	8.49172e-07 	
3.02	0.332882 	-0.171474 	0.537891 	0.0392785 	-1.3356 	9.12972e-07 	
3.025	0.332911 	-0.171469 	0.537849 	0.0392785 	-1.3356 	8.78166e-07 	
3.03	0.332953 	-0.171431 	0.537811 	0.0407657 	-1.33589 	9.43143e-07 	
3.035	0.332983 	-0.171426 	0.537769 	0.0407657 	-1.33589 	9.07265e-07 	
3.04	0.333025 	-0.171388 	0.53773 	0.0422754 	-1.33617 	9.73392e-07 	
3.045	0.333056 	-0.171383 	0.537687 	0.0422754 	-1.33617 	9.36443e-07 	
3.05	0.333098 	-0.171344 	0.537648 	0.0438071 	-1.33647 	1.00369e-06 	
3.055	0.333129 	-0.171339 	0.537605 	0.0438072 	-1.33647 	9.65673e-07 	
3.06	0.333172 	-0.171299 	0.537565 	0.0453606 	-1.33676 	1.03401e-06 	
3.065	0.333204 	-0.171295 	0.537521 	0.0453606 	-1.33676 	9.94931e-07 	
3.07	0.333248 	-0.171254 	0.537481 	0.0469354 	-1.33706 	1.06433e-06 	
3.075	0.33328 	-0.171249 	0.537436 	0.0469354 	-1.33706 	1.02419e-06 	
3.08	0.333324 	-0.171209 	0.537395 	0.0485311 	-1.33737 	1.09462e-06 	
3.085	0.333357 	-0.171204 	0.53735 	0.0485311 	-1.33737 	1.05342e-06 	
3.09	0.333401 	-0.171162 	0.537309 	0.0501473 	-1.33768 	1.12485e-06 	
3.095	0.333434 	-0.171157 	0.537263 	0.0501473 	-1.33768 	1.0826e-06 	
3.1	0.33348 	-0.171115 	0.537221 	0.0517837 	-1.33799 	1.15499e-06 	
3.105	0.333513 	-0.17111 	0.537175 	0.0517837 	-1.33799 	1.1117e-06 	
3.11	0.333559 	-0.171068 	0.537132 	0.0534397 	-1.33831 	1.18501e-06 	
3.115	0.333592 	-0.171063 	0.537085 	0.0534398 	-1.33831 	1.14069e-06 	
3.12	0.333639 	-0.17102 	0.537043 	0.0551151 	-1.33863 	1.2149e-06 	
3.125	0.333673 	-0.171015 	0.536995 	0.0551151 	-1.33863 	1.16955e-06 	
3.13	0.33372 	-0.170971 	0.536952 	0.0568094 	-1.33895 	1.24461e-06 	
3.135	0.333754 	-0.170966 	0.536904 	0.0568094 	-1.33895 	1.19826e-06 	
3.14	0.333802 	-0.170922 	0.53686 	0.0585221 	-1.33928 	1.27413e-06 	
3.145	0.333837 	-0.170917 	0.536812 	0.0585221 	-1.33928 	1.22677e-06 	
3.15	0.333884 	-0.170873 	0.536768 	0.0602529 	-1.33961 	1.30342e-06 	
3.155	0.33392 	-0.170867 	0.536719 	0.0602529 	-1.33961 	1.25508e-06 	
3.16	0.333968 	-0.170823 	0.536674 	0.0620012 	-1.33994 	1.33246e-06 	
3.165	0.334004 	-0.170817 	0.536624 	0.0620013 	-1.33994 	1.28314e-06 	
3.17	0.334052 	-0.170772 	0.536579 	0.0637668 	-1.34028 	1.36122e-06 	
3.175	0.334088 	-0.170766 	0.536529 	0.0637668 	-1.34028 	1.31094e-06 	
3.18	0.334137 	-0.170721 	0.536484 	0.0655491 	-1.34062 	1.38967e-06 	
3.185	0.334174 	-0.170715 	0.536434 	0.0655491 	-1.34062 	1.33845e-06 	
3.19	0.334223 	-0.170669 	0.536388 	0.0673476 	-1.34096 	1.41779e-06 	
3.195	0.33426 	-0.170664 	0.536337 	0.0673477 	-1.34096 	1.36564e-06 	
3.2	0.33431 	-0.170617 	0.536291 	0.069162 	-1.34131 	1.44555e-06 	
3.205	0.334347 	-0.170612 	0.536239 	0.0691621 	-1.34131 	1.39248e-06 	
3.21	0.334398 	-0.170565 	0.536193 	0.0709918 	-1.34166 	1.47292e-06 	
3.215	0.334435 	-0.170559 	0.536141 	0.0709919 	-1.34166 	1.41896e-06 	
3.22	0.334486 	-0.170512 	0.536094 	0.0728365 	-1.34201 	1.49988e-06 	
3.225	0.334524 	-0.170506 	0.536042 	0.0728366 	-1.34201 	1.44504e-06 	
3.23	0.334575 	-0.170459 	0.535994 	0.0746957 	-1.34237 	1.52639e-06 	
3.235	0.334613 	-0.170453 	0.535942 	0.0746958 	-1.34237 	1.4707e-06 	
3.24	0.334664 	-0.170405 	0.535894 	0.0765689 	-1.34272 	1.55244e-06 	
3.245	0.334703 	-0.170399 	0.535841 	0.076569 	-1.34272 	1.49592e-06 	
3.25	0.334754 	-0.170351 	0.535793 	0.0784557 	-1.34308 	1.578e-06 	
3.255	0.334793 	-0.170345 	0.53574 	0.0784557 	-1.34308 	1.52066e-06 	
3.26	0.334845 	-0.170297 	0.535691 	0.0803555 	-1.34345 	1.60304e-06 	
3.265	0.334884 	-0.170291 	0.535638 	0.0803555 	-1.34345 	1.54491e-06 	
3.27	0.334936 	-0.170242 	0.535589 	0.0822679 	-1.34381 	1.62753e-06 	
3.275	0.334976 	-0.170236 	0.535535 	0.0822679 	-1.34381 	1.56864e-06 	
3.28	0.335028 	-0.170187 	0.535486 	0.0841924 	-1.34418 	1.65146e-06 	
3.285	0.335068 	-0.170181 	0.535432 	0.0841925 	-1.34418 	1.59182e-06 	
3.29	0.335121 	-0.170131 	0.535383 	0.0861286 	-1.34455 	1.6748e-06 	
3.295	0.335161 	-0.170125 	0.535328 	0.0861286 	-1.34455 	1.61444e-06 	
3.3	0.335214 	-0.170075 	0.535278 	0.0880759 	-1.34492 	1.69752e-06 	
3.305	0.335254 	-0.170069 	0.535223 	0.088076 	-1.34492 	1.63647e-06 	
3.31	0.335307 	-0.170019 	0.535174 	0.0900339 	-1.3453 	1.71961e-06 	
3.315	0.335348 	-0.170013 	0.535118 	0.090034 	-1.3453 	1.65789e-06 	
3.32	0.335401 	-0.169963 	0.535068 	0.0920021 	-1.34567 	1.74103e-06 	
3.325	0.335442 	-0.169957 	0.535013 	0.0920021 	-1.34567 	1.67867e-06 	
3.33	0.335496 	-0.169906 	0.534962 	0.09398 	-1.34605 	1.76177e-06 	
3.335	0.335537 	-0.1699 	0.534906 	0.09398 	-1.34605 	1.69879e-06 	
3.34	0.335591 	-0.169849 	0.534856 	0.095967 	-1.34643 	1.78181e-06 	
3.345	0.335632 	-0.169843 	0.5348 	0.0959671 	-1.34643 	1.71824e-06 	
3.35	0.335686 	-0.169792 	0.534749 	0.0979628 	-1.34681 	1.80111e-06 	
3.355	0.335728 	-0.169786 	0.534693 	0.0979629 	-1.34681 	1.73699e-06 	
3.36	0.335782 	-0.169735 	0.534642 	0.0999668 	-1.34719 	1.81968e-06 	
3.365	0.335824 	-0.169728 	0.534585 	0.0999669 	-1.34719 	1.75502e-06 	
3.37	0.335878 	-0.169677 	0.534534 	0.101979 	-1.34758 	1.83747e-06 	
3.375	0.33592 	-0.169671 	0.534478 	0.101979 	-1.34758 	1.77232e-06 	
3.38	0.335974 	-0.169619 	0.534426 	0.103997 	-1.34796 	1.85448e-06 	
3.385	0.336017 	-0.169613 	0.534369 	0.103997 	-1.34796 	1.78886e-06 	
3.39	0.336071 	-0.169561 	0.534318 	0.106023 	-1.34835 	1.87068e-06 	
3.395	0.336113 	-0.169555 	0.534261 	0.106023 	-1.34835 	1.80462e-06 	
3.4	0.336168 	-0.169503 	0.534209 	0.108055 	-1.34874 	1.88606e-06 	
3.405	0.336211 	-0.169496 	0.534152 	0.108055 	-1.34874 	1.81959e-06 	
3.41	0.336266 	-0.169445 	0.5341 	0.110092 	-1.34913 	1.9006e-06 	
3.415	0.336308 	-0.169438 	0.534043 	0.110092 	-1.34913 	1.83375e-06 	
3.42	0.336363 	-0.169386 	0.533991 	0.112135 	-1.34952 	1.91428e-06 	
3.425	0.336406 	-0.169379 	0.533933 	0.112135 	-1.34952 	1.84709e-06 	
3.43	0.336461 	-0.169327 	0.533882 	0.114182 	-1.34991 	1.92709e-06 	
3.435	0.336504 	-0.169321 	0.533824 	0.114183 	-1.34991 	1.85958e-06 	
3.44	0.336559 	-0.169269 	0.533772 	0.116234 	-1.3503 	1.93901e-06 	
3.445	0.336602 	-0.169262 	0.533714 	0.116234 	-1.3503 	1.87122e-06 	
3.45	0.336657 	-0.16921 	0.533662 	0.118289 	-1.35069 	1.95002e-06 	
3.455	0.3367 	-0.169203 	0.533604 	0.118289 	-1.35069 	1.88199e-06 	
3.46	0.336755 	-0.169151 	0.533552 	0.120348 	-1.35108 	1.96013e-06 	
3.465	0.336799 	-0.169144 	0.533494 	0.120348 	-1.35108 	1.89187e-06 	
3.47	0.336854 	-0.169092 	0.533442 	0.122408 	-1.35148 	1.9693e-06 	
3.475	0.336897 	-0.169085 	0.533383 	0.122409 	-1.35148 	1.90086e-06 	
3.48	0.336952 	-0.169033 	0.533331 	0.124472 	-1.35187 	1.97753e-06 	
3.485	0.336996 	-0.169026 	0.533273 	0.124472 	-1.35187 	1.90895e-06 	
3.49	0.337051 	-0.168974 	0.533221 	0.126536 	-1.35227 	1.98481e-06 	
3.495	0.337094 	-0.168967 	0.533162 	0.126536 	-1.35227 	1.91611e-06 	
3.5	0.33715 	-0.168914 	0.53311 	0.128602 	-1.35266 	1.99113e-06 	
3.505	0.337193 	-0.168908 	0.533052 	0.128602 	-1.35266 	1.92235e-06 	
3.51	0.337248 	-0.168855 	0.533 	0.130668 	-1.35306 	1.99647e-06 	
3.515	0.337292 	-0.168848 	0.532941 	0.130668 	-1.35306 	1.92764e-06 	
3.52	0.337347 	-0.168796 	0.532889 	0.132735 	-1.35345 	2.00084e-06 	
3.525	0.337391 	-0.168789 	0.532831 	0.132735 	-1.35345 	1.932e-06 	
3.53	0.337446 	-0.168737 	0.532779 	0.134801 	-1.35385 	2.00422e-06 	
3.535	0.337489 	-0.16873 	0.53272 	0.134801 	-1.35385 	1.9354e-06 	
3.54	0.337544 	-0.168678 	0.532668 	0.136866 	-1.35424 	2.00661e-06 	
3.545	0.337588 	-0.168671 	0.53261 	0.136866 	-1.35424 	1.93784e-06 	
3.55	0.337643 	-0.168618 	0.532558 	0.138929 	-1.35463 	2.008e-06 	
3.555	0.337686 	-0.168612 	0.5325 	0.138929 	-1.35463 	1.93931e-06 	
3.56	0.337741 	-0.168559 	0.532448 	0.140991 	-1.35503 	2.00838e-06 	
3.565	0.337785 	-0.168553 	0.53239 	0.140991 	-1.35503 	1.93982e-06 	
3.57	0.337839 	-0.1685 	0.532338 	0.14305 	-1.35542 	2.00776e-06 	
3.575	0.337883 	-0.168494 	0.53228 	0.14305 	-1.35542 	1.93936e-06 	
3.58	0.337938 	-0.168442 	0.532228 	0.145106 	-1.35581 	2.00613e-06 	
3.585	0.337981 	-0.168435 	0.53217 	0.145106 	-1.35581 	1.93791e-06 	
3.59	0.338036 	-0.168383 	0.532118 	0.147158 	-1.35621 	2.00349e-06 	
3.595	0.338079 	-0.168376 	0.53206 	0.147158 	-1.35621 	1.9355e-06 	
3.6	0.338133 	-0.168324 	0.532009 	0.149206 	-1.3566 	1.99984e-06 	
3.605	0.338177 	-0.168317 	0.531951 	0.149206 	-1.3566 	1.9321e-06 	
3.61	0.338231 	-0.168266 	0.531899 	0.15125 	-1.35699 	1.99518e-06 	
3.615	0.338274 	-0.168259 	0.531842 	0.15125 	-1.35699 	1.92773e-06 	
3.62	0.338328 	-0.168207 	0.53179 	0.153289 	-1.35738 	1.98951e-06 	
3.625	0.338372 	-0.1682 	0.531733 	0.153289 	-1.35738 	1.92238e-06 	
3.63	0.338425 	-0.168149 	0.531682 	0.155322 	-1.35776 	1.98283e-06 	
3.635	0.338469 	-0.168142 	0.531624 	0.155322 	-1.35776 	1.91606e-06 	
3.64	0.338522 	-0.168091 	0.531573 	0.157349 	-1.35815 	1.97515e-06 	
3.645	0.338565 	-0.168084 	0.531516 	0.157349 	-1.35815 	1.90877e-06 	
3.65	0.338619 	-0.168033 	0.531465 	0.15937 	-1.35854 	1.96648e-06 	
3.655	0.338662 	-0.168026 	0.531408 	0.15937 	-1.35854 	1.90051e-06 	
3.66	0.338715 	-0.167975 	0.531358 	0.161383 	-1.35892 	1.95681e-06 	
3.665	0.338758 	-0.167968 	0.531301 	0.161383 	-1.35892 	1.89129e-06 	
3.67	0.33881 	-0.167918 	0.53125 	0.163389 	-1.35931 	1.94616e-06 	
3.675	0.338853 	-0.167911 	0.531194 	0.163389 	-1.35931 	1.88112e-06 	
3.68	0.338906 	-0.167861 	0.531144 	0.165386 	-1.35969 	1.93453e-06 	
3.685	0.338948 	-0.167854 	0.531087 	0.165387 	-1.35969 	1.87e-06 	
3.69	0.339001 	-0.167804 	0.531037 	0.167376 	-1.36007 	1.92193e-06 	
3.695	0.339043 	-0.167797 	0.530981 	0.167376 	-1.36007 	1.85795e-06 	
3.7	0.339095 	-0.167747 	0.530932 	0.169356 	-1.36044 	1.90838e-06 	
3.705	0.339138 	-0.16774 	0.530876 	0.169356 	-1.36044 	1.84497e-06 	
3.71	0.339189 	-0.16769 	0.530826 	0.171326 	-1.36082 	1.89388e-06 	
3.715	0.339231 	-0.167684 	0.530771 	0.171326 	-1.36082 	1.83107e-06 	
3.72	0.339283 	-0.167634 	0.530721 	0.173286 	-1.3612 	1.87845e-06 	
3.725	0.339325 	-0.167628 	0.530666 	0.173286 	-1.3612 	1.81627e-06 	
3.73	0.339376 	-0.167578 	0.530617 	0.175236 	-1.36157 	1.86209e-06 	
3.735	0.339418 	-0.167572 	0.530562 	0.175236 	-1.36157 	1.80057e-06 	
3.74	0.339468 	-0.167523 	0.530514 	0.177175 	-1.36194 	1.84483e-06 	
3.745	0.33951 	-0.167516 	0.530459 	0.177175 	-1.36194 	1.78399e-06 	
3.75	0.33956 	-0.167468 	0.530411 	0.179102 	-1.36231 	1.82668e-06 	
3.755	0.328835 	-0.173425 	0.584754 	0.179197 	-1.36245 	-3.9867e-05 	
3.76	0.328826 	-0.173413 	0.584758 	0.1793 	-1.36262 	-8.87822e-05 	
3.765	0.328816 	-0.173401 	0.584755 	0.179398 	-1.36277 	-0.000134473 	
3.77	0.328804 	-0.17339 	0.584746 	0.179491 	-1.36291 	-0.000178003 	
3.775	0.328791 	-0.17338 	0.584732 	0.17958 	-1.36302 	-0.000218975 	
3.78	0.328776 	-0.173371 	0.584712 	0.179665 	-1.36312 	-0.000257644 	
3.785	0.32876 	-0.173361 	0.584688 	0.179747 	-1.3632 	-0.000292198 	
3.79	0.328743 	-0.173352 	0.584659 	0.179825 	-1.36327 	-0.000323146 	
3.795	0.328726 	-0.173342 	0.584626 	0.1799 	-1.36332 	-0.000350475 	
3.8	0.328707 	-0.173333 	0.58459 	0.179972 	-1.36337 	-0.000374678 	
3.805	0.328687 	-0.173323 	0.58455 	0.180041 	-1.3634 	-0.000395712 	
3.81	0.328666 	-0.173314 	0.584507 	0.180108 	-1.36342 	-0.000414051 	
3.815	0.328645 	-0.173304 	0.584461 	0.180172 	-1.36344 	-0.00042962 	
3.82	0.328623 	-0.173294 	0.584413 	0.180235 	-1.36344 	-0.000442878 	
3.825	0.328601 	-0.173285 	0.584362 	0.180296 	-1.36344 	-0.000453719 	
3.83	0.328578 	-0.173275 	0.584309 	0.180354 	-1.36343 	-0.000462586 	
3.835	0.328555 	-0.173265 	0.584254 	0.180412 	-1.36341 	-0.000469417 	
3.84	0.328531 	-0.173255 	0.584198 	0.180468 	-1.36339 	-0.000474753 	
3.845	0.328507 	-0.173245 	0.58414 	0.180523 	-1.36337 	-0.000478171 	
3.85	0.328482 	-0.173235 	0.58408 	0.180576 	-1.36333 	-0.000480532 	
3.855	0.328457 	-0.173225 	0.584019 	0.180629 	-1.3633 	-0.000483006 	
3.86	0.328432 	-0.173216 	0.583956 	0.180681 	-1.36325 	-0.000487471 	
3.865	0.328405 	-0.173209 	0.58389 	0.18073 	-1.3632 	-0.000491644 	
3.87	0.328379 	-0.1732 	0.583824 	0.18078 	-1.36315 	-0.000493887 	
3.875	0.328352 	-0.173192 	0.583756 	0.180828 	-1.36309 	-0.000495189 	
3.88	0.328325 	-0.173184 	0.583686 	0.180874 	-1.36303 	-0.000495663 	
3.885	0.328297 	-0.173176 	0.583614 	0.18092 	-1.36296 	-0.000495382 	
3.89	0.328268 	-0.173168 	0.583541 	0.180964 	-1.36288 	-0.000494416 	
3.895	0.328239 	-0.17316 	0.583466 	0.181007 	-1.3628 	-0.000492831 	
3.9	0.32821 	-0.173153 	0.583389 	0.181049 	-1.36271 	-0.000490685 	
3.905	0.32818 	-0.173146 	0.583312 	0.18109 	-1.36262 	-0.000488035 	
3.91	0.32815 	-0.173139 	0.583233 	0.181131 	-1.36253 	-0.000484931 	
3.915	0.328119 	-0.173132 	0.583153 	0.181171 	-1.36243 	-0.000481047 	
3.92	0.328089 	-0.173124 	0.583075 	0.181212 	-1.36234 	-0.000475696 	
3.925	0.328059 	-0.173115 	0.582997 	0.181253 	-1.36225 	-0.000469751 	
3.93	0.32803 	-0.173107 	0.58292 	0.181295 	-1.36216 	-0.000462514 	
3.935	0.328 	-0.173098 	0.582841 	0.181336 	-1.36207 	-0.000455227 	
3.94	0.32797 	-0.173089 	0.582763 	0.181377 	-1.36198 	-0.00044852 	
3.945	0.327942 	-0.173081 	0.582685 	0.181419 	-1.36189 	-0.000443554 	
3.95	0.327912 	-0.173073 	0.582606 	0.181461 	-1.36179 	-0.0004388 	
3.955	0.327883 	-0.173066 	0.582526 	0.181502 	-1.3617 	-0.000434995 	
3.96	0.327853 	-0.173059 	0.582445 	0.181542 	-1.3616 	-0.000431301 	
3.965	0.327823 	-0.173052 	0.582364 	0.181583 	-1.36149 	-0.000428437 	
3.97	0.327792 	-0.173045 	0.582282 	0.181623 	-1.36139 	-0.000425637 	
3.975	0.327764 	-0.17304 	0.582206 	0.181669 	-1.36131 	-0.000435807 	
3.98	0.327741 	-0.173041 	0.58215 	0.181734 	-1.36128 	-0.00048179 	
3.985	0.32772 	-0.173041 	0.582098 	0.181803 	-1.36128 	-0.000533504 	
3.99	0.327704 	-0.173044 	0.582063 	0.181887 	-1.36132 	-0.000605392 	
3.995	0.327688 	-0.173047 	0.582028 	0.181971 	-1.36137 	-0.000679795 	
4	0.327675 	-0.173052 	0.582003 	0.182066 	-1.36145 	-0.000774032 	
4.005	0.327661 	-0.173058 	0.581979 	0.182161 	-1.36153 	-0.000867399 	
4.01	0.327651 	-0.173063 	0.581965 	0.182264 	-1.36164 	-0.000970967 	
4.015	0.32764 	-0.173069 	0.581949 	0.182367 	-1.36175 	-0.0010751 	
4.02	0.327631 	-0.173078 	0.581939 	0.182477 	-1.36188 	-0.0011954 	
4.025	0.327621 	-0.173087 	0.581928 	0.182584 	-1.362 	-0.00131386 	
4.03	0.327612 	-0.173099 	0.581922 	0.182698 	-1.36214 	-0.00144588 	
4.035	0.327603 	-0.17311 	0.581914 	0.182812 	-1.36228 	-0.00157796 	
4.04	0.327594 	-0.173123 	0.581909 	0.182928 	-1.36242 	-0.00171682 	
4.045	0.327585 	-0.173136 	0.581902 	0.183043 	-1.36256 	-0.00185465 	
4.05	0.327576 	-0.17315 	0.581898 	0.183161 	-1.3627 	-0.00199859 	
4.055	0.327567 	-0.173164 	0.581892 	0.183277 	-1.36284 	-0.00214096 	
4.06	0.327558 	-0.173178 	0.581887 	0.183396 	-1.36299 	-0.00228879 	
4.065	0.327548 	-0.173193 	0.581881 	0.183513 	-1.36313 	-0.00243468 	
4.07	0.327539 	-0.173209 	0.581877 	0.183633 	-1.36328 	-0.00258575 	
4.075	0.327529 	-0.173224 	0.581872 	0.183752 	-1.36342 	-0.00273442 	
4.08	0.32752 	-0.17324 	0.581868 	0.183872 	-1.36356 	-0.0028877 	
4.085	0.32751 	-0.173256 	0.581862 	0.183991 	-1.36371 	-0.00303848 	
4.09	0.327501 	-0.173272 	0.581858 	0.184113 	-1.36385 	-0.00319415 	
4.095	0.327491 	-0.173288 	0.581853 	0.184233 	-1.36399 	-0.00334697 	
4.1	0.327482 	-0.173305 	0.581849 	0.184355 	-1.36414 	-0.00350413 	
4.105	0.327472 	-0.173322 	0.581843 	0.184475 	-1.36428 	-0.00365822 	
4.11	0.327463 	-0.173339 	0.581839 	0.184598 	-1.36443 	-0.00381691 	
4.115	0.327453 	-0.173355 	0.581834 	0.184719 	-1.36457 	-0.00397239 	
4.12	0.327443 	-0.173373 	0.58183 	0.184843 	-1.36472 	-0.00413247 	
4.125	0.327433 	-0.173389 	0.581825 	0.184964 	-1.36486 	-0.0042892 	
4.13	0.327424 	-0.173407 	0.581821 	0.185089 	-1.36501 	-0.00445052 	
4.135	0.327414 	-0.173424 	0.581816 	0.185211 	-1.36515 	-0.00460807 	
4.14	0.327404 	-0.173441 	0.581812 	0.185335 	-1.3653 	-0.00476996 	
4.145	0.327394 	-0.173458 	0.581805 	0.185456 	-1.36544 	-0.0049252 	
4.15	0.327382 	-0.173473 	0.581792 	0.185572 	-1.36556 	-0.00506903 	
4.155	0.32737 	-0.173486 	0.581775 	0.185682 	-1.36566 	-0.00520223 	
4.16	0.327356 	-0.173498 	0.581752 	0.185788 	-1.36575 	-0.00532568 	
4.165	0.327341 	-0.173508 	0.581726 	0.185889 	-1.36582 	-0.0054401 	
4.17	0.327325 	-0.173517 	0.581695 	0.185986 	-1.36588 	-0.00554628 	
4.175	0.327308 	-0.173524 	0.581661 	0.186079 	-1.36593 	-0.00564448 	
4.18	0.32729 	-0.173531 	0.581622 	0.186168 	-1.36597 	-0.00573465 	
4.185	0.327271 	-0.173537 	0.58158 	0.186252 	-1.36599 	-0.00581779 	
4.19	0.327251 	-0.173541 	0.581533 	0.186333 	-1.366 	-0.0058944 	
4.195	0.327229 	-0.173545 	0.581483 	0.186411 	-1.366 	-0.005965 	
4.2	0.327206 	-0.173549 	0.58143 	0.186485 	-1.36598 	-0.00603005 	
4.205	0.327183 	-0.173551 	0.581374 	0.186557 	-1.36596 	-0.00608996 	
4.21	0.327158 	-0.173554 	0.581315 	0.186626 	-1.36593 	-0.00614511 	
4.215	0.327135 	-0.173554 	0.58126 	0.186697 	-1.36591 	-0.00619913 	
4.22	0.327119 	-0.173552 	0.581221 	0.186782 	-1.36595 	-0.00625864 	
4.225	0.327103 	-0.173549 	0.581184 	0.186868 	-1.36599 	-0.00631659 	
4.23	0.327092 	-0.173543 	0.581161 	0.186965 	-1.36607 	-0.00637946 	
4.235	0.327081 	-0.173538 	0.581139 	0.187062 	-1.36616 	-0.00644305 	
4.24	0.327073 	-0.173533 	0.581127 	0.18717 	-1.36628 	-0.00651829 	
4.245	0.327066 	-0.173528 	0.581115 	0.187277 	-1.3664 	-0.00659559 	
4.25	0.32706 	-0.173526 	0.581111 	0.187394 	-1.36654 	-0.00669032 	
4.255	0.327053 	-0.173525 	0.581105 	0.187509 	-1.36668 	-0.00678494 	
4.26	0.327049 	-0.173525 	0.581106 	0.187631 	-1.36684 	-0.00689364 	
4.265	0.327043 	-0.173526 	0.581104 	0.187752 	-1.36699 	-0.00700079 	
4.27	0.327039 	-0.173528 	0.581109 	0.187879 	-1.36717 	-0.00711959 	
4.275	0.327034 	-0.173531 	0.58111 	0.188004 	-1.36733 	-0.00723592 	
4.28	0.32703 	-0.173534 	0.581117 	0.188134 	-1.36751 	-0.00736242 	
4.285	0.327025 	-0.173538 	0.58112 	0.188262 	-1.36768 	-0.0074858 	
4.29	0.327021 	-0.173543 	0.581128 	0.188395 	-1.36787 	-0.00761773 	
4.295	0.327017 	-0.173547 	0.581133 	0.188525 	-1.36804 	-0.00774601 	
4.3	0.327013 	-0.173552 	0.581142 	0.188659 	-1.36823 	-0.00788138 	
4.305	0.327008 	-0.173557 	0.581148 	0.18879 	-1.3684 	-0.00800963 	
4.31	0.327005 	-0.173559 	0.581157 	0.188924 	-1.36859 	-0.00813583 	
4.315	0.327001 	-0.17356 	0.581163 	0.189054 	-1.36877 	-0.00825517 	
4.32	0.326998 	-0.17356 	0.581172 	0.189186 	-1.36896 	-0.0083721 	
4.325	0.326994 	-0.173559 	0.581178 	0.189316 	-1.36913 	-0.00848288 	
4.33	0.326991 	-0.173557 	0.581187 	0.189448 	-1.36932 	-0.00859208 	
4.335	0.326987 	-0.173553 	0.581193 	0.189576 	-1.3695 	-0.00869554 	
4.34	0.326985 	-0.173549 	0.581201 	0.189707 	-1.36968 	-0.0087975 	
4.345	0.326981 	-0.173544 	0.581206 	0.189834 	-1.36986 	-0.00889431 	
4.35	0.326979 	-0.173538 	0.581214 	0.189963 	-1.37004 	-0.00899035 	
4.355	0.326975 	-0.173531 	0.581218 	0.19009 	-1.37021 	-0.0090817 	
4.36	0.326973 	-0.173524 	0.581226 	0.19022 	-1.3704 	-0.00917516 	
4.365	0.326969 	-0.173519 	0.581232 	0.190349 	-1.37057 	-0.00927437 	
4.37	0.326965 	-0.173517 	0.581238 	0.19048 	-1.37075 	-0.00938303 	
4.375	0.326961 	-0.173517 	0.581242 	0.190609 	-1.37092 	-0.00949569 	
4.38	0.326956 	-0.173518 	0.581247 	0.190741 	-1.37109 	-0.00961629 	
4.385	0.32695 	-0.17352 	0.58125 	0.190873 	-1.37126 	-0.00973817 	
4.39	0.326945 	-0.173523 	0.581254 	0.191006 	-1.37143 	-0.00986694 	
4.395	0.326939 	-0.173527 	0.581258 	0.191139 	-1.3716 	-0.00999595 	
4.4	0.326934 	-0.173532 	0.581262 	0.191274 	-1.37178 	-0.010131 	
4.405	0.326928 	-0.173537 	0.581266 	0.191408 	-1.37195 	-0.0102657 	
4.41	0.326922 	-0.173544 	0.58127 	0.191544 	-1.37212 	-0.0104067 	
4.415	0.326915 	-0.173551 	0.581272 	0.191679 	-1.37229 	-0.0105473 	
4.42	0.326909 	-0.173559 	0.581276 	0.191816 	-1.37246 	-0.0106935 	
4.425	0.326902 	-0.173567 	0.581278 	0.191951 	-1.37262 	-0.0108386 	
4.43	0.326895 	-0.173577 	0.581282 	0.19209 	-1.37279 	-0.0109906 	
4.435	0.326888 	-0.173586 	0.581285 	0.192227 	-1.37296 	-0.0111425 	
4.44	0.326882 	-0.173594 	0.581289 	0.192366 	-1.37313 	-0.0112874 	
4.445	0.326877 	-0.173599 	0.581293 	0.192503 	-1.37331 	-0.0114267 	
4.45	0.326872 	-0.173603 	0.581299 	0.192641 	-1.37348 	-0.0115606 	
4.455	0.326867 	-0.173605 	0.581305 	0.192779 	-1.37366 	-0.01169 	
4.46	0.326863 	-0.173606 	0.581312 	0.192917 	-1.37384 	-0.0118158 	
4.465	0.326859 	-0.173606 	0.581318 	0.193055 	-1.37402 	-0.0119375 	
4.47	0.326855 	-0.173604 	0.581326 	0.193194 	-1.3742 	-0.0120561 	
4.475	0.326852 	-0.173602 	0.581333 	0.193331 	-1.37438 	-0.0121713 	
4.48	0.326849 	-0.173598 	0.581341 	0.19347 	-1.37457 	-0.0122839 	
4.485	0.326845 	-0.173594 	0.581348 	0.193607 	-1.37475 	-0.0123934 	
4.49	0.326842 	-0.173589 	0.581356 	0.193745 	-1.37493 	-0.0125001 	
4.495	0.326838 	-0.173583 	0.581362 	0.193881 	-1.37511 	-0.0126041 	
4.5	0.326835 	-0.173578 	0.581369 	0.194018 	-1.37529 	-0.0127094 	
4.505	0.32683 	-0.173576 	0.581374 	0.194154 	-1.37546 	-0.0128243 	
4.51	0.326826 	-0.173573 	0.58138 	0.194293 	-1.37564 	-0.0129408 	
4.515	0.326821 	-0.173574 	0.581386 	0.194433 	-1.37582 	-0.0130666 	
4.52	0.326817 	-0.173573 	0.581393 	0.194575 	-1.376 	-0.0131926 	
4.525	0.326813 	-0.173576 	0.581401 	0.194718 	-1.37618 	-0.0133277 	
4.53	0.32681 	-0.173578 	0.58141 	0.194863 	-1.37637 	-0.0134642 	
4.535	0.326807 	-0.173581 	0.58142 	0.19501 	-1.37656 	-0.0136081 	
4.54	0.326804 	-0.173585 	0.58143 	0.195158 	-1.37675 	-0.0137511 	
4.545	0.326801 	-0.17359 	0.58144 	0.195306 	-1.37694 	-0.0139 	
4.55	0.326798 	-0.173594 	0.581449 	0.195454 	-1.37712 	-0.0140467 	
4.555	0.326794 	-0.1736 	0.581459 	0.195603 	-1.37731 	-0.0141982 	
4.56	0.326791 	-0.173605 	0.581467 	0.195752 	-1.3775 	-0.0143472 	
4.565	0.326788 	-0.173611 	0.581478 	0.195903 	-1.37769 	-0.014502 	
4.57	0.326784 	-0.173616 	0.581486 	0.196051 	-1.37787 	-0.0146499 	
4.575	0.32678 	-0.17362 	0.581492 	0.196196 	-1.37805 	-0.0147944 	
4.58	0.326776 	-0.173626 	0.581499 	0.196345 	-1.37823 	-0.0149447 	
4.585	0.326772 	-0.173633 	0.581504 	0.196492 	-1.3784 	-0.0150989 	
4.59	0.326765 	-0.173639 	0.581503 	0.196632 	-1.37856 	-0.0152441 	
4.595	0.326757 	-0.173645 	0.581499 	0.196769 	-1.3787 	-0.0153833 	
4.6	0.32675 	-0.173651 	0.581499 	0.196912 	-1.37886 	-0.0155296 	
4.605	0.326743 	-0.173658 	0.581498 	0.197053 	-1.37901 	-0.0156768 	
4.61	0.326737 	-0.173665 	0.5815 	0.197198 	-1.37918 	-0.0158263 	
4.615	0.32673 	-0.173672 	0.581501 	0.197342 	-1.37934 	-0.0159766 	
4.62	0.326724 	-0.173679 	0.581504 	0.197489 	-1.37951 	-0.016129 	
4.625	0.326717 	-0.173686 	0.581506 	0.197635 	-1.37967 	-0.0162812 	
4.63	0.326711 	-0.173692 	0.581511 	0.197784 	-1.37985 	-0.0164354 	
4.635	0.326705 	-0.173699 	0.581513 	0.197931 	-1.38001 	-0.0165895 	
4.64	0.326699 	-0.173706 	0.581519 	0.198081 	-1.38019 	-0.0167452 	
4.645	0.326692 	-0.173713 	0.581521 	0.19823 	-1.38035 	-0.0169004 	
4.65	0.326686 	-0.17372 	0.581527 	0.198381 	-1.38053 	-0.017057 	
4.655	0.32668 	-0.173727 	0.58153 	0.19853 	-1.3807 	-0.0172128 	
4.66	0.326674 	-0.173734 	0.581535 	0.198681 	-1.38087 	-0.0173701 	
4.665	0.326667 	-0.173741 	0.581538 	0.198831 	-1.38104 	-0.0175262 	
4.67	0.326661 	-0.173748 	0.581543 	0.198983 	-1.38122 	-0.0176842 	
4.675	0.326654 	-0.173755 	0.581547 	0.199133 	-1.38138 	-0.0178404 	
4.68	0.326648 	-0.173761 	0.581552 	0.199286 	-1.38156 	-0.0179971 	
4.685	0.326641 	-0.173766 	0.581555 	0.199435 	-1.38173 	-0.0181471 	
4.69	0.326635 	-0.173773 	0.58156 	0.199589 	-1.3819 	-0.0183074 	
4.695	0.326628 	-0.17378 	0.581564 	0.199741 	-1.38207 	-0.0184651 	
4.7	0.326622 	-0.173787 	0.58157 	0.199896 	-1.38225 	-0.0186278 	
4.705	0.326618 	-0.173791 	0.581583 	0.200057 	-1.38245 	-0.0187873 	
4.71	0.326612 	-0.173795 	0.58159 	0.200213 	-1.38263 	-0.0189408 	
4.715	0.326607 	-0.1738 	0.581599 	0.200371 	-1.38282 	-0.0191003 	
4.72	0.3266 	-0.173805 	0.581604 	0.200525 	-1.38299 	-0.019254 	
4.725	0.326594 	-0.173811 	0.581611 	0.200682 	-1.38317 	-0.0194136 	
4.73	0.326586 	-0.173817 	0.581614 	0.200834 	-1.38334 	-0.0195677 	
4.735	0.326579 	-0.173823 	0.581619 	0.20099 	-1.38352 	-0.0197279 	
4.74	0.326571 	-0.173829 	0.58162 	0.201141 	-1.38368 	-0.0198828 	
4.745	0.326564 	-0.173836 	0.581624 	0.201297 	-1.38385 	-0.0200437 	
4.75	0.326556 	-0.173842 	0.581624 	0.201448 	-1.38401 	-0.0201995 	
4.755	0.326548 	-0.173849 	0.581626 	0.201603 	-1.38418 	-0.0203614 	
4.76	0.326539 	-0.173856 	0.581626 	0.201754 	-1.38433 	-0.0205181 	
4.765	0.326531 	-0.173864 	0.581628 	0.201909 	-1.3845 	-0.020681 	
4.77	0.326522 	-0.173871 	0.581627 	0.20206 	-1.38465 	-0.0208387 	
4.775	0.326514 	-0.173878 	0.581628 	0.202215 	-1.38482 	-0.0210025 	
4.78	0.326505 	-0.173886 	0.581627 	0.202367 	-1.38497 	-0.0211611 	
4.785	0.326497 	-0.173894 	0.581628 	0.202522 	-1.38513 	-0.0213258 	
4.79	0.326487 	-0.173901 	0.581626 	0.202674 	-1.38528 	-0.0214852 	
4.795	0.326479 	-0.173909 	0.581627 	0.20283 	-1.38545 	-0.0216508 	
4.8	0.32647 	-0.173917 	0.581625 	0.202982 	-1.3856 	-0.021811 	
4.805	0.326461 	-0.173925 	0.581626 	0.203139 	-1.38576 	-0.0219774 	
4.81	0.326452 	-0.173933 	0.581623 	0.203291 	-1.38591 	-0.0221383 	
4.815	0.326443 	-0.173941 	0.581624 	0.203448 	-1.38607 	-0.0223054 	
4.82	0.326434 	-0.173949 	0.581621 	0.203601 	-1.38622 	-0.0224669 	
4.825	0.326426 	-0.173957 	0.581622 	0.203759 	-1.38638 	-0.0226347 	
4.83	0.326416 	-0.173965 	0.581619 	0.203912 	-1.38653 	-0.0227968 	
4.835	0.326408 	-0.173973 	0.58162 	0.20407 	-1.38669 	-0.0229652 	
4.84	0.326398 	-0.173981 	0.581617 	0.204224 	-1.38684 	-0.0231279 	
4.845	0.32639 	-0.173989 	0.581618 	0.204383 	-1.387 	-0.0232968 	
4.85	0.32638 	-0.173997 	0.581615 	0.204537 	-1.38715 	-0.02346 	
4.855	0.326372 	-0.174005 	0.581615 	0.204696 	-1.38731 	-0.0236295 	
4.86	0.326362 	-0.174013 	0.581613 	0.204852 	-1.38746 	-0.0237932 	
4.865	0.326354 	-0.174021 	0.581613 	0.205011 	-1.38762 	-0.0239632 	
4.87	0.326344 	-0.174029 	0.58161 	0.205167 	-1.38777 	-0.0241273 	
4.875	0.326336 	-0.174037 	0.581611 	0.205327 	-1.38793 	-0.0242977 	
4.88	0.326326 	-0.174045 	0.581608 	0.205483 	-1.38808 	-0.0244622 	
4.885	0.326318 	-0.174053 	0.581608 	0.205644 	-1.38824 	-0.0246331 	
4.89	0.326308 	-0.17406 	0.581602 	0.205797 	-1.38838 	-0.0247917 	
4.895	0.326296 	-0.174065 	0.581592 	0.205943 	-1.3885 	-0.0249381 	
4.9	0.326283 	-0.174069 	0.581576 	0.206082 	-1.38861 	-0.0250733 	
4.905	0.326269 	-0.174071 	0.581556 	0.206215 	-1.3887 	-0.0251978 	
4.91	0.326254 	-0.174073 	0.581531 	0.206341 	-1.38878 	-0.0253128 	
4.915	0.326238 	-0.174073 	0.581503 	0.206463 	-1.38885 	-0.0254186 	
4.92	0.326221 	-0.174073 	0.58147 	0.206579 	-1.3889 	-0.0255161 	
4.925	0.326203 	-0.174071 	0.581435 	0.206691 	-1.38895 	-0.0256057 	
4.93	0.326185 	-0.174069 	0.5814 	0.206803 	-1.38899 	-0.0256929 	
4.935	0.326171 	-0.174064 	0.581374 	0.206926 	-1.38907 	-0.0257872 	
4.94	0.326157 	-0.174059 	0.58135 	0.207051 	-1.38915 	-0.0258801 	
4.945	0.326146 	-0.174053 	0.581335 	0.207186 	-1.38926 	-0.0259798 	
4.95	0.326136 	-0.174047 	0.58132 	0.207322 	-1.38937 	-0.0260823 	
4.955	0.326129 	-0.174044 	0.581315 	0.207473 	-1.38951 	-0.0262071 	
4.96	0.326123 	-0.17404 	0.581311 	0.207625 	-1.38965 	-0.0263343 	
4.965	0.32612 	-0.174039 	0.581316 	0.20779 	-1.38983 	-0.026481 	
4.97	0.326117 	-0.174038 	0.58132 	0.207954 	-1.38999 	-0.0266266 	
4.975	0.326117 	-0.174038 	0.581331 	0.208128 	-1.39018 	-0.0267879 	
4.98	0.326116 	-0.174038 	0.581339 	0.208298 	-1.39037 	-0.0269428 	
4.985	0.326115 	-0.174038 	0.58135 	0.208474 	-1.39056 	-0.0271065 	
4.99	0.326113 	-0.174039 	0.581358 	0.208646 	-1.39074 	-0.0272666 	
4.995	0.326112 	-0.174042 	0.58137 	0.208824 	-1.39093 	-0.0274378 	
5	0.326108 	-0.174044 	0.581381 	0.209002 	-1.39113 	-0.0276089 	
5.005	0.326105 	-0.174047 	0.581393 	0.209182 	-1.39132 	-0.027783 	
5.01	0.326101 	-0.17405 	0.581404 	0.209361 	-1.39151 	-0.0279565 	
5.015	0.326097 	-0.174053 	0.581415 	0.209541 	-1.39171 	-0.0281317 	
5.02	0.326092 	-0.174056 	0.581426 	0.209721 	-1.3919 	-0.0283061 	
5.025	0.326087 	-0.174059 	0.581437 	0.209902 	-1.39209 	-0.0284815 	
5.03	0.326081 	-0.174062 	0.581448 	0.210083 	-1.39229 	-0.028656 	
5.035	0.326076 	-0.174065 	0.581459 	0.210263 	-1.39248 	-0.0288311 	
5.04	0.326069 	-0.174067 	0.581469 	0.210444 	-1.39267 	-0.0290052 	
5.045	0.326063 	-0.17407 	0.581479 	0.210625 	-1.39286 	-0.0291794 	
5.05	0.326056 	-0.174073 	0.581489 	0.210806 	-1.39305 	-0.0293529 	
5.055	0.326049 	-0.174075 	0.581499 	0.210987 	-1.39324 	-0.029527 	
5.06	0.326042 	-0.174077 	0.581508 	0.211168 	-1.39343 	-0.0297003 	
5.065	0.326034 	-0.17408 	0.581518 	0.21135 	-1.39362 	-0.0298742 	
5.07	0.326026 	-0.174082 	0.581527 	0.211532 	-1.39381 	-0.0300482 	
5.075	0.326019 	-0.174085 	0.581536 	0.211713 	-1.39399 	-0.0302226 	
5.08	0.32601 	-0.174087 	0.581545 	0.211895 	-1.39418 	-0.0303953 	
5.085	0.326002 	-0.174089 	0.581554 	0.212077 	-1.39437 	-0.0305687 	
5.09	0.325994 	-0.174091 	0.581563 	0.21226 	-1.39455 	-0.0307417 	
5.095	0.325986 	-0.174093 	0.581572 	0.212444 	-1.39474 	-0.0309175 	
5.1	0.325977 	-0.174094 	0.58158 	0.212626 	-1.39493 	-0.0310883 	
5.105	0.325969 	-0.174096 	0.58159 	0.21281 	-1.39512 	-0.0312623 	
5.11	0.325961 	-0.174097 	0.581596 	0.21299 	-1.3953 	-0.0314296 	
5.115	0.325953 	-0.174099 	0.581603 	0.213172 	-1.39548 	-0.0316032 	
5.12	0.325943 	-0.174101 	0.581606 	0.213349 	-1.39565 	-0.0317703 	
5.125	0.325935 	-0.174104 	0.581611 	0.213528 	-1.39582 	-0.0319444 	
5.13	0.325925 	-0.174106 	0.581612 	0.213703 	-1.39598 	-0.0321121 	
5.135	0.325916 	-0.17411 	0.581614 	0.213881 	-1.39615 	-0.0322872 	
5.14	0.325906 	-0.174114 	0.581614 	0.214055 	-1.3963 	-0.0324559 	
5.145	0.325897 	-0.174118 	0.581615 	0.214232 	-1.39647 	-0.0326323 	
5.15	0.325886 	-0.174122 	0.581611 	0.214401 	-1.39661 	-0.0327954 	
5.155	0.325874 	-0.174124 	0.581604 	0.214565 	-1.39674 	-0.0329504 	
5.16	0.325865 	-0.174124 	0.581602 	0.214735 	-1.39689 	-0.0331061 	
5.165	0.325855 	-0.174123 	0.581597 	0.214902 	-1.39704 	-0.0332544 	
5.17	0.325847 	-0.17412 	0.581597 	0.215075 	-1.3972 	-0.0334045 	
5.175	0.325838 	-0.174117 	0.581595 	0.215244 	-1.39735 	-0.0335487 	
5.18	0.325831 	-0.174113 	0.581597 	0.21542 	-1.39751 	-0.0336977 	
5.185	0.325822 	-0.174109 	0.581597 	0.215592 	-1.39767 	-0.0338423 	
5.19	0.325815 	-0.174106 	0.581601 	0.215772 	-1.39784 	-0.0339969 	
5.195	0.325806 	-0.174103 	0.581602 	0.215948 	-1.398 	-0.0341485 	
5.2	0.325799 	-0.1741 	0.581608 	0.216132 	-1.39818 	-0.0343093 	
5.205	0.32579 	-0.174098 	0.581611 	0.216311 	-1.39834 	-0.0344661 	
5.21	0.325783 	-0.174096 	0.581618 	0.216497 	-1.39852 	-0.0346313 	
5.215	0.325774 	-0.174094 	0.581621 	0.216679 	-1.39869 	-0.0347917 	
5.22	0.325767 	-0.174092 	0.581629 	0.216867 	-1.39888 	-0.0349606 	
5.225	0.325758 	-0.174091 	0.581633 	0.217051 	-1.39905 	-0.0351256 	
5.23	0.325751 	-0.17409 	0.581641 	0.217241 	-1.39923 	-0.0352968 	
5.235	0.325743 	-0.174088 	0.581646 	0.217428 	-1.39941 	-0.0354641 	
5.24	0.325736 	-0.174087 	0.581655 	0.217619 	-1.39959 	-0.0356369 	
5.245	0.325728 	-0.174086 	0.58166 	0.217807 	-1.39977 	-0.0358062 	
5.25	0.32572 	-0.174085 	0.581669 	0.217999 	-1.39995 	-0.0359822 	
5.255	0.325712 	-0.174085 	0.581674 	0.218188 	-1.40013 	-0.0361548 	
5.26	0.325704 	-0.174085 	0.581682 	0.218381 	-1.40031 	-0.0363325 	
5.265	0.325696 	-0.174085 	0.581688 	0.218571 	-1.40049 	-0.0365062 	
5.27	0.325688 	-0.174085 	0.581696 	0.218766 	-1.40067 	-0.0366863 	
5.275	0.325679 	-0.174085 	0.581701 	0.218956 	-1.40085 	-0.0368616 	
5.28	0.325672 	-0.174086 	0.581709 	0.219152 	-1.40103 	-0.0370458 	
5.285	0.325664 	-0.174091 	0.581716 	0.219349 	-1.40121 	-0.0372432 	
5.29	0.325656 	-0.174095 	0.581724 	0.219548 	-1.40139 	-0.0374422 	
5.295	0.325648 	-0.1741 	0.581731 	0.219745 	-1.40157 	-0.0376371 	
5.3	0.325643 	-0.174104 	0.581742 	0.219949 	-1.40177 	-0.0378405 	
5.305	0.325636 	-0.174108 	0.58175 	0.220149 	-1.40195 	-0.0380378 	
5.31	0.32563 	-0.174112 	0.581759 	0.220351 	-1.40214 	-0.038238 	
5.315	0.325623 	-0.174116 	0.581766 	0.220548 	-1.40231 	-0.0384324 	
5.32	0.325617 	-0.17412 	0.581774 	0.22075 	-1.4025 	-0.0386331 	
5.325	0.32561 	-0.174126 	0.581781 	0.220951 	-1.40268 	-0.0388371 	
5.33	0.325604 	-0.174133 	0.58179 	0.221157 	-1.40286 	-0.0390506 	
5.335	0.325599 	-0.174143 	0.581803 	0.221372 	-1.40306 	-0.0392827 	
5.34	0.325592 	-0.174152 	0.581812 	0.221579 	-1.40325 	-0.0395017 	
5.345	0.325587 	-0.174158 	0.581823 	0.221789 	-1.40344 	-0.0397166 	
5.35	0.32558 	-0.174164 	0.58183 	0.221991 	-1.40362 	-0.0399232 	
5.355	0.325574 	-0.174171 	0.581837 	0.222196 	-1.4038 	-0.040137 	
5.36	0.325565 	-0.174178 	0.581837 	0.22239 	-1.40396 	-0.0403352 	
5.365	0.325554 	-0.174183 	0.58183 	0.222571 	-1.40409 	-0.0405185 	
5.37	0.325542 	-0.174188 	0.581817 	0.222742 	-1.40421 	-0.040688 	
5.375	0.325527 	-0.174191 	0.581798 	0.222903 	-1.4043 	-0.0408445 	
5.38	0.325512 	-0.174194 	0.581773 	0.223054 	-1.40438 	-0.0409891 	
5.385	0.325496 	-0.174196 	0.581748 	0.223204 	-1.40446 	-0.0411287 	
5.39	0.325485 	-0.174196 	0.581733 	0.223369 	-1.40456 	-0.0412758 	
5.395	0.325473 	-0.174194 	0.581716 	0.223531 	-1.40467 	-0.0414183 	
5.4	0.325464 	-0.174191 	0.581708 	0.223707 	-1.4048 	-0.0415684 	
5.405	0.325455 	-0.174187 	0.581697 	0.223879 	-1.40492 	-0.0417127 	
5.41	0.325449 	-0.174181 	0.581694 	0.224062 	-1.40507 	-0.0418641 	
5.415	0.325442 	-0.174175 	0.58169 	0.224243 	-1.40521 	-0.042012 	
5.42	0.325436 	-0.174169 	0.581688 	0.22443 	-1.40536 	-0.0421662 	
5.425	0.32543 	-0.174164 	0.581685 	0.224614 	-1.40551 	-0.0423201 	
5.43	0.325424 	-0.174161 	0.581685 	0.224805 	-1.40566 	-0.0424893 	
5.435	0.325417 	-0.174159 	0.581683 	0.224994 	-1.40581 	-0.0426564 	
5.44	0.325411 	-0.174158 	0.581685 	0.22519 	-1.40597 	-0.0428352 	
5.445	0.325404 	-0.174157 	0.581684 	0.225383 	-1.40613 	-0.0430106 	
5.45	0.325398 	-0.174157 	0.581687 	0.225583 	-1.40629 	-0.0431968 	
5.455	0.325391 	-0.174158 	0.581687 	0.225778 	-1.40645 	-0.0433786 	
5.46	0.325386 	-0.174159 	0.581691 	0.225981 	-1.40662 	-0.0435704 	
5.465	0.325379 	-0.17416 	0.581691 	0.226179 	-1.40678 	-0.0437571 	
5.47	0.325373 	-0.174161 	0.581696 	0.226384 	-1.40695 	-0.0439536 	
5.475	0.325366 	-0.174163 	0.581697 	0.226584 	-1.40711 	-0.0441446 	
5.48	0.32536 	-0.174166 	0.581701 	0.226791 	-1.40728 	-0.0443451 	
5.485	0.325352 	-0.174168 	0.581702 	0.226992 	-1.40744 	-0.0445395 	
5.49	0.325346 	-0.174172 	0.581706 	0.227199 	-1.40761 	-0.0447421 	
5.495	0.325338 	-0.174175 	0.581707 	0.227401 	-1.40777 	-0.0449397 	
5.5	0.325331 	-0.174178 	0.581711 	0.227609 	-1.40794 	-0.0451435 	
5.505	0.325324 	-0.174181 	0.581713 	0.227814 	-1.4081 	-0.0453429 	
5.51	0.325317 	-0.174184 	0.581717 	0.228024 	-1.40827 	-0.0455494 	
5.515	0.325309 	-0.174187 	0.581719 	0.22823 	-1.40843 	-0.0457504 	
5.52	0.325302 	-0.174191 	0.581723 	0.228441 	-1.4086 	-0.0459596 	
5.525	0.325295 	-0.174195 	0.581725 	0.228647 	-1.40876 	-0.0461639 	
5.53	0.325287 	-0.1742 	0.581728 	0.228857 	-1.40893 	-0.0463733 	
5.535	0.325279 	-0.174204 	0.58173 	0.229065 	-1.40909 	-0.0465811 	
5.54	0.325272 	-0.174209 	0.581733 	0.229277 	-1.40926 	-0.0467939 	
5.545	0.325264 	-0.174214 	0.581735 	0.229486 	-1.40942 	-0.0470049 	
5.55	0.325257 	-0.17422 	0.581738 	0.229699 	-1.40959 	-0.0472206 	
5.555	0.325249 	-0.174225 	0.58174 	0.22991 	-1.40975 	-0.0474338 	
5.56	0.325242 	-0.174231 	0.581744 	0.230126 	-1.40992 	-0.0476521 	
5.565	0.325236 	-0.174235 	0.581748 	0.230342 	-1.41009 	-0.0478676 	
5.57	0.325231 	-0.174239 	0.581756 	0.230565 	-1.41027 	-0.0480901 	
5.575	0.325228 	-0.174244 	0.581767 	0.230793 	-1.41046 	-0.0483198 	
5.58	0.325228 	-0.174247 	0.581784 	0.231034 	-1.41067 	-0.0485545 	
5.585	0.325228 	-0.174244 	0.581806 	0.231279 	-1.4109 	-0.0487777 	
5.59	0.325227 	-0.174239 	0.581824 	0.231517 	-1.41111 	-0.0489891 	
5.595	0.325227 	-0.174231 	0.581845 	0.231759 	-1.41133 	-0.049191 	
5.6	0.325226 	-0.174221 	0.581862 	0.231994 	-1.41154 	-0.0493848 	
5.605	0.325225 	-0.17421 	0.581883 	0.232236 	-1.41177 	-0.049579 	
5.61	0.325222 	-0.1742 	0.5819 	0.23247 	-1.41198 	-0.0497678 	
5.615	0.32522 	-0.174191 	0.581916 	0.232706 	-1.41219 	-0.0499639 	
5.62	0.325216 	-0.174183 	0.58193 	0.232937 	-1.41239 	-0.0501573 	
5.625	0.325212 	-0.174177 	0.581944 	0.233172 	-1.41259 	-0.0503589 	
5.63	0.325208 	-0.174171 	0.581956 	0.233401 	-1.41278 	-0.0505579 	
5.635	0.325203 	-0.174167 	0.581968 	0.233635 	-1.41298 	-0.0507647 	
5.64	0.325198 	-0.174163 	0.581978 	0.233864 	-1.41317 	-0.0509683 	
5.645	0.325193 	-0.17416 	0.581989 	0.234097 	-1.41336 	-0.0511793 	
5.65	0.325188 	-0.174158 	0.581998 	0.234326 	-1.41354 	-0.0513874 	
5.655	0.325182 	-0.174156 	0.582009 	0.23456 	-1.41373 	-0.0516033 	
5.66	0.325176 	-0.174155 	0.582017 	0.23479 	-1.41391 	-0.0518157 	
5.665	0.325171 	-0.174154 	0.582029 	0.235027 	-1.41411 	-0.0520382 	
5.67	0.325166 	-0.174153 	0.582037 	0.235258 	-1.41429 	-0.0522501 	
5.675	0.32516 	-0.17415 	0.582046 	0.235491 	-1.41448 	-0.0524609 	
5.68	0.325154 	-0.174146 	0.582052 	0.235717 	-1.41465 	-0.052662 	
5.685	0.325148 	-0.174141 	0.58206 	0.235947 	-1.41483 	-0.052863 	
5.69	0.325142 	-0.174136 	0.582065 	0.23617 	-1.415 	-0.0530554 	
5.695	0.325136 	-0.174129 	0.582071 	0.236397 	-1.41518 	-0.0532479 	
5.7	0.325128 	-0.174122 	0.58207 	0.236609 	-1.41533 	-0.0534258 	
5.705	0.325118 	-0.174116 	0.582063 	0.236808 	-1.41547 	-0.0535901 	
5.71	0.325107 	-0.174109 	0.582053 	0.237003 	-1.41559 	-0.0537482 	
5.715	0.325098 	-0.1741 	0.582048 	0.237207 	-1.41573 	-0.0539129 	
5.72	0.325089 	-0.174092 	0.582041 	0.237409 	-1.41587 	-0.0540758 	
5.725	0.325082 	-0.174085 	0.582041 	0.237625 	-1.41602 	-0.0542551 	
5.73	0.325073 	-0.174078 	0.582038 	0.237835 	-1.41617 	-0.0544301 	
5.735	0.325067 	-0.174072 	0.582041 	0.23806 	-1.41633 	-0.0546229 	
5.74	0.32506 	-0.174068 	0.582043 	0.238282 	-1.41649 	-0.0548189 	
5.745	0.325057 	-0.174064 	0.582052 	0.23852 	-1.41668 	-0.0550289 	
5.75	0.325052 	-0.174061 	0.582058 	0.238754 	-1.41685 	-0.0552413 	
5.755	0.32505 	-0.174058 	0.58207 	0.239002 	-1.41705 	-0.0554659 	
5.76	0.32505 	-0.174057 	0.582086 	0.239259 	-1.41725 	-0.0557084 	
5.765	0.325052 	-0.174056 	0.582104 	0.239521 	-1.41747 	-0.0559531 	
5.77	0.32505 	-0.174056 	0.582118 	0.239775 	-1.41766 	-0.0561937 	
5.775	0.32505 	-0.174055 	0.582132 	0.24003 	-1.41786 	-0.0564334 	
5.78	0.325046 	-0.174055 	0.582141 	0.240278 	-1.41805 	-0.0566694 	
5.785	0.325044 	-0.174055 	0.582152 	0.240529 	-1.41824 	-0.0569054 	
5.79	0.325039 	-0.174056 	0.582159 	0.240772 	-1.41841 	-0.0571385 	
5.795	0.325035 	-0.174056 	0.582168 	0.24102 	-1.4186 	-0.0573724 	
5.8	0.32503 	-0.174057 	0.582174 	0.241261 	-1.41877 	-0.0576041 	
5.805	0.325025 	-0.174057 	0.582181 	0.241507 	-1.41895 	-0.0578371 	
5.81	0.325019 	-0.174059 	0.582185 	0.241747 	-1.41912 	-0.0580682 	
5.815	0.325013 	-0.17406 	0.582191 	0.241992 	-1.41929 	-0.058301 	
5.82	0.325006 	-0.174061 	0.582194 	0.242232 	-1.41946 	-0.0585322 	
5.825	0.325 	-0.174062 	0.5822 	0.242477 	-1.41963 	-0.0587653 	
5.83	0.324993 	-0.174064 	0.582202 	0.242716 	-1.4198 	-0.058997 	
5.835	0.324987 	-0.174065 	0.582207 	0.242961 	-1.41997 	-0.0592306 	
5.84	0.324979 	-0.174067 	0.58221 	0.243201 	-1.42013 	-0.059463 	
5.845	0.324972 	-0.174068 	0.582214 	0.243447 	-1.4203 	-0.0596975 	
5.85	0.324964 	-0.17407 	0.582216 	0.243687 	-1.42046 	-0.0599308 	
5.855	0.324957 	-0.174071 	0.582221 	0.243933 	-1.42063 	-0.0601662 	
5.86	0.324949 	-0.174073 	0.582222 	0.244175 	-1.42079 	-0.0604004 	
5.865	0.324942 	-0.174074 	0.582226 	0.244422 	-1.42096 	-0.0606368 	
5.87	0.324934 	-0.174076 	0.582228 	0.244664 	-1.42112 	-0.0608723 	
5.875	0.324927 	-0.174078 	0.582232 	0.244912 	-1.42129 	-0.0611101 	
5.88	0.324919 	-0.17408 	0.582234 	0.245155 	-1.42145 	-0.0613462 	
5.885	0.324911 	-0.174081 	0.582237 	0.245404 	-1.42162 	-0.0615852 	
5.89	0.324903 	-0.174084 	0.582239 	0.245648 	-1.42178 	-0.0618226 	
5.895	0.324895 	-0.174085 	0.582243 	0.245897 	-1.42195 	-0.0620627 	
5.9	0.324887 	-0.174087 	0.582244 	0.246143 	-1.42211 	-0.0623012 	
5.905	0.324879 	-0.174089 	0.582248 	0.246393 	-1.42228 	-0.0625424 	
5.91	0.324871 	-0.174091 	0.582249 	0.24664 	-1.42244 	-0.062782 	
5.915	0.324863 	-0.174092 	0.582253 	0.246892 	-1.4226 	-0.0630243 	
5.92	0.324855 	-0.174095 	0.582254 	0.247139 	-1.42276 	-0.063265 	
5.925	0.324847 	-0.174096 	0.582257 	0.247392 	-1.42293 	-0.0635085 	
5.93	0.324839 	-0.174099 	0.582259 	0.247641 	-1.42309 	-0.0637504 	
5.935	0.324831 	-0.1741 	0.582262 	0.247895 	-1.42326 	-0.063995 	
5.94	0.324822 	-0.174102 	0.582264 	0.248145 	-1.42342 	-0.0642381 	
5.945	0.324814 	-0.174104 	0.582267 	0.2484 	-1.42359 	-0.0644838 	
5.95	0.324806 	-0.174106 	0.582268 	0.248651 	-1.42375 	-0.064728 	
5.955	0.324798 	-0.174108 	0.582272 	0.248907 	-1.42391 	-0.0649749 	
5.96	0.32479 	-0.17411 	0.582273 	0.249159 	-1.42407 	-0.0652204 	
5.965	0.324782 	-0.174111 	0.582276 	0.249416 	-1.42424 	-0.0654684 	
5.97	0.324773 	-0.174114 	0.582278 	0.24967 	-1.4244 	-0.065715 	
5.975	0.324765 	-0.174115 	0.582281 	0.249928 	-1.42457 	-0.0659643 	
5.98	0.324757 	-0.174118 	0.582282 	0.250183 	-1.42473 	-0.0662121 	
5.985	0.324749 	-0.174119 	0.582285 	0.250442 	-1.42489 	-0.0664625 	
5.99	0.32474 	-0.174121 	0.582287 	0.250698 	-1.42505 	-0.0667115 	
5.995	0.324732 	-0.174123 	0.58229 	0.250959 	-1.42522 	-0.0669631 	
6	0.324724 	-0.174125 	0.582291 	0.251216 	-1.42538 	-0.0672134 	
6.005	0.324716 	-0.174127 	0.582295 	0.251478 	-1.42554 	-0.0674662 	
6.01	0.324707 	-0.174129 	0.582296 	0.251736 	-1.4257 	-0.0677176 	
6.015	0.324699 	-0.174131 	0.582299 	0.251999 	-1.42587 	-0.0679716 	
6.02	0.324691 	-0.174133 	0.5823 	0.252259 	-1.42603 	-0.0682243 	
6.025	0.324683 	-0.174134 	0.582303 	0.252523 	-1.42619 	-0.0684795 	
6.03	0.324674 	-0.174137 	0.582305 	0.252784 	-1.42635 	-0.0687334 	
6.035	0.324666 	-0.174138 	0.582308 	0.253049 	-1.42652 	-0.0689898 	
6.04	0.324657 	-0.17414 	0.582309 	0.253311 	-1.42668 	-0.069245 	
6.045	0.324649 	-0.174142 	0.582312 	0.253578 	-1.42684 	-0.0695026 	
6.05	0.324641 	-0.174144 	0.582314 	0.253841 	-1.427 	-0.069759 	
6.055	0.324633 	-0.174146 	0.582317 	0.254109 	-1.42717 	-0.0700179 	
6.06	0.324624 	-0.174148 	0.582318 	0.254373 	-1.42733 	-0.0702756 	
6.065	0.324616 	-0.17415 	0.582321 	0.254642 	-1.42749 	-0.0705357 	
6.07	0.324607 	-0.174152 	0.582322 	0.254908 	-1.42765 	-0.0707946 	
6.075	0.324599 	-0.174154 	0.582325 	0.255178 	-1.42782 	-0.071056 	
6.08	0.324591 	-0.174156 	0.582327 	0.255445 	-1.42798 	-0.0713162 	
6.085	0.324583 	-0.174157 	0.58233 	0.255717 	-1.42814 	-0.0715788 	
6.09	0.324574 	-0.17416 	0.582331 	0.255985 	-1.4283 	-0.0718403 	
6.095	0.324566 	-0.174161 	0.582334 	0.256258 	-1.42847 	-0.0721042 	
6.1	0.324557 	-0.174163 	0.582335 	0.256528 	-1.42863 	-0.0723669 	
6.105	0.324549 	-0.174165 	0.582338 	0.256801 	-1.42879 	-0.0726321 	
6.11	0.324541 	-0.174167 	0.58234 	0.257073 	-1.42895 	-0.072897 	
6.115	0.324533 	-0.174169 	0.582344 	0.257352 	-1.42912 	-0.0731668 	
6.12	0.324526 	-0.174171 	0.582347 	0.257628 	-1.42929 	-0.0734364 	
6.125	0.324519 	-0.174173 	0.582352 	0.257911 	-1.42946 	-0.0737103 	
6.13	0.324511 	-0.174175 	0.582355 	0.25819 	-1.42962 	-0.0739839 	
6.135	0.324505 	-0.174177 	0.582361 	0.258476 	-1.4298 	-0.074261 	
6.14	0.324498 	-0.174179 	0.582365 	0.258759 	-1.42997 	-0.0745376 	
6.145	0.324492 	-0.17418 	0.582372 	0.259048 	-1.43014 	-0.0748169 	
6.15	0.324485 	-0.174182 	0.582377 	0.259333 	-1.43031 	-0.0750931 	
6.155	0.324479 	-0.174184 	0.582382 	0.25962 	-1.43048 	-0.0753732 	
6.16	0.324471 	-0.174187 	0.582385 	0.259902 	-1.43065 	-0.0756501 	
6.165	0.324464 	-0.17419 	0.582388 	0.260186 	-1.43081 	-0.0759312 	
6.17	0.324456 	-0.174194 	0.582389 	0.260467 	-1.43097 	-0.0762092 	
6.175	0.324448 	-0.174198 	0.582391 	0.26075 	-1.43113 	-0.0764916 	
6.18	0.32444 	-0.174202 	0.582392 	0.26103 	-1.43129 	-0.0767712 	
6.185	0.324431 	-0.174207 	0.582393 	0.261313 	-1.43145 	-0.0770553 	
6.19	0.324423 	-0.174212 	0.582393 	0.261594 	-1.4316 	-0.0773368 	
6.195	0.324415 	-0.174216 	0.582396 	0.261881 	-1.43177 	-0.0776225 	
6.2	0.324407 	-0.17422 	0.582397 	0.262165 	-1.43192 	-0.0779049 	
6.205	0.3244 	-0.174223 	0.582401 	0.262456 	-1.43209 	-0.0781938 	
6.21	0.324392 	-0.174226 	0.582403 	0.262744 	-1.43225 	-0.0784776 	
6.215	0.324386 	-0.174229 	0.582408 	0.263041 	-1.43242 	-0.0787687 	
6.22	0.324379 	-0.174232 	0.582411 	0.263331 	-1.43259 	-0.079054 	
6.225	0.324373 	-0.174234 	0.582417 	0.263633 	-1.43276 	-0.0793477 	
6.23	0.324366 	-0.174235 	0.582421 	0.263925 	-1.43293 	-0.0796326 	
6.235	0.32436 	-0.174237 	0.582428 	0.26423 	-1.43311 	-0.079929 	
6.24	0.324354 	-0.174238 	0.582432 	0.264525 	-1.43327 	-0.0802143 	
6.245	0.324348 	-0.17424 	0.582439 	0.264831 	-1.43345 	-0.0805115 	
6.25	0.324341 	-0.174241 	0.582443 	0.265127 	-1.43362 	-0.080798 	
6.255	0.324336 	-0.174242 	0.58245 	0.265434 	-1.43379 	-0.081096 	
6.26	0.324329 	-0.174244 	0.582452 	0.26573 	-1.43396 	-0.0813836 	
6.265	0.324322 	-0.174247 	0.582457 	0.266033 	-1.43412 	-0.0816831 	
6.27	0.324314 	-0.174251 	0.582457 	0.266325 	-1.43428 	-0.0819719 	
6.275	0.324306 	-0.174256 	0.58246 	0.266624 	-1.43444 	-0.082274 	
6.28	0.324298 	-0.174261 	0.582459 	0.266914 	-1.43459 	-0.0825648 	
6.285	0.32429 	-0.174266 	0.58246 	0.267212 	-1.43475 	-0.082867 	
6.29	0.324281 	-0.174271 	0.582459 	0.267502 	-1.4349 	-0.0831577 	
6.295	0.324274 	-0.174275 	0.582462 	0.267806 	-1.43507 	-0.0834615 	
6.3	0.324266 	-0.174279 	0.582462 	0.268102 	-1.43522 	-0.0837543 	
6.305	0.324259 	-0.174282 	0.582467 	0.268412 	-1.43539 	-0.0840596 	
6.31	0.324252 	-0.174284 	0.582469 	0.268713 	-1.43555 	-0.0843543 	
6.315	0.324246 	-0.174286 	0.582475 	0.269027 	-1.43572 	-0.0846619 	
6.32	0.324239 	-0.174288 	0.582478 	0.269332 	-1.43589 	-0.0849587 	
6.325	0.324233 	-0.17429 	0.582484 	0.269649 	-1.43606 	-0.0852682 	
6.33	0.324227 	-0.174291 	0.582488 	0.269957 	-1.43623 	-0.0855668 	
6.335	0.324221 	-0.174292 	0.582495 	0.270278 	-1.43641 	-0.0858788 	
6.34	0.324214 	-0.174293 	0.582499 	0.270588 	-1.43657 	-0.0861788 	
6.345	0.324209 	-0.174294 	0.582506 	0.27091 	-1.43675 	-0.0864897 	
6.35	0.324202 	-0.174295 	0.58251 	0.271224 	-1.43692 	-0.0867932 	
6.355	0.324196 	-0.174296 	0.582517 	0.271544 	-1.43709 	-0.0871043 	
6.36	0.324189 	-0.174298 	0.58252 	0.271858 	-1.43726 	-0.0874088 	
6.365	0.324182 	-0.174299 	0.582526 	0.272179 	-1.43743 	-0.0877216 	
6.37	0.324175 	-0.174301 	0.582529 	0.272493 	-1.43759 	-0.0880283 	
6.375	0.324168 	-0.174304 	0.582534 	0.272814 	-1.43776 	-0.0883438 	
6.38	0.32416 	-0.174306 	0.582537 	0.273129 	-1.43792 	-0.0886516 	
6.385	0.324153 	-0.174309 	0.582541 	0.27345 	-1.43809 	-0.0889687 	
6.39	0.324145 	-0.174311 	0.582544 	0.273768 	-1.43826 	-0.0892802 	
6.395	0.324138 	-0.174314 	0.582548 	0.274089 	-1.43842 	-0.089597 	
6.4	0.32413 	-0.174317 	0.582551 	0.274408 	-1.43859 	-0.0899099 	
6.405	0.324122 	-0.174319 	0.582554 	0.27473 	-1.43875 	-0.0902274 	
6.41	0.324114 	-0.174322 	0.582557 	0.275051 	-1.43891 	-0.0905417 	
6.415	0.324107 	-0.174324 	0.582561 	0.275374 	-1.43908 	-0.0908601 	
6.42	0.324099 	-0.174327 	0.582564 	0.275696 	-1.43924 	-0.0911757 	
6.425	0.324091 	-0.17433 	0.582567 	0.27602 	-1.43941 	-0.0914954 	
6.43	0.324082 	-0.174333 	0.582569 	0.276342 	-1.43957 	-0.0918141 	
6.435	0.324074 	-0.174336 	0.582571 	0.276666 	-1.43973 	-0.0921348 	
6.44	0.324066 	-0.174339 	0.582573 	0.276986 	-1.43989 	-0.0924507 	
6.445	0.324058 	-0.174342 	0.582576 	0.277314 	-1.44005 	-0.092775 	
6.45	0.32405 	-0.174344 	0.582579 	0.277641 	-1.44021 	-0.0930948 	
6.455	0.324042 	-0.174347 	0.582582 	0.277971 	-1.44038 	-0.0934196 	
6.46	0.324034 	-0.17435 	0.582585 	0.2783 	-1.44054 	-0.0937447 	
6.465	0.324026 	-0.174352 	0.582588 	0.278629 	-1.44071 	-0.0940659 	
6.47	0.324018 	-0.174353 	0.58259 	0.278958 	-1.44087 	-0.094386 	
6.475	0.32401 	-0.174355 	0.582593 	0.279289 	-1.44103 	-0.0947091 	
6.48	0.324002 	-0.174356 	0.582595 	0.279617 	-1.44119 	-0.0950279 	
6.485	0.323993 	-0.174358 	0.582598 	0.279949 	-1.44135 	-0.09535 	
6.49	0.323985 	-0.174358 	0.5826 	0.280278 	-1.44151 	-0.0956684 	
6.495	0.323977 	-0.17436 	0.582602 	0.28061 	-1.44168 	-0.0959912 	
6.5	0.323969 	-0.17436 	0.582603 	0.280939 	-1.44183 	-0.0963068 	
6.505	0.323961 	-0.174358 	0.582606 	0.281271 	-1.442 	-0.0966196 	
6.51	0.323954 	-0.174354 	0.58261 	0.281609 	-1.44216 	-0.0969341 	
6.515	0.323947 	-0.17435 	0.582612 	0.281937 	-1.44232 	-0.0972367 	
6.52	0.32394 	-0.174345 	0.582615 	0.282271 	-1.44248 	-0.0975411 	
6.525	0.323933 	-0.174339 	0.582615 	0.282595 	-1.44264 	-0.0978348 	
6.53	0.323926 	-0.174333 	0.582617 	0.282926 	-1.4428 	-0.0981312 	
6.535	0.323919 	-0.174325 	0.582617 	0.283248 	-1.44295 	-0.098418 	
6.54	0.323912 	-0.174317 	0.582618 	0.283578 	-1.44311 	-0.0987093 	
6.545	0.323905 	-0.174309 	0.582618 	0.2839 	-1.44326 	-0.0989931 	
6.55	0.323898 	-0.1743 	0.582618 	0.284227 	-1.44342 	-0.0992784 	
6.555	0.323891 	-0.17429 	0.582617 	0.284548 	-1.44357 	-0.0995572 	
6.56	0.323884 	-0.17428 	0.582618 	0.284874 	-1.44372 	-0.0998381 	
6.565	0.323877 	-0.17427 	0.582616 	0.285193 	-1.44387 	-0.100112 	
6.57	0.32387 	-0.174259 	0.582615 	0.285517 	-1.44402 	-0.100388 	
6.575	0.323863 	-0.174247 	0.582612 	0.285835 	-1.44416 	-0.100658 	
6.58	0.323856 	-0.174236 	0.582611 	0.286158 	-1.44431 	-0.100932 	
6.585	0.323849 	-0.174224 	0.582608 	0.286474 	-1.44446 	-0.101198 	
6.59	0.323842 	-0.174212 	0.582606 	0.286793 	-1.4446 	-0.101466 	
6.595	0.323835 	-0.174199 	0.582601 	0.287107 	-1.44474 	-0.101729 	
6.6	0.323828 	-0.174187 	0.582599 	0.287426 	-1.44489 	-0.101996 	
6.605	0.323821 	-0.174174 	0.582595 	0.287741 	-1.44503 	-0.102258 	
6.61	0.323815 	-0.174161 	0.582592 	0.288062 	-1.44517 	-0.102525 	
6.615	0.323808 	-0.174148 	0.582588 	0.288377 	-1.44531 	-0.102787 	
6.62	0.323802 	-0.174134 	0.582585 	0.288699 	-1.44545 	-0.103054 	
