0	0.310429 	-0.173769 	0.537008 	0.180534 	-1.45468 	-0.24872 	
0.005	0.310429 	-0.173769 	0.537008 	0.180534 	-1.45468 	-0.24872 	
0.01	0.310429 	-0.173769 	0.537008 	0.180534 	-1.45468 	-0.24872 	
0.015	0.310429 	-0.173769 	0.537008 	0.180534 	-1.45468 	-0.24872 	
0.02	0.31043 	-0.173769 	0.537008 	0.180534 	-1.45468 	-0.24872 	
0.025	0.310432 	-0.173769 	0.537008 	0.180534 	-1.45468 	-0.24872 	
0.03	0.310434 	-0.173769 	0.537008 	0.180534 	-1.45468 	-0.24872 	
0.035	0.310436 	-0.173769 	0.537008 	0.180534 	-1.45468 	-0.24872 	
0.04	0.310439 	-0.173769 	0.537009 	0.180534 	-1.45468 	-0.24872 	
0.045	0.310442 	-0.173769 	0.537009 	0.180534 	-1.45468 	-0.24872 	
0.05	0.310446 	-0.173769 	0.537009 	0.180534 	-1.45468 	-0.24872 	
0.055	0.31045 	-0.17377 	0.537009 	0.180534 	-1.45468 	-0.24872 	
0.06	0.310455 	-0.17377 	0.537009 	0.180534 	-1.45468 	-0.24872 	
0.065	0.31046 	-0.17377 	0.53701 	0.180534 	-1.45468 	-0.24872 	
0.07	0.310465 	-0.17377 	0.53701 	0.180534 	-1.45468 	-0.24872 	
0.075	0.310471 	-0.17377 	0.53701 	0.180534 	-1.45468 	-0.24872 	
0.08	0.310478 	-0.17377 	0.53701 	0.180534 	-1.45468 	-0.24872 	
0.085	0.310484 	-0.17377 	0.537011 	0.180534 	-1.45468 	-0.24872 	
0.09	0.310491 	-0.173771 	0.537011 	0.180534 	-1.45468 	-0.24872 	
0.095	0.310499 	-0.173771 	0.537012 	0.180534 	-1.45468 	-0.24872 	
0.1	0.310507 	-0.173771 	0.537012 	0.180534 	-1.45468 	-0.24872 	
0.105	0.310516 	-0.173771 	0.537012 	0.180534 	-1.45468 	-0.24872 	
0.11	0.310525 	-0.173771 	0.537013 	0.180534 	-1.45468 	-0.24872 	
0.115	0.310535 	-0.173772 	0.537013 	0.180534 	-1.45468 	-0.24872 	
0.12	0.310545 	-0.173772 	0.537014 	0.180534 	-1.45468 	-0.24872 	
0.125	0.310555 	-0.173772 	0.537014 	0.180534 	-1.45468 	-0.24872 	
0.13	0.310566 	-0.173772 	0.537015 	0.180534 	-1.45468 	-0.24872 	
0.135	0.310577 	-0.173773 	0.537015 	0.180534 	-1.45468 	-0.24872 	
0.14	0.310589 	-0.173773 	0.537016 	0.180534 	-1.45468 	-0.24872 	
0.145	0.310601 	-0.173773 	0.537017 	0.180534 	-1.45468 	-0.24872 	
0.15	0.310613 	-0.173774 	0.537017 	0.180534 	-1.45468 	-0.24872 	
0.155	0.310626 	-0.173774 	0.537018 	0.180534 	-1.45468 	-0.24872 	
0.16	0.31064 	-0.173774 	0.537018 	0.180534 	-1.45468 	-0.24872 	
0.165	0.310591 	-0.173759 	0.537 	0.178912 	-1.45354 	-0.246485 	
0.17	0.310605 	-0.173759 	0.537001 	0.178912 	-1.45354 	-0.246485 	
0.175	0.31062 	-0.17376 	0.537002 	0.178912 	-1.45354 	-0.246485 	
0.18	0.310635 	-0.17376 	0.537002 	0.178912 	-1.45354 	-0.246485 	
0.185	0.310651 	-0.17376 	0.537003 	0.178912 	-1.45354 	-0.246485 	
0.19	0.310667 	-0.173761 	0.537004 	0.178912 	-1.45354 	-0.246485 	
0.195	0.310683 	-0.173761 	0.537005 	0.178912 	-1.45354 	-0.246485 	
0.2	0.3107 	-0.173762 	0.537005 	0.178912 	-1.45354 	-0.246485 	
0.205	0.310717 	-0.173762 	0.537006 	0.178912 	-1.45354 	-0.246485 	
0.21	0.310735 	-0.173762 	0.537007 	0.178912 	-1.45354 	-0.246485 	
0.215	0.310753 	-0.173763 	0.537008 	0.178912 	-1.45354 	-0.246485 	
0.22	0.310771 	-0.173763 	0.537009 	0.178912 	-1.45354 	-0.246485 	
0.225	0.310729 	-0.173749 	0.536991 	0.177312 	-1.45242 	-0.244282 	
0.23	0.310748 	-0.173749 	0.536992 	0.177312 	-1.45242 	-0.244282 	
0.235	0.310768 	-0.173749 	0.536993 	0.177312 	-1.45242 	-0.244282 	
0.24	0.310788 	-0.17375 	0.536994 	0.177312 	-1.45242 	-0.244282 	
0.245	0.310809 	-0.17375 	0.536995 	0.177312 	-1.45242 	-0.244282 	
0.25	0.31083 	-0.173751 	0.536996 	0.177312 	-1.45242 	-0.244282 	
0.255	0.310851 	-0.173751 	0.536997 	0.177312 	-1.45242 	-0.244282 	
0.26	0.310873 	-0.173752 	0.536998 	0.177312 	-1.45242 	-0.244282 	
0.265	0.310895 	-0.173752 	0.536999 	0.177312 	-1.45242 	-0.244282 	
0.27	0.310918 	-0.173753 	0.537 	0.177312 	-1.45242 	-0.244282 	
0.275	0.310876 	-0.173738 	0.536982 	0.175618 	-1.45123 	-0.241947 	
0.28	0.3109 	-0.173738 	0.536983 	0.175618 	-1.45123 	-0.241947 	
0.285	0.310924 	-0.173739 	0.536984 	0.175618 	-1.45123 	-0.241947 	
0.29	0.310948 	-0.173739 	0.536985 	0.175618 	-1.45123 	-0.241947 	
0.295	0.310973 	-0.17374 	0.536986 	0.175618 	-1.45123 	-0.241947 	
0.3	0.310998 	-0.17374 	0.536988 	0.175618 	-1.45123 	-0.241947 	
0.305	0.311024 	-0.173741 	0.536989 	0.175618 	-1.45123 	-0.241947 	
0.31	0.31105 	-0.173741 	0.53699 	0.175618 	-1.45123 	-0.241947 	
0.315	0.311014 	-0.173727 	0.536973 	0.174005 	-1.4501 	-0.239724 	
0.32	0.311041 	-0.173728 	0.536974 	0.174005 	-1.4501 	-0.239724 	
0.325	0.311068 	-0.173728 	0.536975 	0.174005 	-1.4501 	-0.239724 	
0.33	0.311096 	-0.173729 	0.536977 	0.174005 	-1.4501 	-0.239724 	
0.335	0.311124 	-0.173729 	0.536978 	0.174005 	-1.4501 	-0.239724 	
0.34	0.311153 	-0.17373 	0.536979 	0.174005 	-1.4501 	-0.239724 	
0.345	0.311181 	-0.17373 	0.536981 	0.174005 	-1.4501 	-0.239724 	
0.35	0.31115 	-0.173717 	0.536964 	0.172425 	-1.44899 	-0.237548 	
0.355	0.31118 	-0.173717 	0.536965 	0.172425 	-1.44899 	-0.237548 	
0.36	0.31121 	-0.173718 	0.536967 	0.172425 	-1.44899 	-0.237548 	
0.365	0.31124 	-0.173719 	0.536968 	0.172425 	-1.44899 	-0.237548 	
0.37	0.311271 	-0.173719 	0.53697 	0.172425 	-1.44899 	-0.237548 	
0.375	0.311302 	-0.17372 	0.536971 	0.172425 	-1.44899 	-0.237548 	
0.38	0.311334 	-0.17372 	0.536973 	0.172425 	-1.44899 	-0.237548 	
0.385	0.3113 	-0.173706 	0.536954 	0.170708 	-1.44779 	-0.235182 	
0.39	0.311332 	-0.173706 	0.536956 	0.170708 	-1.44779 	-0.235182 	
0.395	0.311365 	-0.173707 	0.536957 	0.170708 	-1.44779 	-0.235182 	
0.4	0.311399 	-0.173707 	0.536959 	0.170708 	-1.44779 	-0.235182 	
0.405	0.311432 	-0.173708 	0.536961 	0.170708 	-1.44779 	-0.235182 	
0.41	0.311466 	-0.173708 	0.536962 	0.170708 	-1.44779 	-0.235182 	
0.415	0.311438 	-0.173695 	0.536945 	0.169088 	-1.44665 	-0.232951 	
0.42	0.311473 	-0.173696 	0.536947 	0.169088 	-1.44665 	-0.232951 	
0.425	0.311508 	-0.173696 	0.536948 	0.169088 	-1.44665 	-0.232951 	
0.43	0.311544 	-0.173697 	0.53695 	0.169088 	-1.44665 	-0.232951 	
0.435	0.31158 	-0.173697 	0.536952 	0.169088 	-1.44665 	-0.232951 	
0.44	0.311616 	-0.173698 	0.536954 	0.169088 	-1.44665 	-0.232951 	
0.445	0.311587 	-0.173684 	0.536936 	0.16738 	-1.44546 	-0.230597 	
0.45	0.311624 	-0.173685 	0.536937 	0.16738 	-1.44546 	-0.230597 	
0.455	0.311661 	-0.173685 	0.536939 	0.16738 	-1.44546 	-0.230597 	
0.46	0.311699 	-0.173686 	0.536941 	0.16738 	-1.44546 	-0.230597 	
0.465	0.311738 	-0.173686 	0.536943 	0.16738 	-1.44546 	-0.230597 	
0.47	0.311776 	-0.173687 	0.536945 	0.16738 	-1.44546 	-0.230597 	
0.475	0.311745 	-0.173672 	0.536926 	0.165564 	-1.44418 	-0.228096 	
0.48	0.311784 	-0.173673 	0.536927 	0.165564 	-1.44418 	-0.228096 	
0.485	0.311824 	-0.173673 	0.536929 	0.165564 	-1.44418 	-0.228096 	
0.49	0.311864 	-0.173674 	0.536931 	0.165564 	-1.44418 	-0.228096 	
0.495	0.311905 	-0.173674 	0.536933 	0.165564 	-1.44418 	-0.228096 	
0.5	0.311882 	-0.173662 	0.536916 	0.163939 	-1.44304 	-0.225857 	
0.505	0.311924 	-0.173662 	0.536918 	0.163939 	-1.44304 	-0.225857 	
0.51	0.311965 	-0.173663 	0.53692 	0.163939 	-1.44304 	-0.225857 	
0.515	0.312007 	-0.173663 	0.536922 	0.163939 	-1.44304 	-0.225857 	
0.52	0.312049 	-0.173664 	0.536924 	0.163939 	-1.44304 	-0.225857 	
0.525	0.312027 	-0.173651 	0.536907 	0.162268 	-1.44187 	-0.223555 	
0.53	0.31207 	-0.173651 	0.536909 	0.162268 	-1.44187 	-0.223555 	
0.535	0.312113 	-0.173652 	0.536911 	0.162268 	-1.44187 	-0.223555 	
0.54	0.312157 	-0.173652 	0.536913 	0.162268 	-1.44187 	-0.223555 	
0.545	0.312201 	-0.173653 	0.536915 	0.162268 	-1.44187 	-0.223555 	
0.55	0.312178 	-0.17364 	0.536897 	0.16053 	-1.44065 	-0.22116 	
0.555	0.312223 	-0.17364 	0.536899 	0.16053 	-1.44065 	-0.22116 	
0.56	0.312268 	-0.17364 	0.536902 	0.16053 	-1.44065 	-0.22116 	
0.565	0.312313 	-0.173641 	0.536904 	0.16053 	-1.44065 	-0.22116 	
0.57	0.312359 	-0.173641 	0.536906 	0.16053 	-1.44065 	-0.22116 	
0.575	0.312335 	-0.173628 	0.536887 	0.158723 	-1.43939 	-0.21867 	
0.58	0.312381 	-0.173628 	0.536889 	0.158723 	-1.43939 	-0.21867 	
0.585	0.312428 	-0.173629 	0.536892 	0.158723 	-1.43939 	-0.21867 	
0.59	0.312475 	-0.173629 	0.536894 	0.158723 	-1.43939 	-0.21867 	
0.595	0.312523 	-0.173629 	0.536896 	0.158723 	-1.43939 	-0.21867 	
0.6	0.312497 	-0.173616 	0.536877 	0.156849 	-1.43807 	-0.216089 	
0.605	0.312545 	-0.173616 	0.536879 	0.156849 	-1.43807 	-0.216089 	
0.61	0.312594 	-0.173616 	0.536881 	0.156849 	-1.43807 	-0.216089 	
0.615	0.312643 	-0.173617 	0.536883 	0.156849 	-1.43807 	-0.216089 	
0.62	0.31263 	-0.173605 	0.536868 	0.155264 	-1.43696 	-0.213905 	
0.625	0.312679 	-0.173606 	0.53687 	0.155264 	-1.43696 	-0.213905 	
0.63	0.312729 	-0.173606 	0.536872 	0.155264 	-1.43696 	-0.213905 	
0.635	0.312779 	-0.173606 	0.536875 	0.155264 	-1.43696 	-0.213905 	
0.64	0.312767 	-0.173595 	0.536859 	0.153672 	-1.43585 	-0.211712 	
0.645	0.312818 	-0.173595 	0.536861 	0.153672 	-1.43585 	-0.211712 	
0.65	0.312869 	-0.173595 	0.536864 	0.153672 	-1.43585 	-0.211712 	
0.655	0.31292 	-0.173596 	0.536866 	0.153672 	-1.43585 	-0.211712 	
0.66	0.312908 	-0.173585 	0.53685 	0.152044 	-1.4347 	-0.209469 	
0.665	0.31296 	-0.173585 	0.536852 	0.152044 	-1.4347 	-0.209469 	
0.67	0.313012 	-0.173585 	0.536855 	0.152044 	-1.4347 	-0.209469 	
0.675	0.313065 	-0.173585 	0.536857 	0.152044 	-1.4347 	-0.209469 	
0.68	0.313053 	-0.173574 	0.536841 	0.150377 	-1.43353 	-0.207173 	
0.685	0.313106 	-0.173574 	0.536843 	0.150377 	-1.43353 	-0.207173 	
0.69	0.313159 	-0.173574 	0.536845 	0.150377 	-1.43353 	-0.207173 	
0.695	0.313213 	-0.173574 	0.536848 	0.150377 	-1.43353 	-0.207173 	
0.7	0.3132 	-0.173563 	0.536831 	0.148673 	-1.43234 	-0.204825 	
0.705	0.313254 	-0.173563 	0.536834 	0.148673 	-1.43234 	-0.204825 	
0.71	0.313309 	-0.173562 	0.536836 	0.148673 	-1.43234 	-0.204825 	
0.715	0.313364 	-0.173562 	0.536838 	0.148673 	-1.43234 	-0.204825 	
0.72	0.313351 	-0.173551 	0.536821 	0.146932 	-1.43112 	-0.202427 	
0.725	0.313406 	-0.173551 	0.536824 	0.146932 	-1.43112 	-0.202427 	
0.73	0.313462 	-0.173551 	0.536826 	0.146932 	-1.43112 	-0.202427 	
0.735	0.313518 	-0.173551 	0.536829 	0.146932 	-1.43112 	-0.202427 	
0.74	0.313504 	-0.17354 	0.536812 	0.145156 	-1.42987 	-0.199979 	
0.745	0.313561 	-0.17354 	0.536814 	0.145156 	-1.42987 	-0.199979 	
0.75	0.313618 	-0.173539 	0.536816 	0.145156 	-1.42987 	-0.199979 	
0.755	0.313675 	-0.173539 	0.536819 	0.145156 	-1.42987 	-0.199979 	
0.76	0.313661 	-0.173528 	0.536801 	0.143345 	-1.4286 	-0.197485 	
0.765	0.313719 	-0.173528 	0.536804 	0.143345 	-1.4286 	-0.197485 	
0.77	0.313777 	-0.173527 	0.536806 	0.143345 	-1.4286 	-0.197485 	
0.775	0.313835 	-0.173527 	0.536809 	0.143345 	-1.4286 	-0.197485 	
0.78	0.313821 	-0.173516 	0.536791 	0.141501 	-1.42731 	-0.194944 	
0.785	0.313879 	-0.173516 	0.536794 	0.141501 	-1.42731 	-0.194944 	
0.79	0.313938 	-0.173515 	0.536796 	0.141501 	-1.42731 	-0.194944 	
0.795	0.313997 	-0.173515 	0.536799 	0.141501 	-1.42731 	-0.194944 	
0.8	0.313983 	-0.173504 	0.536781 	0.139625 	-1.426 	-0.19236 	
0.805	0.314043 	-0.173503 	0.536783 	0.139625 	-1.426 	-0.19236 	
0.81	0.314102 	-0.173503 	0.536786 	0.139625 	-1.426 	-0.19236 	
0.815	0.314162 	-0.173502 	0.536788 	0.139625 	-1.426 	-0.19236 	
0.82	0.314148 	-0.173491 	0.53677 	0.137718 	-1.42466 	-0.189732 	
0.825	0.314208 	-0.173491 	0.536773 	0.137718 	-1.42466 	-0.189732 	
0.83	0.314269 	-0.17349 	0.536775 	0.137718 	-1.42466 	-0.189732 	
0.835	0.31433 	-0.17349 	0.536778 	0.137718 	-1.42466 	-0.189732 	
0.84	0.314315 	-0.173479 	0.536759 	0.135781 	-1.4233 	-0.187064 	
0.845	0.314377 	-0.173478 	0.536762 	0.135781 	-1.4233 	-0.187064 	
0.85	0.314438 	-0.173477 	0.536764 	0.135781 	-1.4233 	-0.187064 	
0.855	0.3145 	-0.173477 	0.536767 	0.135781 	-1.4233 	-0.187064 	
0.86	0.314485 	-0.173466 	0.536748 	0.133816 	-1.42192 	-0.184357 	
0.865	0.314548 	-0.173465 	0.536751 	0.133816 	-1.42192 	-0.184357 	
0.87	0.31461 	-0.173464 	0.536753 	0.133816 	-1.42192 	-0.184357 	
0.875	0.314673 	-0.173464 	0.536756 	0.133816 	-1.42192 	-0.184357 	
0.88	0.314657 	-0.173453 	0.536737 	0.131823 	-1.42053 	-0.181611 	
0.885	0.314721 	-0.173452 	0.53674 	0.131823 	-1.42053 	-0.181611 	
0.89	0.314784 	-0.173451 	0.536742 	0.131823 	-1.42053 	-0.181611 	
0.895	0.314786 	-0.173443 	0.536728 	0.130261 	-1.41943 	-0.179459 	
0.9	0.31485 	-0.173442 	0.536731 	0.130261 	-1.41943 	-0.179459 	
0.905	0.314914 	-0.173441 	0.536733 	0.130261 	-1.41943 	-0.179459 	
0.91	0.314978 	-0.17344 	0.536736 	0.130261 	-1.41943 	-0.179459 	
0.915	0.314964 	-0.17343 	0.536717 	0.128269 	-1.41803 	-0.176715 	
0.92	0.315029 	-0.173429 	0.53672 	0.128269 	-1.41803 	-0.176715 	
0.925	0.315093 	-0.173428 	0.536722 	0.128269 	-1.41803 	-0.176715 	
0.93	0.315096 	-0.17342 	0.536708 	0.126678 	-1.41692 	-0.174523 	
0.935	0.315161 	-0.173419 	0.536711 	0.126678 	-1.41692 	-0.174523 	
0.94	0.315226 	-0.173417 	0.536713 	0.126678 	-1.41692 	-0.174523 	
0.945	0.31523 	-0.17341 	0.536699 	0.125116 	-1.41582 	-0.172371 	
0.95	0.315295 	-0.173408 	0.536702 	0.125116 	-1.41582 	-0.172371 	
0.955	0.315361 	-0.173407 	0.536705 	0.125116 	-1.41582 	-0.172371 	
0.96	0.315365 	-0.173399 	0.536691 	0.123547 	-1.41472 	-0.170209 	
0.965	0.315432 	-0.173398 	0.536693 	0.123547 	-1.41472 	-0.170209 	
0.97	0.315498 	-0.173397 	0.536696 	0.123547 	-1.41472 	-0.170209 	
0.975	0.315502 	-0.173389 	0.536682 	0.121965 	-1.41361 	-0.16803 	
0.98	0.315569 	-0.173388 	0.536684 	0.121965 	-1.41361 	-0.16803 	
0.985	0.315635 	-0.173386 	0.536687 	0.121965 	-1.41361 	-0.16803 	
0.99	0.315639 	-0.173379 	0.536673 	0.120373 	-1.4125 	-0.165837 	
0.995	0.315706 	-0.173377 	0.536676 	0.120373 	-1.4125 	-0.165837 	
1	0.315774 	-0.173376 	0.536678 	0.120373 	-1.4125 	-0.165837 	
1.005	0.315778 	-0.173368 	0.536664 	0.11877 	-1.41137 	-0.163629 	
1.01	0.315845 	-0.173367 	0.536667 	0.11877 	-1.41137 	-0.163629 	
1.015	0.315913 	-0.173365 	0.536669 	0.11877 	-1.41137 	-0.163629 	
1.02	0.315917 	-0.173358 	0.536655 	0.117157 	-1.41024 	-0.161407 	
1.025	0.315985 	-0.173356 	0.536658 	0.117157 	-1.41024 	-0.161407 	
1.03	0.316053 	-0.173354 	0.53666 	0.117157 	-1.41024 	-0.161407 	
1.035	0.316057 	-0.173347 	0.536646 	0.115535 	-1.40911 	-0.159171 	
1.04	0.316125 	-0.173346 	0.536648 	0.115535 	-1.40911 	-0.159171 	
1.045	0.316194 	-0.173344 	0.536651 	0.115535 	-1.40911 	-0.159171 	
1.05	0.316198 	-0.173337 	0.536637 	0.113904 	-1.40796 	-0.156924 	
1.055	0.316267 	-0.173335 	0.536639 	0.113904 	-1.40796 	-0.156924 	
1.06	0.316335 	-0.173333 	0.536642 	0.113904 	-1.40796 	-0.156924 	
1.065	0.316339 	-0.173326 	0.536628 	0.112264 	-1.40681 	-0.154665 	
1.07	0.316409 	-0.173324 	0.53663 	0.112264 	-1.40681 	-0.154665 	
1.075	0.316478 	-0.173322 	0.536633 	0.112264 	-1.40681 	-0.154665 	
1.08	0.316482 	-0.173316 	0.536618 	0.110617 	-1.40566 	-0.152396 	
1.085	0.316551 	-0.173313 	0.536621 	0.110617 	-1.40566 	-0.152396 	
1.09	0.31662 	-0.173311 	0.536624 	0.110617 	-1.40566 	-0.152396 	
1.095	0.316624 	-0.173305 	0.536609 	0.108962 	-1.4045 	-0.150116 	
1.1	0.316694 	-0.173302 	0.536612 	0.108962 	-1.4045 	-0.150116 	
1.105	0.316764 	-0.1733 	0.536614 	0.108962 	-1.4045 	-0.150116 	
1.11	0.316768 	-0.173294 	0.5366 	0.107301 	-1.40333 	-0.147828 	
1.115	0.316838 	-0.173292 	0.536602 	0.107301 	-1.40333 	-0.147828 	
1.12	0.316908 	-0.173289 	0.536605 	0.107301 	-1.40333 	-0.147828 	
1.125	0.316912 	-0.173283 	0.536591 	0.105634 	-1.40216 	-0.145531 	
1.13	0.316982 	-0.173281 	0.536593 	0.105634 	-1.40216 	-0.145531 	
1.135	0.317052 	-0.173278 	0.536596 	0.105634 	-1.40216 	-0.145531 	
1.14	0.317056 	-0.173272 	0.536581 	0.103962 	-1.40099 	-0.143227 	
1.145	0.317126 	-0.17327 	0.536584 	0.103962 	-1.40099 	-0.143227 	
1.15	0.317197 	-0.173267 	0.536586 	0.103962 	-1.40099 	-0.143227 	
1.155	0.317201 	-0.173261 	0.536572 	0.102284 	-1.39981 	-0.140916 	
1.16	0.317271 	-0.173259 	0.536574 	0.102284 	-1.39981 	-0.140916 	
1.165	0.317342 	-0.173256 	0.536577 	0.102284 	-1.39981 	-0.140916 	
1.17	0.317346 	-0.17325 	0.536563 	0.100603 	-1.39864 	-0.138599 	
1.175	0.317417 	-0.173248 	0.536565 	0.100603 	-1.39864 	-0.138599 	
1.18	0.317487 	-0.173245 	0.536567 	0.100603 	-1.39864 	-0.138599 	
1.185	0.317491 	-0.17324 	0.536553 	0.0989175 	-1.39745 	-0.136277 	
1.19	0.317562 	-0.173237 	0.536556 	0.0989175 	-1.39745 	-0.136277 	
1.195	0.317633 	-0.173234 	0.536558 	0.0989175 	-1.39745 	-0.136277 	
1.2	0.317637 	-0.173229 	0.536544 	0.0972292 	-1.39627 	-0.133951 	
1.205	0.317708 	-0.173225 	0.536546 	0.0972292 	-1.39627 	-0.133951 	
1.21	0.317779 	-0.173222 	0.536548 	0.0972292 	-1.39627 	-0.133951 	
1.215	0.317783 	-0.173218 	0.536534 	0.0955384 	-1.39508 	-0.131622 	
1.22	0.317854 	-0.173214 	0.536537 	0.0955384 	-1.39508 	-0.131622 	
1.225	0.317925 	-0.173211 	0.536539 	0.0955384 	-1.39508 	-0.131622 	
1.23	0.317929 	-0.173207 	0.536525 	0.0938458 	-1.3939 	-0.12929 	
1.235	0.318 	-0.173203 	0.536527 	0.0938458 	-1.3939 	-0.12929 	
1.24	0.318071 	-0.1732 	0.536529 	0.0938458 	-1.3939 	-0.12929 	
1.245	0.318075 	-0.173196 	0.536515 	0.092152 	-1.39271 	-0.126957 	
1.25	0.318146 	-0.173192 	0.536518 	0.092152 	-1.39271 	-0.126957 	
1.255	0.318217 	-0.173189 	0.53652 	0.092152 	-1.39271 	-0.126957 	
1.26	0.318221 	-0.173185 	0.536506 	0.0904574 	-1.39152 	-0.124622 	
1.265	0.318292 	-0.173181 	0.536508 	0.0904574 	-1.39152 	-0.124622 	
1.27	0.318364 	-0.173178 	0.53651 	0.0904574 	-1.39152 	-0.124622 	
1.275	0.318367 	-0.173174 	0.536496 	0.0887628 	-1.39033 	-0.122287 	
1.28	0.318438 	-0.17317 	0.536499 	0.0887628 	-1.39033 	-0.122287 	
1.285	0.31851 	-0.173166 	0.536501 	0.0887628 	-1.39033 	-0.122287 	
1.29	0.318513 	-0.173163 	0.536487 	0.0870688 	-1.38915 	-0.119954 	
1.295	0.318585 	-0.173159 	0.536489 	0.0870688 	-1.38915 	-0.119954 	
1.3	0.318656 	-0.173155 	0.536491 	0.0870688 	-1.38915 	-0.119954 	
1.305	0.318659 	-0.173152 	0.536477 	0.0853758 	-1.38796 	-0.117621 	
1.31	0.31873 	-0.173148 	0.53648 	0.0853758 	-1.38796 	-0.117621 	
1.315	0.318802 	-0.173144 	0.536482 	0.0853758 	-1.38796 	-0.117621 	
1.32	0.318805 	-0.173141 	0.536468 	0.0836846 	-1.38677 	-0.115291 	
1.325	0.318876 	-0.173137 	0.53647 	0.0836846 	-1.38677 	-0.115291 	
1.33	0.318947 	-0.173133 	0.536472 	0.0836846 	-1.38677 	-0.115291 	
1.335	0.318951 	-0.17313 	0.536459 	0.0819957 	-1.38559 	-0.112964 	
1.34	0.319022 	-0.173126 	0.536461 	0.0819957 	-1.38559 	-0.112964 	
1.345	0.319093 	-0.173122 	0.536463 	0.0819957 	-1.38559 	-0.112964 	
1.35	0.319096 	-0.173119 	0.536449 	0.0803097 	-1.38441 	-0.110642 	
1.355	0.319167 	-0.173115 	0.536451 	0.0803097 	-1.38441 	-0.110642 	
1.36	0.319238 	-0.17311 	0.536453 	0.0803097 	-1.38441 	-0.110642 	
1.365	0.319241 	-0.173108 	0.53644 	0.0786272 	-1.38323 	-0.108324 	
1.37	0.319312 	-0.173104 	0.536442 	0.0786272 	-1.38323 	-0.108324 	
1.375	0.319382 	-0.173099 	0.536444 	0.0786272 	-1.38323 	-0.108324 	
1.38	0.319386 	-0.173097 	0.53643 	0.0769488 	-1.38205 	-0.106011 	
1.385	0.319456 	-0.173093 	0.536432 	0.0769488 	-1.38205 	-0.106011 	
1.39	0.319527 	-0.173088 	0.536434 	0.0769488 	-1.38205 	-0.106011 	
1.395	0.31953 	-0.173086 	0.536421 	0.0752752 	-1.38088 	-0.103706 	
1.4	0.319601 	-0.173082 	0.536423 	0.0752752 	-1.38088 	-0.103706 	
1.405	0.319671 	-0.173077 	0.536425 	0.0752752 	-1.38088 	-0.103706 	
1.41	0.319674 	-0.173075 	0.536412 	0.0736068 	-1.37971 	-0.101407 	
1.415	0.319744 	-0.173071 	0.536414 	0.0736068 	-1.37971 	-0.101407 	
1.42	0.319814 	-0.173066 	0.536416 	0.0736068 	-1.37971 	-0.101407 	
1.425	0.319817 	-0.173064 	0.536402 	0.0719442 	-1.37854 	-0.0991167 	
1.43	0.319887 	-0.17306 	0.536404 	0.0719442 	-1.37854 	-0.0991167 	
1.435	0.319957 	-0.173055 	0.536406 	0.0719442 	-1.37854 	-0.0991167 	
1.44	0.31996 	-0.173054 	0.536393 	0.0702882 	-1.37738 	-0.0968351 	
1.445	0.32003 	-0.173049 	0.536395 	0.0702882 	-1.37738 	-0.0968351 	
1.45	0.320099 	-0.173044 	0.536397 	0.0702882 	-1.37738 	-0.0968351 	
1.455	0.320102 	-0.173043 	0.536384 	0.0686391 	-1.37622 	-0.0945633 	
1.46	0.320171 	-0.173038 	0.536386 	0.0686391 	-1.37622 	-0.0945633 	
1.465	0.32024 	-0.173034 	0.536388 	0.0686391 	-1.37622 	-0.0945633 	
1.47	0.320244 	-0.173032 	0.536375 	0.0669977 	-1.37507 	-0.0923019 	
1.475	0.320313 	-0.173028 	0.536377 	0.0669977 	-1.37507 	-0.0923019 	
1.48	0.320381 	-0.173023 	0.536378 	0.0669977 	-1.37507 	-0.0923019 	
1.485	0.320385 	-0.173022 	0.536366 	0.0653645 	-1.37393 	-0.0900519 	
1.49	0.320453 	-0.173017 	0.536367 	0.0653645 	-1.37393 	-0.0900519 	
1.495	0.320521 	-0.173012 	0.536369 	0.0653645 	-1.37393 	-0.0900519 	
1.5	0.320525 	-0.173011 	0.536357 	0.0637401 	-1.37279 	-0.0878139 	
1.505	0.320593 	-0.173006 	0.536358 	0.0637401 	-1.37279 	-0.0878139 	
1.51	0.32066 	-0.173001 	0.53636 	0.0637401 	-1.37279 	-0.0878139 	
1.515	0.320664 	-0.173001 	0.536347 	0.062125 	-1.37166 	-0.0855889 	
1.52	0.320731 	-0.172996 	0.536349 	0.062125 	-1.37166 	-0.0855889 	
1.525	0.320799 	-0.172991 	0.536351 	0.062125 	-1.37166 	-0.0855889 	
1.53	0.320802 	-0.17299 	0.536338 	0.0605198 	-1.37053 	-0.0833774 	
1.535	0.320869 	-0.172985 	0.53634 	0.0605198 	-1.37053 	-0.0833774 	
1.54	0.320936 	-0.17298 	0.536342 	0.0605198 	-1.37053 	-0.0833774 	
1.545	0.320939 	-0.17298 	0.53633 	0.0589252 	-1.36941 	-0.0811805 	
1.55	0.321006 	-0.172975 	0.536331 	0.0589252 	-1.36941 	-0.0811805 	
1.555	0.321073 	-0.17297 	0.536333 	0.0589252 	-1.36941 	-0.0811805 	
1.56	0.321076 	-0.17297 	0.536321 	0.0573415 	-1.3683 	-0.0789987 	
1.565	0.321142 	-0.172965 	0.536322 	0.0573415 	-1.3683 	-0.0789987 	
1.57	0.321208 	-0.172959 	0.536324 	0.0573415 	-1.3683 	-0.0789987 	
1.575	0.321211 	-0.172959 	0.536312 	0.0557695 	-1.3672 	-0.076833 	
1.58	0.321277 	-0.172954 	0.536314 	0.0557695 	-1.3672 	-0.076833 	
1.585	0.321343 	-0.172949 	0.536315 	0.0557695 	-1.3672 	-0.076833 	
1.59	0.321346 	-0.172949 	0.536303 	0.0542096 	-1.36611 	-0.0746839 	
1.595	0.321411 	-0.172944 	0.536305 	0.0542096 	-1.36611 	-0.0746839 	
1.6	0.321476 	-0.172939 	0.536306 	0.0542096 	-1.36611 	-0.0746839 	
1.605	0.321479 	-0.172939 	0.536295 	0.0526625 	-1.36502 	-0.0725524 	
1.61	0.321544 	-0.172934 	0.536296 	0.0526625 	-1.36502 	-0.0725524 	
1.615	0.321608 	-0.172929 	0.536298 	0.0526625 	-1.36502 	-0.0725524 	
1.62	0.321611 	-0.172929 	0.536286 	0.0511286 	-1.36395 	-0.0704392 	
1.625	0.321675 	-0.172924 	0.536288 	0.0511286 	-1.36395 	-0.0704392 	
1.63	0.321739 	-0.172919 	0.536289 	0.0511286 	-1.36395 	-0.0704392 	
1.635	0.321803 	-0.172914 	0.536291 	0.0511286 	-1.36395 	-0.0704392 	
1.64	0.321787 	-0.172916 	0.536275 	0.0491569 	-1.36256 	-0.0677228 	
1.645	0.321851 	-0.172911 	0.536277 	0.0491569 	-1.36256 	-0.0677228 	
1.65	0.321914 	-0.172905 	0.536278 	0.0491569 	-1.36256 	-0.0677228 	
1.655	0.321915 	-0.172906 	0.536266 	0.0476093 	-1.36148 	-0.0655908 	
1.66	0.321977 	-0.172901 	0.536268 	0.0476093 	-1.36148 	-0.0655908 	
1.665	0.32204 	-0.172896 	0.536269 	0.0476093 	-1.36148 	-0.0655908 	
1.67	0.322102 	-0.17289 	0.536271 	0.0476093 	-1.36148 	-0.0655908 	
1.675	0.322087 	-0.172893 	0.536256 	0.0456777 	-1.36012 	-0.0629295 	
1.68	0.322149 	-0.172888 	0.536257 	0.0456777 	-1.36012 	-0.0629295 	
1.685	0.32221 	-0.172883 	0.536258 	0.0456777 	-1.36012 	-0.0629295 	
1.69	0.322271 	-0.172877 	0.53626 	0.0456777 	-1.36012 	-0.0629295 	
1.695	0.322255 	-0.172881 	0.536245 	0.043732 	-1.35876 	-0.0602489 	
1.7	0.322316 	-0.172875 	0.536246 	0.043732 	-1.35876 	-0.0602489 	
1.705	0.322376 	-0.17287 	0.536248 	0.043732 	-1.35876 	-0.0602489 	
1.71	0.322437 	-0.172865 	0.536249 	0.043732 	-1.35876 	-0.0602489 	
1.715	0.32242 	-0.172868 	0.536234 	0.0418111 	-1.35741 	-0.0576025 	
1.72	0.32248 	-0.172863 	0.536235 	0.0418111 	-1.35741 	-0.0576025 	
1.725	0.32254 	-0.172858 	0.536237 	0.0418111 	-1.35741 	-0.0576025 	
1.73	0.322599 	-0.172852 	0.536238 	0.0418111 	-1.35741 	-0.0576025 	
1.735	0.322583 	-0.172856 	0.536223 	0.0399202 	-1.35609 	-0.0549974 	
1.74	0.322642 	-0.172851 	0.536225 	0.0399202 	-1.35609 	-0.0549974 	
1.745	0.3227 	-0.172845 	0.536226 	0.0399202 	-1.35609 	-0.0549974 	
1.75	0.322759 	-0.17284 	0.536227 	0.0399202 	-1.35609 	-0.0549974 	
1.755	0.322743 	-0.172844 	0.536213 	0.0380607 	-1.35478 	-0.0524356 	
1.76	0.322801 	-0.172839 	0.536214 	0.0380607 	-1.35478 	-0.0524356 	
1.765	0.322858 	-0.172833 	0.536216 	0.0380607 	-1.35478 	-0.0524356 	
1.77	0.322916 	-0.172828 	0.536217 	0.0380607 	-1.35478 	-0.0524356 	
1.775	0.3229 	-0.172832 	0.536203 	0.0362339 	-1.3535 	-0.0499189 	
1.78	0.322957 	-0.172827 	0.536204 	0.0362339 	-1.3535 	-0.0499189 	
1.785	0.323013 	-0.172821 	0.536205 	0.0362339 	-1.3535 	-0.0499189 	
1.79	0.323069 	-0.172816 	0.536206 	0.0362339 	-1.3535 	-0.0499189 	
1.795	0.323054 	-0.172821 	0.536193 	0.034441 	-1.35225 	-0.0474489 	
1.8	0.32311 	-0.172815 	0.536194 	0.034441 	-1.35225 	-0.0474489 	
1.805	0.323165 	-0.17281 	0.536195 	0.034441 	-1.35225 	-0.0474489 	
1.81	0.32322 	-0.172805 	0.536196 	0.034441 	-1.35225 	-0.0474489 	
1.815	0.323205 	-0.172809 	0.536183 	0.0326831 	-1.35101 	-0.045027 	
1.82	0.32326 	-0.172804 	0.536184 	0.0326831 	-1.35101 	-0.045027 	
1.825	0.323314 	-0.172799 	0.536185 	0.0326831 	-1.35101 	-0.045027 	
1.83	0.323368 	-0.172793 	0.536186 	0.0326831 	-1.35101 	-0.045027 	
1.835	0.323353 	-0.172798 	0.536173 	0.0309613 	-1.34981 	-0.0426549 	
1.84	0.323407 	-0.172793 	0.536174 	0.0309613 	-1.34981 	-0.0426549 	
1.845	0.32346 	-0.172788 	0.536175 	0.0309613 	-1.34981 	-0.0426549 	
1.85	0.323513 	-0.172782 	0.536176 	0.0309613 	-1.34981 	-0.0426549 	
1.855	0.323498 	-0.172787 	0.536164 	0.0292766 	-1.34863 	-0.040334 	
1.86	0.32355 	-0.172782 	0.536165 	0.0292766 	-1.34863 	-0.040334 	
1.865	0.323602 	-0.172777 	0.536166 	0.0292766 	-1.34863 	-0.040334 	
1.87	0.323654 	-0.172771 	0.536167 	0.0292766 	-1.34863 	-0.040334 	
1.875	0.32364 	-0.172777 	0.536155 	0.0276302 	-1.34747 	-0.0380657 	
1.88	0.32369 	-0.172771 	0.536156 	0.0276302 	-1.34747 	-0.0380657 	
1.885	0.323741 	-0.172766 	0.536157 	0.0276302 	-1.34747 	-0.0380657 	
1.89	0.323791 	-0.172761 	0.536158 	0.0276302 	-1.34747 	-0.0380657 	
1.895	0.323778 	-0.172766 	0.536146 	0.026023 	-1.34634 	-0.0358514 	
1.9	0.323827 	-0.172761 	0.536147 	0.026023 	-1.34634 	-0.0358514 	
1.905	0.323877 	-0.172756 	0.536148 	0.026023 	-1.34634 	-0.0358514 	
1.91	0.323926 	-0.172751 	0.536148 	0.026023 	-1.34634 	-0.0358514 	
1.915	0.323912 	-0.172756 	0.536137 	0.024456 	-1.34525 	-0.0336927 	
1.92	0.323961 	-0.172751 	0.536138 	0.024456 	-1.34525 	-0.0336927 	
1.925	0.324009 	-0.172746 	0.536139 	0.024456 	-1.34525 	-0.0336927 	
1.93	0.324056 	-0.172741 	0.53614 	0.024456 	-1.34525 	-0.0336927 	
1.935	0.324043 	-0.172746 	0.536128 	0.0229303 	-1.34418 	-0.0315907 	
1.94	0.32409 	-0.172741 	0.536129 	0.0229303 	-1.34418 	-0.0315907 	
1.945	0.324137 	-0.172736 	0.53613 	0.0229303 	-1.34418 	-0.0315907 	
1.95	0.324183 	-0.172731 	0.536131 	0.0229303 	-1.34418 	-0.0315907 	
1.955	0.324229 	-0.172726 	0.536132 	0.0229303 	-1.34418 	-0.0315907 	
1.96	0.324203 	-0.172734 	0.536118 	0.021121 	-1.34291 	-0.029098 	
1.965	0.324249 	-0.172729 	0.536119 	0.021121 	-1.34291 	-0.029098 	
1.97	0.324294 	-0.172724 	0.53612 	0.021121 	-1.34291 	-0.029098 	
1.975	0.324338 	-0.172719 	0.536121 	0.021121 	-1.34291 	-0.029098 	
1.98	0.324383 	-0.172715 	0.536122 	0.021121 	-1.34291 	-0.029098 	
1.985	0.324356 	-0.172723 	0.536108 	0.0193435 	-1.34166 	-0.0266492 	
1.99	0.3244 	-0.172718 	0.536109 	0.0193435 	-1.34166 	-0.0266492 	
1.995	0.324443 	-0.172713 	0.53611 	0.0193435 	-1.34166 	-0.0266492 	
2	0.324486 	-0.172708 	0.536111 	0.0193435 	-1.34166 	-0.0266492 	
2.005	0.324528 	-0.172704 	0.536111 	0.0193435 	-1.34166 	-0.0266492 	
2.01	0.324503 	-0.172712 	0.536099 	0.0176319 	-1.34046 	-0.0242911 	
2.015	0.324545 	-0.172707 	0.5361 	0.0176319 	-1.34046 	-0.0242911 	
2.02	0.324586 	-0.172702 	0.5361 	0.0176319 	-1.34046 	-0.0242911 	
2.025	0.324627 	-0.172698 	0.536101 	0.0176319 	-1.34046 	-0.0242911 	
2.03	0.324668 	-0.172693 	0.536102 	0.0176319 	-1.34046 	-0.0242911 	
2.035	0.324643 	-0.172701 	0.53609 	0.015991 	-1.33931 	-0.0220304 	
2.04	0.324683 	-0.172697 	0.53609 	0.015991 	-1.33931 	-0.0220304 	
2.045	0.324723 	-0.172692 	0.536091 	0.015991 	-1.33931 	-0.0220304 	
2.05	0.324762 	-0.172688 	0.536092 	0.015991 	-1.33931 	-0.0220304 	
2.055	0.324801 	-0.172683 	0.536092 	0.015991 	-1.33931 	-0.0220304 	
2.06	0.324778 	-0.172691 	0.536081 	0.0144227 	-1.33821 	-0.0198699 	
2.065	0.324816 	-0.172687 	0.536081 	0.0144227 	-1.33821 	-0.0198699 	
2.07	0.324854 	-0.172682 	0.536082 	0.0144227 	-1.33821 	-0.0198699 	
2.075	0.324891 	-0.172678 	0.536083 	0.0144227 	-1.33821 	-0.0198699 	
2.08	0.324928 	-0.172674 	0.536083 	0.0144227 	-1.33821 	-0.0198699 	
2.085	0.324965 	-0.17267 	0.536084 	0.0144227 	-1.33821 	-0.0198699 	
2.09	0.324932 	-0.172679 	0.536071 	0.0126702 	-1.33698 	-0.0174554 	
2.095	0.324967 	-0.172675 	0.536072 	0.0126702 	-1.33698 	-0.0174554 	
2.1	0.325003 	-0.172671 	0.536072 	0.0126702 	-1.33698 	-0.0174554 	
2.105	0.325038 	-0.172667 	0.536073 	0.0126702 	-1.33698 	-0.0174554 	
2.11	0.325073 	-0.172663 	0.536073 	0.0126702 	-1.33698 	-0.0174554 	
2.115	0.325107 	-0.172659 	0.536074 	0.0126702 	-1.33698 	-0.0174554 	
2.12	0.325075 	-0.172668 	0.536062 	0.0109972 	-1.33581 	-0.0151506 	
2.125	0.325108 	-0.172665 	0.536062 	0.0109972 	-1.33581 	-0.0151506 	
2.13	0.325141 	-0.172661 	0.536063 	0.0109972 	-1.33581 	-0.0151506 	
2.135	0.325174 	-0.172657 	0.536063 	0.0109972 	-1.33581 	-0.0151506 	
2.14	0.325206 	-0.172653 	0.536064 	0.0109972 	-1.33581 	-0.0151506 	
2.145	0.325238 	-0.172649 	0.536064 	0.0109972 	-1.33581 	-0.0151506 	
2.15	0.325208 	-0.172659 	0.536053 	0.00943292 	-1.33471 	-0.0129955 	
2.155	0.325239 	-0.172655 	0.536053 	0.00943292 	-1.33471 	-0.0129955 	
2.16	0.32527 	-0.172651 	0.536054 	0.00943292 	-1.33471 	-0.0129955 	
2.165	0.3253 	-0.172648 	0.536054 	0.00943292 	-1.33471 	-0.0129955 	
2.17	0.32533 	-0.172644 	0.536055 	0.00943292 	-1.33471 	-0.0129955 	
2.175	0.32536 	-0.172641 	0.536055 	0.00943292 	-1.33471 	-0.0129955 	
2.18	0.325389 	-0.172637 	0.536056 	0.00943292 	-1.33471 	-0.0129955 	
2.185	0.325352 	-0.172648 	0.536044 	0.00777728 	-1.33355 	-0.0107145 	
2.19	0.325381 	-0.172644 	0.536044 	0.00777728 	-1.33355 	-0.0107145 	
2.195	0.325408 	-0.172641 	0.536045 	0.00777728 	-1.33355 	-0.0107145 	
2.2	0.325436 	-0.172638 	0.536045 	0.00777728 	-1.33355 	-0.0107145 	
2.205	0.325463 	-0.172634 	0.536045 	0.00777728 	-1.33355 	-0.0107145 	
2.21	0.32549 	-0.172631 	0.536046 	0.00777728 	-1.33355 	-0.0107145 	
2.215	0.325516 	-0.172628 	0.536046 	0.00777728 	-1.33355 	-0.0107145 	
2.22	0.325482 	-0.172638 	0.536035 	0.00625471 	-1.33248 	-0.00861693 	
2.225	0.325507 	-0.172635 	0.536036 	0.00625471 	-1.33248 	-0.00861693 	
2.23	0.325532 	-0.172632 	0.536036 	0.00625471 	-1.33248 	-0.00861693 	
2.235	0.325557 	-0.172629 	0.536036 	0.00625471 	-1.33248 	-0.00861693 	
2.24	0.325581 	-0.172626 	0.536037 	0.00625471 	-1.33248 	-0.00861693 	
2.245	0.325605 	-0.172623 	0.536037 	0.00625471 	-1.33248 	-0.00861693 	
2.25	0.325628 	-0.17262 	0.536037 	0.00625471 	-1.33248 	-0.00861693 	
2.255	0.325651 	-0.172617 	0.536038 	0.00625471 	-1.33248 	-0.00861693 	
2.26	0.325613 	-0.172628 	0.536027 	0.00473013 	-1.33141 	-0.00651652 	
2.265	0.325635 	-0.172625 	0.536027 	0.00473013 	-1.33141 	-0.00651652 	
2.27	0.325657 	-0.172623 	0.536027 	0.00473013 	-1.33141 	-0.00651652 	
2.275	0.325678 	-0.17262 	0.536028 	0.00473013 	-1.33141 	-0.00651652 	
2.28	0.325699 	-0.172618 	0.536028 	0.00473013 	-1.33141 	-0.00651652 	
2.285	0.325719 	-0.172615 	0.536028 	0.00473013 	-1.33141 	-0.00651652 	
2.29	0.325739 	-0.172613 	0.536028 	0.00473013 	-1.33141 	-0.00651652 	
2.295	0.325759 	-0.17261 	0.536029 	0.00473013 	-1.33141 	-0.00651652 	
2.3	0.325778 	-0.172608 	0.536029 	0.00473013 	-1.33141 	-0.00651652 	
2.305	0.325797 	-0.172606 	0.536029 	0.00473013 	-1.33141 	-0.00651652 	
2.31	0.325752 	-0.172618 	0.536018 	0.00313463 	-1.3303 	-0.0043184 	
2.315	0.32577 	-0.172615 	0.536018 	0.00313463 	-1.3303 	-0.0043184 	
2.32	0.325787 	-0.172613 	0.536018 	0.00313463 	-1.3303 	-0.0043184 	
2.325	0.325804 	-0.172611 	0.536018 	0.00313463 	-1.3303 	-0.0043184 	
2.33	0.325821 	-0.172609 	0.536019 	0.00313463 	-1.3303 	-0.0043184 	
2.335	0.325837 	-0.172607 	0.536019 	0.00313463 	-1.3303 	-0.0043184 	
2.34	0.325852 	-0.172605 	0.536019 	0.00313463 	-1.3303 	-0.0043184 	
2.345	0.325867 	-0.172603 	0.536019 	0.00313463 	-1.3303 	-0.0043184 	
2.35	0.325882 	-0.172601 	0.53602 	0.00313463 	-1.3303 	-0.0043184 	
2.355	0.325897 	-0.1726 	0.53602 	0.00313463 	-1.3303 	-0.0043184 	
2.36	0.32591 	-0.172598 	0.53602 	0.00313463 	-1.3303 	-0.0043184 	
2.365	0.325924 	-0.172596 	0.53602 	0.00313463 	-1.3303 	-0.0043184 	
2.37	0.325937 	-0.172595 	0.53602 	0.00313463 	-1.3303 	-0.0043184 	
2.375	0.325888 	-0.172607 	0.536009 	0.00155948 	-1.32919 	-0.00214833 	
2.38	0.3259 	-0.172606 	0.536009 	0.00155948 	-1.32919 	-0.00214833 	
2.385	0.325911 	-0.172604 	0.536009 	0.00155948 	-1.32919 	-0.00214833 	
2.39	0.325923 	-0.172603 	0.536009 	0.00155948 	-1.32919 	-0.00214833 	
2.395	0.325934 	-0.172602 	0.53601 	0.00155948 	-1.32919 	-0.00214833 	
2.4	0.325944 	-0.1726 	0.53601 	0.00155948 	-1.32919 	-0.00214833 	
2.405	0.325954 	-0.172599 	0.53601 	0.00155948 	-1.32919 	-0.00214833 	
2.41	0.325963 	-0.172598 	0.53601 	0.00155948 	-1.32919 	-0.00214833 	
2.415	0.325972 	-0.172597 	0.53601 	0.00155948 	-1.32919 	-0.00214833 	
2.42	0.32598 	-0.172596 	0.53601 	0.00155948 	-1.32919 	-0.00214833 	
2.425	0.325988 	-0.172595 	0.53601 	0.00155948 	-1.32919 	-0.00214833 	
2.43	0.325996 	-0.172594 	0.53601 	0.00155948 	-1.32919 	-0.00214833 	
2.435	0.326004 	-0.172593 	0.536011 	0.00155948 	-1.32919 	-0.00214833 	
2.44	0.326011 	-0.172592 	0.536011 	0.00155948 	-1.32919 	-0.00214833 	
2.445	0.326017 	-0.172591 	0.536011 	0.00155948 	-1.32919 	-0.00214833 	
2.45	0.326023 	-0.17259 	0.536011 	0.00155948 	-1.32919 	-0.00214833 	
2.455	0.326029 	-0.17259 	0.536011 	0.00155948 	-1.32919 	-0.00214833 	
2.46	0.326034 	-0.172589 	0.536011 	0.00155948 	-1.32919 	-0.00214833 	
2.465	0.326039 	-0.172588 	0.536011 	0.00155948 	-1.32919 	-0.00214833 	
2.47	0.326043 	-0.172588 	0.536011 	0.00155948 	-1.32919 	-0.00214833 	
2.475	0.326047 	-0.172587 	0.536011 	0.00155948 	-1.32919 	-0.00214833 	
2.48	0.32605 	-0.172587 	0.536011 	0.00155948 	-1.32919 	-0.00214833 	
2.485	0.326053 	-0.172587 	0.536011 	0.00155948 	-1.32919 	-0.00214833 	
2.49	0.326055 	-0.172586 	0.536011 	0.00155948 	-1.32919 	-0.00214833 	
2.495	0.326057 	-0.172586 	0.536011 	0.00155948 	-1.32919 	-0.00214833 	
2.5	0.326059 	-0.172586 	0.536011 	0.00155948 	-1.32919 	-0.00214833 	
2.505	0.32606 	-0.172586 	0.536011 	0.00155948 	-1.32919 	-0.00214833 	
2.51	0.32606 	-0.172586 	0.536011 	0.00155948 	-1.32919 	-0.00214833 	
2.515	0.326061 	-0.172586 	0.536011 	0.00155948 	-1.32919 	-0.00214833 	
2.52	0.326061 	-0.172586 	0.536011 	0.00155948 	-1.32919 	-0.00214833 	
2.525	0.326061 	-0.172586 	0.536011 	0.00155948 	-1.32919 	-0.00214833 	
2.53	0.326062 	-0.172587 	0.536011 	0.00155948 	-1.32919 	-0.00214833 	
2.535	0.326062 	-0.172588 	0.53601 	0.00155948 	-1.32919 	-0.00214833 	
2.54	0.326062 	-0.17259 	0.536009 	0.00155948 	-1.32919 	-0.00214833 	
2.545	0.326009 	-0.172599 	0.535998 	0.000413665 	-1.32823 	-0.000217412 	
2.55	0.326009 	-0.172601 	0.535997 	0.000413665 	-1.32823 	-0.000217412 	
2.555	0.32601 	-0.172604 	0.535996 	0.000413665 	-1.32823 	-0.000217412 	
2.56	0.326011 	-0.172607 	0.535994 	0.000413665 	-1.32823 	-0.000217412 	
2.565	0.326012 	-0.17261 	0.535993 	0.000413664 	-1.32823 	-0.000217412 	
2.57	0.326013 	-0.172614 	0.535991 	0.000413664 	-1.32823 	-0.000217412 	
2.575	0.326014 	-0.172618 	0.535989 	0.000413664 	-1.32823 	-0.000217412 	
2.58	0.326015 	-0.172622 	0.535987 	0.000413664 	-1.32823 	-0.000217412 	
2.585	0.326017 	-0.172627 	0.535984 	0.000413664 	-1.32823 	-0.000217412 	
2.59	0.326017 	-0.172603 	0.535983 	0.00163733 	-1.32827 	-2.16147e-05 	
2.595	0.326019 	-0.172608 	0.53598 	0.00163733 	-1.32827 	-2.16145e-05 	
2.6	0.326021 	-0.172614 	0.535977 	0.00163733 	-1.32827 	-2.16142e-05 	
2.605	0.326022 	-0.17262 	0.535974 	0.00163733 	-1.32827 	-2.16139e-05 	
2.61	0.326024 	-0.172627 	0.535971 	0.00163733 	-1.32827 	-2.16136e-05 	
2.615	0.32603 	-0.172603 	0.535969 	0.00299824 	-1.3284 	-1.75377e-06 	
2.62	0.326032 	-0.17261 	0.535965 	0.00299824 	-1.3284 	-1.75337e-06 	
2.625	0.326035 	-0.172617 	0.535962 	0.00299824 	-1.3284 	-1.75292e-06 	
2.63	0.326037 	-0.172626 	0.535957 	0.00299824 	-1.3284 	-1.75243e-06 	
2.635	0.326044 	-0.172603 	0.535955 	0.00437793 	-1.32853 	2.6306e-07 	
2.64	0.326047 	-0.172612 	0.535951 	0.00437793 	-1.32853 	2.63632e-07 	
2.645	0.326049 	-0.172621 	0.535946 	0.00437793 	-1.32853 	2.64157e-07 	
2.65	0.326052 	-0.17263 	0.535942 	0.00437793 	-1.32853 	2.64723e-07 	
2.655	0.32606 	-0.172604 	0.535939 	0.00598256 	-1.32869 	6.22251e-07 	
2.66	0.326063 	-0.172614 	0.535934 	0.00598256 	-1.32869 	6.22903e-07 	
2.665	0.326066 	-0.172624 	0.535929 	0.00598256 	-1.32869 	6.23601e-07 	
2.67	0.326074 	-0.172603 	0.535925 	0.00738885 	-1.32883 	5.24168e-07 	
2.675	0.326077 	-0.172614 	0.53592 	0.00738885 	-1.32883 	5.24961e-07 	
2.68	0.32608 	-0.172626 	0.535914 	0.00738885 	-1.32883 	5.25805e-07 	
2.685	0.326089 	-0.172604 	0.53591 	0.00889913 	-1.32898 	5.86137e-07 	
2.69	0.326092 	-0.172616 	0.535904 	0.00889913 	-1.32898 	5.87084e-07 	
2.695	0.326096 	-0.172628 	0.535898 	0.00889913 	-1.32898 	5.88085e-07 	
2.7	0.326105 	-0.172604 	0.535894 	0.010543 	-1.32914 	6.91359e-07 	
2.705	0.326109 	-0.172617 	0.535887 	0.010543 	-1.32914 	6.92472e-07 	
2.71	0.326113 	-0.172631 	0.535881 	0.010543 	-1.32914 	6.93643e-07 	
2.715	0.326123 	-0.172604 	0.535876 	0.0123227 	-1.32932 	8.11139e-07 	
2.72	0.326127 	-0.172618 	0.535869 	0.0123227 	-1.32932 	8.12429e-07 	
2.725	0.326136 	-0.172603 	0.535864 	0.0136455 	-1.32945 	4.98227e-07 	
2.73	0.32614 	-0.172618 	0.535856 	0.0136455 	-1.32945 	4.99642e-07 	
2.735	0.326149 	-0.172603 	0.535851 	0.014976 	-1.32958 	4.73256e-07 	
2.74	0.326153 	-0.172619 	0.535843 	0.014976 	-1.32958 	4.74801e-07 	
2.745	0.326162 	-0.172603 	0.535837 	0.0163606 	-1.32971 	5.06309e-07 	
2.75	0.326167 	-0.172619 	0.535829 	0.0163606 	-1.32971 	5.07988e-07 	
2.755	0.326177 	-0.172603 	0.535823 	0.0178038 	-1.32986 	5.49497e-07 	
2.76	0.326182 	-0.17262 	0.535814 	0.0178038 	-1.32986 	5.51315e-07 	
2.765	0.326192 	-0.172604 	0.535808 	0.0193056 	-1.33001 	5.9546e-07 	
2.77	0.326197 	-0.172621 	0.535799 	0.0193056 	-1.33001 	5.9742e-07 	
2.775	0.326207 	-0.172604 	0.535792 	0.0208657 	-1.33016 	6.4316e-07 	
2.78	0.326213 	-0.172622 	0.535783 	0.0208657 	-1.33016 	6.45268e-07 	
2.785	0.326223 	-0.172604 	0.535776 	0.0224838 	-1.33032 	6.9243e-07 	
2.79	0.326229 	-0.172623 	0.535767 	0.0224838 	-1.33032 	6.94688e-07 	
2.795	0.32624 	-0.172604 	0.53576 	0.0241593 	-1.33048 	7.43209e-07 	
2.8	0.326246 	-0.172623 	0.53575 	0.0241593 	-1.33048 	7.45623e-07 	
2.805	0.326257 	-0.172604 	0.535742 	0.025892 	-1.33066 	7.95453e-07 	
2.81	0.326263 	-0.172624 	0.535732 	0.025892 	-1.33066 	7.98025e-07 	
2.815	0.326275 	-0.172604 	0.535725 	0.0276813 	-1.33083 	8.49115e-07 	
2.82	0.326281 	-0.172625 	0.535714 	0.0276813 	-1.33083 	8.51849e-07 	
2.825	0.326293 	-0.172604 	0.535706 	0.0295269 	-1.33101 	9.04149e-07 	
2.83	0.326299 	-0.172626 	0.535695 	0.0295269 	-1.33101 	9.07048e-07 	
2.835	0.326312 	-0.172605 	0.535687 	0.0314282 	-1.3312 	9.60506e-07 	
2.84	0.326319 	-0.172626 	0.535676 	0.0314282 	-1.3312 	9.63573e-07 	
2.845	0.326331 	-0.172605 	0.535668 	0.0333849 	-1.3314 	1.01814e-06 	
2.85	0.326338 	-0.172627 	0.535657 	0.0333849 	-1.3314 	1.02137e-06 	
2.855	0.326351 	-0.172605 	0.535648 	0.0353963 	-1.33159 	1.07699e-06 	
2.86	0.326358 	-0.172628 	0.535636 	0.0353963 	-1.33159 	1.0804e-06 	
2.865	0.326371 	-0.172605 	0.535628 	0.0374621 	-1.3318 	1.13701e-06 	
2.87	0.326379 	-0.172629 	0.535616 	0.0374621 	-1.3318 	1.1406e-06 	
2.875	0.326392 	-0.172605 	0.535607 	0.0395816 	-1.33201 	1.19816e-06 	
2.88	0.3264 	-0.172629 	0.535594 	0.0395816 	-1.33201 	1.20192e-06 	
2.885	0.326414 	-0.172605 	0.535585 	0.0417544 	-1.33222 	1.26036e-06 	
2.89	0.326422 	-0.17263 	0.535572 	0.0417544 	-1.33222 	1.26431e-06 	
2.895	0.326436 	-0.172605 	0.535563 	0.0439799 	-1.33244 	1.32358e-06 	
2.9	0.326444 	-0.172631 	0.53555 	0.0439799 	-1.33244 	1.32771e-06 	
2.905	0.326458 	-0.172605 	0.535541 	0.0462576 	-1.33267 	1.38775e-06 	
2.91	0.32647 	-0.172603 	0.535529 	0.0475312 	-1.33279 	5.51279e-07 	
2.915	0.326479 	-0.172629 	0.535516 	0.0475312 	-1.33279 	5.55679e-07 	
2.92	0.326493 	-0.172605 	0.535506 	0.0497823 	-1.33301 	1.28731e-06 	
2.925	0.326505 	-0.172603 	0.535494 	0.0510876 	-1.33314 	5.63044e-07 	
2.93	0.326514 	-0.17263 	0.53548 	0.0510876 	-1.33314 	5.67721e-07 	
2.935	0.326529 	-0.172606 	0.53547 	0.05341 	-1.33337 	1.36963e-06 	
2.94	0.326541 	-0.172603 	0.535458 	0.0547563 	-1.3335 	5.99537e-07 	
2.945	0.326551 	-0.172631 	0.535443 	0.0547563 	-1.3335 	6.04491e-07 	
2.95	0.326566 	-0.172606 	0.535433 	0.0571497 	-1.33374 	1.45677e-06 	
2.955	0.326579 	-0.172603 	0.535421 	0.0585363 	-1.33388 	6.3699e-07 	
2.96	0.326592 	-0.172603 	0.535408 	0.0598323 	-1.33401 	4.97549e-07 	
2.965	0.326604 	-0.172603 	0.535395 	0.06113 	-1.33413 	4.85482e-07 	
2.97	0.326617 	-0.172603 	0.535382 	0.0624387 	-1.33426 	4.91905e-07 	
2.975	0.32663 	-0.172603 	0.535369 	0.0637591 	-1.33439 	5.0078e-07 	
2.98	0.326643 	-0.172603 	0.535356 	0.0650914 	-1.33452 	5.09983e-07 	
2.985	0.326657 	-0.172603 	0.535343 	0.0664353 	-1.33466 	5.19249e-07 	
2.99	0.32667 	-0.172603 	0.535329 	0.0677909 	-1.33479 	5.28544e-07 	
2.995	0.326684 	-0.172603 	0.535316 	0.0691581 	-1.33493 	5.37862e-07 	
3	0.326697 	-0.172603 	0.535302 	0.0705367 	-1.33506 	5.472e-07 	
3.005	0.326711 	-0.172603 	0.535288 	0.0719267 	-1.3352 	5.56556e-07 	
3.01	0.326725 	-0.172603 	0.535275 	0.0733281 	-1.33534 	5.65928e-07 	
3.015	0.326739 	-0.172603 	0.535261 	0.0747406 	-1.33548 	5.75314e-07 	
3.02	0.326753 	-0.172603 	0.535247 	0.0761643 	-1.33562 	5.84712e-07 	
3.025	0.326767 	-0.172603 	0.535232 	0.077599 	-1.33576 	5.94119e-07 	
3.03	0.326781 	-0.172603 	0.535218 	0.0790446 	-1.3359 	6.03534e-07 	
3.035	0.326796 	-0.172603 	0.535204 	0.0805011 	-1.33605 	6.12954e-07 	
3.04	0.32681 	-0.172603 	0.535189 	0.0819684 	-1.33619 	6.22376e-07 	
3.045	0.326825 	-0.172603 	0.535175 	0.0834463 	-1.33634 	6.318e-07 	
3.05	0.32684 	-0.172603 	0.53516 	0.0849349 	-1.33648 	6.41222e-07 	
3.055	0.326854 	-0.172603 	0.535145 	0.0864339 	-1.33663 	6.5064e-07 	
3.06	0.326869 	-0.172603 	0.53513 	0.0879433 	-1.33678 	6.60052e-07 	
3.065	0.326884 	-0.172603 	0.535115 	0.089463 	-1.33693 	6.69457e-07 	
3.07	0.326899 	-0.172603 	0.5351 	0.0909929 	-1.33708 	6.78851e-07 	
3.075	0.326915 	-0.172603 	0.535085 	0.092533 	-1.33723 	6.88233e-07 	
3.08	0.32693 	-0.172603 	0.53507 	0.094083 	-1.33739 	6.976e-07 	
3.085	0.326945 	-0.172604 	0.535054 	0.095643 	-1.33754 	7.0695e-07 	
3.09	0.326961 	-0.172604 	0.535039 	0.0972128 	-1.33769 	7.16281e-07 	
3.095	0.326976 	-0.172604 	0.535023 	0.0987923 	-1.33785 	7.25591e-07 	
3.1	0.326992 	-0.172604 	0.535007 	0.100381 	-1.33801 	7.34877e-07 	
3.105	0.327008 	-0.172604 	0.534992 	0.10198 	-1.33817 	7.44138e-07 	
3.11	0.327024 	-0.172604 	0.534976 	0.103588 	-1.33832 	7.53371e-07 	
3.115	0.32704 	-0.172604 	0.53496 	0.105206 	-1.33848 	7.62574e-07 	
3.12	0.327056 	-0.172604 	0.534944 	0.106832 	-1.33864 	7.71744e-07 	
3.125	0.327072 	-0.172604 	0.534927 	0.108468 	-1.33881 	7.8088e-07 	
3.13	0.327088 	-0.172604 	0.534911 	0.110113 	-1.33897 	7.8998e-07 	
3.135	0.327105 	-0.172604 	0.534895 	0.111767 	-1.33913 	7.99041e-07 	
3.14	0.327121 	-0.172604 	0.534878 	0.113429 	-1.3393 	8.08061e-07 	
3.145	0.327138 	-0.172604 	0.534862 	0.115101 	-1.33946 	8.17037e-07 	
3.15	0.327154 	-0.172604 	0.534845 	0.11678 	-1.33963 	8.25969e-07 	
3.155	0.327171 	-0.172604 	0.534829 	0.118469 	-1.33979 	8.34853e-07 	
3.16	0.327188 	-0.172604 	0.534812 	0.120166 	-1.33996 	8.43688e-07 	
3.165	0.327204 	-0.172604 	0.534795 	0.121871 	-1.34013 	8.5247e-07 	
3.17	0.327221 	-0.172604 	0.534778 	0.123584 	-1.3403 	8.61199e-07 	
3.175	0.327238 	-0.172604 	0.534761 	0.125305 	-1.34047 	8.69873e-07 	
3.18	0.327255 	-0.172604 	0.534744 	0.127035 	-1.34064 	8.78488e-07 	
3.185	0.327273 	-0.172604 	0.534727 	0.128772 	-1.34081 	8.87043e-07 	
3.19	0.32729 	-0.172604 	0.53471 	0.130517 	-1.34098 	8.95536e-07 	
3.195	0.327307 	-0.172604 	0.534692 	0.132269 	-1.34115 	9.03964e-07 	
3.2	0.327325 	-0.172604 	0.534675 	0.134029 	-1.34133 	9.12326e-07 	
3.205	0.327342 	-0.172604 	0.534658 	0.135797 	-1.3415 	9.2062e-07 	
3.21	0.327359 	-0.172604 	0.53464 	0.137572 	-1.34168 	9.28844e-07 	
3.215	0.327377 	-0.172604 	0.534622 	0.139354 	-1.34185 	9.36995e-07 	
3.22	0.327395 	-0.172604 	0.534605 	0.141143 	-1.34203 	9.45072e-07 	
3.225	0.327413 	-0.172604 	0.534587 	0.142939 	-1.34221 	9.53072e-07 	
3.23	0.32743 	-0.172604 	0.534569 	0.144742 	-1.34239 	9.60994e-07 	
3.235	0.327448 	-0.172604 	0.534551 	0.146552 	-1.34256 	9.68835e-07 	
3.24	0.327466 	-0.172604 	0.534533 	0.148369 	-1.34274 	9.76594e-07 	
3.245	0.327484 	-0.172604 	0.534515 	0.150192 	-1.34292 	9.84269e-07 	
3.25	0.327502 	-0.172604 	0.534497 	0.152021 	-1.3431 	9.91858e-07 	
3.255	0.32752 	-0.172604 	0.534479 	0.153857 	-1.34329 	9.99358e-07 	
3.26	0.327539 	-0.172604 	0.534461 	0.155699 	-1.34347 	1.00677e-06 	
3.265	0.327557 	-0.172604 	0.534443 	0.157547 	-1.34365 	1.01409e-06 	
3.27	0.327575 	-0.172604 	0.534424 	0.159401 	-1.34383 	1.02131e-06 	
3.275	0.327593 	-0.172604 	0.534406 	0.161261 	-1.34402 	1.02844e-06 	
3.28	0.327612 	-0.172604 	0.534388 	0.163126 	-1.3442 	1.03548e-06 	
3.285	0.32763 	-0.172604 	0.534369 	0.164998 	-1.34438 	1.04241e-06 	
3.29	0.327649 	-0.172604 	0.534351 	0.166874 	-1.34457 	1.04924e-06 	
3.295	0.327668 	-0.172604 	0.534332 	0.168756 	-1.34476 	1.05597e-06 	
3.3	0.327686 	-0.172604 	0.534313 	0.170644 	-1.34494 	1.0626e-06 	
3.305	0.327705 	-0.172604 	0.534295 	0.172536 	-1.34513 	1.06912e-06 	
3.31	0.327724 	-0.172604 	0.534276 	0.174434 	-1.34532 	1.07553e-06 	
3.315	0.327742 	-0.172604 	0.534257 	0.176336 	-1.3455 	1.08183e-06 	
3.32	0.327761 	-0.172604 	0.534238 	0.178244 	-1.34569 	1.08803e-06 	
3.325	0.32778 	-0.172604 	0.53422 	0.180155 	-1.34588 	1.09411e-06 	
3.33	0.327799 	-0.172604 	0.534201 	0.182072 	-1.34607 	1.10007e-06 	
3.335	0.327818 	-0.172604 	0.534182 	0.183993 	-1.34626 	1.10592e-06 	
3.34	0.327837 	-0.172604 	0.534163 	0.185918 	-1.34645 	1.11165e-06 	
3.345	0.327856 	-0.172604 	0.534144 	0.187848 	-1.34664 	1.11727e-06 	
3.35	0.327875 	-0.172604 	0.534125 	0.189781 	-1.34683 	1.12276e-06 	
3.355	0.327894 	-0.172604 	0.534105 	0.191719 	-1.34702 	1.12813e-06 	
3.36	0.327913 	-0.172604 	0.534086 	0.19366 	-1.34721 	1.13338e-06 	
3.365	0.327933 	-0.172604 	0.534067 	0.195605 	-1.34741 	1.13851e-06 	
3.37	0.327952 	-0.172604 	0.534048 	0.197553 	-1.3476 	1.14351e-06 	
3.375	0.327971 	-0.172604 	0.534029 	0.199506 	-1.34779 	1.14838e-06 	
3.38	0.327991 	-0.172604 	0.534009 	0.201461 	-1.34798 	1.15312e-06 	
3.385	0.32801 	-0.172604 	0.53399 	0.20342 	-1.34818 	1.15774e-06 	
3.39	0.328029 	-0.172604 	0.53397 	0.205381 	-1.34837 	1.16222e-06 	
3.395	0.328049 	-0.172604 	0.533951 	0.207346 	-1.34856 	1.16657e-06 	
3.4	0.328068 	-0.172604 	0.533932 	0.209314 	-1.34876 	1.17079e-06 	
3.405	0.328088 	-0.172604 	0.533912 	0.211284 	-1.34895 	1.17487e-06 	
3.41	0.328107 	-0.172604 	0.533893 	0.213257 	-1.34915 	1.17881e-06 	
3.415	0.328127 	-0.172604 	0.533873 	0.215233 	-1.34934 	1.18262e-06 	
3.42	0.328146 	-0.172604 	0.533854 	0.217211 	-1.34954 	1.1863e-06 	
3.425	0.328166 	-0.172604 	0.533834 	0.219191 	-1.34973 	1.18983e-06 	
3.43	0.328185 	-0.172604 	0.533815 	0.221173 	-1.34993 	1.19322e-06 	
3.435	0.328205 	-0.172604 	0.533795 	0.223157 	-1.35013 	1.19647e-06 	
3.44	0.328224 	-0.172604 	0.533775 	0.225143 	-1.35032 	1.19959e-06 	
3.445	0.328244 	-0.172604 	0.533756 	0.227131 	-1.35052 	1.20255e-06 	
3.45	0.328264 	-0.172604 	0.533736 	0.229121 	-1.35071 	1.20538e-06 	
3.455	0.328283 	-0.172604 	0.533716 	0.231112 	-1.35091 	1.20806e-06 	
3.46	0.328303 	-0.172604 	0.533697 	0.233104 	-1.35111 	1.21059e-06 	
3.465	0.328323 	-0.172604 	0.533677 	0.235098 	-1.3513 	1.21298e-06 	
3.47	0.328342 	-0.172604 	0.533657 	0.237092 	-1.3515 	1.21522e-06 	
3.475	0.328362 	-0.172604 	0.533638 	0.239088 	-1.3517 	1.21731e-06 	
3.48	0.328382 	-0.172604 	0.533618 	0.241085 	-1.35189 	1.21926e-06 	
3.485	0.328402 	-0.172604 	0.533598 	0.243082 	-1.35209 	1.22105e-06 	
3.49	0.328421 	-0.172604 	0.533579 	0.24508 	-1.35229 	1.2227e-06 	
3.495	0.328441 	-0.172604 	0.533559 	0.247079 	-1.35249 	1.2242e-06 	
3.5	0.328461 	-0.172604 	0.533539 	0.249078 	-1.35268 	1.22555e-06 	
3.505	0.32848 	-0.172604 	0.533519 	0.251077 	-1.35288 	1.22674e-06 	
3.51	0.3285 	-0.172604 	0.5335 	0.253077 	-1.35308 	1.22779e-06 	
3.515	0.32852 	-0.172604 	0.53348 	0.255076 	-1.35328 	1.22868e-06 	
3.52	0.32854 	-0.172604 	0.53346 	0.257075 	-1.35347 	1.22942e-06 	
3.525	0.328559 	-0.172604 	0.53344 	0.259074 	-1.35367 	1.23001e-06 	
3.53	0.328579 	-0.172604 	0.533421 	0.261073 	-1.35387 	1.23044e-06 	
3.535	0.328599 	-0.172604 	0.533401 	0.263071 	-1.35406 	1.23072e-06 	
3.54	0.328619 	-0.172604 	0.533381 	0.265069 	-1.35426 	1.23085e-06 	
3.545	0.328638 	-0.172604 	0.533362 	0.267066 	-1.35446 	1.23083e-06 	
3.55	0.328658 	-0.172604 	0.533342 	0.269062 	-1.35466 	1.23065e-06 	
3.555	0.328678 	-0.172604 	0.533322 	0.271057 	-1.35485 	1.23031e-06 	
3.56	0.328697 	-0.172604 	0.533303 	0.273051 	-1.35505 	1.22983e-06 	
3.565	0.328717 	-0.172604 	0.533283 	0.275043 	-1.35525 	1.22919e-06 	
3.57	0.328737 	-0.172604 	0.533263 	0.277035 	-1.35544 	1.22839e-06 	
3.575	0.328756 	-0.172604 	0.533244 	0.279024 	-1.35564 	1.22744e-06 	
3.58	0.328776 	-0.172604 	0.533224 	0.281013 	-1.35584 	1.22634e-06 	
3.585	0.328796 	-0.172604 	0.533204 	0.282999 	-1.35603 	1.22509e-06 	
3.59	0.328815 	-0.172604 	0.533185 	0.284984 	-1.35623 	1.22368e-06 	
3.595	0.328835 	-0.172604 	0.533165 	0.286966 	-1.35642 	1.22211e-06 	
3.6	0.328854 	-0.172604 	0.533146 	0.288947 	-1.35662 	1.2204e-06 	
3.605	0.328874 	-0.172604 	0.533126 	0.290925 	-1.35681 	1.21853e-06 	
3.61	0.328893 	-0.172604 	0.533107 	0.292901 	-1.35701 	1.21651e-06 	
3.615	0.328913 	-0.172604 	0.533087 	0.294875 	-1.3572 	1.21433e-06 	
3.62	0.328932 	-0.172604 	0.533068 	0.296846 	-1.3574 	1.21201e-06 	
3.625	0.328952 	-0.172604 	0.533048 	0.298814 	-1.35759 	1.20953e-06 	
3.63	0.328971 	-0.172604 	0.533029 	0.30078 	-1.35779 	1.2069e-06 	
3.635	0.328991 	-0.172604 	0.533009 	0.302742 	-1.35798 	1.20413e-06 	
3.64	0.32901 	-0.172604 	0.53299 	0.304702 	-1.35817 	1.2012e-06 	
3.645	0.329029 	-0.172604 	0.532971 	0.306658 	-1.35837 	1.19812e-06 	
3.65	0.319411 	-0.181353 	0.587188 	0.308802 	-1.35869 	-0.000192497 	
3.655	0.319391 	-0.181361 	0.587178 	0.30899 	-1.35882 	-0.000383449 	
3.66	0.319371 	-0.181369 	0.587162 	0.309176 	-1.35892 	-0.0005681 	
3.665	0.319351 	-0.181377 	0.587142 	0.309359 	-1.35901 	-0.000748115 	
3.67	0.31933 	-0.181383 	0.587118 	0.30954 	-1.35909 	-0.000923211 	
3.675	0.319309 	-0.181389 	0.587095 	0.309722 	-1.35917 	-0.00109805 	
3.68	0.319291 	-0.181396 	0.587077 	0.309907 	-1.35926 	-0.00127844 	
3.685	0.319272 	-0.181403 	0.587059 	0.310092 	-1.35936 	-0.00145849 	
3.69	0.319255 	-0.18141 	0.587046 	0.310281 	-1.35947 	-0.00164359 	
3.695	0.319238 	-0.181416 	0.587029 	0.310467 	-1.35957 	-0.00182426 	
3.7	0.31922 	-0.181422 	0.587008 	0.310651 	-1.35966 	-0.0020003 	
3.705	0.319202 	-0.181428 	0.586986 	0.310834 	-1.35974 	-0.00217615 	
3.71	0.319185 	-0.181434 	0.58697 	0.311022 	-1.35984 	-0.00235857 	
3.715	0.319169 	-0.181441 	0.586954 	0.31121 	-1.35994 	-0.00254095 	
3.72	0.319153 	-0.181448 	0.586942 	0.311401 	-1.36006 	-0.00272981 	
3.725	0.319137 	-0.181455 	0.586926 	0.31159 	-1.36016 	-0.00291438 	
3.73	0.31912 	-0.181461 	0.586907 	0.311777 	-1.36025 	-0.00309493 	
3.735	0.319103 	-0.181467 	0.586884 	0.311961 	-1.36033 	-0.00327173 	
3.74	0.319086 	-0.181473 	0.586859 	0.312144 	-1.3604 	-0.00344522 	
3.745	0.319068 	-0.181478 	0.586833 	0.312327 	-1.36047 	-0.00361832 	
3.75	0.319051 	-0.181484 	0.586811 	0.312513 	-1.36056 	-0.00379668 	
3.755	0.319035 	-0.18149 	0.58679 	0.312699 	-1.36064 	-0.00397523 	
3.76	0.319019 	-0.181496 	0.586773 	0.312888 	-1.36074 	-0.0041586 	
3.765	0.319004 	-0.181502 	0.586755 	0.313078 	-1.36084 	-0.00434173 	
3.77	0.318989 	-0.181509 	0.586742 	0.31327 	-1.36095 	-0.00452961 	
3.775	0.318974 	-0.181515 	0.586728 	0.313462 	-1.36105 	-0.00471665 	
3.78	0.31896 	-0.181522 	0.586717 	0.313657 	-1.36117 	-0.00490798 	
3.785	0.318946 	-0.181529 	0.586705 	0.313852 	-1.36129 	-0.00509795 	
3.79	0.318932 	-0.181536 	0.586697 	0.314049 	-1.36142 	-0.00529191 	
3.795	0.318918 	-0.181543 	0.586685 	0.314243 	-1.36153 	-0.00548199 	
3.8	0.318903 	-0.181549 	0.58667 	0.314437 	-1.36164 	-0.00566938 	
3.805	0.318887 	-0.181555 	0.586652 	0.314628 	-1.36173 	-0.00585255 	
3.81	0.318871 	-0.18156 	0.586632 	0.314817 	-1.36182 	-0.00603367 	
3.815	0.318855 	-0.181566 	0.58661 	0.315006 	-1.3619 	-0.00621389 	
3.82	0.31884 	-0.181572 	0.586594 	0.3152 	-1.362 	-0.00640008 	
3.825	0.318824 	-0.181577 	0.586574 	0.31539 	-1.36209 	-0.00658162 	
3.83	0.318808 	-0.181582 	0.586552 	0.31558 	-1.36217 	-0.00676189 	
3.835	0.318792 	-0.181587 	0.586527 	0.315767 	-1.36225 	-0.00693819 	
3.84	0.318775 	-0.181592 	0.586501 	0.315954 	-1.36231 	-0.00711373 	
3.845	0.318758 	-0.181596 	0.586473 	0.316139 	-1.36237 	-0.00728575 	
3.85	0.318741 	-0.181601 	0.586446 	0.316325 	-1.36244 	-0.00746009 	
3.855	0.318725 	-0.181606 	0.586423 	0.316515 	-1.36252 	-0.00763943 	
3.86	0.31871 	-0.181611 	0.586402 	0.316706 	-1.3626 	-0.00782022 	
3.865	0.318695 	-0.181616 	0.586384 	0.3169 	-1.3627 	-0.00800505 	
3.87	0.318681 	-0.181621 	0.586366 	0.317094 	-1.36279 	-0.00819074 	
3.875	0.318667 	-0.181627 	0.586352 	0.317291 	-1.3629 	-0.00838004 	
3.88	0.318653 	-0.181633 	0.586338 	0.317488 	-1.36301 	-0.00856953 	
3.885	0.31864 	-0.181638 	0.586326 	0.317688 	-1.36312 	-0.00876221 	
3.89	0.318626 	-0.181644 	0.586314 	0.317887 	-1.36324 	-0.00895469 	
3.895	0.318613 	-0.18165 	0.586304 	0.318088 	-1.36336 	-0.00914999 	
3.9	0.3186 	-0.181656 	0.586294 	0.318289 	-1.36348 	-0.00934476 	
3.905	0.318588 	-0.181663 	0.586285 	0.318492 	-1.3636 	-0.00954195 	
3.91	0.318575 	-0.181669 	0.586276 	0.318695 	-1.36373 	-0.00973821 	
3.915	0.318562 	-0.181675 	0.586268 	0.318899 	-1.36385 	-0.00993699 	
3.92	0.318549 	-0.181681 	0.58626 	0.319103 	-1.36398 	-0.0101347 	
3.925	0.318537 	-0.181687 	0.586253 	0.319308 	-1.36411 	-0.0103348 	
3.93	0.318524 	-0.181693 	0.586245 	0.319513 	-1.36424 	-0.0105337 	
3.935	0.318511 	-0.181699 	0.586238 	0.319719 	-1.36437 	-0.0107351 	
3.94	0.318499 	-0.181705 	0.586231 	0.319925 	-1.3645 	-0.0109351 	
3.945	0.318486 	-0.181712 	0.586225 	0.320132 	-1.36464 	-0.0111374 	
3.95	0.318473 	-0.181718 	0.586218 	0.320339 	-1.36477 	-0.0113385 	
3.955	0.318461 	-0.181724 	0.586212 	0.320547 	-1.3649 	-0.0115423 	
3.96	0.318448 	-0.181731 	0.586205 	0.320755 	-1.36503 	-0.0117448 	
3.965	0.318435 	-0.181737 	0.5862 	0.320964 	-1.36517 	-0.0119503 	
3.97	0.318423 	-0.181744 	0.586193 	0.321173 	-1.3653 	-0.0121545 	
3.975	0.31841 	-0.181751 	0.586187 	0.321383 	-1.36544 	-0.0123619 	
3.98	0.318397 	-0.181758 	0.586181 	0.321592 	-1.36557 	-0.012568 	
3.985	0.318384 	-0.181765 	0.586175 	0.321803 	-1.3657 	-0.0127775 	
3.99	0.318371 	-0.181772 	0.586169 	0.322013 	-1.36584 	-0.0129854 	
3.995	0.318358 	-0.18178 	0.586164 	0.322225 	-1.36597 	-0.0131969 	
4	0.318345 	-0.181788 	0.586157 	0.322436 	-1.3661 	-0.0134069 	
4.005	0.318332 	-0.181796 	0.586152 	0.322649 	-1.36624 	-0.0136203 	
4.01	0.318319 	-0.181804 	0.586145 	0.322861 	-1.36637 	-0.0138324 	
4.015	0.318305 	-0.181812 	0.58614 	0.323075 	-1.36651 	-0.0140479 	
4.02	0.318292 	-0.181821 	0.586133 	0.323288 	-1.36664 	-0.0142622 	
4.025	0.318279 	-0.181829 	0.586128 	0.323503 	-1.36678 	-0.0144798 	
4.03	0.318266 	-0.181838 	0.586122 	0.323716 	-1.36691 	-0.0146964 	
4.035	0.318252 	-0.181848 	0.586116 	0.323932 	-1.36705 	-0.014916 	
4.04	0.318239 	-0.181857 	0.58611 	0.324146 	-1.36718 	-0.0151345 	
4.045	0.318225 	-0.181866 	0.586105 	0.324363 	-1.36732 	-0.0153562 	
4.05	0.318212 	-0.181876 	0.586098 	0.324578 	-1.36745 	-0.0155761 	
4.055	0.318199 	-0.181885 	0.586093 	0.324795 	-1.36759 	-0.0157978 	
4.06	0.318185 	-0.181894 	0.586086 	0.325011 	-1.36772 	-0.0160163 	
4.065	0.318172 	-0.181902 	0.58608 	0.325227 	-1.36785 	-0.0162349 	
4.07	0.318159 	-0.181911 	0.586073 	0.325443 	-1.36798 	-0.016452 	
4.075	0.318146 	-0.181919 	0.586066 	0.32566 	-1.36811 	-0.0166689 	
4.08	0.318133 	-0.181926 	0.586059 	0.325876 	-1.36824 	-0.0168847 	
4.085	0.31812 	-0.181934 	0.586052 	0.326093 	-1.36837 	-0.0171012 	
4.09	0.318107 	-0.181942 	0.586045 	0.326309 	-1.3685 	-0.0173166 	
4.095	0.318094 	-0.181949 	0.586038 	0.326527 	-1.36863 	-0.0175326 	
4.1	0.31808 	-0.181956 	0.58603 	0.326743 	-1.36876 	-0.0177477 	
4.105	0.318067 	-0.181963 	0.586023 	0.326961 	-1.36889 	-0.0179635 	
4.11	0.318054 	-0.181971 	0.586015 	0.327179 	-1.36902 	-0.0181785 	
4.115	0.318041 	-0.181978 	0.586008 	0.327397 	-1.36915 	-0.0183944 	
4.12	0.318027 	-0.181985 	0.586 	0.327615 	-1.36928 	-0.0186094 	
4.125	0.318014 	-0.181992 	0.585993 	0.327833 	-1.36941 	-0.0188255 	
4.13	0.318 	-0.181998 	0.585985 	0.328052 	-1.36953 	-0.0190408 	
4.135	0.317987 	-0.182005 	0.585978 	0.328271 	-1.36966 	-0.0192572 	
4.14	0.317974 	-0.182012 	0.58597 	0.32849 	-1.36979 	-0.0194728 	
4.145	0.31796 	-0.182019 	0.585962 	0.32871 	-1.36992 	-0.0196896 	
4.15	0.317947 	-0.182025 	0.585954 	0.32893 	-1.37005 	-0.0199056 	
4.155	0.317933 	-0.182032 	0.585947 	0.32915 	-1.37018 	-0.0201229 	
4.16	0.31792 	-0.182039 	0.585939 	0.329371 	-1.3703 	-0.0203395 	
4.165	0.317906 	-0.182045 	0.585932 	0.329592 	-1.37043 	-0.0205573 	
4.17	0.317893 	-0.182052 	0.585924 	0.329813 	-1.37056 	-0.0207745 	
4.175	0.317879 	-0.182059 	0.585917 	0.330035 	-1.37069 	-0.020993 	
4.18	0.317866 	-0.182065 	0.585909 	0.330257 	-1.37082 	-0.0212108 	
4.185	0.317852 	-0.182072 	0.585902 	0.33048 	-1.37095 	-0.02143 	
4.19	0.317839 	-0.182078 	0.585894 	0.330702 	-1.37108 	-0.0216485 	
4.195	0.317825 	-0.182085 	0.585887 	0.330926 	-1.37121 	-0.0218684 	
4.2	0.317812 	-0.182092 	0.585879 	0.331149 	-1.37133 	-0.0220877 	
4.205	0.317798 	-0.182098 	0.585872 	0.331373 	-1.37147 	-0.0223088 	
4.21	0.317784 	-0.182105 	0.585865 	0.331597 	-1.37159 	-0.0225303 	
4.215	0.317771 	-0.182112 	0.585859 	0.331823 	-1.37173 	-0.0227538 	
4.22	0.317758 	-0.182119 	0.585852 	0.332048 	-1.37186 	-0.0229762 	
4.225	0.317744 	-0.182126 	0.585843 	0.332273 	-1.37198 	-0.0231967 	
4.23	0.317729 	-0.182131 	0.585829 	0.332492 	-1.37209 	-0.0234091 	
4.235	0.317714 	-0.182136 	0.585811 	0.332707 	-1.37218 	-0.023614 	
4.24	0.317698 	-0.18214 	0.585787 	0.332917 	-1.37226 	-0.0238119 	
4.245	0.317681 	-0.182143 	0.58576 	0.333123 	-1.37232 	-0.0240034 	
4.25	0.317664 	-0.182147 	0.585731 	0.33333 	-1.37238 	-0.0241947 	
4.255	0.317648 	-0.182152 	0.585709 	0.333542 	-1.37246 	-0.0243975 	
4.26	0.317632 	-0.182156 	0.585685 	0.333753 	-1.37253 	-0.024599 	
4.265	0.317617 	-0.182162 	0.585667 	0.333971 	-1.37262 	-0.0248101 	
4.27	0.317602 	-0.182168 	0.585647 	0.334187 	-1.37271 	-0.0250196 	
4.275	0.317588 	-0.182175 	0.585634 	0.33441 	-1.37282 	-0.0252405 	
4.28	0.317574 	-0.182183 	0.585621 	0.334634 	-1.37293 	-0.0254643 	
4.285	0.31756 	-0.182189 	0.585606 	0.334856 	-1.37304 	-0.025682 	
4.29	0.317546 	-0.182195 	0.585588 	0.335074 	-1.37313 	-0.0258931 	
4.295	0.317532 	-0.182199 	0.585568 	0.335291 	-1.37322 	-0.0260991 	
4.3	0.317517 	-0.182203 	0.585545 	0.335505 	-1.37329 	-0.0262995 	
4.305	0.317503 	-0.182206 	0.585521 	0.335717 	-1.37336 	-0.0264956 	
4.31	0.317488 	-0.182208 	0.585494 	0.335927 	-1.37343 	-0.0266871 	
4.315	0.317474 	-0.182209 	0.585466 	0.336136 	-1.37349 	-0.026875 	
4.32	0.31746 	-0.182209 	0.585436 	0.336343 	-1.37354 	-0.027059 	
4.325	0.317445 	-0.182209 	0.585406 	0.33655 	-1.37359 	-0.0272401 	
4.33	0.317431 	-0.182209 	0.585376 	0.336757 	-1.37365 	-0.0274221 	
4.335	0.317418 	-0.18221 	0.585352 	0.33697 	-1.37372 	-0.0276141 	
4.34	0.317405 	-0.182212 	0.585328 	0.337184 	-1.37379 	-0.0278065 	
4.345	0.317392 	-0.182214 	0.585309 	0.337403 	-1.37388 	-0.0280078 	
4.35	0.317379 	-0.182216 	0.585289 	0.337621 	-1.37397 	-0.0282081 	
4.355	0.317367 	-0.182219 	0.585273 	0.337845 	-1.37407 	-0.0284163 	
4.36	0.317355 	-0.182221 	0.585257 	0.338067 	-1.37417 	-0.0286223 	
4.365	0.317343 	-0.182224 	0.585244 	0.338294 	-1.37428 	-0.0288355 	
4.37	0.317331 	-0.182227 	0.58523 	0.33852 	-1.37438 	-0.0290459 	
4.375	0.31732 	-0.182231 	0.585219 	0.33875 	-1.3745 	-0.029263 	
4.38	0.317308 	-0.182234 	0.585207 	0.338978 	-1.37461 	-0.0294771 	
4.385	0.317296 	-0.182238 	0.585198 	0.33921 	-1.37474 	-0.0296987 	
4.39	0.317284 	-0.182241 	0.585188 	0.339441 	-1.37485 	-0.0299169 	
4.395	0.317273 	-0.182246 	0.58518 	0.339676 	-1.37498 	-0.0301422 	
4.4	0.31726 	-0.18225 	0.585171 	0.339909 	-1.3751 	-0.0303638 	
4.405	0.317249 	-0.182255 	0.585165 	0.340146 	-1.37524 	-0.0305922 	
4.41	0.317236 	-0.182259 	0.585157 	0.34038 	-1.37536 	-0.0308166 	
4.415	0.317224 	-0.182264 	0.585151 	0.340619 	-1.37549 	-0.0310475 	
4.42	0.317212 	-0.182269 	0.585143 	0.340855 	-1.37562 	-0.031274 	
4.425	0.3172 	-0.182274 	0.585138 	0.341095 	-1.37576 	-0.031507 	
4.43	0.317187 	-0.182278 	0.585131 	0.341332 	-1.37589 	-0.0317354 	
4.435	0.317175 	-0.182284 	0.585127 	0.341573 	-1.37602 	-0.0319701 	
4.44	0.317162 	-0.182289 	0.58512 	0.341812 	-1.37615 	-0.0322001 	
4.445	0.31715 	-0.182294 	0.585115 	0.342054 	-1.37629 	-0.0324364 	
4.45	0.317137 	-0.182299 	0.585108 	0.342294 	-1.37642 	-0.0326677 	
4.455	0.317125 	-0.182305 	0.585104 	0.342537 	-1.37656 	-0.0329053 	
4.46	0.317112 	-0.18231 	0.585098 	0.342777 	-1.37669 	-0.0331378 	
4.465	0.317099 	-0.182315 	0.585094 	0.343022 	-1.37683 	-0.0333766 	
4.47	0.317086 	-0.18232 	0.585087 	0.343263 	-1.37696 	-0.0336102 	
4.475	0.317074 	-0.182326 	0.585083 	0.343508 	-1.3771 	-0.0338501 	
4.48	0.317061 	-0.182331 	0.585077 	0.34375 	-1.37723 	-0.0340847 	
4.485	0.317048 	-0.182337 	0.585073 	0.343997 	-1.37737 	-0.0343256 	
4.49	0.317035 	-0.182342 	0.585067 	0.34424 	-1.3775 	-0.0345612 	
4.495	0.317022 	-0.182348 	0.585063 	0.344487 	-1.37764 	-0.0348031 	
4.5	0.317009 	-0.182353 	0.585057 	0.34473 	-1.37777 	-0.0350396 	
4.505	0.316996 	-0.182359 	0.585053 	0.344978 	-1.37791 	-0.0352824 	
4.51	0.316983 	-0.182364 	0.585046 	0.345223 	-1.37805 	-0.0355198 	
4.515	0.31697 	-0.18237 	0.585043 	0.345472 	-1.37819 	-0.0357635 	
4.52	0.316956 	-0.182375 	0.585036 	0.345717 	-1.37832 	-0.0360017 	
4.525	0.316943 	-0.18238 	0.585033 	0.345967 	-1.37846 	-0.0362463 	
4.53	0.31693 	-0.182386 	0.585026 	0.346213 	-1.37859 	-0.0364853 	
4.535	0.316917 	-0.182391 	0.585023 	0.346463 	-1.37873 	-0.0367308 	
4.54	0.316904 	-0.182397 	0.585016 	0.346711 	-1.37886 	-0.0369707 	
4.545	0.316891 	-0.182402 	0.585013 	0.346962 	-1.379 	-0.037217 	
4.55	0.316877 	-0.182407 	0.585007 	0.34721 	-1.37913 	-0.0374577 	
4.555	0.316864 	-0.182413 	0.585004 	0.347462 	-1.37927 	-0.0377057 	
4.56	0.316851 	-0.182419 	0.584998 	0.347712 	-1.37941 	-0.0379499 	
4.565	0.316838 	-0.182425 	0.584996 	0.347967 	-1.37955 	-0.0382017 	
4.57	0.316824 	-0.182432 	0.584991 	0.348219 	-1.37969 	-0.0384494 	
4.575	0.316812 	-0.182438 	0.584989 	0.348475 	-1.37984 	-0.0387043 	
4.58	0.316798 	-0.182445 	0.584985 	0.348729 	-1.37997 	-0.0389548 	
4.585	0.316785 	-0.182452 	0.584984 	0.348987 	-1.38012 	-0.0392124 	
4.59	0.316771 	-0.182459 	0.58498 	0.349242 	-1.38026 	-0.0394652 	
4.595	0.316758 	-0.182466 	0.584979 	0.349502 	-1.38041 	-0.039725 	
4.6	0.316745 	-0.182473 	0.584975 	0.349758 	-1.38055 	-0.0399799 	
4.605	0.316732 	-0.182481 	0.584975 	0.350019 	-1.3807 	-0.0402416 	
4.61	0.316718 	-0.182488 	0.584971 	0.350276 	-1.38084 	-0.0404982 	
4.615	0.316705 	-0.182496 	0.584971 	0.350539 	-1.381 	-0.0407615 	
4.62	0.316691 	-0.182503 	0.584968 	0.350797 	-1.38114 	-0.0410197 	
4.625	0.316678 	-0.182511 	0.584967 	0.35106 	-1.38129 	-0.0412845 	
4.63	0.316664 	-0.182519 	0.584964 	0.35132 	-1.38143 	-0.0415441 	
4.635	0.316651 	-0.182527 	0.584964 	0.351584 	-1.38158 	-0.0418102 	
4.64	0.316637 	-0.182534 	0.58496 	0.351845 	-1.38172 	-0.042071 	
4.645	0.316623 	-0.182543 	0.58496 	0.35211 	-1.38187 	-0.0423384 	
4.65	0.316609 	-0.18255 	0.584957 	0.352371 	-1.38201 	-0.0426004 	
4.655	0.316596 	-0.182558 	0.584957 	0.352638 	-1.38217 	-0.0428689 	
4.66	0.316582 	-0.182566 	0.584953 	0.3529 	-1.38231 	-0.043132 	
4.665	0.316569 	-0.182574 	0.584953 	0.353167 	-1.38246 	-0.0434016 	
4.67	0.316555 	-0.182582 	0.58495 	0.353431 	-1.3826 	-0.0436657 	
4.675	0.316541 	-0.18259 	0.58495 	0.353699 	-1.38275 	-0.0439363 	
4.68	0.316527 	-0.182598 	0.584946 	0.353963 	-1.38289 	-0.0442014 	
4.685	0.316514 	-0.182606 	0.584946 	0.354232 	-1.38304 	-0.044473 	
4.69	0.3165 	-0.182614 	0.584943 	0.354497 	-1.38318 	-0.044739 	
4.695	0.316487 	-0.182622 	0.584942 	0.354767 	-1.38334 	-0.0450116 	
4.7	0.316472 	-0.18263 	0.584939 	0.355033 	-1.38348 	-0.0452785 	
4.705	0.316459 	-0.182638 	0.584939 	0.355304 	-1.38363 	-0.045552 	
4.71	0.316445 	-0.182646 	0.584935 	0.355571 	-1.38377 	-0.0458198 	
4.715	0.316432 	-0.182654 	0.584935 	0.355843 	-1.38392 	-0.0460942 	
4.72	0.316417 	-0.182662 	0.584931 	0.35611 	-1.38406 	-0.0463629 	
4.725	0.316404 	-0.18267 	0.584931 	0.356383 	-1.38421 	-0.0466382 	
4.73	0.31639 	-0.182678 	0.584927 	0.356652 	-1.38435 	-0.0469078 	
4.735	0.316376 	-0.182686 	0.584927 	0.356925 	-1.3845 	-0.047184 	
4.74	0.316362 	-0.182694 	0.584923 	0.357195 	-1.38464 	-0.0474543 	
4.745	0.316349 	-0.182702 	0.584923 	0.357469 	-1.38479 	-0.0477314 	
4.75	0.316335 	-0.18271 	0.584919 	0.35774 	-1.38493 	-0.0480027 	
4.755	0.316321 	-0.182718 	0.584918 	0.358015 	-1.38508 	-0.0482806 	
4.76	0.316307 	-0.182726 	0.584915 	0.358286 	-1.38522 	-0.0485527 	
4.765	0.316294 	-0.182734 	0.584914 	0.358562 	-1.38537 	-0.0488315 	
4.77	0.31628 	-0.182742 	0.58491 	0.358835 	-1.38551 	-0.0491044 	
4.775	0.316266 	-0.18275 	0.58491 	0.359112 	-1.38566 	-0.0493841 	
4.78	0.316252 	-0.182758 	0.584906 	0.359385 	-1.3858 	-0.049658 	
4.785	0.316238 	-0.182766 	0.584905 	0.359662 	-1.38594 	-0.0499387 	
4.79	0.316224 	-0.182774 	0.5849 	0.359936 	-1.38608 	-0.0502136 	
4.795	0.316211 	-0.182783 	0.584899 	0.360214 	-1.38623 	-0.0504955 	
4.8	0.316196 	-0.182791 	0.584895 	0.360489 	-1.38637 	-0.0507714 	
4.805	0.316182 	-0.182799 	0.584893 	0.360768 	-1.38651 	-0.0510544 	
4.81	0.316168 	-0.182807 	0.584888 	0.361043 	-1.38665 	-0.0513317 	
4.815	0.316154 	-0.182816 	0.584887 	0.361322 	-1.38679 	-0.0516163 	
4.82	0.316139 	-0.182825 	0.584881 	0.361598 	-1.38693 	-0.0518952 	
4.825	0.316125 	-0.182834 	0.584879 	0.361878 	-1.38707 	-0.0521819 	
4.83	0.316111 	-0.182843 	0.584874 	0.362155 	-1.38721 	-0.0524624 	
4.835	0.316097 	-0.182852 	0.584872 	0.362437 	-1.38735 	-0.0527498 	
4.84	0.316082 	-0.182861 	0.584867 	0.362714 	-1.38749 	-0.053031 	
4.845	0.316068 	-0.18287 	0.584865 	0.362997 	-1.38763 	-0.0533191 	
4.85	0.316054 	-0.182878 	0.584861 	0.363276 	-1.38777 	-0.0536009 	
4.855	0.31604 	-0.182887 	0.584859 	0.36356 	-1.38792 	-0.0538897 	
4.86	0.316026 	-0.182895 	0.584854 	0.36384 	-1.38805 	-0.0541722 	
4.865	0.316012 	-0.182904 	0.584853 	0.364125 	-1.3882 	-0.0544616 	
4.87	0.315998 	-0.182912 	0.584849 	0.364406 	-1.38834 	-0.0547448 	
4.875	0.315984 	-0.182921 	0.584847 	0.364693 	-1.38848 	-0.055035 	
4.88	0.31597 	-0.182929 	0.584843 	0.364975 	-1.38862 	-0.0553188 	
4.885	0.315957 	-0.182937 	0.584842 	0.365262 	-1.38877 	-0.0556096 	
4.89	0.315942 	-0.182945 	0.584837 	0.365545 	-1.3889 	-0.0558941 	
4.895	0.315929 	-0.182953 	0.584836 	0.365833 	-1.38905 	-0.0561857 	
4.9	0.315915 	-0.182961 	0.584832 	0.366117 	-1.38919 	-0.0564709 	
4.905	0.315901 	-0.182969 	0.584831 	0.366407 	-1.38934 	-0.0567632 	
4.91	0.315887 	-0.182977 	0.584826 	0.366691 	-1.38947 	-0.0570492 	
4.915	0.315874 	-0.182985 	0.584825 	0.366982 	-1.38962 	-0.0573423 	
4.92	0.31586 	-0.182993 	0.584821 	0.367268 	-1.38976 	-0.0576289 	
4.925	0.315846 	-0.183001 	0.58482 	0.367559 	-1.3899 	-0.0579227 	
4.93	0.315832 	-0.183009 	0.584815 	0.367846 	-1.39004 	-0.0582101 	
4.935	0.315819 	-0.183017 	0.584814 	0.368138 	-1.39019 	-0.0585047 	
4.94	0.315805 	-0.183024 	0.58481 	0.368426 	-1.39032 	-0.0587929 	
4.945	0.315791 	-0.183032 	0.584809 	0.368719 	-1.39047 	-0.0590884 	
4.95	0.315777 	-0.18304 	0.584804 	0.369007 	-1.39061 	-0.0593774 	
4.955	0.315764 	-0.183047 	0.584803 	0.369302 	-1.39075 	-0.0596737 	
4.96	0.31575 	-0.183055 	0.584799 	0.369591 	-1.39089 	-0.0599635 	
4.965	0.315736 	-0.183063 	0.584797 	0.369887 	-1.39104 	-0.0602607 	
4.97	0.315722 	-0.18307 	0.584793 	0.370177 	-1.39117 	-0.0605514 	
4.975	0.315709 	-0.183078 	0.584792 	0.370474 	-1.39132 	-0.0608495 	
4.98	0.315695 	-0.183085 	0.584788 	0.370765 	-1.39146 	-0.061141 	
4.985	0.315682 	-0.183093 	0.584787 	0.371063 	-1.39161 	-0.06144 	
4.99	0.315668 	-0.1831 	0.584782 	0.371356 	-1.39174 	-0.0617324 	
4.995	0.315655 	-0.183107 	0.584782 	0.371654 	-1.39189 	-0.0620323 	
5	0.315641 	-0.183115 	0.584777 	0.371948 	-1.39203 	-0.0623255 	
5.005	0.315628 	-0.183122 	0.584776 	0.372248 	-1.39217 	-0.0626263 	
5.01	0.315614 	-0.183129 	0.584772 	0.372542 	-1.39231 	-0.0629202 	
5.015	0.315601 	-0.183136 	0.584771 	0.372843 	-1.39246 	-0.0632218 	
5.02	0.315587 	-0.183143 	0.584767 	0.373139 	-1.39259 	-0.0635166 	
5.025	0.315574 	-0.183151 	0.584766 	0.37344 	-1.39274 	-0.063819 	
5.03	0.31556 	-0.183158 	0.584762 	0.373737 	-1.39288 	-0.0641147 	
5.035	0.315547 	-0.183165 	0.584761 	0.37404 	-1.39303 	-0.064418 	
5.04	0.315533 	-0.183172 	0.584757 	0.374337 	-1.39316 	-0.0647145 	
5.045	0.31552 	-0.183179 	0.584756 	0.374641 	-1.39331 	-0.0650188 	
5.05	0.315506 	-0.183186 	0.584751 	0.37494 	-1.39345 	-0.0653163 	
5.055	0.315493 	-0.183193 	0.58475 	0.375244 	-1.39359 	-0.0656215 	
5.06	0.315479 	-0.1832 	0.584746 	0.375544 	-1.39373 	-0.0659199 	
5.065	0.315466 	-0.183207 	0.584745 	0.37585 	-1.39388 	-0.0662262 	
5.07	0.315452 	-0.183214 	0.584741 	0.37615 	-1.39401 	-0.0665255 	
5.075	0.315439 	-0.183221 	0.58474 	0.376457 	-1.39416 	-0.0668328 	
5.08	0.315425 	-0.183228 	0.584735 	0.376759 	-1.3943 	-0.0671331 	
5.085	0.315412 	-0.183235 	0.584734 	0.377067 	-1.39444 	-0.0674414 	
5.09	0.315398 	-0.183241 	0.58473 	0.377369 	-1.39458 	-0.0677428 	
5.095	0.315385 	-0.183249 	0.584729 	0.377678 	-1.39473 	-0.0680521 	
5.1	0.315371 	-0.183255 	0.584725 	0.377982 	-1.39486 	-0.0683545 	
5.105	0.315358 	-0.183262 	0.584724 	0.378292 	-1.39501 	-0.0686649 	
5.11	0.315344 	-0.183269 	0.584719 	0.378597 	-1.39514 	-0.0689682 	
5.115	0.315331 	-0.183276 	0.584718 	0.378908 	-1.39529 	-0.0692796 	
5.12	0.315317 	-0.183283 	0.584714 	0.379214 	-1.39543 	-0.0695839 	
5.125	0.315304 	-0.18329 	0.584713 	0.379526 	-1.39557 	-0.0698963 	
5.13	0.31529 	-0.183296 	0.584708 	0.379833 	-1.39571 	-0.0702015 	
5.135	0.315277 	-0.183303 	0.584707 	0.380146 	-1.39585 	-0.0705149 	
5.14	0.315263 	-0.18331 	0.584703 	0.380454 	-1.39599 	-0.070821 	
5.145	0.31525 	-0.183317 	0.584702 	0.380768 	-1.39613 	-0.0711353 	
5.15	0.315236 	-0.183323 	0.584697 	0.381077 	-1.39627 	-0.0714422 	
5.155	0.315223 	-0.18333 	0.584696 	0.381392 	-1.39642 	-0.0717573 	
5.16	0.315209 	-0.183337 	0.584691 	0.381702 	-1.39655 	-0.0720649 	
5.165	0.315196 	-0.183343 	0.58469 	0.382018 	-1.3967 	-0.0723808 	
5.17	0.315182 	-0.18335 	0.584686 	0.382329 	-1.39683 	-0.0726891 	
5.175	0.315169 	-0.183356 	0.584685 	0.382647 	-1.39698 	-0.0730057 	
5.18	0.315155 	-0.183362 	0.58468 	0.382959 	-1.39711 	-0.0733147 	
5.185	0.315142 	-0.183369 	0.584679 	0.383277 	-1.39726 	-0.0736319 	
5.19	0.315128 	-0.183375 	0.584675 	0.38359 	-1.39739 	-0.0739416 	
5.195	0.315115 	-0.183381 	0.584674 	0.38391 	-1.39754 	-0.0742596 	
5.2	0.315101 	-0.183387 	0.584669 	0.384223 	-1.39767 	-0.0745694 	
5.205	0.315088 	-0.183393 	0.584666 	0.384542 	-1.39782 	-0.074885 	
5.21	0.315073 	-0.183399 	0.584661 	0.384854 	-1.39795 	-0.0751935 	
5.215	0.31506 	-0.183405 	0.584659 	0.385175 	-1.39809 	-0.0755112 	
5.22	0.315046 	-0.18341 	0.584654 	0.38549 	-1.39822 	-0.0758215 	
5.225	0.315033 	-0.183416 	0.584652 	0.385811 	-1.39837 	-0.0761404 	
5.23	0.315019 	-0.183422 	0.584647 	0.386128 	-1.3985 	-0.0764522 	
5.235	0.315006 	-0.183428 	0.584646 	0.386451 	-1.39865 	-0.0767733 	
5.24	0.314992 	-0.183434 	0.584641 	0.386769 	-1.39878 	-0.0770871 	
5.245	0.314979 	-0.18344 	0.584639 	0.387093 	-1.39892 	-0.0774101 	
5.25	0.314965 	-0.183446 	0.584635 	0.387412 	-1.39906 	-0.0777258 	
5.255	0.314952 	-0.183452 	0.584633 	0.387739 	-1.3992 	-0.0780506 	
5.26	0.314938 	-0.183458 	0.584628 	0.388059 	-1.39934 	-0.0783679 	
5.265	0.314924 	-0.183465 	0.584627 	0.388386 	-1.39948 	-0.0786944 	
5.27	0.314911 	-0.183471 	0.584622 	0.388708 	-1.39962 	-0.0790133 	
5.275	0.314897 	-0.183478 	0.584621 	0.389037 	-1.39976 	-0.0793414 	
5.28	0.314883 	-0.183484 	0.584616 	0.38936 	-1.39989 	-0.0796619 	
5.285	0.31487 	-0.183491 	0.584615 	0.38969 	-1.40004 	-0.0799914 	
5.29	0.314856 	-0.183497 	0.584611 	0.390014 	-1.40017 	-0.0803133 	
5.295	0.314843 	-0.183504 	0.584609 	0.390345 	-1.40032 	-0.0806443 	
5.3	0.314829 	-0.18351 	0.584605 	0.39067 	-1.40045 	-0.0809676 	
5.305	0.314816 	-0.183517 	0.584603 	0.391003 	-1.4006 	-0.0813001 	
5.31	0.314802 	-0.183523 	0.584599 	0.391329 	-1.40073 	-0.0816247 	
5.315	0.314788 	-0.18353 	0.584597 	0.391663 	-1.40088 	-0.0819585 	
5.32	0.314774 	-0.183536 	0.584593 	0.391991 	-1.40101 	-0.0822845 	
5.325	0.314761 	-0.183543 	0.584592 	0.392326 	-1.40115 	-0.0826196 	
5.33	0.314747 	-0.18355 	0.584587 	0.392654 	-1.40129 	-0.0829469 	
5.335	0.314734 	-0.183557 	0.584586 	0.392991 	-1.40143 	-0.0832834 	
5.34	0.31472 	-0.183563 	0.584581 	0.393321 	-1.40157 	-0.0836119 	
5.345	0.314706 	-0.18357 	0.58458 	0.393658 	-1.40171 	-0.0839497 	
5.35	0.314692 	-0.183576 	0.584575 	0.393989 	-1.40185 	-0.0842795 	
5.355	0.314679 	-0.183583 	0.584574 	0.394328 	-1.40199 	-0.0846186 	
5.36	0.314665 	-0.18359 	0.584569 	0.39466 	-1.40212 	-0.0849497 	
5.365	0.314652 	-0.183597 	0.584568 	0.395 	-1.40227 	-0.0852901 	
5.37	0.314638 	-0.183603 	0.584563 	0.395334 	-1.4024 	-0.0856224 	
5.375	0.314624 	-0.18361 	0.584562 	0.395675 	-1.40255 	-0.0859641 	
5.38	0.31461 	-0.183617 	0.584557 	0.39601 	-1.40268 	-0.0862977 	
5.385	0.314597 	-0.183624 	0.584556 	0.396352 	-1.40282 	-0.0866407 	
5.39	0.314583 	-0.18363 	0.584551 	0.396688 	-1.40296 	-0.0869754 	
5.395	0.314569 	-0.183637 	0.584549 	0.397032 	-1.4031 	-0.0873197 	
5.4	0.314555 	-0.183644 	0.584545 	0.397369 	-1.40323 	-0.0876558 	
5.405	0.314542 	-0.183651 	0.584543 	0.397713 	-1.40338 	-0.0880013 	
5.41	0.314528 	-0.183658 	0.584539 	0.398052 	-1.40351 	-0.0883386 	
5.415	0.314515 	-0.183665 	0.584537 	0.398398 	-1.40366 	-0.0886855 	
5.42	0.3145 	-0.183671 	0.584532 	0.398737 	-1.40379 	-0.089024 	
5.425	0.314487 	-0.183678 	0.584531 	0.399085 	-1.40393 	-0.0893721 	
5.43	0.314473 	-0.183685 	0.584526 	0.399425 	-1.40406 	-0.0897119 	
5.435	0.31446 	-0.183692 	0.584525 	0.399774 	-1.40421 	-0.0900613 	
5.44	0.314445 	-0.183698 	0.58452 	0.400116 	-1.40434 	-0.0904023 	
5.445	0.314432 	-0.183705 	0.584519 	0.400466 	-1.40449 	-0.090753 	
5.45	0.314418 	-0.183712 	0.584514 	0.400809 	-1.40462 	-0.0910952 	
5.455	0.314404 	-0.183719 	0.584512 	0.40116 	-1.40476 	-0.0914471 	
5.46	0.31439 	-0.183725 	0.584507 	0.401503 	-1.40489 	-0.0917894 	
5.465	0.314377 	-0.183732 	0.584504 	0.401852 	-1.40503 	-0.0921383 	
5.47	0.314362 	-0.183738 	0.584498 	0.402193 	-1.40516 	-0.0924777 	
5.475	0.314348 	-0.183745 	0.584493 	0.40254 	-1.40529 	-0.0928237 	
5.48	0.314334 	-0.183751 	0.584485 	0.40288 	-1.40541 	-0.0931606 	
5.485	0.314319 	-0.183757 	0.58448 	0.403226 	-1.40554 	-0.0935052 	
5.49	0.314305 	-0.183763 	0.584472 	0.403565 	-1.40567 	-0.0938415 	
5.495	0.31429 	-0.183769 	0.584465 	0.40391 	-1.40579 	-0.0941839 	
5.5	0.314276 	-0.183775 	0.584456 	0.404249 	-1.40591 	-0.0945202 	
5.505	0.314262 	-0.183781 	0.584451 	0.404596 	-1.40604 	-0.0948643 	
5.51	0.314247 	-0.183786 	0.584442 	0.404937 	-1.40616 	-0.0952001 	
5.515	0.314233 	-0.183792 	0.584437 	0.405287 	-1.40629 	-0.095547 	
5.52	0.314219 	-0.183797 	0.584429 	0.405631 	-1.40642 	-0.0958855 	
5.525	0.314205 	-0.183802 	0.584425 	0.405984 	-1.40655 	-0.0962348 	
5.53	0.314191 	-0.183807 	0.584418 	0.406331 	-1.40668 	-0.0965756 	
5.535	0.314177 	-0.183812 	0.584415 	0.406687 	-1.40681 	-0.0969271 	
5.54	0.314163 	-0.183817 	0.584409 	0.407037 	-1.40694 	-0.0972696 	
5.545	0.31415 	-0.183822 	0.584406 	0.407395 	-1.40708 	-0.0976228 	
5.55	0.314136 	-0.183827 	0.5844 	0.407747 	-1.40721 	-0.0979672 	
5.555	0.314122 	-0.183831 	0.584398 	0.408107 	-1.40735 	-0.0983219 	
5.56	0.314108 	-0.183836 	0.584392 	0.408461 	-1.40748 	-0.0986678 	
5.565	0.314095 	-0.18384 	0.58439 	0.408823 	-1.40762 	-0.0990239 	
5.57	0.314081 	-0.183845 	0.584385 	0.409178 	-1.40775 	-0.099371 	
5.575	0.314068 	-0.183849 	0.584383 	0.409542 	-1.40789 	-0.0997284 	
5.58	0.314054 	-0.183853 	0.584378 	0.409899 	-1.40802 	-0.100077 	
5.585	0.314041 	-0.183858 	0.584376 	0.410265 	-1.40816 	-0.100435 	
5.59	0.314027 	-0.183861 	0.584371 	0.410623 	-1.40829 	-0.100785 	
5.595	0.314014 	-0.183866 	0.584369 	0.41099 	-1.40843 	-0.101145 	
5.6	0.314 	-0.18387 	0.584364 	0.41135 	-1.40857 	-0.101495 	
5.605	0.313987 	-0.183874 	0.584362 	0.411718 	-1.40871 	-0.101856 	
5.61	0.313973 	-0.183878 	0.584357 	0.412079 	-1.40884 	-0.102208 	
5.615	0.31396 	-0.183882 	0.584356 	0.412449 	-1.40898 	-0.10257 	
5.62	0.313946 	-0.183885 	0.584351 	0.412812 	-1.40911 	-0.102923 	
5.625	0.313933 	-0.18389 	0.584349 	0.413183 	-1.40925 	-0.103286 	
5.63	0.313919 	-0.183893 	0.584344 	0.413547 	-1.40939 	-0.10364 	
5.635	0.313906 	-0.183897 	0.584342 	0.413919 	-1.40953 	-0.104005 	
5.64	0.313892 	-0.183901 	0.584337 	0.414284 	-1.40966 	-0.10436 	
5.645	0.313879 	-0.183905 	0.584336 	0.414658 	-1.4098 	-0.104725 	
5.65	0.313865 	-0.183908 	0.584331 	0.415024 	-1.40993 	-0.105081 	
5.655	0.313852 	-0.183912 	0.584329 	0.4154 	-1.41007 	-0.105448 	
5.66	0.313838 	-0.183916 	0.584324 	0.415767 	-1.4102 	-0.105806 	
5.665	0.313825 	-0.183919 	0.584323 	0.416144 	-1.41035 	-0.106174 	
5.67	0.313811 	-0.183923 	0.584318 	0.416512 	-1.41048 	-0.106532 	
5.675	0.313798 	-0.183927 	0.584316 	0.416891 	-1.41062 	-0.106902 	
5.68	0.313784 	-0.18393 	0.584311 	0.417261 	-1.41075 	-0.107261 	
5.685	0.31377 	-0.183934 	0.584309 	0.41764 	-1.41089 	-0.107632 	
5.69	0.313757 	-0.183937 	0.584304 	0.418011 	-1.41102 	-0.107993 	
5.695	0.313743 	-0.183941 	0.584302 	0.418392 	-1.41116 	-0.108365 	
5.7	0.31373 	-0.183944 	0.584297 	0.418765 	-1.41129 	-0.108727 	
5.705	0.313716 	-0.183948 	0.584296 	0.419147 	-1.41143 	-0.1091 	
5.71	0.313703 	-0.183951 	0.58429 	0.419521 	-1.41156 	-0.109463 	
5.715	0.313689 	-0.183955 	0.584289 	0.419904 	-1.41171 	-0.109838 	
5.72	0.313676 	-0.183958 	0.584284 	0.420279 	-1.41184 	-0.110202 	
5.725	0.313662 	-0.183962 	0.584282 	0.420665 	-1.41198 	-0.110578 	
5.73	0.313649 	-0.183965 	0.584277 	0.421041 	-1.41211 	-0.110944 	
5.735	0.313635 	-0.183969 	0.584275 	0.421427 	-1.41225 	-0.111321 	
5.74	0.313622 	-0.183972 	0.58427 	0.421805 	-1.41238 	-0.111688 	
5.745	0.313608 	-0.183976 	0.584268 	0.422193 	-1.41252 	-0.112067 	
5.75	0.313595 	-0.183979 	0.584263 	0.422572 	-1.41265 	-0.112435 	
5.755	0.313581 	-0.183982 	0.584261 	0.422961 	-1.41279 	-0.112815 	
5.76	0.313567 	-0.183985 	0.584256 	0.423342 	-1.41292 	-0.113185 	
