0	0.310429 	-0.173769 	0.537008 	0.180534 	-1.45468 	-0.24872 	
0.005	0.310429 	-0.173769 	0.537008 	0.180534 	-1.45468 	-0.24872 	
0.01	0.310429 	-0.173769 	0.537008 	0.180534 	-1.45468 	-0.24872 	
0.015	0.310429 	-0.173769 	0.537008 	0.180534 	-1.45468 	-0.24872 	
0.02	0.31043 	-0.173769 	0.537008 	0.180534 	-1.45468 	-0.24872 	
0.025	0.310432 	-0.173769 	0.537008 	0.180534 	-1.45468 	-0.24872 	
0.03	0.310434 	-0.173769 	0.537008 	0.180534 	-1.45468 	-0.24872 	
0.035	0.310436 	-0.173769 	0.537008 	0.180534 	-1.45468 	-0.24872 	
0.04	0.310439 	-0.173769 	0.537009 	0.180534 	-1.45468 	-0.24872 	
0.045	0.310442 	-0.173769 	0.537009 	0.180534 	-1.45468 	-0.24872 	
0.05	0.310446 	-0.173769 	0.537009 	0.180534 	-1.45468 	-0.24872 	
0.055	0.31045 	-0.17377 	0.537009 	0.180534 	-1.45468 	-0.24872 	
0.06	0.310455 	-0.17377 	0.537009 	0.180534 	-1.45468 	-0.24872 	
0.065	0.31046 	-0.17377 	0.53701 	0.180534 	-1.45468 	-0.24872 	
0.07	0.310465 	-0.17377 	0.53701 	0.180534 	-1.45468 	-0.24872 	
0.075	0.310471 	-0.17377 	0.53701 	0.180534 	-1.45468 	-0.24872 	
0.08	0.310478 	-0.17377 	0.53701 	0.180534 	-1.45468 	-0.24872 	
0.085	0.310484 	-0.17377 	0.537011 	0.180534 	-1.45468 	-0.24872 	
0.09	0.310491 	-0.173771 	0.537011 	0.180534 	-1.45468 	-0.24872 	
0.095	0.310499 	-0.173771 	0.537012 	0.180534 	-1.45468 	-0.24872 	
0.1	0.310507 	-0.173771 	0.537012 	0.180534 	-1.45468 	-0.24872 	
0.105	0.310516 	-0.173771 	0.537012 	0.180534 	-1.45468 	-0.24872 	
0.11	0.310525 	-0.173771 	0.537013 	0.180534 	-1.45468 	-0.24872 	
0.115	0.310535 	-0.173772 	0.537013 	0.180534 	-1.45468 	-0.24872 	
0.12	0.310545 	-0.173772 	0.537014 	0.180534 	-1.45468 	-0.24872 	
0.125	0.310555 	-0.173772 	0.537014 	0.180534 	-1.45468 	-0.24872 	
0.13	0.310566 	-0.173772 	0.537015 	0.180534 	-1.45468 	-0.24872 	
0.135	0.310577 	-0.173773 	0.537015 	0.180534 	-1.45468 	-0.24872 	
0.14	0.310589 	-0.173773 	0.537016 	0.180534 	-1.45468 	-0.24872 	
0.145	0.310601 	-0.173773 	0.537017 	0.180534 	-1.45468 	-0.24872 	
0.15	0.310613 	-0.173774 	0.537017 	0.180534 	-1.45468 	-0.24872 	
0.155	0.310626 	-0.173774 	0.537018 	0.180534 	-1.45468 	-0.24872 	
0.16	0.31064 	-0.173774 	0.537018 	0.180534 	-1.45468 	-0.24872 	
0.165	0.310591 	-0.173759 	0.537 	0.178912 	-1.45354 	-0.246485 	
0.17	0.310605 	-0.173759 	0.537001 	0.178912 	-1.45354 	-0.246485 	
0.175	0.31062 	-0.17376 	0.537002 	0.178912 	-1.45354 	-0.246485 	
0.18	0.310635 	-0.17376 	0.537002 	0.178912 	-1.45354 	-0.246485 	
0.185	0.310651 	-0.17376 	0.537003 	0.178912 	-1.45354 	-0.246485 	
0.19	0.310667 	-0.173761 	0.537004 	0.178912 	-1.45354 	-0.246485 	
0.195	0.310683 	-0.173761 	0.537005 	0.178912 	-1.45354 	-0.246485 	
0.2	0.3107 	-0.173762 	0.537005 	0.178912 	-1.45354 	-0.246485 	
0.205	0.310717 	-0.173762 	0.537006 	0.178912 	-1.45354 	-0.246485 	
0.21	0.310735 	-0.173762 	0.537007 	0.178912 	-1.45354 	-0.246485 	
0.215	0.310753 	-0.173763 	0.537008 	0.178912 	-1.45354 	-0.246485 	
0.22	0.310771 	-0.173763 	0.537009 	0.178912 	-1.45354 	-0.246485 	
0.225	0.310729 	-0.173749 	0.536991 	0.177312 	-1.45242 	-0.244282 	
0.23	0.310748 	-0.173749 	0.536992 	0.177312 	-1.45242 	-0.244282 	
0.235	0.310768 	-0.173749 	0.536993 	0.177312 	-1.45242 	-0.244282 	
0.24	0.310788 	-0.17375 	0.536994 	0.177312 	-1.45242 	-0.244282 	
0.245	0.310809 	-0.17375 	0.536995 	0.177312 	-1.45242 	-0.244282 	
0.25	0.31083 	-0.173751 	0.536996 	0.177312 	-1.45242 	-0.244282 	
0.255	0.310851 	-0.173751 	0.536997 	0.177312 	-1.45242 	-0.244282 	
0.26	0.310873 	-0.173752 	0.536998 	0.177312 	-1.45242 	-0.244282 	
0.265	0.310895 	-0.173752 	0.536999 	0.177312 	-1.45242 	-0.244282 	
0.27	0.310918 	-0.173753 	0.537 	0.177312 	-1.45242 	-0.244282 	
0.275	0.310876 	-0.173738 	0.536982 	0.175618 	-1.45123 	-0.241947 	
0.28	0.3109 	-0.173738 	0.536983 	0.175618 	-1.45123 	-0.241947 	
0.285	0.310924 	-0.173739 	0.536984 	0.175618 	-1.45123 	-0.241947 	
0.29	0.310948 	-0.173739 	0.536985 	0.175618 	-1.45123 	-0.241947 	
0.295	0.310973 	-0.17374 	0.536986 	0.175618 	-1.45123 	-0.241947 	
0.3	0.310998 	-0.17374 	0.536988 	0.175618 	-1.45123 	-0.241947 	
0.305	0.311024 	-0.173741 	0.536989 	0.175618 	-1.45123 	-0.241947 	
0.31	0.31105 	-0.173741 	0.53699 	0.175618 	-1.45123 	-0.241947 	
0.315	0.311014 	-0.173727 	0.536973 	0.174005 	-1.4501 	-0.239724 	
0.32	0.311041 	-0.173728 	0.536974 	0.174005 	-1.4501 	-0.239724 	
0.325	0.311068 	-0.173728 	0.536975 	0.174005 	-1.4501 	-0.239724 	
0.33	0.311096 	-0.173729 	0.536977 	0.174005 	-1.4501 	-0.239724 	
0.335	0.311124 	-0.173729 	0.536978 	0.174005 	-1.4501 	-0.239724 	
0.34	0.311153 	-0.17373 	0.536979 	0.174005 	-1.4501 	-0.239724 	
0.345	0.311181 	-0.17373 	0.536981 	0.174005 	-1.4501 	-0.239724 	
0.35	0.31115 	-0.173717 	0.536964 	0.172425 	-1.44899 	-0.237548 	
0.355	0.31118 	-0.173717 	0.536965 	0.172425 	-1.44899 	-0.237548 	
0.36	0.31121 	-0.173718 	0.536967 	0.172425 	-1.44899 	-0.237548 	
0.365	0.31124 	-0.173719 	0.536968 	0.172425 	-1.44899 	-0.237548 	
0.37	0.311271 	-0.173719 	0.53697 	0.172425 	-1.44899 	-0.237548 	
0.375	0.311302 	-0.17372 	0.536971 	0.172425 	-1.44899 	-0.237548 	
0.38	0.311334 	-0.17372 	0.536973 	0.172425 	-1.44899 	-0.237548 	
0.385	0.3113 	-0.173706 	0.536954 	0.170708 	-1.44779 	-0.235182 	
0.39	0.311332 	-0.173706 	0.536956 	0.170708 	-1.44779 	-0.235182 	
0.395	0.311365 	-0.173707 	0.536957 	0.170708 	-1.44779 	-0.235182 	
0.4	0.311399 	-0.173707 	0.536959 	0.170708 	-1.44779 	-0.235182 	
0.405	0.311432 	-0.173708 	0.536961 	0.170708 	-1.44779 	-0.235182 	
0.41	0.311466 	-0.173708 	0.536962 	0.170708 	-1.44779 	-0.235182 	
0.415	0.311438 	-0.173695 	0.536945 	0.169088 	-1.44665 	-0.232951 	
0.42	0.311473 	-0.173696 	0.536947 	0.169088 	-1.44665 	-0.232951 	
0.425	0.311508 	-0.173696 	0.536948 	0.169088 	-1.44665 	-0.232951 	
0.43	0.311544 	-0.173697 	0.53695 	0.169088 	-1.44665 	-0.232951 	
0.435	0.31158 	-0.173697 	0.536952 	0.169088 	-1.44665 	-0.232951 	
0.44	0.311616 	-0.173698 	0.536954 	0.169088 	-1.44665 	-0.232951 	
0.445	0.311587 	-0.173684 	0.536936 	0.16738 	-1.44546 	-0.230597 	
0.45	0.311624 	-0.173685 	0.536937 	0.16738 	-1.44546 	-0.230597 	
0.455	0.311661 	-0.173685 	0.536939 	0.16738 	-1.44546 	-0.230597 	
0.46	0.311699 	-0.173686 	0.536941 	0.16738 	-1.44546 	-0.230597 	
0.465	0.311738 	-0.173686 	0.536943 	0.16738 	-1.44546 	-0.230597 	
0.47	0.311776 	-0.173687 	0.536945 	0.16738 	-1.44546 	-0.230597 	
0.475	0.311745 	-0.173672 	0.536926 	0.165564 	-1.44418 	-0.228096 	
0.48	0.311784 	-0.173673 	0.536927 	0.165564 	-1.44418 	-0.228096 	
0.485	0.311824 	-0.173673 	0.536929 	0.165564 	-1.44418 	-0.228096 	
0.49	0.311864 	-0.173674 	0.536931 	0.165564 	-1.44418 	-0.228096 	
0.495	0.311905 	-0.173674 	0.536933 	0.165564 	-1.44418 	-0.228096 	
0.5	0.311882 	-0.173662 	0.536916 	0.163939 	-1.44304 	-0.225857 	
0.505	0.311924 	-0.173662 	0.536918 	0.163939 	-1.44304 	-0.225857 	
0.51	0.311965 	-0.173663 	0.53692 	0.163939 	-1.44304 	-0.225857 	
0.515	0.312007 	-0.173663 	0.536922 	0.163939 	-1.44304 	-0.225857 	
0.52	0.312049 	-0.173664 	0.536924 	0.163939 	-1.44304 	-0.225857 	
0.525	0.312027 	-0.173651 	0.536907 	0.162268 	-1.44187 	-0.223555 	
0.53	0.31207 	-0.173651 	0.536909 	0.162268 	-1.44187 	-0.223555 	
0.535	0.312113 	-0.173652 	0.536911 	0.162268 	-1.44187 	-0.223555 	
0.54	0.312157 	-0.173652 	0.536913 	0.162268 	-1.44187 	-0.223555 	
0.545	0.312201 	-0.173653 	0.536915 	0.162268 	-1.44187 	-0.223555 	
0.55	0.312178 	-0.17364 	0.536897 	0.16053 	-1.44065 	-0.22116 	
0.555	0.312223 	-0.17364 	0.536899 	0.16053 	-1.44065 	-0.22116 	
0.56	0.312268 	-0.17364 	0.536902 	0.16053 	-1.44065 	-0.22116 	
0.565	0.312313 	-0.173641 	0.536904 	0.16053 	-1.44065 	-0.22116 	
0.57	0.312359 	-0.173641 	0.536906 	0.16053 	-1.44065 	-0.22116 	
0.575	0.312335 	-0.173628 	0.536887 	0.158723 	-1.43939 	-0.21867 	
0.58	0.312381 	-0.173628 	0.536889 	0.158723 	-1.43939 	-0.21867 	
0.585	0.312428 	-0.173629 	0.536892 	0.158723 	-1.43939 	-0.21867 	
0.59	0.312475 	-0.173629 	0.536894 	0.158723 	-1.43939 	-0.21867 	
0.595	0.312523 	-0.173629 	0.536896 	0.158723 	-1.43939 	-0.21867 	
0.6	0.312497 	-0.173616 	0.536877 	0.156849 	-1.43807 	-0.216089 	
0.605	0.312545 	-0.173616 	0.536879 	0.156849 	-1.43807 	-0.216089 	
0.61	0.312594 	-0.173616 	0.536881 	0.156849 	-1.43807 	-0.216089 	
0.615	0.312643 	-0.173617 	0.536883 	0.156849 	-1.43807 	-0.216089 	
0.62	0.31263 	-0.173605 	0.536868 	0.155264 	-1.43696 	-0.213905 	
0.625	0.312679 	-0.173606 	0.53687 	0.155264 	-1.43696 	-0.213905 	
0.63	0.312729 	-0.173606 	0.536872 	0.155264 	-1.43696 	-0.213905 	
0.635	0.312779 	-0.173606 	0.536875 	0.155264 	-1.43696 	-0.213905 	
0.64	0.312767 	-0.173595 	0.536859 	0.153672 	-1.43585 	-0.211712 	
0.645	0.312818 	-0.173595 	0.536861 	0.153672 	-1.43585 	-0.211712 	
0.65	0.312869 	-0.173595 	0.536864 	0.153672 	-1.43585 	-0.211712 	
0.655	0.31292 	-0.173596 	0.536866 	0.153672 	-1.43585 	-0.211712 	
0.66	0.312908 	-0.173585 	0.53685 	0.152044 	-1.4347 	-0.209469 	
0.665	0.31296 	-0.173585 	0.536852 	0.152044 	-1.4347 	-0.209469 	
0.67	0.313012 	-0.173585 	0.536855 	0.152044 	-1.4347 	-0.209469 	
0.675	0.313065 	-0.173585 	0.536857 	0.152044 	-1.4347 	-0.209469 	
0.68	0.313053 	-0.173574 	0.536841 	0.150377 	-1.43353 	-0.207173 	
0.685	0.313106 	-0.173574 	0.536843 	0.150377 	-1.43353 	-0.207173 	
0.69	0.313159 	-0.173574 	0.536845 	0.150377 	-1.43353 	-0.207173 	
0.695	0.313213 	-0.173574 	0.536848 	0.150377 	-1.43353 	-0.207173 	
0.7	0.3132 	-0.173563 	0.536831 	0.148673 	-1.43234 	-0.204825 	
0.705	0.313254 	-0.173563 	0.536834 	0.148673 	-1.43234 	-0.204825 	
0.71	0.313309 	-0.173562 	0.536836 	0.148673 	-1.43234 	-0.204825 	
0.715	0.313364 	-0.173562 	0.536838 	0.148673 	-1.43234 	-0.204825 	
0.72	0.313351 	-0.173551 	0.536821 	0.146932 	-1.43112 	-0.202427 	
0.725	0.313406 	-0.173551 	0.536824 	0.146932 	-1.43112 	-0.202427 	
0.73	0.313462 	-0.173551 	0.536826 	0.146932 	-1.43112 	-0.202427 	
0.735	0.313518 	-0.173551 	0.536829 	0.146932 	-1.43112 	-0.202427 	
0.74	0.313504 	-0.17354 	0.536812 	0.145156 	-1.42987 	-0.199979 	
0.745	0.313561 	-0.17354 	0.536814 	0.145156 	-1.42987 	-0.199979 	
0.75	0.313618 	-0.173539 	0.536816 	0.145156 	-1.42987 	-0.199979 	
0.755	0.313675 	-0.173539 	0.536819 	0.145156 	-1.42987 	-0.199979 	
0.76	0.313661 	-0.173528 	0.536801 	0.143345 	-1.4286 	-0.197485 	
0.765	0.313719 	-0.173528 	0.536804 	0.143345 	-1.4286 	-0.197485 	
0.77	0.313777 	-0.173527 	0.536806 	0.143345 	-1.4286 	-0.197485 	
0.775	0.313835 	-0.173527 	0.536809 	0.143345 	-1.4286 	-0.197485 	
0.78	0.313821 	-0.173516 	0.536791 	0.141501 	-1.42731 	-0.194944 	
0.785	0.313879 	-0.173516 	0.536794 	0.141501 	-1.42731 	-0.194944 	
0.79	0.313938 	-0.173515 	0.536796 	0.141501 	-1.42731 	-0.194944 	
0.795	0.313997 	-0.173515 	0.536799 	0.141501 	-1.42731 	-0.194944 	
0.8	0.313983 	-0.173504 	0.536781 	0.139625 	-1.426 	-0.19236 	
0.805	0.314043 	-0.173503 	0.536783 	0.139625 	-1.426 	-0.19236 	
0.81	0.314102 	-0.173503 	0.536786 	0.139625 	-1.426 	-0.19236 	
0.815	0.314162 	-0.173502 	0.536788 	0.139625 	-1.426 	-0.19236 	
0.82	0.314148 	-0.173491 	0.53677 	0.137718 	-1.42466 	-0.189732 	
0.825	0.314208 	-0.173491 	0.536773 	0.137718 	-1.42466 	-0.189732 	
0.83	0.314269 	-0.17349 	0.536775 	0.137718 	-1.42466 	-0.189732 	
0.835	0.31433 	-0.17349 	0.536778 	0.137718 	-1.42466 	-0.189732 	
0.84	0.314315 	-0.173479 	0.536759 	0.135781 	-1.4233 	-0.187064 	
0.845	0.314377 	-0.173478 	0.536762 	0.135781 	-1.4233 	-0.187064 	
0.85	0.314438 	-0.173477 	0.536764 	0.135781 	-1.4233 	-0.187064 	
0.855	0.3145 	-0.173477 	0.536767 	0.135781 	-1.4233 	-0.187064 	
0.86	0.314485 	-0.173466 	0.536748 	0.133816 	-1.42192 	-0.184357 	
0.865	0.314548 	-0.173465 	0.536751 	0.133816 	-1.42192 	-0.184357 	
0.87	0.31461 	-0.173464 	0.536753 	0.133816 	-1.42192 	-0.184357 	
0.875	0.314673 	-0.173464 	0.536756 	0.133816 	-1.42192 	-0.184357 	
0.88	0.314657 	-0.173453 	0.536737 	0.131823 	-1.42053 	-0.181611 	
0.885	0.314721 	-0.173452 	0.53674 	0.131823 	-1.42053 	-0.181611 	
0.89	0.314784 	-0.173451 	0.536742 	0.131823 	-1.42053 	-0.181611 	
0.895	0.314786 	-0.173443 	0.536728 	0.130261 	-1.41943 	-0.179459 	
0.9	0.31485 	-0.173442 	0.536731 	0.130261 	-1.41943 	-0.179459 	
0.905	0.314914 	-0.173441 	0.536733 	0.130261 	-1.41943 	-0.179459 	
0.91	0.314978 	-0.17344 	0.536736 	0.130261 	-1.41943 	-0.179459 	
0.915	0.314964 	-0.17343 	0.536717 	0.128269 	-1.41803 	-0.176715 	
0.92	0.315029 	-0.173429 	0.53672 	0.128269 	-1.41803 	-0.176715 	
0.925	0.315093 	-0.173428 	0.536722 	0.128269 	-1.41803 	-0.176715 	
0.93	0.315096 	-0.17342 	0.536708 	0.126678 	-1.41692 	-0.174523 	
0.935	0.315161 	-0.173419 	0.536711 	0.126678 	-1.41692 	-0.174523 	
0.94	0.315226 	-0.173417 	0.536713 	0.126678 	-1.41692 	-0.174523 	
0.945	0.31523 	-0.17341 	0.536699 	0.125116 	-1.41582 	-0.172371 	
0.95	0.315295 	-0.173408 	0.536702 	0.125116 	-1.41582 	-0.172371 	
0.955	0.315361 	-0.173407 	0.536705 	0.125116 	-1.41582 	-0.172371 	
0.96	0.315365 	-0.173399 	0.536691 	0.123547 	-1.41472 	-0.170209 	
0.965	0.315432 	-0.173398 	0.536693 	0.123547 	-1.41472 	-0.170209 	
0.97	0.315498 	-0.173397 	0.536696 	0.123547 	-1.41472 	-0.170209 	
0.975	0.315502 	-0.173389 	0.536682 	0.121965 	-1.41361 	-0.16803 	
0.98	0.315569 	-0.173388 	0.536684 	0.121965 	-1.41361 	-0.16803 	
0.985	0.315635 	-0.173386 	0.536687 	0.121965 	-1.41361 	-0.16803 	
0.99	0.315639 	-0.173379 	0.536673 	0.120373 	-1.4125 	-0.165837 	
0.995	0.315706 	-0.173377 	0.536676 	0.120373 	-1.4125 	-0.165837 	
1	0.315774 	-0.173376 	0.536678 	0.120373 	-1.4125 	-0.165837 	
1.005	0.315778 	-0.173368 	0.536664 	0.11877 	-1.41137 	-0.163629 	
1.01	0.315845 	-0.173367 	0.536667 	0.11877 	-1.41137 	-0.163629 	
1.015	0.315913 	-0.173365 	0.536669 	0.11877 	-1.41137 	-0.163629 	
1.02	0.315917 	-0.173358 	0.536655 	0.117157 	-1.41024 	-0.161407 	
1.025	0.315985 	-0.173356 	0.536658 	0.117157 	-1.41024 	-0.161407 	
1.03	0.316053 	-0.173354 	0.53666 	0.117157 	-1.41024 	-0.161407 	
1.035	0.316057 	-0.173347 	0.536646 	0.115535 	-1.40911 	-0.159171 	
1.04	0.316125 	-0.173346 	0.536648 	0.115535 	-1.40911 	-0.159171 	
1.045	0.316194 	-0.173344 	0.536651 	0.115535 	-1.40911 	-0.159171 	
1.05	0.316198 	-0.173337 	0.536637 	0.113904 	-1.40796 	-0.156924 	
1.055	0.316267 	-0.173335 	0.536639 	0.113904 	-1.40796 	-0.156924 	
1.06	0.316335 	-0.173333 	0.536642 	0.113904 	-1.40796 	-0.156924 	
1.065	0.316339 	-0.173326 	0.536628 	0.112264 	-1.40681 	-0.154665 	
1.07	0.316409 	-0.173324 	0.53663 	0.112264 	-1.40681 	-0.154665 	
1.075	0.316478 	-0.173322 	0.536633 	0.112264 	-1.40681 	-0.154665 	
1.08	0.316482 	-0.173316 	0.536618 	0.110617 	-1.40566 	-0.152396 	
1.085	0.316551 	-0.173313 	0.536621 	0.110617 	-1.40566 	-0.152396 	
1.09	0.31662 	-0.173311 	0.536624 	0.110617 	-1.40566 	-0.152396 	
1.095	0.316624 	-0.173305 	0.536609 	0.108962 	-1.4045 	-0.150116 	
1.1	0.316694 	-0.173302 	0.536612 	0.108962 	-1.4045 	-0.150116 	
1.105	0.316764 	-0.1733 	0.536614 	0.108962 	-1.4045 	-0.150116 	
1.11	0.316768 	-0.173294 	0.5366 	0.107301 	-1.40333 	-0.147828 	
1.115	0.316838 	-0.173292 	0.536602 	0.107301 	-1.40333 	-0.147828 	
1.12	0.316908 	-0.173289 	0.536605 	0.107301 	-1.40333 	-0.147828 	
1.125	0.316912 	-0.173283 	0.536591 	0.105634 	-1.40216 	-0.145531 	
1.13	0.316982 	-0.173281 	0.536593 	0.105634 	-1.40216 	-0.145531 	
1.135	0.317052 	-0.173278 	0.536596 	0.105634 	-1.40216 	-0.145531 	
1.14	0.317056 	-0.173272 	0.536581 	0.103962 	-1.40099 	-0.143227 	
1.145	0.317126 	-0.17327 	0.536584 	0.103962 	-1.40099 	-0.143227 	
1.15	0.317197 	-0.173267 	0.536586 	0.103962 	-1.40099 	-0.143227 	
1.155	0.317201 	-0.173261 	0.536572 	0.102284 	-1.39981 	-0.140916 	
1.16	0.317271 	-0.173259 	0.536574 	0.102284 	-1.39981 	-0.140916 	
1.165	0.317342 	-0.173256 	0.536577 	0.102284 	-1.39981 	-0.140916 	
1.17	0.317346 	-0.17325 	0.536563 	0.100603 	-1.39864 	-0.138599 	
1.175	0.317417 	-0.173248 	0.536565 	0.100603 	-1.39864 	-0.138599 	
1.18	0.317487 	-0.173245 	0.536567 	0.100603 	-1.39864 	-0.138599 	
1.185	0.317491 	-0.17324 	0.536553 	0.0989175 	-1.39745 	-0.136277 	
1.19	0.317562 	-0.173237 	0.536556 	0.0989175 	-1.39745 	-0.136277 	
1.195	0.317633 	-0.173234 	0.536558 	0.0989175 	-1.39745 	-0.136277 	
1.2	0.317637 	-0.173229 	0.536544 	0.0972292 	-1.39627 	-0.133951 	
1.205	0.317708 	-0.173225 	0.536546 	0.0972292 	-1.39627 	-0.133951 	
1.21	0.317779 	-0.173222 	0.536548 	0.0972292 	-1.39627 	-0.133951 	
1.215	0.317783 	-0.173218 	0.536534 	0.0955384 	-1.39508 	-0.131622 	
1.22	0.317854 	-0.173214 	0.536537 	0.0955384 	-1.39508 	-0.131622 	
1.225	0.317925 	-0.173211 	0.536539 	0.0955384 	-1.39508 	-0.131622 	
1.23	0.317929 	-0.173207 	0.536525 	0.0938458 	-1.3939 	-0.12929 	
1.235	0.318 	-0.173203 	0.536527 	0.0938458 	-1.3939 	-0.12929 	
1.24	0.318071 	-0.1732 	0.536529 	0.0938458 	-1.3939 	-0.12929 	
1.245	0.318075 	-0.173196 	0.536515 	0.092152 	-1.39271 	-0.126957 	
1.25	0.318146 	-0.173192 	0.536518 	0.092152 	-1.39271 	-0.126957 	
1.255	0.318217 	-0.173189 	0.53652 	0.092152 	-1.39271 	-0.126957 	
1.26	0.318221 	-0.173185 	0.536506 	0.0904574 	-1.39152 	-0.124622 	
1.265	0.318292 	-0.173181 	0.536508 	0.0904574 	-1.39152 	-0.124622 	
1.27	0.318364 	-0.173178 	0.53651 	0.0904574 	-1.39152 	-0.124622 	
1.275	0.318367 	-0.173174 	0.536496 	0.0887628 	-1.39033 	-0.122287 	
1.28	0.318438 	-0.17317 	0.536499 	0.0887628 	-1.39033 	-0.122287 	
1.285	0.31851 	-0.173166 	0.536501 	0.0887628 	-1.39033 	-0.122287 	
1.29	0.318513 	-0.173163 	0.536487 	0.0870688 	-1.38915 	-0.119954 	
1.295	0.318585 	-0.173159 	0.536489 	0.0870688 	-1.38915 	-0.119954 	
1.3	0.318656 	-0.173155 	0.536491 	0.0870688 	-1.38915 	-0.119954 	
1.305	0.318659 	-0.173152 	0.536477 	0.0853758 	-1.38796 	-0.117621 	
1.31	0.31873 	-0.173148 	0.53648 	0.0853758 	-1.38796 	-0.117621 	
1.315	0.318802 	-0.173144 	0.536482 	0.0853758 	-1.38796 	-0.117621 	
1.32	0.318805 	-0.173141 	0.536468 	0.0836846 	-1.38677 	-0.115291 	
1.325	0.318876 	-0.173137 	0.53647 	0.0836846 	-1.38677 	-0.115291 	
1.33	0.318947 	-0.173133 	0.536472 	0.0836846 	-1.38677 	-0.115291 	
1.335	0.318951 	-0.17313 	0.536459 	0.0819957 	-1.38559 	-0.112964 	
1.34	0.319022 	-0.173126 	0.536461 	0.0819957 	-1.38559 	-0.112964 	
1.345	0.319093 	-0.173122 	0.536463 	0.0819957 	-1.38559 	-0.112964 	
1.35	0.319096 	-0.173119 	0.536449 	0.0803097 	-1.38441 	-0.110642 	
1.355	0.319167 	-0.173115 	0.536451 	0.0803097 	-1.38441 	-0.110642 	
1.36	0.319238 	-0.17311 	0.536453 	0.0803097 	-1.38441 	-0.110642 	
1.365	0.319241 	-0.173108 	0.53644 	0.0786272 	-1.38323 	-0.108324 	
1.37	0.319312 	-0.173104 	0.536442 	0.0786272 	-1.38323 	-0.108324 	
1.375	0.319382 	-0.173099 	0.536444 	0.0786272 	-1.38323 	-0.108324 	
1.38	0.319386 	-0.173097 	0.53643 	0.0769488 	-1.38205 	-0.106011 	
1.385	0.319456 	-0.173093 	0.536432 	0.0769488 	-1.38205 	-0.106011 	
1.39	0.319527 	-0.173088 	0.536434 	0.0769488 	-1.38205 	-0.106011 	
1.395	0.31953 	-0.173086 	0.536421 	0.0752752 	-1.38088 	-0.103706 	
1.4	0.319601 	-0.173082 	0.536423 	0.0752752 	-1.38088 	-0.103706 	
1.405	0.319671 	-0.173077 	0.536425 	0.0752752 	-1.38088 	-0.103706 	
1.41	0.319674 	-0.173075 	0.536412 	0.0736068 	-1.37971 	-0.101407 	
1.415	0.319744 	-0.173071 	0.536414 	0.0736068 	-1.37971 	-0.101407 	
1.42	0.319814 	-0.173066 	0.536416 	0.0736068 	-1.37971 	-0.101407 	
1.425	0.319817 	-0.173064 	0.536402 	0.0719442 	-1.37854 	-0.0991167 	
1.43	0.319887 	-0.17306 	0.536404 	0.0719442 	-1.37854 	-0.0991167 	
1.435	0.319957 	-0.173055 	0.536406 	0.0719442 	-1.37854 	-0.0991167 	
1.44	0.31996 	-0.173054 	0.536393 	0.0702882 	-1.37738 	-0.0968351 	
1.445	0.32003 	-0.173049 	0.536395 	0.0702882 	-1.37738 	-0.0968351 	
1.45	0.320099 	-0.173044 	0.536397 	0.0702882 	-1.37738 	-0.0968351 	
1.455	0.320102 	-0.173043 	0.536384 	0.0686391 	-1.37622 	-0.0945633 	
1.46	0.320171 	-0.173038 	0.536386 	0.0686391 	-1.37622 	-0.0945633 	
1.465	0.32024 	-0.173034 	0.536388 	0.0686391 	-1.37622 	-0.0945633 	
1.47	0.320244 	-0.173032 	0.536375 	0.0669977 	-1.37507 	-0.0923019 	
1.475	0.320313 	-0.173028 	0.536377 	0.0669977 	-1.37507 	-0.0923019 	
1.48	0.320381 	-0.173023 	0.536378 	0.0669977 	-1.37507 	-0.0923019 	
1.485	0.320385 	-0.173022 	0.536366 	0.0653645 	-1.37393 	-0.0900519 	
1.49	0.320453 	-0.173017 	0.536367 	0.0653645 	-1.37393 	-0.0900519 	
1.495	0.320521 	-0.173012 	0.536369 	0.0653645 	-1.37393 	-0.0900519 	
1.5	0.320525 	-0.173011 	0.536357 	0.0637401 	-1.37279 	-0.0878139 	
1.505	0.320593 	-0.173006 	0.536358 	0.0637401 	-1.37279 	-0.0878139 	
1.51	0.32066 	-0.173001 	0.53636 	0.0637401 	-1.37279 	-0.0878139 	
1.515	0.320664 	-0.173001 	0.536347 	0.062125 	-1.37166 	-0.0855889 	
1.52	0.320731 	-0.172996 	0.536349 	0.062125 	-1.37166 	-0.0855889 	
1.525	0.320799 	-0.172991 	0.536351 	0.062125 	-1.37166 	-0.0855889 	
1.53	0.320802 	-0.17299 	0.536338 	0.0605198 	-1.37053 	-0.0833774 	
1.535	0.320869 	-0.172985 	0.53634 	0.0605198 	-1.37053 	-0.0833774 	
1.54	0.320936 	-0.17298 	0.536342 	0.0605198 	-1.37053 	-0.0833774 	
1.545	0.320939 	-0.17298 	0.53633 	0.0589252 	-1.36941 	-0.0811805 	
1.55	0.321006 	-0.172975 	0.536331 	0.0589252 	-1.36941 	-0.0811805 	
1.555	0.321073 	-0.17297 	0.536333 	0.0589252 	-1.36941 	-0.0811805 	
1.56	0.321076 	-0.17297 	0.536321 	0.0573415 	-1.3683 	-0.0789987 	
1.565	0.321142 	-0.172965 	0.536322 	0.0573415 	-1.3683 	-0.0789987 	
1.57	0.321208 	-0.172959 	0.536324 	0.0573415 	-1.3683 	-0.0789987 	
1.575	0.321211 	-0.172959 	0.536312 	0.0557695 	-1.3672 	-0.076833 	
1.58	0.321277 	-0.172954 	0.536314 	0.0557695 	-1.3672 	-0.076833 	
1.585	0.321343 	-0.172949 	0.536315 	0.0557695 	-1.3672 	-0.076833 	
1.59	0.321346 	-0.172949 	0.536303 	0.0542096 	-1.36611 	-0.0746839 	
1.595	0.321411 	-0.172944 	0.536305 	0.0542096 	-1.36611 	-0.0746839 	
1.6	0.321476 	-0.172939 	0.536306 	0.0542096 	-1.36611 	-0.0746839 	
1.605	0.321479 	-0.172939 	0.536295 	0.0526625 	-1.36502 	-0.0725524 	
1.61	0.321544 	-0.172934 	0.536296 	0.0526625 	-1.36502 	-0.0725524 	
1.615	0.321608 	-0.172929 	0.536298 	0.0526625 	-1.36502 	-0.0725524 	
1.62	0.321611 	-0.172929 	0.536286 	0.0511286 	-1.36395 	-0.0704392 	
1.625	0.321675 	-0.172924 	0.536288 	0.0511286 	-1.36395 	-0.0704392 	
1.63	0.321739 	-0.172919 	0.536289 	0.0511286 	-1.36395 	-0.0704392 	
1.635	0.321803 	-0.172914 	0.536291 	0.0511286 	-1.36395 	-0.0704392 	
1.64	0.321787 	-0.172916 	0.536275 	0.0491569 	-1.36256 	-0.0677228 	
1.645	0.321851 	-0.172911 	0.536277 	0.0491569 	-1.36256 	-0.0677228 	
1.65	0.321914 	-0.172905 	0.536278 	0.0491569 	-1.36256 	-0.0677228 	
1.655	0.321915 	-0.172906 	0.536266 	0.0476093 	-1.36148 	-0.0655908 	
1.66	0.321977 	-0.172901 	0.536268 	0.0476093 	-1.36148 	-0.0655908 	
1.665	0.32204 	-0.172896 	0.536269 	0.0476093 	-1.36148 	-0.0655908 	
1.67	0.322102 	-0.17289 	0.536271 	0.0476093 	-1.36148 	-0.0655908 	
1.675	0.322087 	-0.172893 	0.536256 	0.0456777 	-1.36012 	-0.0629295 	
1.68	0.322149 	-0.172888 	0.536257 	0.0456777 	-1.36012 	-0.0629295 	
1.685	0.32221 	-0.172883 	0.536258 	0.0456777 	-1.36012 	-0.0629295 	
1.69	0.322271 	-0.172877 	0.53626 	0.0456777 	-1.36012 	-0.0629295 	
1.695	0.322255 	-0.172881 	0.536245 	0.043732 	-1.35876 	-0.0602489 	
1.7	0.322316 	-0.172875 	0.536246 	0.043732 	-1.35876 	-0.0602489 	
1.705	0.322376 	-0.17287 	0.536248 	0.043732 	-1.35876 	-0.0602489 	
1.71	0.322437 	-0.172865 	0.536249 	0.043732 	-1.35876 	-0.0602489 	
1.715	0.32242 	-0.172868 	0.536234 	0.0418111 	-1.35741 	-0.0576025 	
1.72	0.32248 	-0.172863 	0.536235 	0.0418111 	-1.35741 	-0.0576025 	
1.725	0.32254 	-0.172858 	0.536237 	0.0418111 	-1.35741 	-0.0576025 	
1.73	0.322599 	-0.172852 	0.536238 	0.0418111 	-1.35741 	-0.0576025 	
1.735	0.322583 	-0.172856 	0.536223 	0.0399202 	-1.35609 	-0.0549974 	
1.74	0.322642 	-0.172851 	0.536225 	0.0399202 	-1.35609 	-0.0549974 	
1.745	0.3227 	-0.172845 	0.536226 	0.0399202 	-1.35609 	-0.0549974 	
1.75	0.322759 	-0.17284 	0.536227 	0.0399202 	-1.35609 	-0.0549974 	
1.755	0.322743 	-0.172844 	0.536213 	0.0380607 	-1.35478 	-0.0524356 	
1.76	0.322801 	-0.172839 	0.536214 	0.0380607 	-1.35478 	-0.0524356 	
1.765	0.322858 	-0.172833 	0.536216 	0.0380607 	-1.35478 	-0.0524356 	
1.77	0.322916 	-0.172828 	0.536217 	0.0380607 	-1.35478 	-0.0524356 	
1.775	0.3229 	-0.172832 	0.536203 	0.0362339 	-1.3535 	-0.0499189 	
1.78	0.322957 	-0.172827 	0.536204 	0.0362339 	-1.3535 	-0.0499189 	
1.785	0.323013 	-0.172821 	0.536205 	0.0362339 	-1.3535 	-0.0499189 	
1.79	0.323069 	-0.172816 	0.536206 	0.0362339 	-1.3535 	-0.0499189 	
1.795	0.323054 	-0.172821 	0.536193 	0.034441 	-1.35225 	-0.0474489 	
1.8	0.32311 	-0.172815 	0.536194 	0.034441 	-1.35225 	-0.0474489 	
1.805	0.323165 	-0.17281 	0.536195 	0.034441 	-1.35225 	-0.0474489 	
1.81	0.32322 	-0.172805 	0.536196 	0.034441 	-1.35225 	-0.0474489 	
1.815	0.323205 	-0.172809 	0.536183 	0.0326831 	-1.35101 	-0.045027 	
1.82	0.32326 	-0.172804 	0.536184 	0.0326831 	-1.35101 	-0.045027 	
1.825	0.323314 	-0.172799 	0.536185 	0.0326831 	-1.35101 	-0.045027 	
1.83	0.323368 	-0.172793 	0.536186 	0.0326831 	-1.35101 	-0.045027 	
1.835	0.323353 	-0.172798 	0.536173 	0.0309613 	-1.34981 	-0.0426549 	
1.84	0.323407 	-0.172793 	0.536174 	0.0309613 	-1.34981 	-0.0426549 	
1.845	0.32346 	-0.172788 	0.536175 	0.0309613 	-1.34981 	-0.0426549 	
1.85	0.323513 	-0.172782 	0.536176 	0.0309613 	-1.34981 	-0.0426549 	
1.855	0.323498 	-0.172787 	0.536164 	0.0292766 	-1.34863 	-0.040334 	
1.86	0.32355 	-0.172782 	0.536165 	0.0292766 	-1.34863 	-0.040334 	
1.865	0.323602 	-0.172777 	0.536166 	0.0292766 	-1.34863 	-0.040334 	
1.87	0.323654 	-0.172771 	0.536167 	0.0292766 	-1.34863 	-0.040334 	
1.875	0.32364 	-0.172777 	0.536155 	0.0276302 	-1.34747 	-0.0380657 	
1.88	0.32369 	-0.172771 	0.536156 	0.0276302 	-1.34747 	-0.0380657 	
1.885	0.323741 	-0.172766 	0.536157 	0.0276302 	-1.34747 	-0.0380657 	
1.89	0.323791 	-0.172761 	0.536158 	0.0276302 	-1.34747 	-0.0380657 	
1.895	0.323778 	-0.172766 	0.536146 	0.026023 	-1.34634 	-0.0358514 	
1.9	0.323827 	-0.172761 	0.536147 	0.026023 	-1.34634 	-0.0358514 	
1.905	0.323877 	-0.172756 	0.536148 	0.026023 	-1.34634 	-0.0358514 	
1.91	0.323926 	-0.172751 	0.536148 	0.026023 	-1.34634 	-0.0358514 	
1.915	0.323912 	-0.172756 	0.536137 	0.024456 	-1.34525 	-0.0336927 	
1.92	0.323961 	-0.172751 	0.536138 	0.024456 	-1.34525 	-0.0336927 	
1.925	0.324009 	-0.172746 	0.536139 	0.024456 	-1.34525 	-0.0336927 	
1.93	0.324056 	-0.172741 	0.53614 	0.024456 	-1.34525 	-0.0336927 	
1.935	0.324043 	-0.172746 	0.536128 	0.0229303 	-1.34418 	-0.0315907 	
1.94	0.32409 	-0.172741 	0.536129 	0.0229303 	-1.34418 	-0.0315907 	
1.945	0.324137 	-0.172736 	0.53613 	0.0229303 	-1.34418 	-0.0315907 	
1.95	0.324183 	-0.172731 	0.536131 	0.0229303 	-1.34418 	-0.0315907 	
1.955	0.324229 	-0.172726 	0.536132 	0.0229303 	-1.34418 	-0.0315907 	
1.96	0.324203 	-0.172734 	0.536118 	0.021121 	-1.34291 	-0.029098 	
1.965	0.324249 	-0.172729 	0.536119 	0.021121 	-1.34291 	-0.029098 	
1.97	0.324294 	-0.172724 	0.53612 	0.021121 	-1.34291 	-0.029098 	
1.975	0.324338 	-0.172719 	0.536121 	0.021121 	-1.34291 	-0.029098 	
1.98	0.324383 	-0.172715 	0.536122 	0.021121 	-1.34291 	-0.029098 	
1.985	0.324356 	-0.172723 	0.536108 	0.0193435 	-1.34166 	-0.0266492 	
1.99	0.3244 	-0.172718 	0.536109 	0.0193435 	-1.34166 	-0.0266492 	
1.995	0.324443 	-0.172713 	0.53611 	0.0193435 	-1.34166 	-0.0266492 	
2	0.324486 	-0.172708 	0.536111 	0.0193435 	-1.34166 	-0.0266492 	
2.005	0.324528 	-0.172704 	0.536111 	0.0193435 	-1.34166 	-0.0266492 	
2.01	0.324503 	-0.172712 	0.536099 	0.0176319 	-1.34046 	-0.0242911 	
2.015	0.324545 	-0.172707 	0.5361 	0.0176319 	-1.34046 	-0.0242911 	
2.02	0.324586 	-0.172702 	0.5361 	0.0176319 	-1.34046 	-0.0242911 	
2.025	0.324627 	-0.172698 	0.536101 	0.0176319 	-1.34046 	-0.0242911 	
2.03	0.324668 	-0.172693 	0.536102 	0.0176319 	-1.34046 	-0.0242911 	
2.035	0.324643 	-0.172701 	0.53609 	0.015991 	-1.33931 	-0.0220304 	
2.04	0.324683 	-0.172697 	0.53609 	0.015991 	-1.33931 	-0.0220304 	
2.045	0.324723 	-0.172692 	0.536091 	0.015991 	-1.33931 	-0.0220304 	
2.05	0.324762 	-0.172688 	0.536092 	0.015991 	-1.33931 	-0.0220304 	
2.055	0.324801 	-0.172683 	0.536092 	0.015991 	-1.33931 	-0.0220304 	
2.06	0.324778 	-0.172691 	0.536081 	0.0144227 	-1.33821 	-0.0198699 	
2.065	0.324816 	-0.172687 	0.536081 	0.0144227 	-1.33821 	-0.0198699 	
2.07	0.324854 	-0.172682 	0.536082 	0.0144227 	-1.33821 	-0.0198699 	
2.075	0.324891 	-0.172678 	0.536083 	0.0144227 	-1.33821 	-0.0198699 	
2.08	0.324928 	-0.172674 	0.536083 	0.0144227 	-1.33821 	-0.0198699 	
2.085	0.324965 	-0.17267 	0.536084 	0.0144227 	-1.33821 	-0.0198699 	
2.09	0.324932 	-0.172679 	0.536071 	0.0126702 	-1.33698 	-0.0174554 	
2.095	0.324967 	-0.172675 	0.536072 	0.0126702 	-1.33698 	-0.0174554 	
2.1	0.325003 	-0.172671 	0.536072 	0.0126702 	-1.33698 	-0.0174554 	
2.105	0.325038 	-0.172667 	0.536073 	0.0126702 	-1.33698 	-0.0174554 	
2.11	0.325073 	-0.172663 	0.536073 	0.0126702 	-1.33698 	-0.0174554 	
2.115	0.325107 	-0.172659 	0.536074 	0.0126702 	-1.33698 	-0.0174554 	
2.12	0.325075 	-0.172668 	0.536062 	0.0109972 	-1.33581 	-0.0151506 	
2.125	0.325108 	-0.172665 	0.536062 	0.0109972 	-1.33581 	-0.0151506 	
2.13	0.325141 	-0.172661 	0.536063 	0.0109972 	-1.33581 	-0.0151506 	
2.135	0.325174 	-0.172657 	0.536063 	0.0109972 	-1.33581 	-0.0151506 	
2.14	0.325206 	-0.172653 	0.536064 	0.0109972 	-1.33581 	-0.0151506 	
2.145	0.325238 	-0.172649 	0.536064 	0.0109972 	-1.33581 	-0.0151506 	
2.15	0.325208 	-0.172659 	0.536053 	0.00943292 	-1.33471 	-0.0129955 	
2.155	0.325239 	-0.172655 	0.536053 	0.00943292 	-1.33471 	-0.0129955 	
2.16	0.32527 	-0.172651 	0.536054 	0.00943292 	-1.33471 	-0.0129955 	
2.165	0.3253 	-0.172648 	0.536054 	0.00943292 	-1.33471 	-0.0129955 	
2.17	0.32533 	-0.172644 	0.536055 	0.00943292 	-1.33471 	-0.0129955 	
2.175	0.32536 	-0.172641 	0.536055 	0.00943292 	-1.33471 	-0.0129955 	
2.18	0.325389 	-0.172637 	0.536056 	0.00943292 	-1.33471 	-0.0129955 	
2.185	0.325352 	-0.172648 	0.536044 	0.00777728 	-1.33355 	-0.0107145 	
2.19	0.325381 	-0.172644 	0.536044 	0.00777728 	-1.33355 	-0.0107145 	
2.195	0.325408 	-0.172641 	0.536045 	0.00777728 	-1.33355 	-0.0107145 	
2.2	0.325436 	-0.172638 	0.536045 	0.00777728 	-1.33355 	-0.0107145 	
2.205	0.325463 	-0.172634 	0.536045 	0.00777728 	-1.33355 	-0.0107145 	
2.21	0.32549 	-0.172631 	0.536046 	0.00777728 	-1.33355 	-0.0107145 	
2.215	0.325516 	-0.172628 	0.536046 	0.00777728 	-1.33355 	-0.0107145 	
2.22	0.325482 	-0.172638 	0.536035 	0.00625471 	-1.33248 	-0.00861693 	
2.225	0.325507 	-0.172635 	0.536036 	0.00625471 	-1.33248 	-0.00861693 	
2.23	0.325532 	-0.172632 	0.536036 	0.00625471 	-1.33248 	-0.00861693 	
2.235	0.325557 	-0.172629 	0.536036 	0.00625471 	-1.33248 	-0.00861693 	
2.24	0.325581 	-0.172626 	0.536037 	0.00625471 	-1.33248 	-0.00861693 	
2.245	0.325605 	-0.172623 	0.536037 	0.00625471 	-1.33248 	-0.00861693 	
2.25	0.325628 	-0.17262 	0.536037 	0.00625471 	-1.33248 	-0.00861693 	
2.255	0.325651 	-0.172617 	0.536038 	0.00625471 	-1.33248 	-0.00861693 	
2.26	0.325613 	-0.172628 	0.536027 	0.00473013 	-1.33141 	-0.00651652 	
2.265	0.325635 	-0.172625 	0.536027 	0.00473013 	-1.33141 	-0.00651652 	
2.27	0.325657 	-0.172623 	0.536027 	0.00473013 	-1.33141 	-0.00651652 	
2.275	0.325678 	-0.17262 	0.536028 	0.00473013 	-1.33141 	-0.00651652 	
2.28	0.325699 	-0.172618 	0.536028 	0.00473013 	-1.33141 	-0.00651652 	
2.285	0.325719 	-0.172615 	0.536028 	0.00473013 	-1.33141 	-0.00651652 	
2.29	0.325739 	-0.172613 	0.536028 	0.00473013 	-1.33141 	-0.00651652 	
2.295	0.325759 	-0.17261 	0.536029 	0.00473013 	-1.33141 	-0.00651652 	
2.3	0.325778 	-0.172608 	0.536029 	0.00473013 	-1.33141 	-0.00651652 	
2.305	0.325797 	-0.172606 	0.536029 	0.00473013 	-1.33141 	-0.00651652 	
2.31	0.325752 	-0.172618 	0.536018 	0.00313463 	-1.3303 	-0.0043184 	
2.315	0.32577 	-0.172615 	0.536018 	0.00313463 	-1.3303 	-0.0043184 	
2.32	0.325787 	-0.172613 	0.536018 	0.00313463 	-1.3303 	-0.0043184 	
2.325	0.325804 	-0.172611 	0.536018 	0.00313463 	-1.3303 	-0.0043184 	
2.33	0.325821 	-0.172609 	0.536019 	0.00313463 	-1.3303 	-0.0043184 	
2.335	0.325837 	-0.172607 	0.536019 	0.00313463 	-1.3303 	-0.0043184 	
2.34	0.325852 	-0.172605 	0.536019 	0.00313463 	-1.3303 	-0.0043184 	
2.345	0.325867 	-0.172603 	0.536019 	0.00313463 	-1.3303 	-0.0043184 	
2.35	0.325882 	-0.172601 	0.53602 	0.00313463 	-1.3303 	-0.0043184 	
2.355	0.325897 	-0.1726 	0.53602 	0.00313463 	-1.3303 	-0.0043184 	
2.36	0.32591 	-0.172598 	0.53602 	0.00313463 	-1.3303 	-0.0043184 	
2.365	0.325924 	-0.172596 	0.53602 	0.00313463 	-1.3303 	-0.0043184 	
2.37	0.325937 	-0.172595 	0.53602 	0.00313463 	-1.3303 	-0.0043184 	
2.375	0.325888 	-0.172607 	0.536009 	0.00155948 	-1.32919 	-0.00214833 	
2.38	0.3259 	-0.172606 	0.536009 	0.00155948 	-1.32919 	-0.00214833 	
2.385	0.325911 	-0.172604 	0.536009 	0.00155948 	-1.32919 	-0.00214833 	
2.39	0.325923 	-0.172603 	0.536009 	0.00155948 	-1.32919 	-0.00214833 	
2.395	0.325934 	-0.172602 	0.53601 	0.00155948 	-1.32919 	-0.00214833 	
2.4	0.325944 	-0.1726 	0.53601 	0.00155948 	-1.32919 	-0.00214833 	
2.405	0.325954 	-0.172599 	0.53601 	0.00155948 	-1.32919 	-0.00214833 	
2.41	0.325963 	-0.172598 	0.53601 	0.00155948 	-1.32919 	-0.00214833 	
2.415	0.325972 	-0.172597 	0.53601 	0.00155948 	-1.32919 	-0.00214833 	
2.42	0.32598 	-0.172596 	0.53601 	0.00155948 	-1.32919 	-0.00214833 	
2.425	0.325988 	-0.172595 	0.53601 	0.00155948 	-1.32919 	-0.00214833 	
2.43	0.325996 	-0.172594 	0.53601 	0.00155948 	-1.32919 	-0.00214833 	
2.435	0.326004 	-0.172593 	0.536011 	0.00155948 	-1.32919 	-0.00214833 	
2.44	0.326011 	-0.172592 	0.536011 	0.00155948 	-1.32919 	-0.00214833 	
2.445	0.326017 	-0.172591 	0.536011 	0.00155948 	-1.32919 	-0.00214833 	
2.45	0.326023 	-0.17259 	0.536011 	0.00155948 	-1.32919 	-0.00214833 	
2.455	0.326029 	-0.17259 	0.536011 	0.00155948 	-1.32919 	-0.00214833 	
2.46	0.326034 	-0.172589 	0.536011 	0.00155948 	-1.32919 	-0.00214833 	
2.465	0.326039 	-0.172588 	0.536011 	0.00155948 	-1.32919 	-0.00214833 	
2.47	0.326043 	-0.172588 	0.536011 	0.00155948 	-1.32919 	-0.00214833 	
2.475	0.326047 	-0.172587 	0.536011 	0.00155948 	-1.32919 	-0.00214833 	
2.48	0.32605 	-0.172587 	0.536011 	0.00155948 	-1.32919 	-0.00214833 	
2.485	0.326053 	-0.172587 	0.536011 	0.00155948 	-1.32919 	-0.00214833 	
2.49	0.326055 	-0.172586 	0.536011 	0.00155948 	-1.32919 	-0.00214833 	
2.495	0.326057 	-0.172586 	0.536011 	0.00155948 	-1.32919 	-0.00214833 	
2.5	0.326059 	-0.172586 	0.536011 	0.00155948 	-1.32919 	-0.00214833 	
2.505	0.32606 	-0.172586 	0.536011 	0.00155948 	-1.32919 	-0.00214833 	
2.51	0.32606 	-0.172586 	0.536011 	0.00155948 	-1.32919 	-0.00214833 	
2.515	0.326061 	-0.172586 	0.536011 	0.00155948 	-1.32919 	-0.00214833 	
2.52	0.326061 	-0.172586 	0.536011 	0.00155948 	-1.32919 	-0.00214833 	
2.525	0.326061 	-0.172586 	0.536011 	0.00155948 	-1.32919 	-0.00214833 	
2.53	0.326061 	-0.172585 	0.536011 	0.00155948 	-1.32919 	-0.00214833 	
2.535	0.326061 	-0.172585 	0.536011 	0.00155948 	-1.32919 	-0.00214833 	
2.54	0.326062 	-0.172584 	0.536009 	0.00155948 	-1.32919 	-0.00214834 	
2.545	0.326062 	-0.172583 	0.536008 	0.00155948 	-1.32919 	-0.00214834 	
2.55	0.326063 	-0.172582 	0.536007 	0.00155948 	-1.32919 	-0.00214834 	
2.555	0.326063 	-0.172581 	0.536006 	0.00155948 	-1.32919 	-0.00214834 	
2.56	0.326063 	-0.172579 	0.536005 	0.00155948 	-1.32919 	-0.00214834 	
2.565	0.326064 	-0.172578 	0.536003 	0.00155948 	-1.32919 	-0.00214834 	
2.57	0.326065 	-0.172576 	0.536001 	0.00155948 	-1.32919 	-0.00214834 	
2.575	0.326065 	-0.172574 	0.535999 	0.00155948 	-1.32919 	-0.00214834 	
2.58	0.326066 	-0.172572 	0.535997 	0.00155948 	-1.32919 	-0.00214834 	
2.585	0.326067 	-0.17257 	0.535995 	0.00155948 	-1.32919 	-0.00214834 	
2.59	0.326067 	-0.172567 	0.535993 	0.00155948 	-1.32919 	-0.00214834 	
2.595	0.326068 	-0.172565 	0.53599 	0.00155948 	-1.32919 	-0.00214834 	
2.6	0.326069 	-0.172562 	0.535987 	0.00155948 	-1.32919 	-0.00214834 	
2.605	0.32607 	-0.172559 	0.535985 	0.00155948 	-1.32919 	-0.00214834 	
2.61	0.326071 	-0.172556 	0.535981 	0.00155948 	-1.32919 	-0.00214834 	
2.615	0.326072 	-0.172553 	0.535978 	0.00155948 	-1.32919 	-0.00214834 	
2.62	0.326073 	-0.17255 	0.535975 	0.00155948 	-1.32919 	-0.00214834 	
2.625	0.326041 	-0.172595 	0.535964 	-0.00143261 	-1.32855 	-0.000213626 	
2.63	0.326042 	-0.172591 	0.53596 	-0.00143261 	-1.32855 	-0.000213626 	
2.635	0.326044 	-0.172588 	0.535956 	-0.00143261 	-1.32855 	-0.000213627 	
2.64	0.326045 	-0.172584 	0.535952 	-0.00143261 	-1.32855 	-0.000213627 	
2.645	0.326047 	-0.172579 	0.535948 	-0.00143261 	-1.32855 	-0.000213628 	
2.65	0.326048 	-0.172575 	0.535943 	-0.00143261 	-1.32855 	-0.000213628 	
2.655	0.32605 	-0.172571 	0.535939 	-0.00143261 	-1.32855 	-0.000213629 	
2.66	0.326064 	-0.172597 	0.535935 	-0.0028954 	-1.32873 	-2.19272e-05 	
2.665	0.326065 	-0.172592 	0.53593 	-0.0028954 	-1.32873 	-2.19279e-05 	
2.67	0.326067 	-0.172587 	0.535925 	-0.0028954 	-1.32873 	-2.19287e-05 	
2.675	0.326069 	-0.172582 	0.53592 	-0.0028954 	-1.32873 	-2.19295e-05 	
2.68	0.326071 	-0.172577 	0.535915 	-0.0028954 	-1.32873 	-2.19304e-05 	
2.685	0.326072 	-0.172572 	0.535909 	-0.0028954 	-1.32873 	-2.19314e-05 	
2.69	0.326093 	-0.172597 	0.535906 	-0.00429017 	-1.32902 	-3.17353e-06 	
2.695	0.326095 	-0.172591 	0.5359 	-0.00429017 	-1.32902 	-3.17458e-06 	
2.7	0.326097 	-0.172585 	0.535894 	-0.00429016 	-1.32902 	-3.1757e-06 	
2.705	0.326099 	-0.172579 	0.535888 	-0.00429016 	-1.32902 	-3.17687e-06 	
2.71	0.326101 	-0.172573 	0.535881 	-0.00429016 	-1.32902 	-3.17812e-06 	
2.715	0.326121 	-0.172597 	0.535877 	-0.00564444 	-1.3293 	-1.29661e-06 	
2.72	0.326124 	-0.17259 	0.53587 	-0.00564443 	-1.3293 	-1.29797e-06 	
2.725	0.326126 	-0.172584 	0.535863 	-0.00564443 	-1.3293 	-1.29916e-06 	
2.73	0.326129 	-0.172577 	0.535856 	-0.00564443 	-1.3293 	-1.30064e-06 	
2.735	0.326131 	-0.17257 	0.535849 	-0.00564443 	-1.3293 	-1.30196e-06 	
2.74	0.326154 	-0.172596 	0.535844 	-0.00715065 	-1.32962 	-1.3499e-06 	
2.745	0.326156 	-0.172589 	0.535836 	-0.00715065 	-1.32962 	-1.35133e-06 	
2.75	0.326159 	-0.172581 	0.535829 	-0.00715064 	-1.32962 	-1.35283e-06 	
2.755	0.326162 	-0.172574 	0.535821 	-0.00715064 	-1.32962 	-1.35438e-06 	
2.76	0.326183 	-0.172597 	0.535815 	-0.00850935 	-1.32991 	-1.13671e-06 	
2.765	0.326185 	-0.172589 	0.535807 	-0.00850935 	-1.32991 	-1.13839e-06 	
2.77	0.326188 	-0.172581 	0.535799 	-0.00850935 	-1.32991 	-1.14014e-06 	
2.775	0.326191 	-0.172572 	0.53579 	-0.00850934 	-1.32991 	-1.14195e-06 	
2.78	0.326213 	-0.172596 	0.535784 	-0.00995038 	-1.33022 	-1.24322e-06 	
2.785	0.326216 	-0.172588 	0.535776 	-0.00995038 	-1.33022 	-1.24517e-06 	
2.79	0.326219 	-0.172579 	0.535767 	-0.00995038 	-1.33022 	-1.24719e-06 	
2.795	0.326223 	-0.17257 	0.535758 	-0.00995038 	-1.33022 	-1.24928e-06 	
2.8	0.326246 	-0.172596 	0.535751 	-0.0114957 	-1.33055 	-1.42499e-06 	
2.805	0.32625 	-0.172587 	0.535742 	-0.0114957 	-1.33055 	-1.42723e-06 	
2.81	0.326253 	-0.172578 	0.535732 	-0.0114957 	-1.33055 	-1.42954e-06 	
2.815	0.326273 	-0.172597 	0.535725 	-0.012764 	-1.33082 	-1.03029e-06 	
2.82	0.326277 	-0.172587 	0.535715 	-0.012764 	-1.33082 	-1.03275e-06 	
2.825	0.32628 	-0.172578 	0.535705 	-0.012764 	-1.33082 	-1.03529e-06 	
2.83	0.326301 	-0.172597 	0.535697 	-0.0140567 	-1.3311 	-1.02853e-06 	
2.835	0.326304 	-0.172587 	0.535687 	-0.0140567 	-1.3311 	-1.03122e-06 	
2.84	0.326308 	-0.172577 	0.535676 	-0.0140567 	-1.3311 	-1.03399e-06 	
2.845	0.32633 	-0.172597 	0.535668 	-0.0154039 	-1.33138 	-1.10923e-06 	
2.85	0.326333 	-0.172586 	0.535658 	-0.0154039 	-1.33138 	-1.11216e-06 	
2.855	0.326337 	-0.172576 	0.535647 	-0.0154038 	-1.33138 	-1.11517e-06 	
2.86	0.32636 	-0.172597 	0.535638 	-0.0168078 	-1.33168 	-1.20509e-06 	
2.865	0.326364 	-0.172586 	0.535627 	-0.0168078 	-1.33168 	-1.20826e-06 	
2.87	0.326367 	-0.172575 	0.535616 	-0.0168078 	-1.33168 	-1.21152e-06 	
2.875	0.326391 	-0.172596 	0.535607 	-0.018268 	-1.332 	-1.30549e-06 	
2.88	0.326395 	-0.172585 	0.535595 	-0.018268 	-1.332 	-1.30892e-06 	
2.885	0.326399 	-0.172574 	0.535584 	-0.018268 	-1.332 	-1.31243e-06 	
2.89	0.326423 	-0.172596 	0.535574 	-0.0197836 	-1.33232 	-1.40881e-06 	
2.895	0.326427 	-0.172585 	0.535562 	-0.0197836 	-1.33232 	-1.4125e-06 	
2.9	0.326432 	-0.172573 	0.53555 	-0.0197836 	-1.33232 	-1.41627e-06 	
2.905	0.326457 	-0.172596 	0.535541 	-0.021354 	-1.33265 	-1.51466e-06 	
2.91	0.326461 	-0.172584 	0.535528 	-0.021354 	-1.33265 	-1.51861e-06 	
2.915	0.326466 	-0.172572 	0.535516 	-0.021354 	-1.33265 	-1.52265e-06 	
2.92	0.326491 	-0.172596 	0.535506 	-0.0229781 	-1.333 	-1.62279e-06 	
2.925	0.326496 	-0.172584 	0.535493 	-0.0229781 	-1.333 	-1.62701e-06 	
2.93	0.326501 	-0.172571 	0.53548 	-0.0229781 	-1.333 	-1.63132e-06 	
2.935	0.326527 	-0.172596 	0.53547 	-0.0246551 	-1.33336 	-1.733e-06 	
2.94	0.326532 	-0.172583 	0.535457 	-0.0246551 	-1.33336 	-1.7375e-06 	
2.945	0.326537 	-0.17257 	0.535444 	-0.024655 	-1.33336 	-1.74208e-06 	
2.95	0.326564 	-0.172596 	0.535433 	-0.0263839 	-1.33373 	-1.84506e-06 	
2.955	0.326569 	-0.172582 	0.535419 	-0.0263839 	-1.33373 	-1.84983e-06 	
2.96	0.326574 	-0.172569 	0.535406 	-0.0263839 	-1.33373 	-1.8547e-06 	
2.965	0.326602 	-0.172596 	0.535395 	-0.0281638 	-1.33411 	-1.95875e-06 	
2.97	0.326607 	-0.172582 	0.535381 	-0.0281638 	-1.33411 	-1.9638e-06 	
2.975	0.326629 	-0.172597 	0.535369 	-0.0294389 	-1.33438 	-1.13034e-06 	
2.98	0.326634 	-0.172583 	0.535355 	-0.0294389 	-1.33438 	-1.13558e-06 	
2.985	0.326639 	-0.172569 	0.53534 	-0.0294389 	-1.33438 	-1.14092e-06 	
2.99	0.326668 	-0.172596 	0.535329 	-0.0312468 	-1.33476 	-1.95318e-06 	
2.995	0.326673 	-0.172581 	0.535315 	-0.0312468 	-1.33476 	-1.9587e-06 	
3	0.326696 	-0.172597 	0.535302 	-0.0325734 	-1.33505 	-1.20976e-06 	
3.005	0.326701 	-0.172582 	0.535287 	-0.0325734 	-1.33505 	-1.21548e-06 	
3.01	0.326723 	-0.172597 	0.535275 	-0.03387 	-1.33532 	-1.0956e-06 	
3.015	0.326729 	-0.172582 	0.535259 	-0.03387 	-1.33532 	-1.10151e-06 	
3.02	0.326751 	-0.172597 	0.535247 	-0.0351823 	-1.3356 	-1.10942e-06 	
3.025	0.326757 	-0.172582 	0.535231 	-0.0351823 	-1.3356 	-1.11552e-06 	
3.03	0.32678 	-0.172597 	0.535218 	-0.0365144 	-1.33589 	-1.14257e-06 	
3.035	0.326786 	-0.172582 	0.535202 	-0.0365144 	-1.33589 	-1.14886e-06 	
3.04	0.326809 	-0.172597 	0.535189 	-0.0378667 	-1.33617 	-1.17836e-06 	
3.045	0.326814 	-0.172581 	0.535173 	-0.0378667 	-1.33617 	-1.18484e-06 	
3.05	0.326838 	-0.172597 	0.53516 	-0.0392387 	-1.33647 	-1.2145e-06 	
3.055	0.326844 	-0.172581 	0.535144 	-0.0392387 	-1.33647 	-1.22118e-06 	
3.06	0.326868 	-0.172597 	0.53513 	-0.0406302 	-1.33676 	-1.25068e-06 	
3.065	0.326874 	-0.172581 	0.535114 	-0.0406302 	-1.33676 	-1.25755e-06 	
3.07	0.326898 	-0.172597 	0.5351 	-0.0420407 	-1.33706 	-1.28682e-06 	
3.075	0.326904 	-0.172581 	0.535084 	-0.0420407 	-1.33706 	-1.29388e-06 	
3.08	0.326928 	-0.172597 	0.53507 	-0.04347 	-1.33737 	-1.32289e-06 	
3.085	0.326934 	-0.17258 	0.535053 	-0.04347 	-1.33737 	-1.33014e-06 	
3.09	0.326959 	-0.172597 	0.535039 	-0.0449177 	-1.33768 	-1.35886e-06 	
3.095	0.326965 	-0.17258 	0.535022 	-0.0449177 	-1.33768 	-1.3663e-06 	
3.1	0.32699 	-0.172596 	0.535007 	-0.0463834 	-1.33799 	-1.39469e-06 	
3.105	0.326997 	-0.17258 	0.53499 	-0.0463834 	-1.33799 	-1.40232e-06 	
3.11	0.327022 	-0.172596 	0.534976 	-0.0478668 	-1.33831 	-1.43034e-06 	
3.115	0.327029 	-0.17258 	0.534958 	-0.0478668 	-1.33831 	-1.43816e-06 	
3.12	0.327054 	-0.172596 	0.534944 	-0.0493675 	-1.33863 	-1.46579e-06 	
3.125	0.327061 	-0.172579 	0.534926 	-0.0493675 	-1.33863 	-1.4738e-06 	
3.13	0.327086 	-0.172596 	0.534911 	-0.050885 	-1.33895 	-1.501e-06 	
3.135	0.327093 	-0.172579 	0.534893 	-0.050885 	-1.33895 	-1.50919e-06 	
3.14	0.327119 	-0.172596 	0.534878 	-0.0524192 	-1.33928 	-1.53594e-06 	
3.145	0.327126 	-0.172579 	0.53486 	-0.0524192 	-1.33928 	-1.54431e-06 	
3.15	0.327152 	-0.172596 	0.534845 	-0.0539695 	-1.33961 	-1.57058e-06 	
3.155	0.327159 	-0.172579 	0.534827 	-0.0539694 	-1.33961 	-1.57913e-06 	
3.16	0.327186 	-0.172596 	0.534812 	-0.0555355 	-1.33994 	-1.60487e-06 	
3.165	0.327193 	-0.172578 	0.534794 	-0.0555355 	-1.33994 	-1.6136e-06 	
3.17	0.327219 	-0.172596 	0.534778 	-0.0571169 	-1.34028 	-1.6388e-06 	
3.175	0.327227 	-0.172578 	0.53476 	-0.0571169 	-1.34028 	-1.64771e-06 	
3.18	0.327253 	-0.172596 	0.534744 	-0.0587134 	-1.34062 	-1.67232e-06 	
3.185	0.327261 	-0.172578 	0.534725 	-0.0587133 	-1.34062 	-1.6814e-06 	
3.19	0.327288 	-0.172596 	0.53471 	-0.0603244 	-1.34096 	-1.70541e-06 	
3.195	0.327295 	-0.172578 	0.534691 	-0.0603244 	-1.34096 	-1.71466e-06 	
3.2	0.327322 	-0.172596 	0.534675 	-0.0619496 	-1.34131 	-1.73803e-06 	
3.205	0.32733 	-0.172578 	0.534656 	-0.0619495 	-1.34131 	-1.74745e-06 	
3.21	0.327357 	-0.172596 	0.53464 	-0.0635885 	-1.34166 	-1.77015e-06 	
3.215	0.327365 	-0.172577 	0.534621 	-0.0635885 	-1.34166 	-1.77974e-06 	
3.22	0.327393 	-0.172596 	0.534605 	-0.0652409 	-1.34201 	-1.80175e-06 	
3.225	0.3274 	-0.172577 	0.534585 	-0.0652409 	-1.34201 	-1.8115e-06 	
3.23	0.327428 	-0.172596 	0.534569 	-0.0669062 	-1.34237 	-1.83278e-06 	
3.235	0.327436 	-0.172577 	0.53455 	-0.0669062 	-1.34237 	-1.84269e-06 	
3.24	0.327464 	-0.172596 	0.534533 	-0.068584 	-1.34272 	-1.86322e-06 	
3.245	0.327472 	-0.172577 	0.534514 	-0.068584 	-1.34272 	-1.87328e-06 	
3.25	0.3275 	-0.172596 	0.534497 	-0.070274 	-1.34308 	-1.89304e-06 	
3.255	0.327508 	-0.172577 	0.534477 	-0.070274 	-1.34308 	-1.90326e-06 	
3.26	0.327536 	-0.172596 	0.534461 	-0.0719757 	-1.34345 	-1.92221e-06 	
3.265	0.327544 	-0.172577 	0.534441 	-0.0719757 	-1.34345 	-1.93258e-06 	
3.27	0.327573 	-0.172596 	0.534425 	-0.0736887 	-1.34381 	-1.9507e-06 	
3.275	0.327581 	-0.172576 	0.534404 	-0.0736887 	-1.34381 	-1.96121e-06 	
3.28	0.32761 	-0.172596 	0.534388 	-0.0754125 	-1.34418 	-1.97849e-06 	
3.285	0.327618 	-0.172576 	0.534367 	-0.0754125 	-1.34418 	-1.98914e-06 	
3.29	0.327647 	-0.172596 	0.534351 	-0.0771468 	-1.34455 	-2.00554e-06 	
3.295	0.327655 	-0.172576 	0.53433 	-0.0771468 	-1.34455 	-2.01632e-06 	
3.3	0.327684 	-0.172596 	0.534313 	-0.0788911 	-1.34492 	-2.03182e-06 	
3.305	0.327692 	-0.172576 	0.534293 	-0.078891 	-1.34492 	-2.04274e-06 	
3.31	0.327721 	-0.172596 	0.534276 	-0.0806449 	-1.3453 	-2.05732e-06 	
3.315	0.32773 	-0.172576 	0.534255 	-0.0806449 	-1.3453 	-2.06836e-06 	
3.32	0.327759 	-0.172596 	0.534238 	-0.0824078 	-1.34567 	-2.082e-06 	
3.325	0.327767 	-0.172576 	0.534218 	-0.0824078 	-1.34567 	-2.09317e-06 	
3.33	0.327797 	-0.172596 	0.534201 	-0.0841794 	-1.34605 	-2.10584e-06 	
3.335	0.327805 	-0.172576 	0.53418 	-0.0841794 	-1.34605 	-2.11712e-06 	
3.34	0.327835 	-0.172596 	0.534163 	-0.0859593 	-1.34643 	-2.12881e-06 	
3.345	0.327843 	-0.172576 	0.534142 	-0.0859593 	-1.34643 	-2.14021e-06 	
3.35	0.327873 	-0.172596 	0.534125 	-0.087747 	-1.34681 	-2.15089e-06 	
3.355	0.327881 	-0.172575 	0.534103 	-0.087747 	-1.34681 	-2.1624e-06 	
3.36	0.327911 	-0.172596 	0.534086 	-0.089542 	-1.34719 	-2.17206e-06 	
3.365	0.32792 	-0.172575 	0.534065 	-0.089542 	-1.34719 	-2.18367e-06 	
3.37	0.32795 	-0.172596 	0.534048 	-0.0913439 	-1.34758 	-2.1923e-06 	
3.375	0.327958 	-0.172575 	0.534026 	-0.0913439 	-1.34758 	-2.20401e-06 	
3.38	0.327988 	-0.172596 	0.534009 	-0.0931523 	-1.34796 	-2.21158e-06 	
3.385	0.327997 	-0.172575 	0.533988 	-0.0931523 	-1.34796 	-2.22338e-06 	
3.39	0.328027 	-0.172596 	0.533971 	-0.0949667 	-1.34835 	-2.22988e-06 	
3.395	0.328036 	-0.172575 	0.533949 	-0.0949667 	-1.34835 	-2.24177e-06 	
3.4	0.328066 	-0.172596 	0.533932 	-0.0967866 	-1.34874 	-2.24718e-06 	
3.405	0.328075 	-0.172575 	0.53391 	-0.0967866 	-1.34874 	-2.25915e-06 	
3.41	0.328105 	-0.172596 	0.533893 	-0.0986116 	-1.34913 	-2.26347e-06 	
3.415	0.328114 	-0.172575 	0.533871 	-0.0986116 	-1.34913 	-2.27551e-06 	
3.42	0.328144 	-0.172596 	0.533854 	-0.100441 	-1.34952 	-2.27872e-06 	
3.425	0.328153 	-0.172575 	0.533832 	-0.100441 	-1.34952 	-2.29083e-06 	
3.43	0.328183 	-0.172596 	0.533815 	-0.102275 	-1.34991 	-2.29292e-06 	
3.435	0.328192 	-0.172575 	0.533793 	-0.102275 	-1.34991 	-2.3051e-06 	
3.44	0.328222 	-0.172596 	0.533775 	-0.104113 	-1.3503 	-2.30605e-06 	
3.445	0.328231 	-0.172575 	0.533754 	-0.104113 	-1.3503 	-2.31828e-06 	
3.45	0.328261 	-0.172596 	0.533736 	-0.105954 	-1.35069 	-2.31809e-06 	
3.455	0.32827 	-0.172575 	0.533714 	-0.105954 	-1.35069 	-2.33038e-06 	
3.46	0.3283 	-0.172596 	0.533697 	-0.107797 	-1.35108 	-2.32904e-06 	
3.465	0.32831 	-0.172575 	0.533675 	-0.107797 	-1.35108 	-2.34138e-06 	
3.47	0.32834 	-0.172596 	0.533657 	-0.109643 	-1.35148 	-2.33888e-06 	
3.475	0.328349 	-0.172575 	0.533636 	-0.109643 	-1.35148 	-2.35125e-06 	
3.48	0.328379 	-0.172596 	0.533618 	-0.111491 	-1.35187 	-2.34759e-06 	
3.485	0.328389 	-0.172575 	0.533596 	-0.111491 	-1.35187 	-2.36e-06 	
3.49	0.328419 	-0.172596 	0.533579 	-0.113341 	-1.35227 	-2.35516e-06 	
3.495	0.328428 	-0.172575 	0.533557 	-0.113341 	-1.35227 	-2.36761e-06 	
3.5	0.328458 	-0.172596 	0.533539 	-0.115191 	-1.35266 	-2.3616e-06 	
3.505	0.328468 	-0.172575 	0.533517 	-0.115191 	-1.35266 	-2.37406e-06 	
3.51	0.328498 	-0.172596 	0.5335 	-0.117042 	-1.35306 	-2.36687e-06 	
3.515	0.328507 	-0.172575 	0.533478 	-0.117042 	-1.35306 	-2.37935e-06 	
3.52	0.328537 	-0.172596 	0.53346 	-0.118893 	-1.35345 	-2.37099e-06 	
3.525	0.328547 	-0.172575 	0.533438 	-0.118893 	-1.35345 	-2.38348e-06 	
3.53	0.328577 	-0.172596 	0.533421 	-0.120743 	-1.35385 	-2.37393e-06 	
3.535	0.328586 	-0.172575 	0.533399 	-0.120743 	-1.35385 	-2.38643e-06 	
3.54	0.328616 	-0.172596 	0.533381 	-0.122593 	-1.35424 	-2.3757e-06 	
3.545	0.328626 	-0.172575 	0.533359 	-0.122593 	-1.35424 	-2.38819e-06 	
3.55	0.328655 	-0.172596 	0.533342 	-0.124441 	-1.35463 	-2.37629e-06 	
3.555	0.328665 	-0.172575 	0.53332 	-0.124441 	-1.35463 	-2.38877e-06 	
3.56	0.328695 	-0.172596 	0.533303 	-0.126288 	-1.35503 	-2.37569e-06 	
3.565	0.328705 	-0.172575 	0.533281 	-0.126288 	-1.35503 	-2.38816e-06 	
3.57	0.328734 	-0.172596 	0.533263 	-0.128132 	-1.35542 	-2.37391e-06 	
3.575	0.328744 	-0.172575 	0.533241 	-0.128132 	-1.35542 	-2.38636e-06 	
3.58	0.328773 	-0.172596 	0.533224 	-0.129974 	-1.35581 	-2.37095e-06 	
3.585	0.328783 	-0.172575 	0.533202 	-0.129974 	-1.35581 	-2.38337e-06 	
3.59	0.328813 	-0.172596 	0.533185 	-0.131812 	-1.35621 	-2.36679e-06 	
3.595	0.328822 	-0.172575 	0.533163 	-0.131812 	-1.35621 	-2.37918e-06 	
3.6	0.328852 	-0.172596 	0.533146 	-0.133647 	-1.3566 	-2.36145e-06 	
3.605	0.328862 	-0.172575 	0.533124 	-0.133647 	-1.3566 	-2.3738e-06 	
3.61	0.317647 	-0.171546 	0.587753 	-0.13558 	-1.35722 	7.73141e-05 	
3.615	0.317633 	-0.171556 	0.587776 	-0.135678 	-1.35746 	0.000146035 	
3.62	0.317618 	-0.171564 	0.587793 	-0.135783 	-1.35768 	0.000225077 	
3.625	0.317604 	-0.171572 	0.587809 	-0.135891 	-1.35789 	0.00030839 	
3.63	0.317589 	-0.171579 	0.587818 	-0.136006 	-1.35808 	0.000402773 	
3.635	0.317574 	-0.171586 	0.587827 	-0.136122 	-1.35828 	0.000501019 	
3.64	0.317558 	-0.171588 	0.587831 	-0.136245 	-1.35845 	0.000616414 	
3.645	0.317542 	-0.17159 	0.587834 	-0.13637 	-1.35862 	0.000736514 	
3.65	0.317526 	-0.171592 	0.587833 	-0.136499 	-1.35878 	0.000863175 	
3.655	0.31751 	-0.171591 	0.587833 	-0.13663 	-1.35895 	0.000996163 	
3.66	0.317494 	-0.17159 	0.58783 	-0.136764 	-1.3591 	0.00113436 	
3.665	0.317479 	-0.171588 	0.587827 	-0.136898 	-1.35925 	0.00127725 	
3.67	0.317462 	-0.171585 	0.587822 	-0.137036 	-1.3594 	0.00142438 	
3.675	0.317447 	-0.171581 	0.587817 	-0.137173 	-1.35954 	0.00157494 	
3.68	0.317431 	-0.171577 	0.587811 	-0.137314 	-1.35968 	0.0017291 	
3.685	0.317416 	-0.171572 	0.587805 	-0.137454 	-1.35983 	0.00188574 	
3.69	0.3174 	-0.171567 	0.587798 	-0.137596 	-1.35997 	0.00204552 	
3.695	0.317385 	-0.17156 	0.587792 	-0.137738 	-1.36011 	0.00220703 	
3.7	0.317369 	-0.171554 	0.587783 	-0.137883 	-1.36024 	0.00237138 	
3.705	0.317354 	-0.171547 	0.587777 	-0.138026 	-1.36038 	0.00253683 	
3.71	0.317339 	-0.171541 	0.587768 	-0.138172 	-1.36051 	0.0027033 	
3.715	0.317324 	-0.171535 	0.58776 	-0.138316 	-1.36065 	0.00286437 	
3.72	0.31731 	-0.171531 	0.587751 	-0.13846 	-1.36078 	0.00302358 	
3.725	0.317296 	-0.171527 	0.587743 	-0.138604 	-1.36092 	0.00317969 	
3.73	0.317282 	-0.171524 	0.587735 	-0.138748 	-1.36105 	0.0033343 	
3.735	0.317268 	-0.171521 	0.587726 	-0.138891 	-1.36118 	0.00348689 	
3.74	0.317255 	-0.171519 	0.587717 	-0.139036 	-1.36131 	0.00363897 	
3.745	0.317242 	-0.171518 	0.58771 	-0.139177 	-1.36145 	0.00378467 	
3.75	0.317229 	-0.171517 	0.587701 	-0.13932 	-1.36158 	0.00393172 	
3.755	0.317216 	-0.171517 	0.587695 	-0.139461 	-1.36172 	0.00407281 	
3.76	0.317203 	-0.171517 	0.587686 	-0.139603 	-1.36186 	0.00421575 	
3.765	0.31719 	-0.171518 	0.58768 	-0.139743 	-1.362 	0.00435312 	
3.77	0.317178 	-0.171519 	0.587672 	-0.139885 	-1.36213 	0.00449272 	
3.775	0.317165 	-0.171521 	0.587667 	-0.140024 	-1.36227 	0.00462708 	
3.78	0.317152 	-0.171522 	0.587659 	-0.140166 	-1.36241 	0.00476396 	
3.785	0.31714 	-0.171525 	0.587654 	-0.140304 	-1.36255 	0.00489588 	
3.79	0.317127 	-0.171527 	0.587646 	-0.140446 	-1.36269 	0.00503057 	
3.795	0.317115 	-0.17153 	0.587641 	-0.140584 	-1.36283 	0.00516051 	
3.8	0.317102 	-0.171533 	0.587634 	-0.140725 	-1.36297 	0.00529344 	
3.805	0.31709 	-0.171537 	0.587629 	-0.140864 	-1.36311 	0.00542179 	
3.81	0.317078 	-0.17154 	0.587622 	-0.141005 	-1.36325 	0.00555331 	
3.815	0.317065 	-0.171544 	0.587617 	-0.141143 	-1.3634 	0.00568039 	
3.82	0.317053 	-0.171547 	0.58761 	-0.141284 	-1.36353 	0.00581078 	
3.825	0.317041 	-0.171552 	0.587605 	-0.141422 	-1.36368 	0.00593685 	
3.83	0.317028 	-0.171556 	0.587598 	-0.141564 	-1.36382 	0.00606713 	
3.835	0.317016 	-0.171559 	0.587593 	-0.141703 	-1.36396 	0.00619559 	
3.84	0.317004 	-0.171563 	0.587586 	-0.141845 	-1.36409 	0.00632801 	
3.845	0.316992 	-0.171567 	0.587581 	-0.141985 	-1.36424 	0.00645659 	
3.85	0.316979 	-0.17157 	0.587574 	-0.142127 	-1.36438 	0.00658891 	
3.855	0.316968 	-0.171574 	0.58757 	-0.142266 	-1.36452 	0.00671668 	
3.86	0.316955 	-0.171578 	0.587564 	-0.142407 	-1.36467 	0.00684644 	
3.865	0.316942 	-0.171581 	0.587555 	-0.142552 	-1.3648 	0.00698477 	
3.87	0.316925 	-0.171581 	0.587536 	-0.142709 	-1.36489 	0.00714109 	
3.875	0.316899 	-0.171581 	0.587503 	-0.142878 	-1.36495 	0.00731461 	
3.88	0.316872 	-0.17158 	0.587468 	-0.143051 	-1.365 	0.00749538 	
3.885	0.316847 	-0.17158 	0.587438 	-0.14322 	-1.36506 	0.00766855 	
3.89	0.316823 	-0.17158 	0.58741 	-0.143386 	-1.36513 	0.007837 	
3.895	0.3168 	-0.17158 	0.587386 	-0.143548 	-1.36522 	0.00800167 	
3.9	0.316778 	-0.171578 	0.587361 	-0.143712 	-1.3653 	0.00817605 	
3.905	0.316757 	-0.171576 	0.587341 	-0.143872 	-1.3654 	0.00834318 	
3.91	0.316736 	-0.171575 	0.58732 	-0.144033 	-1.36549 	0.00851078 	
3.915	0.316717 	-0.171575 	0.587304 	-0.144189 	-1.3656 	0.00866797 	
3.92	0.316698 	-0.171575 	0.587287 	-0.144345 	-1.3657 	0.0088266 	
3.925	0.316681 	-0.171576 	0.587275 	-0.144496 	-1.36583 	0.0089772 	
3.93	0.316664 	-0.171577 	0.587261 	-0.144649 	-1.36594 	0.00913033 	
3.935	0.316648 	-0.171578 	0.587253 	-0.144797 	-1.36608 	0.00927706 	
3.94	0.316633 	-0.171579 	0.587242 	-0.144948 	-1.3662 	0.00942685 	
3.945	0.316618 	-0.171581 	0.587235 	-0.145094 	-1.36634 	0.00957089 	
3.95	0.316603 	-0.171582 	0.587227 	-0.145243 	-1.36648 	0.00971835 	
3.955	0.31659 	-0.171583 	0.587222 	-0.145389 	-1.36662 	0.00986055 	
3.96	0.316576 	-0.171584 	0.587215 	-0.145536 	-1.36676 	0.0100064 	
3.965	0.316563 	-0.171586 	0.587211 	-0.145681 	-1.36691 	0.0101475 	
3.97	0.316549 	-0.171587 	0.587205 	-0.145828 	-1.36705 	0.0102924 	
3.975	0.316537 	-0.171589 	0.587203 	-0.145971 	-1.3672 	0.0104327 	
3.98	0.316524 	-0.171591 	0.587197 	-0.146118 	-1.36734 	0.0105765 	
3.985	0.316512 	-0.171593 	0.587195 	-0.146262 	-1.3675 	0.0107147 	
3.99	0.316499 	-0.171595 	0.58719 	-0.146408 	-1.36764 	0.0108566 	
3.995	0.316486 	-0.171598 	0.587187 	-0.146552 	-1.36779 	0.0109932 	
4	0.316474 	-0.171601 	0.587183 	-0.146698 	-1.36794 	0.0111323 	
4.005	0.316461 	-0.171604 	0.587181 	-0.146842 	-1.36809 	0.0112684 	
4.01	0.316448 	-0.171607 	0.587177 	-0.146988 	-1.36824 	0.011407 	
4.015	0.316436 	-0.17161 	0.587174 	-0.147132 	-1.36839 	0.0115428 	
4.02	0.316423 	-0.171613 	0.58717 	-0.147278 	-1.36854 	0.0116814 	
4.025	0.31641 	-0.171617 	0.587167 	-0.147423 	-1.36869 	0.0118172 	
4.03	0.316398 	-0.17162 	0.587163 	-0.14757 	-1.36884 	0.0119559 	
4.035	0.316385 	-0.171623 	0.587161 	-0.147715 	-1.36899 	0.012092 	
4.04	0.316372 	-0.171626 	0.587157 	-0.147862 	-1.36913 	0.0122309 	
4.045	0.31636 	-0.17163 	0.587154 	-0.148007 	-1.36929 	0.0123675 	
4.05	0.316347 	-0.171633 	0.58715 	-0.148155 	-1.36943 	0.0125068 	
4.055	0.316334 	-0.171637 	0.587148 	-0.148301 	-1.36959 	0.0126438 	
4.06	0.316322 	-0.17164 	0.587144 	-0.148448 	-1.36973 	0.0127836 	
4.065	0.316309 	-0.171643 	0.587141 	-0.148595 	-1.36988 	0.0129212 	
4.07	0.316297 	-0.171646 	0.587137 	-0.148743 	-1.37003 	0.0130616 	
4.075	0.316284 	-0.17165 	0.587135 	-0.14889 	-1.37018 	0.0131998 	
4.08	0.316271 	-0.171653 	0.587131 	-0.149039 	-1.37033 	0.0133408 	
4.085	0.316259 	-0.171656 	0.587128 	-0.149186 	-1.37048 	0.0134797 	
4.09	0.316246 	-0.171659 	0.587125 	-0.149335 	-1.37063 	0.0136214 	
4.095	0.316234 	-0.171662 	0.587122 	-0.149483 	-1.37078 	0.0137611 	
4.1	0.316221 	-0.171665 	0.587119 	-0.149632 	-1.37093 	0.0139036 	
4.105	0.316209 	-0.171668 	0.587116 	-0.149781 	-1.37108 	0.0140442 	
4.11	0.316197 	-0.171671 	0.587113 	-0.149931 	-1.37123 	0.0141875 	
4.115	0.316184 	-0.171674 	0.587111 	-0.150079 	-1.37138 	0.0143291 	
4.12	0.316172 	-0.171676 	0.587107 	-0.15023 	-1.37153 	0.0144738 	
4.125	0.31616 	-0.171679 	0.587105 	-0.150379 	-1.37169 	0.0146168 	
4.13	0.316148 	-0.171681 	0.587102 	-0.15053 	-1.37183 	0.0147634 	
4.135	0.316137 	-0.171683 	0.587101 	-0.150679 	-1.37199 	0.0149073 	
4.14	0.316125 	-0.171685 	0.587098 	-0.15083 	-1.37214 	0.0150541 	
4.145	0.316114 	-0.171688 	0.587097 	-0.150979 	-1.3723 	0.0151988 	
4.15	0.316102 	-0.17169 	0.587094 	-0.151131 	-1.37244 	0.015346 	
4.155	0.31609 	-0.171692 	0.587092 	-0.151282 	-1.3726 	0.0154911 	
4.16	0.316078 	-0.171695 	0.587088 	-0.151434 	-1.37274 	0.0156377 	
4.165	0.316066 	-0.171698 	0.587085 	-0.151586 	-1.3729 	0.0157808 	
4.17	0.316053 	-0.171701 	0.587081 	-0.151739 	-1.37304 	0.0159257 	
4.175	0.316041 	-0.171705 	0.587077 	-0.151891 	-1.37319 	0.0160675 	
4.18	0.316028 	-0.171709 	0.587073 	-0.152044 	-1.37333 	0.0162118 	
4.185	0.316016 	-0.171712 	0.587069 	-0.152197 	-1.37348 	0.0163551 	
4.19	0.316003 	-0.171715 	0.587065 	-0.152351 	-1.37363 	0.0165015 	
4.195	0.315991 	-0.171718 	0.587063 	-0.152504 	-1.37378 	0.0166485 	
4.2	0.315979 	-0.17172 	0.587059 	-0.152659 	-1.37393 	0.0167985 	
4.205	0.315967 	-0.171723 	0.587056 	-0.152813 	-1.37408 	0.016945 	
4.21	0.315954 	-0.171726 	0.587052 	-0.152968 	-1.37422 	0.0170923 	
4.215	0.315942 	-0.171729 	0.587048 	-0.153122 	-1.37437 	0.0172377 	
4.22	0.315929 	-0.171732 	0.587044 	-0.153278 	-1.37452 	0.0173857 	
4.225	0.315917 	-0.171735 	0.58704 	-0.153434 	-1.37466 	0.0175355 	
4.23	0.315904 	-0.171737 	0.587035 	-0.153591 	-1.37481 	0.0176878 	
4.235	0.315892 	-0.171738 	0.587031 	-0.153748 	-1.37495 	0.0178415 	
4.24	0.31588 	-0.17174 	0.587026 	-0.153906 	-1.37509 	0.0179972 	
4.245	0.315868 	-0.171741 	0.587022 	-0.154064 	-1.37524 	0.018154 	
4.25	0.315856 	-0.171741 	0.587016 	-0.154223 	-1.37538 	0.0183123 	
4.255	0.315844 	-0.171741 	0.587012 	-0.154382 	-1.37553 	0.0184735 	
4.26	0.315833 	-0.171739 	0.587008 	-0.154543 	-1.37567 	0.0186417 	
4.265	0.315821 	-0.171738 	0.587004 	-0.154704 	-1.37582 	0.0188096 	
4.27	0.31581 	-0.171736 	0.586999 	-0.154865 	-1.37596 	0.0189776 	
4.275	0.315799 	-0.171734 	0.586995 	-0.155026 	-1.37611 	0.0191455 	
4.28	0.315788 	-0.171733 	0.586991 	-0.155187 	-1.37625 	0.0193135 	
4.285	0.315776 	-0.171731 	0.586987 	-0.155349 	-1.3764 	0.0194815 	
4.29	0.315765 	-0.171729 	0.586983 	-0.155511 	-1.37654 	0.0196523 	
4.295	0.315755 	-0.171724 	0.58698 	-0.155674 	-1.37669 	0.0198309 	
4.3	0.315745 	-0.171719 	0.586977 	-0.155837 	-1.37684 	0.0200117 	
4.305	0.315735 	-0.171713 	0.586975 	-0.156001 	-1.37699 	0.0201986 	
4.31	0.315725 	-0.171706 	0.586973 	-0.156166 	-1.37714 	0.0203875 	
4.315	0.315716 	-0.171697 	0.586971 	-0.156332 	-1.3773 	0.0205809 	
4.32	0.315706 	-0.171688 	0.58697 	-0.156498 	-1.37745 	0.0207761 	
4.325	0.315697 	-0.171679 	0.586968 	-0.156664 	-1.37761 	0.0209736 	
4.33	0.315687 	-0.171671 	0.586967 	-0.156831 	-1.37776 	0.0211686 	
4.335	0.315677 	-0.171663 	0.586965 	-0.156998 	-1.37791 	0.0213607 	
4.34	0.315667 	-0.171656 	0.586962 	-0.157164 	-1.37806 	0.0215511 	
4.345	0.315657 	-0.17165 	0.58696 	-0.157331 	-1.37821 	0.0217393 	
4.35	0.315647 	-0.171644 	0.586957 	-0.157498 	-1.37836 	0.021926 	
4.355	0.315636 	-0.171639 	0.586953 	-0.157665 	-1.37851 	0.0221107 	
4.36	0.315626 	-0.171634 	0.58695 	-0.157832 	-1.37866 	0.0222945 	
4.365	0.315615 	-0.17163 	0.586946 	-0.158 	-1.3788 	0.0224766 	
4.37	0.315605 	-0.171625 	0.586943 	-0.158167 	-1.37895 	0.0226605 	
4.375	0.315595 	-0.171619 	0.586941 	-0.158336 	-1.3791 	0.0228506 	
4.38	0.315585 	-0.171612 	0.586938 	-0.158505 	-1.37925 	0.0230429 	
4.385	0.315575 	-0.171604 	0.586936 	-0.158674 	-1.3794 	0.0232391 	
4.39	0.315565 	-0.171596 	0.586933 	-0.158845 	-1.37955 	0.0234367 	
4.395	0.315556 	-0.171587 	0.586933 	-0.159015 	-1.37971 	0.0236372 	
4.4	0.315546 	-0.171579 	0.586932 	-0.159185 	-1.37986 	0.0238338 	
4.405	0.315536 	-0.171573 	0.586931 	-0.159353 	-1.38002 	0.0240225 	
4.41	0.315526 	-0.171567 	0.586929 	-0.159523 	-1.38017 	0.0242114 	
4.415	0.315515 	-0.171564 	0.586928 	-0.15969 	-1.38033 	0.0243904 	
4.42	0.315505 	-0.171561 	0.586925 	-0.159859 	-1.38048 	0.0245702 	
4.425	0.315494 	-0.171561 	0.586924 	-0.160025 	-1.38063 	0.0247403 	
4.43	0.315482 	-0.17156 	0.586921 	-0.160193 	-1.38078 	0.0249126 	
4.435	0.315471 	-0.171561 	0.586918 	-0.16036 	-1.38093 	0.0250774 	
4.44	0.315459 	-0.17156 	0.586914 	-0.16053 	-1.38107 	0.0252536 	
4.445	0.315445 	-0.171549 	0.586907 	-0.160709 	-1.38121 	0.0254689 	
4.45	0.31543 	-0.171525 	0.586896 	-0.160899 	-1.38134 	0.0257374 	
4.455	0.315412 	-0.17149 	0.586883 	-0.1611 	-1.38145 	0.0260535 	
4.46	0.315394 	-0.171447 	0.586867 	-0.161308 	-1.38156 	0.0264004 	
4.465	0.315376 	-0.17141 	0.586855 	-0.16151 	-1.38168 	0.0267243 	
4.47	0.315359 	-0.171376 	0.586842 	-0.161711 	-1.3818 	0.0270357 	
4.475	0.315343 	-0.171345 	0.586835 	-0.161906 	-1.38194 	0.0273315 	
4.48	0.315327 	-0.171317 	0.586825 	-0.162101 	-1.38206 	0.0276187 	
4.485	0.315312 	-0.171293 	0.586817 	-0.162293 	-1.3822 	0.0278903 	
4.49	0.315296 	-0.171271 	0.586808 	-0.162484 	-1.38233 	0.0281533 	
4.495	0.315281 	-0.171252 	0.5868 	-0.162672 	-1.38246 	0.0284027 	
4.5	0.315266 	-0.171236 	0.586792 	-0.16286 	-1.38259 	0.0286455 	
4.505	0.315252 	-0.171222 	0.586785 	-0.163045 	-1.38273 	0.0288768 	
4.51	0.315237 	-0.17121 	0.586776 	-0.163231 	-1.38286 	0.029103 	
4.515	0.315222 	-0.171201 	0.586769 	-0.163413 	-1.383 	0.0293169 	
4.52	0.315208 	-0.171192 	0.586762 	-0.163596 	-1.38313 	0.0295306 	
4.525	0.315194 	-0.171183 	0.586759 	-0.163776 	-1.38328 	0.0297423 	
4.53	0.31518 	-0.171173 	0.586753 	-0.163958 	-1.38342 	0.0299552 	
4.535	0.315168 	-0.171164 	0.586752 	-0.164139 	-1.38358 	0.0301664 	
4.54	0.315155 	-0.171155 	0.586749 	-0.16432 	-1.38373 	0.0303789 	
4.545	0.315143 	-0.171145 	0.586749 	-0.1645 	-1.38389 	0.0305901 	
4.55	0.31513 	-0.171135 	0.586748 	-0.164682 	-1.38404 	0.0308028 	
4.555	0.315119 	-0.171125 	0.586749 	-0.164862 	-1.38421 	0.0310142 	
4.56	0.315107 	-0.171116 	0.586748 	-0.165044 	-1.38436 	0.0312274 	
4.565	0.315096 	-0.171106 	0.58675 	-0.165224 	-1.38453 	0.0314393 	
4.57	0.315084 	-0.171096 	0.58675 	-0.165406 	-1.38468 	0.0316532 	
4.575	0.315073 	-0.171085 	0.586753 	-0.165587 	-1.38485 	0.0318663 	
4.58	0.315062 	-0.171075 	0.586753 	-0.16577 	-1.38501 	0.0320808 	
4.585	0.315051 	-0.171065 	0.586756 	-0.165951 	-1.38518 	0.0322944 	
4.59	0.315039 	-0.171055 	0.586756 	-0.166134 	-1.38534 	0.0325097 	
4.595	0.315029 	-0.171044 	0.58676 	-0.166316 	-1.38551 	0.032724 	
4.6	0.315017 	-0.171035 	0.58676 	-0.1665 	-1.38567 	0.0329376 	
4.605	0.315006 	-0.171027 	0.58676 	-0.166682 	-1.38583 	0.0331428 	
4.61	0.314994 	-0.171021 	0.586758 	-0.166865 	-1.38598 	0.0333463 	
4.615	0.314983 	-0.171016 	0.586757 	-0.167046 	-1.38613 	0.0335423 	
4.62	0.31497 	-0.171012 	0.586754 	-0.167229 	-1.38628 	0.0337373 	
4.625	0.314958 	-0.17101 	0.586751 	-0.16741 	-1.38643 	0.0339258 	
4.63	0.314946 	-0.171008 	0.586747 	-0.167592 	-1.38658 	0.0341143 	
4.635	0.314933 	-0.171008 	0.586744 	-0.167773 	-1.38672 	0.0342972 	
4.64	0.314921 	-0.171008 	0.586739 	-0.167955 	-1.38687 	0.034481 	
4.645	0.314908 	-0.171008 	0.586735 	-0.168135 	-1.38701 	0.0346599 	
4.65	0.314895 	-0.171009 	0.58673 	-0.168317 	-1.38715 	0.0348402 	
4.655	0.314883 	-0.171011 	0.586726 	-0.168498 	-1.3873 	0.0350164 	
4.66	0.31487 	-0.17101 	0.586719 	-0.168682 	-1.38743 	0.0352057 	
4.665	0.314856 	-0.170999 	0.586714 	-0.168874 	-1.38757 	0.0354301 	
4.67	0.314841 	-0.170984 	0.586706 	-0.16907 	-1.38771 	0.0356753 	
4.675	0.314828 	-0.17097 	0.586701 	-0.169264 	-1.38785 	0.0359142 	
4.68	0.314814 	-0.170956 	0.586696 	-0.169459 	-1.38799 	0.0361555 	
4.685	0.314801 	-0.170942 	0.586693 	-0.169652 	-1.38814 	0.0363908 	
4.69	0.314789 	-0.170928 	0.58669 	-0.169846 	-1.38829 	0.0366289 	
4.695	0.314776 	-0.170915 	0.586689 	-0.170038 	-1.38844 	0.0368617 	
4.7	0.314764 	-0.170902 	0.586687 	-0.170232 	-1.3886 	0.037099 	
4.705	0.314753 	-0.170888 	0.586688 	-0.170425 	-1.38876 	0.0373341 	
4.71	0.314741 	-0.170875 	0.586687 	-0.170619 	-1.38891 	0.0375694 	
4.715	0.314729 	-0.170862 	0.586689 	-0.170811 	-1.38908 	0.0378024 	
4.72	0.314717 	-0.17085 	0.586689 	-0.171004 	-1.38923 	0.0380317 	
4.725	0.314706 	-0.170841 	0.586689 	-0.171196 	-1.38939 	0.038252 	
4.73	0.314693 	-0.170833 	0.586687 	-0.171388 	-1.38954 	0.0384697 	
4.735	0.314681 	-0.170827 	0.586685 	-0.171578 	-1.3897 	0.0386795 	
4.74	0.314668 	-0.170821 	0.586682 	-0.171769 	-1.38984 	0.0388874 	
4.745	0.314656 	-0.170818 	0.586679 	-0.171959 	-1.38999 	0.0390881 	
4.75	0.314643 	-0.170815 	0.586674 	-0.17215 	-1.39014 	0.0392879 	
4.755	0.31463 	-0.170814 	0.586671 	-0.172338 	-1.39028 	0.0394809 	
4.76	0.314617 	-0.170813 	0.586667 	-0.172528 	-1.39043 	0.0396739 	
4.765	0.314604 	-0.170813 	0.586663 	-0.172717 	-1.39057 	0.0398663 	
4.77	0.314591 	-0.170812 	0.586657 	-0.172908 	-1.39071 	0.0400584 	
4.775	0.314579 	-0.170812 	0.586652 	-0.173098 	-1.39085 	0.0402507 	
4.78	0.314566 	-0.170811 	0.586646 	-0.173289 	-1.39099 	0.0404444 	
4.785	0.314554 	-0.170811 	0.586641 	-0.17348 	-1.39113 	0.0406383 	
4.79	0.314541 	-0.17081 	0.586635 	-0.173671 	-1.39127 	0.0408326 	
4.795	0.314529 	-0.17081 	0.58663 	-0.173862 	-1.39141 	0.0410242 	
4.8	0.314516 	-0.17081 	0.586624 	-0.174053 	-1.39155 	0.0412162 	
4.805	0.314504 	-0.170811 	0.586619 	-0.174245 	-1.39169 	0.0414073 	
4.81	0.314491 	-0.170812 	0.586613 	-0.174436 	-1.39183 	0.0415973 	
4.815	0.314479 	-0.170813 	0.586608 	-0.174627 	-1.39197 	0.0417845 	
4.82	0.314466 	-0.170815 	0.586602 	-0.174818 	-1.39211 	0.0419706 	
4.825	0.314454 	-0.170818 	0.586597 	-0.175008 	-1.39225 	0.0421526 	
4.83	0.314441 	-0.170821 	0.586591 	-0.1752 	-1.39239 	0.0423361 	
4.835	0.31443 	-0.170823 	0.586586 	-0.175391 	-1.39253 	0.0425224 	
4.84	0.314418 	-0.170825 	0.586579 	-0.175584 	-1.39266 	0.0427125 	
4.845	0.314406 	-0.170826 	0.586572 	-0.175778 	-1.3928 	0.0429023 	
4.85	0.314394 	-0.170828 	0.586565 	-0.175971 	-1.39293 	0.0430903 	
4.855	0.314382 	-0.170831 	0.586559 	-0.176164 	-1.39307 	0.0432778 	
4.86	0.314369 	-0.170834 	0.586552 	-0.176357 	-1.3932 	0.0434628 	
4.865	0.314357 	-0.170837 	0.586545 	-0.176551 	-1.39333 	0.0436487 	
4.87	0.314345 	-0.170839 	0.586539 	-0.176744 	-1.39347 	0.0438339 	
4.875	0.314333 	-0.170842 	0.586533 	-0.176938 	-1.39361 	0.0440214 	
4.88	0.314322 	-0.170844 	0.586528 	-0.177132 	-1.39375 	0.0442096 	
4.885	0.31431 	-0.170847 	0.586523 	-0.177326 	-1.39389 	0.0443973 	
4.89	0.314299 	-0.170849 	0.586518 	-0.17752 	-1.39404 	0.0445871 	
4.895	0.314287 	-0.17085 	0.586514 	-0.177716 	-1.39418 	0.0447784 	
4.9	0.314275 	-0.170853 	0.58651 	-0.17791 	-1.39432 	0.0449666 	
4.905	0.314263 	-0.170856 	0.586505 	-0.178105 	-1.39446 	0.0451527 	
4.91	0.314252 	-0.17086 	0.586501 	-0.178299 	-1.39461 	0.0453361 	
4.915	0.314239 	-0.170865 	0.586495 	-0.178494 	-1.39475 	0.045518 	
4.92	0.314227 	-0.17087 	0.586491 	-0.178688 	-1.39489 	0.0456977 	
4.925	0.314215 	-0.170875 	0.586485 	-0.178883 	-1.39503 	0.0458765 	
4.93	0.314202 	-0.170881 	0.58648 	-0.179077 	-1.39517 	0.0460538 	
4.935	0.31419 	-0.170887 	0.586475 	-0.179272 	-1.39531 	0.0462306 	
4.94	0.314177 	-0.170894 	0.58647 	-0.179466 	-1.39545 	0.0464065 	
4.945	0.314165 	-0.170901 	0.586464 	-0.179661 	-1.39559 	0.0465819 	
4.95	0.314152 	-0.170908 	0.586459 	-0.179856 	-1.39573 	0.0467554 	
4.955	0.314139 	-0.170915 	0.586453 	-0.180051 	-1.39587 	0.0469281 	
4.96	0.314127 	-0.170924 	0.586447 	-0.180246 	-1.396 	0.0470992 	
4.965	0.314114 	-0.170932 	0.586441 	-0.180441 	-1.39614 	0.0472698 	
4.97	0.314101 	-0.170941 	0.586435 	-0.180636 	-1.39628 	0.0474388 	
4.975	0.314088 	-0.170949 	0.586429 	-0.180831 	-1.39642 	0.0476079 	
4.98	0.314075 	-0.170958 	0.586424 	-0.181026 	-1.39656 	0.0477766 	
4.985	0.314062 	-0.170967 	0.586418 	-0.181222 	-1.39669 	0.0479463 	
4.99	0.31405 	-0.170976 	0.586412 	-0.181418 	-1.39683 	0.048115 	
4.995	0.314037 	-0.170986 	0.586406 	-0.181614 	-1.39697 	0.0482835 	
5	0.314024 	-0.170995 	0.586401 	-0.18181 	-1.39711 	0.0484508 	
5.005	0.314011 	-0.171005 	0.586395 	-0.182006 	-1.39725 	0.0486185 	
5.01	0.313998 	-0.171014 	0.586389 	-0.182203 	-1.39739 	0.0487874 	
5.015	0.313985 	-0.171024 	0.586383 	-0.1824 	-1.39752 	0.0489571 	
5.02	0.313972 	-0.171033 	0.586377 	-0.182598 	-1.39766 	0.0491278 	
5.025	0.31396 	-0.171042 	0.586371 	-0.182796 	-1.3978 	0.0492992 	
5.03	0.313947 	-0.171051 	0.586364 	-0.182994 	-1.39793 	0.0494715 	
5.035	0.313934 	-0.17106 	0.586358 	-0.183194 	-1.39807 	0.0496448 	
5.04	0.313922 	-0.171068 	0.586351 	-0.183394 	-1.3982 	0.0498217 	
5.045	0.31391 	-0.171074 	0.586346 	-0.183595 	-1.39834 	0.0500032 	
5.05	0.313898 	-0.171081 	0.58634 	-0.183796 	-1.39848 	0.0501853 	
5.055	0.313885 	-0.171088 	0.586334 	-0.183997 	-1.39862 	0.0503664 	
5.06	0.313873 	-0.171095 	0.586329 	-0.184199 	-1.39876 	0.0505485 	
5.065	0.313861 	-0.171101 	0.586324 	-0.184401 	-1.3989 	0.0507316 	
5.07	0.31385 	-0.171108 	0.586321 	-0.184603 	-1.39905 	0.0509145 	
5.075	0.313838 	-0.171114 	0.586317 	-0.184806 	-1.39919 	0.0510994 	
5.08	0.313826 	-0.171121 	0.586314 	-0.185009 	-1.39934 	0.0512839 	
5.085	0.313815 	-0.171127 	0.58631 	-0.185212 	-1.39948 	0.0514704 	
5.09	0.313803 	-0.171133 	0.586307 	-0.185416 	-1.39963 	0.0516566 	
5.095	0.313792 	-0.171139 	0.586304 	-0.18562 	-1.39978 	0.0518446 	
5.1	0.31378 	-0.171145 	0.586302 	-0.185825 	-1.39992 	0.0520322 	
5.105	0.313769 	-0.17115 	0.586299 	-0.18603 	-1.40007 	0.0522216 	
5.11	0.313758 	-0.171156 	0.586297 	-0.186235 	-1.40022 	0.0524106 	
5.115	0.313746 	-0.171161 	0.586294 	-0.186441 	-1.40037 	0.0526013 	
5.12	0.313735 	-0.171167 	0.586292 	-0.186646 	-1.40052 	0.0527916 	
5.125	0.313724 	-0.171172 	0.586289 	-0.186853 	-1.40067 	0.0529836 	
5.13	0.313713 	-0.171178 	0.586287 	-0.18706 	-1.40082 	0.0531751 	
5.135	0.313701 	-0.171183 	0.586285 	-0.187267 	-1.40096 	0.053368 	
5.14	0.31369 	-0.171189 	0.586282 	-0.187474 	-1.40111 	0.053559 	
5.145	0.313678 	-0.171195 	0.586279 	-0.187682 	-1.40126 	0.0537494 	
5.15	0.313667 	-0.171202 	0.586277 	-0.187889 	-1.40141 	0.0539377 	
5.155	0.313655 	-0.171209 	0.586274 	-0.188097 	-1.40156 	0.0541256 	
5.16	0.313644 	-0.171216 	0.586272 	-0.188305 	-1.40171 	0.0543119 	
5.165	0.313632 	-0.171224 	0.586269 	-0.188513 	-1.40185 	0.0544979 	
5.17	0.31362 	-0.171232 	0.586266 	-0.188721 	-1.402 	0.0546825 	
5.175	0.313608 	-0.17124 	0.586263 	-0.188929 	-1.40215 	0.0548671 	
5.18	0.313596 	-0.171249 	0.586261 	-0.189137 	-1.4023 	0.0550505 	
5.185	0.313584 	-0.171257 	0.586257 	-0.189346 	-1.40244 	0.055234 	
5.19	0.313572 	-0.171266 	0.586255 	-0.189555 	-1.40259 	0.0554164 	
5.195	0.31356 	-0.171276 	0.586252 	-0.189764 	-1.40274 	0.0555992 	
5.2	0.313548 	-0.171285 	0.586249 	-0.189973 	-1.40288 	0.055781 	
5.205	0.313536 	-0.171294 	0.586245 	-0.190183 	-1.40303 	0.0559632 	
5.21	0.313524 	-0.171304 	0.586243 	-0.190393 	-1.40318 	0.0561446 	
5.215	0.313512 	-0.171314 	0.58624 	-0.190603 	-1.40332 	0.0563255 	
5.22	0.3135 	-0.171325 	0.586239 	-0.190813 	-1.40348 	0.0565038 	
5.225	0.313487 	-0.171334 	0.586232 	-0.191024 	-1.40361 	0.056689 	
5.23	0.313473 	-0.171342 	0.58622 	-0.191238 	-1.40373 	0.0568805 	
5.235	0.313459 	-0.171349 	0.586207 	-0.191453 	-1.40384 	0.057076 	
5.24	0.313446 	-0.171356 	0.586196 	-0.191668 	-1.40396 	0.0572717 	
5.245	0.313432 	-0.171362 	0.586183 	-0.191884 	-1.40408 	0.0574701 	
5.25	0.313419 	-0.171369 	0.586174 	-0.1921 	-1.4042 	0.0576665 	
5.255	0.313406 	-0.171376 	0.586163 	-0.192316 	-1.40432 	0.0578638 	
5.26	0.313394 	-0.171383 	0.586154 	-0.192532 	-1.40445 	0.0580586 	
5.265	0.313381 	-0.171387 	0.586145 	-0.192751 	-1.40457 	0.0582691 	
5.27	0.313368 	-0.171391 	0.586136 	-0.19297 	-1.4047 	0.0584777 	
5.275	0.313356 	-0.171392 	0.586127 	-0.193191 	-1.40483 	0.0586969 	
5.28	0.313347 	-0.171394 	0.586127 	-0.193411 	-1.40498 	0.0589114 	
5.285	0.31334 	-0.171394 	0.586127 	-0.193633 	-1.40514 	0.0591355 	
5.29	0.313335 	-0.171395 	0.586136 	-0.193853 	-1.40532 	0.0593527 	
5.295	0.313329 	-0.171395 	0.586138 	-0.194076 	-1.40548 	0.0595781 	
5.3	0.313323 	-0.171394 	0.586136 	-0.194299 	-1.40563 	0.0598073 	
5.305	0.313315 	-0.171392 	0.586131 	-0.194524 	-1.40577 	0.060038 	
5.31	0.313306 	-0.171391 	0.586124 	-0.194749 	-1.4059 	0.06027 	
5.315	0.313297 	-0.171389 	0.586115 	-0.194975 	-1.40603 	0.0605029 	
5.32	0.313288 	-0.171388 	0.586105 	-0.195202 	-1.40615 	0.0607364 	
5.325	0.313278 	-0.171386 	0.586093 	-0.195428 	-1.40626 	0.0609708 	
5.33	0.313269 	-0.171384 	0.58608 	-0.195656 	-1.40638 	0.0612069 	
5.335	0.313259 	-0.171382 	0.586066 	-0.195884 	-1.40649 	0.0614428 	
5.34	0.31325 	-0.17138 	0.586056 	-0.196112 	-1.40661 	0.0616803 	
5.345	0.313239 	-0.171377 	0.586043 	-0.196341 	-1.40672 	0.061919 	
5.35	0.31323 	-0.171376 	0.586035 	-0.196569 	-1.40685 	0.0621541 	
5.355	0.313219 	-0.171374 	0.586023 	-0.196798 	-1.40696 	0.0623907 	
5.36	0.313209 	-0.171373 	0.586015 	-0.197027 	-1.40709 	0.0626254 	
5.365	0.313198 	-0.171372 	0.586005 	-0.197257 	-1.40722 	0.0628605 	
5.37	0.313188 	-0.171373 	0.586003 	-0.197485 	-1.40737 	0.063087 	
5.375	0.313178 	-0.171374 	0.585999 	-0.197714 	-1.40751 	0.0633143 	
5.38	0.313167 	-0.171377 	0.585999 	-0.197942 	-1.40766 	0.0635362 	
5.385	0.313156 	-0.171379 	0.585995 	-0.198171 	-1.40781 	0.0637613 	
5.39	0.313145 	-0.171381 	0.585997 	-0.1984 	-1.40797 	0.063983 	
5.395	0.313134 	-0.171384 	0.585995 	-0.19863 	-1.40812 	0.0642072 	
5.4	0.313123 	-0.171387 	0.585997 	-0.19886 	-1.40828 	0.0644297 	
5.405	0.313112 	-0.171389 	0.585996 	-0.199091 	-1.40843 	0.0646543 	
5.41	0.3131 	-0.171392 	0.586 	-0.199322 	-1.4086 	0.0648778 	
5.415	0.313089 	-0.171392 	0.585997 	-0.199555 	-1.40875 	0.0651121 	
5.42	0.313077 	-0.171393 	0.585996 	-0.199789 	-1.4089 	0.0653464 	
5.425	0.313065 	-0.171393 	0.585993 	-0.200023 	-1.40905 	0.0655826 	
5.43	0.313055 	-0.171391 	0.585993 	-0.200259 	-1.4092 	0.0658245 	
5.435	0.313045 	-0.17139 	0.585993 	-0.200495 	-1.40936 	0.0660676 	
5.44	0.313034 	-0.171388 	0.58599 	-0.200732 	-1.4095 	0.0663112 	
5.445	0.313024 	-0.171387 	0.585986 	-0.200969 	-1.40964 	0.0665549 	
5.45	0.313013 	-0.171385 	0.58598 	-0.201206 	-1.40978 	0.0667992 	
5.455	0.313002 	-0.171384 	0.585973 	-0.201444 	-1.40991 	0.0670434 	
5.46	0.312991 	-0.171383 	0.585967 	-0.201682 	-1.41005 	0.0672872 	
5.465	0.312981 	-0.171381 	0.585959 	-0.20192 	-1.41018 	0.0675335 	
5.47	0.31297 	-0.17138 	0.585953 	-0.202159 	-1.41031 	0.0677778 	
5.475	0.312959 	-0.171378 	0.585946 	-0.202398 	-1.41045 	0.0680242 	
5.48	0.312948 	-0.171377 	0.585941 	-0.202638 	-1.41058 	0.0682704 	
5.485	0.312938 	-0.171375 	0.585936 	-0.202878 	-1.41072 	0.0685191 	
5.49	0.312927 	-0.171373 	0.585931 	-0.203119 	-1.41086 	0.0687675 	
5.495	0.312916 	-0.171371 	0.585926 	-0.203361 	-1.411 	0.0690183 	
5.5	0.312905 	-0.171369 	0.585921 	-0.203603 	-1.41114 	0.0692688 	
5.505	0.312893 	-0.171367 	0.585913 	-0.203845 	-1.41127 	0.0695204 	
5.51	0.312883 	-0.171366 	0.585908 	-0.204087 	-1.41141 	0.0697679 	
5.515	0.312871 	-0.171364 	0.5859 	-0.204329 	-1.41153 	0.0700156 	
5.52	0.312861 	-0.171364 	0.585894 	-0.204571 	-1.41167 	0.0702615 	
5.525	0.31285 	-0.171363 	0.585884 	-0.204814 	-1.41179 	0.0705077 	
5.53	0.312839 	-0.171364 	0.585878 	-0.205056 	-1.41193 	0.0707507 	
5.535	0.312828 	-0.171364 	0.585869 	-0.205298 	-1.41205 	0.0709942 	
5.54	0.312818 	-0.171365 	0.585863 	-0.205541 	-1.41219 	0.0712348 	
5.545	0.312807 	-0.171367 	0.585854 	-0.205784 	-1.41231 	0.0714757 	
5.55	0.312797 	-0.171369 	0.585848 	-0.206026 	-1.41245 	0.0717129 	
5.555	0.312785 	-0.171371 	0.585838 	-0.206269 	-1.41257 	0.0719508 	
5.56	0.312772 	-0.171374 	0.585826 	-0.206511 	-1.41269 	0.0721851 	
5.565	0.312758 	-0.171377 	0.585814 	-0.206753 	-1.4128 	0.0724215 	
5.57	0.312745 	-0.171379 	0.585801 	-0.206997 	-1.41292 	0.0726612 	
5.575	0.312734 	-0.171381 	0.585793 	-0.207241 	-1.41304 	0.0728999 	
5.58	0.312726 	-0.171382 	0.585795 	-0.207489 	-1.41321 	0.0731483 	
5.585	0.312719 	-0.171381 	0.585798 	-0.207739 	-1.41337 	0.0734009 	
5.59	0.312716 	-0.171379 	0.58581 	-0.207992 	-1.41356 	0.0736617 	
5.595	0.312712 	-0.171376 	0.585815 	-0.208244 	-1.41373 	0.0739246 	
5.6	0.312707 	-0.171373 	0.585821 	-0.208497 	-1.41391 	0.0741866 	
5.605	0.312701 	-0.17137 	0.585822 	-0.20875 	-1.41406 	0.074449 	
5.61	0.312694 	-0.171368 	0.585823 	-0.209003 	-1.41422 	0.0747105 	
5.615	0.312687 	-0.171366 	0.585821 	-0.209255 	-1.41437 	0.0749695 	
5.62	0.312679 	-0.171365 	0.585819 	-0.209507 	-1.41452 	0.0752253 	
5.625	0.31267 	-0.171366 	0.585815 	-0.209758 	-1.41466 	0.0754755 	
5.63	0.31266 	-0.171369 	0.585809 	-0.210007 	-1.41479 	0.0757169 	
5.635	0.31265 	-0.171374 	0.585803 	-0.210255 	-1.41493 	0.075952 	
5.64	0.312638 	-0.17138 	0.585796 	-0.210502 	-1.41506 	0.0761799 	
5.645	0.312627 	-0.171387 	0.58579 	-0.210749 	-1.41519 	0.0764077 	
5.65	0.312616 	-0.171392 	0.585783 	-0.210998 	-1.41533 	0.076642 	
5.655	0.312605 	-0.171397 	0.585776 	-0.211247 	-1.41546 	0.0768756 	
5.66	0.312594 	-0.171403 	0.58577 	-0.211497 	-1.41559 	0.0771089 	
5.665	0.312582 	-0.171409 	0.585764 	-0.211746 	-1.41573 	0.0773416 	
5.67	0.312571 	-0.171415 	0.58576 	-0.211997 	-1.41587 	0.0775742 	
5.675	0.312559 	-0.171421 	0.585754 	-0.212247 	-1.416 	0.0778063 	
5.68	0.312548 	-0.171428 	0.58575 	-0.212499 	-1.41615 	0.0780387 	
5.685	0.312536 	-0.171434 	0.585745 	-0.21275 	-1.41628 	0.0782713 	
5.69	0.312524 	-0.171441 	0.585741 	-0.213002 	-1.41643 	0.0785039 	
5.695	0.312516 	-0.171447 	0.585743 	-0.213257 	-1.41659 	0.07874 	
5.7	0.312526 	-0.171451 	0.585778 	-0.213523 	-1.41686 	0.0789898 	
5.705	0.312546 	-0.171454 	0.585834 	-0.213796 	-1.41719 	0.0792496 	
5.71	0.312564 	-0.171456 	0.585883 	-0.214069 	-1.4175 	0.07951 	
5.715	0.312579 	-0.171458 	0.585924 	-0.21434 	-1.41778 	0.0797725 	
5.72	0.312593 	-0.171459 	0.585963 	-0.214612 	-1.41806 	0.080038 	
5.725	0.312607 	-0.171459 	0.586 	-0.214885 	-1.41833 	0.0803044 	
5.73	0.312619 	-0.171461 	0.586033 	-0.215156 	-1.41859 	0.0805671 	
5.735	0.312628 	-0.171465 	0.586064 	-0.215427 	-1.41884 	0.0808234 	
5.74	0.312634 	-0.171473 	0.586087 	-0.215691 	-1.41907 	0.0810604 	
5.745	0.312636 	-0.171481 	0.586106 	-0.215956 	-1.41929 	0.0812971 	
5.75	0.312637 	-0.171488 	0.586123 	-0.216221 	-1.41949 	0.0815371 	
5.755	0.312637 	-0.171494 	0.586136 	-0.216487 	-1.41969 	0.0817859 	
5.76	0.312635 	-0.171499 	0.586148 	-0.216754 	-1.41988 	0.0820342 	
5.765	0.312632 	-0.171505 	0.586156 	-0.217019 	-1.42006 	0.0822815 	
5.77	0.312628 	-0.171511 	0.586164 	-0.217285 	-1.42024 	0.0825276 	
5.775	0.312623 	-0.171518 	0.586168 	-0.21755 	-1.4204 	0.0827717 	
5.78	0.312616 	-0.171525 	0.586172 	-0.217815 	-1.42057 	0.0830133 	
5.785	0.312609 	-0.171532 	0.586174 	-0.21808 	-1.42073 	0.0832572 	
5.79	0.312601 	-0.171538 	0.586174 	-0.218347 	-1.42088 	0.0835079 	
5.795	0.312592 	-0.171542 	0.586173 	-0.218614 	-1.42103 	0.0837623 	
5.8	0.312582 	-0.171545 	0.586171 	-0.218882 	-1.42118 	0.0840209 	
5.805	0.312572 	-0.171548 	0.586168 	-0.219151 	-1.42132 	0.0842826 	
5.81	0.312562 	-0.17155 	0.586164 	-0.219421 	-1.42146 	0.0845473 	
5.815	0.312552 	-0.171552 	0.58616 	-0.219692 	-1.4216 	0.0848144 	
5.82	0.312541 	-0.171553 	0.586156 	-0.219964 	-1.42174 	0.0850837 	
5.825	0.31253 	-0.171554 	0.58615 	-0.220235 	-1.42188 	0.0853543 	
5.83	0.312519 	-0.171555 	0.586145 	-0.220508 	-1.42201 	0.0856261 	
5.835	0.312507 	-0.171555 	0.586139 	-0.220781 	-1.42215 	0.0858993 	
5.84	0.312496 	-0.171556 	0.586133 	-0.221055 	-1.42228 	0.0861741 	
5.845	0.312484 	-0.171556 	0.586127 	-0.221329 	-1.42242 	0.0864498 	
5.85	0.312472 	-0.171556 	0.586121 	-0.221605 	-1.42255 	0.0867271 	
