0	0.0375657 	-0.00170152 	-0.0284831 	4.31391e-06 	-0.00180521 	8.30314e-05 	
0.005	0.185079 	-0.00838305 	-0.140331 	2.12538e-05 	-0.00889393 	0.00040908 	
0.01	0.321796 	-0.0145756 	-0.243993 	3.69539e-05 	-0.0154638 	0.000711265 	
0.015	0.448506 	-0.0203148 	-0.340067 	5.15049e-05 	-0.0215529 	0.000991334 	
0.02	0.565942 	-0.0256341 	-0.42911 	6.49904e-05 	-0.0271963 	0.0012509 	
0.025	0.674784 	-0.030564 	-0.511636 	7.74867e-05 	-0.0324266 	0.00149147 	
0.03	0.77566 	-0.0351331 	-0.588121 	8.90656e-05 	-0.0372742 	0.00171443 	
0.035	0.869153 	-0.0393677 	-0.659007 	9.97939e-05 	-0.0417671 	0.00192107 	
0.04	0.955805 	-0.0432925 	-0.724705 	0.000109733 	-0.0459311 	0.00211258 	
0.045	1.03611 	-0.04693 	-0.785594 	0.000118941 	-0.0497904 	0.00229006 	
0.05	1.11055 	-0.0503013 	-0.842025 	0.000127469 	-0.0533674 	0.00245456 	
0.055	1.17953 	-0.0534259 	-0.894326 	0.000135367 	-0.0566825 	0.002607 	
0.06	1.24347 	-0.0563218 	-0.942797 	0.000142681 	-0.0597551 	0.00274828 	
0.065	1.30273 	-0.0590058 	-0.98772 	0.000149451 	-0.062603 	0.00287922 	
0.07	1.35765 	-0.0614933 	-1.02935 	0.000155719 	-0.0652424 	0.00300056 	
0.075	1.40856 	-0.0637989 	-1.06794 	0.000161519 	-0.0676888 	0.00311301 	
0.08	1.45574 	-0.0659357 	-1.1037 	0.000166885 	-0.0699562 	0.00321722 	
0.085	1.49947 	-0.0679161 	-1.13684 	0.000171848 	-0.0720578 	0.00331379 	
0.09	1.54 	-0.0697516 	-1.16755 	0.000176437 	-0.0740056 	0.00340328 	
0.095	1.57756 	-0.0714528 	-1.19602 	0.000180679 	-0.0758111 	0.00348621 	
0.1	1.61238 	-0.0730296 	-1.2224 	0.000184598 	-0.0774845 	0.00356306 	
0.105	1.64465 	-0.0744909 	-1.24684 	0.000188217 	-0.0790356 	0.00363427 	
0.11	1.67457 	-0.0758454 	-1.2695 	0.000191558 	-0.0804733 	0.00370025 	
0.115	1.70229 	-0.0771007 	-1.29049 	0.000194641 	-0.0818059 	0.00376139 	
0.12	1.72799 	-0.0782643 	-1.30995 	0.000197481 	-0.0830412 	0.00381804 	
0.125	1.75181 	-0.0793427 	-1.32798 	0.000200098 	-0.0841862 	0.00387052 	
0.13	1.77389 	-0.0803422 	-1.34468 	0.000202507 	-0.0852476 	0.00391914 	
0.135	1.79436 	-0.0812686 	-1.36016 	0.000204723 	-0.0862315 	0.00396419 	
0.14	1.81333 	-0.0821273 	-1.37451 	0.000206759 	-0.0871436 	0.00400592 	
0.145	1.83091 	-0.0829231 	-1.3878 	0.000208627 	-0.0879891 	0.00404458 	
0.15	1.84721 	-0.0836608 	-1.40012 	0.00021034 	-0.0887729 	0.00408039 	
0.155	1.86232 	-0.0843446 	-1.41153 	0.000211908 	-0.0894996 	0.00411355 	
0.16	1.87633 	-0.0849783 	-1.42211 	0.000213341 	-0.0901733 	0.00414427 	
0.165	1.88781 	-0.0842658 	-1.43413 	0.000275298 	-0.0908013 	0.00416352 	
0.17	1.90015 	-0.0848715 	-1.44338 	0.00027335 	-0.0913929 	0.00418885 	
0.175	1.91154 	-0.0854466 	-1.45187 	0.000270666 	-0.0919405 	0.00421184 	
0.18	1.92202 	-0.0859718 	-1.45969 	0.000268485 	-0.0924456 	0.0042331 	
0.185	1.93173 	-0.0864587 	-1.46692 	0.00026644 	-0.0929139 	0.00425277 	
0.19	1.94074 	-0.08691 	-1.47363 	0.000264521 	-0.0933482 	0.00427098 	
0.195	1.94909 	-0.0873283 	-1.47984 	0.000262717 	-0.093751 	0.00428783 	
0.2	1.95683 	-0.0877161 	-1.48559 	0.00026102 	-0.0941246 	0.00430342 	
0.205	1.96401 	-0.0880756 	-1.49091 	0.000259421 	-0.0944712 	0.00431784 	
0.21	1.97067 	-0.0884088 	-1.49585 	0.000257912 	-0.0947926 	0.00433117 	
0.215	1.97685 	-0.0887177 	-1.50041 	0.000256486 	-0.0950909 	0.0043435 	
0.22	1.98258 	-0.0890041 	-1.50464 	0.000255137 	-0.0953676 	0.0043549 	
0.225	1.98632 	-0.0879275 	-1.51086 	0.000316811 	-0.0956277 	0.00435629 	
0.23	1.99156 	-0.0882389 	-1.51464 	0.000312261 	-0.0958782 	0.00436505 	
0.235	1.99636 	-0.0885412 	-1.51808 	0.000307165 	-0.0961099 	0.00437267 	
0.24	2.00074 	-0.0888138 	-1.52119 	0.000302738 	-0.0963222 	0.00437967 	
0.245	2.0048 	-0.0890664 	-1.52408 	0.000298603 	-0.0965193 	0.00438612 	
0.25	2.00857 	-0.0893007 	-1.52675 	0.00029474 	-0.0967024 	0.00439207 	
0.255	2.01206 	-0.0895179 	-1.52922 	0.000291127 	-0.0968724 	0.00439754 	
0.26	2.01531 	-0.0897193 	-1.5315 	0.000287746 	-0.0970303 	0.00440258 	
0.265	2.01833 	-0.089906 	-1.53361 	0.00028458 	-0.0971771 	0.00440721 	
0.27	2.02113 	-0.0900791 	-1.53556 	0.000281611 	-0.0973134 	0.00441147 	
0.275	2.02203 	-0.0887985 	-1.53985 	0.00034678 	-0.0974438 	0.00440593 	
0.28	2.02478 	-0.0890192 	-1.54169 	0.000340501 	-0.097575 	0.0044085 	
0.285	2.02727 	-0.0892379 	-1.54331 	0.000333755 	-0.0976958 	0.00441032 	
0.29	2.0295 	-0.0894322 	-1.54475 	0.000327825 	-0.0978053 	0.00441194 	
0.295	2.03157 	-0.0896124 	-1.54607 	0.000322292 	-0.0979071 	0.00441339 	
0.3	2.03349 	-0.0897795 	-1.54729 	0.000317126 	-0.0980018 	0.0044147 	
0.305	2.03528 	-0.0899344 	-1.54841 	0.000312301 	-0.0980901 	0.00441587 	
0.31	2.03695 	-0.0900781 	-1.54945 	0.000307791 	-0.0981723 	0.00441691 	
0.315	2.03686 	-0.088835 	-1.55279 	0.000368813 	-0.0982523 	0.00440918 	
0.32	2.03862 	-0.0890274 	-1.55382 	0.000361343 	-0.0983363 	0.00440902 	
0.325	2.0402 	-0.0892196 	-1.55471 	0.000353517 	-0.0984137 	0.00440832 	
0.33	2.04159 	-0.0893898 	-1.55546 	0.000346559 	-0.098483 	0.0044076 	
0.335	2.04288 	-0.0895477 	-1.55615 	0.00034007 	-0.0985477 	0.00440688 	
0.34	2.04409 	-0.0896941 	-1.55679 	0.000334014 	-0.0986082 	0.00440616 	
0.345	2.04521 	-0.0898299 	-1.55737 	0.00032836 	-0.0986647 	0.00440545 	
0.35	2.04465 	-0.0886091 	-1.56024 	0.00038724 	-0.0987208 	0.00439663 	
0.355	2.04593 	-0.0887935 	-1.56088 	0.00037883 	-0.0987824 	0.00439497 	
0.36	2.04708 	-0.0889782 	-1.5614 	0.000370137 	-0.0988392 	0.00439287 	
0.365	2.04807 	-0.0891417 	-1.56182 	0.000362366 	-0.0988896 	0.00439085 	
0.37	2.04899 	-0.0892934 	-1.56219 	0.000355119 	-0.0989368 	0.00438892 	
0.375	2.04986 	-0.089434 	-1.56254 	0.000348357 	-0.098981 	0.00438708 	
0.38	2.05066 	-0.0895644 	-1.56285 	0.000342046 	-0.0990226 	0.00438532 	
0.385	2.04966 	-0.0882241 	-1.56568 	0.000406139 	-0.0990652 	0.00437522 	
0.39	2.05072 	-0.0884111 	-1.56611 	0.000396795 	-0.0991156 	0.00437257 	
0.395	2.05164 	-0.0885989 	-1.56642 	0.000387172 	-0.0991616 	0.00436949 	
0.4	2.05241 	-0.0887642 	-1.56664 	0.00037858 	-0.0992017 	0.00436653 	
0.405	2.05313 	-0.0889175 	-1.56682 	0.000370569 	-0.0992394 	0.00436374 	
0.41	2.05381 	-0.0890596 	-1.56699 	0.000363097 	-0.0992748 	0.00436109 	
0.415	2.05278 	-0.0878184 	-1.56955 	0.000422251 	-0.0993116 	0.00435106 	
0.42	2.05369 	-0.0880108 	-1.56984 	0.000412124 	-0.0993558 	0.00434768 	
0.425	2.05449 	-0.0882032 	-1.57003 	0.000401808 	-0.0993964 	0.00434395 	
0.43	2.05516 	-0.0883736 	-1.57014 	0.000392542 	-0.0994317 	0.00434039 	
0.435	2.05578 	-0.0885315 	-1.57022 	0.000383904 	-0.0994651 	0.00433703 	
0.44	2.05637 	-0.088678 	-1.5703 	0.000375849 	-0.0994965 	0.00433386 	
0.445	2.05517 	-0.0873696 	-1.57291 	0.000438258 	-0.0995299 	0.00432335 	
0.45	2.05604 	-0.0875704 	-1.57314 	0.000427384 	-0.0995717 	0.00431945 	
0.455	2.05678 	-0.0877711 	-1.57325 	0.000416331 	-0.0996099 	0.00431519 	
0.46	2.05739 	-0.0879483 	-1.57329 	0.000406408 	-0.0996428 	0.00431112 	
0.465	2.05797 	-0.0881127 	-1.57331 	0.000397161 	-0.0996739 	0.00430729 	
0.47	2.05851 	-0.0882651 	-1.57332 	0.000388539 	-0.0997033 	0.00430368 	
0.475	2.05715 	-0.0868785 	-1.57604 	0.000454903 	-0.0997351 	0.00429278 	
0.48	2.05801 	-0.0870899 	-1.57623 	0.00044325 	-0.0997765 	0.00428843 	
0.485	2.05875 	-0.0873009 	-1.57631 	0.000431423 	-0.099814 	0.00428369 	
0.49	2.05933 	-0.087487 	-1.5763 	0.000420818 	-0.0998459 	0.00427917 	
0.495	2.05989 	-0.0876595 	-1.57627 	0.000410936 	-0.0998761 	0.00427491 	
0.5	2.05872 	-0.0864574 	-1.57868 	0.000468437 	-0.099908 	0.00426463 	
0.505	2.05954 	-0.0866768 	-1.5788 	0.000456156 	-0.0999481 	0.00425982 	
0.51	2.06025 	-0.0868943 	-1.57884 	0.000443818 	-0.0999849 	0.00425471 	
0.515	2.06083 	-0.0870878 	-1.5788 	0.000432679 	-0.100017 	0.00424985 	
0.52	2.06138 	-0.0872672 	-1.57875 	0.000422301 	-0.100047 	0.00424528 	
0.525	2.06016 	-0.0860389 	-1.5812 	0.000481308 	-0.100079 	0.00423496 	
0.53	2.06099 	-0.0862664 	-1.58131 	0.000468467 	-0.10012 	0.00422983 	
0.535	2.0617 	-0.086492 	-1.58133 	0.000455584 	-0.100157 	0.0042244 	
0.54	2.06228 	-0.0866925 	-1.58127 	0.000443954 	-0.100189 	0.00421923 	
0.545	2.06284 	-0.0868784 	-1.58121 	0.00043312 	-0.100219 	0.00421437 	
0.55	2.06155 	-0.0856057 	-1.58375 	0.000494589 	-0.100252 	0.004204 	
0.555	2.0624 	-0.0858424 	-1.58385 	0.000481165 	-0.100293 	0.00419859 	
0.56	2.06313 	-0.0860767 	-1.58386 	0.000467705 	-0.100331 	0.00419283 	
0.565	2.06372 	-0.0862849 	-1.58378 	0.000455563 	-0.100364 	0.00418735 	
0.57	2.06428 	-0.0864779 	-1.5837 	0.000444253 	-0.100395 	0.0041822 	
0.575	2.06293 	-0.0851616 	-1.58634 	0.000508205 	-0.100428 	0.00417185 	
0.58	2.0638 	-0.085408 	-1.58644 	0.000494176 	-0.100471 	0.00416613 	
0.585	2.06455 	-0.0856517 	-1.58644 	0.00048012 	-0.10051 	0.00416004 	
0.59	2.06516 	-0.0858681 	-1.58636 	0.000467447 	-0.100543 	0.00415425 	
0.595	2.06573 	-0.0860685 	-1.58626 	0.000455645 	-0.100575 	0.00414881 	
0.6	2.06432 	-0.0847112 	-1.58899 	0.000522012 	-0.100609 	0.00413853 	
0.605	2.06523 	-0.0849675 	-1.5891 	0.000507366 	-0.100654 	0.0041325 	
0.61	2.066 	-0.085221 	-1.58909 	0.000492701 	-0.100694 	0.00412609 	
0.615	2.06662 	-0.0854457 	-1.58899 	0.000479487 	-0.100728 	0.00411998 	
0.62	2.06554 	-0.0843551 	-1.59127 	0.000532694 	-0.100764 	0.00411031 	
0.625	2.0664 	-0.0846179 	-1.59133 	0.000517557 	-0.100807 	0.00410386 	
0.63	2.06716 	-0.0848758 	-1.5913 	0.000502552 	-0.100847 	0.00409717 	
0.635	2.0678 	-0.0851069 	-1.5912 	0.000488934 	-0.100882 	0.00409082 	
0.64	2.06672 	-0.0840213 	-1.59348 	0.000542157 	-0.100919 	0.00408131 	
0.645	2.0676 	-0.08429 	-1.59354 	0.000526637 	-0.100963 	0.00407464 	
0.65	2.06838 	-0.0845535 	-1.5935 	0.000511269 	-0.101004 	0.00406773 	
0.655	2.06903 	-0.0847896 	-1.59339 	0.000497317 	-0.10104 	0.00406117 	
0.66	2.06792 	-0.0836847 	-1.59574 	0.000551823 	-0.101077 	0.00405181 	
0.665	2.06882 	-0.0839596 	-1.59579 	0.000535907 	-0.101122 	0.00404493 	
0.67	2.06962 	-0.0842291 	-1.59575 	0.000520149 	-0.101164 	0.00403778 	
0.675	2.07028 	-0.0844706 	-1.59564 	0.000505847 	-0.1012 	0.00403101 	
0.68	2.06914 	-0.0833453 	-1.59804 	0.00056171 	-0.101238 	0.00402181 	
0.685	2.07007 	-0.0836268 	-1.5981 	0.000545379 	-0.101285 	0.00401471 	
0.69	2.07088 	-0.0839027 	-1.59806 	0.000529212 	-0.101327 	0.00400733 	
0.695	2.07155 	-0.0841498 	-1.59794 	0.000514544 	-0.101364 	0.00400032 	
0.7	2.07039 	-0.0830055 	-1.6004 	0.000571725 	-0.101403 	0.00399132 	
0.705	2.07134 	-0.0832938 	-1.60046 	0.000554964 	-0.101451 	0.00398398 	
0.71	2.07217 	-0.0835763 	-1.60042 	0.000538376 	-0.101494 	0.00397635 	
0.715	2.07285 	-0.0838292 	-1.6003 	0.00052333 	-0.101532 	0.00396911 	
0.72	2.07166 	-0.0826674 	-1.60281 	0.000581782 	-0.101571 	0.00396032 	
0.725	2.07263 	-0.0829626 	-1.60287 	0.000564584 	-0.10162 	0.00395275 	
0.73	2.07348 	-0.0832518 	-1.60283 	0.000547566 	-0.101665 	0.00394487 	
0.735	2.07418 	-0.0835106 	-1.60271 	0.000532136 	-0.101703 	0.00393738 	
0.74	2.07296 	-0.0823326 	-1.60527 	0.000591813 	-0.101744 	0.00392884 	
0.745	2.07396 	-0.0826348 	-1.60534 	0.000574172 	-0.101793 	0.00392103 	
0.75	2.07482 	-0.0829308 	-1.6053 	0.000556721 	-0.101839 	0.00391289 	
0.755	2.07554 	-0.0831955 	-1.60517 	0.000540902 	-0.101878 	0.00390515 	
0.76	2.07429 	-0.0820027 	-1.60778 	0.000601762 	-0.101919 	0.00389689 	
0.765	2.07531 	-0.0823119 	-1.60785 	0.000583678 	-0.10197 	0.00388884 	
0.77	2.07619 	-0.0826146 	-1.60781 	0.000565792 	-0.102017 	0.00388043 	
0.775	2.07692 	-0.0828852 	-1.60768 	0.000549583 	-0.102057 	0.00387244 	
0.78	2.07565 	-0.081679 	-1.61034 	0.000611584 	-0.102099 	0.00386449 	
0.785	2.07669 	-0.0819951 	-1.61041 	0.000593057 	-0.102151 	0.00385619 	
0.79	2.07758 	-0.0823045 	-1.61037 	0.000574737 	-0.102198 	0.00384751 	
0.795	2.07833 	-0.082581 	-1.61024 	0.000558139 	-0.102239 	0.00383927 	
0.8	2.07703 	-0.0813626 	-1.61295 	0.000621241 	-0.102281 	0.00383165 	
0.805	2.07809 	-0.0816855 	-1.61302 	0.000602273 	-0.102334 	0.0038231 	
0.81	2.07901 	-0.0820015 	-1.61298 	0.000583522 	-0.102382 	0.00381416 	
0.815	2.07976 	-0.082284 	-1.61284 	0.000566537 	-0.102424 	0.00380566 	
0.82	2.07844 	-0.0810546 	-1.6156 	0.000630699 	-0.102467 	0.00379841 	
0.825	2.07952 	-0.0813843 	-1.61568 	0.000611294 	-0.102521 	0.00378962 	
0.83	2.08045 	-0.0817068 	-1.61563 	0.000592115 	-0.10257 	0.0037804 	
0.835	2.08122 	-0.0819949 	-1.61549 	0.000574747 	-0.102612 	0.00377164 	
0.84	2.07988 	-0.080756 	-1.61829 	0.00063993 	-0.102656 	0.0037648 	
0.845	2.08098 	-0.0810922 	-1.61838 	0.000620092 	-0.102712 	0.00375575 	
0.85	2.08193 	-0.0814211 	-1.61833 	0.000600491 	-0.102761 	0.00374627 	
0.855	2.08271 	-0.0817149 	-1.61819 	0.000582743 	-0.102804 	0.00373725 	
0.86	2.08134 	-0.0804675 	-1.62103 	0.000648907 	-0.102849 	0.00373083 	
0.865	2.08246 	-0.0808103 	-1.62112 	0.000628642 	-0.102905 	0.00372153 	
0.87	2.08342 	-0.0811454 	-1.62107 	0.000608624 	-0.102955 	0.00371178 	
0.875	2.08421 	-0.0814448 	-1.62092 	0.000590501 	-0.102999 	0.0037025 	
0.88	2.08282 	-0.0801902 	-1.62381 	0.000657605 	-0.103044 	0.00369654 	
0.885	2.08396 	-0.0805393 	-1.6239 	0.000636921 	-0.103101 	0.003687 	
0.89	2.08494 	-0.0808806 	-1.62385 	0.000616492 	-0.103152 	0.00367698 	
0.895	2.08405 	-0.0799909 	-1.62608 	0.000663924 	-0.103199 	0.00367004 	
0.9	2.08511 	-0.0803439 	-1.62609 	0.000642861 	-0.103254 	0.00365992 	
0.905	2.08606 	-0.0806861 	-1.62601 	0.000622287 	-0.103304 	0.00364963 	
0.91	2.08688 	-0.0809948 	-1.62586 	0.000603525 	-0.103349 	0.00363991 	
0.915	2.0855 	-0.079765 	-1.62875 	0.000670266 	-0.103395 	0.00363475 	
0.92	2.08666 	-0.0801223 	-1.62884 	0.000648994 	-0.103453 	0.00362481 	
0.925	2.08766 	-0.0804715 	-1.62879 	0.000628003 	-0.103505 	0.00361438 	
0.93	2.08675 	-0.0795798 	-1.63106 	0.00067633 	-0.103553 	0.00360808 	
0.935	2.08783 	-0.0799412 	-1.63107 	0.000654677 	-0.103609 	0.00359756 	
0.94	2.0888 	-0.0802915 	-1.63099 	0.000633527 	-0.10366 	0.00358687 	
0.945	2.08793 	-0.0794311 	-1.63322 	0.000680445 	-0.103708 	0.00358073 	
0.95	2.08902 	-0.0797949 	-1.63323 	0.000658602 	-0.103764 	0.00357005 	
0.955	2.08999 	-0.0801472 	-1.63315 	0.000637287 	-0.103816 	0.00355921 	
0.96	2.08912 	-0.0792883 	-1.63539 	0.000684475 	-0.103864 	0.00355338 	
0.965	2.09022 	-0.0796544 	-1.63541 	0.000662445 	-0.103921 	0.00354257 	
0.97	2.0912 	-0.0800091 	-1.63533 	0.000640948 	-0.103973 	0.00353159 	
0.975	2.09031 	-0.0791494 	-1.63759 	0.000688542 	-0.104021 	0.0035261 	
0.98	2.09142 	-0.0795182 	-1.6376 	0.000666314 	-0.104078 	0.00351514 	
0.985	2.09241 	-0.0798754 	-1.63752 	0.000644622 	-0.10413 	0.00350401 	
0.99	2.09152 	-0.0790154 	-1.6398 	0.000692605 	-0.10418 	0.00349885 	
0.995	2.09263 	-0.079387 	-1.63982 	0.000670168 	-0.104237 	0.00348774 	
1	2.09363 	-0.0797469 	-1.63974 	0.000648271 	-0.104289 	0.00347646 	
1.005	2.09273 	-0.0788873 	-1.64204 	0.000696615 	-0.104339 	0.00347164 	
1.01	2.09385 	-0.0792617 	-1.64205 	0.000673961 	-0.104396 	0.00346038 	
1.015	2.09485 	-0.0796244 	-1.64197 	0.000651852 	-0.104449 	0.00344892 	
1.02	2.09395 	-0.0787658 	-1.64429 	0.000700528 	-0.104499 	0.00344444 	
1.025	2.09508 	-0.0791431 	-1.64431 	0.000677654 	-0.104557 	0.00343303 	
1.03	2.09609 	-0.0795087 	-1.64423 	0.000655328 	-0.10461 	0.00342141 	
1.035	2.09517 	-0.0786517 	-1.64656 	0.000704311 	-0.10466 	0.00341728 	
1.04	2.09631 	-0.079032 	-1.64658 	0.000681213 	-0.104718 	0.0034057 	
1.045	2.09733 	-0.0794004 	-1.6465 	0.000658669 	-0.104772 	0.00339391 	
1.05	2.09641 	-0.0785456 	-1.64884 	0.000707935 	-0.104822 	0.00339013 	
1.055	2.09755 	-0.0789289 	-1.64886 	0.000684612 	-0.104881 	0.00337839 	
1.06	2.09857 	-0.0793001 	-1.64878 	0.000661849 	-0.104934 	0.00336643 	
1.065	2.09764 	-0.078448 	-1.65114 	0.000711374 	-0.104985 	0.00336301 	
1.07	2.0988 	-0.0788342 	-1.65116 	0.000687828 	-0.105044 	0.0033511 	
1.075	2.09982 	-0.0792083 	-1.65108 	0.000664848 	-0.105098 	0.00333898 	
1.08	2.09889 	-0.0783593 	-1.65345 	0.000714609 	-0.105149 	0.00333591 	
1.085	2.10005 	-0.0787484 	-1.65347 	0.000690841 	-0.105208 	0.00332384 	
1.09	2.10108 	-0.0791253 	-1.6534 	0.000667645 	-0.105262 	0.00331155 	
1.095	2.10014 	-0.07828 	-1.65578 	0.000717623 	-0.105313 	0.00330886 	
1.1	2.1013 	-0.0786719 	-1.6558 	0.000693636 	-0.105373 	0.00329662 	
1.105	2.10234 	-0.0790515 	-1.65572 	0.000670227 	-0.105427 	0.00328416 	
1.11	2.10139 	-0.0782103 	-1.65811 	0.0007204 	-0.105479 	0.00328184 	
1.115	2.10256 	-0.078605 	-1.65814 	0.000696198 	-0.105538 	0.00326945 	
1.12	2.10361 	-0.0789872 	-1.65806 	0.000672581 	-0.105593 	0.00325682 	
1.125	2.10265 	-0.0781506 	-1.66046 	0.000722928 	-0.105644 	0.00325488 	
1.13	2.10383 	-0.078548 	-1.66048 	0.000698515 	-0.105704 	0.00324232 	
1.135	2.10488 	-0.0789328 	-1.6604 	0.000674693 	-0.105759 	0.00322953 	
1.14	2.10392 	-0.0781011 	-1.66281 	0.000725196 	-0.105811 	0.00322797 	
1.145	2.1051 	-0.078501 	-1.66284 	0.000700577 	-0.105871 	0.00321526 	
1.15	2.10615 	-0.0788883 	-1.66276 	0.000676555 	-0.105926 	0.00320231 	
1.155	2.10518 	-0.078062 	-1.66518 	0.000727194 	-0.105978 	0.00320114 	
1.16	2.10637 	-0.0784644 	-1.6652 	0.000702375 	-0.106038 	0.00318828 	
1.165	2.10742 	-0.0788541 	-1.66512 	0.000678158 	-0.106094 	0.00317516 	
1.17	2.10645 	-0.0780336 	-1.66755 	0.000728913 	-0.106146 	0.00317439 	
1.175	2.10764 	-0.0784383 	-1.66757 	0.000703899 	-0.106206 	0.00316137 	
1.18	2.1087 	-0.0788302 	-1.66749 	0.000679494 	-0.106262 	0.0031481 	
1.185	2.10772 	-0.0780159 	-1.66992 	0.000730346 	-0.106313 	0.00314772 	
1.19	2.10892 	-0.0784229 	-1.66995 	0.000705144 	-0.106374 	0.00313456 	
1.195	2.10998 	-0.078817 	-1.66987 	0.000680556 	-0.10643 	0.00312113 	
1.2	2.109 	-0.0780092 	-1.6723 	0.000731486 	-0.106482 	0.00312116 	
1.205	2.11019 	-0.0784183 	-1.67233 	0.000706102 	-0.106543 	0.00310784 	
1.21	2.11125 	-0.0788144 	-1.67225 	0.000681338 	-0.106598 	0.00309427 	
1.215	2.11027 	-0.0780136 	-1.67469 	0.000732327 	-0.10665 	0.0030947 	
1.22	2.11147 	-0.0784247 	-1.67472 	0.000706769 	-0.106711 	0.00308125 	
1.225	2.11253 	-0.0788227 	-1.67464 	0.000681835 	-0.106767 	0.00306752 	
1.23	2.11155 	-0.0780291 	-1.67708 	0.000732863 	-0.106819 	0.00306837 	
1.235	2.11275 	-0.0784421 	-1.67711 	0.000707138 	-0.10688 	0.00305477 	
1.24	2.11381 	-0.0788419 	-1.67703 	0.000682041 	-0.106936 	0.00304091 	
1.245	2.11283 	-0.0780559 	-1.67947 	0.00073309 	-0.106988 	0.00304217 	
1.25	2.11402 	-0.0784706 	-1.6795 	0.000707205 	-0.107049 	0.00302843 	
1.255	2.11509 	-0.0788721 	-1.67942 	0.000681953 	-0.107105 	0.00301443 	
1.26	2.1141 	-0.078094 	-1.68187 	0.000733004 	-0.107157 	0.0030161 	
1.265	2.1153 	-0.0785104 	-1.68189 	0.000706966 	-0.107219 	0.00300224 	
1.27	2.11637 	-0.0789134 	-1.68181 	0.000681566 	-0.107274 	0.0029881 	
1.275	2.11538 	-0.0781435 	-1.68426 	0.000732601 	-0.107327 	0.00299019 	
1.28	2.11658 	-0.0785613 	-1.68429 	0.000706417 	-0.107388 	0.0029762 	
1.285	2.11764 	-0.0789658 	-1.68421 	0.000680877 	-0.107444 	0.00296193 	
1.29	2.11665 	-0.0782044 	-1.68665 	0.000731877 	-0.107496 	0.00296443 	
1.295	2.11785 	-0.0786236 	-1.68668 	0.000705557 	-0.107557 	0.00295032 	
1.3	2.11892 	-0.0790293 	-1.6866 	0.000679883 	-0.107613 	0.00293593 	
1.305	2.11792 	-0.0782768 	-1.68905 	0.000730829 	-0.107665 	0.00293885 	
1.31	2.11912 	-0.0786972 	-1.68907 	0.00070438 	-0.107726 	0.00292462 	
1.315	2.12019 	-0.079104 	-1.68899 	0.000678582 	-0.107782 	0.0029101 	
1.32	2.11919 	-0.0783605 	-1.69144 	0.000729455 	-0.107834 	0.00291344 	
1.325	2.12039 	-0.078782 	-1.69146 	0.000702886 	-0.107895 	0.00289909 	
1.33	2.12146 	-0.0791899 	-1.69138 	0.000676971 	-0.107951 	0.00288447 	
1.335	2.12046 	-0.0784558 	-1.69383 	0.000727753 	-0.108002 	0.00288822 	
1.34	2.12166 	-0.0788782 	-1.69385 	0.000701072 	-0.108063 	0.00287376 	
1.345	2.12272 	-0.079287 	-1.69377 	0.000675049 	-0.108119 	0.00285903 	
1.35	2.12173 	-0.0785624 	-1.69621 	0.000725721 	-0.108171 	0.00286319 	
1.355	2.12292 	-0.0789856 	-1.69623 	0.000698937 	-0.108232 	0.00284863 	
1.36	2.12399 	-0.0793951 	-1.69615 	0.000672815 	-0.108287 	0.00283379 	
1.365	2.12299 	-0.0786804 	-1.69859 	0.000723358 	-0.108339 	0.00283837 	
1.37	2.12418 	-0.0791042 	-1.69861 	0.00069648 	-0.1084 	0.00282371 	
1.375	2.12524 	-0.0795143 	-1.69853 	0.000670266 	-0.108455 	0.00280877 	
1.38	2.12425 	-0.0788097 	-1.70096 	0.000720662 	-0.108507 	0.00281375 	
1.385	2.12544 	-0.079234 	-1.70098 	0.000693699 	-0.108567 	0.00279901 	
1.39	2.1265 	-0.0796446 	-1.7009 	0.000667404 	-0.108623 	0.00278398 	
1.395	2.1255 	-0.0789502 	-1.70333 	0.000717633 	-0.108674 	0.00278936 	
1.4	2.12669 	-0.0793749 	-1.70335 	0.000690595 	-0.108734 	0.00277453 	
1.405	2.12774 	-0.0797858 	-1.70327 	0.000664226 	-0.10879 	0.00275941 	
1.41	2.12675 	-0.0791019 	-1.70568 	0.000714271 	-0.108841 	0.00276519 	
1.415	2.12793 	-0.0795268 	-1.70571 	0.000687167 	-0.108901 	0.00275028 	
1.42	2.12898 	-0.0799379 	-1.70562 	0.000660734 	-0.108956 	0.00273508 	
1.425	2.12799 	-0.0792646 	-1.70803 	0.000710577 	-0.109007 	0.00274126 	
1.43	2.12917 	-0.0796895 	-1.70806 	0.000683415 	-0.109067 	0.00272627 	
1.435	2.13022 	-0.0801007 	-1.70797 	0.000656928 	-0.109122 	0.002711 	
1.44	2.12923 	-0.0794383 	-1.71037 	0.000706549 	-0.109173 	0.00271757 	
1.445	2.1304 	-0.0798631 	-1.71039 	0.000679341 	-0.109232 	0.00270251 	
1.45	2.13145 	-0.0802741 	-1.71031 	0.000652809 	-0.109287 	0.00268717 	
1.455	2.13046 	-0.0796227 	-1.7127 	0.00070219 	-0.109337 	0.00269412 	
1.46	2.13163 	-0.0800473 	-1.71272 	0.000674945 	-0.109397 	0.002679 	
1.465	2.13267 	-0.0804581 	-1.71264 	0.000648377 	-0.109451 	0.0026636 	
1.47	2.13169 	-0.0798178 	-1.71502 	0.000697501 	-0.109502 	0.00267092 	
1.475	2.13285 	-0.080242 	-1.71504 	0.000670229 	-0.109561 	0.00265574 	
1.48	2.13388 	-0.0806524 	-1.71496 	0.000643635 	-0.109615 	0.00264029 	
1.485	2.1329 	-0.0800235 	-1.71732 	0.000692483 	-0.109665 	0.00264799 	
1.49	2.13406 	-0.0804471 	-1.71734 	0.000665194 	-0.109724 	0.00263276 	
1.495	2.13509 	-0.0808569 	-1.71726 	0.000638585 	-0.109777 	0.00261725 	
1.5	2.13412 	-0.0802394 	-1.71962 	0.000687139 	-0.109827 	0.00262531 	
1.505	2.13526 	-0.0806623 	-1.71964 	0.000659843 	-0.109886 	0.00261004 	
1.51	2.13629 	-0.0810714 	-1.71955 	0.000633228 	-0.109939 	0.00259449 	
1.515	2.13532 	-0.0804655 	-1.72189 	0.00068147 	-0.109989 	0.0026029 	
1.52	2.13646 	-0.0808875 	-1.72191 	0.000654178 	-0.110047 	0.00258759 	
1.525	2.13748 	-0.0812958 	-1.72183 	0.000627568 	-0.1101 	0.00257201 	
1.53	2.13651 	-0.0807015 	-1.72416 	0.00067548 	-0.110149 	0.00258077 	
1.535	2.13765 	-0.0811225 	-1.72418 	0.000648203 	-0.110207 	0.00256543 	
1.54	2.13866 	-0.0815297 	-1.72409 	0.000621606 	-0.11026 	0.00254982 	
1.545	2.1377 	-0.0809472 	-1.7264 	0.000669171 	-0.110309 	0.00255891 	
1.55	2.13883 	-0.081367 	-1.72642 	0.000641919 	-0.110366 	0.00254354 	
1.555	2.13984 	-0.0817732 	-1.72634 	0.000615348 	-0.110419 	0.00252792 	
1.56	2.13888 	-0.0812025 	-1.72863 	0.000662548 	-0.110467 	0.00253733 	
1.565	2.14 	-0.0816209 	-1.72865 	0.000635331 	-0.110524 	0.00252195 	
1.57	2.141 	-0.0820257 	-1.72857 	0.000608796 	-0.110576 	0.00250631 	
1.575	2.14005 	-0.081467 	-1.73085 	0.000655613 	-0.110625 	0.00251604 	
1.58	2.14116 	-0.0818839 	-1.73086 	0.000628444 	-0.110681 	0.00250064 	
1.585	2.14215 	-0.0822873 	-1.73078 	0.000601954 	-0.110733 	0.002485 	
1.59	2.14121 	-0.0817405 	-1.73304 	0.000648372 	-0.110781 	0.00249503 	
1.595	2.14231 	-0.0821558 	-1.73306 	0.00062126 	-0.110837 	0.00247963 	
1.6	2.1433 	-0.0825575 	-1.73298 	0.000594828 	-0.110888 	0.00246399 	
1.605	2.14236 	-0.0820227 	-1.73522 	0.000640828 	-0.110936 	0.00247431 	
1.61	2.14345 	-0.0824362 	-1.73523 	0.000613785 	-0.110991 	0.00245892 	
1.615	2.14443 	-0.0828362 	-1.73515 	0.000587421 	-0.111042 	0.00244329 	
1.62	2.1435 	-0.0823135 	-1.73737 	0.000632987 	-0.111089 	0.00245389 	
1.625	2.14458 	-0.082725 	-1.73739 	0.000606024 	-0.111144 	0.0024385 	
1.63	2.14555 	-0.083123 	-1.73731 	0.000579739 	-0.111195 	0.00242289 	
1.635	2.14639 	-0.083481 	-1.73715 	0.000555834 	-0.111239 	0.00240823 	
1.64	2.14491 	-0.0826847 	-1.74006 	0.000623285 	-0.111285 	0.00242789 	
1.645	2.14607 	-0.0830938 	-1.74016 	0.000596573 	-0.111342 	0.00241322 	
1.65	2.14706 	-0.0834936 	-1.74011 	0.000570182 	-0.111394 	0.00239773 	
1.655	2.1461 	-0.0829737 	-1.74235 	0.000616722 	-0.11144 	0.00240966 	
1.66	2.14716 	-0.0833833 	-1.74237 	0.000589784 	-0.111494 	0.00239424 	
1.665	2.14812 	-0.0837799 	-1.74229 	0.000563498 	-0.111544 	0.00237855 	
1.67	2.14894 	-0.0841364 	-1.74213 	0.000539604 	-0.111588 	0.00236382 	
1.675	2.14749 	-0.0833786 	-1.74498 	0.000605549 	-0.111632 	0.00238412 	
1.68	2.14862 	-0.0837847 	-1.74507 	0.000578923 	-0.111689 	0.00236939 	
1.685	2.14959 	-0.0841816 	-1.74502 	0.000552624 	-0.111739 	0.00235387 	
1.69	2.1504 	-0.0845353 	-1.74486 	0.000528853 	-0.111782 	0.00233916 	
1.695	2.14892 	-0.0837771 	-1.74773 	0.000595714 	-0.111826 	0.00236052 	
1.7	2.15004 	-0.0841821 	-1.74782 	0.000569112 	-0.111882 	0.00234579 	
1.705	2.15101 	-0.0845781 	-1.74777 	0.000542815 	-0.111932 	0.00233024 	
1.71	2.15181 	-0.084931 	-1.74761 	0.000519055 	-0.111974 	0.00231549 	
1.715	2.15034 	-0.0841952 	-1.75044 	0.000584959 	-0.112018 	0.00233714 	
1.72	2.15144 	-0.0845984 	-1.75053 	0.00055842 	-0.112073 	0.00232237 	
1.725	2.1524 	-0.0849926 	-1.75048 	0.000532188 	-0.112122 	0.00230681 	
1.73	2.15319 	-0.0853438 	-1.75032 	0.000508484 	-0.112164 	0.00229207 	
1.735	2.15174 	-0.0846324 	-1.7531 	0.000573237 	-0.112207 	0.0023139 	
1.74	2.15283 	-0.0850328 	-1.75318 	0.000546816 	-0.112261 	0.00229914 	
1.745	2.15377 	-0.0854243 	-1.75313 	0.000520707 	-0.11231 	0.00228361 	
1.75	2.15455 	-0.0857733 	-1.75298 	0.000497111 	-0.112351 	0.0022689 	
1.755	2.15313 	-0.0850859 	-1.75571 	0.000560681 	-0.112393 	0.00229091 	
1.76	2.15419 	-0.0854828 	-1.75579 	0.000534429 	-0.112447 	0.00227618 	
1.765	2.15511 	-0.0858709 	-1.75574 	0.000508491 	-0.112494 	0.00226071 	
1.77	2.15588 	-0.0862169 	-1.75558 	0.000485046 	-0.112535 	0.00224608 	
1.775	2.15449 	-0.0855532 	-1.75826 	0.00054741 	-0.112577 	0.00226821 	
1.78	2.15553 	-0.085946 	-1.75834 	0.00052137 	-0.112629 	0.00225355 	
1.785	2.15644 	-0.0863301 	-1.75829 	0.000495645 	-0.112676 	0.00223817 	
1.79	2.1572 	-0.0866726 	-1.75813 	0.000472388 	-0.112716 	0.00222364 	
1.795	2.15583 	-0.0860322 	-1.76076 	0.000533521 	-0.112757 	0.00224588 	
1.8	2.15685 	-0.0864204 	-1.76083 	0.000507731 	-0.112808 	0.00223131 	
1.805	2.15774 	-0.0867999 	-1.76078 	0.000482255 	-0.112854 	0.00221605 	
1.81	2.15849 	-0.0871385 	-1.76063 	0.00045922 	-0.112893 	0.00220164 	
1.815	2.15714 	-0.0865211 	-1.76321 	0.000519092 	-0.112934 	0.00222395 	
1.82	2.15814 	-0.0869042 	-1.76327 	0.000493585 	-0.112984 	0.00220949 	
1.825	2.15902 	-0.0872788 	-1.76322 	0.00046839 	-0.113029 	0.00219437 	
1.83	2.15976 	-0.0876131 	-1.76308 	0.000445607 	-0.113068 	0.0021801 	
1.835	2.15844 	-0.0870184 	-1.7656 	0.000504186 	-0.113107 	0.00220244 	
1.84	2.15942 	-0.087396 	-1.76566 	0.000478993 	-0.113156 	0.00218811 	
1.845	2.16028 	-0.0877652 	-1.76561 	0.000454109 	-0.1132 	0.00217315 	
1.85	2.161 	-0.0880947 	-1.76547 	0.000431604 	-0.113238 	0.00215905 	
1.855	2.15971 	-0.0875226 	-1.76793 	0.000488857 	-0.113277 	0.00218138 	
1.86	2.16066 	-0.0878943 	-1.76799 	0.000464005 	-0.113325 	0.0021672 	
1.865	2.16151 	-0.0882577 	-1.76794 	0.000439459 	-0.113368 	0.00215242 	
1.87	2.16221 	-0.0885823 	-1.7678 	0.000417258 	-0.113406 	0.00213849 	
1.875	2.16096 	-0.0880323 	-1.77021 	0.000473151 	-0.113443 	0.00216076 	
1.88	2.16189 	-0.0883978 	-1.77026 	0.000448667 	-0.11349 	0.00214676 	
1.885	2.16271 	-0.0887552 	-1.77021 	0.000424485 	-0.113533 	0.00213217 	
1.89	2.16341 	-0.0890743 	-1.77008 	0.000402609 	-0.113569 	0.00211844 	
1.895	2.16218 	-0.0885464 	-1.77243 	0.000457107 	-0.113606 	0.00214061 	
1.9	2.16309 	-0.0889053 	-1.77247 	0.000433016 	-0.113652 	0.00212679 	
1.905	2.16389 	-0.0892563 	-1.77243 	0.000409222 	-0.113693 	0.00211242 	
1.91	2.16457 	-0.0895698 	-1.77229 	0.000387696 	-0.113729 	0.0020989 	
1.915	2.16338 	-0.0890637 	-1.77458 	0.000440764 	-0.113765 	0.00212092 	
1.92	2.16426 	-0.0894156 	-1.77463 	0.000417089 	-0.11381 	0.0021073 	
1.925	2.16505 	-0.0897599 	-1.77458 	0.000393707 	-0.11385 	0.00209316 	
1.93	2.16571 	-0.0900675 	-1.77445 	0.000372551 	-0.113885 	0.00207987 	
1.935	2.16455 	-0.089583 	-1.77668 	0.000424154 	-0.11392 	0.0021017 	
1.94	2.16541 	-0.0899277 	-1.77672 	0.000400918 	-0.113964 	0.00208829 	
1.945	2.16618 	-0.0902649 	-1.77667 	0.000377972 	-0.114003 	0.00207439 	
1.95	2.16683 	-0.0905664 	-1.77655 	0.000357206 	-0.114037 	0.00206135 	
1.955	2.16744 	-0.0908432 	-1.77642 	0.000338047 	-0.114069 	0.00204925 	
1.96	2.1659 	-0.0901955 	-1.7791 	0.000404859 	-0.114103 	0.00207923 	
1.965	2.16679 	-0.0905319 	-1.77919 	0.000382269 	-0.114147 	0.00206664 	
1.97	2.16756 	-0.0908643 	-1.77917 	0.00035967 	-0.114186 	0.0020531 	
1.975	2.16819 	-0.091159 	-1.77905 	0.00033933 	-0.11422 	0.0020403 	
1.98	2.16878 	-0.0914296 	-1.77892 	0.000320564 	-0.114251 	0.00202842 	
1.985	2.16726 	-0.0908005 	-1.78155 	0.000386394 	-0.114283 	0.00205858 	
1.99	2.16812 	-0.0911301 	-1.78164 	0.000364223 	-0.114326 	0.00204618 	
1.995	2.16887 	-0.091456 	-1.78162 	0.000342028 	-0.114364 	0.00203286 	
2	2.16948 	-0.0917449 	-1.7815 	0.000322051 	-0.114396 	0.00202027 	
2.005	2.17006 	-0.0920102 	-1.78138 	0.000303622 	-0.114427 	0.0020086 	
2.01	2.16859 	-0.0914166 	-1.78391 	0.00036683 	-0.114458 	0.00203805 	
2.015	2.16942 	-0.091738 	-1.78399 	0.000345154 	-0.114499 	0.00202585 	
2.02	2.17014 	-0.0920559 	-1.78397 	0.000323463 	-0.114536 	0.0020128 	
2.025	2.17073 	-0.092338 	-1.78385 	0.000303932 	-0.114567 	0.00200049 	
2.03	2.17129 	-0.092597 	-1.78373 	0.000285913 	-0.114596 	0.00198907 	
2.035	2.16989 	-0.0920394 	-1.78615 	0.00034632 	-0.114627 	0.00201768 	
2.04	2.17068 	-0.0923514 	-1.78623 	0.000325224 	-0.114666 	0.00200573 	
2.045	2.17137 	-0.0926601 	-1.7862 	0.000304122 	-0.114701 	0.00199301 	
2.05	2.17195 	-0.0929342 	-1.78609 	0.000285111 	-0.114731 	0.00198102 	
2.055	2.17249 	-0.093186 	-1.78598 	0.000267572 	-0.11476 	0.00196991 	
2.06	2.17115 	-0.0926634 	-1.78829 	0.000325134 	-0.114789 	0.00199761 	
2.065	2.17191 	-0.0929651 	-1.78836 	0.000304688 	-0.114827 	0.00198596 	
2.07	2.17257 	-0.0932637 	-1.78833 	0.000284241 	-0.114861 	0.00197361 	
2.075	2.17312 	-0.0935291 	-1.78823 	0.000265812 	-0.114889 	0.00196199 	
2.08	2.17364 	-0.0937728 	-1.78812 	0.000248811 	-0.114917 	0.00195122 	
2.085	2.17413 	-0.0939965 	-1.78801 	0.000233132 	-0.114942 	0.00194123 	
2.09	2.17254 	-0.093367 	-1.79061 	0.000301219 	-0.11497 	0.00197512 	
2.095	2.1733 	-0.0936569 	-1.79072 	0.000281639 	-0.115007 	0.0019643 	
2.1	2.17395 	-0.0939464 	-1.79071 	0.000261823 	-0.11504 	0.00195245 	
2.105	2.17447 	-0.094202 	-1.79061 	0.000244047 	-0.115068 	0.00194123 	
2.11	2.17497 	-0.0944368 	-1.79051 	0.000227648 	-0.115094 	0.00193083 	
2.115	2.17544 	-0.0946523 	-1.79041 	0.000212525 	-0.115118 	0.00192118 	
2.12	2.17391 	-0.0940607 	-1.79289 	0.000277511 	-0.115144 	0.00195406 	
2.125	2.17463 	-0.0943391 	-1.79298 	0.000258669 	-0.11518 	0.00194357 	
2.13	2.17524 	-0.0946173 	-1.79298 	0.000239594 	-0.115211 	0.00193213 	
2.135	2.17575 	-0.0948632 	-1.79288 	0.000222474 	-0.115237 	0.00192133 	
2.14	2.17622 	-0.0950891 	-1.79279 	0.00020668 	-0.115262 	0.00191131 	
2.145	2.17666 	-0.0952965 	-1.79269 	0.000192113 	-0.115285 	0.00190203 	
2.15	2.17524 	-0.0947553 	-1.795 	0.00025261 	-0.11531 	0.00193306 	
2.155	2.17591 	-0.0950203 	-1.79509 	0.000234619 	-0.115343 	0.00192295 	
2.16	2.17649 	-0.0952853 	-1.79508 	0.000216418 	-0.115372 	0.001912 	
2.165	2.17696 	-0.0955199 	-1.79499 	0.000200068 	-0.115397 	0.00190169 	
2.17	2.17741 	-0.0957355 	-1.7949 	0.000184983 	-0.11542 	0.00189214 	
2.175	2.17783 	-0.0959334 	-1.79481 	0.000171069 	-0.115443 	0.00188327 	
2.18	2.17823 	-0.096115 	-1.79472 	0.000158241 	-0.115463 	0.00187506 	
2.185	2.17665 	-0.0955142 	-1.79718 	0.000224793 	-0.115486 	0.00191003 	
2.19	2.1773 	-0.0957636 	-1.79729 	0.000207907 	-0.115518 	0.00190075 	
2.195	2.17786 	-0.0960152 	-1.79729 	0.000190635 	-0.115546 	0.00189044 	
2.2	2.1783 	-0.0962368 	-1.79721 	0.000175178 	-0.115569 	0.00188069 	
2.205	2.17872 	-0.0964404 	-1.79713 	0.000160916 	-0.115591 	0.00187166 	
2.21	2.17911 	-0.0966275 	-1.79705 	0.000147759 	-0.115611 	0.00186329 	
2.215	2.17948 	-0.0967991 	-1.79696 	0.000135628 	-0.115631 	0.00185552 	
2.22	2.17803 	-0.0962571 	-1.79922 	0.000196642 	-0.115651 	0.00188801 	
2.225	2.17862 	-0.0964901 	-1.79931 	0.000180821 	-0.11568 	0.0018792 	
2.23	2.17913 	-0.0967254 	-1.79931 	0.000164644 	-0.115706 	0.00186952 	
2.235	2.17955 	-0.0969331 	-1.79924 	0.000150151 	-0.115728 	0.00186039 	
2.24	2.17993 	-0.097124 	-1.79917 	0.000136776 	-0.115748 	0.00185194 	
2.245	2.1803 	-0.0972994 	-1.7991 	0.000124437 	-0.115767 	0.0018441 	
2.25	2.18064 	-0.0974605 	-1.79902 	0.000113056 	-0.115785 	0.00183683 	
2.255	2.18097 	-0.0976082 	-1.79894 	0.000102564 	-0.115802 	0.00183009 	
2.26	2.17947 	-0.0970492 	-1.80121 	0.000165304 	-0.11582 	0.00186412 	
2.265	2.18002 	-0.0972625 	-1.80131 	0.00015084 	-0.115847 	0.00185618 	
2.27	2.18049 	-0.0974798 	-1.80132 	0.000135907 	-0.115871 	0.00184728 	
2.275	2.18086 	-0.097671 	-1.80126 	0.000122563 	-0.11589 	0.00183889 	
2.28	2.18122 	-0.0978468 	-1.8012 	0.000110247 	-0.115909 	0.00183112 	
2.285	2.18155 	-0.0980085 	-1.80113 	9.88812e-05 	-0.115926 	0.00182392 	
2.29	2.18186 	-0.0981569 	-1.80107 	8.83963e-05 	-0.115942 	0.00181724 	
2.295	2.18215 	-0.0982932 	-1.801 	7.87267e-05 	-0.115957 	0.00181104 	
2.3	2.18243 	-0.0984183 	-1.80093 	6.98115e-05 	-0.115972 	0.0018053 	
2.305	2.18269 	-0.098533 	-1.80086 	6.15948e-05 	-0.115986 	0.00179998 	
2.31	2.18105 	-0.0979176 	-1.80325 	0.000129926 	-0.116001 	0.00183779 	
2.315	2.18156 	-0.0981079 	-1.80338 	0.000117095 	-0.116026 	0.00183099 	
2.32	2.18199 	-0.0983049 	-1.8034 	0.000103593 	-0.116047 	0.00182304 	
2.325	2.18232 	-0.098477 	-1.80335 	9.15977e-05 	-0.116064 	0.00181552 	
2.33	2.18263 	-0.0986354 	-1.8033 	8.05215e-05 	-0.11608 	0.00180855 	
2.335	2.18292 	-0.0987811 	-1.80325 	7.02961e-05 	-0.116095 	0.00180209 	
2.34	2.18319 	-0.098915 	-1.80319 	6.08583e-05 	-0.11611 	0.0017961 	
2.345	2.18345 	-0.0990382 	-1.80314 	5.21493e-05 	-0.116123 	0.00179055 	
2.35	2.18369 	-0.0991513 	-1.80308 	4.41148e-05 	-0.116136 	0.0017854 	
2.355	2.18391 	-0.0992552 	-1.80303 	3.67044e-05 	-0.116147 	0.00178063 	
2.36	2.18413 	-0.0993506 	-1.80297 	2.98715e-05 	-0.116159 	0.00177621 	
2.365	2.18433 	-0.0994381 	-1.80292 	2.35727e-05 	-0.116169 	0.00177211 	
2.37	2.18452 	-0.0995182 	-1.80286 	1.7768e-05 	-0.116179 	0.00176831 	
2.375	2.18284 	-0.0988866 	-1.80524 	8.74802e-05 	-0.116191 	0.00180756 	
2.38	2.18327 	-0.0990469 	-1.80537 	7.67402e-05 	-0.116212 	0.00180206 	
2.385	2.18364 	-0.0992164 	-1.80541 	6.51766e-05 	-0.11623 	0.00179535 	
2.39	2.18391 	-0.0993635 	-1.80537 	5.49618e-05 	-0.116244 	0.00178898 	
2.395	2.18416 	-0.0994991 	-1.80534 	4.55224e-05 	-0.116257 	0.00178308 	
2.4	2.1844 	-0.099624 	-1.8053 	3.68007e-05 	-0.11627 	0.00177761 	
2.405	2.18462 	-0.0997391 	-1.80526 	2.8743e-05 	-0.116281 	0.00177254 	
2.41	2.18483 	-0.0998452 	-1.80523 	2.12994e-05 	-0.116292 	0.00176784 	
2.415	2.18502 	-0.0999428 	-1.80519 	1.44232e-05 	-0.116302 	0.00176348 	
2.42	2.18521 	-0.100033 	-1.80515 	8.07314e-06 	-0.116312 	0.00175944 	
2.425	2.18538 	-0.100116 	-1.80512 	2.20874e-06 	-0.116321 	0.0017557 	
2.43	2.18554 	-0.100192 	-1.80508 	-3.20676e-06 	-0.116329 	0.00175223 	
2.435	2.18569 	-0.100262 	-1.80505 	-8.20647e-06 	-0.116337 	0.00174901 	
2.44	2.18583 	-0.100326 	-1.80501 	-1.2822e-05 	-0.116344 	0.00174603 	
2.445	2.18597 	-0.100386 	-1.80498 	-1.70824e-05 	-0.116351 	0.00174327 	
2.45	2.18609 	-0.10044 	-1.80494 	-2.1015e-05 	-0.116358 	0.00174071 	
2.455	2.18621 	-0.10049 	-1.80491 	-2.46447e-05 	-0.116364 	0.00173833 	
2.46	2.18632 	-0.100536 	-1.80487 	-2.79949e-05 	-0.11637 	0.00173613 	
2.465	2.18642 	-0.100579 	-1.80484 	-3.10871e-05 	-0.116375 	0.0017341 	
2.47	2.18652 	-0.100618 	-1.80481 	-3.39412e-05 	-0.11638 	0.00173221 	
2.475	2.18661 	-0.100654 	-1.80478 	-3.65758e-05 	-0.116385 	0.00173045 	
2.48	2.18669 	-0.100687 	-1.80475 	-3.90081e-05 	-0.116389 	0.00172883 	
2.485	2.18677 	-0.100717 	-1.80473 	-4.1254e-05 	-0.116393 	0.00172733 	
2.49	2.18684 	-0.100745 	-1.8047 	-4.33283e-05 	-0.116397 	0.00172593 	
2.495	2.18691 	-0.100771 	-1.80467 	-4.52445e-05 	-0.116401 	0.00172464 	
2.5	2.18698 	-0.100794 	-1.80465 	-4.70154e-05 	-0.116404 	0.00172344 	
2.505	2.18704 	-0.100816 	-1.80463 	-4.86528e-05 	-0.116407 	0.00172233 	
2.51	2.18709 	-0.100836 	-1.8046 	-5.01678e-05 	-0.11641 	0.0017213 	
2.515	2.18715 	-0.100855 	-1.80458 	-5.1571e-05 	-0.116413 	0.00172035 	
2.52	2.18719 	-0.100872 	-1.80457 	-5.28702e-05 	-0.116416 	0.00171947 	
2.525	2.18724 	-0.100888 	-1.80455 	-5.40738e-05 	-0.116418 	0.00171865 	
2.53	2.18728 	-0.100903 	-1.80453 	-5.51862e-05 	-0.11642 	0.00171789 	
2.535	2.18732 	-0.100917 	-1.80452 	-5.62059e-05 	-0.116422 	0.00171719 	
2.54	2.18736 	-0.100929 	-1.8045 	-5.71403e-05 	-0.116424 	0.00171655 	
2.545	2.18739 	-0.10094 	-1.80449 	-5.79819e-05 	-0.116426 	0.00171597 	
2.55	2.18742 	-0.10095 	-1.80448 	-5.87324e-05 	-0.116428 	0.00171544 	
2.555	2.18745 	-0.100958 	-1.80447 	-5.93997e-05 	-0.116429 	0.00171496 	
2.56	2.18748 	-0.100966 	-1.80446 	-5.99852e-05 	-0.116431 	0.00171453 	
2.565	2.18751 	-0.100972 	-1.80445 	-6.04904e-05 	-0.116432 	0.00171415 	
2.57	2.18754 	-0.100977 	-1.80444 	-6.09168e-05 	-0.116434 	0.00171382 	
2.575	2.18757 	-0.100981 	-1.80443 	-6.12657e-05 	-0.116435 	0.00171353 	
2.58	2.18759 	-0.100983 	-1.80443 	-6.15383e-05 	-0.116436 	0.00171328 	
2.585	2.18762 	-0.100985 	-1.80442 	-6.17357e-05 	-0.116437 	0.00171308 	
2.59	2.18765 	-0.100985 	-1.80442 	-6.18592e-05 	-0.116438 	0.00171291 	
2.595	2.18767 	-0.100985 	-1.80441 	-6.19095e-05 	-0.116439 	0.00171279 	
2.6	2.1877 	-0.100983 	-1.80441 	-6.18877e-05 	-0.116441 	0.0017127 	
2.605	2.18772 	-0.10098 	-1.8044 	-6.17947e-05 	-0.116442 	0.00171265 	
2.61	2.18775 	-0.100976 	-1.8044 	-6.16311e-05 	-0.116443 	0.00171264 	
2.615	2.18777 	-0.100971 	-1.8044 	-6.13979e-05 	-0.116444 	0.00171267 	
2.62	2.1878 	-0.100965 	-1.8044 	-6.10956e-05 	-0.116445 	0.00171273 	
2.625	2.18661 	-0.104346 	-1.80577 	-0.000171044 	-0.116445 	0.00179662 	
2.63	2.18682 	-0.104218 	-1.8059 	-0.000163944 	-0.11645 	0.00179817 	
2.635	2.18699 	-0.104056 	-1.80598 	-0.000155524 	-0.116454 	0.00179994 	
2.64	2.18711 	-0.103912 	-1.806 	-0.000148281 	-0.116458 	0.00180148 	
2.645	2.18722 	-0.103777 	-1.80603 	-0.00014146 	-0.116461 	0.00180295 	
2.65	2.18732 	-0.103649 	-1.80605 	-0.000135026 	-0.116464 	0.00180436 	
2.655	2.18742 	-0.103529 	-1.80608 	-0.000128946 	-0.116467 	0.00180572 	
2.66	2.18773 	-0.106701 	-1.80567 	-0.000264612 	-0.116469 	0.00184854 	
2.665	2.18786 	-0.106437 	-1.80571 	-0.000250329 	-0.116471 	0.00185288 	
2.67	2.18795 	-0.106138 	-1.80575 	-0.000234087 	-0.116471 	0.00185801 	
2.675	2.18802 	-0.10587 	-1.80577 	-0.000219536 	-0.116471 	0.00186263 	
2.68	2.1881 	-0.105619 	-1.80579 	-0.000205912 	-0.116472 	0.00186698 	
2.685	2.18817 	-0.105384 	-1.80581 	-0.000193142 	-0.116472 	0.00187107 	
2.69	2.18862 	-0.108652 	-1.80518 	-0.00033508 	-0.116471 	0.00191456 	
2.695	2.18871 	-0.108275 	-1.80523 	-0.000314227 	-0.116471 	0.00192169 	
2.7	2.18877 	-0.107866 	-1.80526 	-0.000291545 	-0.116469 	0.00192954 	
2.705	2.18882 	-0.107497 	-1.80528 	-0.000271026 	-0.116466 	0.00193666 	
2.71	2.18886 	-0.107151 	-1.8053 	-0.000251841 	-0.116464 	0.00194333 	
2.715	2.18929 	-0.11025 	-1.80466 	-0.000385251 	-0.116461 	0.00198802 	
2.72	2.18936 	-0.10978 	-1.8047 	-0.000358998 	-0.116458 	0.00199735 	
2.725	2.1894 	-0.109286 	-1.80473 	-0.000331337 	-0.116454 	0.00200723 	
2.73	2.18943 	-0.108837 	-1.80475 	-0.00030617 	-0.11645 	0.00201623 	
2.735	2.18946 	-0.108417 	-1.80477 	-0.000282654 	-0.116446 	0.00202466 	
2.74	2.18992 	-0.111835 	-1.80405 	-0.000429282 	-0.116441 	0.00207523 	
2.745	2.18998 	-0.111282 	-1.8041 	-0.000398223 	-0.116438 	0.00208649 	
2.75	2.19001 	-0.110704 	-1.80413 	-0.00036571 	-0.116432 	0.00209829 	
2.755	2.19002 	-0.110177 	-1.80415 	-0.000336083 	-0.116426 	0.00210906 	
2.76	2.19042 	-0.113122 	-1.8035 	-0.000460494 	-0.11642 	0.00215757 	
2.765	2.19047 	-0.112495 	-1.80354 	-0.000425165 	-0.116414 	0.00217048 	
2.77	2.19048 	-0.111855 	-1.80357 	-0.000389036 	-0.116407 	0.00218369 	
2.775	2.19049 	-0.111268 	-1.80359 	-0.000355981 	-0.1164 	0.0021958 	
2.78	2.1909 	-0.114367 	-1.8029 	-0.000486458 	-0.116392 	0.00224782 	
2.785	2.19095 	-0.113678 	-1.80295 	-0.00044759 	-0.116386 	0.00226211 	
2.79	2.19096 	-0.112976 	-1.80298 	-0.000407963 	-0.116378 	0.00227667 	
2.795	2.19096 	-0.112333 	-1.80299 	-0.000371681 	-0.11637 	0.00229003 	
2.8	2.1914 	-0.115644 	-1.80226 	-0.000510843 	-0.116362 	0.00234608 	
2.805	2.19144 	-0.114893 	-1.80231 	-0.000468466 	-0.116355 	0.00236173 	
2.81	2.19145 	-0.11413 	-1.80234 	-0.000425312 	-0.116346 	0.00237765 	
2.815	2.1918 	-0.116638 	-1.80174 	-0.000527714 	-0.116335 	0.00242795 	
2.82	2.19182 	-0.115829 	-1.80178 	-0.000481969 	-0.116327 	0.00244485 	
2.825	2.19182 	-0.115022 	-1.80181 	-0.00043636 	-0.116317 	0.00246171 	
2.83	2.19217 	-0.117551 	-1.80119 	-0.000539146 	-0.116306 	0.00251356 	
2.835	2.19219 	-0.1167 	-1.80124 	-0.000490994 	-0.116296 	0.00253138 	
2.84	2.19218 	-0.115853 	-1.80126 	-0.000443081 	-0.116286 	0.00254912 	
2.845	2.19255 	-0.118482 	-1.80062 	-0.000549828 	-0.116274 	0.00260326 	
2.85	2.19257 	-0.117589 	-1.80067 	-0.000499313 	-0.116265 	0.00262199 	
2.855	2.19257 	-0.116702 	-1.8007 	-0.000449064 	-0.116254 	0.00264061 	
2.86	2.19294 	-0.119436 	-1.80003 	-0.000560009 	-0.116242 	0.0026971 	
2.865	2.19297 	-0.118502 	-1.80008 	-0.0005071 	-0.116231 	0.00271675 	
2.87	2.19297 	-0.117572 	-1.80012 	-0.00045448 	-0.11622 	0.00273627 	
2.875	2.19336 	-0.120411 	-1.79942 	-0.000569537 	-0.116207 	0.00279511 	
2.88	2.19338 	-0.119434 	-1.79948 	-0.00051421 	-0.116196 	0.00281567 	
2.885	2.19338 	-0.118462 	-1.79951 	-0.000459198 	-0.116184 	0.00283609 	
2.89	2.19378 	-0.121403 	-1.79879 	-0.000578258 	-0.116171 	0.00289725 	
2.895	2.19381 	-0.120383 	-1.79885 	-0.0005205 	-0.11616 	0.00291874 	
2.9	2.19381 	-0.119369 	-1.79888 	-0.000463086 	-0.116147 	0.00294007 	
2.905	2.19423 	-0.122409 	-1.79814 	-0.000586042 	-0.116133 	0.00300351 	
2.91	2.19426 	-0.121346 	-1.7982 	-0.00052585 	-0.116122 	0.00302593 	
2.915	2.19426 	-0.120291 	-1.79823 	-0.000466034 	-0.116109 	0.00304816 	
2.92	2.19468 	-0.123427 	-1.79746 	-0.000592786 	-0.116094 	0.00311386 	
2.925	2.19472 	-0.122322 	-1.79753 	-0.000530166 	-0.116082 	0.0031372 	
2.93	2.19471 	-0.121224 	-1.79756 	-0.000467954 	-0.116068 	0.00316034 	
2.935	2.19515 	-0.124455 	-1.79677 	-0.000598405 	-0.116053 	0.00322826 	
2.94	2.19519 	-0.123308 	-1.79683 	-0.00053337 	-0.116041 	0.00325251 	
2.945	2.19519 	-0.122168 	-1.79687 	-0.000468777 	-0.116026 	0.00327655 	
2.95	2.19564 	-0.125492 	-1.79605 	-0.000602832 	-0.11601 	0.00334665 	
2.955	2.19568 	-0.124302 	-1.79612 	-0.000535401 	-0.115998 	0.00337181 	
2.96	2.19567 	-0.123122 	-1.79617 	-0.000468445 	-0.115983 	0.00339674 	
2.965	2.19614 	-0.126535 	-1.79532 	-0.000606013 	-0.115966 	0.00346898 	
2.97	2.19618 	-0.125304 	-1.79539 	-0.000536208 	-0.115953 	0.00349505 	
2.975	2.19651 	-0.127305 	-1.79481 	-0.000609505 	-0.115936 	0.00355609 	
2.98	2.19651 	-0.126023 	-1.79486 	-0.000536814 	-0.11592 	0.00358317 	
2.985	2.19649 	-0.124777 	-1.7949 	-0.000466087 	-0.115903 	0.00360949 	
2.99	2.19696 	-0.128198 	-1.79404 	-0.000603168 	-0.115886 	0.00368373 	
2.995	2.197 	-0.126903 	-1.79411 	-0.000529737 	-0.115872 	0.00371118 	
3	2.19735 	-0.128973 	-1.79351 	-0.000605328 	-0.115853 	0.00377483 	
3.005	2.19735 	-0.12763 	-1.79356 	-0.000529079 	-0.115837 	0.00380325 	
3.01	2.19767 	-0.1296 	-1.79296 	-0.000599961 	-0.115818 	0.00386654 	
3.015	2.19768 	-0.128233 	-1.79302 	-0.000522405 	-0.115801 	0.00389546 	
3.02	2.198 	-0.130224 	-1.79241 	-0.000593892 	-0.115781 	0.00395956 	
3.025	2.19801 	-0.128836 	-1.79247 	-0.000515147 	-0.115764 	0.00398894 	
3.03	2.19834 	-0.130857 	-1.79185 	-0.000587709 	-0.115744 	0.00405398 	
3.035	2.19834 	-0.129448 	-1.79191 	-0.000507765 	-0.115727 	0.00408381 	
3.04	2.19868 	-0.131499 	-1.79129 	-0.000581396 	-0.115707 	0.00414979 	
3.045	2.19869 	-0.130069 	-1.79135 	-0.000500237 	-0.115689 	0.00418008 	
3.05	2.19903 	-0.132149 	-1.79071 	-0.000574887 	-0.115669 	0.004247 	
3.055	2.19904 	-0.130698 	-1.79078 	-0.000492499 	-0.115651 	0.00427777 	
3.06	2.19939 	-0.132806 	-1.79014 	-0.00056812 	-0.115631 	0.00434562 	
3.065	2.19941 	-0.131334 	-1.7902 	-0.000484496 	-0.115613 	0.00437686 	
3.07	2.19976 	-0.133469 	-1.78955 	-0.000561041 	-0.115592 	0.00444563 	
3.075	2.19977 	-0.131975 	-1.78962 	-0.000476176 	-0.115574 	0.00447734 	
3.08	2.20013 	-0.134136 	-1.78896 	-0.000553604 	-0.115553 	0.00454702 	
3.085	2.20015 	-0.13262 	-1.78903 	-0.000467499 	-0.115534 	0.0045792 	
3.09	2.20051 	-0.134807 	-1.78837 	-0.00054577 	-0.115513 	0.00464978 	
3.095	2.20053 	-0.13327 	-1.78844 	-0.000458428 	-0.115494 	0.00468243 	
3.1	2.2009 	-0.135481 	-1.78776 	-0.000537504 	-0.115472 	0.00475389 	
3.105	2.20091 	-0.133922 	-1.78784 	-0.000448932 	-0.115453 	0.00478702 	
3.11	2.20128 	-0.136157 	-1.78716 	-0.000528779 	-0.115431 	0.00485934 	
3.115	2.2013 	-0.134577 	-1.78723 	-0.000438984 	-0.115412 	0.00489293 	
3.12	2.20168 	-0.136835 	-1.78654 	-0.000519568 	-0.115389 	0.00496611 	
3.125	2.2017 	-0.135234 	-1.78662 	-0.000428562 	-0.11537 	0.00500016 	
3.13	2.20208 	-0.137514 	-1.78592 	-0.000509853 	-0.115347 	0.00507418 	
3.135	2.2021 	-0.135893 	-1.786 	-0.000417648 	-0.115327 	0.00510869 	
3.14	2.20248 	-0.138194 	-1.7853 	-0.000499614 	-0.115304 	0.00518352 	
3.145	2.2025 	-0.136552 	-1.78537 	-0.000406224 	-0.115284 	0.00521848 	
3.15	2.20289 	-0.138874 	-1.78466 	-0.000488837 	-0.115261 	0.00529411 	
3.155	2.20291 	-0.137212 	-1.78474 	-0.000394278 	-0.11524 	0.00532952 	
3.16	2.2033 	-0.139554 	-1.78403 	-0.00047751 	-0.115217 	0.00540594 	
3.165	2.20332 	-0.137872 	-1.78411 	-0.000381799 	-0.115196 	0.00544179 	
3.17	2.20372 	-0.140233 	-1.78338 	-0.000465621 	-0.115172 	0.00551896 	
3.175	2.20374 	-0.138531 	-1.78347 	-0.000368777 	-0.115151 	0.00555524 	
3.18	2.20414 	-0.140912 	-1.78274 	-0.000453163 	-0.115127 	0.00563317 	
3.185	2.20416 	-0.13919 	-1.78282 	-0.000355204 	-0.115106 	0.00566987 	
3.19	2.20456 	-0.141589 	-1.78208 	-0.000440128 	-0.115081 	0.00574852 	
3.195	2.20458 	-0.139849 	-1.78217 	-0.000341075 	-0.11506 	0.00578564 	
3.2	2.20499 	-0.142264 	-1.78142 	-0.00042651 	-0.115035 	0.00586499 	
3.205	2.20501 	-0.140506 	-1.78151 	-0.000326384 	-0.115013 	0.00590252 	
3.21	2.20541 	-0.142938 	-1.78076 	-0.000412305 	-0.114988 	0.00598256 	
3.215	2.20544 	-0.141162 	-1.78085 	-0.000311127 	-0.114966 	0.00602049 	
3.22	2.20585 	-0.14361 	-1.7801 	-0.00039751 	-0.11494 	0.00610119 	
3.225	2.20587 	-0.141816 	-1.78018 	-0.000295303 	-0.114918 	0.00613951 	
3.23	2.20628 	-0.14428 	-1.77942 	-0.000382122 	-0.114892 	0.00622085 	
3.235	2.20631 	-0.142468 	-1.77951 	-0.000278908 	-0.11487 	0.00625956 	
3.24	2.20672 	-0.144947 	-1.77875 	-0.000366139 	-0.114844 	0.00634152 	
3.245	2.20675 	-0.143118 	-1.77884 	-0.000261943 	-0.114821 	0.0063806 	
3.25	2.20716 	-0.145611 	-1.77807 	-0.00034956 	-0.114795 	0.00646316 	
3.255	2.20719 	-0.143766 	-1.77816 	-0.000244405 	-0.114772 	0.00650261 	
3.26	2.2076 	-0.146272 	-1.77738 	-0.000332385 	-0.114745 	0.00658575 	
3.265	2.20763 	-0.144411 	-1.77748 	-0.000226296 	-0.114722 	0.00662555 	
3.27	2.20805 	-0.14693 	-1.7767 	-0.000314615 	-0.114695 	0.00670925 	
3.275	2.20808 	-0.145054 	-1.77679 	-0.000207617 	-0.114672 	0.0067494 	
3.28	2.2085 	-0.147585 	-1.77601 	-0.000296249 	-0.114644 	0.00683362 	
3.285	2.20853 	-0.145693 	-1.7761 	-0.000188367 	-0.114621 	0.00687411 	
3.29	2.20895 	-0.148236 	-1.77531 	-0.000277289 	-0.114593 	0.00695885 	
3.295	2.20898 	-0.14633 	-1.77541 	-0.00016855 	-0.114569 	0.00699966 	
3.3	2.2094 	-0.148884 	-1.77461 	-0.000257738 	-0.114541 	0.00708489 	
3.305	2.20943 	-0.146963 	-1.77471 	-0.000148166 	-0.114517 	0.00712602 	
3.31	2.20985 	-0.149527 	-1.77391 	-0.000237596 	-0.114489 	0.00721172 	
3.315	2.20988 	-0.147593 	-1.77401 	-0.000127219 	-0.114465 	0.00725315 	
3.32	2.2103 	-0.150166 	-1.77321 	-0.000216867 	-0.114437 	0.00733929 	
3.325	2.21034 	-0.148219 	-1.77331 	-0.00010571 	-0.114412 	0.00738103 	
3.33	2.21076 	-0.150802 	-1.7725 	-0.000195553 	-0.114383 	0.00746759 	
3.335	2.21079 	-0.148842 	-1.77261 	-8.36437e-05 	-0.114359 	0.00750961 	
3.34	2.21122 	-0.151432 	-1.7718 	-0.000173657 	-0.11433 	0.00759657 	
3.345	2.21125 	-0.14946 	-1.7719 	-6.10227e-05 	-0.114305 	0.00763886 	
3.35	2.21168 	-0.152059 	-1.77109 	-0.000151182 	-0.114276 	0.0077262 	
3.355	2.21171 	-0.150075 	-1.77119 	-3.7842e-05 	-0.114251 	0.00776872 	
3.36	2.14818 	-0.166376 	-1.72224 	-0.000128306 	-0.110911 	0.0100595 	
3.365	1.96106 	-0.204466 	-1.58146 	-1.49134e-05 	-0.101198 	0.0165506 	
3.37	1.90614 	-0.210743 	-1.54107 	0.000226886 	-0.0984543 	0.0179131 	
3.375	1.70789 	-0.228773 	-1.39751 	0.00125932 	-0.0885941 	0.0229671 	
3.38	1.66466 	-0.229842 	-1.36593 	0.00159389 	-0.0864753 	0.0236862 	
3.385	1.46383 	-0.237527 	-1.22108 	0.00302669 	-0.076607 	0.027789 	
3.39	1.51876 	-0.232449 	-1.26059 	0.00277165 	-0.0793178 	0.0264283 	
3.395	1.56964 	-0.224719 	-1.29786 	0.00268057 	-0.0818345 	0.0251414 	
3.4	1.45862 	-0.229846 	-1.21673 	0.0033431 	-0.0763717 	0.0272012 	
3.405	1.03909 	-0.249404 	-0.912357 	0.00590641 	-0.0557388 	0.0355125 	
3.41	1.12504 	-0.242727 	-0.974512 	0.00547621 	-0.0599702 	0.0335996 	
3.415	1.20481 	-0.234314 	-1.03261 	0.00519202 	-0.0638942 	0.0318076 	
3.42	1.19037 	-0.233354 	-1.02082 	0.00529166 	-0.0631266 	0.0318241 	
3.425	1.00031 	-0.238424 	-0.880385 	0.00648609 	-0.053622 	0.0351084 	
3.43	1.01156 	-0.236166 	-0.887654 	0.00644379 	-0.0541323 	0.0346705 	
3.435	0.533041 	-0.315729 	-0.229518 	0.0173385 	-0.0236984 	0.0407138 	
3.44	-0.462313 	-0.529348 	1.40808 	0.0477218 	0.0450871 	0.0506375 	
3.445	-0.906499 	-0.577379 	1.98494 	0.0580171 	0.0724437 	0.0552234 	
3.45	-1.73201 	-0.780634 	3.40926 	0.0834937 	0.131186 	0.0643219 	
3.455	-2.20032 	-0.807673 	3.94092 	0.0925952 	0.158362 	0.0691223 	
3.46	-2.92843 	-1.0107 	5.25092 	0.115016 	0.211092 	0.0780829 	
3.465	-3.6158 	-1.02121 	5.87137 	0.123283 	0.246118 	0.0867472 	
3.47	-3.88626 	-1.0577 	6.53585 	0.135798 	0.269172 	0.0842273 	
3.475	-4.24842 	-1.07834 	6.97936 	0.141065 	0.291151 	0.087403 	
3.48	-4.37003 	-1.06437 	7.0967 	0.142081 	0.295105 	0.0877386 	
3.485	-5.2355 	-1.16345 	8.32348 	0.159485 	0.34404 	0.0939927 	
3.49	-5.14315 	-1.12282 	8.20921 	0.156935 	0.336408 	0.0912281 	
3.495	-5.94889 	-1.19004 	9.35553 	0.17095 	0.38169 	0.095621 	
3.5	-5.81148 	-1.13579 	9.17498 	0.166824 	0.371733 	0.0922487 	
3.505	-6.59843 	-1.18206 	10.3135 	0.178406 	0.416914 	0.0953358 	
3.51	-6.43226 	-1.15043 	10.1417 	0.175109 	0.406993 	0.0923471 	
3.515	-7.13006 	-1.1626 	11.102 	0.183085 	0.445995 	0.0942718 	
3.52	-6.86641 	-1.11421 	10.7645 	0.17635 	0.43116 	0.0946835 	
3.525	-7.44529 	-1.17092 	11.6658 	0.181044 	0.470376 	0.108439 	
3.53	-7.14659 	-1.086 	11.1852 	0.174298 	0.450013 	0.103954 	
3.535	-7.70368 	-1.07703 	11.8859 	0.181382 	0.480902 	0.106004 	
3.54	-7.29299 	-1.15906 	11.7344 	0.187802 	0.466251 	0.100093 	
3.545	-7.23059 	-1.26196 	12.1408 	0.206397 	0.47447 	0.0923416 	
3.55	-7.15511 	-1.01941 	11.9824 	0.161093 	0.465013 	0.117616 	
3.555	-8.26945 	0.0270804 	13.1871 	-0.0106301 	0.50585 	0.212489 	
3.56	-8.81522 	1.76168 	13.4681 	-0.233576 	0.497876 	0.261042 	
3.565	-10.1968 	2.91999 	14.7554 	-0.402254 	0.547722 	0.338911 	
3.57	-9.65245 	2.66541 	14.0963 	-0.364704 	0.52238 	0.31944 	
3.575	-10.5055 	2.27467 	15.0108 	-0.311293 	0.571384 	0.323192 	
3.58	-9.96427 	2.10436 	14.345 	-0.282561 	0.546047 	0.301727 	
3.585	-10.2356 	1.88449 	14.8954 	-0.246431 	0.5707 	0.285168 	
3.59	-9.78397 	1.73548 	14.35 	-0.22118 	0.549768 	0.265864 	
3.595	-10.3022 	1.57041 	14.9806 	-0.188967 	0.582558 	0.252771 	
3.6	-9.81199 	1.42932 	14.4836 	-0.166614 	0.560113 	0.234559 	
3.605	-10.2086 	1.28076 	15.0523 	-0.138653 	0.586843 	0.22323 	
3.61	-9.63515 	1.10649 	14.4965 	-0.117289 	0.562193 	0.211825 	
3.615	-9.81339 	0.818339 	14.9169 	-0.0816458 	0.583111 	0.210091 	
3.62	-9.05755 	0.764256 	14.0024 	-0.0713031 	0.541564 	0.191112 	
3.625	-8.54816 	0.753191 	13.636 	-0.0571642 	0.517413 	0.165882 	
3.63	-7.69232 	0.701689 	12.662 	-0.0487138 	0.47122 	0.147292 	
3.635	-7.45844 	0.801516 	12.5165 	-0.0314997 	0.453028 	0.0980108 	
3.64	-7.32647 	1.31331 	11.9933 	-0.0233198 	0.411416 	-0.0222137 	
3.645	-7.12255 	1.45404 	11.8477 	-0.00521485 	0.391276 	-0.0810877 	
3.65	-6.77005 	1.47178 	11.3614 	0.00204423 	0.367314 	-0.106256 	
3.655	-6.71681 	1.78663 	11.3721 	0.0179898 	0.346826 	-0.19623 	
3.66	-6.40489 	1.77545 	10.9474 	0.0239714 	0.327023 	-0.212928 	
3.665	-6.38463 	2.05321 	11.0297 	0.0391075 	0.310591 	-0.294912 	
3.67	-6.10321 	2.02009 	10.6482 	0.043758 	0.293992 	-0.304507 	
3.675	-6.11779 	2.27191 	10.7896 	0.0578109 	0.281134 	-0.3799 	
3.68	-5.85732 	2.2211 	10.431 	0.0611345 	0.266847 	-0.383286 	
3.685	-5.90333 	2.45307 	10.6193 	0.0741765 	0.257039 	-0.452975 	
3.69	-5.65807 	2.38772 	10.273 	0.0762674 	0.244463 	-0.451125 	
3.695	-5.73435 	2.60638 	10.5006 	0.0885028 	0.23722 	-0.516449 	
3.7	-5.49829 	2.5279 	10.1586 	0.0894631 	0.225887 	-0.50998 	
3.705	-5.601 	2.73519 	10.4194 	0.101076 	0.220875 	-0.571452 	
3.71	-5.15033 	2.49257 	9.94856 	0.0982207 	0.209344 	-0.52916 	
3.715	-4.71226 	2.24454 	9.97066 	0.102242 	0.207649 	-0.494151 	
3.72	-4.53715 	2.03576 	9.79379 	0.103443 	0.207934 	-0.45989 	
3.725	-4.07772 	1.8251 	9.6927 	0.111088 	0.198765 	-0.43928 	
3.73	-3.96212 	1.65185 	9.54447 	0.111823 	0.200227 	-0.409162 	
3.735	-3.44488 	1.47192 	9.40425 	0.119577 	0.187024 	-0.394657 	
3.74	-3.22949 	1.32542 	9.21485 	0.120158 	0.183517 	-0.369924 	
3.745	-3.30553 	1.17083 	9.49282 	0.122825 	0.199226 	-0.342723 	
3.75	-3.03046 	1.05102 	9.19604 	0.120392 	0.191492 	-0.318925 	
3.755	-3.13146 	0.919992 	9.47988 	0.123166 	0.20697 	-0.295582 	
3.76	-2.87116 	0.821844 	9.17856 	0.120738 	0.198572 	-0.275378 	
3.765	-2.98783 	0.710728 	9.46424 	0.123592 	0.213613 	-0.255392 	
3.77	-2.74026 	0.630403 	9.16133 	0.121172 	0.204704 	-0.238243 	
3.775	-2.86987 	0.535974 	9.44938 	0.124095 	0.219375 	-0.221129 	
3.78	-2.63289 	0.470434 	9.14545 	0.121668 	0.210031 	-0.206575 	
3.785	-2.77327 	0.390008 	9.43617 	0.12465 	0.22439 	-0.191917 	
3.79	-2.5451 	0.33673 	9.13152 	0.122204 	0.214673 	-0.179568 	
3.795	-2.69448 	0.268075 	9.42508 	0.125237 	0.228771 	-0.167011 	
3.8	-2.47359 	0.224957 	9.11982 	0.122762 	0.218731 	-0.156532 	
3.805	-2.63052 	0.166212 	9.41625 	0.125839 	0.232609 	-0.145773 	
3.81	-2.41564 	0.131507 	9.11039 	0.123327 	0.222287 	-0.136881 	
3.815	-2.57893 	0.0811171 	9.4097 	0.126445 	0.235983 	-0.127664 	
3.82	-2.369 	0.05337 	9.10318 	0.123889 	0.225412 	-0.120117 	
3.825	-2.53765 	0.0100362 	9.40531 	0.127043 	0.238957 	-0.112219 	
3.83	-2.29303 	0.0111089 	9.07129 	0.123683 	0.225548 	-0.109563 	
3.835	-2.36016 	0.0503877 	9.30091 	0.12437 	0.231231 	-0.115029 	
3.84	-2.21477 	0.0699415 	9.02202 	0.120583 	0.221181 	-0.114338 	
3.845	-2.47062 	0.0769815 	9.37345 	0.122607 	0.236334 	-0.113469 	
3.85	-2.26311 	0.0682062 	9.06237 	0.119599 	0.224672 	-0.109834 	
3.855	-2.56921 	0.0945132 	9.50513 	0.122523 	0.242507 	-0.111955 	
3.86	-2.56063 	0.0872701 	9.34511 	0.123685 	0.23989 	-0.108773 	
3.865	-2.21531 	0.163399 	8.77248 	0.116008 	0.196715 	-0.114299 	
3.87	-3.37288 	0.604955 	8.11595 	0.0758056 	0.0326056 	-0.127959 	
3.875	-6.26683 	1.00776 	7.54194 	0.0650784 	-0.275796 	-0.175224 	
3.88	-6.69155 	1.29222 	7.44926 	0.0588679 	-0.318395 	-0.220818 	
3.885	-6.2567 	1.11133 	7.75892 	0.071448 	-0.277807 	-0.21061 	
3.89	-5.82663 	0.984713 	7.92349 	0.0796058 	-0.244598 	-0.203754 	
3.895	-5.88161 	1.04888 	8.35527 	0.0773855 	-0.215063 	-0.210654 	
3.9	-6.11364 	1.57483 	8.45829 	0.0270143 	-0.226061 	-0.224427 	
3.905	-5.80931 	1.40835 	8.78935 	-0.0177491 	-0.169859 	-0.116856 	
3.91	-5.22795 	1.26587 	8.49809 	-0.0142245 	-0.154124 	-0.103402 	
3.915	-5.2898 	1.10783 	9.11285 	-0.00672653 	-0.101785 	-0.0822734 	
3.92	-4.78366 	1.01853 	8.83666 	-0.0100824 	-0.0873701 	-0.0653734 	
3.925	-4.83761 	0.948748 	9.40724 	-0.0223902 	-0.0360063 	-0.0269862 	
3.93	-4.38353 	0.894308 	9.10128 	-0.0271152 	-0.0253522 	-0.0129214 	
3.935	-4.45979 	0.880377 	9.63508 	-0.0465415 	0.0232421 	0.0265995 	
3.94	-4.05277 	0.836249 	9.3031 	-0.0495591 	0.0298911 	0.0367627 	
3.945	-4.15116 	0.827775 	9.79569 	-0.0678983 	0.0738678 	0.0733072 	
3.95	-3.78006 	0.788769 	9.44359 	-0.0695309 	0.0770322 	0.0803023 	
3.955	-3.8988 	0.785793 	9.90609 	-0.08668 	0.117144 	0.11394 	
3.96	-3.55446 	0.750455 	9.53972 	-0.0870664 	0.117258 	0.118144 	
3.965	-3.6894 	0.75225 	9.97779 	-0.103005 	0.153999 	0.149016 	
3.97	-3.36506 	0.719691 	9.60141 	-0.10223 	0.15144 	0.150693 	
3.975	-3.51698 	0.724619 	10.0228 	-0.117034 	0.185455 	0.179102 	
3.98	-3.23793 	0.668157 	9.63535 	-0.108236 	0.179128 	0.171656 	
3.985	-3.44794 	0.59561 	10.0122 	-0.10094 	0.204652 	0.176593 	
3.99	-3.1383 	0.545282 	9.62307 	-0.0938949 	0.195931 	0.170093 	
3.995	-3.52465 	0.501329 	10.0242 	-0.0895213 	0.225992 	0.178293 	
4	-3.2097 	0.46329 	9.75382 	-0.0834035 	0.218527 	0.170847 	
4.005	-3.4948 	0.439704 	10.007 	-0.0818753 	0.241218 	0.178252 	
4.01	-3.18458 	0.41142 	9.73895 	-0.0767046 	0.232799 	0.170995 	
4.015	-3.47026 	0.400104 	9.99164 	-0.0771773 	0.254653 	0.179415 	
4.02	-3.16163 	0.377602 	9.72727 	-0.0727484 	0.245378 	0.172332 	
4.025	-3.45009 	0.376124 	9.98268 	-0.0748075 	0.266632 	0.181576 	
4.03	-3.14264 	0.3578 	9.7216 	-0.070929 	0.256603 	0.174591 	
4.035	-3.43379 	0.364424 	9.9788 	-0.0743197 	0.277331 	0.184527 	
4.04	-3.12853 	0.349354 	9.72009 	-0.07042 	0.266547 	0.176842 	
4.045	-3.42632 	0.36327 	9.97786 	-0.0737661 	0.28659 	0.185283 	
4.05	-3.1206 	0.349171 	9.72305 	-0.0703103 	0.275289 	0.178045 	
4.055	-3.41683 	0.365472 	9.97741 	-0.0746394 	0.294804 	0.187637 	
4.06	-3.11005 	0.351971 	9.72577 	-0.0713759 	0.282985 	0.180546 	
4.065	-3.4069 	0.369918 	9.97741 	-0.0764851 	0.302074 	0.191033 	
4.07	-3.09967 	0.35784 	9.72952 	-0.0733729 	0.289832 	0.183905 	
4.075	-3.39883 	0.37963 	9.97941 	-0.07929 	0.30862 	0.194919 	
4.08	-3.09101 	0.368724 	9.73527 	-0.0763138 	0.296024 	0.187781 	
4.085	-3.39283 	0.394424 	9.9837 	-0.0831462 	0.314618 	0.199494 	
4.09	-3.08406 	0.384836 	9.74293 	-0.0802812 	0.301703 	0.192276 	
4.095	-3.39004 	0.415877 	9.9918 	-0.0881817 	0.320276 	0.204689 	
4.1	-3.08031 	0.40617 	9.75304 	-0.0851695 	0.307016 	0.197225 	
4.105	-3.38918 	0.439251 	10.0007 	-0.0935268 	0.325426 	0.209899 	
4.11	-3.05185 	0.429846 	9.7654 	-0.0931349 	0.31259 	0.206773 	
4.115	-3.30566 	0.470198 	10.0048 	-0.110293 	0.333341 	0.232968 	
4.12	-3.00746 	0.475506 	9.76272 	-0.11082 	0.32112 	0.229271 	
4.125	-3.19139 	0.527642 	10.0383 	-0.131103 	0.340872 	0.25819 	
4.13	-2.94433 	0.526722 	9.72956 	-0.130588 	0.327919 	0.253092 	
4.135	-3.1173 	0.578692 	10.0881 	-0.152175 	0.349505 	0.284954 	
4.14	-2.90236 	0.564633 	9.83025 	-0.152835 	0.338753 	0.284795 	
4.145	-3.05384 	0.553284 	10.0148 	-0.146014 	0.346806 	0.277839 	
4.15	-2.8667 	0.519137 	9.75069 	-0.136367 	0.33356 	0.263951 	
4.155	-3.02535 	0.513669 	9.94328 	-0.131118 	0.342234 	0.257788 	
4.16	-2.85372 	0.422288 	9.67458 	-0.110788 	0.326494 	0.234255 	
4.165	-3.03738 	0.339022 	9.84639 	-0.085922 	0.330196 	0.210946 	
4.17	-2.86214 	0.27049 	9.59048 	-0.0704508 	0.315674 	0.191755 	
4.175	-3.04966 	0.217897 	9.78217 	-0.051287 	0.321127 	0.17302 	
4.18	-2.86117 	0.196949 	9.54431 	-0.0459994 	0.309263 	0.163151 	
4.185	-3.02702 	0.269462 	9.78361 	-0.0535141 	0.322197 	0.168321 	
4.19	-2.87612 	0.309591 	9.60438 	-0.0550354 	0.313642 	0.159314 	
4.195	-3.17277 	0.530676 	9.973 	-0.0682829 	0.331985 	0.147446 	
4.2	-2.96569 	0.509529 	9.68483 	-0.0635631 	0.317866 	0.135004 	
4.205	-3.1226 	0.405694 	9.83225 	-0.0405839 	0.32095 	0.11844 	
4.21	-3.01672 	0.364526 	9.70474 	-0.0310234 	0.312893 	0.109687 	
4.215	-3.11083 	0.294002 	9.77294 	-0.0180413 	0.314369 	0.099569 	
4.22	-2.97944 	0.346441 	9.64843 	-0.0184093 	0.307584 	0.0912943 	
4.225	-2.99946 	0.458339 	9.7061 	-0.0265604 	0.310597 	0.085226 	
4.23	-2.88746 	0.507946 	9.59777 	-0.0271875 	0.304787 	0.0780168 	
4.235	-2.90915 	0.603417 	9.65854 	-0.0343636 	0.307803 	0.0729016 	
4.24	-2.81039 	0.632397 	9.55957 	-0.0334685 	0.302402 	0.0667314 	
4.245	-2.83787 	0.714272 	9.62487 	-0.0398307 	0.305598 	0.062362 	
4.25	-2.7472 	0.728537 	9.53151 	-0.0379608 	0.30044 	0.0570836 	
4.255	-2.81301 	0.924119 	9.6568 	-0.0588658 	0.308641 	0.056083 	
4.26	-2.7753 	1.27141 	9.68419 	-0.099258 	0.315209 	0.0599093 	
4.265	-2.71338 	1.22836 	9.65539 	-0.0949929 	0.312621 	0.0586394 	
4.27	-2.71576 	1.23103 	9.66842 	-0.0934882 	0.313204 	0.0569282 	
4.275	-2.65496 	1.19544 	9.63755 	-0.0906029 	0.310775 	0.0559663 	
4.28	-2.66216 	1.19691 	9.65038 	-0.0891325 	0.311425 	0.0544852 	
4.285	-2.6089 	1.16748 	9.62501 	-0.0868944 	0.309379 	0.0537147 	
4.29	-2.66448 	1.33714 	9.70478 	-0.105128 	0.316163 	0.0546173 	
4.295	-2.73331 	1.79134 	9.86414 	-0.159515 	0.331069 	0.0601544 	
4.3	-2.74359 	1.89748 	9.88343 	-0.170598 	0.333487 	0.0597266 	
4.305	-2.857 	2.27437 	10.0587 	-0.216583 	0.348633 	0.0653367 	
4.31	-2.86686 	2.36533 	10.0688 	-0.226264 	0.35064 	0.0645845 	
4.315	-2.95966 	2.63711 	10.1983 	-0.260512 	0.362171 	0.0687075 	
4.32	-2.96746 	2.71532 	10.2005 	-0.269055 	0.363775 	0.0679273 	
4.325	-3.01948 	2.84497 	10.2643 	-0.287546 	0.370032 	0.0708084 	
4.33	-2.95253 	2.65605 	10.158 	-0.266051 	0.362241 	0.0683387 	
4.335	-2.98843 	2.4937 	10.1602 	-0.249495 	0.361012 	0.0668071 	
4.34	-2.90545 	2.34039 	10.0438 	-0.231919 	0.35325 	0.0645056 	
4.345	-2.85984 	2.18148 	9.98535 	-0.216335 	0.348383 	0.0631768 	
4.35	-2.80959 	2.05638 	9.90652 	-0.200965 	0.342749 	0.0608768 	
4.355	-2.7738 	1.9281 	9.86814 	-0.188447 	0.339101 	0.0598955 	
4.36	-2.73359 	1.83227 	9.80806 	-0.175921 	0.334623 	0.0578086 	
4.365	-2.70816 	1.73054 	9.78741 	-0.166046 	0.332087 	0.0570417 	
4.37	-2.74502 	1.82436 	9.83082 	-0.17497 	0.335695 	0.0572631 	
4.375	-2.89398 	2.23072 	10.0487 	-0.223454 	0.353063 	0.0624282 	
4.38	-2.8107 	2.27622 	9.95966 	-0.227344 	0.348865 	0.0609027 	
4.385	-2.97019 	2.56421 	10.1671 	-0.263566 	0.364264 	0.0671175 	
4.39	-2.84482 	2.53978 	10.021 	-0.260267 	0.356531 	0.0652125 	
4.395	-3.15946 	2.84852 	10.3758 	-0.296915 	0.380022 	0.0703755 	
4.4	-3.17171 	2.61034 	10.3064 	-0.2763 	0.376615 	0.0813969 	
4.405	-3.21896 	2.24008 	10.3893 	-0.261184 	0.381113 	0.12068 	
4.41	-2.76605 	2.00186 	9.93763 	-0.241255 	0.354916 	0.125515 	
4.415	-3.16989 	1.67475 	10.2776 	-0.224289 	0.375259 	0.16188 	
4.42	-2.70961 	1.47165 	9.83487 	-0.206643 	0.349395 	0.165677 	
4.425	-3.10286 	1.14863 	10.1754 	-0.190619 	0.370055 	0.204747 	
4.43	-2.60135 	0.991719 	9.66815 	-0.163558 	0.337653 	0.182601 	
4.435	-2.9551 	0.730109 	9.90188 	-0.128076 	0.347547 	0.176318 	
4.44	-3.07751 	1.21537 	9.78401 	-0.184529 	0.321329 	0.183926 	
4.445	-5.1126 	3.42423 	10.3546 	-0.353003 	0.250934 	0.0633516 	
4.45	-6.81661 	6.20446 	10.7187 	-0.682415 	0.170951 	0.113056 	
4.455	-9.19842 	8.89875 	11.4279 	-0.932184 	0.0916811 	0.0368224 	
4.46	-10.1824 	10.4856 	11.6151 	-1.13435 	0.0342451 	0.0809115 	
4.465	-9.8074 	9.40559 	11.7605 	-1.02124 	0.0621598 	0.0720443 	
4.47	-9.10461 	8.62848 	11.4839 	-0.956135 	0.0755079 	0.0928987 	
4.475	-8.81994 	8.01635 	11.8519 	-0.940751 	0.125415 	0.173708 	
4.48	-7.94187 	7.30255 	11.2906 	-0.858406 	0.114475 	0.15573 	
4.485	-7.54673 	6.51656 	11.3016 	-0.774197 	0.130304 	0.148563 	
4.49	-6.94277 	5.88083 	10.9034 	-0.703777 	0.128075 	0.137719 	
4.495	-6.62863 	5.2145 	10.9386 	-0.630414 	0.142902 	0.131057 	
4.5	-6.10007 	4.68763 	10.5668 	-0.56995 	0.139853 	0.120726 	
4.505	-5.8484 	4.12924 	10.6098 	-0.506577 	0.153327 	0.1143 	
4.51	-5.45228 	3.70632 	10.2716 	-0.451458 	0.149687 	0.0975209 	
4.515	-5.50692 	3.19713 	10.5104 	-0.379491 	0.167209 	0.073008 	
4.52	-5.14642 	3.05128 	10.2446 	-0.336472 	0.170163 	0.025806 	
4.525	-5.4477 	3.23325 	10.8221 	-0.287851 	0.220469 	-0.085744 	
4.53	-5.05102 	3.1216 	10.5059 	-0.258381 	0.219172 	-0.116091 	
4.535	-5.36815 	3.30109 	11.0533 	-0.215788 	0.265876 	-0.21635 	
4.54	-4.97558 	3.18614 	10.6996 	-0.191511 	0.260738 	-0.237618 	
4.545	-5.30766 	3.36067 	11.2219 	-0.153904 	0.304459 	-0.328916 	
4.55	-4.917 	3.24243 	10.839 	-0.134071 	0.296017 	-0.342296 	
4.555	-5.2623 	3.41171 	11.3436 	-0.100699 	0.337224 	-0.42582 	
4.56	-4.87143 	3.29009 	10.9378 	-0.0846933 	0.325915 	-0.432294 	
4.565	-5.22727 	3.45356 	11.4292 	-0.0549733 	0.364929 	-0.50888 	
4.57	-4.81561 	3.33107 	10.9912 	-0.0420225 	0.350259 	-0.51031 	
4.575	-5.14209 	3.49181 	11.4452 	-0.0150283 	0.385615 	-0.582412 	
4.58	-4.79203 	3.35981 	11.0407 	-0.00547109 	0.371824 	-0.576213 	
4.585	-5.12753 	3.51596 	11.4898 	0.0190014 	0.405615 	-0.643149 	
4.59	-4.77081 	3.38198 	11.0711 	0.0262337 	0.389807 	-0.632764 	
4.595	-5.10217 	3.53247 	11.5074 	0.0486333 	0.421663 	-0.695398 	
4.6	-4.59547 	3.20352 	10.9378 	0.0523552 	0.392604 	-0.643624 	
4.605	-4.48904 	2.77686 	10.9471 	0.070898 	0.388252 	-0.594475 	
4.61	-4.14974 	2.46555 	10.5067 	0.0783881 	0.366739 	-0.551255 	
4.615	-4.07737 	2.0973 	10.5601 	0.0955698 	0.364499 	-0.509516 	
4.62	-3.77405 	1.84932 	10.1647 	0.101209 	0.345183 	-0.473638 	
4.625	-3.74422 	1.55383 	10.2675 	0.115534 	0.345486 	-0.439317 	
4.63	-3.48073 	1.37934 	9.91567 	0.117822 	0.328538 	-0.410441 	
4.635	-3.48863 	1.15006 	10.0605 	0.128952 	0.331153 	-0.382139 	
4.64	-3.25227 	1.02987 	9.73871 	0.128356 	0.315988 	-0.357916 	
4.645	-3.28665 	0.84982 	9.91369 	0.136681 	0.320401 	-0.33352 	
4.65	-3.06912 	0.76861 	9.61198 	0.133926 	0.306528 	-0.312656 	
4.655	-3.07283 	0.616366 	9.77305 	0.139723 	0.3101 	-0.290374 	
4.66	-3.27303 	1.17968 	9.59098 	0.104558 	0.283605 	-0.335249 	
4.665	-5.19917 	3.35883 	10.5073 	-0.00297635 	0.264343 	-0.543602 	
4.67	-5.59394 	4.35397 	10.4601 	-0.0725133 	0.242189 	-0.61307 	
4.675	-5.81706 	4.24653 	10.9282 	-0.0551523 	0.277975 	-0.61767 	
4.68	-5.46319 	4.23561 	10.6889 	-0.029827 	0.281228 	-0.667984 	
4.685	-5.70159 	4.13172 	11.1399 	-0.0144003 	0.314666 	-0.672331 	
4.69	-5.3506 	4.12928 	10.8665 	0.00778237 	0.314659 	-0.718469 	
4.695	-5.60899 	4.03931 	11.296 	0.0203092 	0.345962 	-0.719949 	
4.7	-5.28119 	4.1306 	11.0207 	0.0447597 	0.346509 	-0.787418 	
4.705	-5.61116 	4.22139 	11.4998 	0.0643774 	0.383478 	-0.835342 	
4.71	-5.22125 	4.03379 	11.1102 	0.0683094 	0.37015 	-0.811405 	
4.715	-5.58227 	4.1219 	11.5902 	0.0899036 	0.406456 	-0.864136 	
4.72	-5.15722 	3.70337 	11.1162 	0.0961403 	0.383721 	-0.801065 	
4.725	-5.00735 	3.23343 	11.1137 	0.111011 	0.38001 	-0.739933 	
4.73	-4.62746 	2.88512 	10.6746 	0.115722 	0.359213 	-0.686181 	
4.735	-4.51916 	2.48449 	10.7112 	0.129337 	0.357236 	-0.634115 	
4.74	-4.17781 	2.19712 	10.3106 	0.133339 	0.33822 	-0.588754 	
4.745	-4.1064 	1.85205 	10.3866 	0.14636 	0.338073 	-0.544511 	
4.75	-3.80126 	1.62575 	10.0222 	0.148866 	0.320842 	-0.506773 	
4.755	-3.81826 	1.33752 	10.1799 	0.160625 	0.325255 	-0.46885 	
4.76	-3.6147 	1.20565 	9.90936 	0.158684 	0.313875 	-0.438966 	
4.765	-3.45517 	1.16225 	9.9348 	0.152946 	0.311057 	-0.420994 	
4.77	-3.28695 	1.03582 	9.71259 	0.152338 	0.301679 	-0.39466 	
4.775	-3.1663 	1.04532 	9.75508 	0.144223 	0.300278 	-0.381206 	
4.78	-3.04082 	1.0179 	9.56838 	0.135445 	0.293225 	-0.360185 	
4.785	-2.94509 	1.03154 	9.63301 	0.1285 	0.29291 	-0.349435 	
4.79	-2.92397 	0.988691 	9.51366 	0.12065 	0.29022 	-0.325866 	
4.795	-3.03716 	0.927801 	9.71516 	0.117442 	0.298398 	-0.303793 	
4.8	-2.81893 	0.825984 	9.47726 	0.11812 	0.286602 	-0.28576 	
4.805	-2.86986 	0.821309 	9.62343 	0.109891 	0.29305 	-0.267792 	
4.81	-2.74579 	0.685116 	9.45548 	0.115734 	0.285205 	-0.250788 	
4.815	-2.77735 	0.581758 	9.57939 	0.120055 	0.289069 	-0.236077 	
4.82	-2.64449 	0.430469 	9.39801 	0.128355 	0.280421 	-0.220602 	
4.825	-2.63814 	0.246704 	9.47852 	0.141354 	0.281462 	-0.205857 	
4.83	-2.41618 	0.225108 	9.29427 	0.132798 	0.272062 	-0.189954 	
4.835	-2.0887 	0.336615 	9.31398 	0.0981086 	0.268351 	-0.164041 	
4.84	-1.98021 	0.400639 	9.05971 	0.0835367 	0.260866 	-0.151447 	
4.845	-2.04889 	0.386231 	9.07352 	0.083814 	0.262567 	-0.143085 	
4.85	-2.03028 	0.287867 	9.10834 	0.0902732 	0.262083 	-0.135336 	
4.855	-2.09451 	0.265774 	9.12624 	0.0918889 	0.263672 	-0.128093 	
4.86	-2.01354 	0.103436 	9.09309 	0.103542 	0.259652 	-0.119733 	
4.865	-1.96877 	0.0924775 	8.98126 	0.102173 	0.256149 	-0.112535 	
4.87	-2.08207 	0.148084 	9.24548 	0.0964205 	0.266453 	-0.110269 	
4.875	-1.93102 	0.191509 	9.11864 	0.0874505 	0.259883 	-0.10498 	
4.88	-2.15432 	0.316256 	9.362 	0.0779291 	0.273385 	-0.104089 	
4.885	-2.09947 	0.23937 	9.27672 	0.0825223 	0.269422 	-0.0990251 	
4.89	-2.26004 	0.409187 	9.4721 	0.0682592 	0.28029 	-0.0986729 	
4.895	-2.29389 	0.467724 	9.47373 	0.0580368 	0.28269 	-0.0940229 	
4.9	-2.29433 	0.303616 	9.48869 	0.0766813 	0.281304 	-0.089683 	
4.905	-2.23021 	0.139289 	9.37431 	0.0888631 	0.275807 	-0.0830474 	
4.91	-2.2344 	0.000311933 	9.39465 	0.10527 	0.274837 	-0.0795847 	
4.915	-2.17356 	-0.13788 	9.28746 	0.115384 	0.269737 	-0.0739674 	
4.92	-2.18477 	-0.245909 	9.31995 	0.129275 	0.269389 	-0.0715477 	
4.925	-2.13418 	-0.345204 	9.22715 	0.135951 	0.265097 	-0.0669411 	
4.93	-2.15834 	-0.411934 	9.27686 	0.146046 	0.265724 	-0.0654154 	
4.935	-2.11295 	-0.486324 	9.19227 	0.15048 	0.261926 	-0.0614615 	
4.94	-2.14678 	-0.52126 	9.25498 	0.1575 	0.263339 	-0.0604844 	
4.945	-2.08988 	-0.602934 	9.16243 	0.162487 	0.259138 	-0.0564895 	
4.95	-2.07926 	-0.696996 	9.1898 	0.17457 	0.258597 	-0.0539876 	
4.955	-2.00545 	-0.793292 	9.08575 	0.181026 	0.253865 	-0.0491264 	
4.96	-2.01227 	-0.874464 	9.12927 	0.191854 	0.254289 	-0.0470504 	
4.965	-1.93777 	-0.955473 	9.02662 	0.197276 	0.249581 	-0.0429526 	
4.97	-1.95724 	-1.02452 	9.08219 	0.207072 	0.250701 	-0.0413592 	
4.975	-1.89467 	-1.0784 	8.98763 	0.204944 	0.248633 	-0.0287383 	
4.98	-1.93907 	-1.07743 	9.07365 	0.192087 	0.257533 	2.24799e-05 	
4.985	-1.83855 	-1.08136 	8.99298 	0.18566 	0.254135 	0.0100638 	
4.99	-1.92016 	-1.11158 	9.07944 	0.182491 	0.261435 	0.0278378 	
4.995	-1.83704 	-1.16902 	8.99144 	0.189598 	0.255637 	0.0247514 	
5	-1.928 	-1.21043 	9.07406 	0.199367 	0.258711 	0.0212117 	
5.005	-1.89685 	-1.22841 	9.02966 	0.202458 	0.255837 	0.0185398 	
5.01	-1.81922 	-1.19169 	9.00298 	0.200069 	0.252475 	0.0156554 	
5.015	-1.79967 	-1.1849 	8.97039 	0.20097 	0.250515 	0.0134555 	
5.02	-1.73394 	-1.15495 	8.9536 	0.198821 	0.24782 	0.0111156 	
5.025	-1.72129 	-1.15106 	8.92719 	0.199848 	0.246273 	0.00924809 	
5.03	-1.66607 	-1.12608 	8.91956 	0.198011 	0.244155 	0.00727959 	
5.035	-1.62715 	-1.11021 	8.86773 	0.196175 	0.241617 	0.00632322 	
5.04	-1.5566 	-0.953818 	8.85815 	0.177909 	0.240732 	0.00462371 	
5.045	-1.72954 	-0.675968 	9.03973 	0.153747 	0.25197 	-0.00185955 	
5.05	-1.6521 	-0.682008 	8.98837 	0.15374 	0.248129 	-0.00263278 	
5.055	-1.73964 	-0.719534 	9.06957 	0.156257 	0.253006 	0.00167337 	
5.06	-1.78177 	-0.657821 	9.1453 	0.140283 	0.259325 	0.0152082 	
5.065	-1.79548 	-0.620018 	9.16211 	0.132078 	0.261467 	0.0231634 	
5.07	-1.93732 	-0.578201 	9.35327 	0.115633 	0.276773 	0.0498404 	
5.075	-1.83869 	-0.535462 	9.2663 	0.105767 	0.273742 	0.0559661 	
5.08	-1.97862 	-0.501226 	9.44379 	0.0910787 	0.288146 	0.0807528 	
5.085	-1.8734 	-0.465501 	9.34124 	0.082951 	0.283981 	0.0847192 	
5.09	-2.01338 	-0.437558 	9.5102 	0.0697866 	0.297725 	0.10785 	
5.095	-1.9026 	-0.407828 	9.39686 	0.0631622 	0.292645 	0.109938 	
5.1	-2.04317 	-0.385124 	9.56009 	0.0513086 	0.30588 	0.131655 	
5.105	-1.92715 	-0.360437 	9.43821 	0.0459897 	0.30001 	0.132091 	
5.11	-2.06874 	-0.342091 	9.59769 	0.0352615 	0.312851 	0.152607 	
5.115	-1.9477 	-0.32165 	9.46889 	0.0310772 	0.30629 	0.151588 	
5.12	-2.09071 	-0.306921 	9.62608 	0.0213147 	0.318834 	0.171087 	
5.125	-1.96487 	-0.290062 	9.49156 	0.0181162 	0.311663 	0.168783 	
5.13	-2.11058 	-0.278272 	9.64845 	0.00917547 	0.324044 	0.18745 	
5.135	-1.98179 	-0.280863 	9.48835 	0.0107953 	0.314778 	0.181105 	
5.14	-2.1113 	-0.355224 	9.58678 	0.0154548 	0.322448 	0.193122 	
5.145	-1.93687 	-0.464401 	9.45468 	0.0219205 	0.314297 	0.192434 	
5.15	-2.08233 	-0.542191 	9.54713 	0.030476 	0.32178 	0.197185 	
5.155	-1.9107 	-0.632403 	9.42649 	0.0364241 	0.313737 	0.195573 	
5.16	-2.05884 	-0.698473 	9.51446 	0.0437139 	0.321157 	0.200238 	
5.165	-1.88773 	-0.773718 	9.39884 	0.0490432 	0.313067 	0.197939 	
5.17	-2.03967 	-0.828762 	9.48585 	0.055379 	0.320517 	0.202433 	
5.175	-1.86776 	-0.892325 	9.37238 	0.0600718 	0.312325 	0.199641 	
5.18	-2.024 	-0.93759 	9.46022 	0.0656556 	0.319863 	0.203956 	
5.185	-1.85065 	-0.99188 	9.34802 	0.0697472 	0.311563 	0.200805 	
5.19	-2.01135 	-1.02855 	9.43728 	0.0747053 	0.319213 	0.204963 	
5.195	-1.83607 	-1.07536 	9.32563 	0.0782461 	0.310798 	0.201537 	
5.2	-2.00128 	-1.10461 	9.41665 	0.0826783 	0.318577 	0.20557 	
5.205	-1.82374 	-1.14536 	9.30517 	0.0857245 	0.310043 	0.201927 	
5.21	-1.99332 	-1.16834 	9.39773 	0.0896894 	0.317955 	0.205881 	
5.215	-1.8914 	-1.22296 	9.39321 	0.0926204 	0.314926 	0.205772 	
5.22	-2.22071 	-1.26998 	9.66853 	0.0952708 	0.333784 	0.218461 	
5.225	-1.62938 	-1.20512 	8.88328 	0.0884557 	0.294832 	0.202643 	
5.23	-1.24306 	-1.13911 	8.13796 	0.0816355 	0.263091 	0.188918 	
5.235	-0.951321 	-1.05856 	7.84455 	0.0768614 	0.245912 	0.17493 	
5.24	-1.32511 	-0.907395 	8.31338 	0.0750404 	0.268013 	0.16075 	
5.245	-1.02913 	-0.878432 	8.05969 	0.0746821 	0.252283 	0.148183 	
5.25	-1.34571 	-0.852138 	8.48252 	0.0857968 	0.272432 	0.134028 	
5.255	-0.996863 	-0.927902 	8.18138 	0.0956727 	0.254817 	0.120972 	
5.26	-1.27647 	-0.939364 	8.59509 	0.110394 	0.278068 	0.107012 	
5.265	-1.3578 	-0.189979 	8.50852 	0.0263359 	0.268764 	0.11565 	
5.27	-1.9203 	-0.183613 	8.79126 	0.0344375 	0.250074 	0.106576 	
5.275	-1.61161 	0.29553 	8.74861 	-0.0182323 	0.276745 	0.108455 	
5.28	-1.21545 	0.23193 	9.61961 	-0.0124892 	0.401453 	0.104225 	
5.285	-0.644301 	0.644372 	9.56876 	-0.0559336 	0.451843 	0.104317 	
5.29	-0.556734 	0.499841 	10.4915 	-0.0384053 	0.556029 	0.0981129 	
5.295	-0.0585572 	0.591859 	9.46937 	-0.0393385 	0.494782 	0.0840308 	
5.3	0.082092 	0.663985 	9.09648 	-0.0458761 	0.463284 	0.0791004 	
5.305	0.147699 	0.592967 	8.64079 	-0.0451698 	0.433772 	0.074549 	
5.31	0.17817 	0.591471 	8.45336 	-0.0358639 	0.412561 	0.0591826 	
5.315	0.214363 	0.528832 	8.13182 	-0.0359118 	0.389825 	0.0555414 	
5.32	0.25225 	0.528943 	8.06366 	-0.0236346 	0.373057 	0.0381793 	
5.325	0.515064 	0.453168 	7.73458 	-0.0154674 	0.343116 	0.0279346 	
5.33	0.72674 	0.486768 	7.64925 	-0.012718 	0.321943 	0.0167348 	
5.335	0.541677 	0.426203 	7.49621 	-0.0185834 	0.310399 	0.0221096 	
5.34	0.17894 	0.67434 	8.05684 	-0.0145469 	0.312903 	0.0101794 	
5.345	0.135071 	0.651467 	7.77874 	-0.0144547 	0.295399 	0.00980201 	
5.35	-0.502345 	0.682139 	8.54124 	-0.0145774 	0.315126 	0.0141016 	
5.355	-0.284296 	0.614794 	8.06309 	-0.011036 	0.289237 	0.0125415 	
5.36	-0.500864 	0.61084 	8.4878 	-0.0061568 	0.295174 	0.00664805 	
5.365	-0.797297 	0.642627 	8.50975 	-0.0125236 	0.294251 	0.00639037 	
5.37	-1.79457 	0.52546 	9.62207 	0.00453569 	0.34087 	0.0196349 	
5.375	-1.69939 	0.464422 	9.28472 	0.00911326 	0.324316 	0.0213851 	
5.38	-2.23747 	0.364069 	9.94816 	0.0233899 	0.348106 	0.0235796 	
5.385	-2.14635 	0.416543 	9.58436 	0.0220116 	0.330941 	0.0161803 	
5.39	-2.67944 	0.416999 	10.2535 	0.0218425 	0.355825 	0.020899 	
5.395	-2.54119 	0.423045 	9.86815 	0.0199752 	0.338334 	0.0206494 	
5.4	-3.0615 	0.489197 	10.4834 	0.0180192 	0.361183 	0.0193393 	
5.405	-2.99082 	0.50326 	10.1449 	0.0172087 	0.347464 	0.0187926 	
5.41	-3.63411 	0.629204 	10.8757 	0.010354 	0.37469 	0.0145342 	
5.415	-2.86293 	0.866823 	9.8839 	-0.0150593 	0.31766 	-0.0110786 	
5.42	-3.09634 	0.921183 	10.1119 	-0.014744 	0.326265 	-0.0132721 	
5.425	-2.89451 	0.931895 	9.91674 	-0.0246683 	0.327688 	-0.00266051 	
5.43	-2.86966 	1.26881 	10.2951 	-0.0725544 	0.376591 	0.0239825 	
5.435	-2.48488 	1.21814 	10.0874 	-0.0723949 	0.370144 	0.0196421 	
5.44	-2.19513 	1.12738 	9.71637 	-0.0653569 	0.347893 	0.0176075 	
5.445	-1.94147 	1.03685 	9.49843 	-0.0588539 	0.330711 	0.0160532 	
5.45	-1.64581 	0.950767 	9.13883 	-0.0523673 	0.309263 	0.013328 	
5.455	-1.46515 	0.883046 	9.03599 	-0.0479 	0.29853 	0.0120229 	
5.46	-1.60276 	0.873308 	9.13432 	-0.052059 	0.304759 	0.018879 	
5.465	-1.11301 	0.857584 	8.73269 	-0.042433 	0.274968 	0.00115719 	
5.47	-1.63613 	0.864501 	9.13162 	-0.0408748 	0.292469 	0.00220602 	
5.475	-1.57686 	0.937576 	9.10365 	-0.0478784 	0.289244 	0.00563299 	
5.48	-1.88309 	0.978585 	9.33226 	-0.0577592 	0.303498 	0.0162585 	
5.485	-1.80735 	1.06573 	9.28499 	-0.0663512 	0.29975 	0.0196223 	
5.49	-2.09483 	1.09409 	9.49111 	-0.074935 	0.312989 	0.0295095 	
5.495	-1.99845 	1.17224 	9.42232 	-0.0821463 	0.308141 	0.0317697 	
5.5	-2.19347 	1.15684 	9.45713 	-0.0845799 	0.313815 	0.0362544 	
5.505	-1.71474 	1.07259 	8.97474 	-0.0680439 	0.284101 	0.0192033 	
5.51	-1.70671 	0.879918 	9.28296 	-0.0493206 	0.286713 	0.0165168 	
5.515	-1.64828 	0.810618 	8.90545 	-0.0417898 	0.273097 	0.0145058 	
5.52	-1.17653 	0.647042 	8.95528 	-0.0291459 	0.256587 	0.00577967 	
5.525	-1.01089 	0.562724 	8.54447 	-0.0215712 	0.239979 	0.00451767 	
5.53	-1.02063 	0.432381 	8.89842 	-0.00384553 	0.244647 	-7.71305e-05 	
5.535	-0.86902 	0.363325 	8.503 	0.00210452 	0.229214 	-0.00101059 	
5.54	-0.889307 	0.248628 	8.85922 	0.0182813 	0.234633 	-0.00534972 	
5.545	-0.770873 	0.177963 	8.47813 	0.0233853 	0.220859 	-0.00594859 	
5.55	-0.870057 	0.0343606 	8.87601 	0.0404854 	0.229764 	-0.0103447 	
5.555	-0.936986 	-0.00852299 	8.34911 	0.0477815 	0.194937 	-0.014243 	
5.56	-1.57509 	-0.136493 	8.40259 	0.0740383 	0.143506 	-0.0274078 	
5.565	-1.34358 	-0.0889216 	8.23235 	0.0687878 	0.138735 	-0.0286828 	
5.57	-1.24563 	0.0437359 	8.2327 	0.0602167 	0.144461 	-0.0339925 	
5.575	-1.30429 	0.0337294 	8.653 	0.054681 	0.211164 	-0.0422626 	
5.58	-1.13896 	0.651826 	9.9389 	-0.00287305 	0.378954 	-0.036185 	
5.585	-0.911863 	0.818254 	9.95895 	-0.0211816 	0.41935 	-0.0386837 	
5.59	-0.457273 	1.25676 	10.7949 	-0.0759597 	0.558726 	-0.0163078 	
5.595	-0.125744 	1.19422 	10.0188 	-0.0722572 	0.507698 	-0.0197489 	
5.6	-0.412281 	1.17044 	10.1197 	-0.066624 	0.495213 	-0.0205689 	
5.605	-0.261146 	1.07988 	9.56594 	-0.0605205 	0.458612 	-0.0201809 	
5.61	-0.380233 	1.0207 	9.55331 	-0.0546328 	0.442768 	-0.0206531 	
5.615	-0.366622 	0.828973 	9.22307 	-0.0404766 	0.418608 	-0.0189088 	
5.62	-0.437767 	0.650616 	9.24376 	-0.0167553 	0.404848 	-0.0214468 	
5.625	-0.541812 	0.336321 	9.00896 	0.0174815 	0.382513 	-0.0279444 	
5.63	-0.437916 	-0.17814 	8.66872 	0.0899371 	0.339892 	-0.057011 	
5.635	-0.712394 	-0.46909 	8.77018 	0.123225 	0.333586 	-0.0613253 	
5.64	-0.619483 	-0.890785 	8.50485 	0.184123 	0.298549 	-0.0840021 	
5.645	-0.880415 	-0.859327 	8.72677 	0.183033 	0.302292 	-0.0844647 	
5.65	-0.784148 	-0.561241 	8.70893 	0.163284 	0.294152 	-0.0846898 	
5.655	-0.843229 	-0.620365 	8.61902 	0.164072 	0.286751 	-0.0786191 	
5.66	-1.07583 	-0.596591 	8.90749 	0.171867 	0.290627 	-0.0811627 	
5.665	-1.1106 	-0.652446 	8.79875 	0.172007 	0.283309 	-0.0753989 	
5.67	-1.3263 	-0.629278 	9.084 	0.179626 	0.287786 	-0.0781692 	
5.675	-1.35938 	-0.682621 	8.98234 	0.179668 	0.281606 	-0.0725804 	
5.68	-1.52068 	-0.642612 	9.19304 	0.185143 	0.283694 	-0.075968 	
5.685	-1.50354 	-0.680079 	9.03472 	0.183508 	0.275468 	-0.0713309 	
5.69	-1.67567 	-0.649929 	9.27914 	0.189468 	0.279564 	-0.0743015 	
5.695	-0.604883 	-0.616198 	9.66165 	0.175839 	0.425243 	-0.0656409 	
5.7	3.45683 	-0.308914 	12.1046 	0.139124 	1.04411 	-0.0588648 	
5.705	6.57057 	-0.172521 	13.4738 	0.116724 	1.4799 	-0.0603952 	
5.71	5.90179 	-0.129571 	13.0056 	0.122846 	1.39616 	-0.0670607 	
5.715	5.66255 	-0.103688 	12.103 	0.11769 	1.31185 	-0.0705097 	
5.72	5.56774 	0.00428142 	11.8514 	0.114909 	1.3202 	-0.0862976 	
5.725	5.48709 	0.010577 	11.7556 	0.104434 	1.33884 	-0.0702685 	
5.73	5.22222 	-0.209227 	11.4149 	0.13712 	1.31052 	-0.085271 	
5.735	4.77287 	-0.522046 	11.1693 	0.16562 	1.26861 	-0.0758949 	
5.74	3.89326 	-1.44866 	10.5107 	0.287149 	1.13387 	-0.110351 	
5.745	3.23333 	-1.4201 	10.2921 	0.278066 	1.06662 	-0.101525 	
5.75	2.53558 	-1.20086 	10.1804 	0.265684 	1.0106 	-0.109808 	
5.755	2.07839 	-0.734286 	9.99582 	0.211202 	0.958024 	-0.107209 	
5.76	1.42079 	-0.697501 	10.1208 	0.214494 	0.916535 	-0.10797 	
5.765	1.2627 	-0.779238 	9.73759 	0.221171 	0.857682 	-0.111068 	
5.77	0.87597 	-0.811785 	9.7446 	0.236601 	0.825189 	-0.124234 	
5.775	0.705731 	-0.930573 	9.43559 	0.247069 	0.768977 	-0.126424 	
5.78	0.150452 	-1.00104 	9.6063 	0.265702 	0.735134 	-0.13416 	
5.785	0.00991191 	-0.907701 	9.31524 	0.249154 	0.684206 	-0.12939 	
5.79	-0.520183 	-0.507508 	9.43972 	0.21193 	0.652967 	-0.130106 	
5.795	-0.652592 	-0.342779 	9.22287 	0.188259 	0.610337 	-0.127308 	
5.8	-1.01534 	-0.0988747 	9.36621 	0.167737 	0.591779 	-0.128785 	
5.805	-1.06002 	0.0298752 	9.20012 	0.147029 	0.56026 	-0.125837 	
5.81	-1.36651 	0.204393 	9.33973 	0.134274 	0.544847 	-0.128327 	
5.815	-1.37082 	0.292341 	9.18883 	0.117444 	0.517558 	-0.125352 	
5.82	-1.63564 	0.419137 	9.32291 	0.111104 	0.504822 	-0.130452 	
5.825	-1.59399 	0.443255 	9.16123 	0.10249 	0.479732 	-0.130821 	
5.83	-1.81741 	0.52069 	9.28341 	0.0981 	0.470726 	-0.129847 	
5.835	-1.76269 	0.547992 	9.17426 	0.0876012 	0.451457 	-0.127161 	
5.84	-1.97084 	0.633093 	9.29346 	0.0835257 	0.444571 	-0.128202 	
5.845	-1.90159 	0.644431 	9.19 	0.0742069 	0.427222 	-0.124581 	
5.85	-2.09951 	0.728707 	9.30688 	0.0711716 	0.422071 	-0.127219 	
