0	0.0375657 	-0.00170152 	-0.0284831 	4.31391e-06 	-0.00180521 	8.30314e-05 	
0.005	0.185079 	-0.00838305 	-0.140331 	2.12538e-05 	-0.00889393 	0.00040908 	
0.01	0.321796 	-0.0145756 	-0.243993 	3.69539e-05 	-0.0154638 	0.000711265 	
0.015	0.448506 	-0.0203148 	-0.340067 	5.15049e-05 	-0.0215529 	0.000991334 	
0.02	0.565942 	-0.025634 	-0.42911 	6.49908e-05 	-0.0271963 	0.0012509 	
0.025	0.674784 	-0.0305639 	-0.511636 	7.74893e-05 	-0.0324266 	0.00149147 	
0.03	0.775659 	-0.0351329 	-0.588121 	8.90722e-05 	-0.0372742 	0.00171444 	
0.035	0.869152 	-0.0393675 	-0.659007 	9.98062e-05 	-0.041767 	0.00192108 	
0.04	0.955802 	-0.0432921 	-0.724705 	0.000109753 	-0.045931 	0.00211259 	
0.045	1.03611 	-0.0469294 	-0.785593 	0.000118971 	-0.0497903 	0.00229009 	
0.05	1.11054 	-0.0503004 	-0.842024 	0.000127512 	-0.0533672 	0.00245459 	
0.055	1.17953 	-0.0534247 	-0.894324 	0.000135427 	-0.0566823 	0.00260705 	
0.06	1.24346 	-0.0563202 	-0.942794 	0.000142759 	-0.0597549 	0.00274834 	
0.065	1.30272 	-0.0590037 	-0.987716 	0.000149553 	-0.0626026 	0.00287929 	
0.07	1.35764 	-0.0614907 	-1.02935 	0.000155846 	-0.0652419 	0.00300065 	
0.075	1.40854 	-0.0637956 	-1.06793 	0.000161676 	-0.0676882 	0.00311313 	
0.08	1.45572 	-0.0659317 	-1.10369 	0.000167076 	-0.0699555 	0.00321736 	
0.085	1.49944 	-0.0679113 	-1.13683 	0.000172077 	-0.0720569 	0.00331397 	
0.09	1.53997 	-0.069746 	-1.16754 	0.000176708 	-0.0740047 	0.00340349 	
0.095	1.57753 	-0.0714462 	-1.19601 	0.000180997 	-0.0758099 	0.00348646 	
0.1	1.61234 	-0.0730219 	-1.22238 	0.000184967 	-0.0774832 	0.00356334 	
0.105	1.6446 	-0.0744821 	-1.24683 	0.000188642 	-0.0790341 	0.00363459 	
0.11	1.67451 	-0.0758353 	-1.26948 	0.000192043 	-0.0804715 	0.00370062 	
0.115	1.70223 	-0.0770893 	-1.29047 	0.00019519 	-0.0818039 	0.00376181 	
0.12	1.72791 	-0.0782514 	-1.30992 	0.000198102 	-0.083039 	0.00381851 	
0.125	1.75173 	-0.0793282 	-1.32795 	0.000200795 	-0.0841837 	0.00387105 	
0.13	1.7738 	-0.0803261 	-1.34466 	0.000203285 	-0.0852448 	0.00391974 	
0.135	1.79425 	-0.0812507 	-1.36013 	0.000205586 	-0.0862284 	0.00396485 	
0.14	1.81321 	-0.0821075 	-1.37448 	0.000207713 	-0.0871401 	0.00400665 	
0.145	1.83078 	-0.0829013 	-1.38777 	0.000209678 	-0.0879853 	0.00404538 	
0.15	1.84707 	-0.0836369 	-1.40008 	0.000211492 	-0.0887688 	0.00408127 	
0.155	1.86217 	-0.0843184 	-1.41149 	0.000213167 	-0.0894951 	0.00411451 	
0.16	1.87617 	-0.0849498 	-1.42206 	0.000214712 	-0.0901684 	0.00414531 	
0.165	1.88763 	-0.0842351 	-1.43408 	0.000276783 	-0.090796 	0.00416465 	
0.17	1.89996 	-0.0848384 	-1.44332 	0.000274948 	-0.0913872 	0.00419008 	
0.175	1.91133 	-0.085411 	-1.45181 	0.000272387 	-0.0919344 	0.00421317 	
0.18	1.92179 	-0.0859334 	-1.45962 	0.000270341 	-0.092439 	0.00423453 	
0.185	1.93149 	-0.0864174 	-1.46685 	0.000268437 	-0.0929068 	0.00425431 	
0.19	1.94048 	-0.0868656 	-1.47355 	0.000266663 	-0.0933406 	0.00427263 	
0.195	1.94881 	-0.0872808 	-1.47976 	0.000265011 	-0.0937429 	0.00428959 	
0.2	1.95654 	-0.0876654 	-1.4855 	0.00026347 	-0.0941159 	0.0043053 	
0.205	1.9637 	-0.0880215 	-1.49082 	0.000262033 	-0.0944619 	0.00431984 	
0.21	1.97034 	-0.0883513 	-1.49575 	0.000260692 	-0.0947827 	0.0043333 	
0.215	1.97649 	-0.0886566 	-1.50031 	0.00025944 	-0.0950804 	0.00434576 	
0.22	1.9822 	-0.0889392 	-1.50453 	0.00025827 	-0.0953564 	0.00435729 	
0.225	1.98592 	-0.0878591 	-1.51074 	0.00032012 	-0.0956159 	0.00435882 	
0.23	1.99113 	-0.0881669 	-1.51452 	0.000315748 	-0.0958658 	0.00436773 	
0.235	1.99591 	-0.0884653 	-1.51795 	0.000310841 	-0.0960968 	0.0043755 	
0.24	2.00027 	-0.0887337 	-1.52106 	0.000306616 	-0.0963085 	0.00438265 	
0.245	2.0043 	-0.088982 	-1.52394 	0.00030269 	-0.0965048 	0.00438926 	
0.25	2.00804 	-0.0892119 	-1.5266 	0.000299041 	-0.0966871 	0.00439536 	
0.255	2.01152 	-0.0894245 	-1.52906 	0.000295647 	-0.0968563 	0.004401 	
0.26	2.01474 	-0.0896212 	-1.53134 	0.000292491 	-0.0970135 	0.00440621 	
0.265	2.01772 	-0.0898032 	-1.53344 	0.000289554 	-0.0971594 	0.00441102 	
0.27	2.0205 	-0.0899714 	-1.53538 	0.000286821 	-0.0972949 	0.00441545 	
0.275	2.02137 	-0.0886863 	-1.53966 	0.000352219 	-0.0974244 	0.00441009 	
0.28	2.02409 	-0.0889023 	-1.54149 	0.00034617 	-0.0975548 	0.00441285 	
0.285	2.02655 	-0.089116 	-1.54311 	0.000339669 	-0.0976748 	0.00441486 	
0.29	2.02875 	-0.089305 	-1.54453 	0.000333998 	-0.0977833 	0.00441667 	
0.295	2.03079 	-0.0894797 	-1.54584 	0.000328729 	-0.0978842 	0.00441833 	
0.3	2.03268 	-0.0896411 	-1.54705 	0.000323834 	-0.097978 	0.00441984 	
0.305	2.03444 	-0.0897904 	-1.54817 	0.000319285 	-0.0980653 	0.00442121 	
0.31	2.03607 	-0.0899282 	-1.54919 	0.000315056 	-0.0981465 	0.00442247 	
0.315	2.03595 	-0.08868 	-1.55252 	0.000376349 	-0.0982255 	0.00441495 	
0.32	2.03767 	-0.0888668 	-1.55355 	0.000369153 	-0.0983085 	0.00441501 	
0.325	2.03922 	-0.089053 	-1.55442 	0.000361615 	-0.0983848 	0.00441453 	
0.33	2.04057 	-0.0892169 	-1.55517 	0.000354961 	-0.0984531 	0.00441403 	
0.335	2.04182 	-0.0893684 	-1.55585 	0.000348782 	-0.0985167 	0.00441354 	
0.34	2.04299 	-0.0895083 	-1.55647 	0.000343041 	-0.098576 	0.00441306 	
0.345	2.04408 	-0.0896374 	-1.55704 	0.000337707 	-0.0986314 	0.00441259 	
0.35	2.04347 	-0.0884108 	-1.5599 	0.000396894 	-0.0986863 	0.004404 	
0.355	2.04472 	-0.0885889 	-1.56053 	0.000388794 	-0.0987469 	0.00440259 	
0.36	2.04583 	-0.0887669 	-1.56104 	0.000380427 	-0.0988025 	0.00440075 	
0.365	2.04677 	-0.0889233 	-1.56144 	0.000372999 	-0.0988516 	0.00439898 	
0.37	2.04766 	-0.0890678 	-1.56181 	0.000366099 	-0.0988976 	0.00439731 	
0.375	2.04848 	-0.0892011 	-1.56214 	0.000359691 	-0.0989405 	0.00439573 	
0.38	2.04924 	-0.0893242 	-1.56244 	0.000353737 	-0.0989808 	0.00439424 	
0.385	2.0482 	-0.0879776 	-1.56526 	0.00041817 	-0.0990222 	0.0043844 	
0.39	2.04921 	-0.0881575 	-1.56568 	0.000409169 	-0.0990714 	0.00438202 	
0.395	2.05009 	-0.0883378 	-1.56597 	0.000399908 	-0.0991161 	0.00437922 	
0.4	2.05081 	-0.0884953 	-1.56617 	0.000391696 	-0.0991548 	0.00437655 	
0.405	2.05149 	-0.0886407 	-1.56635 	0.00038407 	-0.099191 	0.00437404 	
0.41	2.05212 	-0.0887748 	-1.5665 	0.000376988 	-0.0992251 	0.00437169 	
0.415	2.05104 	-0.0875266 	-1.56905 	0.000436511 	-0.0992605 	0.00436193 	
0.42	2.05191 	-0.0877114 	-1.56933 	0.00042676 	-0.0993034 	0.00435885 	
0.425	2.05266 	-0.0878958 	-1.5695 	0.000416836 	-0.0993426 	0.00435543 	
0.43	2.05328 	-0.0880577 	-1.56959 	0.000407981 	-0.0993764 	0.00435217 	
0.435	2.05385 	-0.088207 	-1.56967 	0.00039976 	-0.0994082 	0.00434911 	
0.44	2.05439 	-0.0883448 	-1.56972 	0.000392126 	-0.0994381 	0.00434625 	
0.445	2.05313 	-0.0870293 	-1.57232 	0.000454928 	-0.0994699 	0.00433604 	
0.45	2.05395 	-0.0872218 	-1.57253 	0.000444457 	-0.0995104 	0.00433246 	
0.455	2.05465 	-0.0874138 	-1.57264 	0.000433825 	-0.0995471 	0.00432852 	
0.46	2.05521 	-0.087582 	-1.57266 	0.000424345 	-0.0995783 	0.00432478 	
0.465	2.05573 	-0.0877372 	-1.57266 	0.000415543 	-0.0996077 	0.00432128 	
0.47	2.05621 	-0.0878803 	-1.57266 	0.000407372 	-0.0996355 	0.004318 	
0.475	2.0548 	-0.0864863 	-1.57536 	0.000474153 	-0.0996656 	0.00430742 	
0.48	2.05561 	-0.0866889 	-1.57554 	0.000462928 	-0.0997056 	0.00430341 	
0.485	2.05628 	-0.0868908 	-1.5756 	0.00045155 	-0.0997414 	0.00429901 	
0.49	2.05681 	-0.0870672 	-1.57557 	0.000441416 	-0.0997716 	0.00429483 	
0.495	2.05731 	-0.0872299 	-1.57553 	0.00043201 	-0.0998 	0.00429092 	
0.5	2.05609 	-0.0860199 	-1.57791 	0.000489952 	-0.0998302 	0.00428098 	
0.505	2.05685 	-0.0862299 	-1.57802 	0.000478126 	-0.0998687 	0.00427653 	
0.51	2.0575 	-0.0864378 	-1.57804 	0.000466261 	-0.0999038 	0.00427177 	
0.515	2.05802 	-0.0866212 	-1.57798 	0.000455617 	-0.0999337 	0.00426727 	
0.52	2.0585 	-0.0867903 	-1.57792 	0.000445738 	-0.0999621 	0.00426306 	
0.525	2.05723 	-0.0855538 	-1.58035 	0.000505205 	-0.0999923 	0.00425308 	
0.53	2.058 	-0.0857717 	-1.58045 	0.000492839 	-0.100031 	0.00424834 	
0.535	2.05865 	-0.0859871 	-1.58045 	0.000480451 	-0.100067 	0.00424328 	
0.54	2.05917 	-0.086177 	-1.58037 	0.000469339 	-0.100097 	0.00423848 	
0.545	2.05966 	-0.0863522 	-1.58029 	0.000459026 	-0.100125 	0.004234 	
0.55	2.05831 	-0.0850712 	-1.5828 	0.000520971 	-0.100156 	0.00422399 	
0.555	2.05909 	-0.0852978 	-1.5829 	0.000508042 	-0.100196 	0.00421896 	
0.56	2.05976 	-0.0855217 	-1.58288 	0.000495098 	-0.100232 	0.00421359 	
0.565	2.06028 	-0.0857188 	-1.58279 	0.000483495 	-0.100262 	0.0042085 	
0.57	2.06078 	-0.0859006 	-1.58269 	0.000472728 	-0.100291 	0.00420374 	
0.575	2.05936 	-0.084576 	-1.5853 	0.000537171 	-0.100322 	0.00419375 	
0.58	2.06017 	-0.0848119 	-1.58539 	0.000523655 	-0.100364 	0.00418844 	
0.585	2.06086 	-0.0850447 	-1.58537 	0.000510134 	-0.100401 	0.00418275 	
0.59	2.06139 	-0.0852496 	-1.58526 	0.000498021 	-0.100432 	0.00417736 	
0.595	2.06189 	-0.0854385 	-1.58515 	0.000486783 	-0.100461 	0.00417233 	
0.6	2.06041 	-0.0840727 	-1.58785 	0.000553655 	-0.100493 	0.00416242 	
0.605	2.06125 	-0.0843183 	-1.58795 	0.000539539 	-0.100536 	0.00415681 	
0.61	2.06196 	-0.0845604 	-1.58792 	0.000525428 	-0.100574 	0.00415081 	
0.615	2.0625 	-0.0847733 	-1.5878 	0.000512795 	-0.100606 	0.00414511 	
0.62	2.06135 	-0.0836736 	-1.59006 	0.000566529 	-0.10064 	0.00413583 	
0.625	2.06215 	-0.0839252 	-1.5901 	0.000551944 	-0.100681 	0.00412981 	
0.63	2.06284 	-0.0841715 	-1.59004 	0.000537512 	-0.100719 	0.00412354 	
0.635	2.0634 	-0.0843904 	-1.58992 	0.00052449 	-0.100752 	0.00411761 	
0.64	2.06225 	-0.0832956 	-1.59219 	0.000578252 	-0.100786 	0.00410849 	
0.645	2.06306 	-0.0835528 	-1.59222 	0.000563297 	-0.100828 	0.00410226 	
0.65	2.06376 	-0.0838043 	-1.59216 	0.000548516 	-0.100867 	0.00409578 	
0.655	2.06433 	-0.084028 	-1.59204 	0.000535174 	-0.1009 	0.00408965 	
0.66	2.06315 	-0.0829138 	-1.59435 	0.000590228 	-0.100935 	0.00408068 	
0.665	2.06398 	-0.083177 	-1.59439 	0.000574889 	-0.100978 	0.00407424 	
0.67	2.0647 	-0.0834344 	-1.59433 	0.000559731 	-0.101018 	0.00406754 	
0.675	2.06528 	-0.0836631 	-1.5942 	0.000546055 	-0.101052 	0.0040612 	
0.68	2.06407 	-0.0825286 	-1.59657 	0.000602473 	-0.101087 	0.00405241 	
0.685	2.06492 	-0.0827981 	-1.59661 	0.000586731 	-0.101131 	0.00404576 	
0.69	2.06565 	-0.0830616 	-1.59655 	0.000571177 	-0.101172 	0.00403882 	
0.695	2.06625 	-0.0832957 	-1.59641 	0.000557148 	-0.101206 	0.00403226 	
0.7	2.06501 	-0.0821422 	-1.59884 	0.000614891 	-0.101243 	0.00402366 	
0.705	2.06588 	-0.0824183 	-1.59888 	0.000598731 	-0.101288 	0.00401679 	
0.71	2.06663 	-0.0826882 	-1.59882 	0.000582767 	-0.101329 	0.00400961 	
0.715	2.06723 	-0.0829278 	-1.59868 	0.000568373 	-0.101365 	0.00400282 	
0.72	2.06596 	-0.0817568 	-1.60116 	0.000627393 	-0.101402 	0.00399444 	
0.725	2.06686 	-0.0820397 	-1.6012 	0.000610806 	-0.101448 	0.00398734 	
0.73	2.06762 	-0.0823161 	-1.60114 	0.000594423 	-0.10149 	0.00397992 	
0.735	2.06824 	-0.0825613 	-1.60099 	0.000579657 	-0.101526 	0.00397289 	
0.74	2.06694 	-0.0813743 	-1.60352 	0.000639908 	-0.101564 	0.00396475 	
0.745	2.06785 	-0.081664 	-1.60357 	0.000622888 	-0.101611 	0.00395742 	
0.75	2.06863 	-0.0819469 	-1.60351 	0.000606082 	-0.101654 	0.00394974 	
0.755	2.06926 	-0.0821978 	-1.60336 	0.000590938 	-0.101691 	0.00394247 	
0.76	2.06793 	-0.0809961 	-1.60594 	0.000652377 	-0.101729 	0.00393461 	
0.765	2.06887 	-0.0812926 	-1.60599 	0.000634921 	-0.101778 	0.00392704 	
0.77	2.06967 	-0.081582 	-1.60592 	0.000617691 	-0.101822 	0.0039191 	
0.775	2.07031 	-0.0818387 	-1.60577 	0.000602168 	-0.101859 	0.00391158 	
0.78	2.06895 	-0.0806236 	-1.6084 	0.000664752 	-0.101898 	0.00390403 	
0.785	2.06991 	-0.0809269 	-1.60845 	0.000646861 	-0.101948 	0.00389621 	
0.79	2.07072 	-0.0812228 	-1.60839 	0.000629206 	-0.101993 	0.00388802 	
0.795	2.07137 	-0.0814853 	-1.60823 	0.000613304 	-0.102031 	0.00388025 	
0.8	2.06999 	-0.0802581 	-1.61091 	0.00067699 	-0.10207 	0.00387303 	
0.805	2.07097 	-0.0805681 	-1.61096 	0.000658666 	-0.102121 	0.00386497 	
0.81	2.0718 	-0.0808705 	-1.61089 	0.000640588 	-0.102167 	0.00385651 	
0.815	2.07246 	-0.0811386 	-1.61073 	0.000624308 	-0.102205 	0.00384848 	
0.82	2.07105 	-0.0799007 	-1.61346 	0.000689056 	-0.102246 	0.00384164 	
0.825	2.07205 	-0.0802173 	-1.61351 	0.000670302 	-0.102297 	0.00383333 	
0.83	2.07289 	-0.0805261 	-1.61345 	0.000651804 	-0.102344 	0.00382461 	
0.835	2.07357 	-0.0807998 	-1.61328 	0.000635149 	-0.102383 	0.00381632 	
0.84	2.07213 	-0.0795524 	-1.61605 	0.000700918 	-0.102424 	0.00380987 	
0.845	2.07315 	-0.0798755 	-1.61611 	0.000681737 	-0.102477 	0.00380132 	
0.85	2.07401 	-0.0801905 	-1.61604 	0.000662823 	-0.102524 	0.00379233 	
0.855	2.07469 	-0.0804697 	-1.61587 	0.000645796 	-0.102564 	0.00378378 	
0.86	2.07323 	-0.0792142 	-1.61868 	0.000712546 	-0.102605 	0.00377776 	
0.865	2.07427 	-0.0795436 	-1.61875 	0.000692943 	-0.102659 	0.00376896 	
0.87	2.07514 	-0.0798648 	-1.61868 	0.000673618 	-0.102707 	0.0037597 	
0.875	2.07584 	-0.0801494 	-1.61851 	0.000656224 	-0.102747 	0.0037509 	
0.88	2.07435 	-0.0788869 	-1.62136 	0.000723912 	-0.102789 	0.00374532 	
0.885	2.07541 	-0.0792226 	-1.62142 	0.000703894 	-0.102844 	0.00373628 	
0.89	2.07629 	-0.0795498 	-1.62136 	0.000684164 	-0.102892 	0.00372675 	
0.895	2.07531 	-0.0786508 	-1.62355 	0.000732213 	-0.102936 	0.00372021 	
0.9	2.07628 	-0.07899 	-1.62353 	0.000711836 	-0.102988 	0.00371058 	
0.905	2.07713 	-0.0793179 	-1.62343 	0.000691972 	-0.103035 	0.00370079 	
0.91	2.07785 	-0.0796116 	-1.62326 	0.00067395 	-0.103077 	0.00369155 	
0.915	2.07638 	-0.0783742 	-1.62611 	0.000741273 	-0.10312 	0.00368676 	
0.92	2.07745 	-0.0787181 	-1.62617 	0.000720673 	-0.103175 	0.00367732 	
0.925	2.07835 	-0.079053 	-1.6261 	0.000700389 	-0.103225 	0.00366738 	
0.93	2.07735 	-0.0781523 	-1.62834 	0.000749331 	-0.10327 	0.00366146 	
0.935	2.07834 	-0.0784998 	-1.62833 	0.000728369 	-0.103322 	0.00365145 	
0.94	2.07921 	-0.0788356 	-1.62823 	0.000707937 	-0.103371 	0.00364124 	
0.945	2.07825 	-0.0779662 	-1.63042 	0.000755471 	-0.103416 	0.00363548 	
0.95	2.07924 	-0.078316 	-1.63041 	0.000734322 	-0.103469 	0.0036253 	
0.955	2.08012 	-0.0786538 	-1.6303 	0.000713727 	-0.103518 	0.00361495 	
0.96	2.07915 	-0.077786 	-1.63251 	0.000761529 	-0.103563 	0.0036095 	
0.965	2.08015 	-0.0781382 	-1.6325 	0.000740195 	-0.103616 	0.00359918 	
0.97	2.08104 	-0.0784783 	-1.6324 	0.00071942 	-0.103665 	0.00358869 	
0.975	2.08005 	-0.07761 	-1.63462 	0.000767624 	-0.103711 	0.00358357 	
0.98	2.08107 	-0.0779647 	-1.63461 	0.000746093 	-0.103765 	0.0035731 	
0.985	2.08196 	-0.0783074 	-1.63451 	0.000725124 	-0.103814 	0.00356245 	
0.99	2.08097 	-0.0774389 	-1.63675 	0.000773714 	-0.10386 	0.00355766 	
0.995	2.08199 	-0.0777964 	-1.63675 	0.000751974 	-0.103914 	0.00354705 	
1	2.08288 	-0.0781417 	-1.63664 	0.0007308 	-0.103964 	0.00353624 	
1.005	2.08188 	-0.0772738 	-1.6389 	0.000779747 	-0.10401 	0.00353178 	
1.01	2.08291 	-0.0776343 	-1.6389 	0.00075779 	-0.104064 	0.00352101 	
1.015	2.08382 	-0.0779824 	-1.6388 	0.000736405 	-0.104114 	0.00351004 	
1.02	2.08281 	-0.0771156 	-1.64107 	0.00078568 	-0.104161 	0.00350591 	
1.025	2.08384 	-0.077479 	-1.64107 	0.000763501 	-0.104216 	0.00349498 	
1.03	2.08475 	-0.07783 	-1.64097 	0.000741901 	-0.104266 	0.00348384 	
1.035	2.08374 	-0.076965 	-1.64326 	0.000791477 	-0.104312 	0.00348005 	
1.04	2.08478 	-0.0773314 	-1.64325 	0.000769074 	-0.104368 	0.00346896 	
1.045	2.0857 	-0.0776852 	-1.64315 	0.000747255 	-0.104418 	0.00345765 	
1.05	2.08467 	-0.0768227 	-1.64546 	0.000797107 	-0.104465 	0.0034542 	
1.055	2.08572 	-0.0771921 	-1.64545 	0.000774479 	-0.104521 	0.00344294 	
1.06	2.08664 	-0.0775487 	-1.64535 	0.00075244 	-0.104571 	0.00343146 	
1.065	2.08561 	-0.0766891 	-1.64767 	0.000802546 	-0.104618 	0.00342836 	
1.07	2.08667 	-0.0770614 	-1.64767 	0.000779692 	-0.104674 	0.00341693 	
1.075	2.08759 	-0.077421 	-1.64757 	0.000757435 	-0.104725 	0.00340527 	
1.08	2.08656 	-0.0765647 	-1.6499 	0.000807771 	-0.104773 	0.00340253 	
1.085	2.08762 	-0.07694 	-1.6499 	0.000784693 	-0.104829 	0.00339093 	
1.09	2.08855 	-0.0773023 	-1.64979 	0.000762219 	-0.10488 	0.0033791 	
1.095	2.0875 	-0.07645 	-1.65214 	0.000812764 	-0.104928 	0.00337671 	
1.1	2.08857 	-0.0768281 	-1.65214 	0.000789465 	-0.104984 	0.00336496 	
1.105	2.08951 	-0.0771932 	-1.65203 	0.000766776 	-0.105035 	0.00335295 	
1.11	2.08846 	-0.0763452 	-1.65439 	0.000817509 	-0.105083 	0.00335093 	
1.115	2.08953 	-0.0767262 	-1.65439 	0.000793992 	-0.10514 	0.003339 	
1.12	2.09047 	-0.077094 	-1.65428 	0.000771091 	-0.105192 	0.00332683 	
1.125	2.08941 	-0.0762508 	-1.65665 	0.000821991 	-0.105239 	0.00332517 	
1.13	2.09049 	-0.0766345 	-1.65665 	0.000798261 	-0.105296 	0.00331308 	
1.135	2.09143 	-0.0770049 	-1.65654 	0.000775152 	-0.105348 	0.00330074 	
1.14	2.09037 	-0.0761669 	-1.65891 	0.000826199 	-0.105396 	0.00329945 	
1.145	2.09145 	-0.0765532 	-1.65892 	0.000802259 	-0.105453 	0.0032872 	
1.15	2.0924 	-0.0769262 	-1.65881 	0.000778948 	-0.105505 	0.00327469 	
1.155	2.09133 	-0.0760939 	-1.66119 	0.000830122 	-0.105554 	0.00327378 	
1.16	2.09242 	-0.0764827 	-1.66119 	0.000805978 	-0.105611 	0.00326137 	
1.165	2.09337 	-0.0768581 	-1.66109 	0.000782469 	-0.105663 	0.00324869 	
1.17	2.0923 	-0.0760318 	-1.66348 	0.00083375 	-0.105711 	0.00324817 	
1.175	2.09339 	-0.0764231 	-1.66348 	0.000809406 	-0.105769 	0.0032356 	
1.18	2.09434 	-0.0768008 	-1.66338 	0.000785705 	-0.105821 	0.00322276 	
1.185	2.09326 	-0.075981 	-1.66577 	0.000837073 	-0.105869 	0.00322263 	
1.19	2.09436 	-0.0763746 	-1.66577 	0.000812537 	-0.105927 	0.0032099 	
1.195	2.09531 	-0.0767545 	-1.66567 	0.000788648 	-0.105979 	0.0031969 	
1.2	2.09423 	-0.0759415 	-1.66806 	0.000840085 	-0.106028 	0.00319716 	
1.205	2.09533 	-0.0763374 	-1.66806 	0.000815362 	-0.106086 	0.00318428 	
1.21	2.09628 	-0.0767194 	-1.66796 	0.000791292 	-0.106138 	0.00317112 	
1.215	2.0952 	-0.0759136 	-1.67036 	0.000842777 	-0.106186 	0.00317177 	
1.22	2.0963 	-0.0763116 	-1.67036 	0.000817874 	-0.106244 	0.00315875 	
1.225	2.09726 	-0.0766956 	-1.67026 	0.00079363 	-0.106297 	0.00314544 	
1.23	2.09617 	-0.0758973 	-1.67266 	0.000845145 	-0.106345 	0.00314648 	
1.235	2.09727 	-0.0762972 	-1.67267 	0.000820068 	-0.106403 	0.00313331 	
1.24	2.09823 	-0.0766832 	-1.67257 	0.000795656 	-0.106456 	0.00311985 	
1.245	2.09714 	-0.0758928 	-1.67497 	0.000847181 	-0.106504 	0.00312129 	
1.25	2.09824 	-0.0762945 	-1.67498 	0.000821938 	-0.106562 	0.00310798 	
1.255	2.0992 	-0.0766823 	-1.67487 	0.000797365 	-0.106615 	0.00309437 	
1.26	2.09811 	-0.0759 	-1.67728 	0.00084888 	-0.106664 	0.00309622 	
1.265	2.09921 	-0.0763035 	-1.67728 	0.000823479 	-0.106722 	0.00308277 	
1.27	2.10017 	-0.0766929 	-1.67718 	0.000798751 	-0.106774 	0.00306902 	
1.275	2.09908 	-0.0759192 	-1.67959 	0.000850239 	-0.106823 	0.00307127 	
1.28	2.10018 	-0.0763243 	-1.67959 	0.000824685 	-0.106881 	0.00305768 	
1.285	2.10114 	-0.0767152 	-1.67949 	0.000799811 	-0.106933 	0.0030438 	
1.29	2.10005 	-0.0759503 	-1.6819 	0.000851251 	-0.106982 	0.00304644 	
1.295	2.10115 	-0.0763569 	-1.6819 	0.000825554 	-0.10704 	0.00303273 	
1.3	2.10211 	-0.0767492 	-1.6818 	0.00080054 	-0.107092 	0.00301871 	
1.305	2.10102 	-0.0759933 	-1.6842 	0.000851914 	-0.107141 	0.00302176 	
1.31	2.10212 	-0.0764013 	-1.68421 	0.000826081 	-0.107199 	0.00300792 	
1.315	2.10308 	-0.0767949 	-1.68411 	0.000800936 	-0.107251 	0.00299377 	
1.32	2.10198 	-0.0760484 	-1.68651 	0.000852225 	-0.1073 	0.00299723 	
1.325	2.10308 	-0.0764575 	-1.68651 	0.000826263 	-0.107358 	0.00298326 	
1.33	2.10404 	-0.0768523 	-1.68641 	0.000800994 	-0.10741 	0.00296899 	
1.335	2.10295 	-0.0761154 	-1.68881 	0.000852179 	-0.107459 	0.00297285 	
1.34	2.10404 	-0.0765256 	-1.68882 	0.000826098 	-0.107516 	0.00295877 	
1.345	2.105 	-0.0769214 	-1.68871 	0.000800714 	-0.107569 	0.00294438 	
1.35	2.10391 	-0.0761944 	-1.69111 	0.000851775 	-0.107617 	0.00294863 	
1.355	2.105 	-0.0766056 	-1.69112 	0.000825583 	-0.107675 	0.00293444 	
1.36	2.10596 	-0.0770022 	-1.69101 	0.000800091 	-0.107727 	0.00291994 	
1.365	2.10487 	-0.0762854 	-1.6934 	0.000851011 	-0.107775 	0.00292459 	
1.37	2.10596 	-0.0766973 	-1.69341 	0.000824717 	-0.107833 	0.00291029 	
1.375	2.10692 	-0.0770947 	-1.69331 	0.000799125 	-0.107885 	0.00289569 	
1.38	2.10582 	-0.0763882 	-1.69569 	0.000849884 	-0.107933 	0.00290073 	
1.385	2.10691 	-0.0768008 	-1.6957 	0.000823497 	-0.10799 	0.00288633 	
1.39	2.10787 	-0.0771988 	-1.6956 	0.000797815 	-0.108042 	0.00287162 	
1.395	2.10677 	-0.0765028 	-1.69798 	0.000848394 	-0.10809 	0.00287705 	
1.4	2.10786 	-0.076916 	-1.69798 	0.000821922 	-0.108147 	0.00286256 	
1.405	2.10882 	-0.0773145 	-1.69788 	0.000796159 	-0.108199 	0.00284775 	
1.41	2.10772 	-0.0766292 	-1.70025 	0.00084654 	-0.108247 	0.00285357 	
1.415	2.10881 	-0.0770427 	-1.70026 	0.000819993 	-0.108304 	0.00283898 	
1.42	2.10976 	-0.0774416 	-1.70015 	0.000794157 	-0.108356 	0.00282409 	
1.425	2.10867 	-0.0767673 	-1.70252 	0.000844321 	-0.108403 	0.00283029 	
1.43	2.10975 	-0.077181 	-1.70252 	0.000817708 	-0.10846 	0.00281562 	
1.435	2.1107 	-0.07758 	-1.70242 	0.000791808 	-0.108511 	0.00280064 	
1.44	2.10961 	-0.0769169 	-1.70478 	0.000841738 	-0.108559 	0.00280721 	
1.445	2.11068 	-0.0773306 	-1.70478 	0.000815068 	-0.108615 	0.00279246 	
1.45	2.11163 	-0.0777297 	-1.70468 	0.000789114 	-0.108667 	0.00277741 	
1.455	2.11055 	-0.0770779 	-1.70702 	0.00083879 	-0.108714 	0.00278435 	
1.46	2.11162 	-0.0774915 	-1.70703 	0.000812074 	-0.10877 	0.00276953 	
1.465	2.11256 	-0.0778906 	-1.70693 	0.000786074 	-0.108821 	0.00275441 	
1.47	2.11148 	-0.0772501 	-1.70926 	0.000835479 	-0.108868 	0.00276171 	
1.475	2.11254 	-0.0776636 	-1.70926 	0.000808726 	-0.108924 	0.00274682 	
1.48	2.11348 	-0.0780624 	-1.70916 	0.000782691 	-0.108975 	0.00273164 	
1.485	2.1124 	-0.0774335 	-1.71149 	0.000831805 	-0.109021 	0.00273929 	
1.49	2.11346 	-0.0778466 	-1.71149 	0.000805025 	-0.109077 	0.00272434 	
1.495	2.11439 	-0.078245 	-1.71139 	0.000778965 	-0.109128 	0.0027091 	
1.5	2.11332 	-0.0776278 	-1.7137 	0.000827771 	-0.109174 	0.0027171 	
1.505	2.11438 	-0.0780404 	-1.7137 	0.000800974 	-0.109229 	0.0027021 	
1.51	2.1153 	-0.0784382 	-1.7136 	0.000774898 	-0.10928 	0.00268681 	
1.515	2.11424 	-0.0778329 	-1.7159 	0.000823378 	-0.109326 	0.00269515 	
1.52	2.11528 	-0.0782447 	-1.7159 	0.000796575 	-0.109381 	0.0026801 	
1.525	2.11621 	-0.078642 	-1.7158 	0.000770493 	-0.109431 	0.00266477 	
1.53	2.11514 	-0.0780485 	-1.71808 	0.000818629 	-0.109477 	0.00267344 	
1.535	2.11619 	-0.0784595 	-1.71808 	0.00079183 	-0.109531 	0.00265835 	
1.54	2.1171 	-0.0788559 	-1.71799 	0.000765753 	-0.109581 	0.00264298 	
1.545	2.11605 	-0.0782745 	-1.72025 	0.000813527 	-0.109627 	0.00265197 	
1.55	2.11708 	-0.0786845 	-1.72025 	0.000786743 	-0.109681 	0.00263685 	
1.555	2.11799 	-0.0790799 	-1.72015 	0.00076068 	-0.10973 	0.00262144 	
1.56	2.11694 	-0.0785106 	-1.7224 	0.000808075 	-0.109775 	0.00263075 	
1.565	2.11797 	-0.0789195 	-1.72241 	0.000781317 	-0.109829 	0.0026156 	
1.57	2.11887 	-0.0793138 	-1.72231 	0.000755279 	-0.109878 	0.00260017 	
1.575	2.11783 	-0.0787566 	-1.72454 	0.000802277 	-0.109923 	0.00260978 	
1.58	2.11885 	-0.0791641 	-1.72454 	0.000775555 	-0.109976 	0.00259461 	
1.585	2.11975 	-0.0795572 	-1.72444 	0.000749553 	-0.110025 	0.00257917 	
1.59	2.11871 	-0.0790122 	-1.72666 	0.000796137 	-0.11007 	0.00258906 	
1.595	2.11972 	-0.0794182 	-1.72666 	0.000769462 	-0.110123 	0.00257388 	
1.6	2.12061 	-0.0798098 	-1.72656 	0.000743506 	-0.110171 	0.00255843 	
1.605	2.11958 	-0.0792771 	-1.72876 	0.00078966 	-0.110215 	0.0025686 	
1.61	2.12059 	-0.0796816 	-1.72876 	0.000763043 	-0.110268 	0.00255341 	
1.615	2.12147 	-0.0800716 	-1.72866 	0.000737144 	-0.110315 	0.00253797 	
1.62	2.12045 	-0.0795512 	-1.73084 	0.00078285 	-0.110359 	0.00254841 	
1.625	2.12144 	-0.0799538 	-1.73084 	0.000756303 	-0.110411 	0.00253322 	
1.63	2.12232 	-0.0803421 	-1.73075 	0.000730472 	-0.110459 	0.00251778 	
1.635	2.12307 	-0.0806896 	-1.73057 	0.000707063 	-0.1105 	0.00250328 	
1.64	2.1215 	-0.0798998 	-1.73343 	0.000774525 	-0.110542 	0.00252267 	
1.645	2.12257 	-0.080301 	-1.73351 	0.000748181 	-0.110597 	0.0025082 	
1.65	2.12347 	-0.0806917 	-1.73345 	0.000722214 	-0.110646 	0.00249289 	
1.655	2.12242 	-0.0801749 	-1.73565 	0.000768852 	-0.110689 	0.00250462 	
1.66	2.1234 	-0.0805762 	-1.73565 	0.000742303 	-0.11074 	0.00248937 	
1.665	2.12426 	-0.0809635 	-1.73556 	0.000716445 	-0.110786 	0.00247384 	
1.67	2.12499 	-0.0813098 	-1.73538 	0.000693021 	-0.110827 	0.00245924 	
1.675	2.12345 	-0.0805592 	-1.73818 	0.000758944 	-0.110868 	0.00247925 	
1.68	2.12449 	-0.0809578 	-1.73825 	0.000732662 	-0.110922 	0.00246469 	
1.685	2.12538 	-0.0813459 	-1.73819 	0.000706762 	-0.110969 	0.00244932 	
1.69	2.1261 	-0.0816898 	-1.73802 	0.000683448 	-0.111009 	0.00243474 	
1.695	2.12453 	-0.0809392 	-1.74083 	0.00075026 	-0.11105 	0.00245577 	
1.7	2.12557 	-0.081337 	-1.74091 	0.000723986 	-0.111103 	0.00244121 	
1.705	2.12645 	-0.0817247 	-1.74085 	0.000698072 	-0.11115 	0.00242579 	
1.71	2.12716 	-0.0820679 	-1.74067 	0.000674754 	-0.11119 	0.00241116 	
1.715	2.12561 	-0.0813401 	-1.74345 	0.000740592 	-0.11123 	0.00243246 	
1.72	2.12663 	-0.0817363 	-1.74353 	0.000714365 	-0.111282 	0.00241786 	
1.725	2.1275 	-0.0821223 	-1.74346 	0.000688503 	-0.111329 	0.00240241 	
1.73	2.1282 	-0.0824643 	-1.74329 	0.000665227 	-0.111368 	0.00238777 	
1.735	2.12667 	-0.0817609 	-1.74602 	0.000729896 	-0.111407 	0.00240926 	
1.74	2.12768 	-0.0821547 	-1.74609 	0.000703776 	-0.111459 	0.00239464 	
1.745	2.12853 	-0.0825382 	-1.74603 	0.000678022 	-0.111505 	0.00237921 	
1.75	2.12923 	-0.0828781 	-1.74586 	0.000654838 	-0.111543 	0.0023646 	
1.755	2.12772 	-0.082199 	-1.74854 	0.000718308 	-0.111582 	0.00238624 	
1.76	2.12871 	-0.0825895 	-1.74861 	0.000692344 	-0.111633 	0.00237164 	
1.765	2.12955 	-0.0829699 	-1.74854 	0.000666747 	-0.111678 	0.00235627 	
1.77	2.13023 	-0.0833071 	-1.74837 	0.000643699 	-0.111715 	0.00234171 	
1.775	2.12876 	-0.0826518 	-1.75101 	0.000705949 	-0.111754 	0.00236347 	
1.78	2.12972 	-0.0830384 	-1.75107 	0.000680184 	-0.111804 	0.00234893 	
1.785	2.13055 	-0.0834151 	-1.75101 	0.000654786 	-0.111848 	0.00233364 	
1.79	2.13122 	-0.0837491 	-1.75084 	0.000631911 	-0.111885 	0.00231917 	
1.795	2.12978 	-0.0831172 	-1.75342 	0.000692916 	-0.111923 	0.00234103 	
1.8	2.13072 	-0.0834994 	-1.75348 	0.000667387 	-0.111972 	0.00232656 	
1.805	2.13153 	-0.0838718 	-1.75342 	0.000642224 	-0.112015 	0.00231138 	
1.81	2.1322 	-0.0842022 	-1.75325 	0.000619556 	-0.112051 	0.00229702 	
1.815	2.13078 	-0.0835934 	-1.75578 	0.000679287 	-0.112089 	0.00231894 	
1.82	2.1317 	-0.0839708 	-1.75584 	0.000654029 	-0.112136 	0.00230457 	
1.825	2.1325 	-0.0843385 	-1.75577 	0.000629133 	-0.112179 	0.00228952 	
1.83	2.13315 	-0.0846648 	-1.75561 	0.000606702 	-0.112215 	0.0022753 	
1.835	2.13176 	-0.0840788 	-1.75809 	0.000665127 	-0.112251 	0.00229723 	
1.84	2.13267 	-0.0844509 	-1.75814 	0.000640171 	-0.112298 	0.00228299 	
1.845	2.13345 	-0.0848135 	-1.75808 	0.000615573 	-0.112339 	0.00226808 	
1.85	2.13409 	-0.0851353 	-1.75792 	0.000593405 	-0.112375 	0.00225402 	
1.855	2.13273 	-0.084572 	-1.76034 	0.000650492 	-0.112411 	0.00227593 	
1.86	2.13361 	-0.0849383 	-1.76039 	0.000625865 	-0.112456 	0.00226183 	
1.865	2.13438 	-0.0852954 	-1.76033 	0.000601592 	-0.112497 	0.00224709 	
1.87	2.13501 	-0.0856126 	-1.76018 	0.000579712 	-0.112531 	0.0022332 	
1.875	2.13368 	-0.0850715 	-1.76254 	0.000635428 	-0.112566 	0.00225506 	
1.88	2.13454 	-0.0854318 	-1.76259 	0.000611158 	-0.112611 	0.00224111 	
1.885	2.13529 	-0.0857831 	-1.76252 	0.000587235 	-0.112651 	0.00222656 	
1.89	2.13591 	-0.0860951 	-1.76238 	0.000565667 	-0.112685 	0.00221286 	
1.895	2.13461 	-0.0855762 	-1.76468 	0.000619979 	-0.112719 	0.0022346 	
1.9	2.13545 	-0.0859301 	-1.76472 	0.000596089 	-0.112762 	0.00222083 	
1.905	2.13618 	-0.0862751 	-1.76466 	0.000572542 	-0.112801 	0.00220649 	
1.91	2.13679 	-0.0865818 	-1.76452 	0.000551308 	-0.112834 	0.00219299 	
1.915	2.13553 	-0.0860847 	-1.76677 	0.000604181 	-0.112868 	0.00221459 	
1.92	2.13634 	-0.0864319 	-1.7668 	0.000580697 	-0.11291 	0.002201 	
1.925	2.13706 	-0.0867705 	-1.76674 	0.00055755 	-0.112948 	0.00218689 	
1.93	2.13765 	-0.0870715 	-1.7666 	0.000536672 	-0.11298 	0.00217361 	
1.935	2.13642 	-0.0865959 	-1.76879 	0.000588072 	-0.113013 	0.002195 	
1.94	2.13722 	-0.0869361 	-1.76882 	0.000565017 	-0.113054 	0.00218163 	
1.945	2.13791 	-0.0872679 	-1.76877 	0.000542292 	-0.113091 	0.00216775 	
1.95	2.13849 	-0.0875631 	-1.76863 	0.00052179 	-0.113123 	0.00215471 	
1.955	2.13903 	-0.0878337 	-1.76849 	0.000502899 	-0.113153 	0.00214262 	
1.96	2.13743 	-0.0871983 	-1.77112 	0.000569394 	-0.113184 	0.00217208 	
1.965	2.13826 	-0.0875309 	-1.77121 	0.000546944 	-0.113226 	0.00215952 	
1.97	2.13896 	-0.0878584 	-1.77118 	0.00052454 	-0.113263 	0.002146 	
1.975	2.13952 	-0.0881472 	-1.77104 	0.000504448 	-0.113294 	0.00213319 	
1.98	2.14005 	-0.0884118 	-1.7709 	0.000485934 	-0.113322 	0.00212132 	
1.985	2.13847 	-0.0877953 	-1.77348 	0.000551432 	-0.113352 	0.00215094 	
1.99	2.13927 	-0.0881213 	-1.77357 	0.000529388 	-0.113393 	0.00213856 	
1.995	2.13995 	-0.0884426 	-1.77354 	0.000507372 	-0.113429 	0.00212525 	
2	2.1405 	-0.0887259 	-1.77341 	0.000487628 	-0.113459 	0.00211265 	
2.005	2.14101 	-0.0889857 	-1.77328 	0.000469433 	-0.113487 	0.00210097 	
2.01	2.13948 	-0.0884043 	-1.77576 	0.000532306 	-0.113516 	0.00212989 	
2.015	2.14025 	-0.0887224 	-1.77584 	0.000510748 	-0.113555 	0.0021177 	
2.02	2.14091 	-0.0890359 	-1.7758 	0.000489223 	-0.11359 	0.00210465 	
2.025	2.14144 	-0.0893127 	-1.77568 	0.000469907 	-0.113619 	0.00209231 	
2.03	2.14194 	-0.0895665 	-1.77555 	0.000452107 	-0.113646 	0.00208088 	
2.035	2.14048 	-0.0890208 	-1.77793 	0.000512178 	-0.113674 	0.00210897 	
2.04	2.14121 	-0.0893297 	-1.778 	0.00049119 	-0.113711 	0.00209703 	
2.045	2.14185 	-0.0896343 	-1.77796 	0.000470241 	-0.113745 	0.00208429 	
2.05	2.14236 	-0.0899034 	-1.77785 	0.000451429 	-0.113773 	0.00207227 	
2.055	2.14284 	-0.0901502 	-1.77772 	0.000434094 	-0.113799 	0.00206114 	
2.06	2.14145 	-0.0896393 	-1.77999 	0.000491322 	-0.113826 	0.00208833 	
2.065	2.14215 	-0.0899381 	-1.78005 	0.000470975 	-0.113862 	0.00207668 	
2.07	2.14276 	-0.0902327 	-1.78002 	0.000450669 	-0.113893 	0.0020643 	
2.075	2.14325 	-0.0904935 	-1.77991 	0.000432425 	-0.11392 	0.00205265 	
2.08	2.14371 	-0.0907325 	-1.77979 	0.000415611 	-0.113945 	0.00204186 	
2.085	2.14415 	-0.0909516 	-1.77967 	0.000400123 	-0.113969 	0.00203185 	
2.09	2.1425 	-0.0903362 	-1.78222 	0.000467788 	-0.113994 	0.00206517 	
2.095	2.14321 	-0.0906238 	-1.78233 	0.000448276 	-0.11403 	0.00205434 	
2.1	2.14381 	-0.09091 	-1.78231 	0.000428577 	-0.114061 	0.00204245 	
2.105	2.14428 	-0.0911613 	-1.78221 	0.000410968 	-0.114087 	0.0020312 	
2.11	2.14472 	-0.0913917 	-1.78209 	0.000394739 	-0.114111 	0.00202077 	
2.115	2.14513 	-0.0916029 	-1.78198 	0.000379789 	-0.114134 	0.0020111 	
2.12	2.14356 	-0.0910251 	-1.78442 	0.000444357 	-0.114157 	0.00204341 	
2.125	2.14422 	-0.0913013 	-1.78451 	0.000425573 	-0.114191 	0.0020329 	
2.13	2.14479 	-0.0915765 	-1.7845 	0.000406602 	-0.114221 	0.00202143 	
2.135	2.14524 	-0.0918184 	-1.7844 	0.000389632 	-0.114245 	0.00201058 	
2.14	2.14566 	-0.0920404 	-1.78429 	0.000373991 	-0.114268 	0.00200054 	
2.145	2.14606 	-0.0922438 	-1.78418 	0.00035958 	-0.11429 	0.00199123 	
2.15	2.14459 	-0.0917156 	-1.78646 	0.000419673 	-0.114312 	0.00202171 	
2.155	2.14521 	-0.0919787 	-1.78654 	0.000401735 	-0.114344 	0.00201157 	
2.16	2.14574 	-0.0922408 	-1.78652 	0.000383626 	-0.114372 	0.00200058 	
2.165	2.14617 	-0.0924718 	-1.78643 	0.00036741 	-0.114395 	0.00199023 	
2.17	2.14657 	-0.0926838 	-1.78633 	0.000352461 	-0.114417 	0.00198064 	
2.175	2.14694 	-0.0928781 	-1.78623 	0.000338687 	-0.114437 	0.00197175 	
2.18	2.14729 	-0.0930561 	-1.78613 	0.000326001 	-0.114456 	0.00196351 	
2.185	2.14568 	-0.0924699 	-1.78855 	0.000392091 	-0.114477 	0.00199789 	
2.19	2.14628 	-0.0927178 	-1.78866 	0.000375235 	-0.114507 	0.00198858 	
2.195	2.1468 	-0.092967 	-1.78866 	0.000358035 	-0.114534 	0.00197822 	
2.2	2.1472 	-0.0931854 	-1.78857 	0.000342694 	-0.114555 	0.00196843 	
2.205	2.14757 	-0.0933858 	-1.78848 	0.00032855 	-0.114576 	0.00195936 	
2.21	2.14792 	-0.0935696 	-1.78839 	0.000315516 	-0.114594 	0.00195095 	
2.215	2.14824 	-0.0937381 	-1.7883 	0.000303508 	-0.114612 	0.00194316 	
2.22	2.14676 	-0.0932097 	-1.79052 	0.000364085 	-0.114631 	0.00197509 	
2.225	2.14731 	-0.0934413 	-1.79061 	0.000348289 	-0.114659 	0.00196625 	
2.23	2.14778 	-0.0936744 	-1.79061 	0.000332173 	-0.114684 	0.00195651 	
2.235	2.14815 	-0.0938793 	-1.79053 	0.000317779 	-0.114704 	0.00194734 	
2.24	2.1485 	-0.0940673 	-1.79045 	0.000304505 	-0.114722 	0.00193884 	
2.245	2.14883 	-0.0942399 	-1.79037 	0.00029227 	-0.11474 	0.00193097 	
2.25	2.14913 	-0.0943982 	-1.79029 	0.000280996 	-0.114757 	0.00192367 	
2.255	2.14941 	-0.0945431 	-1.7902 	0.000270612 	-0.114772 	0.00191691 	
2.26	2.14789 	-0.0939983 	-1.79244 	0.00033289 	-0.114789 	0.00195037 	
2.265	2.1484 	-0.0942105 	-1.79253 	0.000318437 	-0.114815 	0.00194239 	
2.27	2.14884 	-0.0944261 	-1.79254 	0.000303547 	-0.114837 	0.00193344 	
2.275	2.14918 	-0.0946148 	-1.79247 	0.000290284 	-0.114856 	0.00192501 	
2.28	2.14949 	-0.0947882 	-1.79241 	0.000278051 	-0.114873 	0.00191719 	
2.285	2.14979 	-0.0949474 	-1.79234 	0.000266772 	-0.114889 	0.00190995 	
2.29	2.15006 	-0.0950935 	-1.79226 	0.000256375 	-0.114904 	0.00190324 	
2.295	2.15032 	-0.0952274 	-1.79219 	0.000246795 	-0.114918 	0.00189702 	
2.3	2.15057 	-0.0953501 	-1.79212 	0.00023797 	-0.114931 	0.00189126 	
2.305	2.15079 	-0.0954625 	-1.79204 	0.000229846 	-0.114944 	0.00188592 	
2.31	2.14913 	-0.0948627 	-1.79439 	0.000297662 	-0.114958 	0.00192313 	
2.315	2.14961 	-0.0950524 	-1.79451 	0.000284818 	-0.114981 	0.00191629 	
2.32	2.15001 	-0.0952482 	-1.79454 	0.000271339 	-0.115002 	0.00190829 	
2.325	2.15031 	-0.0954183 	-1.79448 	0.000259403 	-0.115018 	0.00190072 	
2.33	2.15059 	-0.0955747 	-1.79443 	0.000248389 	-0.115033 	0.0018937 	
2.335	2.15085 	-0.0957185 	-1.79437 	0.000238227 	-0.115047 	0.0018872 	
2.34	2.15109 	-0.0958505 	-1.79431 	0.000228855 	-0.11506 	0.00188118 	
2.345	2.15132 	-0.0959718 	-1.79426 	0.000220213 	-0.115072 	0.0018756 	
2.35	2.15153 	-0.0960831 	-1.7942 	0.000212247 	-0.115084 	0.00187043 	
2.355	2.15173 	-0.0961851 	-1.79414 	0.000204906 	-0.115095 	0.00186564 	
2.36	2.15192 	-0.0962786 	-1.79407 	0.000198143 	-0.115105 	0.0018612 	
2.365	2.15209 	-0.0963643 	-1.79401 	0.000191914 	-0.115115 	0.00185709 	
2.37	2.15225 	-0.0964427 	-1.79395 	0.00018618 	-0.115124 	0.00185328 	
2.375	2.15055 	-0.0958271 	-1.79629 	0.000255354 	-0.115135 	0.00189194 	
2.38	2.15097 	-0.0959874 	-1.79642 	0.000244583 	-0.115155 	0.0018864 	
2.385	2.15131 	-0.0961561 	-1.79646 	0.00023302 	-0.115172 	0.00187963 	
2.39	2.15156 	-0.0963019 	-1.79642 	0.00022284 	-0.115186 	0.00187321 	
2.395	2.15179 	-0.0964361 	-1.79638 	0.000213436 	-0.115198 	0.00186726 	
2.4	2.15201 	-0.0965597 	-1.79635 	0.000204752 	-0.11521 	0.00186175 	
2.405	2.15221 	-0.0966735 	-1.79631 	0.000196733 	-0.11522 	0.00185664 	
2.41	2.1524 	-0.0967783 	-1.79627 	0.000189329 	-0.11523 	0.00185191 	
2.415	2.15257 	-0.0968747 	-1.79623 	0.000182493 	-0.11524 	0.00184752 	
2.42	2.15274 	-0.0969634 	-1.79619 	0.000176185 	-0.115249 	0.00184346 	
2.425	2.15289 	-0.097045 	-1.79615 	0.000170361 	-0.115257 	0.0018397 	
2.43	2.15303 	-0.09712 	-1.79611 	0.000164987 	-0.115265 	0.00183621 	
2.435	2.15316 	-0.0971889 	-1.79607 	0.000160029 	-0.115272 	0.00183298 	
2.44	2.15329 	-0.0972523 	-1.79603 	0.000155454 	-0.115279 	0.00182998 	
2.445	2.1534 	-0.0973105 	-1.796 	0.000151234 	-0.115285 	0.00182721 	
2.45	2.15351 	-0.097364 	-1.79596 	0.000147342 	-0.115291 	0.00182464 	
2.455	2.15361 	-0.0974131 	-1.79592 	0.000143752 	-0.115297 	0.00182226 	
2.46	2.15371 	-0.0974582 	-1.79589 	0.00014044 	-0.115302 	0.00182005 	
2.465	2.1538 	-0.0974997 	-1.79585 	0.000137386 	-0.115307 	0.00181801 	
2.47	2.15388 	-0.0975377 	-1.79582 	0.000134568 	-0.115311 	0.00181612 	
2.475	2.15395 	-0.0975727 	-1.79578 	0.000131969 	-0.115316 	0.00181436 	
2.48	2.15403 	-0.0976048 	-1.79575 	0.000129571 	-0.11532 	0.00181274 	
2.485	2.15409 	-0.0976344 	-1.79572 	0.000127358 	-0.115323 	0.00181123 	
2.49	2.15416 	-0.0976615 	-1.79569 	0.000125315 	-0.115327 	0.00180983 	
2.495	2.15421 	-0.0976865 	-1.79566 	0.000123429 	-0.11533 	0.00180854 	
2.5	2.15427 	-0.0977095 	-1.79564 	0.000121687 	-0.115333 	0.00180734 	
2.505	2.15432 	-0.0977307 	-1.79561 	0.000120076 	-0.115336 	0.00180623 	
2.51	2.15436 	-0.0977503 	-1.79559 	0.000118587 	-0.115339 	0.00180521 	
2.515	2.15441 	-0.0977685 	-1.79557 	0.000117206 	-0.115341 	0.00180425 	
2.52	2.15445 	-0.0977853 	-1.79554 	0.000115929 	-0.115343 	0.00180337 	
2.525	2.15449 	-0.0978009 	-1.79553 	0.000114742 	-0.115345 	0.00180255 	
2.53	2.15452 	-0.0978156 	-1.79551 	0.000113623 	-0.115347 	0.00180178 	
2.535	2.15455 	-0.0978298 	-1.79549 	0.000112557 	-0.115349 	0.00180105 	
2.54	2.15459 	-0.0978435 	-1.79548 	0.000111532 	-0.115351 	0.00180036 	
2.545	2.15462 	-0.0978571 	-1.79546 	0.000110534 	-0.115353 	0.0017997 	
2.55	2.15465 	-0.0978707 	-1.79545 	0.000109551 	-0.115354 	0.00179906 	
2.555	2.15468 	-0.0978844 	-1.79544 	0.000108569 	-0.115356 	0.00179843 	
2.56	2.15471 	-0.0978984 	-1.79543 	0.000107581 	-0.115358 	0.00179781 	
2.565	2.15474 	-0.097913 	-1.79542 	0.000106574 	-0.115359 	0.00179719 	
2.57	2.15477 	-0.0979282 	-1.79541 	0.00010554 	-0.115361 	0.00179658 	
2.575	2.1548 	-0.0979441 	-1.79541 	0.00010447 	-0.115362 	0.00179595 	
2.58	2.15484 	-0.0979609 	-1.7954 	0.000103358 	-0.115364 	0.00179531 	
2.585	2.15487 	-0.0979787 	-1.7954 	0.000102194 	-0.115365 	0.00179466 	
2.59	2.15491 	-0.0979976 	-1.79539 	0.000100973 	-0.115367 	0.00179399 	
2.595	2.15494 	-0.0980177 	-1.79539 	9.96886e-05 	-0.115369 	0.0017933 	
2.6	2.15498 	-0.0980391 	-1.79539 	9.83345e-05 	-0.115371 	0.00179257 	
2.605	2.15502 	-0.0980618 	-1.79539 	9.69018e-05 	-0.115372 	0.00179182 	
2.61	2.15507 	-0.0980863 	-1.79539 	9.53765e-05 	-0.115374 	0.00179103 	
2.615	2.15511 	-0.0981123 	-1.79539 	9.37632e-05 	-0.115376 	0.00179021 	
2.62	2.15516 	-0.0981398 	-1.79539 	9.20636e-05 	-0.115378 	0.00178935 	
2.625	2.15521 	-0.098169 	-1.79539 	9.02718e-05 	-0.11538 	0.00178845 	
2.63	2.15527 	-0.0981998 	-1.7954 	8.83841e-05 	-0.115383 	0.00178751 	
2.635	2.15532 	-0.0982324 	-1.7954 	8.63972e-05 	-0.115385 	0.00178653 	
2.64	2.15538 	-0.0982668 	-1.79541 	8.43079e-05 	-0.115387 	0.0017855 	
2.645	2.15544 	-0.098303 	-1.79541 	8.21133e-05 	-0.11539 	0.00178442 	
2.65	2.1555 	-0.098341 	-1.79542 	7.9811e-05 	-0.115393 	0.0017833 	
2.655	2.15557 	-0.098381 	-1.79543 	7.73984e-05 	-0.115395 	0.00178213 	
2.66	2.15564 	-0.0984229 	-1.79544 	7.48733e-05 	-0.115398 	0.00178091 	
2.665	2.15571 	-0.0984668 	-1.79544 	7.22336e-05 	-0.115401 	0.00177964 	
2.67	2.15579 	-0.0985126 	-1.79545 	6.94776e-05 	-0.115404 	0.00177832 	
2.675	2.15587 	-0.0985605 	-1.79546 	6.66033e-05 	-0.115407 	0.00177694 	
2.68	2.15595 	-0.0986104 	-1.79548 	6.36093e-05 	-0.115411 	0.00177551 	
2.685	2.15604 	-0.0986624 	-1.79549 	6.04942e-05 	-0.115414 	0.00177402 	
2.69	2.15613 	-0.0987165 	-1.7955 	5.72565e-05 	-0.115418 	0.00177248 	
2.695	2.15622 	-0.0987727 	-1.79551 	5.3895e-05 	-0.115422 	0.00177088 	
2.7	2.15632 	-0.0988311 	-1.79553 	5.04088e-05 	-0.115425 	0.00176922 	
2.705	2.15641 	-0.0988915 	-1.79554 	4.67967e-05 	-0.115429 	0.00176751 	
2.71	2.15652 	-0.0989541 	-1.79556 	4.30578e-05 	-0.115433 	0.00176573 	
2.715	2.15662 	-0.0990189 	-1.79557 	3.91914e-05 	-0.115438 	0.0017639 	
2.72	2.15673 	-0.0990859 	-1.79559 	3.51967e-05 	-0.115442 	0.00176201 	
2.725	2.15684 	-0.099155 	-1.79561 	3.1073e-05 	-0.115447 	0.00176006 	
2.73	2.15696 	-0.0992264 	-1.79562 	2.68198e-05 	-0.115451 	0.00175805 	
2.735	2.15708 	-0.0992999 	-1.79564 	2.24365e-05 	-0.115456 	0.00175598 	
2.74	2.1572 	-0.0993757 	-1.79566 	1.79227e-05 	-0.115461 	0.00175385 	
2.745	2.15733 	-0.0994536 	-1.79568 	1.32779e-05 	-0.115466 	0.00175166 	
2.75	2.15746 	-0.0995338 	-1.7957 	8.50187e-06 	-0.115471 	0.00174941 	
2.755	2.1576 	-0.0996162 	-1.79572 	3.59426e-06 	-0.115476 	0.0017471 	
2.76	2.15773 	-0.0997009 	-1.79575 	-1.44517e-06 	-0.115482 	0.00174472 	
2.765	2.15787 	-0.0997878 	-1.79577 	-6.61661e-06 	-0.115488 	0.00174228 	
2.77	2.15802 	-0.0998769 	-1.79579 	-1.19202e-05 	-0.115493 	0.00173979 	
2.775	2.15817 	-0.0999682 	-1.79582 	-1.73562e-05 	-0.115499 	0.00173723 	
2.78	2.15832 	-0.100062 	-1.79584 	-2.29245e-05 	-0.115505 	0.00173461 	
2.785	2.15847 	-0.100158 	-1.79587 	-2.86252e-05 	-0.115511 	0.00173192 	
2.79	2.16068 	-0.0996458 	-1.7935 	2.83267e-05 	-0.115517 	0.001767 	
2.795	2.16082 	-0.0998273 	-1.7936 	1.7048e-05 	-0.115522 	0.00175987 	
2.8	2.16087 	-0.10002 	-1.79364 	4.98512e-06 	-0.115524 	0.00175287 	
2.805	2.16088 	-0.100199 	-1.79365 	-6.14272e-06 	-0.115524 	0.00174688 	
2.81	2.16092 	-0.100375 	-1.79367 	-1.70437e-05 	-0.115525 	0.00174106 	
2.815	2.16096 	-0.100548 	-1.79368 	-2.77441e-05 	-0.115527 	0.00173538 	
2.82	2.16102 	-0.100719 	-1.7937 	-3.82679e-05 	-0.115529 	0.00172983 	
2.825	2.1611 	-0.100887 	-1.79371 	-4.86376e-05 	-0.115532 	0.0017244 	
2.83	2.16118 	-0.101054 	-1.79373 	-5.8874e-05 	-0.115535 	0.00171907 	
2.835	2.16128 	-0.101219 	-1.79375 	-6.89961e-05 	-0.115539 	0.00171383 	
2.84	2.16138 	-0.101383 	-1.79377 	-7.90218e-05 	-0.115543 	0.00170867 	
2.845	2.1615 	-0.101546 	-1.7938 	-8.89673e-05 	-0.115548 	0.00170358 	
2.85	2.16162 	-0.101708 	-1.79382 	-9.88479e-05 	-0.115553 	0.00169855 	
2.855	2.16176 	-0.10187 	-1.79385 	-0.000108678 	-0.115558 	0.00169358 	
2.86	2.16421 	-0.101973 	-1.79113 	-0.000114318 	-0.115563 	0.00169218 	
2.865	2.16434 	-0.102152 	-1.79124 	-0.00012486 	-0.115567 	0.00168666 	
2.87	2.16436 	-0.102321 	-1.79126 	-0.000135046 	-0.115566 	0.00168129 	
2.875	2.16435 	-0.102485 	-1.79126 	-0.000144943 	-0.115565 	0.00167611 	
2.88	2.16436 	-0.102648 	-1.79126 	-0.000154833 	-0.115565 	0.00167098 	
2.885	2.16439 	-0.102812 	-1.79126 	-0.000164725 	-0.115566 	0.00166588 	
2.89	2.16444 	-0.102976 	-1.79126 	-0.000174629 	-0.115567 	0.00166081 	
2.895	2.16451 	-0.10314 	-1.79127 	-0.000184552 	-0.115569 	0.00165576 	
2.9	2.16459 	-0.103306 	-1.79128 	-0.000194502 	-0.115572 	0.00165072 	
2.905	2.16468 	-0.103472 	-1.7913 	-0.000204486 	-0.115575 	0.00164569 	
2.91	2.16479 	-0.103638 	-1.79131 	-0.00021451 	-0.115579 	0.00164067 	
2.915	2.16492 	-0.103806 	-1.79133 	-0.00022458 	-0.115583 	0.00163564 	
2.92	2.16742 	-0.103973 	-1.78853 	-0.000236324 	-0.115588 	0.00163062 	
2.925	2.16756 	-0.104154 	-1.78863 	-0.000246846 	-0.115592 	0.00162534 	
2.93	2.16757 	-0.104325 	-1.78866 	-0.000256975 	-0.11559 	0.00162015 	
2.935	2.16756 	-0.104492 	-1.78864 	-0.000266957 	-0.115589 	0.00161502 	
2.94	2.16757 	-0.104661 	-1.78864 	-0.00027703 	-0.115588 	0.00160988 	
2.945	2.1676 	-0.104831 	-1.78864 	-0.000287197 	-0.115589 	0.00160473 	
2.95	2.16765 	-0.105003 	-1.78864 	-0.000297458 	-0.11559 	0.00159955 	
2.955	2.16773 	-0.105177 	-1.78865 	-0.000307816 	-0.115592 	0.00159436 	
2.96	2.16782 	-0.105353 	-1.78866 	-0.000318271 	-0.115595 	0.00158913 	
2.965	2.16793 	-0.10553 	-1.78867 	-0.000328826 	-0.115598 	0.00158389 	
2.97	2.16805 	-0.105709 	-1.78869 	-0.00033948 	-0.115602 	0.00157861 	
2.975	2.17064 	-0.105893 	-1.78578 	-0.000352437 	-0.115607 	0.0015728 	
2.98	2.17079 	-0.106087 	-1.78589 	-0.000363621 	-0.115611 	0.00156724 	
2.985	2.17081 	-0.106271 	-1.78592 	-0.000374417 	-0.11561 	0.00156176 	
2.99	2.1708 	-0.106451 	-1.78591 	-0.0003851 	-0.115608 	0.00155631 	
2.995	2.17081 	-0.106633 	-1.7859 	-0.000395914 	-0.115607 	0.00155083 	
3	2.17085 	-0.106817 	-1.7859 	-0.000406855 	-0.115608 	0.00154531 	
3.005	2.17091 	-0.107004 	-1.7859 	-0.000417924 	-0.115609 	0.00153976 	
3.01	2.171 	-0.107193 	-1.78591 	-0.000429118 	-0.115611 	0.00153416 	
3.015	2.1711 	-0.107384 	-1.78592 	-0.000440437 	-0.115615 	0.00152853 	
3.02	2.17122 	-0.107577 	-1.78594 	-0.000451878 	-0.115619 	0.00152287 	
3.025	2.17381 	-0.107775 	-1.78302 	-0.000465627 	-0.115623 	0.00151647 	
3.03	2.17397 	-0.107984 	-1.78313 	-0.000477633 	-0.115627 	0.0015105 	
3.035	2.17399 	-0.108183 	-1.78316 	-0.00048927 	-0.115626 	0.0015046 	
3.04	2.17399 	-0.108378 	-1.78315 	-0.00050081 	-0.115624 	0.00149872 	
3.045	2.17401 	-0.108576 	-1.78314 	-0.000512495 	-0.115623 	0.00149281 	
3.05	2.17406 	-0.108775 	-1.78315 	-0.000524319 	-0.115624 	0.00148685 	
3.055	2.17413 	-0.108978 	-1.78315 	-0.000536281 	-0.115626 	0.00148085 	
3.06	2.17423 	-0.109182 	-1.78316 	-0.000548378 	-0.115628 	0.00147481 	
3.065	2.17434 	-0.109389 	-1.78318 	-0.000560607 	-0.115632 	0.00146873 	
3.07	2.17685 	-0.109601 	-1.78034 	-0.000575015 	-0.115636 	0.0014618 	
3.075	2.17701 	-0.109824 	-1.78045 	-0.000587798 	-0.115639 	0.00145542 	
3.08	2.17704 	-0.110036 	-1.78048 	-0.000600245 	-0.115638 	0.0014491 	
3.085	2.17704 	-0.110246 	-1.78047 	-0.000612616 	-0.115637 	0.0014428 	
3.09	2.17707 	-0.110458 	-1.78047 	-0.000625133 	-0.115637 	0.00143646 	
3.095	2.17713 	-0.110672 	-1.78047 	-0.000637793 	-0.115638 	0.00143008 	
3.1	2.17722 	-0.110889 	-1.78048 	-0.000650591 	-0.11564 	0.00142366 	
3.105	2.17733 	-0.111108 	-1.7805 	-0.000663525 	-0.115643 	0.0014172 	
3.11	2.17745 	-0.111329 	-1.78052 	-0.000676592 	-0.115647 	0.00141069 	
3.115	2.1801 	-0.111557 	-1.77753 	-0.000691874 	-0.115652 	0.00140312 	
3.12	2.18028 	-0.111795 	-1.77766 	-0.00070554 	-0.115656 	0.0013963 	
3.125	2.18032 	-0.112023 	-1.7777 	-0.000718825 	-0.115655 	0.00138955 	
3.13	2.18033 	-0.112246 	-1.77769 	-0.00073201 	-0.115653 	0.00138282 	
3.135	2.18037 	-0.112472 	-1.77769 	-0.000745341 	-0.115653 	0.00137606 	
3.14	2.18044 	-0.1127 	-1.7777 	-0.000758813 	-0.115654 	0.00136926 	
3.145	2.18053 	-0.112931 	-1.77772 	-0.000772421 	-0.115657 	0.00136241 	
3.15	2.18065 	-0.113164 	-1.77773 	-0.000786163 	-0.11566 	0.00135553 	
3.155	2.18314 	-0.113403 	-1.77491 	-0.000801919 	-0.115664 	0.00134751 	
3.16	2.18331 	-0.113651 	-1.77503 	-0.000816211 	-0.115668 	0.00134033 	
3.165	2.18335 	-0.113891 	-1.77506 	-0.000830174 	-0.115667 	0.00133321 	
3.17	2.18337 	-0.114126 	-1.77506 	-0.000844062 	-0.115666 	0.00132612 	
3.175	2.18342 	-0.114365 	-1.77507 	-0.000858092 	-0.115666 	0.00131899 	
3.18	2.18349 	-0.114605 	-1.77508 	-0.000872258 	-0.115667 	0.00131182 	
3.185	2.18359 	-0.114845 	-1.7751 	-0.000886362 	-0.115669 	0.00130475 	
3.19	1.78985 	0.0914674 	-0.991607 	-0.0101508 	-0.0831131 	-0.00501746 	
3.195	0.549505 	0.69482 	1.37273 	-0.0384205 	0.0169708 	-0.0234582 	
3.2	0.411267 	0.632495 	1.35342 	-0.0393271 	0.0216434 	-0.0213512 	
3.205	0.541245 	0.57749 	1.1246 	-0.0365317 	0.0115932 	-0.0197022 	
3.21	0.264438 	0.734829 	1.70078 	-0.0431749 	0.035123 	-0.0245841 	
3.215	-0.786589 	1.2973 	3.8112 	-0.0677992 	0.122618 	-0.0419283 	
3.22	-0.979868 	1.40648 	4.21796 	-0.0723055 	0.139365 	-0.0453384 	
3.225	-1.98083 	1.93343 	6.22584 	-0.0952493 	0.223263 	-0.0616275 	
3.23	-2.09411 	1.99893 	6.46971 	-0.0978621 	0.233254 	-0.0636786 	
3.235	-3.50954 	2.66793 	9.13502 	-0.128918 	0.347459 	-0.0841376 	
3.24	-4.47805 	2.99391 	10.6918 	-0.148827 	0.419598 	-0.0931926 	
3.245	-3.98998 	2.76592 	9.77971 	-0.138027 	0.38042 	-0.0862903 	
3.25	-3.96485 	2.77393 	9.77803 	-0.137596 	0.379625 	-0.086667 	
3.255	-4.79587 	3.21999 	11.4637 	-0.156357 	0.449914 	-0.100564 	
3.26	-4.28451 	2.9754 	10.4952 	-0.145009 	0.408516 	-0.0931238 	
3.265	-4.21679 	2.95876 	10.3963 	-0.143356 	0.403677 	-0.0928576 	
3.27	-4.99648 	3.36866 	11.9207 	-0.159733 	0.467374 	-0.106203 	
3.275	-4.83129 	3.26665 	11.6381 	-0.158232 	0.455195 	-0.101082 	
3.28	-5.31904 	3.46344 	12.7276 	-0.176127 	0.499982 	-0.10101 	
3.285	-5.12414 	3.41459 	12.6009 	-0.177034 	0.49088 	-0.0962539 	
3.29	-5.24567 	3.55162 	13.2796 	-0.189512 	0.513077 	-0.0941813 	
3.295	-5.05997 	3.49855 	13.1229 	-0.189537 	0.50342 	-0.0899651 	
3.3	-5.15879 	3.62417 	13.7597 	-0.201548 	0.523803 	-0.0874984 	
3.305	-4.87819 	3.50631 	13.4273 	-0.201166 	0.506443 	-0.0798371 	
3.31	-4.9913 	3.55587 	13.9375 	-0.213167 	0.524558 	-0.0739921 	
3.315	-4.51659 	3.3868 	13.3309 	-0.209138 	0.493985 	-0.0650332 	
3.32	-4.10024 	3.32574 	13.2451 	-0.215124 	0.479076 	-0.0540847 	
3.325	-4.09352 	3.32344 	13.2064 	-0.212015 	0.477066 	-0.0554546 	
3.33	-4.93997 	3.67026 	14.4251 	-0.216422 	0.534258 	-0.0734505 	
3.335	-4.90488 	3.65957 	14.3217 	-0.213241 	0.529685 	-0.0746714 	
3.34	-5.64941 	3.96041 	15.3308 	-0.218293 	0.577681 	-0.0903316 	
3.345	-5.36414 	3.80578 	14.8171 	-0.213076 	0.555451 	-0.0844012 	
3.35	-5.49453 	3.87712 	15.3559 	-0.221946 	0.573883 	-0.0813106 	
3.355	-5.30415 	3.80289 	15.0611 	-0.218715 	0.559429 	-0.0784254 	
3.36	-5.77533 	4.04168 	16.004 	-0.229089 	0.596306 	-0.0848112 	
3.365	-6.11329 	4.07276 	15.792 	-0.215363 	0.600252 	-0.0987733 	
3.37	-5.66322 	3.94562 	15.1671 	-0.207317 	0.570125 	-0.0952025 	
3.375	-5.52359 	4.00348 	15.7033 	-0.220544 	0.580984 	-0.0864736 	
3.38	-5.05751 	3.77629 	14.8374 	-0.211426 	0.544277 	-0.0790523 	
3.385	-4.85401 	3.74092 	14.9838 	-0.218722 	0.543087 	-0.0699844 	
3.39	-4.37525 	3.53115 	14.1373 	-0.20961 	0.506247 	-0.0633572 	
3.395	-3.70745 	3.26138 	13.0034 	-0.197868 	0.455679 	-0.0546979 	
3.4	-3.11121 	3.0109 	11.9491 	-0.186601 	0.40944 	-0.0471048 	
3.405	-2.53736 	2.77845 	10.9753 	-0.176553 	0.366012 	-0.0396222 	
3.41	-2.09112 	2.56396 	10.0584 	-0.165836 	0.327704 	-0.0344681 	
3.415	-1.77646 	2.36669 	9.19347 	-0.153835 	0.295242 	-0.0318866 	
3.42	-1.48495 	2.18384 	8.39194 	-0.142712 	0.26516 	-0.0294946 	
3.425	-1.21479 	2.01436 	7.6491 	-0.132405 	0.237281 	-0.0272784 	
3.43	-0.964368 	1.85727 	6.96062 	-0.122854 	0.21144 	-0.025225 	
3.435	-1.31898 	1.95817 	7.33849 	-0.122518 	0.231333 	-0.0317243 	
3.44	-2.82109 	2.54471 	9.72062 	-0.13924 	0.337457 	-0.0545519 	
3.445	-3.39966 	2.65044 	10.0812 	-0.135435 	0.364008 	-0.0653799 	
3.45	-5.79474 	3.35279 	12.8346 	-0.144741 	0.508329 	-0.104595 	
3.455	-5.80127 	3.35022 	12.8319 	-0.143473 	0.508495 	-0.105019 	
3.46	-6.97202 	3.84422 	14.8932 	-0.159443 	0.59801 	-0.122071 	
3.465	-6.89671 	3.80542 	14.7331 	-0.156731 	0.591568 	-0.121445 	
3.47	-8.02029 	4.27418 	16.7014 	-0.171837 	0.677196 	-0.137586 	
3.475	-7.87921 	4.20653 	16.4243 	-0.168252 	0.665685 	-0.135921 	
3.48	-8.98901 	4.65388 	18.3025 	-0.182406 	0.748075 	-0.151541 	
3.485	-8.49592 	4.49017 	17.4902 	-0.181615 	0.711546 	-0.145174 	
3.49	-8.72529 	4.73817 	18.183 	-0.207651 	0.735691 	-0.148718 	
3.495	-8.15044 	4.56351 	17.6603 	-0.206267 	0.705434 	-0.137044 	
3.5	-7.81035 	4.55657 	17.9748 	-0.216602 	0.704753 	-0.125588 	
3.505	-7.30353 	4.39539 	17.4713 	-0.214527 	0.676895 	-0.115619 	
3.51	-7.0316 	4.40469 	17.8247 	-0.22443 	0.679146 	-0.10575 	
3.515	-7.23322 	4.49281 	17.7876 	-0.241958 	0.684073 	-0.0912819 	
3.52	-8.81957 	5.22103 	19.5336 	-0.3113 	0.778048 	-0.0644388 	
3.525	-8.63677 	5.12553 	19.1335 	-0.297722 	0.761248 	-0.0701158 	
3.53	-9.72527 	5.37085 	19.9846 	-0.291667 	0.815153 	-0.0930689 	
3.535	-9.28587 	5.28422 	19.5749 	-0.295235 	0.79084 	-0.0835645 	
3.54	-10.0304 	5.53192 	20.4431 	-0.289883 	0.833389 	-0.103643 	
3.545	-9.6796 	5.47004 	19.9659 	-0.297492 	0.809999 	-0.0945522 	
3.55	-10.5706 	6.15461 	21.2102 	-0.351489 	0.874713 	-0.0924825 	
3.555	-11.1503 	6.53337 	21.8388 	-0.385634 	0.937093 	-0.0798816 	
3.56	-11.2106 	6.65286 	21.9253 	-0.396176 	0.968346 	-0.0795195 	
3.565	-10.981 	6.68409 	21.8768 	-0.381794 	0.978512 	-0.104686 	
3.57	-10.7536 	6.89474 	22.1805 	-0.429668 	1.03009 	-0.0601947 	
3.575	-10.7776 	6.80186 	22.1014 	-0.407787 	1.01723 	-0.0718069 	
3.58	-10.7088 	6.66394 	22.1694 	-0.408246 	1.01861 	-0.0435956 	
3.585	-11.2013 	6.94167 	22.4122 	-0.419363 	1.02383 	-0.0544592 	
3.59	-12.9773 	7.33091 	23.156 	-0.425123 	1.00764 	-0.0810315 	
3.595	-14.2444 	7.30018 	22.4032 	-0.417511 	0.806022 	-0.0883879 	
3.6	-14.7599 	7.53296 	22.8049 	-0.431867 	0.823592 	-0.0906679 	
3.605	-14.2904 	7.43326 	22.5434 	-0.419417 	0.813028 	-0.0942757 	
3.61	-13.9292 	7.34194 	22.5598 	-0.419545 	0.812794 	-0.0886891 	
3.615	-13.1786 	6.62288 	21.766 	-0.361445 	0.781868 	-0.0770345 	
3.62	-12.5772 	4.95841 	20.8719 	-0.193091 	0.750873 	-0.0626065 	
3.625	-11.9108 	4.6572 	18.9384 	-0.184374 	0.62067 	-0.0673399 	
3.63	-13.406 	4.55735 	17.2309 	-0.18274 	0.356245 	-0.0738535 	
3.635	-13.9145 	4.788 	15.75 	-0.224362 	0.180757 	-0.0749943 	
3.64	-13.0544 	4.98045 	15.0214 	-0.271434 	0.183117 	-0.060315 	
3.645	-12.2958 	4.83651 	14.6656 	-0.270789 	0.191546 	-0.0594499 	
3.65	-11.4463 	4.65344 	14.0774 	-0.267008 	0.188909 	-0.0582523 	
3.655	-10.8348 	4.55133 	13.869 	-0.269665 	0.198626 	-0.0560973 	
3.66	-10.1249 	4.40291 	13.3831 	-0.267215 	0.19697 	-0.0551895 	
3.665	-9.24742 	4.31028 	13.4177 	-0.268232 	0.261592 	-0.054234 	
3.67	-7.00838 	4.12561 	13.6709 	-0.26046 	0.484327 	-0.0545491 	
3.675	-5.54858 	3.86059 	13.9759 	-0.244157 	0.631329 	-0.0496597 	
3.68	-5.75662 	3.23058 	12.9838 	-0.178841 	0.519934 	-0.0575427 	
3.685	-4.55916 	3.09352 	13.2178 	-0.175357 	0.645875 	-0.0532356 	
3.69	-4.16952 	2.85433 	12.4419 	-0.161065 	0.601051 	-0.0520434 	
3.695	-4.12124 	2.96664 	12.3871 	-0.183039 	0.602819 	-0.0414557 	
3.7	-4.16178 	4.07709 	12.7841 	-0.295023 	0.673488 	-0.0625366 	
3.705	-4.25998 	5.03832 	13.395 	-0.407337 	0.747705 	-0.0512057 	
3.71	-4.31249 	6.09317 	13.7792 	-0.519495 	0.813525 	-0.0632325 	
3.715	-4.35581 	6.85248 	14.2256 	-0.637448 	0.870033 	-0.00795919 	
3.72	-4.37613 	6.40514 	13.6846 	-0.59949 	0.826856 	-0.00076189 	
3.725	-4.46069 	5.95921 	13.4671 	-0.565691 	0.795041 	0.0152983 	
3.73	-4.45308 	5.52627 	12.9641 	-0.530613 	0.756408 	0.0258932 	
3.735	-4.53485 	5.15755 	12.8322 	-0.499815 	0.730758 	0.0351369 	
3.74	-4.46679 	4.77797 	12.5053 	-0.469508 	0.711835 	0.0476996 	
3.745	-4.04008 	4.23618 	12.625 	-0.415892 	0.74873 	0.0536279 	
3.75	-2.98935 	3.30164 	11.97 	-0.305916 	0.761869 	0.0240778 	
3.755	-3.29454 	3.43636 	12.2945 	-0.32571 	0.769012 	0.0349895 	
3.76	-3.14181 	4.58405 	12.6574 	-0.425253 	0.846857 	-0.0116992 	
3.765	-2.49571 	3.97273 	12.9246 	-0.358426 	0.926615 	-0.00948693 	
3.77	-2.33469 	3.62193 	12.2686 	-0.318956 	0.868026 	-0.0246763 	
3.775	-2.71993 	3.19309 	12.3255 	-0.281116 	0.847598 	0.000320815 	
3.78	-2.57838 	2.9116 	11.6777 	-0.263126 	0.792795 	0.0135199 	
3.785	-2.96065 	2.6894 	11.7638 	-0.244306 	0.77281 	0.0353719 	
3.79	-2.7319 	2.55904 	11.1511 	-0.237233 	0.722229 	0.0379972 	
3.795	-3.00279 	2.66139 	11.2716 	-0.242384 	0.707032 	0.0366911 	
3.8	-2.9312 	2.56723 	10.9095 	-0.238938 	0.672656 	0.0419338 	
3.805	-2.99132 	2.58531 	10.8881 	-0.243055 	0.656492 	0.0520838 	
3.81	-3.12457 	2.62932 	10.8071 	-0.257931 	0.643622 	0.0648953 	
3.815	-3.1804 	2.73757 	10.8174 	-0.27219 	0.631144 	0.0749998 	
3.82	-3.2969 	2.75632 	10.7504 	-0.281625 	0.619165 	0.0829466 	
3.825	-3.3276 	2.83189 	10.7556 	-0.289653 	0.606461 	0.0877773 	
3.83	-3.42568 	2.82271 	10.6879 	-0.29357 	0.5946 	0.0909901 	
3.835	-3.43782 	2.87655 	10.6914 	-0.297516 	0.582238 	0.0924168 	
3.84	-3.52295 	2.84875 	10.6257 	-0.29764 	0.57087 	0.0923732 	
3.845	-3.52382 	2.89511 	10.634 	-0.300228 	0.559708 	0.0927341 	
3.85	-3.60308 	2.85891 	10.5791 	-0.299241 	0.550144 	0.0925411 	
3.855	-3.60971 	2.9067 	10.62 	-0.305151 	0.543693 	0.0989972 	
3.86	-3.70919 	2.90317 	10.6154 	-0.312905 	0.541011 	0.108894 	
3.865	-3.71414 	2.95929 	10.6672 	-0.320733 	0.536819 	0.117234 	
3.87	-3.80471 	2.94727 	10.656 	-0.326016 	0.534032 	0.124277 	
3.875	-3.79681 	2.99353 	10.6958 	-0.331444 	0.529423 	0.129969 	
3.88	-3.88017 	2.97415 	10.6782 	-0.334599 	0.526549 	0.134566 	
3.885	-3.86142 	3.01245 	10.7085 	-0.338079 	0.521644 	0.138107 	
3.89	-3.9325 	2.97713 	10.6755 	-0.336995 	0.517356 	0.13802 	
3.895	-3.88943 	2.9865 	10.6729 	-0.333395 	0.509102 	0.133967 	
3.9	-3.9512 	2.93906 	10.6298 	-0.328758 	0.503719 	0.129901 	
3.905	-3.91639 	2.96259 	10.6508 	-0.3293 	0.498805 	0.130857 	
3.91	-4.01225 	2.95391 	10.675 	-0.336716 	0.502279 	0.142081 	
3.915	-3.98253 	2.98362 	10.713 	-0.340136 	0.500108 	0.147294 	
3.92	-4.06631 	2.9624 	10.7166 	-0.343237 	0.501366 	0.152976 	
3.925	-4.03265 	2.99291 	10.7506 	-0.346782 	0.499508 	0.158165 	
3.93	-4.11241 	2.96796 	10.7463 	-0.348259 	0.500202 	0.161618 	
3.935	-4.07276 	2.99635 	10.7732 	-0.351077 	0.498077 	0.165768 	
3.94	-4.14887 	2.96761 	10.7621 	-0.350911 	0.498169 	0.166985 	
3.945	-4.12205 	2.87334 	10.8445 	-0.3497 	0.504809 	0.189766 	
3.95	-4.12261 	2.41601 	10.7806 	-0.332911 	0.520057 	0.244697 	
3.955	-3.83608 	2.21519 	10.3956 	-0.320548 	0.502519 	0.256446 	
3.96	-4.32353 	1.99743 	11.1832 	-0.327774 	0.564981 	0.332232 	
3.965	-4.07118 	1.71479 	10.859 	-0.323321 	0.561648 	0.376075 	
3.97	-3.99632 	1.6043 	10.7959 	-0.298513 	0.543563 	0.353901 	
3.975	-4.01743 	1.57047 	10.7203 	-0.290841 	0.529434 	0.347152 	
3.98	-3.81499 	1.51221 	10.4015 	-0.279789 	0.503939 	0.333899 	
3.985	-3.90742 	1.52231 	10.4732 	-0.274695 	0.497051 	0.326129 	
3.99	-3.72959 	1.47878 	10.2029 	-0.266934 	0.475185 	0.316328 	
3.995	-3.8288 	1.49252 	10.2985 	-0.26307 	0.470652 	0.310185 	
4	-3.65373 	1.45083 	10.0464 	-0.256431 	0.450783 	0.301916 	
4.005	-3.76086 	1.46675 	10.1626 	-0.253331 	0.448323 	0.2969 	
4.01	-3.58866 	1.42481 	9.92752 	-0.247123 	0.430193 	0.289497 	
4.015	-3.70477 	1.44251 	10.0634 	-0.244583 	0.429612 	0.28536 	
4.02	-3.53464 	1.40091 	9.84051 	-0.238821 	0.412907 	0.278737 	
4.025	-3.65886 	1.42042 	9.99162 	-0.236787 	0.413911 	0.275347 	
4.03	-3.48995 	1.37933 	9.7771 	-0.231448 	0.398364 	0.269406 	
4.035	-3.62163 	1.40071 	9.9402 	-0.229874 	0.400715 	0.266657 	
4.04	-3.43864 	1.34691 	9.71736 	-0.222837 	0.385362 	0.259941 	
4.045	-3.56 	1.33655 	9.88739 	-0.2161 	0.388351 	0.254455 	
4.05	-3.43683 	1.29904 	9.75388 	-0.21134 	0.377616 	0.250454 	
4.055	-3.50656 	1.28217 	9.84004 	-0.204523 	0.377727 	0.24455 	
4.06	-3.38621 	1.24804 	9.70921 	-0.200819 	0.367732 	0.241494 	
4.065	-3.46232 	1.23603 	9.80158 	-0.194517 	0.368683 	0.235974 	
4.07	-3.34455 	1.20584 	9.67484 	-0.19178 	0.359369 	0.233785 	
4.075	-3.42644 	1.19705 	9.77377 	-0.185837 	0.361081 	0.228548 	
4.08	-3.31051 	1.17047 	9.64992 	-0.183955 	0.352325 	0.227119 	
4.085	-3.3976 	1.16419 	9.75423 	-0.178292 	0.354689 	0.222099 	
4.09	-3.33241 	1.17698 	9.70558 	-0.182115 	0.349692 	0.224638 	
4.095	-3.54199 	1.27896 	9.9854 	-0.190509 	0.360473 	0.227289 	
4.1	-3.3854 	1.285 	9.78567 	-0.192682 	0.349551 	0.22475 	
4.105	-3.60179 	1.35466 	10.0642 	-0.198762 	0.360479 	0.229615 	
4.11	-3.42591 	1.35677 	9.83305 	-0.2001 	0.348545 	0.225628 	
4.115	-3.55093 	1.50582 	9.97862 	-0.207248 	0.354671 	0.214085 	
4.12	-3.46054 	1.52146 	9.89199 	-0.210594 	0.348862 	0.213017 	
4.125	-3.55471 	1.58294 	9.96945 	-0.213439 	0.352109 	0.209858 	
4.13	-3.46428 	1.59331 	9.88494 	-0.216527 	0.346559 	0.209047 	
4.135	-3.55965 	1.64641 	9.96282 	-0.21884 	0.350004 	0.206434 	
4.14	-3.468 	1.65205 	9.8799 	-0.221512 	0.344627 	0.20567 	
4.145	-3.5653 	1.69549 	9.95951 	-0.223127 	0.348275 	0.203689 	
4.15	-3.47095 	1.69565 	9.87713 	-0.225084 	0.342974 	0.202586 	
4.155	-3.56991 	1.73063 	9.95813 	-0.225959 	0.346794 	0.200925 	
4.16	-3.47451 	1.72779 	9.8763 	-0.227848 	0.341591 	0.200332 	
4.165	-3.57434 	1.75484 	9.95818 	-0.227787 	0.345527 	0.198501 	
4.17	-3.47849 	1.74929 	9.87677 	-0.22964 	0.340371 	0.198446 	
4.175	-3.58021 	1.77373 	9.95957 	-0.229384 	0.344443 	0.196776 	
4.18	-3.48317 	1.76547 	9.87841 	-0.231071 	0.339336 	0.197013 	
4.185	-3.58638 	1.78723 	9.96195 	-0.230554 	0.34354 	0.195417 	
4.19	-3.48806 	1.77686 	9.8809 	-0.232116 	0.338465 	0.19591 	
4.195	-3.59283 	1.79656 	9.96508 	-0.231392 	0.342791 	0.194372 	
4.2	-3.49316 	1.78465 	9.88404 	-0.232874 	0.337736 	0.195089 	
4.205	-3.59959 	1.80294 	9.9688 	-0.232013 	0.342179 	0.19361 	
4.21	-3.49848 	1.78985 	9.88766 	-0.233441 	0.337131 	0.194523 	
4.215	-3.60666 	1.80715 	9.97298 	-0.232482 	0.341684 	0.193095 	
4.22	-3.50401 	1.7932 	9.89163 	-0.233877 	0.336631 	0.194182 	
4.225	-3.61404 	1.80986 	9.97751 	-0.232859 	0.341292 	0.192803 	
4.23	-3.50991 	1.79511 	9.89597 	-0.234227 	0.336229 	0.194055 	
4.235	-3.62155 	1.81129 	9.98221 	-0.233155 	0.340981 	0.192702 	
4.24	-3.51593 	1.79599 	9.90047 	-0.234509 	0.335903 	0.194089 	
4.245	-3.62925 	1.81188 	9.98708 	-0.233401 	0.340743 	0.192756 	
4.25	-3.52202 	1.79615 	9.90507 	-0.23475 	0.335641 	0.194263 	
4.255	-3.63709 	1.81184 	9.99207 	-0.233613 	0.340568 	0.19294 	
4.26	-3.52818 	1.79577 	9.90972 	-0.234961 	0.335434 	0.194556 	
4.265	-3.64506 	1.81137 	9.99712 	-0.233803 	0.340445 	0.193235 	
4.27	-3.53435 	1.79502 	9.91439 	-0.235154 	0.335272 	0.194949 	
4.275	-3.65311 	1.81055 	10.0022 	-0.233978 	0.340367 	0.193624 	
4.28	-3.5405 	1.79401 	9.91903 	-0.235339 	0.335147 	0.195429 	
4.285	-3.66126 	1.8096 	10.0073 	-0.234159 	0.340329 	0.194099 	
4.29	-3.54684 	1.79275 	9.92377 	-0.235522 	0.335064 	0.195999 	
4.295	-3.6695 	1.80829 	10.0125 	-0.234319 	0.340323 	0.194654 	
4.3	-3.55344 	1.79115 	9.92865 	-0.23569 	0.335017 	0.196652 	
4.305	-3.6775 	1.8069 	10.0173 	-0.234488 	0.340331 	0.195279 	
4.31	-3.55988 	1.78965 	9.93341 	-0.23587 	0.334989 	0.197341 	
4.315	-3.68549 	1.80544 	10.0222 	-0.234647 	0.340362 	0.19593 	
4.32	-3.56607 	1.78816 	9.93798 	-0.236049 	0.334973 	0.198054 	
4.325	-3.69352 	1.8041 	10.0271 	-0.234823 	0.340414 	0.196616 	
4.33	-3.57243 	1.78662 	9.94265 	-0.236235 	0.334981 	0.198817 	
4.335	-3.70121 	1.80274 	10.0317 	-0.235001 	0.340469 	0.197329 	
4.34	-3.57832 	1.78525 	9.94702 	-0.236419 	0.334988 	0.199555 	
4.345	-3.70918 	1.8011 	10.0365 	-0.235118 	0.340551 	0.198002 	
4.35	-3.58479 	1.78672 	9.95151 	-0.237059 	0.335042 	0.200579 	
4.355	-3.71993 	1.80849 	10.0423 	-0.236701 	0.340794 	0.199579 	
4.36	-3.58994 	1.78478 	9.95565 	-0.23707 	0.335049 	0.20113 	
4.365	-3.72748 	1.80625 	10.047 	-0.236663 	0.340889 	0.200079 	
4.37	-3.5948 	1.78271 	9.95967 	-0.237023 	0.335058 	0.201594 	
4.375	-3.73346 	1.797 	10.051 	-0.235697 	0.340897 	0.200294 	
4.38	-3.59291 	1.75463 	9.95934 	-0.233523 	0.334664 	0.201014 	
4.385	-3.73122 	1.77568 	10.0474 	-0.232565 	0.340494 	0.199051 	
4.39	-3.58892 	1.73707 	9.95657 	-0.230779 	0.33426 	0.19971 	
4.395	-3.73015 	1.75676 	10.0447 	-0.229819 	0.340148 	0.198126 	
4.4	-3.58597 	1.72122 	9.95477 	-0.228338 	0.333909 	0.198695 	
4.405	-3.73003 	1.73943 	10.0429 	-0.227349 	0.339853 	0.197457 	
4.41	-3.58374 	1.70671 	9.95361 	-0.226132 	0.333596 	0.197892 	
4.415	-3.73077 	1.72314 	10.0419 	-0.225104 	0.339599 	0.19704 	
4.42	-3.58225 	1.69376 	9.95305 	-0.224194 	0.333321 	0.197302 	
4.425	-3.7322 	1.70833 	10.0414 	-0.223104 	0.33938 	0.196808 	
4.43	-3.5814 	1.68193 	9.95305 	-0.222476 	0.33308 	0.196919 	
4.435	-3.73417 	1.69436 	10.0413 	-0.221274 	0.339187 	0.196744 	
4.44	-3.58077 	1.67006 	9.95328 	-0.220815 	0.332853 	0.196665 	
4.445	-3.73645 	1.68045 	10.0414 	-0.219514 	0.33901 	0.196814 	
4.45	-3.58051 	1.65885 	9.95376 	-0.219294 	0.332643 	0.196547 	
4.455	-3.73927 	1.66689 	10.0418 	-0.217872 	0.338852 	0.197043 	
4.46	-3.58015 	1.64887 	9.95417 	-0.21792 	0.332435 	0.19645 	
4.465	-3.74257 	1.65405 	10.0424 	-0.216385 	0.338714 	0.197415 	
4.47	-3.58037 	1.63934 	9.95493 	-0.216684 	0.33225 	0.196523 	
4.475	-3.7452 	1.63923 	10.0425 	-0.214646 	0.338533 	0.197725 	
4.48	-3.58096 	1.63198 	9.95619 	-0.215684 	0.332103 	0.19658 	
4.485	-3.74848 	1.62786 	10.0437 	-0.213224 	0.338424 	0.197877 	
4.49	-3.58118 	1.62185 	9.95639 	-0.214522 	0.331891 	0.196936 	
4.495	-3.75205 	1.61773 	10.0453 	-0.211938 	0.33834 	0.198016 	
4.5	-3.58144 	1.61185 	9.95654 	-0.213411 	0.331678 	0.197355 	
4.505	-3.75573 	1.60778 	10.0469 	-0.210707 	0.338259 	0.198214 	
4.51	-3.5817 	1.60199 	9.95665 	-0.212344 	0.331465 	0.197824 	
