0	0.0375657 	-0.00170152 	-0.0284831 	4.31391e-06 	-0.00180521 	8.30314e-05 	
0.005	0.185079 	-0.00838305 	-0.140331 	2.12538e-05 	-0.00889393 	0.00040908 	
0.01	0.321796 	-0.0145756 	-0.243993 	3.69539e-05 	-0.0154638 	0.000711265 	
0.015	0.448506 	-0.0203148 	-0.340067 	5.15049e-05 	-0.0215529 	0.000991334 	
0.02	0.565942 	-0.0256341 	-0.42911 	6.49904e-05 	-0.0271963 	0.0012509 	
0.025	0.674784 	-0.030564 	-0.511636 	7.74867e-05 	-0.0324266 	0.00149147 	
0.03	0.77566 	-0.0351331 	-0.588121 	8.90656e-05 	-0.0372742 	0.00171443 	
0.035	0.869153 	-0.0393677 	-0.659007 	9.97939e-05 	-0.0417671 	0.00192107 	
0.04	0.955805 	-0.0432925 	-0.724705 	0.000109733 	-0.0459311 	0.00211258 	
0.045	1.03611 	-0.04693 	-0.785594 	0.000118941 	-0.0497904 	0.00229006 	
0.05	1.11055 	-0.0503013 	-0.842025 	0.000127469 	-0.0533674 	0.00245456 	
0.055	1.17953 	-0.0534259 	-0.894326 	0.000135367 	-0.0566825 	0.002607 	
0.06	1.24347 	-0.0563218 	-0.942797 	0.000142681 	-0.0597551 	0.00274828 	
0.065	1.30273 	-0.0590058 	-0.98772 	0.000149451 	-0.062603 	0.00287922 	
0.07	1.35765 	-0.0614933 	-1.02935 	0.000155719 	-0.0652424 	0.00300056 	
0.075	1.40856 	-0.0637989 	-1.06794 	0.000161519 	-0.0676888 	0.00311301 	
0.08	1.45574 	-0.0659357 	-1.1037 	0.000166885 	-0.0699562 	0.00321722 	
0.085	1.49947 	-0.0679161 	-1.13684 	0.000171848 	-0.0720578 	0.00331379 	
0.09	1.54 	-0.0697516 	-1.16755 	0.000176437 	-0.0740056 	0.00340328 	
0.095	1.57756 	-0.0714528 	-1.19602 	0.000180679 	-0.0758111 	0.00348621 	
0.1	1.61238 	-0.0730296 	-1.2224 	0.000184598 	-0.0774845 	0.00356306 	
0.105	1.64465 	-0.0744909 	-1.24684 	0.000188217 	-0.0790356 	0.00363427 	
0.11	1.67457 	-0.0758454 	-1.2695 	0.000191558 	-0.0804733 	0.00370025 	
0.115	1.70229 	-0.0771007 	-1.29049 	0.000194641 	-0.0818059 	0.00376139 	
0.12	1.72799 	-0.0782643 	-1.30995 	0.000197481 	-0.0830412 	0.00381804 	
0.125	1.75181 	-0.0793427 	-1.32798 	0.000200098 	-0.0841862 	0.00387052 	
0.13	1.77389 	-0.0803422 	-1.34468 	0.000202507 	-0.0852476 	0.00391914 	
0.135	1.79436 	-0.0812686 	-1.36016 	0.000204723 	-0.0862315 	0.00396419 	
0.14	1.81333 	-0.0821273 	-1.37451 	0.000206759 	-0.0871436 	0.00400592 	
0.145	1.83091 	-0.0829231 	-1.3878 	0.000208627 	-0.0879891 	0.00404458 	
0.15	1.84721 	-0.0836608 	-1.40012 	0.00021034 	-0.0887729 	0.00408039 	
0.155	1.86232 	-0.0843446 	-1.41153 	0.000211908 	-0.0894996 	0.00411355 	
0.16	1.87633 	-0.0849783 	-1.42211 	0.000213341 	-0.0901733 	0.00414427 	
0.165	1.88781 	-0.0842658 	-1.43413 	0.000275298 	-0.0908013 	0.00416352 	
0.17	1.90015 	-0.0848715 	-1.44338 	0.00027335 	-0.0913929 	0.00418885 	
0.175	1.91154 	-0.0854466 	-1.45187 	0.000270666 	-0.0919405 	0.00421184 	
0.18	1.92202 	-0.0859718 	-1.45969 	0.000268485 	-0.0924456 	0.0042331 	
0.185	1.93173 	-0.0864587 	-1.46692 	0.00026644 	-0.0929139 	0.00425277 	
0.19	1.94074 	-0.08691 	-1.47363 	0.000264521 	-0.0933482 	0.00427098 	
0.195	1.94909 	-0.0873283 	-1.47984 	0.000262717 	-0.093751 	0.00428783 	
0.2	1.95683 	-0.0877161 	-1.48559 	0.00026102 	-0.0941246 	0.00430342 	
0.205	1.96401 	-0.0880756 	-1.49091 	0.000259421 	-0.0944712 	0.00431784 	
0.21	1.97067 	-0.0884088 	-1.49585 	0.000257912 	-0.0947926 	0.00433117 	
0.215	1.97685 	-0.0887177 	-1.50041 	0.000256486 	-0.0950909 	0.0043435 	
0.22	1.98258 	-0.0890041 	-1.50464 	0.000255137 	-0.0953676 	0.0043549 	
0.225	1.98632 	-0.0879275 	-1.51086 	0.000316811 	-0.0956277 	0.00435629 	
0.23	1.99156 	-0.0882389 	-1.51464 	0.000312261 	-0.0958782 	0.00436505 	
0.235	1.99636 	-0.0885412 	-1.51808 	0.000307165 	-0.0961099 	0.00437267 	
0.24	2.00074 	-0.0888138 	-1.52119 	0.000302738 	-0.0963222 	0.00437967 	
0.245	2.0048 	-0.0890664 	-1.52408 	0.000298603 	-0.0965193 	0.00438612 	
0.25	2.00857 	-0.0893007 	-1.52675 	0.00029474 	-0.0967024 	0.00439207 	
0.255	2.01206 	-0.0895179 	-1.52922 	0.000291127 	-0.0968724 	0.00439754 	
0.26	2.01531 	-0.0897193 	-1.5315 	0.000287746 	-0.0970303 	0.00440258 	
0.265	2.01833 	-0.089906 	-1.53361 	0.00028458 	-0.0971771 	0.00440721 	
0.27	2.02113 	-0.0900791 	-1.53556 	0.000281611 	-0.0973134 	0.00441147 	
0.275	2.02203 	-0.0887985 	-1.53985 	0.00034678 	-0.0974438 	0.00440593 	
0.28	2.02478 	-0.0890192 	-1.54169 	0.000340501 	-0.097575 	0.0044085 	
0.285	2.02727 	-0.0892379 	-1.54331 	0.000333755 	-0.0976958 	0.00441032 	
0.29	2.0295 	-0.0894322 	-1.54475 	0.000327825 	-0.0978053 	0.00441194 	
0.295	2.03157 	-0.0896124 	-1.54607 	0.000322292 	-0.0979071 	0.00441339 	
0.3	2.03349 	-0.0897795 	-1.54729 	0.000317126 	-0.0980018 	0.0044147 	
0.305	2.03528 	-0.0899344 	-1.54841 	0.000312301 	-0.0980901 	0.00441587 	
0.31	2.03695 	-0.0900781 	-1.54945 	0.000307791 	-0.0981723 	0.00441691 	
0.315	2.03686 	-0.088835 	-1.55279 	0.000368813 	-0.0982523 	0.00440918 	
0.32	2.03862 	-0.0890274 	-1.55382 	0.000361343 	-0.0983363 	0.00440902 	
0.325	2.0402 	-0.0892196 	-1.55471 	0.000353517 	-0.0984137 	0.00440832 	
0.33	2.04159 	-0.0893898 	-1.55546 	0.000346559 	-0.098483 	0.0044076 	
0.335	2.04288 	-0.0895477 	-1.55615 	0.00034007 	-0.0985477 	0.00440688 	
0.34	2.04409 	-0.0896941 	-1.55679 	0.000334014 	-0.0986082 	0.00440616 	
0.345	2.04521 	-0.0898299 	-1.55737 	0.00032836 	-0.0986647 	0.00440545 	
0.35	2.04465 	-0.0886091 	-1.56024 	0.00038724 	-0.0987208 	0.00439663 	
0.355	2.04593 	-0.0887935 	-1.56088 	0.00037883 	-0.0987824 	0.00439497 	
0.36	2.04708 	-0.0889782 	-1.5614 	0.000370137 	-0.0988392 	0.00439287 	
0.365	2.04807 	-0.0891417 	-1.56182 	0.000362366 	-0.0988896 	0.00439085 	
0.37	2.04899 	-0.0892934 	-1.56219 	0.000355119 	-0.0989368 	0.00438892 	
0.375	2.04986 	-0.089434 	-1.56254 	0.000348357 	-0.098981 	0.00438708 	
0.38	2.05066 	-0.0895644 	-1.56285 	0.000342046 	-0.0990226 	0.00438532 	
0.385	2.04966 	-0.0882241 	-1.56568 	0.000406139 	-0.0990652 	0.00437522 	
0.39	2.05072 	-0.0884111 	-1.56611 	0.000396795 	-0.0991156 	0.00437257 	
0.395	2.05164 	-0.0885989 	-1.56642 	0.000387172 	-0.0991616 	0.00436949 	
0.4	2.05241 	-0.0887642 	-1.56664 	0.00037858 	-0.0992017 	0.00436653 	
0.405	2.05313 	-0.0889175 	-1.56682 	0.000370569 	-0.0992394 	0.00436374 	
0.41	2.05381 	-0.0890596 	-1.56699 	0.000363097 	-0.0992748 	0.00436109 	
0.415	2.05278 	-0.0878184 	-1.56955 	0.000422251 	-0.0993116 	0.00435106 	
0.42	2.05369 	-0.0880108 	-1.56984 	0.000412124 	-0.0993558 	0.00434768 	
0.425	2.05449 	-0.0882032 	-1.57003 	0.000401808 	-0.0993964 	0.00434395 	
0.43	2.05516 	-0.0883736 	-1.57014 	0.000392542 	-0.0994317 	0.00434039 	
0.435	2.05578 	-0.0885315 	-1.57022 	0.000383904 	-0.0994651 	0.00433703 	
0.44	2.05637 	-0.088678 	-1.5703 	0.000375849 	-0.0994965 	0.00433386 	
0.445	2.05517 	-0.0873696 	-1.57291 	0.000438258 	-0.0995299 	0.00432335 	
0.45	2.05604 	-0.0875704 	-1.57314 	0.000427384 	-0.0995717 	0.00431945 	
0.455	2.05678 	-0.0877711 	-1.57325 	0.000416331 	-0.0996099 	0.00431519 	
0.46	2.05739 	-0.0879483 	-1.57329 	0.000406408 	-0.0996428 	0.00431112 	
0.465	2.05797 	-0.0881127 	-1.57331 	0.000397161 	-0.0996739 	0.00430729 	
0.47	2.05851 	-0.0882651 	-1.57332 	0.000388539 	-0.0997033 	0.00430368 	
0.475	2.05715 	-0.0868785 	-1.57604 	0.000454903 	-0.0997351 	0.00429278 	
0.48	2.05801 	-0.0870899 	-1.57623 	0.00044325 	-0.0997765 	0.00428843 	
0.485	2.05875 	-0.0873009 	-1.57631 	0.000431423 	-0.099814 	0.00428369 	
0.49	2.05933 	-0.087487 	-1.5763 	0.000420818 	-0.0998459 	0.00427917 	
0.495	2.05989 	-0.0876595 	-1.57627 	0.000410936 	-0.0998761 	0.00427491 	
0.5	2.05872 	-0.0864574 	-1.57868 	0.000468437 	-0.099908 	0.00426463 	
0.505	2.05954 	-0.0866768 	-1.5788 	0.000456156 	-0.0999481 	0.00425982 	
0.51	2.06025 	-0.0868943 	-1.57884 	0.000443818 	-0.0999849 	0.00425471 	
0.515	2.06083 	-0.0870878 	-1.5788 	0.000432679 	-0.100017 	0.00424985 	
0.52	2.06138 	-0.0872672 	-1.57875 	0.000422301 	-0.100047 	0.00424528 	
0.525	2.06016 	-0.0860389 	-1.5812 	0.000481308 	-0.100079 	0.00423496 	
0.53	2.06099 	-0.0862664 	-1.58131 	0.000468467 	-0.10012 	0.00422983 	
0.535	2.0617 	-0.086492 	-1.58133 	0.000455584 	-0.100157 	0.0042244 	
0.54	2.06228 	-0.0866925 	-1.58127 	0.000443954 	-0.100189 	0.00421923 	
0.545	2.06284 	-0.0868784 	-1.58121 	0.00043312 	-0.100219 	0.00421437 	
0.55	2.06155 	-0.0856057 	-1.58375 	0.000494589 	-0.100252 	0.004204 	
0.555	2.0624 	-0.0858424 	-1.58385 	0.000481165 	-0.100293 	0.00419859 	
0.56	2.06313 	-0.0860767 	-1.58386 	0.000467705 	-0.100331 	0.00419283 	
0.565	2.06372 	-0.0862849 	-1.58378 	0.000455563 	-0.100364 	0.00418735 	
0.57	2.06428 	-0.0864779 	-1.5837 	0.000444253 	-0.100395 	0.0041822 	
0.575	2.06293 	-0.0851616 	-1.58634 	0.000508205 	-0.100428 	0.00417185 	
0.58	2.0638 	-0.085408 	-1.58644 	0.000494176 	-0.100471 	0.00416613 	
0.585	2.06455 	-0.0856517 	-1.58644 	0.00048012 	-0.10051 	0.00416004 	
0.59	2.06516 	-0.0858681 	-1.58636 	0.000467447 	-0.100543 	0.00415425 	
0.595	2.06573 	-0.0860685 	-1.58626 	0.000455645 	-0.100575 	0.00414881 	
0.6	2.06432 	-0.0847112 	-1.58899 	0.000522012 	-0.100609 	0.00413853 	
0.605	2.06523 	-0.0849675 	-1.5891 	0.000507366 	-0.100654 	0.0041325 	
0.61	2.066 	-0.085221 	-1.58909 	0.000492701 	-0.100694 	0.00412609 	
0.615	2.06662 	-0.0854457 	-1.58899 	0.000479487 	-0.100728 	0.00411998 	
0.62	2.06554 	-0.0843551 	-1.59127 	0.000532694 	-0.100764 	0.00411031 	
0.625	2.0664 	-0.0846179 	-1.59133 	0.000517557 	-0.100807 	0.00410386 	
0.63	2.06716 	-0.0848758 	-1.5913 	0.000502552 	-0.100847 	0.00409717 	
0.635	2.0678 	-0.0851069 	-1.5912 	0.000488934 	-0.100882 	0.00409082 	
0.64	2.06672 	-0.0840213 	-1.59348 	0.000542157 	-0.100919 	0.00408131 	
0.645	2.0676 	-0.08429 	-1.59354 	0.000526637 	-0.100963 	0.00407464 	
0.65	2.06838 	-0.0845535 	-1.5935 	0.000511269 	-0.101004 	0.00406773 	
0.655	2.06903 	-0.0847896 	-1.59339 	0.000497317 	-0.10104 	0.00406117 	
0.66	2.06792 	-0.0836847 	-1.59574 	0.000551823 	-0.101077 	0.00405181 	
0.665	2.06882 	-0.0839596 	-1.59579 	0.000535907 	-0.101122 	0.00404493 	
0.67	2.06962 	-0.0842291 	-1.59575 	0.000520149 	-0.101164 	0.00403778 	
0.675	2.07028 	-0.0844706 	-1.59564 	0.000505847 	-0.1012 	0.00403101 	
0.68	2.06914 	-0.0833453 	-1.59804 	0.00056171 	-0.101238 	0.00402181 	
0.685	2.07007 	-0.0836268 	-1.5981 	0.000545379 	-0.101285 	0.00401471 	
0.69	2.07088 	-0.0839027 	-1.59806 	0.000529212 	-0.101327 	0.00400733 	
0.695	2.07155 	-0.0841498 	-1.59794 	0.000514544 	-0.101364 	0.00400032 	
0.7	2.07039 	-0.0830055 	-1.6004 	0.000571725 	-0.101403 	0.00399132 	
0.705	2.07134 	-0.0832938 	-1.60046 	0.000554964 	-0.101451 	0.00398398 	
0.71	2.07217 	-0.0835763 	-1.60042 	0.000538376 	-0.101494 	0.00397635 	
0.715	2.07285 	-0.0838292 	-1.6003 	0.00052333 	-0.101532 	0.00396911 	
0.72	2.07166 	-0.0826674 	-1.60281 	0.000581782 	-0.101571 	0.00396032 	
0.725	2.07263 	-0.0829626 	-1.60287 	0.000564584 	-0.10162 	0.00395275 	
0.73	2.07348 	-0.0832518 	-1.60283 	0.000547566 	-0.101665 	0.00394487 	
0.735	2.07418 	-0.0835106 	-1.60271 	0.000532136 	-0.101703 	0.00393738 	
0.74	2.07296 	-0.0823326 	-1.60527 	0.000591813 	-0.101744 	0.00392884 	
0.745	2.07396 	-0.0826348 	-1.60534 	0.000574172 	-0.101793 	0.00392103 	
0.75	2.07482 	-0.0829308 	-1.6053 	0.000556721 	-0.101839 	0.00391289 	
0.755	2.07554 	-0.0831955 	-1.60517 	0.000540902 	-0.101878 	0.00390515 	
0.76	2.07429 	-0.0820027 	-1.60778 	0.000601762 	-0.101919 	0.00389689 	
0.765	2.07531 	-0.0823119 	-1.60785 	0.000583678 	-0.10197 	0.00388884 	
0.77	2.07619 	-0.0826146 	-1.60781 	0.000565792 	-0.102017 	0.00388043 	
0.775	2.07692 	-0.0828852 	-1.60768 	0.000549583 	-0.102057 	0.00387244 	
0.78	2.07565 	-0.081679 	-1.61034 	0.000611584 	-0.102099 	0.00386449 	
0.785	2.07669 	-0.0819951 	-1.61041 	0.000593057 	-0.102151 	0.00385619 	
0.79	2.07758 	-0.0823045 	-1.61037 	0.000574737 	-0.102198 	0.00384751 	
0.795	2.07833 	-0.082581 	-1.61024 	0.000558139 	-0.102239 	0.00383927 	
0.8	2.07703 	-0.0813626 	-1.61295 	0.000621241 	-0.102281 	0.00383165 	
0.805	2.07809 	-0.0816855 	-1.61302 	0.000602273 	-0.102334 	0.0038231 	
0.81	2.07901 	-0.0820015 	-1.61298 	0.000583522 	-0.102382 	0.00381416 	
0.815	2.07976 	-0.082284 	-1.61284 	0.000566537 	-0.102424 	0.00380566 	
0.82	2.07844 	-0.0810546 	-1.6156 	0.000630699 	-0.102467 	0.00379841 	
0.825	2.07952 	-0.0813843 	-1.61568 	0.000611294 	-0.102521 	0.00378962 	
0.83	2.08045 	-0.0817068 	-1.61563 	0.000592115 	-0.10257 	0.0037804 	
0.835	2.08122 	-0.0819949 	-1.61549 	0.000574747 	-0.102612 	0.00377164 	
0.84	2.07988 	-0.080756 	-1.61829 	0.00063993 	-0.102656 	0.0037648 	
0.845	2.08098 	-0.0810922 	-1.61838 	0.000620092 	-0.102712 	0.00375575 	
0.85	2.08193 	-0.0814211 	-1.61833 	0.000600491 	-0.102761 	0.00374627 	
0.855	2.08271 	-0.0817149 	-1.61819 	0.000582743 	-0.102804 	0.00373725 	
0.86	2.08134 	-0.0804675 	-1.62103 	0.000648907 	-0.102849 	0.00373083 	
0.865	2.08246 	-0.0808103 	-1.62112 	0.000628642 	-0.102905 	0.00372153 	
0.87	2.08342 	-0.0811454 	-1.62107 	0.000608624 	-0.102955 	0.00371178 	
0.875	2.08421 	-0.0814448 	-1.62092 	0.000590501 	-0.102999 	0.0037025 	
0.88	2.08282 	-0.0801902 	-1.62381 	0.000657605 	-0.103044 	0.00369654 	
0.885	2.08396 	-0.0805393 	-1.6239 	0.000636921 	-0.103101 	0.003687 	
0.89	2.08494 	-0.0808806 	-1.62385 	0.000616492 	-0.103152 	0.00367698 	
0.895	2.08405 	-0.0799909 	-1.62608 	0.000663924 	-0.103199 	0.00367004 	
0.9	2.08511 	-0.0803439 	-1.62609 	0.000642861 	-0.103254 	0.00365992 	
0.905	2.08606 	-0.0806861 	-1.62601 	0.000622287 	-0.103304 	0.00364963 	
0.91	2.08688 	-0.0809948 	-1.62586 	0.000603525 	-0.103349 	0.00363991 	
0.915	2.0855 	-0.079765 	-1.62875 	0.000670266 	-0.103395 	0.00363475 	
0.92	2.08666 	-0.0801223 	-1.62884 	0.000648994 	-0.103453 	0.00362481 	
0.925	2.08766 	-0.0804715 	-1.62879 	0.000628003 	-0.103505 	0.00361438 	
0.93	2.08675 	-0.0795798 	-1.63106 	0.00067633 	-0.103553 	0.00360808 	
0.935	2.08783 	-0.0799412 	-1.63107 	0.000654677 	-0.103609 	0.00359756 	
0.94	2.0888 	-0.0802915 	-1.63099 	0.000633527 	-0.10366 	0.00358687 	
0.945	2.08793 	-0.0794311 	-1.63322 	0.000680445 	-0.103708 	0.00358073 	
0.95	2.08902 	-0.0797949 	-1.63323 	0.000658602 	-0.103764 	0.00357005 	
0.955	2.08999 	-0.0801472 	-1.63315 	0.000637287 	-0.103816 	0.00355921 	
0.96	2.08912 	-0.0792883 	-1.63539 	0.000684475 	-0.103864 	0.00355338 	
0.965	2.09022 	-0.0796544 	-1.63541 	0.000662445 	-0.103921 	0.00354257 	
0.97	2.0912 	-0.0800091 	-1.63533 	0.000640948 	-0.103973 	0.00353159 	
0.975	2.09031 	-0.0791494 	-1.63759 	0.000688542 	-0.104021 	0.0035261 	
0.98	2.09142 	-0.0795182 	-1.6376 	0.000666314 	-0.104078 	0.00351514 	
0.985	2.09241 	-0.0798754 	-1.63752 	0.000644622 	-0.10413 	0.00350401 	
0.99	2.09152 	-0.0790154 	-1.6398 	0.000692605 	-0.10418 	0.00349885 	
0.995	2.09263 	-0.079387 	-1.63982 	0.000670168 	-0.104237 	0.00348774 	
1	2.09363 	-0.0797469 	-1.63974 	0.000648271 	-0.104289 	0.00347646 	
1.005	2.09273 	-0.0788873 	-1.64204 	0.000696615 	-0.104339 	0.00347164 	
1.01	2.09385 	-0.0792617 	-1.64205 	0.000673961 	-0.104396 	0.00346038 	
1.015	2.09485 	-0.0796244 	-1.64197 	0.000651852 	-0.104449 	0.00344892 	
1.02	2.09395 	-0.0787658 	-1.64429 	0.000700528 	-0.104499 	0.00344444 	
1.025	2.09508 	-0.0791431 	-1.64431 	0.000677654 	-0.104557 	0.00343303 	
1.03	2.09609 	-0.0795087 	-1.64423 	0.000655328 	-0.10461 	0.00342141 	
1.035	2.09517 	-0.0786517 	-1.64656 	0.000704311 	-0.10466 	0.00341728 	
1.04	2.09631 	-0.079032 	-1.64658 	0.000681213 	-0.104718 	0.0034057 	
1.045	2.09733 	-0.0794004 	-1.6465 	0.000658669 	-0.104772 	0.00339391 	
1.05	2.09641 	-0.0785456 	-1.64884 	0.000707935 	-0.104822 	0.00339013 	
1.055	2.09755 	-0.0789289 	-1.64886 	0.000684612 	-0.104881 	0.00337839 	
1.06	2.09857 	-0.0793001 	-1.64878 	0.000661849 	-0.104934 	0.00336643 	
1.065	2.09764 	-0.078448 	-1.65114 	0.000711374 	-0.104985 	0.00336301 	
1.07	2.0988 	-0.0788342 	-1.65116 	0.000687828 	-0.105044 	0.0033511 	
1.075	2.09982 	-0.0792083 	-1.65108 	0.000664848 	-0.105098 	0.00333898 	
1.08	2.09889 	-0.0783593 	-1.65345 	0.000714609 	-0.105149 	0.00333591 	
1.085	2.10005 	-0.0787484 	-1.65347 	0.000690841 	-0.105208 	0.00332384 	
1.09	2.10108 	-0.0791253 	-1.6534 	0.000667645 	-0.105262 	0.00331155 	
1.095	2.10014 	-0.07828 	-1.65578 	0.000717623 	-0.105313 	0.00330886 	
1.1	2.1013 	-0.0786719 	-1.6558 	0.000693636 	-0.105373 	0.00329662 	
1.105	2.10234 	-0.0790515 	-1.65572 	0.000670227 	-0.105427 	0.00328416 	
1.11	2.10139 	-0.0782103 	-1.65811 	0.0007204 	-0.105479 	0.00328184 	
1.115	2.10256 	-0.078605 	-1.65814 	0.000696198 	-0.105538 	0.00326945 	
1.12	2.10361 	-0.0789872 	-1.65806 	0.000672581 	-0.105593 	0.00325682 	
1.125	2.10265 	-0.0781506 	-1.66046 	0.000722928 	-0.105644 	0.00325488 	
1.13	2.10383 	-0.078548 	-1.66048 	0.000698515 	-0.105704 	0.00324232 	
1.135	2.10488 	-0.0789328 	-1.6604 	0.000674693 	-0.105759 	0.00322953 	
1.14	2.10392 	-0.0781011 	-1.66281 	0.000725196 	-0.105811 	0.00322797 	
1.145	2.1051 	-0.078501 	-1.66284 	0.000700577 	-0.105871 	0.00321526 	
1.15	2.10615 	-0.0788883 	-1.66276 	0.000676555 	-0.105926 	0.00320231 	
1.155	2.10518 	-0.078062 	-1.66518 	0.000727194 	-0.105978 	0.00320114 	
1.16	2.10637 	-0.0784644 	-1.6652 	0.000702375 	-0.106038 	0.00318828 	
1.165	2.10742 	-0.0788541 	-1.66512 	0.000678158 	-0.106094 	0.00317516 	
1.17	2.10645 	-0.0780336 	-1.66755 	0.000728913 	-0.106146 	0.00317439 	
1.175	2.10764 	-0.0784383 	-1.66757 	0.000703899 	-0.106206 	0.00316137 	
1.18	2.1087 	-0.0788302 	-1.66749 	0.000679494 	-0.106262 	0.0031481 	
1.185	2.10772 	-0.0780159 	-1.66992 	0.000730346 	-0.106313 	0.00314772 	
1.19	2.10892 	-0.0784229 	-1.66995 	0.000705144 	-0.106374 	0.00313456 	
1.195	2.10998 	-0.078817 	-1.66987 	0.000680556 	-0.10643 	0.00312113 	
1.2	2.109 	-0.0780092 	-1.6723 	0.000731486 	-0.106482 	0.00312116 	
1.205	2.11019 	-0.0784183 	-1.67233 	0.000706102 	-0.106543 	0.00310784 	
1.21	2.11125 	-0.0788144 	-1.67225 	0.000681338 	-0.106598 	0.00309427 	
1.215	2.11027 	-0.0780136 	-1.67469 	0.000732327 	-0.10665 	0.0030947 	
1.22	2.11147 	-0.0784247 	-1.67472 	0.000706769 	-0.106711 	0.00308125 	
1.225	2.11253 	-0.0788227 	-1.67464 	0.000681835 	-0.106767 	0.00306752 	
1.23	2.11155 	-0.0780291 	-1.67708 	0.000732863 	-0.106819 	0.00306837 	
1.235	2.11275 	-0.0784421 	-1.67711 	0.000707138 	-0.10688 	0.00305477 	
1.24	2.11381 	-0.0788419 	-1.67703 	0.000682041 	-0.106936 	0.00304091 	
1.245	2.11283 	-0.0780559 	-1.67947 	0.00073309 	-0.106988 	0.00304217 	
1.25	2.11402 	-0.0784706 	-1.6795 	0.000707205 	-0.107049 	0.00302843 	
1.255	2.11509 	-0.0788721 	-1.67942 	0.000681953 	-0.107105 	0.00301443 	
1.26	2.1141 	-0.078094 	-1.68187 	0.000733004 	-0.107157 	0.0030161 	
1.265	2.1153 	-0.0785104 	-1.68189 	0.000706966 	-0.107219 	0.00300224 	
1.27	2.11637 	-0.0789134 	-1.68181 	0.000681566 	-0.107274 	0.0029881 	
1.275	2.11538 	-0.0781435 	-1.68426 	0.000732601 	-0.107327 	0.00299019 	
1.28	2.11658 	-0.0785613 	-1.68429 	0.000706417 	-0.107388 	0.0029762 	
1.285	2.11764 	-0.0789658 	-1.68421 	0.000680877 	-0.107444 	0.00296193 	
1.29	2.11665 	-0.0782044 	-1.68665 	0.000731877 	-0.107496 	0.00296443 	
1.295	2.11785 	-0.0786236 	-1.68668 	0.000705557 	-0.107557 	0.00295032 	
1.3	2.11892 	-0.0790293 	-1.6866 	0.000679883 	-0.107613 	0.00293593 	
1.305	2.11792 	-0.0782768 	-1.68905 	0.000730829 	-0.107665 	0.00293885 	
1.31	2.11912 	-0.0786972 	-1.68907 	0.00070438 	-0.107726 	0.00292462 	
1.315	2.12019 	-0.079104 	-1.68899 	0.000678582 	-0.107782 	0.0029101 	
1.32	2.11919 	-0.0783605 	-1.69144 	0.000729455 	-0.107834 	0.00291344 	
1.325	2.12039 	-0.078782 	-1.69146 	0.000702886 	-0.107895 	0.00289909 	
1.33	2.12146 	-0.0791899 	-1.69138 	0.000676971 	-0.107951 	0.00288447 	
1.335	2.12046 	-0.0784558 	-1.69383 	0.000727753 	-0.108002 	0.00288822 	
1.34	2.12166 	-0.0788782 	-1.69385 	0.000701072 	-0.108063 	0.00287376 	
1.345	2.12272 	-0.079287 	-1.69377 	0.000675049 	-0.108119 	0.00285903 	
1.35	2.12173 	-0.0785624 	-1.69621 	0.000725721 	-0.108171 	0.00286319 	
1.355	2.12292 	-0.0789856 	-1.69623 	0.000698937 	-0.108232 	0.00284863 	
1.36	2.12399 	-0.0793951 	-1.69615 	0.000672815 	-0.108287 	0.00283379 	
1.365	2.12299 	-0.0786804 	-1.69859 	0.000723358 	-0.108339 	0.00283837 	
1.37	2.12418 	-0.0791042 	-1.69861 	0.00069648 	-0.1084 	0.00282371 	
1.375	2.12524 	-0.0795143 	-1.69853 	0.000670266 	-0.108455 	0.00280877 	
1.38	2.12425 	-0.0788097 	-1.70096 	0.000720662 	-0.108507 	0.00281375 	
1.385	2.12544 	-0.079234 	-1.70098 	0.000693699 	-0.108567 	0.00279901 	
1.39	2.1265 	-0.0796446 	-1.7009 	0.000667404 	-0.108623 	0.00278398 	
1.395	2.1255 	-0.0789502 	-1.70333 	0.000717633 	-0.108674 	0.00278936 	
1.4	2.12669 	-0.0793749 	-1.70335 	0.000690595 	-0.108734 	0.00277453 	
1.405	2.12774 	-0.0797858 	-1.70327 	0.000664226 	-0.10879 	0.00275941 	
1.41	2.12675 	-0.0791019 	-1.70568 	0.000714271 	-0.108841 	0.00276519 	
1.415	2.12793 	-0.0795268 	-1.70571 	0.000687167 	-0.108901 	0.00275028 	
1.42	2.12898 	-0.0799379 	-1.70562 	0.000660734 	-0.108956 	0.00273508 	
1.425	2.12799 	-0.0792646 	-1.70803 	0.000710577 	-0.109007 	0.00274126 	
1.43	2.12917 	-0.0796895 	-1.70806 	0.000683415 	-0.109067 	0.00272627 	
1.435	2.13022 	-0.0801007 	-1.70797 	0.000656928 	-0.109122 	0.002711 	
1.44	2.12923 	-0.0794383 	-1.71037 	0.000706549 	-0.109173 	0.00271757 	
1.445	2.1304 	-0.0798631 	-1.71039 	0.000679341 	-0.109232 	0.00270251 	
1.45	2.13145 	-0.0802741 	-1.71031 	0.000652809 	-0.109287 	0.00268717 	
1.455	2.13046 	-0.0796227 	-1.7127 	0.00070219 	-0.109337 	0.00269412 	
1.46	2.13163 	-0.0800473 	-1.71272 	0.000674945 	-0.109397 	0.002679 	
1.465	2.13267 	-0.0804581 	-1.71264 	0.000648377 	-0.109451 	0.0026636 	
1.47	2.13169 	-0.0798178 	-1.71502 	0.000697501 	-0.109502 	0.00267092 	
1.475	2.13285 	-0.080242 	-1.71504 	0.000670229 	-0.109561 	0.00265574 	
1.48	2.13388 	-0.0806524 	-1.71496 	0.000643635 	-0.109615 	0.00264029 	
1.485	2.1329 	-0.0800235 	-1.71732 	0.000692483 	-0.109665 	0.00264799 	
1.49	2.13406 	-0.0804471 	-1.71734 	0.000665194 	-0.109724 	0.00263276 	
1.495	2.13509 	-0.0808569 	-1.71726 	0.000638585 	-0.109777 	0.00261725 	
1.5	2.13412 	-0.0802394 	-1.71962 	0.000687139 	-0.109827 	0.00262531 	
1.505	2.13526 	-0.0806623 	-1.71964 	0.000659843 	-0.109886 	0.00261004 	
1.51	2.13629 	-0.0810714 	-1.71955 	0.000633228 	-0.109939 	0.00259449 	
1.515	2.13532 	-0.0804655 	-1.72189 	0.00068147 	-0.109989 	0.0026029 	
1.52	2.13646 	-0.0808875 	-1.72191 	0.000654178 	-0.110047 	0.00258759 	
1.525	2.13748 	-0.0812958 	-1.72183 	0.000627568 	-0.1101 	0.00257201 	
1.53	2.13651 	-0.0807015 	-1.72416 	0.00067548 	-0.110149 	0.00258077 	
1.535	2.13765 	-0.0811225 	-1.72418 	0.000648203 	-0.110207 	0.00256543 	
1.54	2.13866 	-0.0815297 	-1.72409 	0.000621606 	-0.11026 	0.00254982 	
1.545	2.1377 	-0.0809472 	-1.7264 	0.000669171 	-0.110309 	0.00255891 	
1.55	2.13883 	-0.081367 	-1.72642 	0.000641919 	-0.110366 	0.00254354 	
1.555	2.13984 	-0.0817732 	-1.72634 	0.000615348 	-0.110419 	0.00252792 	
1.56	2.13888 	-0.0812025 	-1.72863 	0.000662548 	-0.110467 	0.00253733 	
1.565	2.14 	-0.0816209 	-1.72865 	0.000635331 	-0.110524 	0.00252195 	
1.57	2.141 	-0.0820257 	-1.72857 	0.000608796 	-0.110576 	0.00250631 	
1.575	2.14005 	-0.081467 	-1.73085 	0.000655613 	-0.110625 	0.00251604 	
1.58	2.14116 	-0.0818839 	-1.73086 	0.000628444 	-0.110681 	0.00250064 	
1.585	2.14215 	-0.0822873 	-1.73078 	0.000601954 	-0.110733 	0.002485 	
1.59	2.14121 	-0.0817405 	-1.73304 	0.000648372 	-0.110781 	0.00249503 	
1.595	2.14231 	-0.0821558 	-1.73306 	0.00062126 	-0.110837 	0.00247963 	
1.6	2.1433 	-0.0825575 	-1.73298 	0.000594828 	-0.110888 	0.00246399 	
1.605	2.14236 	-0.0820227 	-1.73522 	0.000640828 	-0.110936 	0.00247431 	
1.61	2.14345 	-0.0824362 	-1.73523 	0.000613785 	-0.110991 	0.00245892 	
1.615	2.14443 	-0.0828362 	-1.73515 	0.000587421 	-0.111042 	0.00244329 	
1.62	2.1435 	-0.0823135 	-1.73737 	0.000632987 	-0.111089 	0.00245389 	
1.625	2.14458 	-0.082725 	-1.73739 	0.000606024 	-0.111144 	0.0024385 	
1.63	2.14555 	-0.083123 	-1.73731 	0.000579739 	-0.111195 	0.00242289 	
1.635	2.14639 	-0.083481 	-1.73715 	0.000555834 	-0.111239 	0.00240823 	
1.64	2.14491 	-0.0826847 	-1.74006 	0.000623285 	-0.111285 	0.00242789 	
1.645	2.14607 	-0.0830938 	-1.74016 	0.000596573 	-0.111342 	0.00241322 	
1.65	2.14706 	-0.0834936 	-1.74011 	0.000570182 	-0.111394 	0.00239773 	
1.655	2.1461 	-0.0829737 	-1.74235 	0.000616722 	-0.11144 	0.00240966 	
1.66	2.14716 	-0.0833833 	-1.74237 	0.000589784 	-0.111494 	0.00239424 	
1.665	2.14812 	-0.0837799 	-1.74229 	0.000563498 	-0.111544 	0.00237855 	
1.67	2.14894 	-0.0841364 	-1.74213 	0.000539604 	-0.111588 	0.00236382 	
1.675	2.14749 	-0.0833786 	-1.74498 	0.000605549 	-0.111632 	0.00238412 	
1.68	2.14862 	-0.0837847 	-1.74507 	0.000578923 	-0.111689 	0.00236939 	
1.685	2.14959 	-0.0841816 	-1.74502 	0.000552624 	-0.111739 	0.00235387 	
1.69	2.1504 	-0.0845353 	-1.74486 	0.000528853 	-0.111782 	0.00233916 	
1.695	2.14892 	-0.0837771 	-1.74773 	0.000595714 	-0.111826 	0.00236052 	
1.7	2.15004 	-0.0841821 	-1.74782 	0.000569112 	-0.111882 	0.00234579 	
1.705	2.15101 	-0.0845781 	-1.74777 	0.000542815 	-0.111932 	0.00233024 	
1.71	2.15181 	-0.084931 	-1.74761 	0.000519055 	-0.111974 	0.00231549 	
1.715	2.15034 	-0.0841952 	-1.75044 	0.000584959 	-0.112018 	0.00233714 	
1.72	2.15144 	-0.0845984 	-1.75053 	0.00055842 	-0.112073 	0.00232237 	
1.725	2.1524 	-0.0849926 	-1.75048 	0.000532188 	-0.112122 	0.00230681 	
1.73	2.15319 	-0.0853438 	-1.75032 	0.000508484 	-0.112164 	0.00229207 	
1.735	2.15174 	-0.0846324 	-1.7531 	0.000573237 	-0.112207 	0.0023139 	
1.74	2.15283 	-0.0850328 	-1.75318 	0.000546816 	-0.112261 	0.00229914 	
1.745	2.15377 	-0.0854243 	-1.75313 	0.000520707 	-0.11231 	0.00228361 	
1.75	2.15455 	-0.0857733 	-1.75298 	0.000497111 	-0.112351 	0.0022689 	
1.755	2.15313 	-0.0850859 	-1.75571 	0.000560681 	-0.112393 	0.00229091 	
1.76	2.15419 	-0.0854828 	-1.75579 	0.000534429 	-0.112447 	0.00227618 	
1.765	2.15511 	-0.0858709 	-1.75574 	0.000508491 	-0.112494 	0.00226071 	
1.77	2.15588 	-0.0862169 	-1.75558 	0.000485046 	-0.112535 	0.00224608 	
1.775	2.15449 	-0.0855532 	-1.75826 	0.00054741 	-0.112577 	0.00226821 	
1.78	2.15553 	-0.085946 	-1.75834 	0.00052137 	-0.112629 	0.00225355 	
1.785	2.15644 	-0.0863301 	-1.75829 	0.000495645 	-0.112676 	0.00223817 	
1.79	2.1572 	-0.0866726 	-1.75813 	0.000472388 	-0.112716 	0.00222364 	
1.795	2.15583 	-0.0860322 	-1.76076 	0.000533521 	-0.112757 	0.00224588 	
1.8	2.15685 	-0.0864204 	-1.76083 	0.000507731 	-0.112808 	0.00223131 	
1.805	2.15774 	-0.0867999 	-1.76078 	0.000482255 	-0.112854 	0.00221605 	
1.81	2.15849 	-0.0871385 	-1.76063 	0.00045922 	-0.112893 	0.00220164 	
1.815	2.15714 	-0.0865211 	-1.76321 	0.000519092 	-0.112934 	0.00222395 	
1.82	2.15814 	-0.0869042 	-1.76327 	0.000493585 	-0.112984 	0.00220949 	
1.825	2.15902 	-0.0872788 	-1.76322 	0.00046839 	-0.113029 	0.00219437 	
1.83	2.15976 	-0.0876131 	-1.76308 	0.000445607 	-0.113068 	0.0021801 	
1.835	2.15844 	-0.0870184 	-1.7656 	0.000504186 	-0.113107 	0.00220244 	
1.84	2.15942 	-0.087396 	-1.76566 	0.000478993 	-0.113156 	0.00218811 	
1.845	2.16028 	-0.0877652 	-1.76561 	0.000454109 	-0.1132 	0.00217315 	
1.85	2.161 	-0.0880947 	-1.76547 	0.000431604 	-0.113238 	0.00215905 	
1.855	2.15971 	-0.0875226 	-1.76793 	0.000488857 	-0.113277 	0.00218138 	
1.86	2.16066 	-0.0878943 	-1.76799 	0.000464005 	-0.113325 	0.0021672 	
1.865	2.16151 	-0.0882577 	-1.76794 	0.000439459 	-0.113368 	0.00215242 	
1.87	2.16221 	-0.0885823 	-1.7678 	0.000417258 	-0.113406 	0.00213849 	
1.875	2.16096 	-0.0880323 	-1.77021 	0.000473151 	-0.113443 	0.00216076 	
1.88	2.16189 	-0.0883978 	-1.77026 	0.000448667 	-0.11349 	0.00214676 	
1.885	2.16271 	-0.0887552 	-1.77021 	0.000424485 	-0.113533 	0.00213217 	
1.89	2.16341 	-0.0890743 	-1.77008 	0.000402609 	-0.113569 	0.00211844 	
1.895	2.16218 	-0.0885464 	-1.77243 	0.000457107 	-0.113606 	0.00214061 	
1.9	2.16309 	-0.0889053 	-1.77247 	0.000433016 	-0.113652 	0.00212679 	
1.905	2.16389 	-0.0892563 	-1.77243 	0.000409222 	-0.113693 	0.00211242 	
1.91	2.16457 	-0.0895698 	-1.77229 	0.000387696 	-0.113729 	0.0020989 	
1.915	2.16338 	-0.0890637 	-1.77458 	0.000440764 	-0.113765 	0.00212092 	
1.92	2.16426 	-0.0894156 	-1.77463 	0.000417089 	-0.11381 	0.0021073 	
1.925	2.16505 	-0.0897599 	-1.77458 	0.000393707 	-0.11385 	0.00209316 	
1.93	2.16571 	-0.0900675 	-1.77445 	0.000372551 	-0.113885 	0.00207987 	
1.935	2.16455 	-0.089583 	-1.77668 	0.000424154 	-0.11392 	0.0021017 	
1.94	2.16541 	-0.0899277 	-1.77672 	0.000400918 	-0.113964 	0.00208829 	
1.945	2.16618 	-0.0902649 	-1.77667 	0.000377972 	-0.114003 	0.00207439 	
1.95	2.16683 	-0.0905664 	-1.77655 	0.000357206 	-0.114037 	0.00206135 	
1.955	2.16744 	-0.0908432 	-1.77642 	0.000338047 	-0.114069 	0.00204925 	
1.96	2.1659 	-0.0901955 	-1.7791 	0.000404859 	-0.114103 	0.00207923 	
1.965	2.16679 	-0.0905319 	-1.77919 	0.000382269 	-0.114147 	0.00206664 	
1.97	2.16756 	-0.0908643 	-1.77917 	0.00035967 	-0.114186 	0.0020531 	
1.975	2.16819 	-0.091159 	-1.77905 	0.00033933 	-0.11422 	0.0020403 	
1.98	2.16878 	-0.0914296 	-1.77892 	0.000320564 	-0.114251 	0.00202842 	
1.985	2.16726 	-0.0908005 	-1.78155 	0.000386394 	-0.114283 	0.00205858 	
1.99	2.16812 	-0.0911301 	-1.78164 	0.000364223 	-0.114326 	0.00204618 	
1.995	2.16887 	-0.091456 	-1.78162 	0.000342028 	-0.114364 	0.00203286 	
2	2.16948 	-0.0917449 	-1.7815 	0.000322051 	-0.114396 	0.00202027 	
2.005	2.17006 	-0.0920102 	-1.78138 	0.000303622 	-0.114427 	0.0020086 	
2.01	2.16859 	-0.0914166 	-1.78391 	0.00036683 	-0.114458 	0.00203805 	
2.015	2.16942 	-0.091738 	-1.78399 	0.000345154 	-0.114499 	0.00202585 	
2.02	2.17014 	-0.0920559 	-1.78397 	0.000323463 	-0.114536 	0.0020128 	
2.025	2.17073 	-0.092338 	-1.78385 	0.000303932 	-0.114567 	0.00200049 	
2.03	2.17129 	-0.092597 	-1.78373 	0.000285913 	-0.114596 	0.00198907 	
2.035	2.16989 	-0.0920394 	-1.78615 	0.00034632 	-0.114627 	0.00201768 	
2.04	2.17068 	-0.0923514 	-1.78623 	0.000325224 	-0.114666 	0.00200573 	
2.045	2.17137 	-0.0926601 	-1.7862 	0.000304122 	-0.114701 	0.00199301 	
2.05	2.17195 	-0.0929342 	-1.78609 	0.000285111 	-0.114731 	0.00198102 	
2.055	2.17249 	-0.093186 	-1.78598 	0.000267572 	-0.11476 	0.00196991 	
2.06	2.17115 	-0.0926634 	-1.78829 	0.000325134 	-0.114789 	0.00199761 	
2.065	2.17191 	-0.0929651 	-1.78836 	0.000304688 	-0.114827 	0.00198596 	
2.07	2.17257 	-0.0932637 	-1.78833 	0.000284241 	-0.114861 	0.00197361 	
2.075	2.17312 	-0.0935291 	-1.78823 	0.000265812 	-0.114889 	0.00196199 	
2.08	2.17364 	-0.0937728 	-1.78812 	0.000248811 	-0.114917 	0.00195122 	
2.085	2.17413 	-0.0939965 	-1.78801 	0.000233132 	-0.114942 	0.00194123 	
2.09	2.17254 	-0.093367 	-1.79061 	0.000301219 	-0.11497 	0.00197512 	
2.095	2.1733 	-0.0936569 	-1.79072 	0.000281639 	-0.115007 	0.0019643 	
2.1	2.17395 	-0.0939464 	-1.79071 	0.000261823 	-0.11504 	0.00195245 	
2.105	2.17447 	-0.094202 	-1.79061 	0.000244047 	-0.115068 	0.00194123 	
2.11	2.17497 	-0.0944368 	-1.79051 	0.000227648 	-0.115094 	0.00193083 	
2.115	2.17544 	-0.0946523 	-1.79041 	0.000212525 	-0.115118 	0.00192118 	
2.12	2.17391 	-0.0940607 	-1.79289 	0.000277511 	-0.115144 	0.00195406 	
2.125	2.17463 	-0.0943391 	-1.79298 	0.000258669 	-0.11518 	0.00194357 	
2.13	2.17524 	-0.0946173 	-1.79298 	0.000239594 	-0.115211 	0.00193213 	
2.135	2.17575 	-0.0948632 	-1.79288 	0.000222474 	-0.115237 	0.00192133 	
2.14	2.17622 	-0.0950891 	-1.79279 	0.00020668 	-0.115262 	0.00191131 	
2.145	2.17666 	-0.0952965 	-1.79269 	0.000192113 	-0.115285 	0.00190203 	
2.15	2.17524 	-0.0947553 	-1.795 	0.00025261 	-0.11531 	0.00193306 	
2.155	2.17591 	-0.0950203 	-1.79509 	0.000234619 	-0.115343 	0.00192295 	
2.16	2.17649 	-0.0952853 	-1.79508 	0.000216418 	-0.115372 	0.001912 	
2.165	2.17696 	-0.0955199 	-1.79499 	0.000200068 	-0.115397 	0.00190169 	
2.17	2.17741 	-0.0957355 	-1.7949 	0.000184983 	-0.11542 	0.00189214 	
2.175	2.17783 	-0.0959334 	-1.79481 	0.000171069 	-0.115443 	0.00188327 	
2.18	2.17823 	-0.096115 	-1.79472 	0.000158241 	-0.115463 	0.00187506 	
2.185	2.17665 	-0.0955142 	-1.79718 	0.000224793 	-0.115486 	0.00191003 	
2.19	2.1773 	-0.0957636 	-1.79729 	0.000207907 	-0.115518 	0.00190075 	
2.195	2.17786 	-0.0960152 	-1.79729 	0.000190635 	-0.115546 	0.00189044 	
2.2	2.1783 	-0.0962368 	-1.79721 	0.000175178 	-0.115569 	0.00188069 	
2.205	2.17872 	-0.0964404 	-1.79713 	0.000160916 	-0.115591 	0.00187166 	
2.21	2.17911 	-0.0966275 	-1.79705 	0.000147759 	-0.115611 	0.00186329 	
2.215	2.17948 	-0.0967991 	-1.79696 	0.000135628 	-0.115631 	0.00185552 	
2.22	2.17803 	-0.0962571 	-1.79922 	0.000196642 	-0.115651 	0.00188801 	
2.225	2.17862 	-0.0964901 	-1.79931 	0.000180821 	-0.11568 	0.0018792 	
2.23	2.17913 	-0.0967254 	-1.79931 	0.000164644 	-0.115706 	0.00186952 	
2.235	2.17955 	-0.0969331 	-1.79924 	0.000150151 	-0.115728 	0.00186039 	
2.24	2.17993 	-0.097124 	-1.79917 	0.000136776 	-0.115748 	0.00185194 	
2.245	2.1803 	-0.0972994 	-1.7991 	0.000124437 	-0.115767 	0.0018441 	
2.25	2.18064 	-0.0974605 	-1.79902 	0.000113056 	-0.115785 	0.00183683 	
2.255	2.18097 	-0.0976082 	-1.79894 	0.000102564 	-0.115802 	0.00183009 	
2.26	2.17947 	-0.0970492 	-1.80121 	0.000165304 	-0.11582 	0.00186412 	
2.265	2.18002 	-0.0972625 	-1.80131 	0.00015084 	-0.115847 	0.00185618 	
2.27	2.18049 	-0.0974798 	-1.80132 	0.000135907 	-0.115871 	0.00184728 	
2.275	2.18086 	-0.097671 	-1.80126 	0.000122563 	-0.11589 	0.00183889 	
2.28	2.18122 	-0.0978468 	-1.8012 	0.000110247 	-0.115909 	0.00183112 	
2.285	2.18155 	-0.0980085 	-1.80113 	9.88812e-05 	-0.115926 	0.00182392 	
2.29	2.18186 	-0.0981569 	-1.80107 	8.83963e-05 	-0.115942 	0.00181724 	
2.295	2.18215 	-0.0982932 	-1.801 	7.87267e-05 	-0.115957 	0.00181104 	
2.3	2.18243 	-0.0984183 	-1.80093 	6.98115e-05 	-0.115972 	0.0018053 	
2.305	2.18269 	-0.098533 	-1.80086 	6.15948e-05 	-0.115986 	0.00179998 	
2.31	2.18105 	-0.0979176 	-1.80325 	0.000129926 	-0.116001 	0.00183779 	
2.315	2.18156 	-0.0981079 	-1.80338 	0.000117095 	-0.116026 	0.00183099 	
2.32	2.18199 	-0.0983049 	-1.8034 	0.000103593 	-0.116047 	0.00182304 	
2.325	2.18232 	-0.098477 	-1.80335 	9.15977e-05 	-0.116064 	0.00181552 	
2.33	2.18263 	-0.0986354 	-1.8033 	8.05215e-05 	-0.11608 	0.00180855 	
2.335	2.18292 	-0.0987811 	-1.80325 	7.02961e-05 	-0.116095 	0.00180209 	
2.34	2.18319 	-0.098915 	-1.80319 	6.08583e-05 	-0.11611 	0.0017961 	
2.345	2.18345 	-0.0990382 	-1.80314 	5.21493e-05 	-0.116123 	0.00179055 	
2.35	2.18369 	-0.0991513 	-1.80308 	4.41148e-05 	-0.116136 	0.0017854 	
2.355	2.18391 	-0.0992552 	-1.80303 	3.67044e-05 	-0.116147 	0.00178063 	
2.36	2.18413 	-0.0993506 	-1.80297 	2.98715e-05 	-0.116159 	0.00177621 	
2.365	2.18433 	-0.0994381 	-1.80292 	2.35727e-05 	-0.116169 	0.00177211 	
2.37	2.18452 	-0.0995182 	-1.80286 	1.7768e-05 	-0.116179 	0.00176831 	
2.375	2.18284 	-0.0988866 	-1.80524 	8.74802e-05 	-0.116191 	0.00180756 	
2.38	2.18327 	-0.0990469 	-1.80537 	7.67402e-05 	-0.116212 	0.00180206 	
2.385	2.18364 	-0.0992164 	-1.80541 	6.51766e-05 	-0.11623 	0.00179535 	
2.39	2.18391 	-0.0993635 	-1.80537 	5.49618e-05 	-0.116244 	0.00178898 	
2.395	2.18416 	-0.0994991 	-1.80534 	4.55224e-05 	-0.116257 	0.00178308 	
2.4	2.1844 	-0.099624 	-1.8053 	3.68007e-05 	-0.11627 	0.00177761 	
2.405	2.18462 	-0.0997391 	-1.80526 	2.8743e-05 	-0.116281 	0.00177254 	
2.41	2.18483 	-0.0998452 	-1.80523 	2.12994e-05 	-0.116292 	0.00176784 	
2.415	2.18502 	-0.0999428 	-1.80519 	1.44232e-05 	-0.116302 	0.00176348 	
2.42	2.18521 	-0.100033 	-1.80515 	8.07314e-06 	-0.116312 	0.00175944 	
2.425	2.18538 	-0.100116 	-1.80512 	2.20874e-06 	-0.116321 	0.0017557 	
2.43	2.18554 	-0.100192 	-1.80508 	-3.20676e-06 	-0.116329 	0.00175223 	
2.435	2.18569 	-0.100262 	-1.80505 	-8.20647e-06 	-0.116337 	0.00174901 	
2.44	2.18583 	-0.100326 	-1.80501 	-1.2822e-05 	-0.116344 	0.00174603 	
2.445	2.18597 	-0.100386 	-1.80498 	-1.70824e-05 	-0.116351 	0.00174327 	
2.45	2.18609 	-0.10044 	-1.80494 	-2.1015e-05 	-0.116358 	0.00174071 	
2.455	2.18621 	-0.10049 	-1.80491 	-2.46447e-05 	-0.116364 	0.00173833 	
2.46	2.18632 	-0.100536 	-1.80487 	-2.79949e-05 	-0.11637 	0.00173613 	
2.465	2.18642 	-0.100579 	-1.80484 	-3.10871e-05 	-0.116375 	0.0017341 	
2.47	2.18652 	-0.100618 	-1.80481 	-3.39412e-05 	-0.11638 	0.00173221 	
2.475	2.18661 	-0.100654 	-1.80478 	-3.65758e-05 	-0.116385 	0.00173045 	
2.48	2.18669 	-0.100687 	-1.80475 	-3.90081e-05 	-0.116389 	0.00172883 	
2.485	2.18677 	-0.100717 	-1.80473 	-4.1254e-05 	-0.116393 	0.00172733 	
2.49	2.18684 	-0.100745 	-1.8047 	-4.33283e-05 	-0.116397 	0.00172593 	
2.495	2.18691 	-0.100771 	-1.80467 	-4.52445e-05 	-0.116401 	0.00172464 	
2.5	2.18698 	-0.100794 	-1.80465 	-4.70154e-05 	-0.116404 	0.00172344 	
2.505	2.18704 	-0.100816 	-1.80463 	-4.86528e-05 	-0.116407 	0.00172233 	
2.51	2.18709 	-0.100836 	-1.8046 	-5.01678e-05 	-0.11641 	0.0017213 	
2.515	2.18715 	-0.100855 	-1.80458 	-5.1571e-05 	-0.116413 	0.00172035 	
2.52	2.18719 	-0.100872 	-1.80457 	-5.28702e-05 	-0.116416 	0.00171947 	
2.525	2.18724 	-0.100888 	-1.80455 	-5.40738e-05 	-0.116418 	0.00171865 	
2.53	2.18728 	-0.100903 	-1.80453 	-5.51945e-05 	-0.11642 	0.00171789 	
2.535	2.18732 	-0.100918 	-1.80452 	-5.62548e-05 	-0.116422 	0.00171717 	
2.54	2.18736 	-0.100931 	-1.8045 	-5.7264e-05 	-0.116424 	0.00171649 	
2.545	2.18739 	-0.100944 	-1.80449 	-5.82276e-05 	-0.116426 	0.00171585 	
2.55	2.18742 	-0.100957 	-1.80448 	-5.91559e-05 	-0.116428 	0.00171524 	
2.555	2.18746 	-0.100969 	-1.80447 	-6.0058e-05 	-0.116429 	0.00171466 	
2.56	2.18595 	-0.0996068 	-1.8065 	3.89655e-05 	-0.116433 	0.00174419 	
2.565	2.18619 	-0.0997377 	-1.80663 	3.06914e-05 	-0.116446 	0.00174074 	
2.57	2.18638 	-0.0998924 	-1.80669 	2.08971e-05 	-0.116456 	0.00173589 	
2.575	2.18651 	-0.100026 	-1.8067 	1.23823e-05 	-0.116463 	0.00173134 	
2.58	2.18663 	-0.100152 	-1.80671 	4.41723e-06 	-0.116469 	0.00172709 	
2.585	2.18674 	-0.100269 	-1.80672 	-3.04458e-06 	-0.116475 	0.00172311 	
2.59	2.18685 	-0.10038 	-1.80673 	-1.00463e-05 	-0.11648 	0.00171938 	
2.595	2.18695 	-0.100484 	-1.80673 	-1.6628e-05 	-0.116486 	0.00171588 	
2.6	2.18704 	-0.100582 	-1.80674 	-2.28267e-05 	-0.116491 	0.00171259 	
2.605	2.18713 	-0.100674 	-1.80675 	-2.86768e-05 	-0.116495 	0.00170949 	
2.61	2.18721 	-0.100762 	-1.80675 	-3.421e-05 	-0.1165 	0.00170656 	
2.615	2.1873 	-0.100845 	-1.80676 	-3.94559e-05 	-0.116504 	0.00170379 	
2.62	2.1878 	-0.0974546 	-1.80645 	0.000112072 	-0.116509 	0.00166659 	
2.625	2.18788 	-0.0977088 	-1.80646 	9.71024e-05 	-0.116516 	0.00166019 	
2.63	2.18792 	-0.0980008 	-1.80646 	8.00627e-05 	-0.116521 	0.00165303 	
2.635	2.18795 	-0.0982596 	-1.80645 	6.49766e-05 	-0.116525 	0.00164664 	
2.64	2.18799 	-0.098502 	-1.80644 	5.08456e-05 	-0.116529 	0.00164064 	
2.645	2.18802 	-0.0987292 	-1.80643 	3.75936e-05 	-0.116532 	0.00163501 	
2.65	2.18805 	-0.0989425 	-1.80643 	2.515e-05 	-0.116536 	0.00162971 	
2.655	2.18868 	-0.0956328 	-1.8059 	0.000168205 	-0.11654 	0.00158556 	
2.66	2.18871 	-0.0959987 	-1.8059 	0.000147187 	-0.116545 	0.00157709 	
2.665	2.1887 	-0.0963939 	-1.80589 	0.00012454 	-0.116549 	0.00156805 	
2.67	2.18869 	-0.0967491 	-1.80586 	0.000104189 	-0.116552 	0.00155989 	
2.675	2.18868 	-0.0970815 	-1.80585 	8.51355e-05 	-0.116555 	0.00155223 	
2.68	2.18867 	-0.0973928 	-1.80583 	6.72777e-05 	-0.116557 	0.00154504 	
2.685	2.18933 	-0.0939158 	-1.80523 	0.000216361 	-0.116561 	0.00149582 	
2.69	2.18933 	-0.0943801 	-1.80522 	0.000189914 	-0.116566 	0.00148542 	
2.695	2.18929 	-0.094871 	-1.8052 	0.00016198 	-0.11657 	0.0014745 	
2.7	2.18925 	-0.0953143 	-1.80517 	0.000136754 	-0.116572 	0.0014646 	
2.705	2.18921 	-0.095729 	-1.80514 	0.000113138 	-0.116574 	0.00145531 	
2.71	2.18983 	-0.0923997 	-1.80454 	0.000254615 	-0.116578 	0.00140471 	
2.715	2.1898 	-0.0929512 	-1.80452 	0.000223317 	-0.116583 	0.00139253 	
2.72	2.18974 	-0.0935225 	-1.80449 	0.00019091 	-0.116586 	0.00137997 	
2.725	2.18968 	-0.0940411 	-1.80445 	0.000161489 	-0.116588 	0.00136853 	
2.73	2.1902 	-0.091163 	-1.80389 	0.000282011 	-0.116591 	0.00131996 	
2.735	2.19015 	-0.0917862 	-1.80387 	0.000246704 	-0.116595 	0.00130629 	
2.74	2.19007 	-0.0924192 	-1.80382 	0.000210853 	-0.116598 	0.00129245 	
2.745	2.18999 	-0.092997 	-1.80378 	0.00017813 	-0.1166 	0.00127977 	
2.75	2.19054 	-0.08993 	-1.80318 	0.000306386 	-0.116603 	0.00122734 	
2.755	2.19048 	-0.0906173 	-1.80315 	0.000267502 	-0.116607 	0.00121231 	
2.76	2.19039 	-0.0913137 	-1.80311 	0.000228107 	-0.11661 	0.00119712 	
2.765	2.1903 	-0.0919497 	-1.80306 	0.000192135 	-0.116612 	0.00118321 	
2.77	2.19089 	-0.0886361 	-1.80241 	0.00033068 	-0.116615 	0.00112629 	
2.775	2.19083 	-0.0893896 	-1.80238 	0.000288103 	-0.11662 	0.00110985 	
2.78	2.19073 	-0.0901521 	-1.80233 	0.000245012 	-0.116624 	0.00109324 	
2.785	2.19117 	-0.0876175 	-1.80177 	0.000348062 	-0.116626 	0.0010418 	
2.79	2.19108 	-0.0884309 	-1.80172 	0.000302121 	-0.11663 	0.00102409 	
2.795	2.19096 	-0.0892394 	-1.80167 	0.00025646 	-0.116633 	0.00100651 	
2.8	2.19141 	-0.0866667 	-1.80109 	0.000360709 	-0.116636 	0.000953174 	
2.805	2.19131 	-0.0875272 	-1.80104 	0.000312138 	-0.11664 	0.000934443 	
2.81	2.19119 	-0.0883808 	-1.80099 	0.000263951 	-0.116643 	0.000915873 	
2.815	2.19166 	-0.0856915 	-1.80038 	0.000372913 	-0.116646 	0.000859893 	
2.82	2.19156 	-0.0865992 	-1.80033 	0.000321708 	-0.116651 	0.000840131 	
2.825	2.19143 	-0.0874991 	-1.80027 	0.000270932 	-0.116654 	0.000820551 	
2.83	2.19192 	-0.0846883 	-1.79964 	0.000384821 	-0.116657 	0.000761841 	
2.835	2.19181 	-0.0856441 	-1.79959 	0.000330929 	-0.116662 	0.000741022 	
2.84	2.19167 	-0.0865914 	-1.79953 	0.000277508 	-0.116665 	0.000720408 	
2.845	2.19218 	-0.0836612 	-1.79886 	0.000396227 	-0.116668 	0.000658965 	
2.85	2.19207 	-0.0846659 	-1.79881 	0.000339606 	-0.116673 	0.00063707 	
2.855	2.19193 	-0.0856612 	-1.79875 	0.000283504 	-0.116676 	0.000615402 	
2.86	2.19246 	-0.0826145 	-1.79806 	0.000406936 	-0.11668 	0.00055124 	
2.865	2.19234 	-0.0836686 	-1.798 	0.000347561 	-0.116685 	0.000528253 	
2.87	2.19219 	-0.0847123 	-1.79793 	0.000288756 	-0.116689 	0.000505521 	
2.875	2.19274 	-0.0815517 	-1.79722 	0.00041679 	-0.116692 	0.000438658 	
2.88	2.19262 	-0.0826554 	-1.79716 	0.00035465 	-0.116698 	0.000414571 	
2.885	2.19246 	-0.0837477 	-1.79709 	0.000293133 	-0.116701 	0.000390767 	
2.89	2.19303 	-0.0804758 	-1.79634 	0.000425669 	-0.116705 	0.000321228 	
2.895	2.19291 	-0.0816291 	-1.79629 	0.000360762 	-0.116711 	0.000296036 	
2.9	2.19274 	-0.0827701 	-1.79621 	0.000296537 	-0.116715 	0.000271158 	
2.905	2.19333 	-0.0793893 	-1.79544 	0.000433477 	-0.116718 	0.000198973 	
2.91	2.1932 	-0.0805922 	-1.79538 	0.000365813 	-0.116724 	0.000172676 	
2.915	2.19356 	-0.0785953 	-1.7948 	0.000439901 	-0.116728 	0.000111297 	
2.92	2.19338 	-0.0798481 	-1.79472 	0.000369447 	-0.116733 	8.39694e-05 	
2.925	2.19319 	-0.0810656 	-1.79463 	0.000300962 	-0.116736 	5.74085e-05 	
2.93	2.19378 	-0.0776454 	-1.79383 	0.000438985 	-0.11674 	-1.76449e-05 	
2.935	2.19364 	-0.0789253 	-1.79377 	0.000367044 	-0.116746 	-4.56678e-05 	
2.94	2.19402 	-0.0768429 	-1.79316 	0.000444238 	-0.116751 	-0.000110389 	
2.945	2.19383 	-0.0781719 	-1.79308 	0.000369554 	-0.116756 	-0.000139425 	
2.95	2.19418 	-0.07618 	-1.79246 	0.0004425 	-0.116759 	-0.00020402 	
2.955	2.19399 	-0.0775372 	-1.79238 	0.000366253 	-0.116764 	-0.000233691 	
2.96	2.19434 	-0.07552 	-1.79176 	0.000440104 	-0.116768 	-0.000299393 	
2.965	2.19415 	-0.0769039 	-1.79167 	0.000362386 	-0.116773 	-0.000329669 	
2.97	2.19451 	-0.074851 	-1.79104 	0.000437604 	-0.116777 	-0.000396601 	
2.975	2.19431 	-0.0762617 	-1.79095 	0.000358405 	-0.116782 	-0.000427488 	
2.98	2.19468 	-0.0741733 	-1.79031 	0.000434986 	-0.116786 	-0.000495661 	
2.985	2.19449 	-0.0756112 	-1.79022 	0.000354291 	-0.116792 	-0.000527166 	
2.99	2.19486 	-0.0734883 	-1.78957 	0.000432191 	-0.116796 	-0.000596576 	
2.995	2.19466 	-0.0749534 	-1.78948 	0.000349988 	-0.116801 	-0.000628704 	
3	2.19504 	-0.0727971 	-1.78881 	0.000429162 	-0.116806 	-0.000699343 	
3.005	2.19484 	-0.0742897 	-1.78872 	0.000345445 	-0.116811 	-0.000732099 	
3.01	2.19523 	-0.072101 	-1.78805 	0.000425852 	-0.116816 	-0.000803959 	
3.015	2.19502 	-0.0736211 	-1.78796 	0.00034062 	-0.116821 	-0.000837344 	
3.02	2.19541 	-0.0714009 	-1.78727 	0.00042222 	-0.116826 	-0.000910414 	
3.025	2.19521 	-0.0729486 	-1.78718 	0.000335475 	-0.116832 	-0.000944428 	
3.03	2.19561 	-0.0706978 	-1.78648 	0.000418234 	-0.116836 	-0.0010187 	
3.035	2.1954 	-0.072273 	-1.78639 	0.00032998 	-0.116842 	-0.00105334 	
3.04	2.1958 	-0.0699925 	-1.78569 	0.000413865 	-0.116847 	-0.00112879 	
3.045	2.19559 	-0.071595 	-1.78559 	0.000324111 	-0.116853 	-0.00116406 	
3.05	2.196 	-0.0692858 	-1.78488 	0.000409091 	-0.116857 	-0.00124069 	
3.055	2.19579 	-0.0709154 	-1.78478 	0.000317847 	-0.116864 	-0.00127658 	
3.06	2.1962 	-0.0685782 	-1.78405 	0.000403892 	-0.116868 	-0.00135436 	
3.065	2.19598 	-0.0702348 	-1.78396 	0.000311171 	-0.116875 	-0.00139088 	
3.07	2.1964 	-0.0678703 	-1.78322 	0.000398253 	-0.116879 	-0.0014698 	
3.075	2.19618 	-0.0695537 	-1.78313 	0.00030407 	-0.116886 	-0.00150693 	
3.08	2.1966 	-0.0671628 	-1.78238 	0.000392161 	-0.11689 	-0.00158697 	
3.085	2.19638 	-0.0688726 	-1.78228 	0.000296532 	-0.116897 	-0.00162471 	
3.09	2.1968 	-0.0664561 	-1.78152 	0.000385608 	-0.116902 	-0.00170586 	
3.095	2.19658 	-0.068192 	-1.78143 	0.000288551 	-0.116908 	-0.0017442 	
3.1	2.19701 	-0.0657507 	-1.78066 	0.000378585 	-0.116913 	-0.00182643 	
3.105	2.19678 	-0.0675124 	-1.78056 	0.000280119 	-0.11692 	-0.00186538 	
3.11	2.19721 	-0.0650469 	-1.77978 	0.000371088 	-0.116924 	-0.00194868 	
3.115	2.19699 	-0.0668342 	-1.77968 	0.000271233 	-0.116931 	-0.00198822 	
3.12	2.19742 	-0.0643452 	-1.7789 	0.000363113 	-0.116936 	-0.00207256 	
3.125	2.19719 	-0.0661576 	-1.7788 	0.000261891 	-0.116943 	-0.00211269 	
3.13	2.19762 	-0.0636459 	-1.778 	0.000354657 	-0.116947 	-0.00219806 	
3.135	2.19739 	-0.0654831 	-1.7779 	0.00025209 	-0.116955 	-0.00223876 	
3.14	2.19783 	-0.0629494 	-1.77709 	0.000345721 	-0.116959 	-0.00232513 	
3.145	2.1976 	-0.064811 	-1.77699 	0.000241832 	-0.116966 	-0.00236641 	
3.15	2.19804 	-0.062256 	-1.77618 	0.000336303 	-0.116971 	-0.00245377 	
3.155	2.1978 	-0.0641416 	-1.77608 	0.000231117 	-0.116978 	-0.0024956 	
3.16	2.19824 	-0.0615661 	-1.77525 	0.000326405 	-0.116983 	-0.00258393 	
3.165	2.198 	-0.0634751 	-1.77515 	0.000219946 	-0.11699 	-0.00262631 	
3.17	2.19845 	-0.0608798 	-1.77432 	0.000316029 	-0.116995 	-0.00271558 	
3.175	2.19821 	-0.062812 	-1.77422 	0.000208323 	-0.117002 	-0.00275851 	
3.18	2.19866 	-0.0601975 	-1.77338 	0.000305178 	-0.117006 	-0.00284869 	
3.185	2.19841 	-0.0621524 	-1.77327 	0.00019625 	-0.117014 	-0.00289216 	
3.19	2.19886 	-0.0595195 	-1.77242 	0.000293855 	-0.117018 	-0.00298324 	
3.195	2.19861 	-0.0614966 	-1.77232 	0.000183732 	-0.117026 	-0.00302723 	
3.2	2.19907 	-0.058846 	-1.77146 	0.000282064 	-0.11703 	-0.00311918 	
3.205	2.19882 	-0.0608448 	-1.77136 	0.000170772 	-0.117038 	-0.00316369 	
3.21	2.19927 	-0.0581773 	-1.7705 	0.000269808 	-0.117042 	-0.00325649 	
3.215	2.19902 	-0.0601974 	-1.77039 	0.000157376 	-0.11705 	-0.00330151 	
3.22	2.19948 	-0.0575135 	-1.76952 	0.000257092 	-0.117054 	-0.00339514 	
3.225	2.19922 	-0.0595544 	-1.76941 	0.000143548 	-0.117062 	-0.00344065 	
3.23	2.19968 	-0.056855 	-1.76854 	0.000243922 	-0.117066 	-0.00353508 	
3.235	2.19942 	-0.0589162 	-1.76843 	0.000129293 	-0.117074 	-0.00358108 	
3.24	2.19988 	-0.056202 	-1.76754 	0.000230302 	-0.117078 	-0.00367629 	
3.245	2.19963 	-0.058283 	-1.76744 	0.000114617 	-0.117086 	-0.00372276 	
3.25	2.20009 	-0.0555546 	-1.76654 	0.000216238 	-0.11709 	-0.00381872 	
3.255	2.19983 	-0.057655 	-1.76644 	9.95256e-05 	-0.117098 	-0.00386566 	
3.26	2.20029 	-0.0549132 	-1.76554 	0.000201734 	-0.117102 	-0.00396235 	
3.265	2.20003 	-0.0570323 	-1.76543 	8.40247e-05 	-0.11711 	-0.00400974 	
3.27	2.20049 	-0.0542778 	-1.76453 	0.000186798 	-0.117114 	-0.00410714 	
3.275	2.20022 	-0.0564152 	-1.76442 	6.81202e-05 	-0.117122 	-0.00415498 	
3.28	2.20069 	-0.0536487 	-1.76351 	0.000171435 	-0.117126 	-0.00425306 	
3.285	2.20042 	-0.0558039 	-1.7634 	5.18184e-05 	-0.117134 	-0.00430132 	
3.29	2.20089 	-0.0530262 	-1.76248 	0.00015565 	-0.117138 	-0.00440005 	
3.295	2.20062 	-0.0551986 	-1.76237 	3.51253e-05 	-0.117146 	-0.00444874 	
3.3	2.20108 	-0.0524104 	-1.76145 	0.00013945 	-0.11715 	-0.0045481 	
3.305	2.20081 	-0.0545995 	-1.76134 	1.80472e-05 	-0.117158 	-0.00459719 	
3.31	2.20128 	-0.0518015 	-1.76041 	0.00012284 	-0.117162 	-0.00469716 	
3.315	2.20101 	-0.0540068 	-1.7603 	5.90385e-07 	-0.11717 	-0.00474665 	
3.32	2.20147 	-0.0511996 	-1.75937 	0.000105828 	-0.117174 	-0.0048472 	
3.325	2.2012 	-0.0534205 	-1.75926 	-1.72387e-05 	-0.117181 	-0.00489707 	
3.33	2.20167 	-0.0506051 	-1.75833 	8.84181e-05 	-0.117185 	-0.00499817 	
3.335	2.20139 	-0.0528411 	-1.75821 	-3.54338e-05 	-0.117193 	-0.00504842 	
3.34	2.1264 	-0.0350967 	-1.70239 	0.000254913 	-0.113464 	-0.00665326 	
3.345	1.88523 	0.0104704 	-1.52708 	0.000728639 	-0.101557 	-0.0115164 	
3.35	1.74616 	0.0406462 	-1.42483 	0.00117709 	-0.0946514 	-0.0144357 	
3.355	1.4678 	0.0935925 	-1.22234 	0.00174404 	-0.0808639 	-0.020054 	
3.36	1.41078 	0.106233 	-1.17997 	0.00194366 	-0.0780022 	-0.0212822 	
3.365	1.17149 	0.151358 	-1.00565 	0.00243436 	-0.0660867 	-0.0261009 	
3.37	1.12663 	0.161056 	-0.972287 	0.00258515 	-0.0638225 	-0.0270835 	
3.375	0.879616 	0.207894 	-0.792172 	0.00310979 	-0.0514828 	-0.0320724 	
3.38	0.864545 	0.206831 	-0.780163 	0.00290316 	-0.0506643 	-0.0320699 	
3.385	0.542435 	0.264099 	-0.548164 	0.00351644 	-0.0345751 	-0.0382432 	
3.39	-0.120637 	0.485516 	0.251305 	-0.00444697 	0.00409587 	-0.0473778 	
3.395	-1.53528 	0.958564 	2.24759 	-0.034889 	0.0922458 	-0.0564121 	
3.4	-1.80362 	1.06218 	2.67395 	-0.043192 	0.109974 	-0.0576001 	
3.405	-3.12212 	1.54268 	4.54259 	-0.0730283 	0.19322 	-0.0681207 	
3.41	-3.27156 	1.64337 	4.88984 	-0.0811197 	0.205279 	-0.0681987 	
3.415	-4.50816 	2.08241 	6.55597 	-0.106056 	0.281714 	-0.0795077 	
3.42	-4.53017 	2.1253 	6.76707 	-0.112199 	0.287689 	-0.0751693 	
3.425	-5.73026 	2.47345 	8.30112 	-0.131186 	0.363079 	-0.0804206 	
3.43	-5.76575 	2.5327 	8.54342 	-0.138553 	0.368691 	-0.0779378 	
3.435	-6.84676 	2.83125 	9.87313 	-0.154183 	0.433183 	-0.084553 	
3.44	-6.51216 	2.74481 	9.64621 	-0.155238 	0.417465 	-0.0763152 	
3.445	-6.98706 	2.733 	9.89629 	-0.149432 	0.440923 	-0.0780488 	
3.45	-6.84872 	2.64592 	9.79853 	-0.144315 	0.43138 	-0.0761909 	
3.455	-7.56963 	2.78457 	10.9911 	-0.146392 	0.475206 	-0.0778926 	
3.46	-7.26634 	2.68484 	10.7842 	-0.143987 	0.458791 	-0.0715761 	
3.465	-8.1469 	2.77229 	11.8776 	-0.143093 	0.505912 	-0.0741402 	
3.47	-7.93661 	2.67759 	11.701 	-0.13739 	0.493481 	-0.0721046 	
3.475	-8.75229 	2.7704 	12.7449 	-0.136618 	0.538672 	-0.0740516 	
3.48	-8.42941 	2.70685 	12.4617 	-0.136188 	0.520818 	-0.0711686 	
3.485	-8.94682 	2.8261 	13.2509 	-0.141451 	0.551319 	-0.0722591 	
3.49	-8.63191 	2.80235 	13.0138 	-0.145849 	0.535372 	-0.0706148 	
3.495	-9.02338 	2.96239 	13.6671 	-0.157895 	0.560517 	-0.074803 	
3.5	-8.59875 	2.81566 	13.2933 	-0.153173 	0.538295 	-0.0696204 	
3.505	-8.46119 	2.76985 	13.4774 	-0.152032 	0.537174 	-0.0646648 	
3.51	-8.05469 	2.66328 	13.0693 	-0.146184 	0.514649 	-0.0623297 	
3.515	-8.05142 	2.62828 	13.3393 	-0.145784 	0.519829 	-0.0578618 	
3.52	-7.74406 	2.5117 	13.047 	-0.141161 	0.503248 	-0.0542168 	
3.525	-7.9392 	2.54458 	13.4451 	-0.141559 	0.517286 	-0.0529106 	
3.53	-8.23734 	2.65422 	13.6198 	-0.146994 	0.529329 	-0.0575278 	
3.535	-8.22884 	2.67029 	13.8403 	-0.153519 	0.533332 	-0.0552482 	
3.54	-7.69166 	2.54622 	13.3599 	-0.148274 	0.505919 	-0.0515883 	
3.545	-7.6619 	2.5003 	13.5887 	-0.146838 	0.509696 	-0.046882 	
3.55	-7.31949 	2.37646 	13.2228 	-0.142002 	0.490153 	-0.0431627 	
3.555	-7.21998 	2.32121 	13.3477 	-0.139776 	0.488647 	-0.0386351 	
3.56	-7.19134 	2.24836 	13.2331 	-0.133965 	0.484156 	-0.0375501 	
3.565	-7.87213 	2.30713 	13.9139 	-0.127373 	0.51839 	-0.0400481 	
3.57	-7.49039 	2.2095 	13.5007 	-0.122679 	0.496984 	-0.038034 	
3.575	-7.39243 	2.16439 	13.6341 	-0.121427 	0.496034 	-0.033768 	
3.58	-7.14348 	2.19025 	13.3412 	-0.126807 	0.483047 	-0.0356998 	
3.585	-7.2945 	2.58079 	13.6804 	-0.155293 	0.499602 	-0.0480101 	
3.59	-7.10125 	2.62068 	13.4478 	-0.161057 	0.489606 	-0.050609 	
3.595	-7.0621 	2.60372 	13.6038 	-0.162068 	0.491633 	-0.0473998 	
3.6	-6.90699 	2.65224 	13.4152 	-0.169311 	0.484072 	-0.0497353 	
3.605	-6.8788 	2.6443 	13.5587 	-0.170638 	0.486419 	-0.0471038 	
3.61	-6.75866 	2.70825 	13.4043 	-0.178923 	0.480872 	-0.0498434 	
3.615	-6.61427 	2.61014 	13.3342 	-0.174893 	0.474319 	-0.0442801 	
3.62	-6.22706 	2.4705 	12.7526 	-0.166567 	0.449703 	-0.0407202 	
3.625	-6.02271 	2.38568 	12.5488 	-0.161379 	0.43859 	-0.0371916 	
3.63	-5.62303 	2.26564 	11.9691 	-0.152628 	0.41361 	-0.0349769 	
3.635	-5.51074 	2.19326 	11.9331 	-0.147287 	0.408622 	-0.0316469 	
3.64	-5.10771 	2.08266 	11.3576 	-0.139947 	0.38382 	-0.0296109 	
3.645	-5.0348 	2.04181 	11.3818 	-0.137625 	0.381562 	-0.0264805 	
3.65	-4.65914 	1.93797 	10.8463 	-0.131234 	0.358152 	-0.0237609 	
3.655	-4.62864 	1.94522 	10.9455 	-0.13347 	0.359463 	-0.0211635 	
3.66	-4.43767 	2.05898 	10.7511 	-0.147586 	0.352223 	-0.0206706 	
3.665	-4.34853 	2.20474 	10.7689 	-0.165985 	0.352904 	-0.0192568 	
3.67	-4.08453 	2.10118 	10.3823 	-0.158498 	0.336025 	-0.0169768 	
3.675	-4.10147 	2.0677 	10.5666 	-0.155933 	0.339694 	-0.0138603 	
3.68	-3.83358 	1.96554 	10.1505 	-0.148978 	0.322197 	-0.0117821 	
3.685	-3.87738 	1.94471 	10.3702 	-0.147239 	0.327515 	-0.00904372 	
3.69	-3.62719 	1.85275 	9.97596 	-0.140986 	0.311103 	-0.00727962 	
3.695	-3.69309 	1.84308 	10.2229 	-0.139898 	0.317737 	-0.0049319 	
3.7	-3.45712 	1.75945 	9.84496 	-0.134232 	0.302174 	-0.00343629 	
3.705	-3.54192 	1.75917 	10.1133 	-0.13368 	0.309892 	-0.00144592 	
3.71	-3.34051 	1.78699 	9.81462 	-0.139388 	0.298836 	-0.00108544 	
3.715	-3.50134 	2.09686 	10.2532 	-0.170628 	0.317549 	-0.00250006 	
3.72	-3.26146 	1.98512 	9.78043 	-0.161704 	0.299513 	-0.00198996 	
3.725	-3.3914 	1.97619 	10.1539 	-0.160264 	0.310449 	0.000717687 	
3.73	-3.16221 	1.87436 	9.7007 	-0.152246 	0.293269 	0.00109228 	
3.735	-3.30459 	1.87302 	10.0754 	-0.151408 	0.304717 	0.00340461 	
3.74	-3.09725 	1.89232 	9.67198 	-0.155499 	0.291235 	0.00237572 	
3.745	-3.31444 	2.24683 	10.2548 	-0.1903 	0.315056 	0.00112376 	
3.75	-3.13521 	2.25379 	9.8821 	-0.192677 	0.302758 	-0.000165651 	
3.755	-3.26141 	2.51283 	10.2726 	-0.219718 	0.318694 	-9.97287e-05 	
3.76	-3.14435 	2.5188 	9.97867 	-0.222242 	0.309872 	-0.00162861 	
3.765	-3.27999 	2.76058 	10.3482 	-0.245882 	0.325178 	-0.00269082 	
3.77	-3.0634 	2.69787 	9.88879 	-0.241963 	0.308962 	-0.00312044 	
3.775	-3.22864 	2.92921 	10.3107 	-0.266129 	0.326233 	-0.00322095 	
3.78	-3.0295 	2.86294 	9.88211 	-0.261641 	0.311058 	-0.00360811 	
3.785	-3.23829 	3.10854 	10.3886 	-0.287104 	0.331526 	-0.00365711 	
3.79	-3.03875 	3.0275 	9.95249 	-0.281036 	0.315924 	-0.00398235 	
3.795	-3.24769 	3.2561 	10.4481 	-0.304944 	0.335917 	-0.00390718 	
3.8	-3.04744 	3.16247 	10.005 	-0.297491 	0.319922 	-0.00419506 	
3.805	-3.25561 	3.37581 	10.4886 	-0.319958 	0.339405 	-0.00404133 	
3.81	-3.0547 	3.27195 	10.0404 	-0.311348 	0.323093 	-0.00429761 	
3.815	-3.26204 	3.47285 	10.5149 	-0.332625 	0.342158 	-0.00406616 	
3.82	-3.06054 	3.36069 	10.063 	-0.323045 	0.325593 	-0.00429698 	
3.825	-3.26703 	3.55149 	10.5306 	-0.34334 	0.344316 	-0.00399055 	
3.83	-3.06501 	3.43258 	10.0762 	-0.332945 	0.327549 	-0.00420263 	
3.835	-3.27722 	3.61646 	10.552 	-0.35254 	0.34647 	-0.00379013 	
3.84	-3.07398 	3.38927 	10.0862 	-0.330848 	0.327538 	-0.00294004 	
3.845	-3.31037 	3.24327 	10.4753 	-0.316857 	0.338749 	0.00282342 	
3.85	-3.2337 	2.99201 	10.0803 	-0.295296 	0.321788 	0.0116166 	
3.855	-3.20323 	2.839 	10.2242 	-0.283893 	0.320834 	0.0176507 	
3.86	-3.38148 	2.66579 	10.1032 	-0.264557 	0.318489 	0.0227995 	
3.865	-3.05842 	2.4974 	9.98095 	-0.255491 	0.304 	0.0295546 	
3.87	-3.75537 	2.43633 	10.3426 	-0.237242 	0.328343 	0.0290065 	
3.875	-3.69767 	2.33146 	10.3776 	-0.227901 	0.325207 	0.0318191 	
3.88	-3.60315 	2.16807 	10.1554 	-0.214792 	0.313419 	0.0388694 	
3.885	-3.4656 	2.07126 	10.0843 	-0.20642 	0.306282 	0.0408077 	
3.89	-3.75747 	1.99179 	10.2357 	-0.194324 	0.314742 	0.0437774 	
3.895	-3.65235 	1.93817 	10.1656 	-0.187264 	0.309904 	0.0414585 	
3.9	-3.5882 	1.8835 	10.0799 	-0.180163 	0.305991 	0.0390331 	
3.905	-3.49372 	1.83942 	10.0206 	-0.174079 	0.301718 	0.0369601 	
3.91	-3.44113 	1.79341 	9.94871 	-0.167942 	0.298463 	0.0348143 	
3.915	-3.36058 	1.75759 	9.9075 	-0.162801 	0.295006 	0.0330279 	
3.92	-3.31984 	1.71893 	9.85028 	-0.157525 	0.292431 	0.0311491 	
3.925	-3.21569 	1.67569 	9.75005 	-0.15285 	0.287069 	0.0298955 	
3.93	-3.13716 	1.6218 	9.60187 	-0.147876 	0.281508 	0.0287258 	
3.935	-3.23191 	1.65771 	9.90425 	-0.145782 	0.290447 	0.0263574 	
3.94	-3.16316 	1.6184 	9.79257 	-0.141509 	0.285931 	0.0251012 	
3.945	-3.15188 	1.60897 	9.84442 	-0.138664 	0.286531 	0.0237866 	
3.95	-3.10785 	1.64758 	9.778 	-0.142324 	0.28495 	0.0221713 	
3.955	-3.11158 	1.84317 	9.87275 	-0.161373 	0.290542 	0.0198139 	
3.96	-2.99094 	1.86417 	9.64802 	-0.166928 	0.283783 	0.0192963 	
3.965	-3.1928 	2.20422 	10.1828 	-0.199618 	0.30625 	0.0170961 	
3.97	-2.95409 	2.16383 	9.68707 	-0.19785 	0.289396 	0.0157289 	
3.975	-3.10105 	2.42619 	10.0937 	-0.224833 	0.306623 	0.0148833 	
3.98	-2.99336 	2.4627 	9.83992 	-0.227751 	0.299289 	0.0118402 	
3.985	-3.01035 	2.58704 	9.96308 	-0.244881 	0.305226 	0.0133411 	
3.99	-3.00074 	2.63489 	9.88536 	-0.2462 	0.304039 	0.00923625 	
3.995	-2.97145 	2.51875 	9.8362 	-0.239619 	0.301018 	0.0120238 	
4	-2.97195 	2.52481 	9.83278 	-0.235371 	0.300384 	0.00913004 	
4.005	-2.95848 	2.41738 	9.80095 	-0.229585 	0.298315 	0.0118047 	
4.01	-2.95207 	2.43281 	9.7982 	-0.226254 	0.297612 	0.00904812 	
4.015	-2.94383 	2.33431 	9.77398 	-0.221185 	0.295965 	0.0116133 	
4.02	-2.93838 	2.35777 	9.7748 	-0.218533 	0.295464 	0.00882307 	
4.025	-2.93632 	2.23841 	9.75351 	-0.211236 	0.293721 	0.0116403 	
4.03	-2.90432 	2.23743 	9.72063 	-0.206082 	0.29147 	0.00945572 	
4.035	-2.86071 	2.28817 	9.66035 	-0.217365 	0.29104 	0.0121646 	
4.04	-2.84582 	2.39608 	9.65709 	-0.224824 	0.292212 	0.0110694 	
4.045	-2.79723 	2.43069 	9.59763 	-0.235252 	0.291287 	0.0148821 	
4.05	-2.77023 	2.50286 	9.58952 	-0.239226 	0.290877 	0.0144763 	
4.055	-2.59094 	2.41937 	9.4365 	-0.237694 	0.28206 	0.0155626 	
4.06	-2.60728 	2.4682 	9.44693 	-0.238422 	0.283261 	0.00903373 	
4.065	-2.47949 	2.4423 	9.35289 	-0.237996 	0.277314 	0.00829656 	
4.07	-2.54516 	2.54917 	9.41292 	-0.24824 	0.281909 	0.00619482 	
4.075	-2.52514 	2.63373 	9.44179 	-0.259062 	0.283193 	0.0075636 	
4.08	-2.58871 	2.72439 	9.49583 	-0.267629 	0.287367 	0.00547989 	
4.085	-2.56369 	2.78359 	9.51402 	-0.275509 	0.28788 	0.00631339 	
4.09	-2.62386 	2.85752 	9.55752 	-0.282401 	0.291509 	0.00422457 	
4.095	-2.59482 	2.8968 	9.56622 	-0.288013 	0.291398 	0.00470982 	
4.1	-2.65127 	2.95633 	9.60059 	-0.29342 	0.294527 	0.00259946 	
4.105	-2.61932 	2.98033 	9.60292 	-0.297257 	0.29396 	0.0028284 	
4.11	-2.67232 	3.02824 	9.63003 	-0.301448 	0.296672 	0.000718156 	
4.115	-2.63855 	3.04127 	9.6286 	-0.303996 	0.2958 	0.000798734 	
4.12	-2.69181 	3.09117 	9.65285 	-0.30882 	0.298545 	-0.000607231 	
4.125	-2.66863 	3.13357 	9.65994 	-0.315735 	0.298753 	0.00162017 	
4.13	-2.72 	3.18651 	9.67842 	-0.32055 	0.30096 	-0.000647636 	
4.135	-2.65642 	3.23135 	9.64607 	-0.326568 	0.297676 	-0.00174366 	
4.14	-2.59877 	3.25087 	9.57755 	-0.329413 	0.293884 	-0.00292433 	
4.145	-2.54408 	3.27974 	9.55681 	-0.33429 	0.291411 	-0.00328715 	
4.15	-2.49637 	3.29625 	9.49922 	-0.336615 	0.28835 	-0.00436202 	
4.155	-2.45278 	3.32209 	9.49048 	-0.34109 	0.286521 	-0.00454913 	
4.16	-2.52149 	3.38726 	9.59086 	-0.346832 	0.291292 	-0.00675236 	
4.165	-2.66855 	3.48492 	9.79573 	-0.355664 	0.301852 	-0.00923808 	
4.17	-2.33865 	3.31399 	9.21282 	-0.342507 	0.277952 	-0.00623769 	
4.175	-2.64891 	3.5 	9.73508 	-0.361017 	0.300688 	-0.00739531 	
4.18	-2.63806 	3.52676 	9.67338 	-0.361329 	0.299938 	-0.0101487 	
4.185	-2.64357 	3.51889 	9.69528 	-0.365555 	0.301159 	-0.00609896 	
4.19	-2.60579 	3.51305 	9.5986 	-0.362921 	0.297617 	-0.0071084 	
4.195	-2.48927 	3.47908 	9.51721 	-0.363523 	0.29149 	-0.00460272 	
4.2	-2.50918 	3.47806 	9.47547 	-0.361298 	0.29111 	-0.00593924 	
4.205	-2.49027 	3.46807 	9.47652 	-0.361368 	0.291116 	-0.0021346 	
4.21	-1.66132 	3.24622 	9.78204 	-0.33624 	0.398115 	-0.00375034 	
4.215	0.902141 	2.58922 	11.0847 	-0.252601 	0.754206 	-0.0197046 	
4.22	1.20424 	2.3576 	11.488 	-0.202454 	0.830918 	-0.0414653 	
4.225	1.14904 	2.27363 	10.8676 	-0.200556 	0.773973 	-0.0356819 	
4.23	0.843662 	2.33051 	10.5958 	-0.202719 	0.736083 	-0.0371593 	
4.235	0.621534 	2.34769 	10.3026 	-0.206896 	0.69786 	-0.036049 	
4.24	0.345 	2.41572 	10.1196 	-0.211263 	0.666479 	-0.0374276 	
4.245	0.163013 	2.44229 	9.90897 	-0.216834 	0.634316 	-0.036079 	
4.25	-0.105904 	2.47413 	9.81676 	-0.219257 	0.609534 	-0.0359807 	
4.255	-0.302451 	2.36064 	9.70366 	-0.208995 	0.582564 	-0.0323974 	
4.26	-0.549523 	2.26771 	9.73039 	-0.200532 	0.56227 	-0.0286919 	
4.265	-0.72463 	2.17285 	9.65382 	-0.191844 	0.539713 	-0.0255377 	
4.27	-0.940119 	2.09682 	9.69965 	-0.184687 	0.522811 	-0.0222648 	
4.275	-1.08161 	2.01627 	9.63233 	-0.177175 	0.503068 	-0.019488 	
4.28	-1.26168 	1.98658 	9.68461 	-0.173903 	0.489089 	-0.0178259 	
4.285	-1.27103 	2.01805 	9.53441 	-0.177373 	0.468445 	-0.0189177 	
4.29	-1.1268 	1.96612 	9.29781 	-0.176518 	0.441954 	-0.0163356 	
4.295	-0.98128 	1.90607 	9.02031 	-0.173933 	0.415706 	-0.0142668 	
4.3	-1.0878 	1.99436 	9.07709 	-0.179812 	0.406357 	-0.0171066 	
4.305	-1.02579 	1.90022 	8.92863 	-0.172693 	0.386894 	-0.0143982 	
4.31	-1.41174 	1.88911 	9.29827 	-0.164039 	0.392687 	-0.0165871 	
4.315	-1.39636 	1.79265 	9.15247 	-0.155157 	0.376656 	-0.0155469 	
4.32	-1.63682 	1.76393 	9.41315 	-0.146493 	0.377642 	-0.0173402 	
4.325	-1.64833 	1.68334 	9.28528 	-0.138658 	0.364565 	-0.01671 	
4.33	-1.83887 	1.65821 	9.50874 	-0.130945 	0.364902 	-0.0183536 	
4.335	-1.84204 	1.58712 	9.37519 	-0.124108 	0.352975 	-0.0178134 	
4.34	-2.00758 	1.56815 	9.58216 	-0.117278 	0.353621 	-0.0194342 	
4.345	-1.99696 	1.50401 	9.43953 	-0.111326 	0.342396 	-0.0188998 	
4.35	-2.14575 	1.49101 	9.637 	-0.105281 	0.343549 	-0.020518 	
4.355	-2.12228 	1.43254 	9.48638 	-0.100109 	0.332895 	-0.0199638 	
4.36	-2.25827 	1.42485 	9.67764 	-0.0947555 	0.334573 	-0.0215788 	
4.365	-2.2239 	1.37115 	9.5206 	-0.0902711 	0.324422 	-0.0209928 	
4.37	-2.34972 	1.36809 	9.70766 	-0.0855241 	0.326599 	-0.022601 	
4.375	-2.3063 	1.31843 	9.54554 	-0.0816463 	0.3169 	-0.0219763 	
4.38	-2.42396 	1.31938 	9.7298 	-0.0774296 	0.319541 	-0.0235754 	
4.385	-2.37306 	1.27315 	9.5636 	-0.0740863 	0.310244 	-0.0229077 	
4.39	-2.48418 	1.27758 	9.74611 	-0.0703327 	0.313312 	-0.0244963 	
4.395	-2.42707 	1.23424 	9.57659 	-0.0674601 	0.304372 	-0.0237832 	
4.4	-2.53298 	1.2417 	9.75812 	-0.0641101 	0.307829 	-0.0253615 	
4.405	-2.47071 	1.2008 	9.58582 	-0.061652 	0.299203 	-0.0246015 	
4.41	-2.5725 	1.21088 	9.76695 	-0.0586527 	0.303014 	-0.0261703 	
4.415	-2.50593 	1.17202 	9.59226 	-0.0565596 	0.294661 	-0.0253628 	
4.42	-2.60449 	1.1844 	9.77345 	-0.0538648 	0.298794 	-0.0269234 	
4.425	-2.53429 	1.14725 	9.59664 	-0.0520932 	0.290677 	-0.0260684 	
4.43	-2.63036 	1.16162 	9.77823 	-0.0496619 	0.295103 	-0.0276226 	
4.435	-2.55708 	1.12589 	9.59951 	-0.0481737 	0.287188 	-0.0267205 	
4.44	-2.65127 	1.14203 	9.78177 	-0.0459697 	0.291879 	-0.0282707 	
4.445	-2.57536 	1.10745 	9.60126 	-0.0447314 	0.284135 	-0.0273221 	
4.45	-2.66816 	1.12514 	9.78438 	-0.0427228 	0.289067 	-0.0288708 	
4.455	-2.58997 	1.09151 	9.6022 	-0.0417056 	0.281466 	-0.0278764 	
4.46	-2.68352 	1.10774 	9.78668 	-0.0404281 	0.286662 	-0.028775 	
4.465	-2.60699 	1.07351 	9.60419 	-0.0405512 	0.279239 	-0.0266119 	
4.47	-2.70155 	1.10875 	9.79476 	-0.0375507 	0.284738 	-0.0297088 	
4.475	-2.63749 	1.06521 	9.61761 	-0.0403586 	0.277985 	-0.0250102 	
4.48	-2.72149 	1.10678 	9.79714 	-0.0414316 	0.282662 	-0.0235708 	
4.485	-2.66386 	1.06878 	9.62523 	-0.0437078 	0.276385 	-0.0196984 	
4.49	-2.74157 	1.10581 	9.80142 	-0.0446934 	0.280991 	-0.0183416 	
4.495	-2.68529 	1.07045 	9.63075 	-0.0466052 	0.274939 	-0.0150385 	
4.5	-2.69418 	1.10335 	9.74079 	-0.0471207 	0.276243 	-0.0140653 	
4.505	-2.44994 	1.11698 	9.38908 	-0.0537008 	0.261763 	-0.013312 	
4.51	-2.48954 	1.30473 	9.55242 	-0.0717269 	0.267859 	-0.0169032 	
4.515	-2.2623 	1.30543 	9.22355 	-0.0766992 	0.254253 	-0.0159238 	
4.52	-2.32036 	1.4805 	9.41207 	-0.0934736 	0.261343 	-0.0191604 	
4.525	-2.1058 	1.46783 	9.1003 	-0.0970511 	0.248373 	-0.0178671 	
4.53	-2.17797 	1.63047 	9.30637 	-0.112678 	0.256171 	-0.0207491 	
4.535	-1.97428 	1.60643 	9.00745 	-0.115009 	0.243705 	-0.0192245 	
4.54	-2.05824 	1.75841 	9.22681 	-0.129597 	0.252057 	-0.0218329 	
4.545	-1.86374 	1.72462 	8.93749 	-0.130814 	0.239988 	-0.0201369 	
4.55	-1.95288 	1.86391 	9.1952 	-0.145171 	0.249246 	-0.0218566 	
4.555	-1.81022 	1.81999 	8.97139 	-0.146564 	0.240098 	-0.017407 	
4.56	-2.18587 	2.03001 	9.29838 	-0.163429 	0.260093 	-0.0158589 	
4.565	-2.25608 	2.09732 	9.38956 	-0.17948 	0.265676 	-0.00708611 	
4.57	-2.2266 	2.16584 	9.303 	-0.186153 	0.263533 	-0.00293323 	
4.575	-1.9437 	2.13445 	9.06388 	-0.199111 	0.250972 	0.0120793 	
4.58	-1.9733 	2.23191 	9.01557 	-0.205721 	0.251471 	0.0124756 	
4.585	-2.26554 	2.43968 	9.42665 	-0.228422 	0.271213 	0.0121998 	
4.59	-2.08027 	2.44188 	9.14061 	-0.231118 	0.259802 	0.0156895 	
4.595	-2.37662 	2.62158 	9.5326 	-0.25206 	0.279053 	0.0172092 	
4.6	-2.27871 	2.61918 	9.29867 	-0.252369 	0.271192 	0.0187405 	
4.605	-2.49903 	2.76028 	9.63004 	-0.271258 	0.286583 	0.0224349 	
4.61	-2.43307 	2.76402 	9.41204 	-0.270174 	0.279721 	0.0207798 	
4.615	-2.57103 	2.90998 	9.67578 	-0.288013 	0.290207 	0.0197826 	
4.62	-2.42403 	2.89597 	9.39056 	-0.286384 	0.278672 	0.0188401 	
4.625	-2.56255 	3.03944 	9.66275 	-0.304031 	0.289841 	0.0161124 	
4.63	-2.40591 	3.03256 	9.37849 	-0.302456 	0.278727 	0.0125509 	
4.635	-2.53761 	3.18163 	9.6416 	-0.318538 	0.289334 	0.00898369 	
4.64	-2.392 	3.15065 	9.36793 	-0.316241 	0.278698 	0.00731536 	
4.645	-2.5271 	3.28078 	9.62804 	-0.329711 	0.288952 	0.00566825 	
4.65	-2.38783 	3.22789 	9.35936 	-0.326199 	0.278457 	0.00544576 	
4.655	-2.52633 	3.35825 	9.6249 	-0.339466 	0.288981 	0.00329928 	
4.66	-2.38539 	3.30166 	9.35521 	-0.33553 	0.278438 	0.00298882 	
4.665	-2.52667 	3.43324 	9.62538 	-0.348668 	0.289217 	0.000331774 	
4.67	-2.38337 	3.37419 	9.35386 	-0.344398 	0.278603 	-0.000120639 	
4.675	-2.527 	3.50766 	9.62847 	-0.357482 	0.289654 	-0.00334407 	
4.68	-2.38131 	3.44612 	9.35476 	-0.352922 	0.278967 	-0.00387245 	
4.685	-2.52729 	3.57735 	9.63107 	-0.365397 	0.290084 	-0.0070478 	
4.69	-2.38224 	3.50735 	9.35775 	-0.360431 	0.27942 	-0.00711891 	
4.695	-2.53052 	3.63673 	9.63573 	-0.372349 	0.290595 	-0.010235 	
4.7	-2.38489 	3.55936 	9.36092 	-0.366894 	0.279849 	-0.00988298 	
4.705	-2.53632 	3.68659 	9.64172 	-0.378388 	0.291145 	-0.012887 	
4.71	-2.4055 	3.52803 	9.37392 	-0.36727 	0.280498 	-0.00631864 	
4.715	-2.60748 	3.43381 	9.68486 	-0.363141 	0.292573 	0.00797287 	
4.72	-2.45028 	3.37152 	9.39829 	-0.358218 	0.281289 	0.00691533 	
4.725	-2.60394 	3.51699 	9.68337 	-0.370567 	0.292834 	0.00250153 	
4.73	-2.46743 	3.33715 	9.40419 	-0.357014 	0.281385 	0.0105234 	
4.735	-2.69119 	3.15527 	9.72184 	-0.345257 	0.29305 	0.0316869 	
4.74	-2.548 	3.0043 	9.43886 	-0.334052 	0.281569 	0.0378893 	
4.745	-2.76602 	2.86192 	9.75628 	-0.32511 	0.293454 	0.0566677 	
4.75	-2.61443 	2.74046 	9.46767 	-0.315918 	0.281824 	0.0608674 	
4.755	-2.82984 	2.63786 	9.78632 	-0.310109 	0.293958 	0.0778532 	
4.76	-2.66848 	2.57481 	9.48826 	-0.305466 	0.281878 	0.0785685 	
4.765	-2.88061 	2.60943 	9.80267 	-0.311191 	0.293684 	0.0888333 	
4.77	-2.71899 	2.55671 	9.50177 	-0.307984 	0.281466 	0.0900568 	
4.775	-2.95146 	2.62288 	9.82738 	-0.318679 	0.293765 	0.103089 	
4.78	-2.75127 	2.51335 	9.51382 	-0.308834 	0.280489 	0.0984292 	
4.785	-2.90554 	2.43933 	9.81892 	-0.299945 	0.29068 	0.0946263 	
4.79	-2.73489 	2.43726 	9.50282 	-0.291932 	0.278764 	0.0855199 	
4.795	-2.88304 	2.47642 	9.82049 	-0.299752 	0.290631 	0.0838941 	
4.8	-2.72332 	2.44485 	9.51405 	-0.290632 	0.279137 	0.0768469 	
4.805	-2.99938 	2.59203 	10.0223 	-0.302391 	0.299297 	0.0715039 	
4.81	-3.08862 	2.73764 	10.0761 	-0.300276 	0.303809 	0.0568689 	
4.815	-2.71018 	2.45857 	9.61154 	-0.289637 	0.281915 	0.0636226 	
4.82	-2.26934 	2.25032 	8.94156 	-0.27703 	0.2541 	0.0680793 	
4.825	-1.92857 	1.98392 	8.50077 	-0.268044 	0.233993 	0.0779915 	
4.83	-1.77736 	1.85358 	8.1871 	-0.253355 	0.221858 	0.0755659 	
4.835	-2.01844 	1.80681 	8.70342 	-0.24519 	0.238535 	0.074454 	
4.84	-1.8744 	1.7121 	8.43008 	-0.231523 	0.227368 	0.0705006 	
4.845	-2.11415 	1.69597 	8.94916 	-0.225748 	0.244285 	0.0690252 	
4.85	-2.00015 	1.68938 	8.69181 	-0.219428 	0.235018 	0.0636063 	
4.855	-2.24194 	1.7698 	9.19203 	-0.225178 	0.252436 	0.0623459 	
4.86	-2.11344 	1.75585 	8.89849 	-0.218544 	0.242044 	0.0572478 	
4.865	-2.34874 	1.82832 	9.37587 	-0.224078 	0.258847 	0.0564323 	
4.87	-2.20836 	1.80485 	9.05359 	-0.217086 	0.247535 	0.0517888 	
4.875	-2.43904 	1.86938 	9.51501 	-0.222335 	0.263891 	0.0514205 	
4.88	-2.28916 	1.83692 	9.17111 	-0.215078 	0.251866 	0.0472593 	
4.885	-2.51556 	1.89732 	9.62064 	-0.220147 	0.267869 	0.0471704 	
4.89	-2.35777 	1.85675 	9.26013 	-0.212699 	0.255276 	0.0434798 	
4.895	-2.58104 	1.9143 	9.70172 	-0.217632 	0.271035 	0.0436207 	
4.9	-2.41615 	1.86721 	9.32779 	-0.210063 	0.257963 	0.0403372 	
4.905	-2.6373 	1.92305 	9.76444 	-0.214912 	0.273568 	0.040659 	
4.91	-2.46601 	1.8706 	9.37946 	-0.207271 	0.260084 	0.0377311 	
4.915	-2.68595 	1.92544 	9.81351 	-0.212065 	0.27561 	0.0381988 	
4.92	-2.50879 	1.86853 	9.41919 	-0.204386 	0.261764 	0.0355823 	
4.925	-2.72835 	1.92283 	9.85244 	-0.209145 	0.27727 	0.0361694 	
4.93	-2.54573 	1.86215 	9.45001 	-0.201454 	0.263101 	0.033826 	
4.935	-2.76557 	1.91631 	9.88384 	-0.206193 	0.278633 	0.0345069 	
4.94	-2.57785 	1.8524 	9.47419 	-0.198506 	0.264168 	0.0324039 	
4.945	-2.79851 	1.90677 	9.90962 	-0.203239 	0.279766 	0.033154 	
4.95	-2.56097 	1.79069 	9.43933 	-0.192612 	0.262325 	0.0330737 	
4.955	-2.70457 	1.7378 	9.79225 	-0.190017 	0.273439 	0.0376383 	
4.96	-2.60102 	1.72443 	9.49957 	-0.184108 	0.264374 	0.033961 	
4.965	-2.62395 	1.59258 	9.67852 	-0.180648 	0.268103 	0.0435699 	
4.97	-2.46688 	1.511 	9.32946 	-0.171464 	0.255734 	0.0415155 	
4.975	-2.59599 	1.48208 	9.64847 	-0.168268 	0.265618 	0.0426752 	
4.98	-2.4394 	1.40573 	9.30016 	-0.160025 	0.253351 	0.0410522 	
4.985	-2.56258 	1.38698 	9.6225 	-0.157671 	0.263142 	0.0421003 	
4.99	-2.38022 	1.31447 	9.25489 	-0.150189 	0.249655 	0.0408033 	
4.995	-2.52995 	1.30104 	9.59261 	-0.148691 	0.260652 	0.0418238 	
5	-2.34245 	1.23586 	9.22255 	-0.141816 	0.247006 	0.040502 	
5.005	-2.49867 	1.22931 	9.56846 	-0.140954 	0.258427 	0.0414872 	
5.01	-2.31287 	1.16968 	9.19845 	-0.134618 	0.24489 	0.0401411 	
5.015	-2.47199 	1.16907 	9.5502 	-0.134297 	0.256561 	0.0411143 	
5.02	-2.28932 	1.11418 	9.18056 	-0.12842 	0.243182 	0.0397251 	
5.025	-2.45046 	1.11884 	9.53756 	-0.128564 	0.255055 	0.0406836 	
5.03	-2.27072 	1.06787 	9.16774 	-0.123079 	0.241811 	0.0392581 	
5.035	-2.43366 	1.07705 	9.52962 	-0.123626 	0.253867 	0.0402109 	
5.04	-2.25642 	1.02932 	9.1591 	-0.118476 	0.240727 	0.0387573 	
5.045	-2.42095 	1.04234 	9.52538 	-0.119374 	0.252945 	0.0397121 	
5.05	-2.24566 	0.997247 	9.15357 	-0.114507 	0.239875 	0.038237 	
5.055	-2.41173 	1.01355 	9.52404 	-0.115712 	0.252244 	0.0392012 	
5.06	-2.23788 	0.970615 	9.15041 	-0.111084 	0.239214 	0.0377091 	
5.065	-2.40535 	0.989731 	9.52479 	-0.112556 	0.251721 	0.038687 	
5.07	-2.23266 	0.948556 	9.1492 	-0.108131 	0.238715 	0.0371828 	
5.075	-2.40152 	0.97008 	9.52739 	-0.109839 	0.251354 	0.038179 	
5.08	-2.22963 	0.930323 	9.14953 	-0.105585 	0.238352 	0.036666 	
5.085	-2.39987 	0.953924 	9.53149 	-0.107499 	0.251119 	0.0376835 	
5.09	-2.22849 	0.915299 	9.15111 	-0.103389 	0.238103 	0.0361634 	
5.095	-2.40009 	0.940702 	9.53677 	-0.105485 	0.250995 	0.0372045 	
5.1	-2.22894 	0.902968 	9.15366 	-0.101494 	0.237951 	0.0356786 	
5.105	-2.40191 	0.929941 	9.54304 	-0.103753 	0.250965 	0.0367447 	
5.11	-2.23076 	0.892895 	9.157 	-0.0998606 	0.237879 	0.0352138 	
5.115	-2.40509 	0.921246 	9.55009 	-0.102263 	0.251014 	0.0363057 	
5.12	-2.24133 	0.906743 	9.17729 	-0.0994362 	0.238667 	0.0337662 	
5.125	-2.4338 	0.996212 	9.61591 	-0.104861 	0.253961 	0.0323888 	
5.13	-2.25817 	0.960765 	9.22092 	-0.101056 	0.240496 	0.0306801 	
5.135	-2.46124 	1.04166 	9.66311 	-0.104048 	0.255258 	0.0272308 	
5.14	-2.26083 	1.0016 	9.24345 	-0.100378 	0.240468 	0.0256782 	
5.145	-2.48274 	1.08012 	9.69668 	-0.103416 	0.256098 	0.0224958 	
5.15	-2.26525 	1.01322 	9.24705 	-0.0996306 	0.240252 	0.0232797 	
5.155	-2.47243 	1.04592 	9.67039 	-0.102095 	0.254975 	0.024351 	
5.16	-2.30529 	1.05026 	9.31012 	-0.0976911 	0.242432 	0.0198817 	
5.165	-2.48088 	1.03221 	9.66399 	-0.101425 	0.254704 	0.0246211 	
5.17	-2.34869 	1.09872 	9.37927 	-0.0960906 	0.244808 	0.0158589 	
5.175	-2.51428 	1.05148 	9.71064 	-0.100206 	0.256669 	0.0240767 	
5.18	-2.33047 	1.03088 	9.31366 	-0.0976373 	0.243469 	0.0230024 	
5.185	-2.51453 	1.01095 	9.68317 	-0.100669 	0.256453 	0.0287232 	
5.19	-2.35859 	1.026 	9.34267 	-0.0957484 	0.244696 	0.0237929 	
5.195	-2.68035 	0.982597 	9.95802 	-0.102119 	0.266913 	0.0337187 	
5.2	-2.80085 	0.959651 	10.0841 	-0.103366 	0.273194 	0.0356628 	
5.205	-2.65409 	0.939011 	9.82466 	-0.100808 	0.26338 	0.034615 	
5.21	-2.70896 	0.943509 	9.93191 	-0.101212 	0.267165 	0.0348105 	
5.215	-2.60372 	0.922571 	9.69233 	-0.098801 	0.259119 	0.0336076 	
5.22	-2.65596 	0.932065 	9.81786 	-0.0993734 	0.263174 	0.0337614 	
5.225	-2.55988 	0.912388 	9.59564 	-0.0971726 	0.255762 	0.0326827 	
5.23	-2.61788 	0.923916 	9.73816 	-0.0979378 	0.260331 	0.0329264 	
5.235	-2.52627 	0.905205 	9.52716 	-0.0958867 	0.253282 	0.0319538 	
5.24	-2.58941 	0.918085 	9.68253 	-0.0968066 	0.258264 	0.0322791 	
5.245	-2.50056 	0.89999 	9.4788 	-0.0948653 	0.251445 	0.0313919 	
5.25	-2.56807 	0.913837 	9.64399 	-0.0959092 	0.256756 	0.0317843 	
5.255	-2.48109 	0.896136 	9.4449 	-0.094049 	0.250089 	0.0309608 	
5.26	-2.55228 	0.910717 	9.61771 	-0.0951932 	0.255663 	0.0314062 	
5.265	-2.46659 	0.893273 	9.42145 	-0.0933929 	0.249093 	0.0306273 	
5.27	-2.54086 	0.908435 	9.6003 	-0.094619 	0.25488 	0.0311146 	
5.275	-2.23045 	0.861287 	9.11745 	-0.0918834 	0.235695 	0.0304845 	
5.28	-1.57451 	0.778901 	8.34881 	-0.0897867 	0.200167 	0.0312298 	
5.285	-1.11068 	0.708777 	7.62891 	-0.0859046 	0.17157 	0.0303039 	
5.29	-0.511587 	0.636048 	6.97065 	-0.0846008 	0.139995 	0.031375 	
5.295	-0.0956648 	0.574729 	6.35327 	-0.0815157 	0.114914 	0.030801 	
5.3	0.460584 	0.507941 	5.79317 	-0.0809997 	0.0866327 	0.032384 	
5.305	0.598666 	0.378934 	5.66522 	-0.0701561 	0.0820943 	0.0376602 	
5.31	0.424661 	0.11079 	6.367 	-0.0446439 	0.107984 	0.0548059 	
5.315	0.60682 	-0.0036562 	6.15517 	-0.0357505 	0.100142 	0.056617 	
5.32	0.708341 	-0.246479 	6.36671 	-0.0210939 	0.106142 	0.065673 	
5.325	0.864675 	-0.325085 	6.06225 	-0.0158826 	0.0962859 	0.0654485 	
5.33	0.774834 	-0.584215 	6.36428 	0.00330978 	0.110888 	0.0681879 	
5.335	1.00776 	-0.589404 	5.86563 	0.000463642 	0.0926929 	0.0685023 	
5.34	1.33184 	-0.62997 	5.41162 	-0.00587186 	0.0728436 	0.0743152 	
5.345	1.3519 	-0.686496 	5.35066 	0.00246276 	0.0739905 	0.0740903 	
5.35	1.01517 	-0.868775 	6.14901 	0.0358681 	0.110697 	0.0707042 	
5.355	1.05726 	-0.911175 	6.0561 	0.0416487 	0.10987 	0.0707967 	
5.36	0.76911 	-1.16564 	6.79205 	0.0838125 	0.144651 	0.0645364 	
5.365	1.03706 	-1.42638 	6.47006 	0.113333 	0.134309 	0.0593773 	
5.37	0.965525 	-1.50945 	6.91317 	0.1272 	0.150264 	0.0616898 	
5.375	1.0782 	-1.47023 	6.66015 	0.124701 	0.1407 	0.0597913 	
5.38	1.00042 	-1.54414 	7.07632 	0.137709 	0.155892 	0.0616504 	
5.385	0.962229 	-1.46663 	6.85958 	0.133099 	0.150059 	0.0582628 	
5.39	0.477704 	-1.44647 	7.45437 	0.141162 	0.177383 	0.0578299 	
5.395	0.592363 	-1.39202 	7.22348 	0.133652 	0.166932 	0.0595238 	
5.4	0.167547 	-1.38163 	7.76286 	0.143773 	0.192203 	0.0581405 	
5.405	0.268819 	-1.29012 	7.50596 	0.128977 	0.179045 	0.0629209 	
5.41	-0.26016 	-1.14043 	8.06213 	0.120586 	0.200343 	0.0685351 	
5.415	-0.139247 	-1.05998 	7.79748 	0.107093 	0.186982 	0.0728113 	
5.42	-0.611153 	-0.936184 	8.28047 	0.0999247 	0.205914 	0.0778515 	
5.425	-0.453098 	-0.871724 	7.9855 	0.0878494 	0.191526 	0.0814455 	
5.43	-0.904733 	-0.764337 	8.45223 	0.0820608 	0.210151 	0.0859932 	
5.435	-0.715 	-0.713613 	8.13425 	0.0711659 	0.194943 	0.0890671 	
5.44	-1.15132 	-0.619858 	8.59064 	0.0665862 	0.213436 	0.0931921 	
5.445	-0.880158 	-0.62789 	8.22165 	0.0630948 	0.197806 	0.0933664 	
5.45	-1.15806 	-0.688429 	8.59289 	0.0792039 	0.217959 	0.089212 	
5.455	-0.871614 	-0.725076 	8.23084 	0.0790324 	0.203392 	0.0876448 	
5.46	-1.06069 	-0.832844 	8.52986 	0.0994416 	0.221971 	0.0841047 	
5.465	-0.815047 	-0.863864 	8.21296 	0.0983086 	0.209185 	0.0841742 	
5.47	-1.00728 	-0.960532 	8.51379 	0.117391 	0.227311 	0.0807832 	
5.475	-0.765673 	-0.980879 	8.19799 	0.114933 	0.214113 	0.0811142 	
5.48	-0.962764 	-1.06795 	8.50123 	0.132899 	0.231933 	0.0778786 	
5.485	-0.724888 	-1.07918 	8.18597 	0.129291 	0.218379 	0.0784417 	
5.49	-0.925484 	-1.15828 	8.49107 	0.146298 	0.235914 	0.0753287 	
5.495	-0.737964 	-1.09749 	8.22954 	0.134602 	0.221921 	0.0757862 	
5.5	-1.07765 	-0.987404 	8.66286 	0.131193 	0.237884 	0.0715442 	
5.505	-0.874636 	-0.958477 	8.30015 	0.123994 	0.220931 	0.0717207 	
5.51	-1.21967 	-0.864723 	8.74397 	0.121 	0.23763 	0.0694056 	
5.515	-1.00354 	-0.847825 	8.37495 	0.114855 	0.220638 	0.0697914 	
5.52	-1.33972 	-0.755079 	8.78767 	0.111857 	0.236772 	0.0671947 	
5.525	-1.2729 	-0.661026 	8.60799 	0.0996654 	0.227846 	0.066107 	
5.53	-1.50771 	-0.502926 	8.90541 	0.0867773 	0.237733 	0.0636735 	
5.535	-1.42253 	-0.423972 	8.7097 	0.0766621 	0.228383 	0.0625629 	
5.54	-1.64948 	-0.287875 	8.99891 	0.0652561 	0.238329 	0.0606694 	
5.545	-1.55045 	-0.226004 	8.79181 	0.0567064 	0.228737 	0.059849 	
5.55	-1.77185 	-0.106595 	9.07738 	0.0466371 	0.238828 	0.0583006 	
5.555	-1.66064 	-0.0599807 	8.86058 	0.0394045 	0.229022 	0.0577785 	
5.56	-1.87776 	0.0459311 	9.14392 	0.0305113 	0.239266 	0.0564745 	
5.565	-1.75559 	0.0794531 	8.91859 	0.0244128 	0.229257 	0.0562115 	
5.57	-1.96962 	0.174233 	9.2008 	0.0165421 	0.239665 	0.0550894 	
5.575	-1.83747 	0.196609 	8.9678 	0.0114257 	0.229455 	0.0550449 	
5.58	-2.04945 	0.282177 	9.24976 	0.00444137 	0.240037 	0.0540573 	
5.585	-1.90815 	0.295062 	9.00979 	0.000176454 	0.229628 	0.0541967 	
5.59	-2.11903 	0.37303 	9.29225 	-0.00603994 	0.240393 	0.0533048 	
5.595	-1.96927 	0.377816 	9.04586 	-0.00956612 	0.229786 	0.0535999 	
5.6	-2.17982 	0.449522 	9.3294 	-0.0151177 	0.240739 	0.052773 	
5.605	-2.02217 	0.447373 	9.077 	-0.0180029 	0.229932 	0.0532013 	
5.61	-2.23311 	0.513954 	9.36213 	-0.0229788 	0.241079 	0.0524134 	
5.615	-2.06804 	0.505842 	9.10406 	-0.0253079 	0.230071 	0.0529573 	
5.62	-2.27999 	0.568256 	9.39119 	-0.0297855 	0.241419 	0.052187 	
5.625	-2.10789 	0.554996 	9.12771 	-0.0316322 	0.230206 	0.0528325 	
5.63	-2.32139 	0.614047 	9.41719 	-0.0356786 	0.24176 	0.0520625 	
5.635	-2.14256 	0.596315 	9.14849 	-0.0371066 	0.230338 	0.0527993 	
5.64	-2.35809 	0.652686 	9.44062 	-0.0407799 	0.242102 	0.052015 	
5.645	-2.17281 	0.631052 	9.16686 	-0.0418447 	0.230469 	0.0528349 	
5.65	-2.39083 	0.685321 	9.46191 	-0.0451954 	0.242449 	0.052024 	
5.655	-2.19927 	0.660254 	9.1832 	-0.0459451 	0.2306 	0.0529214 	
5.66	-2.42012 	0.712903 	9.48138 	-0.0490169 	0.242799 	0.0520748 	
5.665	-2.22245 	0.684799 	9.1978 	-0.049493 	0.230729 	0.0530453 	
5.67	-2.4465 	0.736242 	9.49932 	-0.0523239 	0.243154 	0.0521543 	
5.675	-2.24282 	0.705426 	9.21093 	-0.0525626 	0.230859 	0.0531953 	
5.68	-2.47041 	0.756021 	9.51599 	-0.0551853 	0.243514 	0.0522525 	
5.685	-2.26081 	0.722765 	9.22281 	-0.055218 	0.230988 	0.0533624 	
5.69	-2.49221 	0.772806 	9.53154 	-0.0576608 	0.243878 	0.0523621 	
5.695	-2.2767 	0.737328 	9.23359 	-0.0575148 	0.231117 	0.0535409 	
5.7	-2.5122 	0.787073 	9.54617 	-0.0598024 	0.244247 	0.0524776 	
5.705	-2.29081 	0.749559 	9.24344 	-0.0595013 	0.231245 	0.0537253 	
5.71	-2.53064 	0.799224 	9.55999 	-0.0616551 	0.24462 	0.052595 	
5.715	-2.30337 	0.759822 	9.25247 	-0.0612191 	0.231371 	0.0539122 	
5.72	-2.54778 	0.809597 	9.57314 	-0.0632576 	0.244997 	0.0527108 	
5.725	-2.31458 	0.768427 	9.26078 	-0.0627046 	0.231495 	0.054099 	
5.73	-2.5638 	0.818475 	9.58569 	-0.0646436 	0.245378 	0.0528229 	
5.735	-2.32463 	0.775636 	9.26847 	-0.063989 	0.231618 	0.0542836 	
5.74	-2.57887 	0.826099 	9.59774 	-0.0658423 	0.245762 	0.0529294 	
5.745	-2.33365 	0.781662 	9.2756 	-0.0650995 	0.231736 	0.0544652 	
5.75	-2.59313 	0.832666 	9.60935 	-0.066879 	0.246149 	0.0530294 	
5.755	-2.37154 	0.78811 	9.31502 	-0.0663608 	0.23344 	0.0546666 	
5.76	-2.60281 	0.516963 	9.65732 	-0.0464626 	0.252262 	0.0779061 	
5.765	-2.0404 	-0.489582 	9.12642 	0.0193608 	0.239094 	0.152547 	
5.77	-2.36408 	-0.654484 	9.58181 	0.0295964 	0.260998 	0.170527 	
5.775	-1.68386 	-1.6777 	8.88692 	0.102079 	0.242004 	0.241153 	
5.78	-1.89205 	-2.11519 	9.3242 	0.142022 	0.267607 	0.259026 	
5.785	-1.47097 	-2.56451 	8.74583 	0.157255 	0.245091 	0.324961 	
5.79	-1.82977 	-2.7008 	9.24927 	0.163516 	0.268359 	0.347815 	
5.795	-1.35014 	-3.11147 	8.6676 	0.191543 	0.247203 	0.382372 	
5.8	-1.53664 	-3.58606 	9.07932 	0.234428 	0.271502 	0.404902 	
5.805	-1.08468 	-3.89573 	8.50966 	0.252544 	0.249161 	0.437807 	
5.81	-1.32044 	-4.25688 	8.94527 	0.286311 	0.273331 	0.455998 	
5.815	-0.825841 	-4.63275 	8.33896 	0.312072 	0.249078 	0.488354 	
5.82	-0.910124 	-5.28475 	8.69352 	0.387065 	0.272013 	0.487345 	
5.825	-0.243762 	-5.38505 	8.27682 	0.411946 	0.276465 	0.461965 	
5.83	0.303547 	-6.16535 	8.83406 	0.505067 	0.374803 	0.456773 	
5.835	0.982509 	-6.24518 	8.28987 	0.536171 	0.374187 	0.419239 	
5.84	1.72169 	-7.3494 	8.7294 	0.686178 	0.476193 	0.370962 	
5.845	2.0166 	-6.87796 	8.11495 	0.647773 	0.434045 	0.354701 	
5.85	1.48567 	-6.36489 	8.43561 	0.608302 	0.432709 	0.331502 	
5.855	1.36367 	-5.84518 	8.21882 	0.577606 	0.410561 	0.306535 	
5.86	1.07999 	-5.44881 	8.30286 	0.542591 	0.401046 	0.291052 	
5.865	1.01744 	-4.94399 	8.13859 	0.51008 	0.380086 	0.266079 	
5.87	0.754474 	-4.57332 	8.30862 	0.477689 	0.379746 	0.24921 	
5.875	0.853265 	-4.03684 	8.21444 	0.434592 	0.382763 	0.232727 	
5.88	0.525684 	-3.38959 	8.6545 	0.358715 	0.415426 	0.236253 	
5.885	0.77429 	-3.04943 	8.55865 	0.336131 	0.42889 	0.219426 	
5.89	0.380493 	-2.4186 	8.97249 	0.25999 	0.453248 	0.224417 	
5.895	0.104666 	-2.06061 	8.64321 	0.234765 	0.397278 	0.208311 	
5.9	-0.416492 	-1.69097 	8.85165 	0.186716 	0.386441 	0.210959 	
5.905	0.194028 	-1.57324 	8.86289 	0.186053 	0.439446 	0.194281 	
5.91	0.381063 	-1.41365 	9.32604 	0.159263 	0.513143 	0.196933 	
5.915	1.02912 	-1.28149 	9.37009 	0.15535 	0.573373 	0.183255 	
5.92	1.44698 	-1.27042 	9.82667 	0.141006 	0.667414 	0.191488 	
5.925	2.10688 	-1.16142 	9.86138 	0.140729 	0.733718 	0.176476 	
5.93	1.99304 	-0.859487 	10.2178 	0.0975244 	0.781518 	0.182008 	
5.935	1.86234 	-0.692026 	9.76626 	0.0892972 	0.729349 	0.168269 	
