0.0	0.310429	-0.173769	0.537008	0.180534	-1.45468	-0.24872
0.005	0.310429	-0.173769	0.537008	0.180534	-1.45468	-0.24872
0.01	0.310429	-0.173769	0.537008	0.180534	-1.45468	-0.24872
0.015	0.31043	-0.173769	0.537008	0.180534	-1.45468	-0.24872
0.02	0.310431	-0.173769	0.537008	0.180534	-1.45468	-0.24872
0.025	0.310433	-0.173769	0.537009	0.180534	-1.45468	-0.24872
0.03	0.310435	-0.173769	0.537009	0.180534	-1.45468	-0.24872
0.035	0.310438	-0.173769	0.53701	0.180534	-1.45468	-0.24872
0.04	0.310441	-0.173769	0.53701	0.180534	-1.45468	-0.24872
0.045	0.310445	-0.173769	0.537011	0.180534	-1.45468	-0.24872
0.05	0.31045	-0.173769	0.537012	0.180534	-1.45468	-0.24872
0.055	0.310455	-0.17377	0.537013	0.180534	-1.45468	-0.24872
0.06	0.310461	-0.17377	0.537014	0.180534	-1.45468	-0.24872
0.065	0.310467	-0.17377	0.537015	0.180534	-1.45468	-0.24872
0.07	0.310473	-0.17377	0.537016	0.180534	-1.45468	-0.24872
0.075	0.310481	-0.17377	0.537018	0.180534	-1.45468	-0.24872
0.08	0.310488	-0.17377	0.537019	0.180534	-1.45468	-0.24872
0.085	0.310497	-0.17377	0.537021	0.180534	-1.45468	-0.24872
0.09	0.310505	-0.173771	0.537022	0.180534	-1.45468	-0.24872
0.095	0.310516	-0.173771	0.537024	0.180534	-1.45468	-0.24872
0.1	0.310526	-0.173771	0.537026	0.180534	-1.45468	-0.24872
0.105	0.310536	-0.173771	0.537028	0.180534	-1.45468	-0.24872
0.11	0.310547	-0.173771	0.53703	0.180534	-1.45468	-0.24872
0.115	0.310559	-0.173772	0.537032	0.180534	-1.45468	-0.24872
0.12	0.310571	-0.173772	0.537034	0.180534	-1.45468	-0.24872
0.125	0.310583	-0.173772	0.537037	0.180534	-1.45468	-0.24872
0.13	0.310597	-0.173772	0.537039	0.180534	-1.45468	-0.24872
0.135	0.31061	-0.173773	0.537042	0.180534	-1.45468	-0.24872
0.14	0.310624	-0.173773	0.537044	0.180534	-1.45468	-0.24872
0.145	0.310639	-0.173773	0.537047	0.180534	-1.45468	-0.24872
0.15	0.310654	-0.173774	0.53705	0.180534	-1.45468	-0.24872
0.155	0.31067	-0.173774	0.537053	0.180534	-1.45468	-0.24872
0.16	0.310687	-0.173774	0.537056	0.180534	-1.45468	-0.24872
0.165	0.310641	-0.173759	0.53704	0.178912	-1.45354	-0.246485
0.17	0.310658	-0.173759	0.537043	0.178912	-1.45354	-0.246485
0.175	0.310676	-0.17376	0.537047	0.178912	-1.45354	-0.246485
0.18	0.310695	-0.17376	0.53705	0.178912	-1.45354	-0.246485
0.185	0.310714	-0.17376	0.537054	0.178912	-1.45354	-0.246485
0.19	0.310733	-0.173761	0.537057	0.178912	-1.45354	-0.246485
0.195	0.310753	-0.173761	0.537061	0.178912	-1.45354	-0.246485
0.2	0.310774	-0.173762	0.537065	0.178912	-1.45354	-0.246485
0.205	0.310795	-0.173762	0.537069	0.178912	-1.45354	-0.246485
0.21	0.310816	-0.173762	0.537073	0.178912	-1.45354	-0.246485
0.215	0.310839	-0.173763	0.537077	0.178912	-1.45354	-0.246485
0.22	0.310861	-0.173763	0.537081	0.178912	-1.45354	-0.246485
0.225	0.310823	-0.173749	0.537066	0.177313	-1.45242	-0.244282
0.23	0.310846	-0.173749	0.537071	0.177313	-1.45242	-0.244282
0.235	0.310871	-0.173749	0.537075	0.177313	-1.45242	-0.244282
0.24	0.310895	-0.17375	0.53708	0.177313	-1.45242	-0.244282
0.245	0.310921	-0.17375	0.537085	0.177313	-1.45242	-0.244282
0.25	0.310946	-0.173751	0.537089	0.177313	-1.45242	-0.244282
0.255	0.310973	-0.173751	0.537094	0.177313	-1.45242	-0.244282
0.26	0.310999	-0.173752	0.537099	0.177313	-1.45242	-0.244282
0.265	0.311027	-0.173752	0.537104	0.177313	-1.45242	-0.244282
0.27	0.311054	-0.173753	0.537109	0.177313	-1.45242	-0.244282
0.275	0.311017	-0.173738	0.537095	0.175618	-1.45123	-0.241947
0.28	0.311046	-0.173738	0.5371	0.175618	-1.45123	-0.241947
0.285	0.311076	-0.173739	0.537106	0.175618	-1.45123	-0.241947
0.29	0.311105	-0.173739	0.537111	0.175618	-1.45123	-0.241947
0.295	0.311136	-0.17374	0.537117	0.175618	-1.45123	-0.241947
0.3	0.311167	-0.17374	0.537122	0.175618	-1.45123	-0.241947
0.305	0.311198	-0.173741	0.537128	0.175618	-1.45123	-0.241947
0.31	0.31123	-0.173741	0.537134	0.175618	-1.45123	-0.241947
0.315	0.3112	-0.173727	0.537121	0.174005	-1.4501	-0.239725
0.32	0.311233	-0.173728	0.537127	0.174005	-1.4501	-0.239725
0.325	0.311266	-0.173728	0.537134	0.174005	-1.4501	-0.239725
0.33	0.3113	-0.173729	0.53714	0.174005	-1.4501	-0.239725
0.335	0.311334	-0.173729	0.537146	0.174005	-1.4501	-0.239725
0.34	0.311369	-0.17373	0.537153	0.174005	-1.4501	-0.239725
0.345	0.311404	-0.17373	0.537159	0.174005	-1.4501	-0.239725
0.35	0.311379	-0.173717	0.537147	0.172425	-1.44899	-0.237548
0.355	0.311416	-0.173717	0.537154	0.172425	-1.44899	-0.237548
0.36	0.311452	-0.173718	0.537161	0.172425	-1.44899	-0.237548
0.365	0.31149	-0.173719	0.537168	0.172425	-1.44899	-0.237548
0.37	0.311527	-0.173719	0.537175	0.172425	-1.44899	-0.237548
0.375	0.311566	-0.17372	0.537182	0.172425	-1.44899	-0.237548
0.38	0.311604	-0.17372	0.537189	0.172425	-1.44899	-0.237548
0.385	0.311577	-0.173706	0.537176	0.170708	-1.44779	-0.235182
0.39	0.311617	-0.173706	0.537184	0.170708	-1.44779	-0.235182
0.395	0.311657	-0.173707	0.537191	0.170708	-1.44779	-0.235182
0.4	0.311698	-0.173707	0.537198	0.170708	-1.44779	-0.235182
0.405	0.311739	-0.173708	0.537206	0.170708	-1.44779	-0.235182
0.41	0.311781	-0.173708	0.537214	0.170708	-1.44779	-0.235182
0.415	0.31176	-0.173695	0.537203	0.169088	-1.44665	-0.232951
0.42	0.311803	-0.173696	0.537211	0.169088	-1.44665	-0.232951
0.425	0.311846	-0.173696	0.537218	0.169089	-1.44665	-0.232951
0.43	0.311889	-0.173697	0.537226	0.169089	-1.44665	-0.232951
0.435	0.311933	-0.173697	0.537235	0.169089	-1.44665	-0.232951
0.44	0.311978	-0.173698	0.537243	0.169089	-1.44665	-0.232951
0.445	0.311956	-0.173684	0.537231	0.16738	-1.44546	-0.230597
0.45	0.312002	-0.173685	0.53724	0.16738	-1.44546	-0.230597
0.455	0.312047	-0.173685	0.537248	0.16738	-1.44546	-0.230597
0.46	0.312094	-0.173686	0.537257	0.16738	-1.44546	-0.230597
0.465	0.312141	-0.173686	0.537265	0.16738	-1.44546	-0.230597
0.47	0.312188	-0.173687	0.537274	0.16738	-1.44546	-0.230597
0.475	0.312165	-0.173672	0.537262	0.165564	-1.44418	-0.228096
0.48	0.312213	-0.173673	0.537271	0.165564	-1.44418	-0.228096
0.485	0.312262	-0.173673	0.537279	0.165564	-1.44418	-0.228096
0.49	0.312311	-0.173674	0.537288	0.165564	-1.44418	-0.228096
0.495	0.31236	-0.173674	0.537297	0.165564	-1.44418	-0.228096
0.5	0.312347	-0.173662	0.537288	0.163939	-1.44304	-0.225857
0.505	0.312397	-0.173662	0.537297	0.163939	-1.44304	-0.225857
0.51	0.312448	-0.173663	0.537307	0.163939	-1.44304	-0.225857
0.515	0.312499	-0.173663	0.537316	0.163939	-1.44304	-0.225857
0.52	0.312551	-0.173664	0.537325	0.163939	-1.44304	-0.225857
0.525	0.312538	-0.173651	0.537316	0.162268	-1.44187	-0.223555
0.53	0.312591	-0.173651	0.537325	0.162268	-1.44187	-0.223555
0.535	0.312643	-0.173652	0.537335	0.162268	-1.44187	-0.223555
0.54	0.312697	-0.173652	0.537345	0.162268	-1.44187	-0.223555
0.545	0.312751	-0.173653	0.537355	0.162268	-1.44187	-0.223555
0.55	0.312737	-0.17364	0.537345	0.16053	-1.44065	-0.22116
0.555	0.312792	-0.17364	0.537355	0.16053	-1.44065	-0.22116
0.56	0.312847	-0.17364	0.537365	0.16053	-1.44065	-0.22116
0.565	0.312902	-0.173641	0.537375	0.16053	-1.44065	-0.22116
0.57	0.312958	-0.173641	0.537385	0.16053	-1.44065	-0.22116
0.575	0.312944	-0.173628	0.537375	0.158723	-1.43939	-0.21867
0.58	0.313001	-0.173628	0.537385	0.158723	-1.43939	-0.21867
0.585	0.313058	-0.173629	0.537396	0.158723	-1.43939	-0.21867
0.59	0.313116	-0.173629	0.537406	0.158723	-1.43939	-0.21867
0.595	0.313174	-0.173629	0.537417	0.158723	-1.43939	-0.21867
0.6	0.313159	-0.173616	0.537406	0.156849	-1.43807	-0.216089
0.605	0.313218	-0.173616	0.537417	0.156849	-1.43807	-0.216089
0.61	0.313277	-0.173616	0.537428	0.156849	-1.43807	-0.216089
0.615	0.313336	-0.173617	0.537439	0.156849	-1.43807	-0.216089
0.62	0.313335	-0.173605	0.537432	0.155264	-1.43696	-0.213905
0.625	0.313395	-0.173606	0.537443	0.155264	-1.43696	-0.213905
0.63	0.313456	-0.173606	0.537454	0.155264	-1.43696	-0.213905
0.635	0.313517	-0.173606	0.537465	0.155264	-1.43696	-0.213905
0.64	0.313516	-0.173595	0.537458	0.153672	-1.43585	-0.211712
0.645	0.313578	-0.173595	0.537469	0.153672	-1.43585	-0.211712
0.65	0.31364	-0.173595	0.537481	0.153672	-1.43585	-0.211712
0.655	0.313703	-0.173596	0.537492	0.153672	-1.43585	-0.211712
0.66	0.313702	-0.173585	0.537485	0.152044	-1.4347	-0.209469
0.665	0.313766	-0.173585	0.537497	0.152044	-1.4347	-0.209469
0.67	0.313829	-0.173585	0.537508	0.152044	-1.4347	-0.209469
0.675	0.313893	-0.173585	0.53752	0.152044	-1.4347	-0.209469
0.68	0.313893	-0.173574	0.537513	0.150377	-1.43353	-0.207173
0.685	0.313958	-0.173574	0.537525	0.150377	-1.43353	-0.207173
0.69	0.314023	-0.173574	0.537536	0.150377	-1.43353	-0.207173
0.695	0.314088	-0.173574	0.537548	0.150377	-1.43353	-0.207173
0.7	0.314088	-0.173563	0.537541	0.148673	-1.43234	-0.204825
0.705	0.314154	-0.173563	0.537553	0.148673	-1.43234	-0.204825
0.71	0.314221	-0.173562	0.537565	0.148673	-1.43234	-0.204825
0.715	0.314288	-0.173562	0.537577	0.148673	-1.43234	-0.204825
0.72	0.314287	-0.173551	0.53757	0.146932	-1.43112	-0.202427
0.725	0.314354	-0.173551	0.537582	0.146932	-1.43112	-0.202427
0.73	0.314422	-0.173551	0.537595	0.146932	-1.43112	-0.202427
0.735	0.314491	-0.173551	0.537607	0.146932	-1.43112	-0.202427
0.74	0.31449	-0.17354	0.5376	0.145156	-1.42987	-0.199979
0.745	0.314559	-0.17354	0.537612	0.145156	-1.42987	-0.199979
0.75	0.314628	-0.173539	0.537625	0.145156	-1.42987	-0.199979
0.755	0.314698	-0.173539	0.537637	0.145156	-1.42987	-0.199979
0.76	0.314697	-0.173528	0.53763	0.143345	-1.4286	-0.197485
0.765	0.314767	-0.173528	0.537642	0.143345	-1.4286	-0.197485
0.77	0.314837	-0.173527	0.537655	0.143345	-1.4286	-0.197485
0.775	0.314908	-0.173527	0.537668	0.143345	-1.4286	-0.197485
0.78	0.314907	-0.173516	0.53766	0.141501	-1.42731	-0.194944
0.785	0.314979	-0.173516	0.537673	0.141501	-1.42731	-0.194944
0.79	0.315051	-0.173515	0.537686	0.141501	-1.42731	-0.194944
0.795	0.315123	-0.173515	0.537699	0.141501	-1.42731	-0.194944
0.8	0.315122	-0.173504	0.537692	0.139625	-1.426	-0.19236
0.805	0.315194	-0.173503	0.537705	0.139625	-1.426	-0.19236
0.81	0.315267	-0.173503	0.537718	0.139625	-1.426	-0.19236
0.815	0.315341	-0.173502	0.537731	0.139625	-1.426	-0.19236
0.82	0.315339	-0.173491	0.537723	0.137718	-1.42466	-0.189732
0.825	0.315413	-0.173491	0.537737	0.137718	-1.42466	-0.189732
0.83	0.315488	-0.17349	0.53775	0.137718	-1.42466	-0.189732
0.835	0.315562	-0.17349	0.537763	0.137718	-1.42466	-0.189732
0.84	0.315561	-0.173479	0.537756	0.135781	-1.4233	-0.187064
0.845	0.315636	-0.173478	0.537769	0.135781	-1.4233	-0.187064
0.85	0.315711	-0.173477	0.537782	0.135781	-1.4233	-0.187064
0.855	0.315787	-0.173477	0.537796	0.135781	-1.4233	-0.187064
0.86	0.315785	-0.173466	0.537788	0.133816	-1.42192	-0.184357
0.865	0.315861	-0.173465	0.537802	0.133816	-1.42192	-0.184357
0.87	0.315938	-0.173464	0.537815	0.133816	-1.42192	-0.184357
0.875	0.316014	-0.173464	0.537829	0.133816	-1.42192	-0.184357
0.88	0.316013	-0.173453	0.537821	0.131824	-1.42053	-0.181612
0.885	0.31609	-0.173452	0.537835	0.131824	-1.42053	-0.181612
0.89	0.316167	-0.173451	0.537849	0.131824	-1.42053	-0.181612
0.895	0.316183	-0.173443	0.537846	0.130261	-1.41943	-0.179459
0.9	0.316261	-0.173442	0.53786	0.130261	-1.41943	-0.179459
0.905	0.316339	-0.173441	0.537873	0.130261	-1.41943	-0.179459
0.91	0.316418	-0.17344	0.537887	0.130261	-1.41943	-0.179459
0.915	0.316418	-0.17343	0.53788	0.12827	-1.41803	-0.176715
0.92	0.316496	-0.173429	0.537894	0.12827	-1.41803	-0.176715
0.925	0.316575	-0.173428	0.537908	0.12827	-1.41803	-0.176715
0.93	0.316592	-0.17342	0.537905	0.126678	-1.41692	-0.174523
0.935	0.316671	-0.173419	0.537919	0.126678	-1.41692	-0.174523
0.94	0.316751	-0.173417	0.537933	0.126678	-1.41692	-0.174523
0.945	0.316769	-0.17341	0.537931	0.125116	-1.41582	-0.172371
0.95	0.316849	-0.173408	0.537945	0.125116	-1.41582	-0.172371
0.955	0.31693	-0.173407	0.537959	0.125116	-1.41582	-0.172371
0.96	0.316948	-0.173399	0.537957	0.123547	-1.41472	-0.170209
0.965	0.317029	-0.173398	0.537971	0.123547	-1.41472	-0.170209
0.97	0.31711	-0.173397	0.537986	0.123547	-1.41472	-0.170209
0.975	0.317129	-0.173389	0.537983	0.121966	-1.41361	-0.168031
0.98	0.31721	-0.173388	0.537998	0.121966	-1.41361	-0.168031
0.985	0.317292	-0.173386	0.538012	0.121966	-1.41361	-0.168031
0.99	0.31731	-0.173379	0.53801	0.120373	-1.4125	-0.165837
0.995	0.317392	-0.173377	0.538024	0.120373	-1.4125	-0.165837
1.0	0.317474	-0.173376	0.538039	0.120373	-1.4125	-0.165837
1.005	0.317493	-0.173368	0.538036	0.118771	-1.41137	-0.163629
1.01	0.317576	-0.173367	0.538051	0.118771	-1.41137	-0.163629
1.015	0.317658	-0.173365	0.538065	0.118771	-1.41137	-0.163629
1.02	0.317677	-0.173358	0.538063	0.117158	-1.41024	-0.161407
1.025	0.31776	-0.173356	0.538078	0.117158	-1.41024	-0.161407
1.03	0.317843	-0.173354	0.538092	0.117158	-1.41024	-0.161407
1.035	0.317862	-0.173347	0.53809	0.115535	-1.40911	-0.159172
1.04	0.317946	-0.173346	0.538105	0.115535	-1.40911	-0.159172
1.045	0.318029	-0.173344	0.538119	0.115535	-1.40911	-0.159172
1.05	0.318048	-0.173337	0.538117	0.113904	-1.40796	-0.156924
1.055	0.318132	-0.173335	0.538132	0.113904	-1.40796	-0.156924
1.06	0.318216	-0.173333	0.538146	0.113904	-1.40796	-0.156924
1.065	0.318235	-0.173326	0.538144	0.112264	-1.40681	-0.154665
1.07	0.318319	-0.173324	0.538159	0.112264	-1.40681	-0.154665
1.075	0.318404	-0.173322	0.538174	0.112264	-1.40681	-0.154665
1.08	0.318423	-0.173316	0.538172	0.110617	-1.40566	-0.152396
1.085	0.318508	-0.173313	0.538186	0.110617	-1.40566	-0.152396
1.09	0.318592	-0.173311	0.538201	0.110617	-1.40566	-0.152396
1.095	0.318612	-0.173305	0.538199	0.108963	-1.4045	-0.150116
1.1	0.318697	-0.173302	0.538214	0.108963	-1.4045	-0.150116
1.105	0.318782	-0.1733	0.538229	0.108963	-1.4045	-0.150116
1.11	0.318801	-0.173294	0.538227	0.107301	-1.40333	-0.147828
1.115	0.318886	-0.173292	0.538241	0.107301	-1.40333	-0.147828
1.12	0.318972	-0.173289	0.538256	0.107301	-1.40333	-0.147828
1.125	0.318991	-0.173283	0.538254	0.105634	-1.40216	-0.145531
1.13	0.319077	-0.173281	0.538269	0.105634	-1.40216	-0.145531
1.135	0.319162	-0.173278	0.538284	0.105634	-1.40216	-0.145531
1.14	0.319182	-0.173272	0.538282	0.103962	-1.40099	-0.143227
1.145	0.319268	-0.17327	0.538297	0.103962	-1.40099	-0.143227
1.15	0.319354	-0.173267	0.538312	0.103962	-1.40099	-0.143227
1.155	0.319373	-0.173261	0.53831	0.102284	-1.39981	-0.140916
1.16	0.319459	-0.173259	0.538325	0.102284	-1.39981	-0.140916
1.165	0.319545	-0.173256	0.538339	0.102284	-1.39981	-0.140916
1.17	0.319565	-0.17325	0.538338	0.100603	-1.39864	-0.138599
1.175	0.319651	-0.173248	0.538352	0.100603	-1.39864	-0.138599
1.18	0.319737	-0.173245	0.538367	0.100603	-1.39864	-0.138599
1.185	0.319757	-0.17324	0.538366	0.0989176	-1.39745	-0.136278
1.19	0.319843	-0.173237	0.53838	0.0989176	-1.39745	-0.136278
1.195	0.31993	-0.173234	0.538395	0.0989176	-1.39745	-0.136278
1.2	0.319949	-0.173229	0.538393	0.0972293	-1.39627	-0.133952
1.205	0.320036	-0.173225	0.538408	0.0972293	-1.39627	-0.133952
1.21	0.320122	-0.173222	0.538423	0.0972293	-1.39627	-0.133952
1.215	0.320142	-0.173218	0.538422	0.0955386	-1.39508	-0.131622
1.22	0.320229	-0.173214	0.538436	0.0955386	-1.39508	-0.131622
1.225	0.320315	-0.173211	0.538451	0.0955386	-1.39508	-0.131622
1.23	0.320335	-0.173207	0.53845	0.093846	-1.3939	-0.12929
1.235	0.320422	-0.173203	0.538464	0.093846	-1.3939	-0.12929
1.24	0.320508	-0.1732	0.538479	0.093846	-1.3939	-0.12929
1.245	0.320528	-0.173196	0.538478	0.0921521	-1.39271	-0.126957
1.25	0.320615	-0.173192	0.538492	0.0921521	-1.39271	-0.126957
1.255	0.320702	-0.173189	0.538507	0.0921521	-1.39271	-0.126957
1.26	0.320721	-0.173185	0.538506	0.0904576	-1.39152	-0.124622
1.265	0.320808	-0.173181	0.538521	0.0904576	-1.39152	-0.124622
1.27	0.320895	-0.173178	0.538535	0.0904576	-1.39152	-0.124622
1.275	0.320914	-0.173174	0.538534	0.088763	-1.39033	-0.122288
1.28	0.321001	-0.17317	0.538549	0.088763	-1.39033	-0.122288
1.285	0.321088	-0.173166	0.538563	0.088763	-1.39033	-0.122288
1.29	0.321107	-0.173163	0.538562	0.0870689	-1.38915	-0.119954
1.295	0.321194	-0.173159	0.538577	0.0870689	-1.38915	-0.119954
1.3	0.321281	-0.173155	0.538591	0.0870689	-1.38915	-0.119954
1.305	0.3213	-0.173152	0.53859	0.085376	-1.38796	-0.117621
1.31	0.321387	-0.173148	0.538605	0.085376	-1.38796	-0.117621
1.315	0.321473	-0.173144	0.538619	0.085376	-1.38796	-0.117621
1.32	0.321493	-0.173141	0.538618	0.0836848	-1.38677	-0.115291
1.325	0.321579	-0.173137	0.538633	0.0836848	-1.38677	-0.115291
1.33	0.321666	-0.173133	0.538647	0.0836848	-1.38677	-0.115291
1.335	0.321685	-0.17313	0.538646	0.0819959	-1.38559	-0.112965
1.34	0.321772	-0.173126	0.538661	0.0819959	-1.38559	-0.112965
1.345	0.321858	-0.173122	0.538675	0.0819959	-1.38559	-0.112965
1.35	0.321877	-0.173119	0.538674	0.0803099	-1.38441	-0.110642
1.355	0.321963	-0.173115	0.538688	0.0803099	-1.38441	-0.110642
1.36	0.32205	-0.17311	0.538703	0.0803099	-1.38441	-0.110642
1.365	0.322069	-0.173108	0.538702	0.0786274	-1.38323	-0.108324
1.37	0.322155	-0.173104	0.538716	0.0786274	-1.38323	-0.108324
1.375	0.322241	-0.173099	0.538731	0.0786274	-1.38323	-0.108324
1.38	0.32226	-0.173097	0.538729	0.076949	-1.38205	-0.106012
1.385	0.322346	-0.173093	0.538744	0.076949	-1.38205	-0.106012
1.39	0.322432	-0.173088	0.538758	0.076949	-1.38205	-0.106012
1.395	0.322451	-0.173086	0.538757	0.0752753	-1.38088	-0.103706
1.4	0.322536	-0.173082	0.538772	0.0752753	-1.38088	-0.103706
1.405	0.322622	-0.173077	0.538786	0.0752753	-1.38088	-0.103706
1.41	0.322641	-0.173075	0.538785	0.0736069	-1.37971	-0.101407
1.415	0.322726	-0.173071	0.538799	0.0736069	-1.37971	-0.101407
1.42	0.322811	-0.173066	0.538813	0.0736069	-1.37971	-0.101407
1.425	0.32283	-0.173064	0.538812	0.0719444	-1.37854	-0.0991169
1.43	0.322915	-0.17306	0.538827	0.0719444	-1.37854	-0.0991169
1.435	0.323	-0.173055	0.538841	0.0719444	-1.37854	-0.0991169
1.44	0.323019	-0.173054	0.53884	0.0702883	-1.37738	-0.0968353
1.445	0.323103	-0.173049	0.538854	0.0702883	-1.37738	-0.0968353
1.45	0.323188	-0.173044	0.538868	0.0702883	-1.37738	-0.0968353
1.455	0.323206	-0.173043	0.538867	0.0686393	-1.37622	-0.0945635
1.46	0.323291	-0.173038	0.538881	0.0686393	-1.37622	-0.0945635
1.465	0.323375	-0.173034	0.538895	0.0686393	-1.37622	-0.0945635
1.47	0.323393	-0.173032	0.538894	0.0669979	-1.37507	-0.0923021
1.475	0.323477	-0.173028	0.538908	0.0669979	-1.37507	-0.0923021
1.48	0.323561	-0.173023	0.538922	0.0669979	-1.37507	-0.0923021
1.485	0.323579	-0.173022	0.538921	0.0653647	-1.37393	-0.0900521
1.49	0.323663	-0.173017	0.538935	0.0653647	-1.37393	-0.0900521
1.495	0.323746	-0.173012	0.538949	0.0653647	-1.37393	-0.0900521
1.5	0.323764	-0.173011	0.538948	0.0637403	-1.37279	-0.0878141
1.505	0.323847	-0.173006	0.538962	0.0637403	-1.37279	-0.0878141
1.51	0.32393	-0.173001	0.538976	0.0637403	-1.37279	-0.0878141
1.515	0.323948	-0.173001	0.538975	0.0621252	-1.37166	-0.085589
1.52	0.32403	-0.172996	0.538989	0.0621252	-1.37166	-0.085589
1.525	0.324113	-0.172991	0.539002	0.0621252	-1.37166	-0.085589
1.53	0.324131	-0.17299	0.539001	0.06052	-1.37053	-0.0833776
1.535	0.324213	-0.172985	0.539015	0.06052	-1.37053	-0.0833776
1.54	0.324294	-0.17298	0.539029	0.06052	-1.37053	-0.0833776
1.545	0.324312	-0.17298	0.539028	0.0589253	-1.36941	-0.0811806
1.55	0.324394	-0.172975	0.539041	0.0589253	-1.36941	-0.0811806
1.555	0.324475	-0.17297	0.539055	0.0589253	-1.36941	-0.0811806
1.56	0.324493	-0.17297	0.539054	0.0573417	-1.3683	-0.0789989
1.565	0.324573	-0.172965	0.539067	0.0573417	-1.3683	-0.0789989
1.57	0.324654	-0.172959	0.539081	0.0573417	-1.3683	-0.0789989
1.575	0.324671	-0.172959	0.53908	0.0557697	-1.3672	-0.0768331
1.58	0.324752	-0.172954	0.539093	0.0557697	-1.3672	-0.0768331
1.585	0.324832	-0.172949	0.539106	0.0557697	-1.3672	-0.0768331
1.59	0.324849	-0.172949	0.539106	0.0542098	-1.36611	-0.0746841
1.595	0.324929	-0.172944	0.539119	0.0542098	-1.36611	-0.0746841
1.6	0.325008	-0.172939	0.539132	0.0542098	-1.36611	-0.0746841
1.605	0.325025	-0.172939	0.539131	0.0526626	-1.36502	-0.0725526
1.61	0.325104	-0.172934	0.539144	0.0526626	-1.36502	-0.0725526
1.615	0.325182	-0.172929	0.539157	0.0526626	-1.36502	-0.0725526
1.62	0.3252	-0.172929	0.539157	0.0511287	-1.36395	-0.0704394
1.625	0.325278	-0.172924	0.53917	0.0511287	-1.36395	-0.0704394
1.63	0.325356	-0.172919	0.539182	0.0511287	-1.36395	-0.0704394
1.635	0.325433	-0.172914	0.539195	0.0511287	-1.36395	-0.0704394
1.64	0.325432	-0.172916	0.539191	0.0491571	-1.36256	-0.067723
1.645	0.325509	-0.172911	0.539203	0.0491571	-1.36256	-0.067723
1.65	0.325586	-0.172905	0.539216	0.0491571	-1.36256	-0.067723
1.655	0.325601	-0.172906	0.539215	0.0476095	-1.36148	-0.0655909
1.66	0.325677	-0.172901	0.539228	0.0476095	-1.36148	-0.0655909
1.665	0.325753	-0.172896	0.53924	0.0476095	-1.36148	-0.0655909
1.67	0.325829	-0.17289	0.539252	0.0476095	-1.36148	-0.0655909
1.675	0.325828	-0.172893	0.539248	0.0456779	-1.36012	-0.0629297
1.68	0.325903	-0.172888	0.539261	0.0456779	-1.36012	-0.0629297
1.685	0.325978	-0.172883	0.539273	0.0456779	-1.36012	-0.0629297
1.69	0.326053	-0.172877	0.539285	0.0456779	-1.36012	-0.0629297
1.695	0.32605	-0.172881	0.539281	0.0437322	-1.35876	-0.0602491
1.7	0.326124	-0.172875	0.539293	0.0437322	-1.35876	-0.0602491
1.705	0.326198	-0.17287	0.539305	0.0437322	-1.35876	-0.0602491
1.71	0.326271	-0.172865	0.539317	0.0437322	-1.35876	-0.0602491
1.715	0.326268	-0.172868	0.539312	0.0418113	-1.35741	-0.0576027
1.72	0.326341	-0.172863	0.539324	0.0418113	-1.35741	-0.0576027
1.725	0.326414	-0.172858	0.539336	0.0418113	-1.35741	-0.0576027
1.73	0.326486	-0.172852	0.539348	0.0418113	-1.35741	-0.0576027
1.735	0.326483	-0.172856	0.539344	0.0399204	-1.35609	-0.0549976
1.74	0.326555	-0.172851	0.539355	0.0399204	-1.35609	-0.0549976
1.745	0.326626	-0.172845	0.539367	0.0399204	-1.35609	-0.0549976
1.75	0.326698	-0.17284	0.539378	0.0399204	-1.35609	-0.0549976
1.755	0.326694	-0.172844	0.539374	0.0380609	-1.35478	-0.0524358
1.76	0.326765	-0.172839	0.539386	0.0380609	-1.35478	-0.0524358
1.765	0.326835	-0.172833	0.539397	0.0380609	-1.35478	-0.0524358
1.77	0.326905	-0.172828	0.539408	0.0380609	-1.35478	-0.0524358
1.775	0.326902	-0.172832	0.539404	0.0362341	-1.3535	-0.0499191
1.78	0.326971	-0.172827	0.539416	0.0362341	-1.3535	-0.0499191
1.785	0.32704	-0.172821	0.539427	0.0362341	-1.3535	-0.0499191
1.79	0.327109	-0.172816	0.539438	0.0362341	-1.3535	-0.0499191
1.795	0.327106	-0.172821	0.539434	0.0344412	-1.35225	-0.0474491
1.8	0.327174	-0.172815	0.539445	0.0344412	-1.35225	-0.0474491
1.805	0.327241	-0.17281	0.539456	0.0344412	-1.35225	-0.0474491
1.81	0.327308	-0.172805	0.539467	0.0344412	-1.35225	-0.0474491
1.815	0.327305	-0.172809	0.539463	0.0326833	-1.35101	-0.0450272
1.82	0.327372	-0.172804	0.539474	0.0326833	-1.35101	-0.0450272
1.825	0.327438	-0.172799	0.539484	0.0326833	-1.35101	-0.0450272
1.83	0.327504	-0.172793	0.539495	0.0326833	-1.35101	-0.0450272
1.835	0.327501	-0.172798	0.539492	0.0309615	-1.34981	-0.0426551
1.84	0.327566	-0.172793	0.539502	0.0309615	-1.34981	-0.0426551
1.845	0.327631	-0.172788	0.539512	0.0309615	-1.34981	-0.0426551
1.85	0.327695	-0.172782	0.539523	0.0309615	-1.34981	-0.0426551
1.855	0.327692	-0.172787	0.539519	0.0292768	-1.34863	-0.0403341
1.86	0.327756	-0.172782	0.53953	0.0292768	-1.34863	-0.0403341
1.865	0.327819	-0.172777	0.53954	0.0292768	-1.34863	-0.0403341
1.87	0.327882	-0.172771	0.53955	0.0292768	-1.34863	-0.0403341
1.875	0.327879	-0.172777	0.539547	0.0276303	-1.34747	-0.0380658
1.88	0.327941	-0.172771	0.539556	0.0276303	-1.34747	-0.0380658
1.885	0.328003	-0.172766	0.539566	0.0276303	-1.34747	-0.0380658
1.89	0.328065	-0.172761	0.539576	0.0276303	-1.34747	-0.0380658
1.895	0.328062	-0.172766	0.539573	0.0260231	-1.34634	-0.0358516
1.9	0.328122	-0.172761	0.539583	0.0260231	-1.34634	-0.0358516
1.905	0.328183	-0.172756	0.539592	0.0260231	-1.34634	-0.0358516
1.91	0.328242	-0.172751	0.539602	0.0260231	-1.34634	-0.0358516
1.915	0.32824	-0.172756	0.539599	0.0244562	-1.34525	-0.0336928
1.92	0.328299	-0.172751	0.539608	0.0244562	-1.34525	-0.0336928
1.925	0.328357	-0.172746	0.539618	0.0244562	-1.34525	-0.0336928
1.93	0.328415	-0.172741	0.539627	0.0244562	-1.34525	-0.0336928
1.935	0.328413	-0.172746	0.539624	0.0229304	-1.34418	-0.0315909
1.94	0.32847	-0.172741	0.539633	0.0229304	-1.34418	-0.0315909
1.945	0.328527	-0.172736	0.539642	0.0229304	-1.34418	-0.0315909
1.95	0.328584	-0.172731	0.539651	0.0229304	-1.34418	-0.0315909
1.955	0.32864	-0.172726	0.53966	0.0229304	-1.34418	-0.0315909
1.96	0.328624	-0.172734	0.539655	0.0211211	-1.34291	-0.0290981
1.965	0.328679	-0.172729	0.539664	0.0211211	-1.34291	-0.0290981
1.97	0.328734	-0.172724	0.539672	0.0211211	-1.34291	-0.0290981
1.975	0.328789	-0.172719	0.539681	0.0211211	-1.34291	-0.0290981
1.98	0.328843	-0.172715	0.53969	0.0211211	-1.34291	-0.0290981
1.985	0.328826	-0.172723	0.539684	0.0193437	-1.34166	-0.0266494
1.99	0.328879	-0.172718	0.539693	0.0193437	-1.34166	-0.0266494
1.995	0.328932	-0.172713	0.539701	0.0193437	-1.34166	-0.0266494
2.0	0.328984	-0.172708	0.539709	0.0193437	-1.34166	-0.0266494
2.005	0.329036	-0.172704	0.539717	0.0193437	-1.34166	-0.0266494
2.01	0.32902	-0.172712	0.539712	0.017632	-1.34046	-0.0242913
2.015	0.329071	-0.172707	0.53972	0.017632	-1.34046	-0.0242913
2.02	0.329121	-0.172702	0.539728	0.017632	-1.34046	-0.0242913
2.025	0.329172	-0.172698	0.539736	0.017632	-1.34046	-0.0242913
2.03	0.329221	-0.172693	0.539744	0.017632	-1.34046	-0.0242913
2.035	0.329206	-0.172701	0.539739	0.0159911	-1.33931	-0.0220306
2.04	0.329254	-0.172697	0.539747	0.0159911	-1.33931	-0.0220306
2.045	0.329303	-0.172692	0.539755	0.0159911	-1.33931	-0.0220306
2.05	0.329351	-0.172688	0.539762	0.0159911	-1.33931	-0.0220306
2.055	0.329398	-0.172683	0.53977	0.0159911	-1.33931	-0.0220306
2.06	0.329383	-0.172691	0.539765	0.0144229	-1.33821	-0.0198701
2.065	0.32943	-0.172687	0.539772	0.0144229	-1.33821	-0.0198701
2.07	0.329476	-0.172682	0.53978	0.0144229	-1.33821	-0.0198701
2.075	0.329521	-0.172678	0.539787	0.0144229	-1.33821	-0.0198701
2.08	0.329566	-0.172674	0.539794	0.0144229	-1.33821	-0.0198701
2.085	0.329611	-0.17267	0.539801	0.0144229	-1.33821	-0.0198701
2.09	0.329586	-0.172679	0.539795	0.0126703	-1.33698	-0.0174556
2.095	0.32963	-0.172675	0.539802	0.0126703	-1.33698	-0.0174556
2.1	0.329673	-0.172671	0.539808	0.0126703	-1.33698	-0.0174556
2.105	0.329716	-0.172667	0.539815	0.0126703	-1.33698	-0.0174556
2.11	0.329758	-0.172663	0.539822	0.0126703	-1.33698	-0.0174556
2.115	0.3298	-0.172659	0.539828	0.0126703	-1.33698	-0.0174556
2.12	0.329775	-0.172668	0.539822	0.0109973	-1.33581	-0.0151507
2.125	0.329816	-0.172665	0.539829	0.0109973	-1.33581	-0.0151507
2.13	0.329857	-0.172661	0.539835	0.0109973	-1.33581	-0.0151507
2.135	0.329897	-0.172657	0.539841	0.0109973	-1.33581	-0.0151507
2.14	0.329936	-0.172653	0.539847	0.0109973	-1.33581	-0.0151507
2.145	0.329975	-0.172649	0.539854	0.0109973	-1.33581	-0.0151507
2.15	0.329952	-0.172659	0.539848	0.00943304	-1.33471	-0.0129956
2.155	0.32999	-0.172655	0.539854	0.00943304	-1.33471	-0.0129956
2.16	0.330027	-0.172651	0.53986	0.00943304	-1.33471	-0.0129956
2.165	0.330064	-0.172648	0.539865	0.00943304	-1.33471	-0.0129956
2.17	0.330101	-0.172644	0.539871	0.00943304	-1.33471	-0.0129956
2.175	0.330137	-0.172641	0.539877	0.00943304	-1.33471	-0.0129956
2.18	0.330172	-0.172637	0.539882	0.00943304	-1.33471	-0.0129956
2.185	0.330142	-0.172648	0.539876	0.00777741	-1.33355	-0.0107147
2.19	0.330176	-0.172644	0.539881	0.00777741	-1.33355	-0.0107147
2.195	0.33021	-0.172641	0.539886	0.00777741	-1.33355	-0.0107147
2.2	0.330244	-0.172638	0.539891	0.00777741	-1.33355	-0.0107147
2.205	0.330277	-0.172634	0.539897	0.00777741	-1.33355	-0.0107147
2.21	0.33031	-0.172631	0.539902	0.00777741	-1.33355	-0.0107147
2.215	0.330342	-0.172628	0.539907	0.00777741	-1.33355	-0.0107147
2.22	0.330313	-0.172638	0.5399	0.00625483	-1.33248	-0.00861705
2.225	0.330344	-0.172635	0.539905	0.00625483	-1.33248	-0.00861705
2.23	0.330375	-0.172632	0.53991	0.00625483	-1.33248	-0.00861705
2.235	0.330405	-0.172629	0.539915	0.00625483	-1.33248	-0.00861705
2.24	0.330434	-0.172626	0.539919	0.00625483	-1.33248	-0.00861705
2.245	0.330463	-0.172623	0.539924	0.00625483	-1.33248	-0.00861705
2.25	0.330492	-0.17262	0.539928	0.00625483	-1.33248	-0.00861705
2.255	0.33052	-0.172617	0.539933	0.00625483	-1.33248	-0.00861705
2.26	0.330487	-0.172628	0.539926	0.00473024	-1.33141	-0.00651664
2.265	0.330514	-0.172625	0.53993	0.00473024	-1.33141	-0.00651664
2.27	0.33054	-0.172623	0.539934	0.00473024	-1.33141	-0.00651664
2.275	0.330566	-0.17262	0.539938	0.00473024	-1.33141	-0.00651664
2.28	0.330592	-0.172618	0.539942	0.00473024	-1.33141	-0.00651664
2.285	0.330616	-0.172615	0.539946	0.00473024	-1.33141	-0.00651664
2.29	0.330641	-0.172613	0.53995	0.00473024	-1.33141	-0.00651664
2.295	0.330665	-0.17261	0.539953	0.00473024	-1.33141	-0.00651664
2.3	0.330688	-0.172608	0.539957	0.00473024	-1.33141	-0.00651664
2.305	0.330711	-0.172606	0.53996	0.00473024	-1.33141	-0.00651664
2.31	0.33067	-0.172618	0.539952	0.00313474	-1.3303	-0.00431852
2.315	0.330692	-0.172615	0.539956	0.00313474	-1.3303	-0.00431852
2.32	0.330713	-0.172613	0.539959	0.00313474	-1.3303	-0.00431852
2.325	0.330734	-0.172611	0.539962	0.00313474	-1.3303	-0.00431852
2.33	0.330754	-0.172609	0.539965	0.00313474	-1.3303	-0.00431852
2.335	0.330773	-0.172607	0.539968	0.00313474	-1.3303	-0.00431852
2.34	0.330792	-0.172605	0.539971	0.00313474	-1.3303	-0.00431852
2.345	0.330811	-0.172603	0.539974	0.00313474	-1.3303	-0.00431852
2.35	0.330829	-0.172601	0.539977	0.00313474	-1.3303	-0.00431852
2.355	0.330847	-0.1726	0.53998	0.00313474	-1.3303	-0.00431852
2.36	0.330864	-0.172598	0.539982	0.00313474	-1.3303	-0.00431852
2.365	0.33088	-0.172596	0.539985	0.00313474	-1.3303	-0.00431852
2.37	0.330896	-0.172595	0.539987	0.00313474	-1.3303	-0.00431852
2.375	0.330849	-0.172607	0.539978	0.00155958	-1.32919	-0.00214844
2.38	0.330864	-0.172606	0.539981	0.00155958	-1.32919	-0.00214844
2.385	0.330878	-0.172604	0.539983	0.00155958	-1.32919	-0.00214844
2.39	0.330892	-0.172603	0.539985	0.00155958	-1.32919	-0.00214844
2.395	0.330905	-0.172602	0.539987	0.00155958	-1.32919	-0.00214844
2.4	0.330918	-0.1726	0.539989	0.00155958	-1.32919	-0.00214844
2.405	0.33093	-0.172599	0.539991	0.00155958	-1.32919	-0.00214844
2.41	0.330942	-0.172598	0.539993	0.00155958	-1.32919	-0.00214844
2.415	0.330953	-0.172597	0.539994	0.00155958	-1.32919	-0.00214844
2.42	0.330963	-0.172596	0.539996	0.00155958	-1.32919	-0.00214844
2.425	0.330973	-0.172595	0.539998	0.00155958	-1.32919	-0.00214844
2.43	0.330982	-0.172594	0.539999	0.00155958	-1.32919	-0.00214844
2.435	0.330992	-0.172593	0.54	0.00155958	-1.32919	-0.00214844
2.44	0.330999	-0.172592	0.540002	0.00155958	-1.32919	-0.00214844
2.445	0.331007	-0.172591	0.540003	0.00155958	-1.32919	-0.00214844
2.45	0.331015	-0.17259	0.540004	0.00155958	-1.32919	-0.00214844
2.455	0.331021	-0.17259	0.540005	0.00155958	-1.32919	-0.00214844
2.46	0.331028	-0.172589	0.540006	0.00155958	-1.32919	-0.00214844
2.465	0.331034	-0.172588	0.540007	0.00155958	-1.32919	-0.00214844
2.47	0.331039	-0.172588	0.540008	0.00155958	-1.32919	-0.00214844
2.475	0.331043	-0.172587	0.540008	0.00155958	-1.32919	-0.00214844
2.48	0.331048	-0.172587	0.540009	0.00155958	-1.32919	-0.00214844
2.485	0.331051	-0.172587	0.54001	0.00155958	-1.32919	-0.00214844
2.49	0.331054	-0.172586	0.54001	0.00155958	-1.32919	-0.00214844
2.495	0.331057	-0.172586	0.540011	0.00155958	-1.32919	-0.00214844
2.5	0.331059	-0.172586	0.540011	0.00155958	-1.32919	-0.00214844
2.505	0.33106	-0.172586	0.540011	0.00155958	-1.32919	-0.00214844
2.51	0.33106	-0.172586	0.540011	0.00155958	-1.32919	-0.00214844
2.515	0.331061	-0.172586	0.540011	0.00155958	-1.32919	-0.00214844
2.52	0.331061	-0.172586	0.540011	0.00155958	-1.32919	-0.00214844
2.525	0.331062	-0.172585	0.54001	0.00155958	-1.32919	-0.00214844
2.53	0.331063	-0.172585	0.540009	0.00155958	-1.32919	-0.00214844
2.535	0.331064	-0.172584	0.540008	0.00155958	-1.32919	-0.00214844
2.54	0.331065	-0.172583	0.540006	0.00155958	-1.32919	-0.00214844
2.545	0.331067	-0.172582	0.540003	0.00155958	-1.32919	-0.00214844
2.55	0.331069	-0.172581	0.54	0.00155958	-1.32919	-0.00214844
2.555	0.331072	-0.172579	0.539997	0.00155958	-1.32919	-0.00214844
2.56	0.331075	-0.172578	0.539993	0.00155958	-1.32919	-0.00214845
2.565	0.331078	-0.172576	0.539989	0.00155959	-1.32919	-0.00214845
2.57	0.331081	-0.172574	0.539984	0.00155959	-1.32919	-0.00214845
2.575	0.331085	-0.172571	0.539979	0.00155959	-1.32919	-0.00214845
2.58	0.33109	-0.172569	0.539974	0.00155959	-1.32919	-0.00214845
2.585	0.331094	-0.172566	0.539968	0.00155959	-1.32919	-0.00214845
2.59	0.331099	-0.172563	0.539961	0.00155959	-1.32919	-0.00214845
2.595	0.331105	-0.17256	0.539953	0.00155959	-1.32919	-0.00214845
2.6	0.33111	-0.172556	0.539946	0.00155959	-1.32919	-0.00214845
2.605	0.331116	-0.172553	0.539938	0.00155959	-1.32919	-0.00214845
2.61	0.331122	-0.172549	0.53993	0.00155959	-1.32919	-0.00214846
2.615	0.331088	-0.172547	0.539914	0.000645952	-1.32849	-0.00021692
2.62	0.331095	-0.172543	0.539905	0.000645953	-1.32849	-0.000216923
2.625	0.331103	-0.172538	0.539895	0.000645956	-1.32849	-0.000216925
2.63	0.33111	-0.172534	0.539885	0.000645958	-1.32849	-0.000216927
2.635	0.331118	-0.172529	0.539874	0.00064596	-1.32849	-0.00021693
2.64	0.331126	-0.172524	0.539863	0.000645963	-1.32849	-0.000216933
2.645	0.331135	-0.172519	0.539852	0.000645966	-1.32849	-0.000216936
2.65	0.331144	-0.172514	0.53984	0.000645969	-1.32849	-0.00021694
2.655	0.331153	-0.172508	0.539828	0.000645972	-1.32849	-0.000216943
2.66	0.331163	-0.172502	0.539815	0.000645976	-1.32849	-0.000216947
2.665	0.331173	-0.172496	0.539802	0.000645979	-1.32849	-0.000216952
2.67	0.331183	-0.17249	0.539788	0.000645984	-1.32849	-0.000216956
2.675	0.331194	-0.172484	0.539774	0.000645988	-1.32849	-0.000216961
2.68	0.331205	-0.172477	0.539759	0.000645992	-1.32849	-0.000216966
2.685	0.331216	-0.172471	0.539744	0.000645997	-1.32849	-0.000216972
2.69	0.331228	-0.172464	0.539729	0.000646003	-1.32849	-0.000216978
2.695	0.331267	-0.172432	0.539719	0.0016379	-1.32904	-2.0392e-05
2.7	0.33128	-0.172425	0.539703	0.00163791	-1.32904	-2.03985e-05
2.705	0.331292	-0.172417	0.539686	0.00163792	-1.32904	-2.04054e-05
2.71	0.331305	-0.17241	0.539669	0.00163792	-1.32904	-2.04125e-05
2.715	0.331318	-0.172402	0.539651	0.00163793	-1.32904	-2.04201e-05
2.72	0.331332	-0.172394	0.539633	0.00163794	-1.32904	-2.0428e-05
2.725	0.331346	-0.172385	0.539615	0.00163794	-1.32904	-2.04363e-05
2.73	0.33136	-0.172377	0.539596	0.00163795	-1.32904	-2.0445e-05
2.735	0.331375	-0.172368	0.539576	0.00163796	-1.32904	-2.04541e-05
2.74	0.331389	-0.172359	0.539557	0.00163797	-1.32904	-2.04636e-05
2.745	0.331405	-0.17235	0.539537	0.00163798	-1.32904	-2.04735e-05
2.75	0.331455	-0.172314	0.539523	0.00283337	-1.32972	-5.10359e-07
2.755	0.331471	-0.172305	0.539502	0.00283338	-1.32972	-5.21113e-07
2.76	0.331487	-0.172295	0.539481	0.00283339	-1.32972	-5.32299e-07
2.765	0.331503	-0.172285	0.539459	0.0028334	-1.32972	-5.43924e-07
2.77	0.33152	-0.172275	0.539437	0.00283341	-1.32972	-5.55995e-07
2.775	0.331537	-0.172265	0.539414	0.00283342	-1.32972	-5.6852e-07
2.78	0.331555	-0.172254	0.539391	0.00283344	-1.32972	-5.81504e-07
2.785	0.331572	-0.172244	0.539367	0.00283345	-1.32972	-5.94954e-07
2.79	0.33159	-0.172233	0.539344	0.00283346	-1.32972	-6.08876e-07
2.795	0.331645	-0.172195	0.539327	0.00405556	-1.33043	1.49055e-06
2.8	0.331663	-0.172184	0.539302	0.00405557	-1.33043	1.47564e-06
2.805	0.331682	-0.172172	0.539277	0.00405559	-1.33043	1.46025e-06
2.81	0.331701	-0.172161	0.539251	0.0040556	-1.33043	1.44436e-06
2.815	0.331721	-0.172149	0.539225	0.00405562	-1.33043	1.42797e-06
2.82	0.331741	-0.172137	0.539199	0.00405563	-1.33043	1.41107e-06
2.825	0.331761	-0.172125	0.539172	0.00405565	-1.33043	1.39365e-06
2.83	0.331781	-0.172113	0.539145	0.00405566	-1.33043	1.37572e-06
2.835	0.331839	-0.172072	0.539125	0.00530835	-1.33114	1.74699e-06
2.84	0.33186	-0.17206	0.539097	0.00530837	-1.33114	1.72799e-06
2.845	0.331881	-0.172047	0.539069	0.00530839	-1.33114	1.70844e-06
2.85	0.331903	-0.172034	0.53904	0.00530841	-1.33114	1.68836e-06
2.855	0.331925	-0.172021	0.539011	0.00530843	-1.33114	1.66774e-06
2.86	0.331947	-0.172008	0.538981	0.00530844	-1.33114	1.64657e-06
2.865	0.33197	-0.171994	0.538951	0.00530846	-1.33114	1.62484e-06
2.87	0.332028	-0.171953	0.538929	0.00653554	-1.33185	1.68187e-06
2.875	0.332051	-0.171939	0.538898	0.00653557	-1.33185	1.659e-06
2.88	0.332075	-0.171925	0.538867	0.00653559	-1.33185	1.63557e-06
2.885	0.332098	-0.171911	0.538835	0.00653561	-1.33185	1.61157e-06
2.89	0.332122	-0.171897	0.538804	0.00653563	-1.33185	1.587e-06
2.895	0.332147	-0.171882	0.538771	0.00653565	-1.33185	1.56186e-06
2.9	0.332205	-0.171842	0.538746	0.00768383	-1.3325	1.45372e-06
2.905	0.33223	-0.171827	0.538713	0.00768385	-1.3325	1.42739e-06
2.91	0.332255	-0.171812	0.53868	0.00768388	-1.3325	1.40047e-06
2.915	0.33228	-0.171797	0.538646	0.0076839	-1.3325	1.37296e-06
2.92	0.332306	-0.171782	0.538612	0.00768393	-1.3325	1.34487e-06
2.925	0.332332	-0.171766	0.538578	0.00768395	-1.3325	1.31618e-06
2.93	0.332393	-0.171723	0.53855	0.00889613	-1.3332	1.58207e-06
2.935	0.33242	-0.171707	0.538515	0.00889616	-1.3332	1.55216e-06
2.94	0.332447	-0.171691	0.53848	0.00889619	-1.3332	1.52165e-06
2.945	0.332474	-0.171675	0.538444	0.00889621	-1.3332	1.49053e-06
2.95	0.332501	-0.171659	0.538408	0.00889624	-1.3332	1.45881e-06
2.955	0.332528	-0.171643	0.538371	0.00889627	-1.3332	1.42649e-06
2.96	0.332594	-0.171597	0.538342	0.0101846	-1.33394	1.7902e-06
2.965	0.332622	-0.17158	0.538305	0.0101846	-1.33394	1.75662e-06
2.97	0.33265	-0.171563	0.538267	0.0101847	-1.33394	1.72244e-06
2.975	0.332679	-0.171546	0.538229	0.0101847	-1.33394	1.68765e-06
2.98	0.332708	-0.171529	0.538191	0.0101847	-1.33394	1.65225e-06
2.985	0.33277	-0.171486	0.538159	0.0113382	-1.3346	1.43836e-06
2.99	0.3328	-0.171468	0.538121	0.0113382	-1.3346	1.4017e-06
2.995	0.332829	-0.171451	0.538081	0.0113382	-1.3346	1.36443e-06
3.0	0.332859	-0.171433	0.538042	0.0113383	-1.3346	1.32654e-06
3.005	0.332889	-0.171415	0.538002	0.0113383	-1.3346	1.28805e-06
3.01	0.332954	-0.17137	0.537969	0.0125228	-1.33528	1.47333e-06
3.015	0.332985	-0.171352	0.537928	0.0125229	-1.33528	1.43357e-06
3.02	0.333015	-0.171334	0.537887	0.0125229	-1.33528	1.3932e-06
3.025	0.333046	-0.171315	0.537846	0.0125229	-1.33528	1.35222e-06
3.03	0.333078	-0.171296	0.537805	0.012523	-1.33528	1.31062e-06
3.035	0.333145	-0.17125	0.53777	0.013754	-1.33598	1.59062e-06
3.04	0.333177	-0.171231	0.537728	0.013754	-1.33598	1.54776e-06
3.045	0.333209	-0.171212	0.537686	0.0137541	-1.33598	1.5043e-06
3.05	0.333241	-0.171193	0.537643	0.0137541	-1.33598	1.46023e-06
3.055	0.333274	-0.171173	0.5376	0.0137542	-1.33598	1.41557e-06
3.06	0.333344	-0.171125	0.537565	0.0150315	-1.33672	1.72174e-06
3.065	0.333376	-0.171105	0.537521	0.0150315	-1.33672	1.67581e-06
3.07	0.33341	-0.171086	0.537477	0.0150316	-1.33672	1.62929e-06
3.075	0.333443	-0.171066	0.537433	0.0150316	-1.33672	1.58218e-06
3.08	0.333476	-0.171046	0.537388	0.0150317	-1.33672	1.53447e-06
3.085	0.333549	-0.170996	0.537352	0.0163535	-1.33747	1.85533e-06
3.09	0.333583	-0.170976	0.537306	0.0163535	-1.33747	1.80638e-06
3.095	0.333617	-0.170955	0.537261	0.0163536	-1.33747	1.75686e-06
3.1	0.333651	-0.170935	0.537215	0.0163536	-1.33747	1.70675e-06
3.105	0.333718	-0.170889	0.537177	0.0174692	-1.33811	1.311e-06
3.11	0.333753	-0.170868	0.53713	0.0174692	-1.33811	1.25968e-06
3.115	0.333788	-0.170847	0.537084	0.0174693	-1.33811	1.2078e-06
3.12	0.333823	-0.170826	0.537037	0.0174693	-1.33811	1.15534e-06
3.125	0.333891	-0.17078	0.536997	0.0185871	-1.33875	1.25783e-06
3.13	0.333927	-0.170759	0.53695	0.0185871	-1.33875	1.20419e-06
3.135	0.333963	-0.170737	0.536902	0.0185872	-1.33875	1.15e-06
3.14	0.333999	-0.170716	0.536854	0.0185872	-1.33875	1.09526e-06
3.145	0.334068	-0.170669	0.536814	0.0197275	-1.33941	1.30376e-06
3.15	0.334105	-0.170647	0.536765	0.0197275	-1.33941	1.24786e-06
3.155	0.334141	-0.170625	0.536717	0.0197276	-1.33941	1.19142e-06
3.16	0.334178	-0.170603	0.536668	0.0197276	-1.33941	1.13445e-06
3.165	0.334249	-0.170555	0.536626	0.0208914	-1.34007	1.36407e-06
3.17	0.334286	-0.170533	0.536577	0.0208915	-1.34007	1.30598e-06
3.175	0.334323	-0.170511	0.536528	0.0208915	-1.34007	1.24737e-06
3.18	0.33436	-0.170488	0.536478	0.0208916	-1.34007	1.18825e-06
3.185	0.334433	-0.170439	0.536436	0.022078	-1.34075	1.42554e-06
3.19	0.33447	-0.170417	0.536385	0.0220781	-1.34075	1.36533e-06
3.195	0.334508	-0.170394	0.536335	0.0220781	-1.34075	1.30463e-06
3.2	0.334546	-0.170371	0.536284	0.0220782	-1.34075	1.24344e-06
3.205	0.33462	-0.170321	0.536241	0.0232861	-1.34145	1.48614e-06
3.21	0.334658	-0.170299	0.53619	0.0232862	-1.34145	1.42391e-06
3.215	0.334697	-0.170276	0.536139	0.0232862	-1.34145	1.3612e-06
3.22	0.334736	-0.170252	0.536088	0.0232863	-1.34145	1.29803e-06
3.225	0.33481	-0.170202	0.536044	0.0245145	-1.34215	1.54544e-06
3.23	0.334849	-0.170178	0.535992	0.0245145	-1.34215	1.48127e-06
3.235	0.334888	-0.170155	0.53594	0.0245146	-1.34215	1.41665e-06
3.24	0.334928	-0.170132	0.535888	0.0245146	-1.34215	1.35159e-06
3.245	0.335003	-0.17008	0.535843	0.0257619	-1.34286	1.60316e-06
3.25	0.335043	-0.170056	0.535791	0.0257619	-1.34286	1.53716e-06
3.255	0.335083	-0.170033	0.535738	0.025762	-1.34286	1.47074e-06
3.26	0.335123	-0.170009	0.535685	0.025762	-1.34286	1.4039e-06
3.265	0.335199	-0.169957	0.53564	0.0270271	-1.34359	1.65909e-06
3.27	0.33524	-0.169933	0.535587	0.0270271	-1.34359	1.59136e-06
3.275	0.33528	-0.169909	0.535533	0.0270272	-1.34359	1.52324e-06
3.28	0.33532	-0.169884	0.53548	0.0270272	-1.34359	1.45474e-06
3.285	0.335398	-0.169832	0.535434	0.0283088	-1.34432	1.71299e-06
3.29	0.335439	-0.169807	0.53538	0.0283089	-1.34432	1.64365e-06
3.295	0.33548	-0.169783	0.535326	0.0283089	-1.34432	1.57395e-06
3.3	0.33552	-0.169759	0.535272	0.028309	-1.34432	1.5039e-06
3.305	0.335599	-0.169705	0.535226	0.0296058	-1.34507	1.76466e-06
3.31	0.33564	-0.169681	0.535171	0.0296059	-1.34507	1.69383e-06
3.315	0.335681	-0.169656	0.535116	0.029606	-1.34507	1.62267e-06
3.32	0.335723	-0.169631	0.535061	0.029606	-1.34507	1.55119e-06
3.325	0.335802	-0.169577	0.535015	0.0309168	-1.34582	1.81386e-06
3.33	0.335844	-0.169552	0.53496	0.0309169	-1.34582	1.74167e-06
3.335	0.335885	-0.169528	0.534905	0.030917	-1.34582	1.66918e-06
3.34	0.335927	-0.169503	0.534849	0.030917	-1.34582	1.59641e-06
3.345	0.336007	-0.169448	0.534802	0.0322405	-1.34658	1.8604e-06
3.35	0.336049	-0.169423	0.534747	0.0322406	-1.34658	1.78697e-06
3.355	0.336091	-0.169398	0.534691	0.0322406	-1.34658	1.71329e-06
3.36	0.336133	-0.169373	0.534635	0.0322407	-1.34658	1.63936e-06
3.365	0.336214	-0.169318	0.534588	0.0335755	-1.34734	1.90407e-06
3.37	0.336256	-0.169293	0.534532	0.0335756	-1.34734	1.82955e-06
3.375	0.336298	-0.169268	0.534476	0.0335756	-1.34734	1.75481e-06
3.38	0.336341	-0.169242	0.534419	0.0335757	-1.34734	1.67986e-06
3.385	0.336422	-0.169187	0.534372	0.0349205	-1.34811	1.94468e-06
3.39	0.336465	-0.169162	0.534315	0.0349206	-1.34811	1.86921e-06
3.395	0.336507	-0.169136	0.534259	0.0349207	-1.34811	1.79355e-06
3.4	0.33655	-0.169111	0.534202	0.0349208	-1.34811	1.71772e-06
3.405	0.336631	-0.169055	0.534155	0.0362743	-1.34889	1.98205e-06
3.41	0.336674	-0.169029	0.534098	0.0362743	-1.34889	1.90577e-06
3.415	0.336717	-0.169004	0.534041	0.0362744	-1.34889	1.82934e-06
3.42	0.33676	-0.168978	0.533984	0.0362745	-1.34889	1.75277e-06
3.425	0.336842	-0.168922	0.533936	0.0376353	-1.34967	2.016e-06
3.43	0.336885	-0.168897	0.533879	0.0376354	-1.34967	1.93906e-06
3.435	0.336928	-0.168871	0.533822	0.0376354	-1.34967	1.86201e-06
3.44	0.336972	-0.168845	0.533765	0.0376355	-1.34967	1.78485e-06
3.445	0.337054	-0.168789	0.533717	0.0390023	-1.35045	2.04637e-06
3.45	0.337097	-0.168763	0.533659	0.0390024	-1.35045	1.96892e-06
3.455	0.33714	-0.168738	0.533602	0.0390025	-1.35045	1.89139e-06
3.46	0.337184	-0.168712	0.533545	0.0390025	-1.35045	1.8138e-06
3.465	0.337266	-0.168655	0.533496	0.0403739	-1.35124	2.07301e-06
3.47	0.337309	-0.16863	0.533439	0.040374	-1.35124	1.9952e-06
3.475	0.337353	-0.168604	0.533381	0.0403741	-1.35124	1.91735e-06
3.48	0.337396	-0.168578	0.533324	0.0403741	-1.35124	1.83947e-06
3.485	0.337479	-0.168521	0.533276	0.0417488	-1.35203	2.09578e-06
3.49	0.337522	-0.168496	0.533218	0.0417489	-1.35203	2.01776e-06
3.495	0.337566	-0.16847	0.533161	0.0417489	-1.35203	1.93974e-06
3.5	0.337609	-0.168444	0.533103	0.041749	-1.35203	1.86173e-06
3.505	0.337692	-0.168387	0.533055	0.0431255	-1.35281	2.11456e-06
3.51	0.337735	-0.168361	0.532997	0.0431256	-1.35281	2.03648e-06
3.515	0.337779	-0.168336	0.53294	0.0431257	-1.35281	1.95844e-06
3.52	0.337822	-0.16831	0.532882	0.0431257	-1.35281	1.88046e-06
3.525	0.337905	-0.168253	0.532834	0.0445028	-1.3536	2.12923e-06
3.53	0.337949	-0.168227	0.532776	0.0445028	-1.3536	2.05125e-06
3.535	0.337992	-0.168201	0.532719	0.0445029	-1.3536	1.97335e-06
3.54	0.338036	-0.168176	0.532661	0.044503	-1.3536	1.89555e-06
3.545	0.338118	-0.168119	0.532613	0.0458791	-1.35439	2.13971e-06
3.55	0.338161	-0.168093	0.532555	0.0458792	-1.35439	2.06198e-06
3.555	0.338205	-0.168067	0.532498	0.0458793	-1.35439	1.98437e-06
3.56	0.338248	-0.168042	0.53244	0.0458793	-1.35439	1.90689e-06
3.565	0.338331	-0.167985	0.532392	0.0472533	-1.35518	2.1459e-06
3.57	0.338374	-0.167959	0.532335	0.0472533	-1.35518	2.06858e-06
3.575	0.338417	-0.167934	0.532278	0.0472534	-1.35518	1.99141e-06
3.58	0.338461	-0.167908	0.53222	0.0472535	-1.35518	1.91442e-06
3.585	0.338543	-0.167852	0.532173	0.0486238	-1.35597	2.14777e-06
3.59	0.338586	-0.167826	0.532115	0.0486238	-1.35597	2.071e-06
3.595	0.338629	-0.1678	0.532058	0.0486239	-1.35597	1.99442e-06
3.6	0.338672	-0.167775	0.532001	0.048624	-1.35597	1.91805e-06
3.605	0.338754	-0.167719	0.531954	0.0499893	-1.35675	2.14525e-06
3.61	0.338797	-0.167693	0.531897	0.0499894	-1.35675	2.06918e-06
3.615	0.33884	-0.167668	0.53184	0.0499894	-1.35675	1.99334e-06
3.62	0.338883	-0.167642	0.531783	0.0499895	-1.35675	1.91775e-06
3.625	0.338964	-0.167586	0.531736	0.0513485	-1.35753	2.13832e-06
3.63	0.339007	-0.167561	0.531679	0.0513485	-1.35753	2.0631e-06
3.635	0.33905	-0.167536	0.531622	0.0513486	-1.35753	1.98815e-06
3.64	0.339092	-0.16751	0.531566	0.0513487	-1.35753	1.91347e-06
3.645	0.339173	-0.167455	0.531519	0.0527	-1.3583	2.12698e-06
3.65	0.339216	-0.167429	0.531463	0.0527	-1.3583	2.05275e-06
3.655	0.339258	-0.167404	0.531406	0.0527001	-1.3583	1.97882e-06
3.66	0.339301	-0.167379	0.53135	0.0527002	-1.3583	1.9052e-06
3.665	0.339381	-0.167324	0.531304	0.0540424	-1.35907	2.11124e-06
3.67	0.339423	-0.167299	0.531248	0.0540425	-1.35907	2.03814e-06
3.675	0.339465	-0.167274	0.531192	0.0540425	-1.35907	1.96537e-06
3.68	0.339507	-0.167249	0.531136	0.0540426	-1.35907	1.89294e-06
3.685	0.339587	-0.167194	0.53109	0.0553745	-1.35983	2.09113e-06
3.69	0.339629	-0.167169	0.531035	0.0553745	-1.35983	2.01929e-06
3.695	0.33967	-0.167145	0.530979	0.0553746	-1.35983	1.94781e-06
3.7	0.339712	-0.16712	0.530924	0.0553746	-1.35983	1.87671e-06
3.705	0.339791	-0.167066	0.530878	0.0566948	-1.36059	2.0667e-06
3.71	0.339832	-0.167041	0.530824	0.0566949	-1.36059	1.99624e-06
3.715	0.339874	-0.167017	0.530769	0.0566949	-1.36059	1.92619e-06
3.72	0.339915	-0.166992	0.530714	0.056695	-1.36059	1.85653e-06
3.725	0.339993	-0.166939	0.530669	0.0580021	-1.36134	2.03802e-06
3.73	0.340034	-0.166914	0.530615	0.0580022	-1.36134	1.96908e-06
3.735	0.340075	-0.16689	0.53056	0.0580023	-1.36134	1.90056e-06
3.74	0.340116	-0.166866	0.530506	0.0580023	-1.36134	1.83248e-06
3.745	0.340193	-0.166813	0.530462	0.0592951	-1.36208	2.00518e-06
3.75	0.340193	-0.166813	0.530462	0.0592926	-1.36221	5.80892e-05
3.755	0.340181	-0.1668	0.53045	0.0592889	-1.36233	0.000114271
3.76	0.340171	-0.166787	0.530443	0.0592916	-1.36247	0.000161089
3.765	0.34016	-0.166774	0.530434	0.0592916	-1.36261	0.000210111
3.77	0.34015	-0.166761	0.530429	0.0592957	-1.36276	0.00025552
3.775	0.340139	-0.166748	0.530418	0.0592937	-1.36288	0.000305994
3.78	0.340126	-0.166736	0.5304	0.0592861	-1.36299	0.000361242
3.785	0.340112	-0.166725	0.530377	0.0592732	-1.36308	0.000420911
3.79	0.340096	-0.166714	0.530349	0.0592554	-1.36315	0.000484667
3.795	0.340078	-0.166703	0.530316	0.0592331	-1.36321	0.000552199
3.8	0.340061	-0.166692	0.530283	0.0592109	-1.36326	0.000619712
3.805	0.340047	-0.16668	0.530259	0.0591974	-1.36335	0.000680205
3.81	0.340032	-0.166669	0.530234	0.0591833	-1.36343	0.00074132
3.815	0.340021	-0.166657	0.530218	0.059177	-1.36354	0.000796249
3.82	0.340009	-0.166644	0.5302	0.0591692	-1.36365	0.000852344
3.825	0.339999	-0.166632	0.530189	0.0591677	-1.36378	0.000903019
3.83	0.339988	-0.166619	0.530176	0.0591643	-1.3639	0.00095527
3.835	0.339979	-0.166606	0.530169	0.0591663	-1.36404	0.00100276
3.84	0.33997	-0.166594	0.530159	0.0591659	-1.36417	0.00105212
3.845	0.339962	-0.166581	0.530154	0.0591703	-1.36431	0.00109722
3.85	0.339953	-0.166568	0.530146	0.0591721	-1.36445	0.00114451
3.855	0.339946	-0.166555	0.530143	0.0591784	-1.3646	0.00118797
3.86	0.339937	-0.166542	0.530137	0.059182	-1.36475	0.00123374
3.865	0.33993	-0.166529	0.530136	0.0591898	-1.3649	0.00127592
3.87	0.339922	-0.166516	0.530131	0.0591947	-1.36505	0.00132053
3.875	0.339916	-0.166502	0.530131	0.0592035	-1.36521	0.00136176
3.88	0.339908	-0.166489	0.530127	0.0592094	-1.36536	0.00140552
3.885	0.339901	-0.166476	0.530127	0.0592189	-1.36553	0.00144604
3.89	0.339894	-0.166463	0.530124	0.0592254	-1.36568	0.00148916
3.895	0.339887	-0.16645	0.530125	0.0592354	-1.36585	0.00152915
3.9	0.33988	-0.166437	0.530122	0.0592424	-1.366	0.00157178
3.905	0.339873	-0.166423	0.530123	0.0592528	-1.36617	0.00161138
3.91	0.339866	-0.16641	0.530121	0.0592599	-1.36632	0.00165393
3.915	0.339859	-0.166397	0.530122	0.0592704	-1.36649	0.00169401
3.92	0.339852	-0.166384	0.53012	0.0592777	-1.36664	0.00173692
3.925	0.339846	-0.16637	0.530121	0.0592883	-1.36681	0.00177745
3.93	0.339838	-0.166356	0.530119	0.0592956	-1.36696	0.00182068
3.935	0.339832	-0.166343	0.53012	0.0593063	-1.36713	0.00186109
3.94	0.339824	-0.166329	0.530118	0.0593136	-1.36729	0.00190422
3.945	0.339818	-0.166316	0.530119	0.0593244	-1.36745	0.00194462
3.95	0.33981	-0.166302	0.530118	0.0593321	-1.36761	0.00198804
3.955	0.339804	-0.166288	0.530119	0.0593429	-1.36778	0.00202863
3.96	0.339796	-0.166275	0.530117	0.0593505	-1.36793	0.00207195
3.965	0.33979	-0.166261	0.530118	0.0593613	-1.3681	0.00211254
3.97	0.339782	-0.166248	0.530116	0.0593689	-1.36825	0.00215587
3.975	0.339776	-0.166234	0.530117	0.0593797	-1.36842	0.00219647
3.98	0.339768	-0.16622	0.530115	0.0593872	-1.36858	0.00223981
3.985	0.339761	-0.166207	0.530116	0.0593979	-1.36874	0.00228041
3.99	0.339754	-0.166193	0.530114	0.0594054	-1.3689	0.00232377
3.995	0.339747	-0.16618	0.530115	0.0594161	-1.36906	0.00236438
4.0	0.339739	-0.166166	0.530113	0.0594236	-1.36922	0.00240772
4.005	0.339733	-0.166152	0.530114	0.0594345	-1.36938	0.00244822
4.01	0.339725	-0.166139	0.530111	0.059442	-1.36954	0.00249148
4.015	0.339718	-0.166125	0.530113	0.0594529	-1.36971	0.00253195
4.02	0.339711	-0.166112	0.53011	0.0594605	-1.36986	0.00257518
4.025	0.339704	-0.166098	0.530111	0.0594714	-1.37003	0.00261561
4.03	0.339696	-0.166085	0.530109	0.0594789	-1.37018	0.00265894
4.035	0.339689	-0.166071	0.530109	0.0594893	-1.37034	0.00270011
4.04	0.339682	-0.166057	0.530106	0.0594964	-1.3705	0.00274412
4.045	0.339675	-0.166043	0.530106	0.0595063	-1.37066	0.00278589
4.05	0.339667	-0.16603	0.530103	0.0595129	-1.37081	0.00283047
4.055	0.33966	-0.166016	0.530102	0.0595225	-1.37097	0.00287272
4.06	0.339652	-0.166002	0.530099	0.0595289	-1.37112	0.00291772
4.065	0.339645	-0.165988	0.530098	0.0595383	-1.37128	0.00296034
4.07	0.339636	-0.165975	0.530094	0.0595444	-1.37143	0.00300568
4.075	0.339629	-0.165961	0.530093	0.0595536	-1.37159	0.00304859
4.08	0.339621	-0.165947	0.530089	0.0595595	-1.37174	0.00309419
4.085	0.339614	-0.165933	0.530088	0.0595685	-1.3719	0.00313733
4.09	0.339606	-0.16592	0.530083	0.0595743	-1.37205	0.00318315
4.095	0.339599	-0.165906	0.530082	0.0595833	-1.3722	0.00322647
4.1	0.339591	-0.165892	0.530077	0.0595889	-1.37235	0.00327246
4.105	0.339583	-0.165878	0.530076	0.0595978	-1.37251	0.00331594
4.11	0.339575	-0.165864	0.530071	0.0596034	-1.37266	0.00336208
4.115	0.339568	-0.16585	0.530069	0.0596121	-1.37281	0.00340569
4.12	0.33956	-0.165837	0.530064	0.0596176	-1.37296	0.00345194
4.125	0.339552	-0.165823	0.530063	0.0596262	-1.37312	0.00349566
4.13	0.339544	-0.165809	0.530058	0.0596317	-1.37326	0.00354201
4.135	0.339537	-0.165795	0.530056	0.0596402	-1.37342	0.00358582
4.14	0.339529	-0.165781	0.53005	0.0596455	-1.37356	0.00363238
4.145	0.339521	-0.165767	0.530048	0.0596538	-1.37372	0.00367674
4.15	0.339513	-0.165753	0.530043	0.0596587	-1.37386	0.00372382
4.155	0.339506	-0.165739	0.53004	0.0596666	-1.37402	0.00376868
4.16	0.339496	-0.165726	0.530031	0.0596681	-1.37415	0.00381876
4.165	0.339485	-0.165713	0.530015	0.0596637	-1.37426	0.00387369
4.17	0.339472	-0.1657	0.529994	0.0596537	-1.37435	0.0039331
4.175	0.339458	-0.165688	0.529967	0.0596386	-1.37443	0.00399665
4.18	0.339442	-0.165677	0.529936	0.0596188	-1.37449	0.00406404
4.185	0.339426	-0.165665	0.529904	0.0595989	-1.37455	0.0041316
4.19	0.339412	-0.165653	0.529881	0.0595874	-1.37464	0.00419258
4.195	0.339399	-0.16564	0.529857	0.0595752	-1.37472	0.00425425
4.2	0.339388	-0.165627	0.529841	0.0595705	-1.37484	0.00430995
4.205	0.339377	-0.165614	0.529824	0.0595643	-1.37494	0.0043669
4.21	0.339367	-0.1656	0.529813	0.0595644	-1.37507	0.00441876
4.215	0.339357	-0.165587	0.5298	0.0595625	-1.37519	0.00447227
4.22	0.339349	-0.165573	0.529792	0.059566	-1.37533	0.00452132
4.225	0.339339	-0.16556	0.529782	0.0595671	-1.37546	0.0045723
4.23	0.339332	-0.165545	0.529777	0.0595729	-1.3756	0.00461932
4.235	0.339323	-0.165532	0.529769	0.0595758	-1.37574	0.00466874
4.24	0.339315	-0.165517	0.529765	0.0595827	-1.37589	0.0047151
4.245	0.339307	-0.165504	0.529758	0.0595864	-1.37602	0.00476392
4.25	0.339299	-0.165489	0.529754	0.0595938	-1.37618	0.00480971
4.255	0.339291	-0.165475	0.529749	0.0595995	-1.37632	0.00485695
4.26	0.339284	-0.165461	0.529747	0.0596086	-1.37648	0.00490134
4.265	0.339277	-0.165447	0.529743	0.0596157	-1.37663	0.00494737
4.27	0.33927	-0.165432	0.529743	0.0596259	-1.37679	0.00499079
4.275	0.339263	-0.165418	0.52974	0.0596339	-1.37694	0.00503605
4.28	0.339256	-0.165404	0.52974	0.0596449	-1.3771	0.00507887
4.285	0.339249	-0.165389	0.529737	0.0596534	-1.37725	0.00512366
4.29	0.339242	-0.165375	0.529737	0.0596648	-1.37742	0.00516612
4.295	0.339235	-0.165361	0.529735	0.0596736	-1.37757	0.00521064
4.3	0.339228	-0.165346	0.529736	0.0596852	-1.37773	0.0052529
4.305	0.339221	-0.165332	0.529734	0.0596942	-1.37789	0.00529728
4.31	0.339214	-0.165317	0.529734	0.059706	-1.37805	0.00533941
4.315	0.339207	-0.165303	0.529732	0.059715	-1.37821	0.00538372
4.32	0.339201	-0.165288	0.529733	0.0597268	-1.37837	0.00542579
4.325	0.339193	-0.165274	0.52973	0.0597359	-1.37853	0.00547007
4.33	0.339187	-0.165259	0.529731	0.0597476	-1.37869	0.00551212
4.335	0.339179	-0.165245	0.529728	0.0597567	-1.37884	0.00555638
4.34	0.339172	-0.165231	0.529729	0.0597684	-1.37901	0.00559842
4.345	0.339165	-0.165216	0.529726	0.0597774	-1.37916	0.0056427
4.35	0.339158	-0.165202	0.529727	0.0597891	-1.37932	0.00568474
4.355	0.33915	-0.165188	0.529724	0.059798	-1.37948	0.00572904
4.36	0.339144	-0.165173	0.529724	0.0598096	-1.37964	0.00577108
4.365	0.339136	-0.165159	0.529721	0.0598185	-1.37979	0.0058154
4.37	0.339129	-0.165145	0.529722	0.05983	-1.37996	0.00585745
4.375	0.339122	-0.16513	0.529719	0.0598388	-1.38011	0.00590179
4.38	0.339115	-0.165116	0.529719	0.0598503	-1.38027	0.00594384
4.385	0.339107	-0.165102	0.529715	0.059859	-1.38042	0.0059882
4.39	0.3391	-0.165087	0.529715	0.0598705	-1.38058	0.00603026
4.395	0.339092	-0.165073	0.529712	0.0598791	-1.38073	0.00607464
4.4	0.339085	-0.165059	0.529711	0.0598902	-1.38089	0.00611693
4.405	0.339076	-0.165045	0.529704	0.059895	-1.38103	0.00616471
4.41	0.339066	-0.165031	0.529691	0.0598941	-1.38115	0.00621774
4.415	0.339053	-0.165018	0.529673	0.0598878	-1.38126	0.0062755
4.42	0.33904	-0.165005	0.529649	0.0598769	-1.38134	0.00633781
4.425	0.339026	-0.164993	0.529623	0.0598626	-1.38142	0.00640233
4.43	0.339012	-0.16498	0.529596	0.0598484	-1.38149	0.00646527
4.435	0.338997	-0.164969	0.529564	0.0598297	-1.38155	0.00653223
4.44	0.338982	-0.164957	0.529529	0.0598077	-1.3816	0.00660317
4.445	0.338964	-0.164945	0.52949	0.0597816	-1.38164	0.00667739
4.45	0.338946	-0.164934	0.529447	0.0597516	-1.38166	0.00675461
4.455	0.338928	-0.164923	0.529405	0.059723	-1.38169	0.00683077
4.46	0.338914	-0.16491	0.529375	0.0597062	-1.38175	0.00689798
4.465	0.338899	-0.164898	0.529343	0.0596869	-1.38181	0.00696776
4.47	0.338882	-0.164885	0.529306	0.0596634	-1.38185	0.00704085
4.475	0.338866	-0.164873	0.529271	0.0596417	-1.3819	0.00711249
4.48	0.338856	-0.164859	0.529256	0.0596382	-1.38201	0.00716971
4.485	0.338848	-0.164844	0.52925	0.0596448	-1.38216	0.00721887
4.49	0.338839	-0.16483	0.529238	0.0596451	-1.38228	0.00727284
4.495	0.338828	-0.164816	0.52922	0.0596396	-1.38238	0.00733129
4.5	0.338817	-0.164802	0.529202	0.0596342	-1.38249	0.00738964
4.505	0.338808	-0.164787	0.529195	0.0596384	-1.38262	0.00744214
4.51	0.338799	-0.164771	0.529183	0.0596385	-1.38275	0.00750319
4.515	0.338792	-0.164753	0.529182	0.0596486	-1.38291	0.00755569
4.52	0.338784	-0.164736	0.52918	0.0596572	-1.38306	0.00760863
4.525	0.338779	-0.164719	0.529186	0.0596744	-1.38324	0.00765402
4.53	0.338773	-0.164701	0.52919	0.0596893	-1.38342	0.00770067
4.535	0.338769	-0.164684	0.529201	0.0597114	-1.38361	0.00774082
4.54	0.338763	-0.164667	0.529208	0.0597306	-1.3838	0.00778273
4.545	0.338759	-0.164649	0.529222	0.0597556	-1.38401	0.00782014
4.55	0.338753	-0.164631	0.529227	0.0597715	-1.38418	0.0078668
4.555	0.338744	-0.164615	0.529224	0.0597805	-1.38434	0.00791848
4.56	0.338734	-0.164599	0.529215	0.0597831	-1.38447	0.00797481
4.565	0.338721	-0.164584	0.529199	0.0597798	-1.38458	0.00803542
4.57	0.338709	-0.164569	0.529184	0.0597763	-1.38469	0.00809577
4.575	0.3387	-0.164553	0.529178	0.0597825	-1.38483	0.0081479
4.58	0.33869	-0.164538	0.529164	0.0597809	-1.38495	0.0082053
4.585	0.33868	-0.164523	0.529149	0.0597786	-1.38506	0.00826302
4.59	0.338671	-0.164508	0.529144	0.0597864	-1.38521	0.00831276
4.595	0.338662	-0.164492	0.529138	0.0597927	-1.38535	0.00836342
4.6	0.338655	-0.164476	0.52914	0.0598071	-1.38552	0.00840722
4.605	0.338647	-0.164461	0.52914	0.0598192	-1.38568	0.00845256
4.61	0.338641	-0.164444	0.529147	0.0598382	-1.38587	0.00849199
4.615	0.338635	-0.164429	0.529151	0.0598544	-1.38604	0.0085334
4.62	0.338629	-0.164412	0.529161	0.0598765	-1.38624	0.00856958
4.625	0.338623	-0.164396	0.529167	0.0598956	-1.38642	0.00860801
4.63	0.338618	-0.16438	0.529181	0.0599215	-1.38662	0.00864044
4.635	0.338613	-0.164365	0.52919	0.059943	-1.38682	0.00867549
4.64	0.338606	-0.16435	0.529192	0.0599576	-1.38698	0.00871585
4.645	0.338598	-0.164335	0.529188	0.0599669	-1.38713	0.00875998
4.65	0.338588	-0.164322	0.529178	0.0599703	-1.38726	0.00880863
4.655	0.338577	-0.164309	0.529163	0.0599693	-1.38737	0.00886029
4.66	0.338566	-0.164296	0.529143	0.0599635	-1.38747	0.00891574
4.665	0.338553	-0.164284	0.529119	0.0599534	-1.38756	0.00897409
4.67	0.338541	-0.164272	0.529094	0.0599418	-1.38763	0.00903364
4.675	0.338532	-0.164259	0.52908	0.0599424	-1.38775	0.00908397
4.68	0.338523	-0.164246	0.529068	0.0599434	-1.38787	0.00913419
4.685	0.338515	-0.164232	0.529061	0.0599504	-1.38801	0.00917966
4.69	0.338507	-0.164218	0.529054	0.0599564	-1.38815	0.00922596
4.695	0.338501	-0.164204	0.529051	0.0599675	-1.3883	0.0092681
4.7	0.338494	-0.16419	0.529047	0.0599769	-1.38845	0.00931166
4.705	0.338488	-0.164175	0.529047	0.0599909	-1.38861	0.00935141
4.71	0.338481	-0.164161	0.529046	0.0600026	-1.38877	0.009393
4.715	0.338476	-0.164146	0.529048	0.0600186	-1.38894	0.00943101
4.72	0.338469	-0.164132	0.529048	0.0600318	-1.3891	0.0094712
4.725	0.338464	-0.164117	0.529051	0.0600492	-1.38927	0.00950793
4.73	0.338457	-0.164103	0.529052	0.0600636	-1.38943	0.00954708
4.735	0.338452	-0.164088	0.529057	0.0600819	-1.38961	0.00958286
4.74	0.338446	-0.164074	0.529058	0.060097	-1.38978	0.00962127
4.745	0.33844	-0.164059	0.529063	0.0601161	-1.38995	0.00965634
4.75	0.338434	-0.164045	0.529065	0.0601317	-1.39012	0.00969421
4.755	0.338428	-0.16403	0.52907	0.0601512	-1.3903	0.00972874
4.76	0.338422	-0.164015	0.529072	0.0601672	-1.39047	0.00976616
4.765	0.338416	-0.164001	0.529078	0.060187	-1.39065	0.0098003
4.77	0.338409	-0.163986	0.52908	0.0602032	-1.39082	0.00983736
4.775	0.338404	-0.163972	0.529086	0.0602233	-1.391	0.00987121
4.78	0.338397	-0.163957	0.529087	0.0602389	-1.39116	0.00990863
4.785	0.338391	-0.163943	0.529093	0.0602582	-1.39134	0.00994282
4.79	0.338385	-0.163928	0.5291	0.06028	-1.39153	0.0099756
4.795	0.33838	-0.163913	0.529108	0.0603024	-1.39171	0.0100074
4.8	0.338375	-0.163898	0.529118	0.0603268	-1.39191	0.0100382
4.805	0.33837	-0.163883	0.529128	0.0603512	-1.3921	0.0100683
4.81	0.338364	-0.163868	0.529139	0.060376	-1.3923	0.0100983
4.815	0.338359	-0.163853	0.529147	0.0603985	-1.39248	0.0101298
4.82	0.338353	-0.163838	0.529155	0.0604215	-1.39267	0.010161
4.825	0.338346	-0.163824	0.529161	0.0604424	-1.39285	0.0101935
4.83	0.33834	-0.163809	0.529168	0.0604641	-1.39304	0.0102257
4.835	0.338334	-0.163795	0.529173	0.0604838	-1.39321	0.010259
4.84	0.338327	-0.16378	0.529179	0.0605047	-1.3934	0.0102914
4.845	0.33832	-0.163766	0.529183	0.0605239	-1.39357	0.0103247
4.85	0.338313	-0.163752	0.529188	0.0605443	-1.39375	0.0103572
4.855	0.338306	-0.163738	0.529192	0.0605632	-1.39392	0.0103905
4.86	0.338299	-0.163724	0.529197	0.0605833	-1.3941	0.0104229
4.865	0.338293	-0.16371	0.529201	0.060603	-1.39428	0.0104542
4.87	0.338286	-0.163696	0.529208	0.0606255	-1.39446	0.0104825
4.875	0.338278	-0.163681	0.529208	0.0606401	-1.39462	0.0105241
4.88	0.338269	-0.163666	0.529201	0.0606484	-1.39476	0.0105714
4.885	0.338258	-0.163651	0.52919	0.0606519	-1.39489	0.0106243
4.89	0.338247	-0.163636	0.529177	0.0606535	-1.39501	0.0106785
4.895	0.338237	-0.163621	0.529171	0.0606613	-1.39515	0.0107267
4.9	0.338227	-0.163607	0.529161	0.060667	-1.39528	0.0107764
4.905	0.338219	-0.163591	0.529158	0.0606788	-1.39543	0.0108205
4.91	0.338209	-0.163577	0.529153	0.0606881	-1.39557	0.0108664
4.915	0.338202	-0.163562	0.529152	0.0607029	-1.39573	0.0109071
4.92	0.338193	-0.163547	0.529149	0.0607148	-1.39588	0.0109501
4.925	0.338186	-0.163532	0.52915	0.0607317	-1.39605	0.0109884
4.93	0.338178	-0.163517	0.529149	0.0607454	-1.3962	0.0110291
4.935	0.338171	-0.163502	0.529151	0.0607638	-1.39638	0.0110654
4.94	0.338164	-0.163488	0.529151	0.0607789	-1.39653	0.0111044
4.945	0.338157	-0.163473	0.529154	0.0607983	-1.39671	0.0111393
4.95	0.338149	-0.163459	0.529155	0.0608143	-1.39687	0.011177
4.955	0.338143	-0.163444	0.529159	0.0608345	-1.39704	0.0112108
4.96	0.338135	-0.16343	0.529159	0.0608512	-1.39721	0.0112474
4.965	0.338129	-0.163415	0.529164	0.0608719	-1.39738	0.0112804
4.97	0.338121	-0.163401	0.529165	0.060889	-1.39755	0.0113162
4.975	0.338115	-0.163387	0.52917	0.06091	-1.39772	0.0113485
4.98	0.338107	-0.163372	0.529171	0.0609274	-1.39789	0.0113838
4.985	0.338101	-0.163358	0.529175	0.0609487	-1.39807	0.0114155
4.99	0.338093	-0.163344	0.529177	0.0609663	-1.39823	0.0114503
4.995	0.338087	-0.16333	0.529182	0.0609887	-1.39841	0.0114809
5.0	0.33808	-0.163315	0.529186	0.0610092	-1.39858	0.0115132
5.005	0.338073	-0.163301	0.529191	0.0610303	-1.39876	0.0115447
5.01	0.338064	-0.163288	0.529188	0.0610438	-1.39891	0.0115828
5.015	0.338054	-0.163275	0.529178	0.0610505	-1.39904	0.0116268
5.02	0.338041	-0.163262	0.529162	0.0610507	-1.39915	0.0116762
5.025	0.338028	-0.163249	0.529144	0.0610494	-1.39926	0.0117269
5.03	0.338018	-0.163236	0.529134	0.0610556	-1.39938	0.0117713
5.035	0.338007	-0.163223	0.529122	0.0610599	-1.39951	0.0118174
5.04	0.337997	-0.16321	0.529117	0.0610711	-1.39965	0.0118577
5.045	0.337988	-0.163196	0.529109	0.06108	-1.39979	0.0119001
5.05	0.337979	-0.163182	0.529107	0.0610949	-1.39994	0.0119373
5.055	0.33797	-0.163169	0.529102	0.0611069	-1.40009	0.0119769
5.06	0.337963	-0.163155	0.529103	0.0611244	-1.40025	0.0120119
5.065	0.337955	-0.163141	0.5291	0.0611385	-1.4004	0.0120497
5.07	0.337947	-0.163127	0.529101	0.0611569	-1.40057	0.0120844
5.075	0.337939	-0.163113	0.529099	0.0611719	-1.40072	0.012122
5.08	0.337932	-0.163099	0.529102	0.0611919	-1.40089	0.0121544
5.085	0.337924	-0.163084	0.5291	0.0612066	-1.40105	0.0121946
5.09	0.337918	-0.163071	0.529105	0.0612297	-1.40122	0.0122206
5.095	0.337909	-0.163058	0.529103	0.0612454	-1.40138	0.0122533
5.1	0.337899	-0.163046	0.529095	0.0612546	-1.40151	0.0122927
5.105	0.337888	-0.163033	0.52908	0.0612575	-1.40163	0.012338
5.11	0.337875	-0.163021	0.529061	0.0612547	-1.40173	0.0123894
5.115	0.337861	-0.163009	0.52904	0.0612502	-1.40182	0.0124434
5.12	0.33785	-0.162995	0.529027	0.0612539	-1.40194	0.0124909
5.125	0.337837	-0.162983	0.529008	0.0612516	-1.40204	0.0125435
5.13	0.337823	-0.16297	0.528984	0.0612434	-1.40212	0.0126013
5.135	0.337808	-0.162958	0.528958	0.0612341	-1.4022	0.012661
5.14	0.337796	-0.162944	0.528941	0.0612341	-1.40231	0.0127132
5.145	0.337782	-0.162931	0.528919	0.0612283	-1.4024	0.0127701
5.15	0.337767	-0.162919	0.528892	0.0612171	-1.40247	0.0128315
5.155	0.337751	-0.162907	0.52886	0.0612008	-1.40253	0.012897
5.16	0.337734	-0.162895	0.528827	0.0611846	-1.40259	0.0129624
5.165	0.33772	-0.162882	0.528804	0.0611778	-1.40267	0.0130201
5.17	0.337706	-0.162869	0.52878	0.0611701	-1.40275	0.0130785
5.175	0.337695	-0.162855	0.528763	0.0611706	-1.40286	0.0131304
5.18	0.337683	-0.162842	0.528745	0.0611694	-1.40297	0.0131836
5.185	0.337673	-0.162828	0.528734	0.0611751	-1.40309	0.0132312
5.19	0.337662	-0.162814	0.528721	0.0611786	-1.40321	0.0132806
5.195	0.337653	-0.1628	0.528713	0.061188	-1.40334	0.013325
5.2	0.337643	-0.162786	0.528702	0.0611949	-1.40347	0.0133715
5.205	0.337635	-0.162772	0.528697	0.061207	-1.40361	0.0134135
5.21	0.337626	-0.162757	0.528689	0.0612162	-1.40375	0.0134578
5.215	0.337618	-0.162743	0.528686	0.0612303	-1.4039	0.013498
5.22	0.337609	-0.162729	0.528679	0.0612412	-1.40404	0.0135407
5.225	0.337602	-0.162714	0.528677	0.0612567	-1.40419	0.0135795
5.23	0.337593	-0.1627	0.528671	0.0612689	-1.40434	0.0136209
5.235	0.337586	-0.162685	0.52867	0.0612854	-1.40449	0.0136587
5.24	0.337577	-0.162671	0.528665	0.0612985	-1.40464	0.0136992
5.245	0.33757	-0.162656	0.528665	0.0613157	-1.4048	0.0137361
5.25	0.337561	-0.162642	0.52866	0.0613294	-1.40494	0.0137759
5.255	0.337554	-0.162628	0.52866	0.0613471	-1.4051	0.0138122
5.26	0.337546	-0.162613	0.528656	0.0613614	-1.40525	0.0138514
5.265	0.337538	-0.162599	0.528656	0.0613795	-1.40541	0.0138872
5.27	0.33753	-0.162585	0.528652	0.0613941	-1.40556	0.013926
5.275	0.337522	-0.16257	0.528652	0.0614125	-1.40572	0.0139614
5.28	0.337514	-0.162556	0.528649	0.0614274	-1.40587	0.0139998
5.285	0.337507	-0.162542	0.528649	0.061446	-1.40603	0.0140349
5.29	0.337498	-0.162528	0.528646	0.0614611	-1.40618	0.0140729
5.295	0.337491	-0.162513	0.528646	0.06148	-1.40634	0.0141078
5.3	0.337482	-0.162499	0.528643	0.0614953	-1.40649	0.0141456
5.305	0.337475	-0.162485	0.528643	0.0615143	-1.40666	0.0141802
5.31	0.337467	-0.162471	0.52864	0.0615298	-1.40681	0.0142177
5.315	0.337459	-0.162456	0.52864	0.0615489	-1.40697	0.0142522
5.32	0.33745	-0.162442	0.528634	0.0615608	-1.40711	0.0142927
5.325	0.337438	-0.162429	0.528621	0.0615659	-1.40723	0.0143388
5.33	0.337425	-0.162416	0.528602	0.0615649	-1.40733	0.0143901
5.335	0.33741	-0.162404	0.528577	0.061558	-1.40741	0.0144463
5.34	0.337394	-0.162392	0.528547	0.0615458	-1.40747	0.014507
5.345	0.337377	-0.162381	0.528513	0.0615289	-1.40752	0.0145713
5.35	0.337358	-0.16237	0.528475	0.061508	-1.40756	0.0146383
5.355	0.337338	-0.162359	0.528433	0.061483	-1.40759	0.0147092
5.36	0.337318	-0.162349	0.528387	0.0614541	-1.4076	0.0147835
5.365	0.337296	-0.162339	0.528337	0.0614216	-1.4076	0.0148609
5.37	0.337273	-0.162329	0.528285	0.0613858	-1.40759	0.0149411
5.375	0.337249	-0.162319	0.528229	0.0613469	-1.40757	0.0150238
5.38	0.337225	-0.16231	0.52817	0.0613052	-1.40755	0.0151089
5.385	0.337199	-0.162301	0.528109	0.0612609	-1.40751	0.0151962
5.39	0.337173	-0.162292	0.528045	0.0612142	-1.40747	0.0152854
5.395	0.337147	-0.162283	0.527979	0.0611654	-1.40741	0.0153764
5.4	0.337119	-0.162274	0.527911	0.0611146	-1.40736	0.0154691
5.405	0.337091	-0.162266	0.527841	0.061062	-1.40729	0.0155632
5.41	0.337063	-0.162257	0.527769	0.0610078	-1.40722	0.0156586
5.415	0.337034	-0.162249	0.527696	0.0609521	-1.40715	0.0157553
5.42	0.337007	-0.16224	0.527627	0.0609012	-1.40709	0.0158492
5.425	0.336985	-0.162229	0.527575	0.0608667	-1.40708	0.015933
5.43	0.336964	-0.162217	0.527526	0.0608348	-1.40708	0.0160152
5.435	0.336947	-0.162203	0.52749	0.0608165	-1.40713	0.0160897
5.44	0.336931	-0.162188	0.527455	0.0607981	-1.40717	0.0161664
5.445	0.336918	-0.162171	0.527431	0.0607906	-1.40726	0.0162357
5.45	0.336904	-0.162155	0.527402	0.0607782	-1.40732	0.0163085
5.455	0.336888	-0.16214	0.527369	0.0607614	-1.40738	0.0163849
5.46	0.336871	-0.162125	0.527331	0.0607405	-1.40742	0.0164642
5.465	0.336854	-0.16211	0.527294	0.0607208	-1.40746	0.0165431
5.47	0.336841	-0.162094	0.527269	0.0607115	-1.40753	0.0166138
5.475	0.336826	-0.162078	0.527238	0.0606975	-1.4076	0.0166879
5.48	0.33681	-0.162062	0.527203	0.0606799	-1.40765	0.0167668
5.485	0.336794	-0.162044	0.527169	0.0606607	-1.40769	0.0168546
5.49	0.336778	-0.162023	0.527133	0.0606399	-1.40774	0.016951
5.495	0.33676	-0.162003	0.527094	0.0606153	-1.40777	0.0170489
5.5	0.336742	-0.161984	0.527051	0.0605872	-1.40779	0.017148
5.505	0.336722	-0.161966	0.527004	0.0605558	-1.4078	0.0172482
5.51	0.336701	-0.161949	0.526953	0.0605214	-1.4078	0.0173493
5.515	0.336679	-0.161932	0.5269	0.0604844	-1.40779	0.0174513
5.52	0.336656	-0.161917	0.526843	0.0604448	-1.40777	0.017554
5.525	0.336634	-0.1619	0.52679	0.0604084	-1.40776	0.0176536
5.53	0.336617	-0.161883	0.526751	0.0603857	-1.40779	0.0177431
5.535	0.3366	-0.161865	0.526713	0.0603646	-1.40783	0.0178307
5.54	0.336587	-0.161846	0.526688	0.0603553	-1.40791	0.0179096
5.545	0.336573	-0.161828	0.526662	0.060346	-1.40799	0.0179876
5.55	0.336563	-0.161808	0.526646	0.060346	-1.4081	0.0180584
5.555	0.336551	-0.161789	0.526625	0.0603409	-1.40819	0.0181325
5.56	0.336537	-0.161771	0.526599	0.0603313	-1.40826	0.0182102
5.565	0.336522	-0.161753	0.526568	0.0603172	-1.40832	0.0182907
5.57	0.336507	-0.161736	0.526537	0.0603029	-1.40838	0.0183715
5.575	0.336494	-0.161717	0.526513	0.0602956	-1.40847	0.0184457
5.58	0.336481	-0.161699	0.526489	0.0602882	-1.40855	0.01852
5.585	0.33647	-0.161681	0.526472	0.0602876	-1.40865	0.0185883
5.59	0.336458	-0.161663	0.526453	0.0602857	-1.40875	0.0186571
5.595	0.336449	-0.161644	0.526441	0.0602902	-1.40887	0.0187209
5.6	0.336438	-0.161625	0.526427	0.0602927	-1.40899	0.0187856
5.605	0.33643	-0.161606	0.526418	0.060301	-1.40912	0.0188458
5.61	0.336421	-0.161588	0.526408	0.0603072	-1.40925	0.0189069
5.615	0.336412	-0.161569	0.526401	0.0603172	-1.40939	0.0189645
5.62	0.336402	-0.161551	0.526389	0.0603219	-1.40951	0.0190248
5.625	0.336391	-0.161535	0.526371	0.0603222	-1.40961	0.0190862
5.63	0.336377	-0.161519	0.526348	0.0603175	-1.4097	0.0191503
5.635	0.336363	-0.161505	0.526321	0.060309	-1.40977	0.0192153
5.64	0.336347	-0.161491	0.526289	0.0602962	-1.40983	0.0192828
5.645	0.336329	-0.161478	0.526253	0.0602801	-1.40987	0.0193511
5.65	0.336311	-0.161466	0.526213	0.0602603	-1.4099	0.0194217
5.655	0.336291	-0.161454	0.52617	0.0602377	-1.40992	0.0194928
5.66	0.33627	-0.161443	0.526123	0.0602119	-1.40994	0.0195659
5.665	0.336249	-0.161433	0.526074	0.0601837	-1.40994	0.0196396
5.67	0.336226	-0.161423	0.526021	0.0601525	-1.40993	0.0197157
5.675	0.336203	-0.161413	0.525966	0.0601185	-1.40991	0.019794
5.68	0.336178	-0.161404	0.525907	0.060082	-1.40988	0.0198745
5.685	0.336153	-0.161394	0.525846	0.060043	-1.40984	0.0199569
5.69	0.336127	-0.161385	0.525782	0.060002	-1.4098	0.020041
5.695	0.3361	-0.161376	0.525716	0.0599589	-1.40975	0.0201266
5.7	0.336072	-0.161367	0.525648	0.0599141	-1.40969	0.0202137
5.705	0.336044	-0.161359	0.525578	0.0598677	-1.40962	0.0203021
5.71	0.336018	-0.161351	0.525513	0.0598277	-1.40957	0.0203803
5.715	0.335998	-0.161347	0.525468	0.0598103	-1.40959	0.0204255
5.72	0.33598	-0.161343	0.525428	0.0597998	-1.40962	0.0204583
5.725	0.335968	-0.161343	0.525403	0.0598066	-1.4097	0.0204642
5.73	0.335955	-0.161342	0.525377	0.0598125	-1.40977	0.0204722
5.735	0.335944	-0.161341	0.525355	0.0598229	-1.40986	0.0204756
5.74	0.335933	-0.16134	0.525334	0.0598339	-1.40995	0.0204777
5.745	0.335925	-0.161341	0.525321	0.0598552	-1.41007	0.0204644
5.75	0.335917	-0.16134	0.52531	0.0598765	-1.41019	0.0204552
5.755	0.335911	-0.161337	0.525307	0.0599047	-1.41035	0.0204465
5.76	0.335905	-0.161332	0.525303	0.05993	-1.41049	0.0204448
5.765	0.335901	-0.161325	0.525308	0.0599641	-1.41067	0.0204392
5.77	0.335897	-0.161318	0.525311	0.0599945	-1.41083	0.0204407
5.775	0.335895	-0.161309	0.525322	0.0600325	-1.41103	0.0204385
5.78	0.33589	-0.1613	0.525325	0.0600626	-1.4112	0.0204457
5.785	0.335885	-0.16129	0.525325	0.0600895	-1.41136	0.0204556
5.79	0.335879	-0.161282	0.525321	0.0601128	-1.4115	0.0204689
5.795	0.335872	-0.161273	0.525314	0.0601335	-1.41164	0.0204842
5.8	0.335865	-0.161264	0.525304	0.0601514	-1.41177	0.0205022
5.805	0.335857	-0.161256	0.525291	0.0601666	-1.41189	0.0205224
5.81	0.335848	-0.161248	0.525274	0.060177	-1.41199	0.0205477
5.815	0.335838	-0.161239	0.525253	0.060184	-1.41208	0.0205767
5.82	0.335828	-0.161231	0.525227	0.060186	-1.41216	0.0206112
5.825	0.335817	-0.161223	0.5252	0.0601859	-1.41223	0.0206478
5.83	0.335806	-0.161214	0.525168	0.0601821	-1.41228	0.0206882
5.835	0.335794	-0.161205	0.525137	0.0601779	-1.41234	0.0207305
5.84	0.335784	-0.161195	0.525112	0.060179	-1.41242	0.0207707
5.845	0.335775	-0.161186	0.525087	0.0601807	-1.4125	0.0208091
5.85	0.335767	-0.161177	0.525067	0.0601889	-1.41259	0.0208371
5.855	0.335758	-0.161169	0.525047	0.0601965	-1.41269	0.0208644
5.86	0.335751	-0.161163	0.525032	0.0602104	-1.41279	0.0208797
5.865	0.335743	-0.161157	0.525016	0.0602252	-1.4129	0.0208914
5.87	0.335736	-0.161153	0.525005	0.0602454	-1.41303	0.0208929
5.875	0.335729	-0.16115	0.524993	0.0602655	-1.41315	0.0208934
5.88	0.335722	-0.161146	0.524985	0.0602899	-1.41328	0.0208882
5.885	0.335715	-0.161143	0.524976	0.0603133	-1.41341	0.020884
5.89	0.335708	-0.16114	0.524971	0.0603406	-1.41355	0.0208748
5.895	0.335701	-0.161137	0.524964	0.0603664	-1.41369	0.0208677
5.9	0.335694	-0.161134	0.524959	0.0603943	-1.41383	0.0208581
5.905	0.335687	-0.161132	0.524951	0.0604197	-1.41397	0.0208506
5.91	0.335681	-0.16113	0.524947	0.0604505	-1.41411	0.0208341
5.915	0.335673	-0.161128	0.524942	0.0604794	-1.41426	0.0208194
5.92	0.335666	-0.161128	0.52494	0.0605132	-1.41441	0.0207968
5.925	0.335658	-0.161127	0.524936	0.0605439	-1.41456	0.0207782
5.93	0.335651	-0.161125	0.524933	0.0605766	-1.41471	0.0207581
5.935	0.335644	-0.161124	0.524929	0.0606076	-1.41485	0.0207398
5.94	0.335638	-0.161123	0.524929	0.0606434	-1.41501	0.0207158
5.945	0.335631	-0.161121	0.524925	0.0606735	-1.41516	0.0207007
5.95	0.335625	-0.16112	0.524928	0.0607126	-1.41533	0.0206735
5.955	0.335619	-0.161119	0.52493	0.0607503	-1.41549	0.0206471
5.96	0.335613	-0.161119	0.524935	0.0607928	-1.41567	0.0206152
5.965	0.335607	-0.161118	0.524939	0.0608333	-1.41585	0.0205848
5.97	0.335602	-0.161118	0.524947	0.060878	-1.41603	0.0205496
5.975	0.335596	-0.161117	0.524952	0.0609204	-1.41621	0.0205164
5.98	0.335591	-0.161117	0.524961	0.0609668	-1.41639	0.0204787
5.985	0.335585	-0.161117	0.524966	0.06101	-1.41657	0.0204444
5.99	0.33558	-0.161116	0.524973	0.0610549	-1.41675	0.0204096
5.995	0.335575	-0.161115	0.524978	0.0610967	-1.41693	0.0203792
6.0	0.33557	-0.161114	0.524984	0.0611402	-1.41711	0.020348
6.005	0.335564	-0.161112	0.524986	0.0611786	-1.41727	0.0203239
6.01	0.33556	-0.161109	0.524991	0.0612204	-1.41745	0.020298
6.015	0.335554	-0.161106	0.524992	0.0612571	-1.41761	0.0202789
6.02	0.33555	-0.161103	0.524996	0.0612975	-1.41778	0.0202574
6.025	0.335545	-0.161099	0.524996	0.0613331	-1.41794	0.0202421
6.03	0.33554	-0.161095	0.525001	0.0613729	-1.41812	0.0202231
6.035	0.335535	-0.161091	0.525002	0.0614096	-1.41828	0.0202066
6.04	0.335531	-0.161087	0.525006	0.0614504	-1.41845	0.0201864
6.045	0.335527	-0.161083	0.525008	0.0614881	-1.41862	0.0201689
6.05	0.335523	-0.161079	0.525013	0.0615296	-1.41879	0.0201478
6.055	0.335518	-0.161075	0.525015	0.0615681	-1.41896	0.0201295
6.06	0.335514	-0.161071	0.52502	0.0616101	-1.41913	0.0201078
6.065	0.33551	-0.161067	0.525023	0.0616491	-1.4193	0.020089
6.07	0.335506	-0.161063	0.525028	0.0616915	-1.41948	0.020067
6.075	0.335501	-0.161059	0.525031	0.0617309	-1.41964	0.0200478
6.08	0.335497	-0.161055	0.525036	0.0617737	-1.41982	0.0200254
6.085	0.335492	-0.161051	0.525039	0.0618134	-1.41999	0.020006
6.09	0.335488	-0.161047	0.525044	0.0618563	-1.42016	0.0199835
6.095	0.335484	-0.161043	0.525047	0.0618962	-1.42033	0.0199638
6.1	0.33548	-0.161039	0.525052	0.0619393	-1.42051	0.0199413
6.105	0.335475	-0.161035	0.525055	0.0619795	-1.42067	0.0199215
6.11	0.335471	-0.161031	0.52506	0.0620222	-1.42085	0.0198997
6.115	0.335466	-0.161026	0.525061	0.0620607	-1.42101	0.0198831
6.12	0.335462	-0.161022	0.525065	0.0621024	-1.42118	0.0198635
6.125	0.335457	-0.161017	0.525067	0.0621413	-1.42135	0.0198463
6.13	0.335453	-0.161013	0.525071	0.0621834	-1.42152	0.019826
6.135	0.335448	-0.161008	0.525073	0.062223	-1.42168	0.0198082
6.14	0.335444	-0.161004	0.525078	0.0622668	-1.42186	0.0197864
6.145	0.33544	-0.160999	0.525085	0.0623113	-1.42204	0.019766
6.15	0.335437	-0.160992	0.525093	0.0623564	-1.42223	0.0197501
6.155	0.335433	-0.160984	0.525102	0.0624005	-1.42241	0.0197377
6.16	0.33543	-0.160975	0.525114	0.062448	-1.42261	0.0197263
6.165	0.335428	-0.160964	0.525126	0.0624944	-1.42281	0.01972
6.17	0.335425	-0.160952	0.525138	0.0625387	-1.42301	0.019719
6.175	0.335421	-0.16094	0.525149	0.062582	-1.4232	0.0197224
6.18	0.335418	-0.160926	0.525159	0.0626233	-1.42339	0.0197304
6.185	0.335414	-0.160912	0.525169	0.0626638	-1.42358	0.0197419
6.19	0.33541	-0.160897	0.525178	0.0627025	-1.42377	0.0197573
6.195	0.335406	-0.160881	0.525187	0.0627407	-1.42396	0.0197755
6.2	0.335401	-0.160865	0.525195	0.0627774	-1.42415	0.019797
6.205	0.335397	-0.160848	0.525203	0.0628138	-1.42433	0.0198204
6.21	0.335392	-0.160831	0.525211	0.0628487	-1.42451	0.0198464
6.215	0.335388	-0.160813	0.525219	0.0628839	-1.4247	0.0198738
6.22	0.335383	-0.160795	0.525226	0.0629175	-1.42488	0.0199035
6.225	0.335378	-0.160777	0.525233	0.0629516	-1.42506	0.0199341
6.23	0.335373	-0.160759	0.52524	0.0629844	-1.42525	0.0199667
6.235	0.335368	-0.16074	0.525247	0.0630176	-1.42543	0.0199997
6.24	0.335363	-0.160721	0.525253	0.0630497	-1.42561	0.0200343
6.245	0.335358	-0.160702	0.52526	0.0630824	-1.42579	0.0200691
6.25	0.335353	-0.160682	0.525266	0.0631139	-1.42597	0.0201052
6.255	0.335348	-0.160663	0.525273	0.0631462	-1.42615	0.0201412
6.26	0.335343	-0.160643	0.525279	0.0631774	-1.42633	0.0201785
6.265	0.335338	-0.160624	0.525285	0.0632094	-1.42651	0.0202153
6.27	0.335332	-0.160604	0.525291	0.0632404	-1.42669	0.0202533
6.275	0.335327	-0.160584	0.525298	0.0632722	-1.42687	0.0202906
6.28	0.335322	-0.160564	0.525303	0.063303	-1.42704	0.0203291
6.285	0.335317	-0.160545	0.525309	0.0633347	-1.42722	0.0203667
6.29	0.335311	-0.160525	0.525315	0.0633654	-1.4274	0.0204054
6.295	0.335306	-0.160505	0.525321	0.0633972	-1.42758	0.0204426
6.3	0.3353	-0.160486	0.525325	0.0634275	-1.42775	0.0204788
6.305	0.335294	-0.160468	0.525328	0.0634573	-1.42792	0.020513
6.31	0.335287	-0.160451	0.52533	0.0634859	-1.42808	0.0205461
6.315	0.33528	-0.160435	0.52533	0.0635144	-1.42825	0.0205771
6.32	0.335273	-0.160419	0.52533	0.0635421	-1.4284	0.0206069
6.325	0.335266	-0.160404	0.525328	0.0635701	-1.42856	0.0206345
6.33	0.335258	-0.160389	0.525326	0.0635974	-1.42871	0.0206612
6.335	0.33525	-0.160375	0.525324	0.063625	-1.42886	0.0206865
6.34	0.335242	-0.160361	0.525321	0.063652	-1.42901	0.0207108
6.345	0.335234	-0.160348	0.525318	0.0636796	-1.42916	0.0207333
6.35	0.335226	-0.160335	0.525314	0.0637071	-1.42931	0.0207546
6.355	0.335218	-0.160322	0.52531	0.0637352	-1.42946	0.0207741
6.36	0.33521	-0.16031	0.525307	0.0637634	-1.4296	0.0207925
6.365	0.335202	-0.160298	0.525303	0.0637921	-1.42975	0.0208094
6.37	0.335193	-0.160287	0.525299	0.0638209	-1.4299	0.0208254
6.375	0.335185	-0.160275	0.525295	0.0638502	-1.43005	0.02084
6.38	0.335177	-0.160264	0.525291	0.0638796	-1.43019	0.0208539
6.385	0.335169	-0.160253	0.525287	0.0639096	-1.43034	0.0208664
6.39	0.335161	-0.160243	0.525283	0.0639397	-1.43049	0.0208782
6.395	0.335153	-0.160232	0.52528	0.0639703	-1.43063	0.0208888
6.4	0.335145	-0.160222	0.525276	0.064001	-1.43078	0.0208988
6.405	0.335137	-0.160212	0.525272	0.0640323	-1.43093	0.0209078
6.41	0.335129	-0.160202	0.525269	0.0640635	-1.43108	0.0209163
6.415	0.335121	-0.160192	0.525265	0.0640954	-1.43122	0.0209239
6.42	0.335112	-0.160182	0.525261	0.0641271	-1.43137	0.0209313
6.425	0.335104	-0.160172	0.525258	0.0641593	-1.43152	0.0209384
6.43	0.335096	-0.160163	0.525254	0.0641912	-1.43167	0.0209457
6.435	0.335088	-0.160153	0.525251	0.0642236	-1.43181	0.0209524
6.44	0.33508	-0.160143	0.525247	0.0642556	-1.43196	0.0209594
