0	0.310429 	-0.173769 	0.537008 	0.180534 	-1.45468 	-0.24872 	
0.005	0.310429 	-0.173769 	0.537008 	0.180534 	-1.45468 	-0.24872 	
0.01	0.310429 	-0.173769 	0.537008 	0.180534 	-1.45468 	-0.24872 	
0.015	0.31043 	-0.173769 	0.537008 	0.180534 	-1.45468 	-0.24872 	
0.02	0.310431 	-0.173769 	0.537008 	0.180534 	-1.45468 	-0.24872 	
0.025	0.310433 	-0.173769 	0.537009 	0.180534 	-1.45468 	-0.24872 	
0.03	0.310435 	-0.173769 	0.537009 	0.180534 	-1.45468 	-0.24872 	
0.035	0.310438 	-0.173769 	0.53701 	0.180534 	-1.45468 	-0.24872 	
0.04	0.310441 	-0.173769 	0.53701 	0.180534 	-1.45468 	-0.24872 	
0.045	0.310445 	-0.173769 	0.537011 	0.180534 	-1.45468 	-0.24872 	
0.05	0.31045 	-0.173769 	0.537012 	0.180534 	-1.45468 	-0.24872 	
0.055	0.310455 	-0.17377 	0.537013 	0.180534 	-1.45468 	-0.24872 	
0.06	0.310461 	-0.17377 	0.537014 	0.180534 	-1.45468 	-0.24872 	
0.065	0.310467 	-0.17377 	0.537015 	0.180534 	-1.45468 	-0.24872 	
0.07	0.310473 	-0.17377 	0.537016 	0.180534 	-1.45468 	-0.24872 	
0.075	0.310481 	-0.17377 	0.537018 	0.180534 	-1.45468 	-0.24872 	
0.08	0.310488 	-0.17377 	0.537019 	0.180534 	-1.45468 	-0.24872 	
0.085	0.310497 	-0.17377 	0.537021 	0.180534 	-1.45468 	-0.24872 	
0.09	0.310505 	-0.173771 	0.537022 	0.180534 	-1.45468 	-0.24872 	
0.095	0.310516 	-0.173771 	0.537024 	0.180534 	-1.45468 	-0.24872 	
0.1	0.310526 	-0.173771 	0.537026 	0.180534 	-1.45468 	-0.24872 	
0.105	0.310536 	-0.173771 	0.537028 	0.180534 	-1.45468 	-0.24872 	
0.11	0.310547 	-0.173771 	0.53703 	0.180534 	-1.45468 	-0.24872 	
0.115	0.310559 	-0.173772 	0.537032 	0.180534 	-1.45468 	-0.24872 	
0.12	0.310571 	-0.173772 	0.537034 	0.180534 	-1.45468 	-0.24872 	
0.125	0.310583 	-0.173772 	0.537037 	0.180534 	-1.45468 	-0.24872 	
0.13	0.310597 	-0.173772 	0.537039 	0.180534 	-1.45468 	-0.24872 	
0.135	0.31061 	-0.173773 	0.537042 	0.180534 	-1.45468 	-0.24872 	
0.14	0.310624 	-0.173773 	0.537044 	0.180534 	-1.45468 	-0.24872 	
0.145	0.310639 	-0.173773 	0.537047 	0.180534 	-1.45468 	-0.24872 	
0.15	0.310654 	-0.173774 	0.53705 	0.180534 	-1.45468 	-0.24872 	
0.155	0.31067 	-0.173774 	0.537053 	0.180534 	-1.45468 	-0.24872 	
0.16	0.310687 	-0.173774 	0.537056 	0.180534 	-1.45468 	-0.24872 	
0.165	0.310641 	-0.173759 	0.53704 	0.178912 	-1.45354 	-0.246485 	
0.17	0.310658 	-0.173759 	0.537043 	0.178912 	-1.45354 	-0.246485 	
0.175	0.310676 	-0.17376 	0.537047 	0.178912 	-1.45354 	-0.246485 	
0.18	0.310695 	-0.17376 	0.53705 	0.178912 	-1.45354 	-0.246485 	
0.185	0.310714 	-0.17376 	0.537054 	0.178912 	-1.45354 	-0.246485 	
0.19	0.310733 	-0.173761 	0.537057 	0.178912 	-1.45354 	-0.246485 	
0.195	0.310753 	-0.173761 	0.537061 	0.178912 	-1.45354 	-0.246485 	
0.2	0.310774 	-0.173762 	0.537065 	0.178912 	-1.45354 	-0.246485 	
0.205	0.310795 	-0.173762 	0.537069 	0.178912 	-1.45354 	-0.246485 	
0.21	0.310816 	-0.173762 	0.537073 	0.178912 	-1.45354 	-0.246485 	
0.215	0.310839 	-0.173763 	0.537077 	0.178912 	-1.45354 	-0.246485 	
0.22	0.310861 	-0.173763 	0.537081 	0.178912 	-1.45354 	-0.246485 	
0.225	0.310823 	-0.173749 	0.537066 	0.177313 	-1.45242 	-0.244282 	
0.23	0.310846 	-0.173749 	0.537071 	0.177313 	-1.45242 	-0.244282 	
0.235	0.310871 	-0.173749 	0.537075 	0.177313 	-1.45242 	-0.244282 	
0.24	0.310895 	-0.17375 	0.53708 	0.177313 	-1.45242 	-0.244282 	
0.245	0.310921 	-0.17375 	0.537085 	0.177313 	-1.45242 	-0.244282 	
0.25	0.310946 	-0.173751 	0.537089 	0.177313 	-1.45242 	-0.244282 	
0.255	0.310973 	-0.173751 	0.537094 	0.177313 	-1.45242 	-0.244282 	
0.26	0.310999 	-0.173752 	0.537099 	0.177313 	-1.45242 	-0.244282 	
0.265	0.311027 	-0.173752 	0.537104 	0.177313 	-1.45242 	-0.244282 	
0.27	0.311054 	-0.173753 	0.537109 	0.177313 	-1.45242 	-0.244282 	
0.275	0.311017 	-0.173738 	0.537095 	0.175618 	-1.45123 	-0.241947 	
0.28	0.311046 	-0.173738 	0.5371 	0.175618 	-1.45123 	-0.241947 	
0.285	0.311076 	-0.173739 	0.537106 	0.175618 	-1.45123 	-0.241947 	
0.29	0.311105 	-0.173739 	0.537111 	0.175618 	-1.45123 	-0.241947 	
0.295	0.311136 	-0.17374 	0.537117 	0.175618 	-1.45123 	-0.241947 	
0.3	0.311167 	-0.17374 	0.537122 	0.175618 	-1.45123 	-0.241947 	
0.305	0.311198 	-0.173741 	0.537128 	0.175618 	-1.45123 	-0.241947 	
0.31	0.31123 	-0.173741 	0.537134 	0.175618 	-1.45123 	-0.241947 	
0.315	0.3112 	-0.173727 	0.537121 	0.174005 	-1.4501 	-0.239725 	
0.32	0.311233 	-0.173728 	0.537127 	0.174005 	-1.4501 	-0.239725 	
0.325	0.311266 	-0.173728 	0.537134 	0.174005 	-1.4501 	-0.239725 	
0.33	0.3113 	-0.173729 	0.53714 	0.174005 	-1.4501 	-0.239725 	
0.335	0.311334 	-0.173729 	0.537146 	0.174005 	-1.4501 	-0.239725 	
0.34	0.311369 	-0.17373 	0.537153 	0.174005 	-1.4501 	-0.239725 	
0.345	0.311404 	-0.17373 	0.537159 	0.174005 	-1.4501 	-0.239725 	
0.35	0.311379 	-0.173717 	0.537147 	0.172425 	-1.44899 	-0.237548 	
0.355	0.311416 	-0.173717 	0.537154 	0.172425 	-1.44899 	-0.237548 	
0.36	0.311452 	-0.173718 	0.537161 	0.172425 	-1.44899 	-0.237548 	
0.365	0.31149 	-0.173719 	0.537168 	0.172425 	-1.44899 	-0.237548 	
0.37	0.311527 	-0.173719 	0.537175 	0.172425 	-1.44899 	-0.237548 	
0.375	0.311566 	-0.17372 	0.537182 	0.172425 	-1.44899 	-0.237548 	
0.38	0.311604 	-0.17372 	0.537189 	0.172425 	-1.44899 	-0.237548 	
0.385	0.311577 	-0.173706 	0.537176 	0.170708 	-1.44779 	-0.235182 	
0.39	0.311617 	-0.173706 	0.537184 	0.170708 	-1.44779 	-0.235182 	
0.395	0.311657 	-0.173707 	0.537191 	0.170708 	-1.44779 	-0.235182 	
0.4	0.311698 	-0.173707 	0.537198 	0.170708 	-1.44779 	-0.235182 	
0.405	0.311739 	-0.173708 	0.537206 	0.170708 	-1.44779 	-0.235182 	
0.41	0.311781 	-0.173708 	0.537214 	0.170708 	-1.44779 	-0.235182 	
0.415	0.31176 	-0.173695 	0.537203 	0.169088 	-1.44665 	-0.232951 	
0.42	0.311803 	-0.173696 	0.537211 	0.169088 	-1.44665 	-0.232951 	
0.425	0.311846 	-0.173696 	0.537218 	0.169089 	-1.44665 	-0.232951 	
0.43	0.311889 	-0.173697 	0.537226 	0.169089 	-1.44665 	-0.232951 	
0.435	0.311933 	-0.173697 	0.537235 	0.169089 	-1.44665 	-0.232951 	
0.44	0.311978 	-0.173698 	0.537243 	0.169089 	-1.44665 	-0.232951 	
0.445	0.311956 	-0.173684 	0.537231 	0.16738 	-1.44546 	-0.230597 	
0.45	0.312002 	-0.173685 	0.53724 	0.16738 	-1.44546 	-0.230597 	
0.455	0.312047 	-0.173685 	0.537248 	0.16738 	-1.44546 	-0.230597 	
0.46	0.312094 	-0.173686 	0.537257 	0.16738 	-1.44546 	-0.230597 	
0.465	0.312141 	-0.173686 	0.537265 	0.16738 	-1.44546 	-0.230597 	
0.47	0.312188 	-0.173687 	0.537274 	0.16738 	-1.44546 	-0.230597 	
0.475	0.312165 	-0.173672 	0.537262 	0.165564 	-1.44418 	-0.228096 	
0.48	0.312213 	-0.173673 	0.537271 	0.165564 	-1.44418 	-0.228096 	
0.485	0.312262 	-0.173673 	0.537279 	0.165564 	-1.44418 	-0.228096 	
0.49	0.312311 	-0.173674 	0.537288 	0.165564 	-1.44418 	-0.228096 	
0.495	0.31236 	-0.173674 	0.537297 	0.165564 	-1.44418 	-0.228096 	
0.5	0.312347 	-0.173662 	0.537288 	0.163939 	-1.44304 	-0.225857 	
0.505	0.312397 	-0.173662 	0.537297 	0.163939 	-1.44304 	-0.225857 	
0.51	0.312448 	-0.173663 	0.537307 	0.163939 	-1.44304 	-0.225857 	
0.515	0.312499 	-0.173663 	0.537316 	0.163939 	-1.44304 	-0.225857 	
0.52	0.312551 	-0.173664 	0.537325 	0.163939 	-1.44304 	-0.225857 	
0.525	0.312538 	-0.173651 	0.537316 	0.162268 	-1.44187 	-0.223555 	
0.53	0.312591 	-0.173651 	0.537325 	0.162268 	-1.44187 	-0.223555 	
0.535	0.312643 	-0.173652 	0.537335 	0.162268 	-1.44187 	-0.223555 	
0.54	0.312697 	-0.173652 	0.537345 	0.162268 	-1.44187 	-0.223555 	
0.545	0.312751 	-0.173653 	0.537355 	0.162268 	-1.44187 	-0.223555 	
0.55	0.312737 	-0.17364 	0.537345 	0.16053 	-1.44065 	-0.22116 	
0.555	0.312792 	-0.17364 	0.537355 	0.16053 	-1.44065 	-0.22116 	
0.56	0.312847 	-0.17364 	0.537365 	0.16053 	-1.44065 	-0.22116 	
0.565	0.312902 	-0.173641 	0.537375 	0.16053 	-1.44065 	-0.22116 	
0.57	0.312958 	-0.173641 	0.537385 	0.16053 	-1.44065 	-0.22116 	
0.575	0.312944 	-0.173628 	0.537375 	0.158723 	-1.43939 	-0.21867 	
0.58	0.313001 	-0.173628 	0.537385 	0.158723 	-1.43939 	-0.21867 	
0.585	0.313058 	-0.173629 	0.537396 	0.158723 	-1.43939 	-0.21867 	
0.59	0.313116 	-0.173629 	0.537406 	0.158723 	-1.43939 	-0.21867 	
0.595	0.313174 	-0.173629 	0.537417 	0.158723 	-1.43939 	-0.21867 	
0.6	0.313159 	-0.173616 	0.537406 	0.156849 	-1.43807 	-0.216089 	
0.605	0.313218 	-0.173616 	0.537417 	0.156849 	-1.43807 	-0.216089 	
0.61	0.313277 	-0.173616 	0.537428 	0.156849 	-1.43807 	-0.216089 	
0.615	0.313336 	-0.173617 	0.537439 	0.156849 	-1.43807 	-0.216089 	
0.62	0.313335 	-0.173605 	0.537432 	0.155264 	-1.43696 	-0.213905 	
0.625	0.313395 	-0.173606 	0.537443 	0.155264 	-1.43696 	-0.213905 	
0.63	0.313456 	-0.173606 	0.537454 	0.155264 	-1.43696 	-0.213905 	
0.635	0.313517 	-0.173606 	0.537465 	0.155264 	-1.43696 	-0.213905 	
0.64	0.313516 	-0.173595 	0.537458 	0.153672 	-1.43585 	-0.211712 	
0.645	0.313578 	-0.173595 	0.537469 	0.153672 	-1.43585 	-0.211712 	
0.65	0.31364 	-0.173595 	0.537481 	0.153672 	-1.43585 	-0.211712 	
0.655	0.313703 	-0.173596 	0.537492 	0.153672 	-1.43585 	-0.211712 	
0.66	0.313702 	-0.173585 	0.537485 	0.152044 	-1.4347 	-0.209469 	
0.665	0.313766 	-0.173585 	0.537497 	0.152044 	-1.4347 	-0.209469 	
0.67	0.313829 	-0.173585 	0.537508 	0.152044 	-1.4347 	-0.209469 	
0.675	0.313893 	-0.173585 	0.53752 	0.152044 	-1.4347 	-0.209469 	
0.68	0.313893 	-0.173574 	0.537513 	0.150377 	-1.43353 	-0.207173 	
0.685	0.313958 	-0.173574 	0.537525 	0.150377 	-1.43353 	-0.207173 	
0.69	0.314023 	-0.173574 	0.537536 	0.150377 	-1.43353 	-0.207173 	
0.695	0.314088 	-0.173574 	0.537548 	0.150377 	-1.43353 	-0.207173 	
0.7	0.314088 	-0.173563 	0.537541 	0.148673 	-1.43234 	-0.204825 	
0.705	0.314154 	-0.173563 	0.537553 	0.148673 	-1.43234 	-0.204825 	
0.71	0.314221 	-0.173562 	0.537565 	0.148673 	-1.43234 	-0.204825 	
0.715	0.314288 	-0.173562 	0.537577 	0.148673 	-1.43234 	-0.204825 	
0.72	0.314287 	-0.173551 	0.53757 	0.146932 	-1.43112 	-0.202427 	
0.725	0.314354 	-0.173551 	0.537582 	0.146932 	-1.43112 	-0.202427 	
0.73	0.314422 	-0.173551 	0.537595 	0.146932 	-1.43112 	-0.202427 	
0.735	0.314491 	-0.173551 	0.537607 	0.146932 	-1.43112 	-0.202427 	
0.74	0.31449 	-0.17354 	0.5376 	0.145156 	-1.42987 	-0.199979 	
0.745	0.314559 	-0.17354 	0.537612 	0.145156 	-1.42987 	-0.199979 	
0.75	0.314628 	-0.173539 	0.537625 	0.145156 	-1.42987 	-0.199979 	
0.755	0.314698 	-0.173539 	0.537637 	0.145156 	-1.42987 	-0.199979 	
0.76	0.314697 	-0.173528 	0.53763 	0.143345 	-1.4286 	-0.197485 	
0.765	0.314767 	-0.173528 	0.537642 	0.143345 	-1.4286 	-0.197485 	
0.77	0.314837 	-0.173527 	0.537655 	0.143345 	-1.4286 	-0.197485 	
0.775	0.314908 	-0.173527 	0.537668 	0.143345 	-1.4286 	-0.197485 	
0.78	0.314907 	-0.173516 	0.53766 	0.141501 	-1.42731 	-0.194944 	
0.785	0.314979 	-0.173516 	0.537673 	0.141501 	-1.42731 	-0.194944 	
0.79	0.315051 	-0.173515 	0.537686 	0.141501 	-1.42731 	-0.194944 	
0.795	0.315123 	-0.173515 	0.537699 	0.141501 	-1.42731 	-0.194944 	
0.8	0.315122 	-0.173504 	0.537692 	0.139625 	-1.426 	-0.19236 	
0.805	0.315194 	-0.173503 	0.537705 	0.139625 	-1.426 	-0.19236 	
0.81	0.315267 	-0.173503 	0.537718 	0.139625 	-1.426 	-0.19236 	
0.815	0.315341 	-0.173502 	0.537731 	0.139625 	-1.426 	-0.19236 	
0.82	0.315339 	-0.173491 	0.537723 	0.137718 	-1.42466 	-0.189732 	
0.825	0.315413 	-0.173491 	0.537737 	0.137718 	-1.42466 	-0.189732 	
0.83	0.315488 	-0.17349 	0.53775 	0.137718 	-1.42466 	-0.189732 	
0.835	0.315562 	-0.17349 	0.537763 	0.137718 	-1.42466 	-0.189732 	
0.84	0.315561 	-0.173479 	0.537756 	0.135781 	-1.4233 	-0.187064 	
0.845	0.315636 	-0.173478 	0.537769 	0.135781 	-1.4233 	-0.187064 	
0.85	0.315711 	-0.173477 	0.537782 	0.135781 	-1.4233 	-0.187064 	
0.855	0.315787 	-0.173477 	0.537796 	0.135781 	-1.4233 	-0.187064 	
0.86	0.315785 	-0.173466 	0.537788 	0.133816 	-1.42192 	-0.184357 	
0.865	0.315861 	-0.173465 	0.537802 	0.133816 	-1.42192 	-0.184357 	
0.87	0.315938 	-0.173464 	0.537815 	0.133816 	-1.42192 	-0.184357 	
0.875	0.316014 	-0.173464 	0.537829 	0.133816 	-1.42192 	-0.184357 	
0.88	0.316013 	-0.173453 	0.537821 	0.131824 	-1.42053 	-0.181612 	
0.885	0.31609 	-0.173452 	0.537835 	0.131824 	-1.42053 	-0.181612 	
0.89	0.316167 	-0.173451 	0.537849 	0.131824 	-1.42053 	-0.181612 	
0.895	0.316183 	-0.173443 	0.537846 	0.130261 	-1.41943 	-0.179459 	
0.9	0.316261 	-0.173442 	0.53786 	0.130261 	-1.41943 	-0.179459 	
0.905	0.316339 	-0.173441 	0.537873 	0.130261 	-1.41943 	-0.179459 	
0.91	0.316418 	-0.17344 	0.537887 	0.130261 	-1.41943 	-0.179459 	
0.915	0.316418 	-0.17343 	0.53788 	0.12827 	-1.41803 	-0.176715 	
0.92	0.316496 	-0.173429 	0.537894 	0.12827 	-1.41803 	-0.176715 	
0.925	0.316575 	-0.173428 	0.537908 	0.12827 	-1.41803 	-0.176715 	
0.93	0.316592 	-0.17342 	0.537905 	0.126678 	-1.41692 	-0.174523 	
0.935	0.316671 	-0.173419 	0.537919 	0.126678 	-1.41692 	-0.174523 	
0.94	0.316751 	-0.173417 	0.537933 	0.126678 	-1.41692 	-0.174523 	
0.945	0.316769 	-0.17341 	0.537931 	0.125116 	-1.41582 	-0.172371 	
0.95	0.316849 	-0.173408 	0.537945 	0.125116 	-1.41582 	-0.172371 	
0.955	0.31693 	-0.173407 	0.537959 	0.125116 	-1.41582 	-0.172371 	
0.96	0.316948 	-0.173399 	0.537957 	0.123547 	-1.41472 	-0.170209 	
0.965	0.317029 	-0.173398 	0.537971 	0.123547 	-1.41472 	-0.170209 	
0.97	0.31711 	-0.173397 	0.537986 	0.123547 	-1.41472 	-0.170209 	
0.975	0.317129 	-0.173389 	0.537983 	0.121966 	-1.41361 	-0.168031 	
0.98	0.31721 	-0.173388 	0.537998 	0.121966 	-1.41361 	-0.168031 	
0.985	0.317292 	-0.173386 	0.538012 	0.121966 	-1.41361 	-0.168031 	
0.99	0.31731 	-0.173379 	0.53801 	0.120373 	-1.4125 	-0.165837 	
0.995	0.317392 	-0.173377 	0.538024 	0.120373 	-1.4125 	-0.165837 	
1	0.317474 	-0.173376 	0.538039 	0.120373 	-1.4125 	-0.165837 	
1.005	0.317493 	-0.173368 	0.538036 	0.118771 	-1.41137 	-0.163629 	
1.01	0.317576 	-0.173367 	0.538051 	0.118771 	-1.41137 	-0.163629 	
1.015	0.317658 	-0.173365 	0.538065 	0.118771 	-1.41137 	-0.163629 	
1.02	0.317677 	-0.173358 	0.538063 	0.117158 	-1.41024 	-0.161407 	
1.025	0.31776 	-0.173356 	0.538078 	0.117158 	-1.41024 	-0.161407 	
1.03	0.317843 	-0.173354 	0.538092 	0.117158 	-1.41024 	-0.161407 	
1.035	0.317862 	-0.173347 	0.53809 	0.115535 	-1.40911 	-0.159172 	
1.04	0.317946 	-0.173346 	0.538105 	0.115535 	-1.40911 	-0.159172 	
1.045	0.318029 	-0.173344 	0.538119 	0.115535 	-1.40911 	-0.159172 	
1.05	0.318048 	-0.173337 	0.538117 	0.113904 	-1.40796 	-0.156924 	
1.055	0.318132 	-0.173335 	0.538132 	0.113904 	-1.40796 	-0.156924 	
1.06	0.318216 	-0.173333 	0.538146 	0.113904 	-1.40796 	-0.156924 	
1.065	0.318235 	-0.173326 	0.538144 	0.112264 	-1.40681 	-0.154665 	
1.07	0.318319 	-0.173324 	0.538159 	0.112264 	-1.40681 	-0.154665 	
1.075	0.318404 	-0.173322 	0.538174 	0.112264 	-1.40681 	-0.154665 	
1.08	0.318423 	-0.173316 	0.538172 	0.110617 	-1.40566 	-0.152396 	
1.085	0.318508 	-0.173313 	0.538186 	0.110617 	-1.40566 	-0.152396 	
1.09	0.318592 	-0.173311 	0.538201 	0.110617 	-1.40566 	-0.152396 	
1.095	0.318612 	-0.173305 	0.538199 	0.108963 	-1.4045 	-0.150116 	
1.1	0.318697 	-0.173302 	0.538214 	0.108963 	-1.4045 	-0.150116 	
1.105	0.318782 	-0.1733 	0.538229 	0.108963 	-1.4045 	-0.150116 	
1.11	0.318801 	-0.173294 	0.538227 	0.107301 	-1.40333 	-0.147828 	
1.115	0.318886 	-0.173292 	0.538241 	0.107301 	-1.40333 	-0.147828 	
1.12	0.318972 	-0.173289 	0.538256 	0.107301 	-1.40333 	-0.147828 	
1.125	0.318991 	-0.173283 	0.538254 	0.105634 	-1.40216 	-0.145531 	
1.13	0.319077 	-0.173281 	0.538269 	0.105634 	-1.40216 	-0.145531 	
1.135	0.319162 	-0.173278 	0.538284 	0.105634 	-1.40216 	-0.145531 	
1.14	0.319182 	-0.173272 	0.538282 	0.103962 	-1.40099 	-0.143227 	
1.145	0.319268 	-0.17327 	0.538297 	0.103962 	-1.40099 	-0.143227 	
1.15	0.319354 	-0.173267 	0.538312 	0.103962 	-1.40099 	-0.143227 	
1.155	0.319373 	-0.173261 	0.53831 	0.102284 	-1.39981 	-0.140916 	
1.16	0.319459 	-0.173259 	0.538325 	0.102284 	-1.39981 	-0.140916 	
1.165	0.319545 	-0.173256 	0.538339 	0.102284 	-1.39981 	-0.140916 	
1.17	0.319565 	-0.17325 	0.538338 	0.100603 	-1.39864 	-0.138599 	
1.175	0.319651 	-0.173248 	0.538352 	0.100603 	-1.39864 	-0.138599 	
1.18	0.319737 	-0.173245 	0.538367 	0.100603 	-1.39864 	-0.138599 	
1.185	0.319757 	-0.17324 	0.538366 	0.0989176 	-1.39745 	-0.136278 	
1.19	0.319843 	-0.173237 	0.53838 	0.0989176 	-1.39745 	-0.136278 	
1.195	0.31993 	-0.173234 	0.538395 	0.0989176 	-1.39745 	-0.136278 	
1.2	0.319949 	-0.173229 	0.538393 	0.0972293 	-1.39627 	-0.133952 	
1.205	0.320036 	-0.173225 	0.538408 	0.0972293 	-1.39627 	-0.133952 	
1.21	0.320122 	-0.173222 	0.538423 	0.0972293 	-1.39627 	-0.133952 	
1.215	0.320142 	-0.173218 	0.538422 	0.0955386 	-1.39508 	-0.131622 	
1.22	0.320229 	-0.173214 	0.538436 	0.0955386 	-1.39508 	-0.131622 	
1.225	0.320315 	-0.173211 	0.538451 	0.0955386 	-1.39508 	-0.131622 	
1.23	0.320335 	-0.173207 	0.53845 	0.093846 	-1.3939 	-0.12929 	
1.235	0.320422 	-0.173203 	0.538464 	0.093846 	-1.3939 	-0.12929 	
1.24	0.320508 	-0.1732 	0.538479 	0.093846 	-1.3939 	-0.12929 	
1.245	0.320528 	-0.173196 	0.538478 	0.0921521 	-1.39271 	-0.126957 	
1.25	0.320615 	-0.173192 	0.538492 	0.0921521 	-1.39271 	-0.126957 	
1.255	0.320702 	-0.173189 	0.538507 	0.0921521 	-1.39271 	-0.126957 	
1.26	0.320721 	-0.173185 	0.538506 	0.0904576 	-1.39152 	-0.124622 	
1.265	0.320808 	-0.173181 	0.538521 	0.0904576 	-1.39152 	-0.124622 	
1.27	0.320895 	-0.173178 	0.538535 	0.0904576 	-1.39152 	-0.124622 	
1.275	0.320914 	-0.173174 	0.538534 	0.088763 	-1.39033 	-0.122288 	
1.28	0.321001 	-0.17317 	0.538549 	0.088763 	-1.39033 	-0.122288 	
1.285	0.321088 	-0.173166 	0.538563 	0.088763 	-1.39033 	-0.122288 	
1.29	0.321107 	-0.173163 	0.538562 	0.0870689 	-1.38915 	-0.119954 	
1.295	0.321194 	-0.173159 	0.538577 	0.0870689 	-1.38915 	-0.119954 	
1.3	0.321281 	-0.173155 	0.538591 	0.0870689 	-1.38915 	-0.119954 	
1.305	0.3213 	-0.173152 	0.53859 	0.085376 	-1.38796 	-0.117621 	
1.31	0.321387 	-0.173148 	0.538605 	0.085376 	-1.38796 	-0.117621 	
1.315	0.321473 	-0.173144 	0.538619 	0.085376 	-1.38796 	-0.117621 	
1.32	0.321493 	-0.173141 	0.538618 	0.0836848 	-1.38677 	-0.115291 	
1.325	0.321579 	-0.173137 	0.538633 	0.0836848 	-1.38677 	-0.115291 	
1.33	0.321666 	-0.173133 	0.538647 	0.0836848 	-1.38677 	-0.115291 	
1.335	0.321685 	-0.17313 	0.538646 	0.0819959 	-1.38559 	-0.112965 	
1.34	0.321772 	-0.173126 	0.538661 	0.0819959 	-1.38559 	-0.112965 	
1.345	0.321858 	-0.173122 	0.538675 	0.0819959 	-1.38559 	-0.112965 	
1.35	0.321877 	-0.173119 	0.538674 	0.0803099 	-1.38441 	-0.110642 	
1.355	0.321963 	-0.173115 	0.538688 	0.0803099 	-1.38441 	-0.110642 	
1.36	0.32205 	-0.17311 	0.538703 	0.0803099 	-1.38441 	-0.110642 	
1.365	0.322069 	-0.173108 	0.538702 	0.0786274 	-1.38323 	-0.108324 	
1.37	0.322155 	-0.173104 	0.538716 	0.0786274 	-1.38323 	-0.108324 	
1.375	0.322241 	-0.173099 	0.538731 	0.0786274 	-1.38323 	-0.108324 	
1.38	0.32226 	-0.173097 	0.538729 	0.076949 	-1.38205 	-0.106012 	
1.385	0.322346 	-0.173093 	0.538744 	0.076949 	-1.38205 	-0.106012 	
1.39	0.322432 	-0.173088 	0.538758 	0.076949 	-1.38205 	-0.106012 	
1.395	0.322451 	-0.173086 	0.538757 	0.0752753 	-1.38088 	-0.103706 	
1.4	0.322536 	-0.173082 	0.538772 	0.0752753 	-1.38088 	-0.103706 	
1.405	0.322622 	-0.173077 	0.538786 	0.0752753 	-1.38088 	-0.103706 	
1.41	0.322641 	-0.173075 	0.538785 	0.0736069 	-1.37971 	-0.101407 	
1.415	0.322726 	-0.173071 	0.538799 	0.0736069 	-1.37971 	-0.101407 	
1.42	0.322811 	-0.173066 	0.538813 	0.0736069 	-1.37971 	-0.101407 	
1.425	0.32283 	-0.173064 	0.538812 	0.0719444 	-1.37854 	-0.0991169 	
1.43	0.322915 	-0.17306 	0.538827 	0.0719444 	-1.37854 	-0.0991169 	
1.435	0.323 	-0.173055 	0.538841 	0.0719444 	-1.37854 	-0.0991169 	
1.44	0.323019 	-0.173054 	0.53884 	0.0702883 	-1.37738 	-0.0968353 	
1.445	0.323103 	-0.173049 	0.538854 	0.0702883 	-1.37738 	-0.0968353 	
1.45	0.323188 	-0.173044 	0.538868 	0.0702883 	-1.37738 	-0.0968353 	
1.455	0.323206 	-0.173043 	0.538867 	0.0686393 	-1.37622 	-0.0945635 	
1.46	0.323291 	-0.173038 	0.538881 	0.0686393 	-1.37622 	-0.0945635 	
1.465	0.323375 	-0.173034 	0.538895 	0.0686393 	-1.37622 	-0.0945635 	
1.47	0.323393 	-0.173032 	0.538894 	0.0669979 	-1.37507 	-0.0923021 	
1.475	0.323477 	-0.173028 	0.538908 	0.0669979 	-1.37507 	-0.0923021 	
1.48	0.323561 	-0.173023 	0.538922 	0.0669979 	-1.37507 	-0.0923021 	
1.485	0.323579 	-0.173022 	0.538921 	0.0653647 	-1.37393 	-0.0900521 	
1.49	0.323663 	-0.173017 	0.538935 	0.0653647 	-1.37393 	-0.0900521 	
1.495	0.323746 	-0.173012 	0.538949 	0.0653647 	-1.37393 	-0.0900521 	
1.5	0.323764 	-0.173011 	0.538948 	0.0637403 	-1.37279 	-0.0878141 	
1.505	0.323847 	-0.173006 	0.538962 	0.0637403 	-1.37279 	-0.0878141 	
1.51	0.32393 	-0.173001 	0.538976 	0.0637403 	-1.37279 	-0.0878141 	
1.515	0.323948 	-0.173001 	0.538975 	0.0621252 	-1.37166 	-0.085589 	
1.52	0.32403 	-0.172996 	0.538989 	0.0621252 	-1.37166 	-0.085589 	
1.525	0.324113 	-0.172991 	0.539002 	0.0621252 	-1.37166 	-0.085589 	
1.53	0.324131 	-0.17299 	0.539001 	0.06052 	-1.37053 	-0.0833776 	
1.535	0.324213 	-0.172985 	0.539015 	0.06052 	-1.37053 	-0.0833776 	
1.54	0.324294 	-0.17298 	0.539029 	0.06052 	-1.37053 	-0.0833776 	
1.545	0.324312 	-0.17298 	0.539028 	0.0589253 	-1.36941 	-0.0811806 	
1.55	0.324394 	-0.172975 	0.539041 	0.0589253 	-1.36941 	-0.0811806 	
1.555	0.324475 	-0.17297 	0.539055 	0.0589253 	-1.36941 	-0.0811806 	
1.56	0.324493 	-0.17297 	0.539054 	0.0573417 	-1.3683 	-0.0789989 	
1.565	0.324573 	-0.172965 	0.539067 	0.0573417 	-1.3683 	-0.0789989 	
1.57	0.324654 	-0.172959 	0.539081 	0.0573417 	-1.3683 	-0.0789989 	
1.575	0.324671 	-0.172959 	0.53908 	0.0557697 	-1.3672 	-0.0768331 	
1.58	0.324752 	-0.172954 	0.539093 	0.0557697 	-1.3672 	-0.0768331 	
1.585	0.324832 	-0.172949 	0.539106 	0.0557697 	-1.3672 	-0.0768331 	
1.59	0.324849 	-0.172949 	0.539106 	0.0542098 	-1.36611 	-0.0746841 	
1.595	0.324929 	-0.172944 	0.539119 	0.0542098 	-1.36611 	-0.0746841 	
1.6	0.325008 	-0.172939 	0.539132 	0.0542098 	-1.36611 	-0.0746841 	
1.605	0.325025 	-0.172939 	0.539131 	0.0526626 	-1.36502 	-0.0725526 	
1.61	0.325104 	-0.172934 	0.539144 	0.0526626 	-1.36502 	-0.0725526 	
1.615	0.325182 	-0.172929 	0.539157 	0.0526626 	-1.36502 	-0.0725526 	
1.62	0.3252 	-0.172929 	0.539157 	0.0511287 	-1.36395 	-0.0704394 	
1.625	0.325278 	-0.172924 	0.53917 	0.0511287 	-1.36395 	-0.0704394 	
1.63	0.325356 	-0.172919 	0.539182 	0.0511287 	-1.36395 	-0.0704394 	
1.635	0.325433 	-0.172914 	0.539195 	0.0511287 	-1.36395 	-0.0704394 	
1.64	0.325432 	-0.172916 	0.539191 	0.0491571 	-1.36256 	-0.067723 	
1.645	0.325509 	-0.172911 	0.539203 	0.0491571 	-1.36256 	-0.067723 	
1.65	0.325586 	-0.172905 	0.539216 	0.0491571 	-1.36256 	-0.067723 	
1.655	0.325601 	-0.172906 	0.539215 	0.0476095 	-1.36148 	-0.0655909 	
1.66	0.325677 	-0.172901 	0.539228 	0.0476095 	-1.36148 	-0.0655909 	
1.665	0.325753 	-0.172896 	0.53924 	0.0476095 	-1.36148 	-0.0655909 	
1.67	0.325829 	-0.17289 	0.539252 	0.0476095 	-1.36148 	-0.0655909 	
1.675	0.325828 	-0.172893 	0.539248 	0.0456779 	-1.36012 	-0.0629297 	
1.68	0.325903 	-0.172888 	0.539261 	0.0456779 	-1.36012 	-0.0629297 	
1.685	0.325978 	-0.172883 	0.539273 	0.0456779 	-1.36012 	-0.0629297 	
1.69	0.326053 	-0.172877 	0.539285 	0.0456779 	-1.36012 	-0.0629297 	
1.695	0.32605 	-0.172881 	0.539281 	0.0437322 	-1.35876 	-0.0602491 	
1.7	0.326124 	-0.172875 	0.539293 	0.0437322 	-1.35876 	-0.0602491 	
1.705	0.326198 	-0.17287 	0.539305 	0.0437322 	-1.35876 	-0.0602491 	
1.71	0.326271 	-0.172865 	0.539317 	0.0437322 	-1.35876 	-0.0602491 	
1.715	0.326268 	-0.172868 	0.539312 	0.0418113 	-1.35741 	-0.0576027 	
1.72	0.326341 	-0.172863 	0.539324 	0.0418113 	-1.35741 	-0.0576027 	
1.725	0.326414 	-0.172858 	0.539336 	0.0418113 	-1.35741 	-0.0576027 	
1.73	0.326486 	-0.172852 	0.539348 	0.0418113 	-1.35741 	-0.0576027 	
1.735	0.326483 	-0.172856 	0.539344 	0.0399204 	-1.35609 	-0.0549976 	
1.74	0.326555 	-0.172851 	0.539355 	0.0399204 	-1.35609 	-0.0549976 	
1.745	0.326626 	-0.172845 	0.539367 	0.0399204 	-1.35609 	-0.0549976 	
1.75	0.326698 	-0.17284 	0.539378 	0.0399204 	-1.35609 	-0.0549976 	
1.755	0.326694 	-0.172844 	0.539374 	0.0380609 	-1.35478 	-0.0524358 	
1.76	0.326765 	-0.172839 	0.539386 	0.0380609 	-1.35478 	-0.0524358 	
1.765	0.326835 	-0.172833 	0.539397 	0.0380609 	-1.35478 	-0.0524358 	
1.77	0.326905 	-0.172828 	0.539408 	0.0380609 	-1.35478 	-0.0524358 	
1.775	0.326902 	-0.172832 	0.539404 	0.0362341 	-1.3535 	-0.0499191 	
1.78	0.326971 	-0.172827 	0.539416 	0.0362341 	-1.3535 	-0.0499191 	
1.785	0.32704 	-0.172821 	0.539427 	0.0362341 	-1.3535 	-0.0499191 	
1.79	0.327109 	-0.172816 	0.539438 	0.0362341 	-1.3535 	-0.0499191 	
1.795	0.327106 	-0.172821 	0.539434 	0.0344412 	-1.35225 	-0.0474491 	
1.8	0.327174 	-0.172815 	0.539445 	0.0344412 	-1.35225 	-0.0474491 	
1.805	0.327241 	-0.17281 	0.539456 	0.0344412 	-1.35225 	-0.0474491 	
1.81	0.327308 	-0.172805 	0.539467 	0.0344412 	-1.35225 	-0.0474491 	
1.815	0.327305 	-0.172809 	0.539463 	0.0326833 	-1.35101 	-0.0450272 	
1.82	0.327372 	-0.172804 	0.539474 	0.0326833 	-1.35101 	-0.0450272 	
1.825	0.327438 	-0.172799 	0.539484 	0.0326833 	-1.35101 	-0.0450272 	
1.83	0.327504 	-0.172793 	0.539495 	0.0326833 	-1.35101 	-0.0450272 	
1.835	0.327501 	-0.172798 	0.539492 	0.0309615 	-1.34981 	-0.0426551 	
1.84	0.327566 	-0.172793 	0.539502 	0.0309615 	-1.34981 	-0.0426551 	
1.845	0.327631 	-0.172788 	0.539512 	0.0309615 	-1.34981 	-0.0426551 	
1.85	0.327695 	-0.172782 	0.539523 	0.0309615 	-1.34981 	-0.0426551 	
1.855	0.327692 	-0.172787 	0.539519 	0.0292768 	-1.34863 	-0.0403341 	
1.86	0.327756 	-0.172782 	0.53953 	0.0292768 	-1.34863 	-0.0403341 	
1.865	0.327819 	-0.172777 	0.53954 	0.0292768 	-1.34863 	-0.0403341 	
1.87	0.327882 	-0.172771 	0.53955 	0.0292768 	-1.34863 	-0.0403341 	
1.875	0.327879 	-0.172777 	0.539547 	0.0276303 	-1.34747 	-0.0380658 	
1.88	0.327941 	-0.172771 	0.539556 	0.0276303 	-1.34747 	-0.0380658 	
1.885	0.328003 	-0.172766 	0.539566 	0.0276303 	-1.34747 	-0.0380658 	
1.89	0.328065 	-0.172761 	0.539576 	0.0276303 	-1.34747 	-0.0380658 	
1.895	0.328062 	-0.172766 	0.539573 	0.0260231 	-1.34634 	-0.0358516 	
1.9	0.328122 	-0.172761 	0.539583 	0.0260231 	-1.34634 	-0.0358516 	
1.905	0.328183 	-0.172756 	0.539592 	0.0260231 	-1.34634 	-0.0358516 	
1.91	0.328242 	-0.172751 	0.539602 	0.0260231 	-1.34634 	-0.0358516 	
1.915	0.32824 	-0.172756 	0.539599 	0.0244562 	-1.34525 	-0.0336928 	
1.92	0.328299 	-0.172751 	0.539608 	0.0244562 	-1.34525 	-0.0336928 	
1.925	0.328357 	-0.172746 	0.539618 	0.0244562 	-1.34525 	-0.0336928 	
1.93	0.328415 	-0.172741 	0.539627 	0.0244562 	-1.34525 	-0.0336928 	
1.935	0.328413 	-0.172746 	0.539624 	0.0229304 	-1.34418 	-0.0315909 	
1.94	0.32847 	-0.172741 	0.539633 	0.0229304 	-1.34418 	-0.0315909 	
1.945	0.328527 	-0.172736 	0.539642 	0.0229304 	-1.34418 	-0.0315909 	
1.95	0.328584 	-0.172731 	0.539651 	0.0229304 	-1.34418 	-0.0315909 	
1.955	0.32864 	-0.172726 	0.53966 	0.0229304 	-1.34418 	-0.0315909 	
1.96	0.328624 	-0.172734 	0.539655 	0.0211211 	-1.34291 	-0.0290981 	
1.965	0.328679 	-0.172729 	0.539664 	0.0211211 	-1.34291 	-0.0290981 	
1.97	0.328734 	-0.172724 	0.539672 	0.0211211 	-1.34291 	-0.0290981 	
1.975	0.328789 	-0.172719 	0.539681 	0.0211211 	-1.34291 	-0.0290981 	
1.98	0.328843 	-0.172715 	0.53969 	0.0211211 	-1.34291 	-0.0290981 	
1.985	0.328826 	-0.172723 	0.539684 	0.0193437 	-1.34166 	-0.0266494 	
1.99	0.328879 	-0.172718 	0.539693 	0.0193437 	-1.34166 	-0.0266494 	
1.995	0.328932 	-0.172713 	0.539701 	0.0193437 	-1.34166 	-0.0266494 	
2	0.328984 	-0.172708 	0.539709 	0.0193437 	-1.34166 	-0.0266494 	
2.005	0.329036 	-0.172704 	0.539717 	0.0193437 	-1.34166 	-0.0266494 	
2.01	0.32902 	-0.172712 	0.539712 	0.017632 	-1.34046 	-0.0242913 	
2.015	0.329071 	-0.172707 	0.53972 	0.017632 	-1.34046 	-0.0242913 	
2.02	0.329121 	-0.172702 	0.539728 	0.017632 	-1.34046 	-0.0242913 	
2.025	0.329172 	-0.172698 	0.539736 	0.017632 	-1.34046 	-0.0242913 	
2.03	0.329221 	-0.172693 	0.539744 	0.017632 	-1.34046 	-0.0242913 	
2.035	0.329206 	-0.172701 	0.539739 	0.0159911 	-1.33931 	-0.0220306 	
2.04	0.329254 	-0.172697 	0.539747 	0.0159911 	-1.33931 	-0.0220306 	
2.045	0.329303 	-0.172692 	0.539755 	0.0159911 	-1.33931 	-0.0220306 	
2.05	0.329351 	-0.172688 	0.539762 	0.0159911 	-1.33931 	-0.0220306 	
2.055	0.329398 	-0.172683 	0.53977 	0.0159911 	-1.33931 	-0.0220306 	
2.06	0.329383 	-0.172691 	0.539765 	0.0144229 	-1.33821 	-0.0198701 	
2.065	0.32943 	-0.172687 	0.539772 	0.0144229 	-1.33821 	-0.0198701 	
2.07	0.329476 	-0.172682 	0.53978 	0.0144229 	-1.33821 	-0.0198701 	
2.075	0.329521 	-0.172678 	0.539787 	0.0144229 	-1.33821 	-0.0198701 	
2.08	0.329566 	-0.172674 	0.539794 	0.0144229 	-1.33821 	-0.0198701 	
2.085	0.329611 	-0.17267 	0.539801 	0.0144229 	-1.33821 	-0.0198701 	
2.09	0.329586 	-0.172679 	0.539795 	0.0126703 	-1.33698 	-0.0174556 	
2.095	0.32963 	-0.172675 	0.539802 	0.0126703 	-1.33698 	-0.0174556 	
2.1	0.329673 	-0.172671 	0.539808 	0.0126703 	-1.33698 	-0.0174556 	
2.105	0.329716 	-0.172667 	0.539815 	0.0126703 	-1.33698 	-0.0174556 	
2.11	0.329758 	-0.172663 	0.539822 	0.0126703 	-1.33698 	-0.0174556 	
2.115	0.3298 	-0.172659 	0.539828 	0.0126703 	-1.33698 	-0.0174556 	
2.12	0.329775 	-0.172668 	0.539822 	0.0109973 	-1.33581 	-0.0151507 	
2.125	0.329816 	-0.172665 	0.539829 	0.0109973 	-1.33581 	-0.0151507 	
2.13	0.329857 	-0.172661 	0.539835 	0.0109973 	-1.33581 	-0.0151507 	
2.135	0.329897 	-0.172657 	0.539841 	0.0109973 	-1.33581 	-0.0151507 	
2.14	0.329936 	-0.172653 	0.539847 	0.0109973 	-1.33581 	-0.0151507 	
2.145	0.329975 	-0.172649 	0.539854 	0.0109973 	-1.33581 	-0.0151507 	
2.15	0.329952 	-0.172659 	0.539848 	0.00943304 	-1.33471 	-0.0129956 	
2.155	0.32999 	-0.172655 	0.539854 	0.00943304 	-1.33471 	-0.0129956 	
2.16	0.330027 	-0.172651 	0.53986 	0.00943304 	-1.33471 	-0.0129956 	
2.165	0.330064 	-0.172648 	0.539865 	0.00943304 	-1.33471 	-0.0129956 	
2.17	0.330101 	-0.172644 	0.539871 	0.00943304 	-1.33471 	-0.0129956 	
2.175	0.330137 	-0.172641 	0.539877 	0.00943304 	-1.33471 	-0.0129956 	
2.18	0.330172 	-0.172637 	0.539882 	0.00943304 	-1.33471 	-0.0129956 	
2.185	0.330142 	-0.172648 	0.539876 	0.00777741 	-1.33355 	-0.0107147 	
2.19	0.330176 	-0.172644 	0.539881 	0.00777741 	-1.33355 	-0.0107147 	
2.195	0.33021 	-0.172641 	0.539886 	0.00777741 	-1.33355 	-0.0107147 	
2.2	0.330244 	-0.172638 	0.539891 	0.00777741 	-1.33355 	-0.0107147 	
2.205	0.330277 	-0.172634 	0.539897 	0.00777741 	-1.33355 	-0.0107147 	
2.21	0.33031 	-0.172631 	0.539902 	0.00777741 	-1.33355 	-0.0107147 	
2.215	0.330342 	-0.172628 	0.539907 	0.00777741 	-1.33355 	-0.0107147 	
2.22	0.330313 	-0.172638 	0.5399 	0.00625483 	-1.33248 	-0.00861705 	
2.225	0.330344 	-0.172635 	0.539905 	0.00625483 	-1.33248 	-0.00861705 	
2.23	0.330375 	-0.172632 	0.53991 	0.00625483 	-1.33248 	-0.00861705 	
2.235	0.330405 	-0.172629 	0.539915 	0.00625483 	-1.33248 	-0.00861705 	
2.24	0.330434 	-0.172626 	0.539919 	0.00625483 	-1.33248 	-0.00861705 	
2.245	0.330463 	-0.172623 	0.539924 	0.00625483 	-1.33248 	-0.00861705 	
2.25	0.330492 	-0.17262 	0.539928 	0.00625483 	-1.33248 	-0.00861705 	
2.255	0.33052 	-0.172617 	0.539933 	0.00625483 	-1.33248 	-0.00861705 	
2.26	0.330487 	-0.172628 	0.539926 	0.00473024 	-1.33141 	-0.00651664 	
2.265	0.330514 	-0.172625 	0.53993 	0.00473024 	-1.33141 	-0.00651664 	
2.27	0.33054 	-0.172623 	0.539934 	0.00473024 	-1.33141 	-0.00651664 	
2.275	0.330566 	-0.17262 	0.539938 	0.00473024 	-1.33141 	-0.00651664 	
2.28	0.330592 	-0.172618 	0.539942 	0.00473024 	-1.33141 	-0.00651664 	
2.285	0.330616 	-0.172615 	0.539946 	0.00473024 	-1.33141 	-0.00651664 	
2.29	0.330641 	-0.172613 	0.53995 	0.00473024 	-1.33141 	-0.00651664 	
2.295	0.330665 	-0.17261 	0.539953 	0.00473024 	-1.33141 	-0.00651664 	
2.3	0.330688 	-0.172608 	0.539957 	0.00473024 	-1.33141 	-0.00651664 	
2.305	0.330711 	-0.172606 	0.53996 	0.00473024 	-1.33141 	-0.00651664 	
2.31	0.33067 	-0.172618 	0.539952 	0.00313474 	-1.3303 	-0.00431852 	
2.315	0.330692 	-0.172615 	0.539956 	0.00313474 	-1.3303 	-0.00431852 	
2.32	0.330713 	-0.172613 	0.539959 	0.00313474 	-1.3303 	-0.00431852 	
2.325	0.330734 	-0.172611 	0.539962 	0.00313474 	-1.3303 	-0.00431852 	
2.33	0.330754 	-0.172609 	0.539965 	0.00313474 	-1.3303 	-0.00431852 	
2.335	0.330773 	-0.172607 	0.539968 	0.00313474 	-1.3303 	-0.00431852 	
2.34	0.330792 	-0.172605 	0.539971 	0.00313474 	-1.3303 	-0.00431852 	
2.345	0.330811 	-0.172603 	0.539974 	0.00313474 	-1.3303 	-0.00431852 	
2.35	0.330829 	-0.172601 	0.539977 	0.00313474 	-1.3303 	-0.00431852 	
2.355	0.330847 	-0.1726 	0.53998 	0.00313474 	-1.3303 	-0.00431852 	
2.36	0.330864 	-0.172598 	0.539982 	0.00313474 	-1.3303 	-0.00431852 	
2.365	0.33088 	-0.172596 	0.539985 	0.00313474 	-1.3303 	-0.00431852 	
2.37	0.330896 	-0.172595 	0.539987 	0.00313474 	-1.3303 	-0.00431852 	
2.375	0.330849 	-0.172607 	0.539978 	0.00155958 	-1.32919 	-0.00214844 	
2.38	0.330864 	-0.172606 	0.539981 	0.00155958 	-1.32919 	-0.00214844 	
2.385	0.330878 	-0.172604 	0.539983 	0.00155958 	-1.32919 	-0.00214844 	
2.39	0.330892 	-0.172603 	0.539985 	0.00155958 	-1.32919 	-0.00214844 	
2.395	0.330905 	-0.172602 	0.539987 	0.00155958 	-1.32919 	-0.00214844 	
2.4	0.330918 	-0.1726 	0.539989 	0.00155958 	-1.32919 	-0.00214844 	
2.405	0.33093 	-0.172599 	0.539991 	0.00155958 	-1.32919 	-0.00214844 	
2.41	0.330942 	-0.172598 	0.539993 	0.00155958 	-1.32919 	-0.00214844 	
2.415	0.330953 	-0.172597 	0.539994 	0.00155958 	-1.32919 	-0.00214844 	
2.42	0.330963 	-0.172596 	0.539996 	0.00155958 	-1.32919 	-0.00214844 	
2.425	0.330973 	-0.172595 	0.539998 	0.00155958 	-1.32919 	-0.00214844 	
2.43	0.330982 	-0.172594 	0.539999 	0.00155958 	-1.32919 	-0.00214844 	
2.435	0.330992 	-0.172593 	0.54 	0.00155958 	-1.32919 	-0.00214844 	
2.44	0.330999 	-0.172592 	0.540002 	0.00155958 	-1.32919 	-0.00214844 	
2.445	0.331007 	-0.172591 	0.540003 	0.00155958 	-1.32919 	-0.00214844 	
2.45	0.331015 	-0.17259 	0.540004 	0.00155958 	-1.32919 	-0.00214844 	
2.455	0.331021 	-0.17259 	0.540005 	0.00155958 	-1.32919 	-0.00214844 	
2.46	0.331028 	-0.172589 	0.540006 	0.00155958 	-1.32919 	-0.00214844 	
2.465	0.331034 	-0.172588 	0.540007 	0.00155958 	-1.32919 	-0.00214844 	
2.47	0.331039 	-0.172588 	0.540008 	0.00155958 	-1.32919 	-0.00214844 	
2.475	0.331043 	-0.172587 	0.540008 	0.00155958 	-1.32919 	-0.00214844 	
2.48	0.331048 	-0.172587 	0.540009 	0.00155958 	-1.32919 	-0.00214844 	
2.485	0.331051 	-0.172587 	0.54001 	0.00155958 	-1.32919 	-0.00214844 	
2.49	0.331054 	-0.172586 	0.54001 	0.00155958 	-1.32919 	-0.00214844 	
2.495	0.331057 	-0.172586 	0.540011 	0.00155958 	-1.32919 	-0.00214844 	
2.5	0.331059 	-0.172586 	0.540011 	0.00155958 	-1.32919 	-0.00214844 	
2.505	0.33106 	-0.172586 	0.540011 	0.00155958 	-1.32919 	-0.00214844 	
2.51	0.33106 	-0.172586 	0.540011 	0.00155958 	-1.32919 	-0.00214844 	
2.515	0.331061 	-0.172586 	0.540011 	0.00155958 	-1.32919 	-0.00214844 	
2.52	0.331061 	-0.172586 	0.540011 	0.00155958 	-1.32919 	-0.00214844 	
2.525	0.331062 	-0.172586 	0.54001 	0.00155958 	-1.32919 	-0.00214844 	
2.53	0.331063 	-0.172586 	0.540009 	0.00155958 	-1.32919 	-0.00214844 	
2.535	0.331064 	-0.172586 	0.540008 	0.00155958 	-1.32919 	-0.00214844 	
2.54	0.331065 	-0.172586 	0.540006 	0.00155958 	-1.32919 	-0.00214844 	
2.545	0.331067 	-0.172586 	0.540003 	0.00155958 	-1.32919 	-0.00214844 	
2.55	0.331069 	-0.172586 	0.540001 	0.00155958 	-1.32919 	-0.00214844 	
2.555	0.331072 	-0.172586 	0.539997 	0.00155958 	-1.32919 	-0.00214844 	
2.56	0.331074 	-0.172586 	0.539993 	0.00155958 	-1.32919 	-0.00214844 	
2.565	0.331078 	-0.172586 	0.539989 	0.00155959 	-1.32919 	-0.00214845 	
2.57	0.331081 	-0.172586 	0.539984 	0.00155959 	-1.32919 	-0.00214845 	
2.575	0.331085 	-0.172586 	0.539979 	0.00155959 	-1.32919 	-0.00214845 	
2.58	0.331089 	-0.172586 	0.539974 	0.00155959 	-1.32919 	-0.00214845 	
2.585	0.331094 	-0.172586 	0.539968 	0.00155959 	-1.32919 	-0.00214845 	
2.59	0.331098 	-0.172586 	0.539961 	0.00155959 	-1.32919 	-0.00214845 	
2.595	0.331103 	-0.172586 	0.539954 	0.00155959 	-1.32919 	-0.00214845 	
2.6	0.33111 	-0.172586 	0.539946 	0.00155959 	-1.32919 	-0.00214845 	
2.605	0.331115 	-0.172586 	0.539939 	0.00155959 	-1.32919 	-0.00214845 	
2.61	0.331122 	-0.172586 	0.53993 	0.00155959 	-1.32919 	-0.00214845 	
2.615	0.331128 	-0.172586 	0.539921 	0.00155959 	-1.32919 	-0.00214846 	
2.62	0.331135 	-0.172586 	0.539912 	0.0015596 	-1.32919 	-0.00214846 	
2.625	0.331142 	-0.172586 	0.539902 	0.0015596 	-1.32919 	-0.00214846 	
2.63	0.33115 	-0.172586 	0.539892 	0.0015596 	-1.32919 	-0.00214846 	
2.635	0.331157 	-0.172586 	0.539882 	0.0015596 	-1.32919 	-0.00214846 	
2.64	0.331166 	-0.172586 	0.539871 	0.0015596 	-1.32919 	-0.00214846 	
2.645	0.331174 	-0.172586 	0.539859 	0.00155961 	-1.32919 	-0.00214847 	
2.65	0.331183 	-0.172586 	0.539848 	0.00155961 	-1.32919 	-0.00214847 	
2.655	0.331192 	-0.172586 	0.539835 	0.00155961 	-1.32919 	-0.00214847 	
2.66	0.331201 	-0.172586 	0.539823 	0.00155961 	-1.32919 	-0.00214848 	
2.665	0.331211 	-0.172586 	0.539809 	0.00155962 	-1.32919 	-0.00214848 	
2.67	0.331221 	-0.172586 	0.539796 	0.00155962 	-1.32919 	-0.00214848 	
2.675	0.331232 	-0.172586 	0.539782 	0.00155962 	-1.32919 	-0.00214849 	
2.68	0.331243 	-0.172586 	0.539767 	0.00155963 	-1.32919 	-0.00214849 	
2.685	0.331254 	-0.172586 	0.539752 	0.00155963 	-1.32919 	-0.00214849 	
2.69	0.331265 	-0.172586 	0.539737 	0.00155964 	-1.32919 	-0.0021485 	
2.695	0.331277 	-0.172586 	0.539721 	0.00155964 	-1.32919 	-0.0021485 	
2.7	0.331289 	-0.172586 	0.539705 	0.00155964 	-1.32919 	-0.00214851 	
2.705	0.331301 	-0.172586 	0.539688 	0.00155965 	-1.32919 	-0.00214851 	
2.71	0.331314 	-0.172586 	0.539671 	0.00155965 	-1.32919 	-0.00214852 	
2.715	0.331327 	-0.172586 	0.539654 	0.00155966 	-1.32919 	-0.00214853 	
2.72	0.33134 	-0.172586 	0.539636 	0.00155967 	-1.32919 	-0.00214853 	
2.725	0.331354 	-0.172586 	0.539617 	0.00155967 	-1.32919 	-0.00214854 	
2.73	0.331368 	-0.172586 	0.539598 	0.00155968 	-1.32919 	-0.00214854 	
2.735	0.331382 	-0.172586 	0.539579 	0.00155968 	-1.32919 	-0.00214855 	
2.74	0.331397 	-0.172586 	0.539559 	0.00155969 	-1.32919 	-0.00214856 	
2.745	0.331412 	-0.172586 	0.539539 	0.0015597 	-1.32919 	-0.00214857 	
2.75	0.331427 	-0.172586 	0.539519 	0.00155971 	-1.32919 	-0.00214857 	
2.755	0.331442 	-0.172586 	0.539498 	0.00155971 	-1.32919 	-0.00214858 	
2.76	0.331458 	-0.172586 	0.539477 	0.00155972 	-1.32919 	-0.00214859 	
2.765	0.331474 	-0.172586 	0.539455 	0.00155973 	-1.32919 	-0.0021486 	
2.77	0.331491 	-0.172586 	0.539433 	0.00155974 	-1.32919 	-0.00214861 	
2.775	0.331508 	-0.172586 	0.53941 	0.00155975 	-1.32919 	-0.00214862 	
2.78	0.331525 	-0.172586 	0.539387 	0.00155976 	-1.32919 	-0.00214863 	
2.785	0.331542 	-0.172586 	0.539364 	0.00155977 	-1.32919 	-0.00214864 	
2.79	0.331619 	-0.172599 	0.53935 	0.000155041 	-1.3303 	-0.000213494 	
2.795	0.331637 	-0.172599 	0.539325 	0.000155052 	-1.3303 	-0.000213505 	
2.8	0.331656 	-0.172599 	0.539301 	0.000155063 	-1.3303 	-0.000213517 	
2.805	0.331674 	-0.172599 	0.539276 	0.000155074 	-1.3303 	-0.000213529 	
2.81	0.331693 	-0.172599 	0.53925 	0.000155085 	-1.3303 	-0.000213541 	
2.815	0.331712 	-0.172599 	0.539224 	0.000155097 	-1.3303 	-0.000213553 	
2.82	0.331732 	-0.172599 	0.539198 	0.000155109 	-1.3303 	-0.000213566 	
2.825	0.331752 	-0.172599 	0.539171 	0.000155122 	-1.3303 	-0.00021358 	
2.83	0.331772 	-0.172599 	0.539144 	0.000155135 	-1.3303 	-0.000213594 	
2.835	0.331792 	-0.172599 	0.539117 	0.000155148 	-1.3303 	-0.000213608 	
2.84	0.331813 	-0.172599 	0.539089 	0.000155162 	-1.3303 	-0.000213622 	
2.845	0.331834 	-0.172599 	0.539061 	0.000155176 	-1.3303 	-0.000213637 	
2.85	0.331855 	-0.172599 	0.539032 	0.00015519 	-1.3303 	-0.000213653 	
2.855	0.331877 	-0.172599 	0.539003 	0.000155205 	-1.3303 	-0.000213669 	
2.86	0.331969 	-0.1726 	0.538986 	1.6212e-05 	-1.33158 	-2.21432e-05 	
2.865	0.331991 	-0.1726 	0.538956 	1.62277e-05 	-1.33158 	-2.216e-05 	
2.87	0.332013 	-0.1726 	0.538926 	1.62438e-05 	-1.33158 	-2.21772e-05 	
2.875	0.332036 	-0.1726 	0.538895 	1.62603e-05 	-1.33158 	-2.21948e-05 	
2.88	0.332059 	-0.1726 	0.538865 	1.62773e-05 	-1.33158 	-2.22128e-05 	
2.885	0.332082 	-0.1726 	0.538833 	1.62946e-05 	-1.33158 	-2.22313e-05 	
2.89	0.332106 	-0.1726 	0.538801 	1.63123e-05 	-1.33158 	-2.22502e-05 	
2.895	0.33213 	-0.1726 	0.538769 	1.63305e-05 	-1.33158 	-2.22695e-05 	
2.9	0.332154 	-0.1726 	0.538737 	1.63491e-05 	-1.33158 	-2.22894e-05 	
2.905	0.332178 	-0.1726 	0.538704 	1.63681e-05 	-1.33158 	-2.23096e-05 	
2.91	0.332203 	-0.1726 	0.538671 	1.63875e-05 	-1.33158 	-2.23303e-05 	
2.915	0.332228 	-0.1726 	0.538637 	1.64074e-05 	-1.33158 	-2.23515e-05 	
2.92	0.332325 	-0.1726 	0.538616 	2.56656e-06 	-1.33289 	-3.31127e-06 	
2.925	0.33235 	-0.1726 	0.538582 	2.58735e-06 	-1.33289 	-3.33342e-06 	
2.93	0.332376 	-0.1726 	0.538547 	2.60857e-06 	-1.33289 	-3.35602e-06 	
2.935	0.332402 	-0.1726 	0.538512 	2.63022e-06 	-1.33289 	-3.37909e-06 	
2.94	0.332428 	-0.1726 	0.538477 	2.6523e-06 	-1.33289 	-3.40262e-06 	
2.945	0.332455 	-0.1726 	0.538441 	2.67482e-06 	-1.33289 	-3.42662e-06 	
2.95	0.332482 	-0.1726 	0.538405 	2.69778e-06 	-1.33289 	-3.45109e-06 	
2.955	0.332509 	-0.1726 	0.538369 	2.72118e-06 	-1.33289 	-3.47602e-06 	
2.96	0.332536 	-0.1726 	0.538332 	2.74502e-06 	-1.33289 	-3.50142e-06 	
2.965	0.332564 	-0.1726 	0.538295 	2.7693e-06 	-1.33289 	-3.52729e-06 	
2.97	0.332592 	-0.1726 	0.538257 	2.79403e-06 	-1.33289 	-3.55363e-06 	
2.975	0.332694 	-0.1726 	0.538233 	1.30724e-06 	-1.33426 	-1.55178e-06 	
2.98	0.332723 	-0.1726 	0.538195 	1.33294e-06 	-1.33426 	-1.57916e-06 	
2.985	0.332751 	-0.1726 	0.538156 	1.35909e-06 	-1.33426 	-1.60701e-06 	
2.99	0.33278 	-0.1726 	0.538117 	1.38569e-06 	-1.33426 	-1.63534e-06 	
2.995	0.332809 	-0.1726 	0.538078 	1.41273e-06 	-1.33426 	-1.66414e-06 	
3	0.332838 	-0.1726 	0.538039 	1.44022e-06 	-1.33426 	-1.69342e-06 	
3.005	0.332868 	-0.1726 	0.537999 	1.46815e-06 	-1.33426 	-1.72317e-06 	
3.01	0.332898 	-0.1726 	0.537959 	1.49653e-06 	-1.33426 	-1.75339e-06 	
3.015	0.332928 	-0.1726 	0.537918 	1.52535e-06 	-1.33426 	-1.78409e-06 	
3.02	0.332958 	-0.1726 	0.537877 	1.55462e-06 	-1.33426 	-1.81527e-06 	
3.025	0.333063 	-0.1726 	0.53785 	1.21063e-06 	-1.33562 	-1.40828e-06 	
3.03	0.333094 	-0.1726 	0.537809 	1.2409e-06 	-1.33562 	-1.44052e-06 	
3.035	0.333125 	-0.1726 	0.537767 	1.27162e-06 	-1.33562 	-1.47322e-06 	
3.04	0.333156 	-0.1726 	0.537725 	1.30278e-06 	-1.33562 	-1.5064e-06 	
3.045	0.333188 	-0.1726 	0.537683 	1.33438e-06 	-1.33562 	-1.54005e-06 	
3.05	0.333219 	-0.1726 	0.53764 	1.36643e-06 	-1.33562 	-1.57417e-06 	
3.055	0.333251 	-0.1726 	0.537597 	1.39892e-06 	-1.33562 	-1.60875e-06 	
3.06	0.333283 	-0.1726 	0.537554 	1.43184e-06 	-1.33562 	-1.64381e-06 	
3.065	0.333316 	-0.1726 	0.53751 	1.46521e-06 	-1.33562 	-1.67933e-06 	
3.07	0.333421 	-0.1726 	0.53748 	1.16828e-06 	-1.33695 	-1.35387e-06 	
3.075	0.333454 	-0.1726 	0.537436 	1.20265e-06 	-1.33695 	-1.39045e-06 	
3.08	0.333487 	-0.1726 	0.537391 	1.23745e-06 	-1.33695 	-1.42748e-06 	
3.085	0.33352 	-0.1726 	0.537346 	1.27268e-06 	-1.33695 	-1.46498e-06 	
3.09	0.333553 	-0.1726 	0.537301 	1.30835e-06 	-1.33695 	-1.50293e-06 	
3.095	0.333587 	-0.1726 	0.537256 	1.34444e-06 	-1.33695 	-1.54134e-06 	
3.1	0.33362 	-0.1726 	0.537211 	1.38096e-06 	-1.33695 	-1.58021e-06 	
3.105	0.333654 	-0.1726 	0.537165 	1.4179e-06 	-1.33695 	-1.61953e-06 	
3.11	0.333689 	-0.1726 	0.537119 	1.45526e-06 	-1.33695 	-1.65929e-06 	
3.115	0.333799 	-0.1726 	0.537087 	1.27494e-06 	-1.33835 	-1.47622e-06 	
3.12	0.333834 	-0.1726 	0.53704 	1.3133e-06 	-1.33835 	-1.51703e-06 	
3.125	0.333869 	-0.1726 	0.536993 	1.35207e-06 	-1.33835 	-1.55828e-06 	
3.13	0.333904 	-0.1726 	0.536946 	1.39125e-06 	-1.33835 	-1.59996e-06 	
3.135	0.333939 	-0.1726 	0.536899 	1.43085e-06 	-1.33835 	-1.64208e-06 	
3.14	0.333974 	-0.1726 	0.536851 	1.47084e-06 	-1.33835 	-1.68463e-06 	
3.145	0.33401 	-0.1726 	0.536803 	1.51125e-06 	-1.33835 	-1.72761e-06 	
3.15	0.334045 	-0.1726 	0.536755 	1.55205e-06 	-1.33835 	-1.77102e-06 	
3.155	0.334154 	-0.1726 	0.53672 	1.19475e-06 	-1.33966 	-1.38078e-06 	
3.16	0.33419 	-0.1726 	0.536671 	1.23651e-06 	-1.33966 	-1.42519e-06 	
3.165	0.334226 	-0.1726 	0.536622 	1.27865e-06 	-1.33966 	-1.47001e-06 	
3.17	0.334262 	-0.1726 	0.536573 	1.32119e-06 	-1.33966 	-1.51523e-06 	
3.175	0.334299 	-0.1726 	0.536524 	1.3641e-06 	-1.33966 	-1.56087e-06 	
3.18	0.334336 	-0.1726 	0.536474 	1.4074e-06 	-1.33966 	-1.60692e-06 	
3.185	0.334373 	-0.1726 	0.536425 	1.45107e-06 	-1.33966 	-1.65336e-06 	
3.19	0.33441 	-0.1726 	0.536375 	1.49512e-06 	-1.33966 	-1.7002e-06 	
3.195	0.334521 	-0.1726 	0.536338 	1.25349e-06 	-1.34102 	-1.44767e-06 	
3.2	0.334559 	-0.1726 	0.536288 	1.29845e-06 	-1.34102 	-1.49546e-06 	
3.205	0.334596 	-0.1726 	0.536237 	1.34377e-06 	-1.34102 	-1.54363e-06 	
3.21	0.334634 	-0.1726 	0.536186 	1.38944e-06 	-1.34102 	-1.59218e-06 	
3.215	0.334672 	-0.1726 	0.536135 	1.43546e-06 	-1.34102 	-1.64111e-06 	
3.22	0.33471 	-0.1726 	0.536084 	1.48184e-06 	-1.34102 	-1.6904e-06 	
3.225	0.334748 	-0.1726 	0.536032 	1.52855e-06 	-1.34102 	-1.74006e-06 	
3.23	0.334786 	-0.1726 	0.535981 	1.5756e-06 	-1.34102 	-1.79007e-06 	
3.235	0.334902 	-0.1726 	0.535943 	1.33548e-06 	-1.34243 	-1.54169e-06 	
3.24	0.33494 	-0.1726 	0.535891 	1.3834e-06 	-1.34243 	-1.59261e-06 	
3.245	0.334979 	-0.1726 	0.535839 	1.43163e-06 	-1.34243 	-1.64386e-06 	
3.25	0.335018 	-0.1726 	0.535787 	1.48019e-06 	-1.34243 	-1.69546e-06 	
3.255	0.335057 	-0.1726 	0.535734 	1.52906e-06 	-1.34243 	-1.74738e-06 	
3.26	0.335096 	-0.1726 	0.535681 	1.57824e-06 	-1.34243 	-1.79964e-06 	
3.265	0.335135 	-0.1726 	0.535628 	1.62772e-06 	-1.34243 	-1.85222e-06 	
3.27	0.335245 	-0.1726 	0.535588 	1.18522e-06 	-1.34371 	-1.36523e-06 	
3.275	0.335285 	-0.1726 	0.535535 	1.23549e-06 	-1.34371 	-1.41863e-06 	
3.28	0.335324 	-0.1726 	0.535481 	1.28604e-06 	-1.34371 	-1.47232e-06 	
3.285	0.335364 	-0.1726 	0.535428 	1.33687e-06 	-1.34371 	-1.52632e-06 	
3.29	0.335404 	-0.1726 	0.535374 	1.38799e-06 	-1.34371 	-1.58061e-06 	
3.295	0.335444 	-0.1726 	0.53532 	1.43937e-06 	-1.34371 	-1.63518e-06 	
3.3	0.335484 	-0.1726 	0.535266 	1.49102e-06 	-1.34371 	-1.69004e-06 	
3.305	0.335595 	-0.1726 	0.535225 	1.19501e-06 	-1.34501 	-1.37543e-06 	
3.31	0.335635 	-0.1726 	0.535171 	1.24738e-06 	-1.34501 	-1.43103e-06 	
3.315	0.335676 	-0.1726 	0.535116 	1.29999e-06 	-1.34501 	-1.48689e-06 	
3.32	0.335716 	-0.1726 	0.535061 	1.35285e-06 	-1.34501 	-1.54301e-06 	
3.325	0.335757 	-0.1726 	0.535007 	1.40594e-06 	-1.34501 	-1.59938e-06 	
3.33	0.335798 	-0.1726 	0.534952 	1.45926e-06 	-1.34501 	-1.656e-06 	
3.335	0.335839 	-0.1726 	0.534897 	1.51281e-06 	-1.34501 	-1.71285e-06 	
3.34	0.335952 	-0.1726 	0.534855 	1.23265e-06 	-1.34632 	-1.41811e-06 	
3.345	0.335993 	-0.1726 	0.5348 	1.28685e-06 	-1.34632 	-1.47563e-06 	
3.35	0.336034 	-0.1726 	0.534744 	1.34124e-06 	-1.34632 	-1.53337e-06 	
3.355	0.336075 	-0.1726 	0.534689 	1.39584e-06 	-1.34632 	-1.59131e-06 	
3.36	0.336116 	-0.1726 	0.534633 	1.45062e-06 	-1.34632 	-1.64945e-06 	
3.365	0.336158 	-0.1726 	0.534577 	1.50559e-06 	-1.34632 	-1.70779e-06 	
3.37	0.336199 	-0.1726 	0.534521 	1.56074e-06 	-1.34632 	-1.76633e-06 	
3.375	0.336314 	-0.1726 	0.53448 	1.26861e-06 	-1.34766 	-1.45888e-06 	
3.38	0.336355 	-0.1726 	0.534423 	1.32433e-06 	-1.34766 	-1.518e-06 	
3.385	0.336397 	-0.1726 	0.534367 	1.38021e-06 	-1.34766 	-1.57728e-06 	
3.39	0.336439 	-0.1726 	0.534311 	1.43623e-06 	-1.34766 	-1.63672e-06 	
3.395	0.33648 	-0.1726 	0.534255 	1.49241e-06 	-1.34766 	-1.69631e-06 	
3.4	0.336522 	-0.1726 	0.534198 	1.54872e-06 	-1.34766 	-1.75605e-06 	
3.405	0.336564 	-0.1726 	0.534142 	1.60516e-06 	-1.34766 	-1.81593e-06 	
3.41	0.33668 	-0.1726 	0.534099 	1.29795e-06 	-1.34902 	-1.49201e-06 	
3.415	0.336722 	-0.1726 	0.534043 	1.35488e-06 	-1.34902 	-1.55238e-06 	
3.42	0.336764 	-0.1726 	0.533986 	1.41192e-06 	-1.34902 	-1.61287e-06 	
3.425	0.336806 	-0.1726 	0.533929 	1.46906e-06 	-1.34902 	-1.67347e-06 	
3.43	0.336848 	-0.1726 	0.533872 	1.5263e-06 	-1.34902 	-1.73417e-06 	
3.435	0.336891 	-0.1726 	0.533815 	1.58363e-06 	-1.34902 	-1.79496e-06 	
3.44	0.336933 	-0.1726 	0.533758 	1.64104e-06 	-1.34902 	-1.85585e-06 	
3.445	0.33705 	-0.1726 	0.533716 	1.31973e-06 	-1.35039 	-1.51641e-06 	
3.45	0.337092 	-0.1726 	0.533659 	1.37755e-06 	-1.35039 	-1.57769e-06 	
3.455	0.337134 	-0.1726 	0.533602 	1.43541e-06 	-1.35039 	-1.63903e-06 	
3.46	0.337177 	-0.1726 	0.533545 	1.49333e-06 	-1.35039 	-1.70043e-06 	
3.465	0.337219 	-0.1726 	0.533487 	1.5513e-06 	-1.35039 	-1.76188e-06 	
3.47	0.337262 	-0.1726 	0.53343 	1.60931e-06 	-1.35039 	-1.82337e-06 	
3.475	0.337304 	-0.1726 	0.533373 	1.66735e-06 	-1.35039 	-1.8849e-06 	
3.48	0.337422 	-0.1726 	0.53333 	1.33364e-06 	-1.35176 	-1.53172e-06 	
3.485	0.337464 	-0.1726 	0.533273 	1.39198e-06 	-1.35176 	-1.59355e-06 	
3.49	0.337507 	-0.1726 	0.533216 	1.45034e-06 	-1.35176 	-1.65538e-06 	
3.495	0.337549 	-0.1726 	0.533158 	1.50869e-06 	-1.35176 	-1.71722e-06 	
3.5	0.337592 	-0.1726 	0.533101 	1.56705e-06 	-1.35176 	-1.77905e-06 	
3.505	0.337634 	-0.1726 	0.533043 	1.62539e-06 	-1.35176 	-1.84087e-06 	
3.51	0.337677 	-0.1726 	0.532986 	1.68372e-06 	-1.35176 	-1.90267e-06 	
3.515	0.337794 	-0.1726 	0.532944 	1.3395e-06 	-1.35314 	-1.5378e-06 	
3.52	0.337837 	-0.1726 	0.532886 	1.39804e-06 	-1.35314 	-1.5998e-06 	
3.525	0.337879 	-0.1726 	0.532829 	1.45653e-06 	-1.35314 	-1.66175e-06 	
3.53	0.337922 	-0.1726 	0.532771 	1.51497e-06 	-1.35314 	-1.72365e-06 	
3.535	0.337964 	-0.1726 	0.532714 	1.57336e-06 	-1.35314 	-1.78549e-06 	
3.54	0.338007 	-0.1726 	0.532657 	1.63169e-06 	-1.35314 	-1.84727e-06 	
3.545	0.338049 	-0.1726 	0.532599 	1.68995e-06 	-1.35314 	-1.90898e-06 	
3.55	0.338167 	-0.1726 	0.532557 	1.33728e-06 	-1.35452 	-1.53458e-06 	
3.555	0.33821 	-0.1726 	0.5325 	1.39566e-06 	-1.35452 	-1.59638e-06 	
3.56	0.338252 	-0.1726 	0.532443 	1.45393e-06 	-1.35452 	-1.65808e-06 	
3.565	0.338294 	-0.1726 	0.532385 	1.51211e-06 	-1.35452 	-1.71967e-06 	
3.57	0.338337 	-0.1726 	0.532328 	1.57018e-06 	-1.35452 	-1.78116e-06 	
3.575	0.338379 	-0.1726 	0.532271 	1.62814e-06 	-1.35452 	-1.84252e-06 	
3.58	0.338421 	-0.1726 	0.532214 	1.68599e-06 	-1.35452 	-1.90376e-06 	
3.585	0.338539 	-0.1726 	0.532172 	1.32702e-06 	-1.3559 	-1.52214e-06 	
3.59	0.338581 	-0.1726 	0.532115 	1.38488e-06 	-1.3559 	-1.58337e-06 	
3.595	0.338623 	-0.1726 	0.532058 	1.44259e-06 	-1.3559 	-1.64444e-06 	
3.6	0.338665 	-0.1726 	0.532001 	1.50015e-06 	-1.3559 	-1.70536e-06 	
3.605	0.338707 	-0.1726 	0.531944 	1.55756e-06 	-1.3559 	-1.76611e-06 	
3.61	0.338749 	-0.1726 	0.531887 	1.61481e-06 	-1.3559 	-1.8267e-06 	
3.615	0.338791 	-0.1726 	0.531831 	1.67189e-06 	-1.3559 	-1.88711e-06 	
3.62	0.338908 	-0.1726 	0.531789 	1.30886e-06 	-1.35727 	-1.50064e-06 	
3.625	0.338949 	-0.1726 	0.531733 	1.36585e-06 	-1.35727 	-1.56094e-06 	
3.63	0.338991 	-0.1726 	0.531676 	1.42265e-06 	-1.35727 	-1.62102e-06 	
3.635	0.339033 	-0.1726 	0.53162 	1.47926e-06 	-1.35727 	-1.6809e-06 	
3.64	0.339075 	-0.1726 	0.531564 	1.53566e-06 	-1.35727 	-1.74057e-06 	
3.645	0.339116 	-0.1726 	0.531507 	1.59186e-06 	-1.35727 	-1.80002e-06 	
3.65	0.339158 	-0.1726 	0.531451 	1.64784e-06 	-1.35727 	-1.85924e-06 	
3.655	0.339273 	-0.1726 	0.53141 	1.28303e-06 	-1.35862 	-1.47038e-06 	
3.66	0.339314 	-0.1726 	0.531355 	1.33882e-06 	-1.35862 	-1.52938e-06 	
3.665	0.339356 	-0.1726 	0.531299 	1.39438e-06 	-1.35862 	-1.58813e-06 	
3.67	0.339397 	-0.1726 	0.531243 	1.4497e-06 	-1.35862 	-1.64662e-06 	
3.675	0.339438 	-0.1726 	0.531187 	1.50477e-06 	-1.35862 	-1.70485e-06 	
3.68	0.339479 	-0.1726 	0.531132 	1.55958e-06 	-1.35862 	-1.76282e-06 	
3.685	0.33952 	-0.1726 	0.531077 	1.61414e-06 	-1.35862 	-1.82051e-06 	
3.69	0.339634 	-0.1726 	0.531036 	1.24985e-06 	-1.35996 	-1.43173e-06 	
3.695	0.339675 	-0.1726 	0.530981 	1.30412e-06 	-1.35996 	-1.4891e-06 	
3.7	0.339715 	-0.1726 	0.530926 	1.35811e-06 	-1.35996 	-1.54617e-06 	
3.705	0.339756 	-0.1726 	0.530871 	1.41182e-06 	-1.35996 	-1.60294e-06 	
3.71	0.339796 	-0.1726 	0.530817 	1.46524e-06 	-1.35996 	-1.6594e-06 	
3.715	0.339837 	-0.1726 	0.530762 	1.51837e-06 	-1.35996 	-1.71556e-06 	
3.72	0.339877 	-0.1726 	0.530708 	1.57119e-06 	-1.35996 	-1.77139e-06 	
3.725	0.339989 	-0.1726 	0.530668 	1.20972e-06 	-1.36128 	-1.38517e-06 	
3.73	0.340029 	-0.1726 	0.530614 	1.26217e-06 	-1.36128 	-1.44059e-06 	
3.735	0.340069 	-0.1726 	0.53056 	1.3143e-06 	-1.36128 	-1.49566e-06 	
3.74	0.340109 	-0.1726 	0.530506 	1.3661e-06 	-1.36128 	-1.55039e-06 	
3.745	0.340148 	-0.1726 	0.530453 	1.41757e-06 	-1.36128 	-1.60478e-06 	
3.75	0.340188 	-0.1726 	0.530399 	1.46871e-06 	-1.36128 	-1.65881e-06 	
3.755	0.340227 	-0.1726 	0.530346 	1.51951e-06 	-1.36128 	-1.71248e-06 	
3.76	0.340337 	-0.1726 	0.530307 	1.16314e-06 	-1.36257 	-1.33127e-06 	
3.765	0.340376 	-0.1726 	0.530254 	1.21348e-06 	-1.36257 	-1.38444e-06 	
3.77	0.340415 	-0.1726 	0.530202 	1.26346e-06 	-1.36257 	-1.43722e-06 	
3.775	0.340454 	-0.1726 	0.530149 	1.31308e-06 	-1.36257 	-1.48962e-06 	
3.78	0.329014 	-0.174587 	0.584644 	-3.59361e-05 	-1.36273 	8.30386e-05 	
3.785	0.329011 	-0.17457 	0.584661 	-6.02096e-05 	-1.36294 	0.000164562 	
3.79	0.329012 	-0.174546 	0.584688 	-7.88231e-05 	-1.36319 	0.000260635 	
3.795	0.329013 	-0.174521 	0.584711 	-0.000100776 	-1.36343 	0.000362925 	
3.8	0.329016 	-0.174491 	0.58474 	-0.000119441 	-1.36369 	0.000476493 	
3.805	0.329017 	-0.174463 	0.584761 	-0.000144447 	-1.36392 	0.00059199 	
3.81	0.329015 	-0.174437 	0.584774 	-0.000174689 	-1.36412 	0.0007084 	
3.815	0.329011 	-0.174412 	0.58478 	-0.000209959 	-1.3643 	0.000825815 	
3.82	0.329007 	-0.174388 	0.584787 	-0.000244533 	-1.36449 	0.000940383 	
3.825	0.329009 	-0.174363 	0.584811 	-0.000266374 	-1.36473 	0.00104274 	
3.83	0.329008 	-0.174339 	0.584827 	-0.000293555 	-1.36494 	0.00114738 	
3.835	0.329006 	-0.174316 	0.584842 	-0.00032184 	-1.36515 	0.00125129 	
3.84	0.329005 	-0.174293 	0.584856 	-0.000350462 	-1.36536 	0.00135427 	
3.845	0.329001 	-0.174272 	0.584864 	-0.000383382 	-1.36555 	0.0014591 	
3.85	0.328998 	-0.174251 	0.584871 	-0.000417164 	-1.36573 	0.00156326 	
3.855	0.328992 	-0.174231 	0.584872 	-0.000455388 	-1.3659 	0.00166952 	
3.86	0.328986 	-0.174211 	0.58487 	-0.000495642 	-1.36606 	0.00177606 	
3.865	0.328978 	-0.174192 	0.584863 	-0.000540043 	-1.3662 	0.00188519 	
3.87	0.328971 	-0.174173 	0.584858 	-0.000582467 	-1.36634 	0.00199367 	
3.875	0.328967 	-0.174153 	0.584864 	-0.000617462 	-1.36652 	0.00209649 	
3.88	0.328962 	-0.174133 	0.584868 	-0.000653633 	-1.3667 	0.00219969 	
3.885	0.328961 	-0.174112 	0.584882 	-0.000682452 	-1.36691 	0.0022979 	
3.89	0.328958 	-0.174092 	0.584892 	-0.000713778 	-1.3671 	0.00239719 	
3.895	0.328957 	-0.174071 	0.584909 	-0.000740722 	-1.36732 	0.00249284 	
3.9	0.328955 	-0.174051 	0.58492 	-0.000771448 	-1.36752 	0.00259049 	
3.905	0.328953 	-0.174031 	0.584934 	-0.000800519 	-1.36772 	0.00268605 	
3.91	0.32895 	-0.174012 	0.584944 	-0.00083206 	-1.36792 	0.0027821 	
3.915	0.328947 	-0.173993 	0.584952 	-0.00086548 	-1.3681 	0.00287892 	
3.92	0.328942 	-0.173974 	0.584955 	-0.000902317 	-1.36828 	0.00298102 	
3.925	0.328939 	-0.173952 	0.584961 	-0.000938062 	-1.36846 	0.00309154 	
3.93	0.328933 	-0.17393 	0.58496 	-0.000979133 	-1.36862 	0.00320452 	
3.935	0.328925 	-0.17391 	0.584952 	-0.00102501 	-1.36876 	0.0033197 	
3.94	0.328917 	-0.17389 	0.584942 	-0.00107304 	-1.36888 	0.00343515 	
3.945	0.32891 	-0.173871 	0.584935 	-0.00111812 	-1.36902 	0.00354708 	
3.95	0.328901 	-0.173852 	0.584925 	-0.00116536 	-1.36915 	0.00365947 	
3.955	0.328894 	-0.173833 	0.584919 	-0.00120952 	-1.3693 	0.00376838 	
3.96	0.328886 	-0.173815 	0.58491 	-0.00125606 	-1.36943 	0.00387809 	
3.965	0.328879 	-0.173797 	0.584904 	-0.00130003 	-1.36958 	0.00398485 	
3.97	0.328871 	-0.173779 	0.584895 	-0.00134652 	-1.36971 	0.00409265 	
3.975	0.328864 	-0.173762 	0.584889 	-0.00139087 	-1.36985 	0.00419795 	
3.98	0.328856 	-0.173745 	0.584879 	-0.0014378 	-1.36998 	0.00430446 	
3.985	0.328848 	-0.173728 	0.584872 	-0.00148265 	-1.37012 	0.00440859 	
3.99	0.32884 	-0.173711 	0.584862 	-0.0015295 	-1.37025 	0.0045134 	
3.995	0.328832 	-0.173695 	0.584854 	-0.00157438 	-1.37039 	0.00461552 	
4	0.328823 	-0.173679 	0.584843 	-0.00162223 	-1.37051 	0.00471939 	
4.005	0.328815 	-0.173664 	0.584833 	-0.00166931 	-1.37064 	0.0048221 	
4.01	0.328805 	-0.173649 	0.58482 	-0.00171853 	-1.37076 	0.00492601 	
4.015	0.328797 	-0.173633 	0.584809 	-0.00176549 	-1.37089 	0.00502771 	
4.02	0.328788 	-0.173618 	0.584797 	-0.00181399 	-1.37102 	0.00513024 	
4.025	0.32878 	-0.173603 	0.584791 	-0.00185799 	-1.37116 	0.00522893 	
4.03	0.328772 	-0.173587 	0.584783 	-0.00190364 	-1.37129 	0.00532861 	
4.035	0.328766 	-0.173572 	0.584781 	-0.0019446 	-1.37145 	0.00542445 	
4.04	0.328759 	-0.173557 	0.584775 	-0.0019886 	-1.37159 	0.00552237 	
4.045	0.328752 	-0.173541 	0.58477 	-0.00203156 	-1.37174 	0.00561921 	
4.05	0.328743 	-0.173527 	0.584761 	-0.00207756 	-1.37187 	0.00571816 	
4.055	0.328736 	-0.173512 	0.584754 	-0.00212278 	-1.37201 	0.00581624 	
4.06	0.328727 	-0.173497 	0.584742 	-0.00217081 	-1.37214 	0.00591627 	
4.065	0.328718 	-0.173483 	0.584733 	-0.00221773 	-1.37227 	0.00601518 	
4.07	0.328709 	-0.173469 	0.584718 	-0.00226798 	-1.37238 	0.00611583 	
4.075	0.328704 	-0.173456 	0.584705 	-0.00231694 	-1.3725 	0.00621347 	
4.08	0.3287 	-0.173443 	0.584694 	-0.0023644 	-1.37263 	0.00631026 	
4.085	0.328694 	-0.173429 	0.58468 	-0.00241407 	-1.37274 	0.00640883 	
4.09	0.328688 	-0.173416 	0.584669 	-0.00246125 	-1.37287 	0.00650564 	
4.095	0.328682 	-0.173401 	0.584655 	-0.00251182 	-1.37298 	0.00660929 	
4.1	0.328676 	-0.173382 	0.584641 	-0.00256331 	-1.3731 	0.00672602 	
4.105	0.328669 	-0.173363 	0.584623 	-0.00261798 	-1.3732 	0.00684778 	
4.11	0.328662 	-0.173341 	0.584605 	-0.00267363 	-1.37331 	0.00698025 	
4.115	0.328654 	-0.173318 	0.584583 	-0.0027323 	-1.3734 	0.00711613 	
4.12	0.328645 	-0.173293 	0.584561 	-0.00279209 	-1.37349 	0.00726034 	
4.125	0.328636 	-0.173269 	0.584535 	-0.00285474 	-1.37356 	0.00740663 	
4.13	0.328626 	-0.173243 	0.584507 	-0.00291868 	-1.37363 	0.00755903 	
4.135	0.328615 	-0.173218 	0.584475 	-0.00298581 	-1.37369 	0.00771077 	
4.14	0.328602 	-0.173195 	0.584438 	-0.00305587 	-1.37373 	0.00786187 	
4.145	0.328587 	-0.173172 	0.584398 	-0.00312825 	-1.37377 	0.00801357 	
4.15	0.328572 	-0.173149 	0.584356 	-0.00320204 	-1.37379 	0.00816822 	
4.155	0.328556 	-0.173126 	0.58431 	-0.00327796 	-1.37381 	0.00832276 	
4.16	0.328539 	-0.173104 	0.584262 	-0.00335537 	-1.37381 	0.00847879 	
4.165	0.328521 	-0.173083 	0.584212 	-0.00343472 	-1.37381 	0.00863417 	
4.17	0.328503 	-0.173062 	0.584158 	-0.00351562 	-1.3738 	0.00878972 	
4.175	0.328484 	-0.17304 	0.584105 	-0.00359684 	-1.37379 	0.00894898 	
4.18	0.328468 	-0.173013 	0.584057 	-0.00367549 	-1.3738 	0.00912124 	
4.185	0.328451 	-0.172985 	0.584009 	-0.00375479 	-1.3738 	0.00929549 	
4.19	0.328437 	-0.172953 	0.583965 	-0.00383216 	-1.37382 	0.00948016 	
4.195	0.328422 	-0.172922 	0.583919 	-0.00391047 	-1.37384 	0.00966527 	
4.2	0.328408 	-0.172887 	0.583877 	-0.00398753 	-1.37386 	0.00985811 	
4.205	0.328392 	-0.172852 	0.583828 	-0.00406942 	-1.37386 	0.0100571 	
4.21	0.328373 	-0.172812 	0.583766 	-0.00416135 	-1.37383 	0.0102815 	
4.215	0.328353 	-0.172775 	0.583702 	-0.00425408 	-1.37378 	0.0104996 	
4.22	0.328332 	-0.172739 	0.583636 	-0.00434746 	-1.37373 	0.0107118 	
4.225	0.32831 	-0.172706 	0.583569 	-0.00444114 	-1.37368 	0.0109181 	
4.23	0.328288 	-0.172675 	0.5835 	-0.00453478 	-1.37362 	0.0111185 	
4.235	0.328265 	-0.172646 	0.58343 	-0.00462811 	-1.37355 	0.0113131 	
4.24	0.328243 	-0.172619 	0.583361 	-0.00472085 	-1.37349 	0.0115019 	
4.245	0.328221 	-0.172593 	0.583291 	-0.00481283 	-1.37343 	0.0116851 	
4.25	0.3282 	-0.172568 	0.583224 	-0.00490219 	-1.37337 	0.0118622 	
4.255	0.328182 	-0.172543 	0.583167 	-0.0049852 	-1.37335 	0.0120322 	
4.26	0.328166 	-0.172519 	0.583117 	-0.00506267 	-1.37335 	0.0121946 	
4.265	0.328153 	-0.172494 	0.58308 	-0.00513198 	-1.37339 	0.0123487 	
4.27	0.328142 	-0.17247 	0.58305 	-0.00519661 	-1.37345 	0.0124968 	
4.275	0.328135 	-0.172445 	0.583033 	-0.00525239 	-1.37356 	0.0126375 	
4.28	0.328129 	-0.17242 	0.583017 	-0.00530727 	-1.37367 	0.0127755 	
4.285	0.328126 	-0.172395 	0.583017 	-0.00535267 	-1.37383 	0.012906 	
4.29	0.328123 	-0.17237 	0.583015 	-0.00539851 	-1.37399 	0.0130348 	
4.295	0.328123 	-0.172344 	0.583025 	-0.0054372 	-1.37418 	0.0131576 	
4.3	0.328121 	-0.17232 	0.583032 	-0.00547767 	-1.37436 	0.0132796 	
4.305	0.328122 	-0.172295 	0.583046 	-0.00551322 	-1.37457 	0.0133963 	
4.31	0.328123 	-0.172272 	0.583055 	-0.00555169 	-1.37476 	0.0135116 	
4.315	0.328121 	-0.17225 	0.583057 	-0.00559436 	-1.37492 	0.0136278 	
4.32	0.328119 	-0.17223 	0.583055 	-0.00563978 	-1.37508 	0.0137432 	
4.325	0.328114 	-0.17221 	0.583046 	-0.00568892 	-1.37521 	0.0138596 	
4.33	0.328109 	-0.172192 	0.583033 	-0.00574047 	-1.37533 	0.0139754 	
4.335	0.328102 	-0.172173 	0.583016 	-0.00579517 	-1.37543 	0.0140954 	
4.34	0.328095 	-0.172152 	0.582997 	-0.00585154 	-1.37553 	0.0142241 	
4.345	0.328086 	-0.172132 	0.582974 	-0.00591078 	-1.37562 	0.0143555 	
4.35	0.328077 	-0.172109 	0.582949 	-0.00597167 	-1.3757 	0.0144935 	
4.355	0.328067 	-0.172088 	0.58292 	-0.00603532 	-1.37577 	0.0146325 	
4.36	0.328057 	-0.172063 	0.582892 	-0.00609919 	-1.37584 	0.0147819 	
4.365	0.32805 	-0.172029 	0.582873 	-0.00616028 	-1.37594 	0.0149534 	
4.37	0.328044 	-0.171995 	0.582852 	-0.00622271 	-1.37603 	0.0151294 	
4.375	0.32804 	-0.171954 	0.582839 	-0.00628229 	-1.37615 	0.0153211 	
4.38	0.328034 	-0.171917 	0.582823 	-0.00634272 	-1.37626 	0.0155021 	
4.385	0.328027 	-0.171883 	0.582803 	-0.00640437 	-1.37635 	0.0156746 	
4.39	0.32802 	-0.171855 	0.582785 	-0.0064635 	-1.37645 	0.0158282 	
4.395	0.328011 	-0.171829 	0.582763 	-0.00652387 	-1.37655 	0.0159746 	
4.4	0.328001 	-0.171809 	0.582743 	-0.00658158 	-1.37664 	0.0161023 	
4.405	0.32799 	-0.171792 	0.582719 	-0.00664059 	-1.37673 	0.0162243 	
4.41	0.327978 	-0.171781 	0.582695 	-0.00669759 	-1.37681 	0.0163231 	
4.415	0.327962 	-0.171778 	0.582662 	-0.00675761 	-1.37686 	0.0164031 	
4.42	0.327947 	-0.171779 	0.582631 	-0.0068148 	-1.37693 	0.0164675 	
4.425	0.327931 	-0.171781 	0.582598 	-0.00687306 	-1.37698 	0.0165309 	
4.43	0.327915 	-0.171786 	0.582568 	-0.0069281 	-1.37705 	0.0165807 	
4.435	0.327899 	-0.171792 	0.582536 	-0.00698445 	-1.37711 	0.0166307 	
4.44	0.327883 	-0.1718 	0.582507 	-0.00703797 	-1.37718 	0.0166688 	
4.445	0.327866 	-0.171809 	0.582476 	-0.007093 	-1.37724 	0.0167083 	
4.45	0.32785 	-0.17182 	0.582447 	-0.00714563 	-1.37731 	0.0167375 	
4.455	0.327833 	-0.171831 	0.582415 	-0.00720054 	-1.37737 	0.016771 	
4.46	0.327816 	-0.171843 	0.582382 	-0.00725517 	-1.37742 	0.016801 	
4.465	0.327798 	-0.171854 	0.582347 	-0.00731203 	-1.37747 	0.0168356 	
4.47	0.32778 	-0.171865 	0.582311 	-0.00736883 	-1.37752 	0.0168677 	
4.475	0.327761 	-0.171876 	0.582272 	-0.00742779 	-1.37755 	0.0169045 	
4.48	0.327742 	-0.171888 	0.582232 	-0.00748686 	-1.37759 	0.0169398 	
4.485	0.327721 	-0.171899 	0.582189 	-0.00754801 	-1.37761 	0.0169798 	
4.49	0.327705 	-0.171908 	0.582157 	-0.00760333 	-1.37767 	0.0170172 	
4.495	0.327697 	-0.171911 	0.582153 	-0.00764363 	-1.37782 	0.0170566 	
4.5	0.327692 	-0.171912 	0.582154 	-0.00768224 	-1.37798 	0.0171012 	
4.505	0.327694 	-0.171907 	0.58218 	-0.0077072 	-1.37823 	0.0171469 	
4.51	0.327697 	-0.171901 	0.582207 	-0.00773266 	-1.37848 	0.0171975 	
4.515	0.327705 	-0.17189 	0.582252 	-0.00774855 	-1.37878 	0.017249 	
4.52	0.32771 	-0.171881 	0.582287 	-0.00776989 	-1.37906 	0.0173039 	
4.525	0.327712 	-0.171874 	0.582316 	-0.00779483 	-1.37931 	0.0173558 	
4.53	0.327712 	-0.171868 	0.582336 	-0.00782447 	-1.37954 	0.0174108 	
4.535	0.327709 	-0.171864 	0.582351 	-0.00785675 	-1.37975 	0.0174623 	
4.54	0.327704 	-0.17186 	0.582359 	-0.00789298 	-1.37994 	0.0175168 	
4.545	0.327698 	-0.171858 	0.582364 	-0.00793075 	-1.38011 	0.0175674 	
4.55	0.32769 	-0.171857 	0.582363 	-0.00797207 	-1.38027 	0.017621 	
4.555	0.327682 	-0.171857 	0.582359 	-0.00801451 	-1.38042 	0.0176709 	
4.56	0.327671 	-0.171858 	0.582349 	-0.00806017 	-1.38055 	0.017724 	
4.565	0.32766 	-0.17186 	0.582338 	-0.00810669 	-1.38068 	0.0177734 	
4.57	0.327647 	-0.171862 	0.582322 	-0.00815613 	-1.38079 	0.0178262 	
4.575	0.327634 	-0.171865 	0.582303 	-0.00820625 	-1.38089 	0.0178757 	
4.58	0.327619 	-0.171868 	0.582281 	-0.00825907 	-1.38098 	0.0179286 	
4.585	0.327604 	-0.171872 	0.582257 	-0.00831243 	-1.38106 	0.0179786 	
4.59	0.327588 	-0.171877 	0.582228 	-0.00836828 	-1.38114 	0.0180321 	
4.595	0.327571 	-0.171882 	0.582199 	-0.00842459 	-1.3812 	0.0180831 	
4.6	0.327554 	-0.171887 	0.582166 	-0.00848321 	-1.38126 	0.0181376 	
4.605	0.327536 	-0.171892 	0.582131 	-0.00854223 	-1.38131 	0.0181901 	
4.61	0.327516 	-0.171898 	0.582091 	-0.00860456 	-1.38134 	0.0182465 	
4.615	0.327494 	-0.171905 	0.582046 	-0.00866924 	-1.38136 	0.0183015 	
4.62	0.327475 	-0.17191 	0.582006 	-0.00873211 	-1.38139 	0.0183616 	
4.625	0.327456 	-0.171919 	0.581969 	-0.00878929 	-1.38144 	0.0184008 	
4.63	0.327442 	-0.171945 	0.581953 	-0.00882461 	-1.38155 	0.0183681 	
4.635	0.327429 	-0.171973 	0.58194 	-0.00885608 	-1.38167 	0.0183217 	
4.64	0.32742 	-0.172015 	0.581947 	-0.00886696 	-1.38185 	0.0182108 	
4.645	0.327412 	-0.172058 	0.581954 	-0.00887722 	-1.38204 	0.0180988 	
4.65	0.327408 	-0.172107 	0.581977 	-0.00887268 	-1.38227 	0.0179478 	
4.655	0.327403 	-0.172157 	0.581998 	-0.00886952 	-1.3825 	0.0178002 	
4.66	0.3274 	-0.172212 	0.58203 	-0.00885515 	-1.38277 	0.0176202 	
4.665	0.327397 	-0.172265 	0.582059 	-0.00884491 	-1.38302 	0.0174545 	
4.67	0.327395 	-0.172317 	0.582094 	-0.00883007 	-1.3833 	0.0172844 	
4.675	0.327391 	-0.172367 	0.582122 	-0.00882095 	-1.38355 	0.0171287 	
4.68	0.327387 	-0.172418 	0.582149 	-0.00881184 	-1.3838 	0.0169699 	
4.685	0.327381 	-0.172464 	0.582168 	-0.00880958 	-1.38402 	0.0168307 	
4.69	0.327374 	-0.172508 	0.582184 	-0.00881138 	-1.38424 	0.0167055 	
4.695	0.327365 	-0.172548 	0.582192 	-0.00881959 	-1.38443 	0.0165981 	
4.7	0.327355 	-0.172585 	0.582197 	-0.00883209 	-1.3846 	0.0165044 	
4.705	0.327345 	-0.172618 	0.582196 	-0.00884988 	-1.38476 	0.0164292 	
4.71	0.327335 	-0.172645 	0.582196 	-0.00887001 	-1.38493 	0.0163739 	
4.715	0.327324 	-0.17267 	0.582191 	-0.00889435 	-1.38507 	0.0163292 	
4.72	0.327313 	-0.172694 	0.582184 	-0.00892111 	-1.38521 	0.0162921 	
4.725	0.3273 	-0.172715 	0.582173 	-0.00895177 	-1.38534 	0.0162648 	
4.73	0.327288 	-0.172736 	0.582161 	-0.00898301 	-1.38546 	0.0162404 	
4.735	0.327274 	-0.172756 	0.582145 	-0.00901722 	-1.38557 	0.0162235 	
4.74	0.327261 	-0.172775 	0.582132 	-0.00904993 	-1.38569 	0.0162045 	
4.745	0.327248 	-0.172794 	0.582116 	-0.00908491 	-1.3858 	0.0161911 	
4.75	0.327235 	-0.172813 	0.582104 	-0.00911656 	-1.38593 	0.0161713 	
4.755	0.327222 	-0.172832 	0.58209 	-0.00915007 	-1.38604 	0.0161561 	
4.76	0.327211 	-0.172852 	0.582082 	-0.00917894 	-1.38618 	0.0161313 	
4.765	0.327199 	-0.172872 	0.582073 	-0.0092096 	-1.38631 	0.0161107 	
4.77	0.32719 	-0.172893 	0.582069 	-0.00923495 	-1.38646 	0.0160789 	
4.775	0.327179 	-0.172913 	0.582064 	-0.00926225 	-1.38661 	0.0160515 	
4.78	0.32717 	-0.172935 	0.582065 	-0.00928419 	-1.38677 	0.0160127 	
4.785	0.327161 	-0.172957 	0.582063 	-0.0093084 	-1.38693 	0.0159791 	
4.79	0.327153 	-0.17298 	0.582068 	-0.00932768 	-1.3871 	0.0159349 	
4.795	0.327144 	-0.173001 	0.582067 	-0.00935118 	-1.38726 	0.0158996 	
4.8	0.327135 	-0.173024 	0.58207 	-0.00937242 	-1.38743 	0.0158587 	
4.805	0.327128 	-0.173045 	0.582075 	-0.00939261 	-1.38761 	0.0158221 	
4.81	0.32712 	-0.173063 	0.582078 	-0.00941521 	-1.38778 	0.0157966 	
4.815	0.327119 	-0.173088 	0.582102 	-0.00942017 	-1.38802 	0.0157296 	
4.82	0.32712 	-0.173109 	0.582133 	-0.00942325 	-1.38828 	0.0156733 	
4.825	0.327124 	-0.173124 	0.582174 	-0.00942283 	-1.38858 	0.01563 	
4.83	0.327143 	-0.173127 	0.582265 	-0.00939773 	-1.38903 	0.0155964 	
4.835	0.327159 	-0.173127 	0.582345 	-0.00938061 	-1.38945 	0.0155776 	
4.84	0.327175 	-0.173123 	0.582423 	-0.00936656 	-1.38986 	0.0155758 	
4.845	0.32719 	-0.173119 	0.582498 	-0.00935544 	-1.39026 	0.0155788 	
4.85	0.327202 	-0.173116 	0.582555 	-0.00935523 	-1.39061 	0.0155898 	
4.855	0.327213 	-0.173111 	0.58261 	-0.00935728 	-1.39095 	0.0156093 	
4.86	0.327229 	-0.173101 	0.582683 	-0.0093509 	-1.39134 	0.0156345 	
4.865	0.327243 	-0.17309 	0.582751 	-0.00934877 	-1.39172 	0.0156673 	
4.87	0.327259 	-0.173076 	0.582826 	-0.00934314 	-1.39212 	0.0157051 	
4.875	0.327275 	-0.17306 	0.582901 	-0.00933905 	-1.39252 	0.0157492 	
4.88	0.327297 	-0.173039 	0.582998 	-0.00932346 	-1.393 	0.0157964 	
4.885	0.327314 	-0.173019 	0.583081 	-0.00931656 	-1.39342 	0.0158503 	
4.89	0.327328 	-0.173 	0.58315 	-0.00931782 	-1.39381 	0.0159107 	
4.895	0.327339 	-0.172982 	0.583211 	-0.00932479 	-1.39417 	0.0159764 	
4.9	0.32735 	-0.172962 	0.583271 	-0.00933329 	-1.39452 	0.0160461 	
4.905	0.327357 	-0.172941 	0.583319 	-0.00934994 	-1.39483 	0.0161304 	
4.91	0.32736 	-0.172911 	0.583354 	-0.00937765 	-1.39511 	0.0162512 	
4.915	0.327366 	-0.17288 	0.5834 	-0.00940014 	-1.39542 	0.0163709 	
4.92	0.327388 	-0.17285 	0.583509 	-0.00938195 	-1.39593 	0.0164424 	
4.925	0.327406 	-0.172822 	0.583604 	-0.00937278 	-1.3964 	0.016519 	
4.93	0.327423 	-0.17279 	0.583695 	-0.00936747 	-1.39685 	0.0166089 	
4.935	0.327445 	-0.172747 	0.583801 	-0.00935608 	-1.39736 	0.016728 	
4.94	0.327468 	-0.172703 	0.583909 	-0.00934393 	-1.39787 	0.0168457 	
4.945	0.327499 	-0.172655 	0.584043 	-0.00931611 	-1.39846 	0.0169589 	
4.95	0.327524 	-0.17261 	0.58416 	-0.00929845 	-1.399 	0.0170756 	
4.955	0.327544 	-0.172567 	0.584261 	-0.00929115 	-1.39948 	0.0171985 	
4.96	0.327561 	-0.172526 	0.584347 	-0.00929247 	-1.39992 	0.0173234 	
4.965	0.327573 	-0.172487 	0.584419 	-0.00930223 	-1.40032 	0.0174523 	
4.97	0.327582 	-0.172449 	0.584479 	-0.00932016 	-1.40067 	0.0175874 	
4.975	0.327587 	-0.172413 	0.584527 	-0.00934496 	-1.40099 	0.0177242 	
4.98	0.32759 	-0.172379 	0.584566 	-0.00937609 	-1.40127 	0.0178639 	
4.985	0.32759 	-0.172346 	0.584595 	-0.00941322 	-1.40153 	0.0180044 	
4.99	0.327587 	-0.172315 	0.584615 	-0.00945593 	-1.40176 	0.0181456 	
4.995	0.327582 	-0.172286 	0.584626 	-0.00950381 	-1.40195 	0.0182874 	
5	0.327575 	-0.172259 	0.58463 	-0.00955648 	-1.40213 	0.0184299 	
5.005	0.327566 	-0.172233 	0.584626 	-0.00961356 	-1.40228 	0.0185729 	
5.01	0.327559 	-0.172207 	0.58463 	-0.0096656 	-1.40245 	0.0187102 	
5.015	0.327566 	-0.172177 	0.584685 	-0.00968569 	-1.40279 	0.018824 	
5.02	0.327583 	-0.172145 	0.584772 	-0.00968556 	-1.40323 	0.0189219 	
5.025	0.327598 	-0.172115 	0.584845 	-0.00969373 	-1.40363 	0.0190222 	
5.03	0.32761 	-0.172087 	0.584906 	-0.00970961 	-1.40398 	0.0191262 	
5.035	0.327618 	-0.17206 	0.584955 	-0.00973268 	-1.4043 	0.0192337 	
5.04	0.327623 	-0.172035 	0.584994 	-0.00976246 	-1.40459 	0.0193443 	
5.045	0.327625 	-0.172011 	0.585022 	-0.00979848 	-1.40484 	0.019458 	
5.05	0.327625 	-0.171988 	0.585042 	-0.0098403 	-1.40507 	0.0195746 	
5.055	0.327622 	-0.171966 	0.585054 	-0.0098875 	-1.40526 	0.0196937 	
5.06	0.327617 	-0.171946 	0.585057 	-0.00993967 	-1.40544 	0.0198152 	
5.065	0.32761 	-0.171926 	0.585054 	-0.00999646 	-1.40559 	0.019939 	
