0	0.0375657 	-0.00170152 	-0.0284831 	4.31391e-06 	-0.00180521 	8.30314e-05 	
0.005	0.185079 	-0.00838305 	-0.140331 	2.12538e-05 	-0.00889393 	0.00040908 	
0.01	0.321796 	-0.0145756 	-0.243993 	3.69539e-05 	-0.0154638 	0.000711265 	
0.015	0.448506 	-0.0203148 	-0.340067 	5.15049e-05 	-0.0215529 	0.000991334 	
0.02	0.565942 	-0.025634 	-0.42911 	6.49908e-05 	-0.0271963 	0.0012509 	
0.025	0.674784 	-0.0305639 	-0.511636 	7.74893e-05 	-0.0324266 	0.00149147 	
0.03	0.775659 	-0.0351329 	-0.588121 	8.90722e-05 	-0.0372742 	0.00171444 	
0.035	0.869152 	-0.0393675 	-0.659007 	9.98062e-05 	-0.041767 	0.00192108 	
0.04	0.955802 	-0.0432921 	-0.724705 	0.000109753 	-0.045931 	0.00211259 	
0.045	1.03611 	-0.0469294 	-0.785593 	0.000118971 	-0.0497903 	0.00229009 	
0.05	1.11054 	-0.0503004 	-0.842024 	0.000127512 	-0.0533672 	0.00245459 	
0.055	1.17953 	-0.0534247 	-0.894324 	0.000135427 	-0.0566823 	0.00260705 	
0.06	1.24346 	-0.0563202 	-0.942794 	0.000142759 	-0.0597549 	0.00274834 	
0.065	1.30272 	-0.0590037 	-0.987716 	0.000149553 	-0.0626026 	0.00287929 	
0.07	1.35764 	-0.0614907 	-1.02935 	0.000155846 	-0.0652419 	0.00300065 	
0.075	1.40854 	-0.0637956 	-1.06793 	0.000161676 	-0.0676882 	0.00311313 	
0.08	1.45572 	-0.0659317 	-1.10369 	0.000167076 	-0.0699555 	0.00321736 	
0.085	1.49944 	-0.0679113 	-1.13683 	0.000172077 	-0.0720569 	0.00331397 	
0.09	1.53997 	-0.069746 	-1.16754 	0.000176708 	-0.0740047 	0.00340349 	
0.095	1.57753 	-0.0714462 	-1.19601 	0.000180997 	-0.0758099 	0.00348646 	
0.1	1.61234 	-0.0730219 	-1.22238 	0.000184967 	-0.0774832 	0.00356334 	
0.105	1.6446 	-0.0744821 	-1.24683 	0.000188642 	-0.0790341 	0.00363459 	
0.11	1.67451 	-0.0758353 	-1.26948 	0.000192043 	-0.0804715 	0.00370062 	
0.115	1.70223 	-0.0770893 	-1.29047 	0.00019519 	-0.0818039 	0.00376181 	
0.12	1.72791 	-0.0782514 	-1.30992 	0.000198102 	-0.083039 	0.00381851 	
0.125	1.75173 	-0.0793282 	-1.32795 	0.000200795 	-0.0841837 	0.00387105 	
0.13	1.7738 	-0.0803261 	-1.34466 	0.000203285 	-0.0852448 	0.00391974 	
0.135	1.79425 	-0.0812507 	-1.36013 	0.000205586 	-0.0862284 	0.00396485 	
0.14	1.81321 	-0.0821075 	-1.37448 	0.000207713 	-0.0871401 	0.00400665 	
0.145	1.83078 	-0.0829013 	-1.38777 	0.000209678 	-0.0879853 	0.00404538 	
0.15	1.84707 	-0.0836369 	-1.40008 	0.000211492 	-0.0887688 	0.00408127 	
0.155	1.86217 	-0.0843184 	-1.41149 	0.000213167 	-0.0894951 	0.00411451 	
0.16	1.87617 	-0.0849498 	-1.42206 	0.000214712 	-0.0901684 	0.00414531 	
0.165	1.88763 	-0.0842351 	-1.43408 	0.000276783 	-0.090796 	0.00416465 	
0.17	1.89996 	-0.0848384 	-1.44332 	0.000274948 	-0.0913872 	0.00419008 	
0.175	1.91133 	-0.085411 	-1.45181 	0.000272387 	-0.0919344 	0.00421317 	
0.18	1.92179 	-0.0859334 	-1.45962 	0.000270341 	-0.092439 	0.00423453 	
0.185	1.93149 	-0.0864174 	-1.46685 	0.000268437 	-0.0929068 	0.00425431 	
0.19	1.94048 	-0.0868656 	-1.47355 	0.000266663 	-0.0933406 	0.00427263 	
0.195	1.94881 	-0.0872808 	-1.47976 	0.000265011 	-0.0937429 	0.00428959 	
0.2	1.95654 	-0.0876654 	-1.4855 	0.00026347 	-0.0941159 	0.0043053 	
0.205	1.9637 	-0.0880215 	-1.49082 	0.000262033 	-0.0944619 	0.00431984 	
0.21	1.97034 	-0.0883513 	-1.49575 	0.000260692 	-0.0947827 	0.0043333 	
0.215	1.97649 	-0.0886566 	-1.50031 	0.00025944 	-0.0950804 	0.00434576 	
0.22	1.9822 	-0.0889392 	-1.50453 	0.00025827 	-0.0953564 	0.00435729 	
0.225	1.98592 	-0.0878591 	-1.51074 	0.00032012 	-0.0956159 	0.00435882 	
0.23	1.99113 	-0.0881669 	-1.51452 	0.000315748 	-0.0958658 	0.00436773 	
0.235	1.99591 	-0.0884653 	-1.51795 	0.000310841 	-0.0960968 	0.0043755 	
0.24	2.00027 	-0.0887337 	-1.52106 	0.000306616 	-0.0963085 	0.00438265 	
0.245	2.0043 	-0.088982 	-1.52394 	0.00030269 	-0.0965048 	0.00438926 	
0.25	2.00804 	-0.0892119 	-1.5266 	0.000299041 	-0.0966871 	0.00439536 	
0.255	2.01152 	-0.0894245 	-1.52906 	0.000295647 	-0.0968563 	0.004401 	
0.26	2.01474 	-0.0896212 	-1.53134 	0.000292491 	-0.0970135 	0.00440621 	
0.265	2.01772 	-0.0898032 	-1.53344 	0.000289554 	-0.0971594 	0.00441102 	
0.27	2.0205 	-0.0899714 	-1.53538 	0.000286821 	-0.0972949 	0.00441545 	
0.275	2.02137 	-0.0886863 	-1.53966 	0.000352219 	-0.0974244 	0.00441009 	
0.28	2.02409 	-0.0889023 	-1.54149 	0.00034617 	-0.0975548 	0.00441285 	
0.285	2.02655 	-0.089116 	-1.54311 	0.000339669 	-0.0976748 	0.00441486 	
0.29	2.02875 	-0.089305 	-1.54453 	0.000333998 	-0.0977833 	0.00441667 	
0.295	2.03079 	-0.0894797 	-1.54584 	0.000328729 	-0.0978842 	0.00441833 	
0.3	2.03268 	-0.0896411 	-1.54705 	0.000323834 	-0.097978 	0.00441984 	
0.305	2.03444 	-0.0897904 	-1.54817 	0.000319285 	-0.0980653 	0.00442121 	
0.31	2.03607 	-0.0899282 	-1.54919 	0.000315056 	-0.0981465 	0.00442247 	
0.315	2.03595 	-0.08868 	-1.55252 	0.000376349 	-0.0982255 	0.00441495 	
0.32	2.03767 	-0.0888668 	-1.55355 	0.000369153 	-0.0983085 	0.00441501 	
0.325	2.03922 	-0.089053 	-1.55442 	0.000361615 	-0.0983848 	0.00441453 	
0.33	2.04057 	-0.0892169 	-1.55517 	0.000354961 	-0.0984531 	0.00441403 	
0.335	2.04182 	-0.0893684 	-1.55585 	0.000348782 	-0.0985167 	0.00441354 	
0.34	2.04299 	-0.0895083 	-1.55647 	0.000343041 	-0.098576 	0.00441306 	
0.345	2.04408 	-0.0896374 	-1.55704 	0.000337707 	-0.0986314 	0.00441259 	
0.35	2.04347 	-0.0884108 	-1.5599 	0.000396894 	-0.0986863 	0.004404 	
0.355	2.04472 	-0.0885889 	-1.56053 	0.000388794 	-0.0987469 	0.00440259 	
0.36	2.04583 	-0.0887669 	-1.56104 	0.000380427 	-0.0988025 	0.00440075 	
0.365	2.04677 	-0.0889233 	-1.56144 	0.000372999 	-0.0988516 	0.00439898 	
0.37	2.04766 	-0.0890678 	-1.56181 	0.000366099 	-0.0988976 	0.00439731 	
0.375	2.04848 	-0.0892011 	-1.56214 	0.000359691 	-0.0989405 	0.00439573 	
0.38	2.04924 	-0.0893242 	-1.56244 	0.000353737 	-0.0989808 	0.00439424 	
0.385	2.0482 	-0.0879776 	-1.56526 	0.00041817 	-0.0990222 	0.0043844 	
0.39	2.04921 	-0.0881575 	-1.56568 	0.000409169 	-0.0990714 	0.00438202 	
0.395	2.05009 	-0.0883378 	-1.56597 	0.000399908 	-0.0991161 	0.00437922 	
0.4	2.05081 	-0.0884953 	-1.56617 	0.000391696 	-0.0991548 	0.00437655 	
0.405	2.05149 	-0.0886407 	-1.56635 	0.00038407 	-0.099191 	0.00437404 	
0.41	2.05212 	-0.0887748 	-1.5665 	0.000376988 	-0.0992251 	0.00437169 	
0.415	2.05104 	-0.0875266 	-1.56905 	0.000436511 	-0.0992605 	0.00436193 	
0.42	2.05191 	-0.0877114 	-1.56933 	0.00042676 	-0.0993034 	0.00435885 	
0.425	2.05266 	-0.0878958 	-1.5695 	0.000416836 	-0.0993426 	0.00435543 	
0.43	2.05328 	-0.0880577 	-1.56959 	0.000407981 	-0.0993764 	0.00435217 	
0.435	2.05385 	-0.088207 	-1.56967 	0.00039976 	-0.0994082 	0.00434911 	
0.44	2.05439 	-0.0883448 	-1.56972 	0.000392126 	-0.0994381 	0.00434625 	
0.445	2.05313 	-0.0870293 	-1.57232 	0.000454928 	-0.0994699 	0.00433604 	
0.45	2.05395 	-0.0872218 	-1.57253 	0.000444457 	-0.0995104 	0.00433246 	
0.455	2.05465 	-0.0874138 	-1.57264 	0.000433825 	-0.0995471 	0.00432852 	
0.46	2.05521 	-0.087582 	-1.57266 	0.000424345 	-0.0995783 	0.00432478 	
0.465	2.05573 	-0.0877372 	-1.57266 	0.000415543 	-0.0996077 	0.00432128 	
0.47	2.05621 	-0.0878803 	-1.57266 	0.000407372 	-0.0996355 	0.004318 	
0.475	2.0548 	-0.0864863 	-1.57536 	0.000474153 	-0.0996656 	0.00430742 	
0.48	2.05561 	-0.0866889 	-1.57554 	0.000462928 	-0.0997056 	0.00430341 	
0.485	2.05628 	-0.0868908 	-1.5756 	0.00045155 	-0.0997414 	0.00429901 	
0.49	2.05681 	-0.0870672 	-1.57557 	0.000441416 	-0.0997716 	0.00429483 	
0.495	2.05731 	-0.0872299 	-1.57553 	0.00043201 	-0.0998 	0.00429092 	
0.5	2.05609 	-0.0860199 	-1.57791 	0.000489952 	-0.0998302 	0.00428098 	
0.505	2.05685 	-0.0862299 	-1.57802 	0.000478126 	-0.0998687 	0.00427653 	
0.51	2.0575 	-0.0864378 	-1.57804 	0.000466261 	-0.0999038 	0.00427177 	
0.515	2.05802 	-0.0866212 	-1.57798 	0.000455617 	-0.0999337 	0.00426727 	
0.52	2.0585 	-0.0867903 	-1.57792 	0.000445738 	-0.0999621 	0.00426306 	
0.525	2.05723 	-0.0855538 	-1.58035 	0.000505205 	-0.0999923 	0.00425308 	
0.53	2.058 	-0.0857717 	-1.58045 	0.000492839 	-0.100031 	0.00424834 	
0.535	2.05865 	-0.0859871 	-1.58045 	0.000480451 	-0.100067 	0.00424328 	
0.54	2.05917 	-0.086177 	-1.58037 	0.000469339 	-0.100097 	0.00423848 	
0.545	2.05966 	-0.0863522 	-1.58029 	0.000459026 	-0.100125 	0.004234 	
0.55	2.05831 	-0.0850712 	-1.5828 	0.000520971 	-0.100156 	0.00422399 	
0.555	2.05909 	-0.0852978 	-1.5829 	0.000508042 	-0.100196 	0.00421896 	
0.56	2.05976 	-0.0855217 	-1.58288 	0.000495098 	-0.100232 	0.00421359 	
0.565	2.06028 	-0.0857188 	-1.58279 	0.000483495 	-0.100262 	0.0042085 	
0.57	2.06078 	-0.0859006 	-1.58269 	0.000472728 	-0.100291 	0.00420374 	
0.575	2.05936 	-0.084576 	-1.5853 	0.000537171 	-0.100322 	0.00419375 	
0.58	2.06017 	-0.0848119 	-1.58539 	0.000523655 	-0.100364 	0.00418844 	
0.585	2.06086 	-0.0850447 	-1.58537 	0.000510134 	-0.100401 	0.00418275 	
0.59	2.06139 	-0.0852496 	-1.58526 	0.000498021 	-0.100432 	0.00417736 	
0.595	2.06189 	-0.0854385 	-1.58515 	0.000486783 	-0.100461 	0.00417233 	
0.6	2.06041 	-0.0840727 	-1.58785 	0.000553655 	-0.100493 	0.00416242 	
0.605	2.06125 	-0.0843183 	-1.58795 	0.000539539 	-0.100536 	0.00415681 	
0.61	2.06196 	-0.0845604 	-1.58792 	0.000525428 	-0.100574 	0.00415081 	
0.615	2.0625 	-0.0847733 	-1.5878 	0.000512795 	-0.100606 	0.00414511 	
0.62	2.06135 	-0.0836736 	-1.59006 	0.000566529 	-0.10064 	0.00413583 	
0.625	2.06215 	-0.0839252 	-1.5901 	0.000551944 	-0.100681 	0.00412981 	
0.63	2.06284 	-0.0841715 	-1.59004 	0.000537512 	-0.100719 	0.00412354 	
0.635	2.0634 	-0.0843904 	-1.58992 	0.00052449 	-0.100752 	0.00411761 	
0.64	2.06225 	-0.0832956 	-1.59219 	0.000578252 	-0.100786 	0.00410849 	
0.645	2.06306 	-0.0835528 	-1.59222 	0.000563297 	-0.100828 	0.00410226 	
0.65	2.06376 	-0.0838043 	-1.59216 	0.000548516 	-0.100867 	0.00409578 	
0.655	2.06433 	-0.084028 	-1.59204 	0.000535174 	-0.1009 	0.00408965 	
0.66	2.06315 	-0.0829138 	-1.59435 	0.000590228 	-0.100935 	0.00408068 	
0.665	2.06398 	-0.083177 	-1.59439 	0.000574889 	-0.100978 	0.00407424 	
0.67	2.0647 	-0.0834344 	-1.59433 	0.000559731 	-0.101018 	0.00406754 	
0.675	2.06528 	-0.0836631 	-1.5942 	0.000546055 	-0.101052 	0.0040612 	
0.68	2.06407 	-0.0825286 	-1.59657 	0.000602473 	-0.101087 	0.00405241 	
0.685	2.06492 	-0.0827981 	-1.59661 	0.000586731 	-0.101131 	0.00404576 	
0.69	2.06565 	-0.0830616 	-1.59655 	0.000571177 	-0.101172 	0.00403882 	
0.695	2.06625 	-0.0832957 	-1.59641 	0.000557148 	-0.101206 	0.00403226 	
0.7	2.06501 	-0.0821422 	-1.59884 	0.000614891 	-0.101243 	0.00402366 	
0.705	2.06588 	-0.0824183 	-1.59888 	0.000598731 	-0.101288 	0.00401679 	
0.71	2.06663 	-0.0826882 	-1.59882 	0.000582767 	-0.101329 	0.00400961 	
0.715	2.06723 	-0.0829278 	-1.59868 	0.000568373 	-0.101365 	0.00400282 	
0.72	2.06596 	-0.0817568 	-1.60116 	0.000627393 	-0.101402 	0.00399444 	
0.725	2.06686 	-0.0820397 	-1.6012 	0.000610806 	-0.101448 	0.00398734 	
0.73	2.06762 	-0.0823161 	-1.60114 	0.000594423 	-0.10149 	0.00397992 	
0.735	2.06824 	-0.0825613 	-1.60099 	0.000579657 	-0.101526 	0.00397289 	
0.74	2.06694 	-0.0813743 	-1.60352 	0.000639908 	-0.101564 	0.00396475 	
0.745	2.06785 	-0.081664 	-1.60357 	0.000622888 	-0.101611 	0.00395742 	
0.75	2.06863 	-0.0819469 	-1.60351 	0.000606082 	-0.101654 	0.00394974 	
0.755	2.06926 	-0.0821978 	-1.60336 	0.000590938 	-0.101691 	0.00394247 	
0.76	2.06793 	-0.0809961 	-1.60594 	0.000652377 	-0.101729 	0.00393461 	
0.765	2.06887 	-0.0812926 	-1.60599 	0.000634921 	-0.101778 	0.00392704 	
0.77	2.06967 	-0.081582 	-1.60592 	0.000617691 	-0.101822 	0.0039191 	
0.775	2.07031 	-0.0818387 	-1.60577 	0.000602168 	-0.101859 	0.00391158 	
0.78	2.06895 	-0.0806236 	-1.6084 	0.000664752 	-0.101898 	0.00390403 	
0.785	2.06991 	-0.0809269 	-1.60845 	0.000646861 	-0.101948 	0.00389621 	
0.79	2.07072 	-0.0812228 	-1.60839 	0.000629206 	-0.101993 	0.00388802 	
0.795	2.07137 	-0.0814853 	-1.60823 	0.000613304 	-0.102031 	0.00388025 	
0.8	2.06999 	-0.0802581 	-1.61091 	0.00067699 	-0.10207 	0.00387303 	
0.805	2.07097 	-0.0805681 	-1.61096 	0.000658666 	-0.102121 	0.00386497 	
0.81	2.0718 	-0.0808705 	-1.61089 	0.000640588 	-0.102167 	0.00385651 	
0.815	2.07246 	-0.0811386 	-1.61073 	0.000624308 	-0.102205 	0.00384848 	
0.82	2.07105 	-0.0799007 	-1.61346 	0.000689056 	-0.102246 	0.00384164 	
0.825	2.07205 	-0.0802173 	-1.61351 	0.000670302 	-0.102297 	0.00383333 	
0.83	2.07289 	-0.0805261 	-1.61345 	0.000651804 	-0.102344 	0.00382461 	
0.835	2.07357 	-0.0807998 	-1.61328 	0.000635149 	-0.102383 	0.00381632 	
0.84	2.07213 	-0.0795524 	-1.61605 	0.000700918 	-0.102424 	0.00380987 	
0.845	2.07315 	-0.0798755 	-1.61611 	0.000681737 	-0.102477 	0.00380132 	
0.85	2.07401 	-0.0801905 	-1.61604 	0.000662823 	-0.102524 	0.00379233 	
0.855	2.07469 	-0.0804697 	-1.61587 	0.000645796 	-0.102564 	0.00378378 	
0.86	2.07323 	-0.0792142 	-1.61868 	0.000712546 	-0.102605 	0.00377776 	
0.865	2.07427 	-0.0795436 	-1.61875 	0.000692943 	-0.102659 	0.00376896 	
0.87	2.07514 	-0.0798648 	-1.61868 	0.000673618 	-0.102707 	0.0037597 	
0.875	2.07584 	-0.0801494 	-1.61851 	0.000656224 	-0.102747 	0.0037509 	
0.88	2.07435 	-0.0788869 	-1.62136 	0.000723912 	-0.102789 	0.00374532 	
0.885	2.07541 	-0.0792226 	-1.62142 	0.000703894 	-0.102844 	0.00373628 	
0.89	2.07629 	-0.0795498 	-1.62136 	0.000684164 	-0.102892 	0.00372675 	
0.895	2.07531 	-0.0786508 	-1.62355 	0.000732213 	-0.102936 	0.00372021 	
0.9	2.07628 	-0.07899 	-1.62353 	0.000711836 	-0.102988 	0.00371058 	
0.905	2.07713 	-0.0793179 	-1.62343 	0.000691972 	-0.103035 	0.00370079 	
0.91	2.07785 	-0.0796116 	-1.62326 	0.00067395 	-0.103077 	0.00369155 	
0.915	2.07638 	-0.0783742 	-1.62611 	0.000741273 	-0.10312 	0.00368676 	
0.92	2.07745 	-0.0787181 	-1.62617 	0.000720673 	-0.103175 	0.00367732 	
0.925	2.07835 	-0.079053 	-1.6261 	0.000700389 	-0.103225 	0.00366738 	
0.93	2.07735 	-0.0781523 	-1.62834 	0.000749331 	-0.10327 	0.00366146 	
0.935	2.07834 	-0.0784998 	-1.62833 	0.000728369 	-0.103322 	0.00365145 	
0.94	2.07921 	-0.0788356 	-1.62823 	0.000707937 	-0.103371 	0.00364124 	
0.945	2.07825 	-0.0779662 	-1.63042 	0.000755471 	-0.103416 	0.00363548 	
0.95	2.07924 	-0.078316 	-1.63041 	0.000734322 	-0.103469 	0.0036253 	
0.955	2.08012 	-0.0786538 	-1.6303 	0.000713727 	-0.103518 	0.00361495 	
0.96	2.07915 	-0.077786 	-1.63251 	0.000761529 	-0.103563 	0.0036095 	
0.965	2.08015 	-0.0781382 	-1.6325 	0.000740195 	-0.103616 	0.00359918 	
0.97	2.08104 	-0.0784783 	-1.6324 	0.00071942 	-0.103665 	0.00358869 	
0.975	2.08005 	-0.07761 	-1.63462 	0.000767624 	-0.103711 	0.00358357 	
0.98	2.08107 	-0.0779647 	-1.63461 	0.000746093 	-0.103765 	0.0035731 	
0.985	2.08196 	-0.0783074 	-1.63451 	0.000725124 	-0.103814 	0.00356245 	
0.99	2.08097 	-0.0774389 	-1.63675 	0.000773714 	-0.10386 	0.00355766 	
0.995	2.08199 	-0.0777964 	-1.63675 	0.000751974 	-0.103914 	0.00354705 	
1	2.08288 	-0.0781417 	-1.63664 	0.0007308 	-0.103964 	0.00353624 	
1.005	2.08188 	-0.0772738 	-1.6389 	0.000779747 	-0.10401 	0.00353178 	
1.01	2.08291 	-0.0776343 	-1.6389 	0.00075779 	-0.104064 	0.00352101 	
1.015	2.08382 	-0.0779824 	-1.6388 	0.000736405 	-0.104114 	0.00351004 	
1.02	2.08281 	-0.0771156 	-1.64107 	0.00078568 	-0.104161 	0.00350591 	
1.025	2.08384 	-0.077479 	-1.64107 	0.000763501 	-0.104216 	0.00349498 	
1.03	2.08475 	-0.07783 	-1.64097 	0.000741901 	-0.104266 	0.00348384 	
1.035	2.08374 	-0.076965 	-1.64326 	0.000791477 	-0.104312 	0.00348005 	
1.04	2.08478 	-0.0773314 	-1.64325 	0.000769074 	-0.104368 	0.00346896 	
1.045	2.0857 	-0.0776852 	-1.64315 	0.000747255 	-0.104418 	0.00345765 	
1.05	2.08467 	-0.0768227 	-1.64546 	0.000797107 	-0.104465 	0.0034542 	
1.055	2.08572 	-0.0771921 	-1.64545 	0.000774479 	-0.104521 	0.00344294 	
1.06	2.08664 	-0.0775487 	-1.64535 	0.00075244 	-0.104571 	0.00343146 	
1.065	2.08561 	-0.0766891 	-1.64767 	0.000802546 	-0.104618 	0.00342836 	
1.07	2.08667 	-0.0770614 	-1.64767 	0.000779692 	-0.104674 	0.00341693 	
1.075	2.08759 	-0.077421 	-1.64757 	0.000757435 	-0.104725 	0.00340527 	
1.08	2.08656 	-0.0765647 	-1.6499 	0.000807771 	-0.104773 	0.00340253 	
1.085	2.08762 	-0.07694 	-1.6499 	0.000784693 	-0.104829 	0.00339093 	
1.09	2.08855 	-0.0773023 	-1.64979 	0.000762219 	-0.10488 	0.0033791 	
1.095	2.0875 	-0.07645 	-1.65214 	0.000812764 	-0.104928 	0.00337671 	
1.1	2.08857 	-0.0768281 	-1.65214 	0.000789465 	-0.104984 	0.00336496 	
1.105	2.08951 	-0.0771932 	-1.65203 	0.000766776 	-0.105035 	0.00335295 	
1.11	2.08846 	-0.0763452 	-1.65439 	0.000817509 	-0.105083 	0.00335093 	
1.115	2.08953 	-0.0767262 	-1.65439 	0.000793992 	-0.10514 	0.003339 	
1.12	2.09047 	-0.077094 	-1.65428 	0.000771091 	-0.105192 	0.00332683 	
1.125	2.08941 	-0.0762508 	-1.65665 	0.000821991 	-0.105239 	0.00332517 	
1.13	2.09049 	-0.0766345 	-1.65665 	0.000798261 	-0.105296 	0.00331308 	
1.135	2.09143 	-0.0770049 	-1.65654 	0.000775152 	-0.105348 	0.00330074 	
1.14	2.09037 	-0.0761669 	-1.65891 	0.000826199 	-0.105396 	0.00329945 	
1.145	2.09145 	-0.0765532 	-1.65892 	0.000802259 	-0.105453 	0.0032872 	
1.15	2.0924 	-0.0769262 	-1.65881 	0.000778948 	-0.105505 	0.00327469 	
1.155	2.09133 	-0.0760939 	-1.66119 	0.000830122 	-0.105554 	0.00327378 	
1.16	2.09242 	-0.0764827 	-1.66119 	0.000805978 	-0.105611 	0.00326137 	
1.165	2.09337 	-0.0768581 	-1.66109 	0.000782469 	-0.105663 	0.00324869 	
1.17	2.0923 	-0.0760318 	-1.66348 	0.00083375 	-0.105711 	0.00324817 	
1.175	2.09339 	-0.0764231 	-1.66348 	0.000809406 	-0.105769 	0.0032356 	
1.18	2.09434 	-0.0768008 	-1.66338 	0.000785705 	-0.105821 	0.00322276 	
1.185	2.09326 	-0.075981 	-1.66577 	0.000837073 	-0.105869 	0.00322263 	
1.19	2.09436 	-0.0763746 	-1.66577 	0.000812537 	-0.105927 	0.0032099 	
1.195	2.09531 	-0.0767545 	-1.66567 	0.000788648 	-0.105979 	0.0031969 	
1.2	2.09423 	-0.0759415 	-1.66806 	0.000840085 	-0.106028 	0.00319716 	
1.205	2.09533 	-0.0763374 	-1.66806 	0.000815362 	-0.106086 	0.00318428 	
1.21	2.09628 	-0.0767194 	-1.66796 	0.000791292 	-0.106138 	0.00317112 	
1.215	2.0952 	-0.0759136 	-1.67036 	0.000842777 	-0.106186 	0.00317177 	
1.22	2.0963 	-0.0763116 	-1.67036 	0.000817874 	-0.106244 	0.00315875 	
1.225	2.09726 	-0.0766956 	-1.67026 	0.00079363 	-0.106297 	0.00314544 	
1.23	2.09617 	-0.0758973 	-1.67266 	0.000845145 	-0.106345 	0.00314648 	
1.235	2.09727 	-0.0762972 	-1.67267 	0.000820068 	-0.106403 	0.00313331 	
1.24	2.09823 	-0.0766832 	-1.67257 	0.000795656 	-0.106456 	0.00311985 	
1.245	2.09714 	-0.0758928 	-1.67497 	0.000847181 	-0.106504 	0.00312129 	
1.25	2.09824 	-0.0762945 	-1.67498 	0.000821938 	-0.106562 	0.00310798 	
1.255	2.0992 	-0.0766823 	-1.67487 	0.000797365 	-0.106615 	0.00309437 	
1.26	2.09811 	-0.0759 	-1.67728 	0.00084888 	-0.106664 	0.00309622 	
1.265	2.09921 	-0.0763035 	-1.67728 	0.000823479 	-0.106722 	0.00308277 	
1.27	2.10017 	-0.0766929 	-1.67718 	0.000798751 	-0.106774 	0.00306902 	
1.275	2.09908 	-0.0759192 	-1.67959 	0.000850239 	-0.106823 	0.00307127 	
1.28	2.10018 	-0.0763243 	-1.67959 	0.000824685 	-0.106881 	0.00305768 	
1.285	2.10114 	-0.0767152 	-1.67949 	0.000799811 	-0.106933 	0.0030438 	
1.29	2.10005 	-0.0759503 	-1.6819 	0.000851251 	-0.106982 	0.00304644 	
1.295	2.10115 	-0.0763569 	-1.6819 	0.000825554 	-0.10704 	0.00303273 	
1.3	2.10211 	-0.0767492 	-1.6818 	0.00080054 	-0.107092 	0.00301871 	
1.305	2.10102 	-0.0759933 	-1.6842 	0.000851914 	-0.107141 	0.00302176 	
1.31	2.10212 	-0.0764013 	-1.68421 	0.000826081 	-0.107199 	0.00300792 	
1.315	2.10308 	-0.0767949 	-1.68411 	0.000800936 	-0.107251 	0.00299377 	
1.32	2.10198 	-0.0760484 	-1.68651 	0.000852225 	-0.1073 	0.00299723 	
1.325	2.10308 	-0.0764575 	-1.68651 	0.000826263 	-0.107358 	0.00298326 	
1.33	2.10404 	-0.0768523 	-1.68641 	0.000800994 	-0.10741 	0.00296899 	
1.335	2.10295 	-0.0761154 	-1.68881 	0.000852179 	-0.107459 	0.00297285 	
1.34	2.10404 	-0.0765256 	-1.68882 	0.000826098 	-0.107516 	0.00295877 	
1.345	2.105 	-0.0769214 	-1.68871 	0.000800714 	-0.107569 	0.00294438 	
1.35	2.10391 	-0.0761944 	-1.69111 	0.000851775 	-0.107617 	0.00294863 	
1.355	2.105 	-0.0766056 	-1.69112 	0.000825583 	-0.107675 	0.00293444 	
1.36	2.10596 	-0.0770022 	-1.69101 	0.000800091 	-0.107727 	0.00291994 	
1.365	2.10487 	-0.0762854 	-1.6934 	0.000851011 	-0.107775 	0.00292459 	
1.37	2.10596 	-0.0766973 	-1.69341 	0.000824717 	-0.107833 	0.00291029 	
1.375	2.10692 	-0.0770947 	-1.69331 	0.000799125 	-0.107885 	0.00289569 	
1.38	2.10582 	-0.0763882 	-1.69569 	0.000849884 	-0.107933 	0.00290073 	
1.385	2.10691 	-0.0768008 	-1.6957 	0.000823497 	-0.10799 	0.00288633 	
1.39	2.10787 	-0.0771988 	-1.6956 	0.000797815 	-0.108042 	0.00287162 	
1.395	2.10677 	-0.0765028 	-1.69798 	0.000848394 	-0.10809 	0.00287705 	
1.4	2.10786 	-0.076916 	-1.69798 	0.000821922 	-0.108147 	0.00286256 	
1.405	2.10882 	-0.0773145 	-1.69788 	0.000796159 	-0.108199 	0.00284775 	
1.41	2.10772 	-0.0766292 	-1.70025 	0.00084654 	-0.108247 	0.00285357 	
1.415	2.10881 	-0.0770427 	-1.70026 	0.000819993 	-0.108304 	0.00283898 	
1.42	2.10976 	-0.0774416 	-1.70015 	0.000794157 	-0.108356 	0.00282409 	
1.425	2.10867 	-0.0767673 	-1.70252 	0.000844321 	-0.108403 	0.00283029 	
1.43	2.10975 	-0.077181 	-1.70252 	0.000817708 	-0.10846 	0.00281562 	
1.435	2.1107 	-0.07758 	-1.70242 	0.000791808 	-0.108511 	0.00280064 	
1.44	2.10961 	-0.0769169 	-1.70478 	0.000841738 	-0.108559 	0.00280721 	
1.445	2.11068 	-0.0773306 	-1.70478 	0.000815068 	-0.108615 	0.00279246 	
1.45	2.11163 	-0.0777297 	-1.70468 	0.000789114 	-0.108667 	0.00277741 	
1.455	2.11055 	-0.0770779 	-1.70702 	0.00083879 	-0.108714 	0.00278435 	
1.46	2.11162 	-0.0774915 	-1.70703 	0.000812074 	-0.10877 	0.00276953 	
1.465	2.11256 	-0.0778906 	-1.70693 	0.000786074 	-0.108821 	0.00275441 	
1.47	2.11148 	-0.0772501 	-1.70926 	0.000835479 	-0.108868 	0.00276171 	
1.475	2.11254 	-0.0776636 	-1.70926 	0.000808726 	-0.108924 	0.00274682 	
1.48	2.11348 	-0.0780624 	-1.70916 	0.000782691 	-0.108975 	0.00273164 	
1.485	2.1124 	-0.0774335 	-1.71149 	0.000831805 	-0.109021 	0.00273929 	
1.49	2.11346 	-0.0778466 	-1.71149 	0.000805025 	-0.109077 	0.00272434 	
1.495	2.11439 	-0.078245 	-1.71139 	0.000778965 	-0.109128 	0.0027091 	
1.5	2.11332 	-0.0776278 	-1.7137 	0.000827771 	-0.109174 	0.0027171 	
1.505	2.11438 	-0.0780404 	-1.7137 	0.000800974 	-0.109229 	0.0027021 	
1.51	2.1153 	-0.0784382 	-1.7136 	0.000774898 	-0.10928 	0.00268681 	
1.515	2.11424 	-0.0778329 	-1.7159 	0.000823378 	-0.109326 	0.00269515 	
1.52	2.11528 	-0.0782447 	-1.7159 	0.000796575 	-0.109381 	0.0026801 	
1.525	2.11621 	-0.078642 	-1.7158 	0.000770493 	-0.109431 	0.00266477 	
1.53	2.11514 	-0.0780485 	-1.71808 	0.000818629 	-0.109477 	0.00267344 	
1.535	2.11619 	-0.0784595 	-1.71808 	0.00079183 	-0.109531 	0.00265835 	
1.54	2.1171 	-0.0788559 	-1.71799 	0.000765753 	-0.109581 	0.00264298 	
1.545	2.11605 	-0.0782745 	-1.72025 	0.000813527 	-0.109627 	0.00265197 	
1.55	2.11708 	-0.0786845 	-1.72025 	0.000786743 	-0.109681 	0.00263685 	
1.555	2.11799 	-0.0790799 	-1.72015 	0.00076068 	-0.10973 	0.00262144 	
1.56	2.11694 	-0.0785106 	-1.7224 	0.000808075 	-0.109775 	0.00263075 	
1.565	2.11797 	-0.0789195 	-1.72241 	0.000781317 	-0.109829 	0.0026156 	
1.57	2.11887 	-0.0793138 	-1.72231 	0.000755279 	-0.109878 	0.00260017 	
1.575	2.11783 	-0.0787566 	-1.72454 	0.000802277 	-0.109923 	0.00260978 	
1.58	2.11885 	-0.0791641 	-1.72454 	0.000775555 	-0.109976 	0.00259461 	
1.585	2.11975 	-0.0795572 	-1.72444 	0.000749553 	-0.110025 	0.00257917 	
1.59	2.11871 	-0.0790122 	-1.72666 	0.000796137 	-0.11007 	0.00258906 	
1.595	2.11972 	-0.0794182 	-1.72666 	0.000769462 	-0.110123 	0.00257388 	
1.6	2.12061 	-0.0798098 	-1.72656 	0.000743506 	-0.110171 	0.00255843 	
1.605	2.11958 	-0.0792771 	-1.72876 	0.00078966 	-0.110215 	0.0025686 	
1.61	2.12059 	-0.0796816 	-1.72876 	0.000763043 	-0.110268 	0.00255341 	
1.615	2.12147 	-0.0800716 	-1.72866 	0.000737144 	-0.110315 	0.00253797 	
1.62	2.12045 	-0.0795512 	-1.73084 	0.00078285 	-0.110359 	0.00254841 	
1.625	2.12144 	-0.0799538 	-1.73084 	0.000756303 	-0.110411 	0.00253322 	
1.63	2.12232 	-0.0803421 	-1.73075 	0.000730472 	-0.110459 	0.00251778 	
1.635	2.12307 	-0.0806896 	-1.73057 	0.000707063 	-0.1105 	0.00250328 	
1.64	2.1215 	-0.0798998 	-1.73343 	0.000774525 	-0.110542 	0.00252267 	
1.645	2.12257 	-0.080301 	-1.73351 	0.000748181 	-0.110597 	0.0025082 	
1.65	2.12347 	-0.0806917 	-1.73345 	0.000722214 	-0.110646 	0.00249289 	
1.655	2.12242 	-0.0801749 	-1.73565 	0.000768852 	-0.110689 	0.00250462 	
1.66	2.1234 	-0.0805762 	-1.73565 	0.000742303 	-0.11074 	0.00248937 	
1.665	2.12426 	-0.0809635 	-1.73556 	0.000716445 	-0.110786 	0.00247384 	
1.67	2.12499 	-0.0813098 	-1.73538 	0.000693021 	-0.110827 	0.00245924 	
1.675	2.12345 	-0.0805592 	-1.73818 	0.000758944 	-0.110868 	0.00247925 	
1.68	2.12449 	-0.0809578 	-1.73825 	0.000732662 	-0.110922 	0.00246469 	
1.685	2.12538 	-0.0813459 	-1.73819 	0.000706762 	-0.110969 	0.00244932 	
1.69	2.1261 	-0.0816898 	-1.73802 	0.000683448 	-0.111009 	0.00243474 	
1.695	2.12453 	-0.0809392 	-1.74083 	0.00075026 	-0.11105 	0.00245577 	
1.7	2.12557 	-0.081337 	-1.74091 	0.000723986 	-0.111103 	0.00244121 	
1.705	2.12645 	-0.0817247 	-1.74085 	0.000698072 	-0.11115 	0.00242579 	
1.71	2.12716 	-0.0820679 	-1.74067 	0.000674754 	-0.11119 	0.00241116 	
1.715	2.12561 	-0.0813401 	-1.74345 	0.000740592 	-0.11123 	0.00243246 	
1.72	2.12663 	-0.0817363 	-1.74353 	0.000714365 	-0.111282 	0.00241786 	
1.725	2.1275 	-0.0821223 	-1.74346 	0.000688503 	-0.111329 	0.00240241 	
1.73	2.1282 	-0.0824643 	-1.74329 	0.000665227 	-0.111368 	0.00238777 	
1.735	2.12667 	-0.0817609 	-1.74602 	0.000729896 	-0.111407 	0.00240926 	
1.74	2.12768 	-0.0821547 	-1.74609 	0.000703776 	-0.111459 	0.00239464 	
1.745	2.12853 	-0.0825382 	-1.74603 	0.000678022 	-0.111505 	0.00237921 	
1.75	2.12923 	-0.0828781 	-1.74586 	0.000654838 	-0.111543 	0.0023646 	
1.755	2.12772 	-0.082199 	-1.74854 	0.000718308 	-0.111582 	0.00238624 	
1.76	2.12871 	-0.0825895 	-1.74861 	0.000692344 	-0.111633 	0.00237164 	
1.765	2.12955 	-0.0829699 	-1.74854 	0.000666747 	-0.111678 	0.00235627 	
1.77	2.13023 	-0.0833071 	-1.74837 	0.000643699 	-0.111715 	0.00234171 	
1.775	2.12876 	-0.0826518 	-1.75101 	0.000705949 	-0.111754 	0.00236347 	
1.78	2.12972 	-0.0830384 	-1.75107 	0.000680184 	-0.111804 	0.00234893 	
1.785	2.13055 	-0.0834151 	-1.75101 	0.000654786 	-0.111848 	0.00233364 	
1.79	2.13122 	-0.0837491 	-1.75084 	0.000631911 	-0.111885 	0.00231917 	
1.795	2.12978 	-0.0831172 	-1.75342 	0.000692916 	-0.111923 	0.00234103 	
1.8	2.13072 	-0.0834994 	-1.75348 	0.000667387 	-0.111972 	0.00232656 	
1.805	2.13153 	-0.0838718 	-1.75342 	0.000642224 	-0.112015 	0.00231138 	
1.81	2.1322 	-0.0842022 	-1.75325 	0.000619556 	-0.112051 	0.00229702 	
1.815	2.13078 	-0.0835934 	-1.75578 	0.000679287 	-0.112089 	0.00231894 	
1.82	2.1317 	-0.0839708 	-1.75584 	0.000654029 	-0.112136 	0.00230457 	
1.825	2.1325 	-0.0843385 	-1.75577 	0.000629133 	-0.112179 	0.00228952 	
1.83	2.13315 	-0.0846648 	-1.75561 	0.000606702 	-0.112215 	0.0022753 	
1.835	2.13176 	-0.0840788 	-1.75809 	0.000665127 	-0.112251 	0.00229723 	
1.84	2.13267 	-0.0844509 	-1.75814 	0.000640171 	-0.112298 	0.00228299 	
1.845	2.13345 	-0.0848135 	-1.75808 	0.000615573 	-0.112339 	0.00226808 	
1.85	2.13409 	-0.0851353 	-1.75792 	0.000593405 	-0.112375 	0.00225402 	
1.855	2.13273 	-0.084572 	-1.76034 	0.000650492 	-0.112411 	0.00227593 	
1.86	2.13361 	-0.0849383 	-1.76039 	0.000625865 	-0.112456 	0.00226183 	
1.865	2.13438 	-0.0852954 	-1.76033 	0.000601592 	-0.112497 	0.00224709 	
1.87	2.13501 	-0.0856126 	-1.76018 	0.000579712 	-0.112531 	0.0022332 	
1.875	2.13368 	-0.0850715 	-1.76254 	0.000635428 	-0.112566 	0.00225506 	
1.88	2.13454 	-0.0854318 	-1.76259 	0.000611158 	-0.112611 	0.00224111 	
1.885	2.13529 	-0.0857831 	-1.76252 	0.000587235 	-0.112651 	0.00222656 	
1.89	2.13591 	-0.0860951 	-1.76238 	0.000565667 	-0.112685 	0.00221286 	
1.895	2.13461 	-0.0855762 	-1.76468 	0.000619979 	-0.112719 	0.0022346 	
1.9	2.13545 	-0.0859301 	-1.76472 	0.000596089 	-0.112762 	0.00222083 	
1.905	2.13618 	-0.0862751 	-1.76466 	0.000572542 	-0.112801 	0.00220649 	
1.91	2.13679 	-0.0865818 	-1.76452 	0.000551308 	-0.112834 	0.00219299 	
1.915	2.13553 	-0.0860847 	-1.76677 	0.000604181 	-0.112868 	0.00221459 	
1.92	2.13634 	-0.0864319 	-1.7668 	0.000580697 	-0.11291 	0.002201 	
1.925	2.13706 	-0.0867705 	-1.76674 	0.00055755 	-0.112948 	0.00218689 	
1.93	2.13765 	-0.0870715 	-1.7666 	0.000536672 	-0.11298 	0.00217361 	
1.935	2.13642 	-0.0865959 	-1.76879 	0.000588072 	-0.113013 	0.002195 	
1.94	2.13722 	-0.0869361 	-1.76882 	0.000565017 	-0.113054 	0.00218163 	
1.945	2.13791 	-0.0872679 	-1.76877 	0.000542292 	-0.113091 	0.00216775 	
1.95	2.13849 	-0.0875631 	-1.76863 	0.00052179 	-0.113123 	0.00215471 	
1.955	2.13903 	-0.0878337 	-1.76849 	0.000502899 	-0.113153 	0.00214262 	
1.96	2.13743 	-0.0871983 	-1.77112 	0.000569394 	-0.113184 	0.00217208 	
1.965	2.13826 	-0.0875309 	-1.77121 	0.000546944 	-0.113226 	0.00215952 	
1.97	2.13896 	-0.0878584 	-1.77118 	0.00052454 	-0.113263 	0.002146 	
1.975	2.13952 	-0.0881472 	-1.77104 	0.000504448 	-0.113294 	0.00213319 	
1.98	2.14005 	-0.0884118 	-1.7709 	0.000485934 	-0.113322 	0.00212132 	
1.985	2.13847 	-0.0877953 	-1.77348 	0.000551432 	-0.113352 	0.00215094 	
1.99	2.13927 	-0.0881213 	-1.77357 	0.000529388 	-0.113393 	0.00213856 	
1.995	2.13995 	-0.0884426 	-1.77354 	0.000507372 	-0.113429 	0.00212525 	
2	2.1405 	-0.0887259 	-1.77341 	0.000487628 	-0.113459 	0.00211265 	
2.005	2.14101 	-0.0889857 	-1.77328 	0.000469433 	-0.113487 	0.00210097 	
2.01	2.13948 	-0.0884043 	-1.77576 	0.000532306 	-0.113516 	0.00212989 	
2.015	2.14025 	-0.0887224 	-1.77584 	0.000510748 	-0.113555 	0.0021177 	
2.02	2.14091 	-0.0890359 	-1.7758 	0.000489223 	-0.11359 	0.00210465 	
2.025	2.14144 	-0.0893127 	-1.77568 	0.000469907 	-0.113619 	0.00209231 	
2.03	2.14194 	-0.0895665 	-1.77555 	0.000452107 	-0.113646 	0.00208088 	
2.035	2.14048 	-0.0890208 	-1.77793 	0.000512178 	-0.113674 	0.00210897 	
2.04	2.14121 	-0.0893297 	-1.778 	0.00049119 	-0.113711 	0.00209703 	
2.045	2.14185 	-0.0896343 	-1.77796 	0.000470241 	-0.113745 	0.00208429 	
2.05	2.14236 	-0.0899034 	-1.77785 	0.000451429 	-0.113773 	0.00207227 	
2.055	2.14284 	-0.0901502 	-1.77772 	0.000434094 	-0.113799 	0.00206114 	
2.06	2.14145 	-0.0896393 	-1.77999 	0.000491322 	-0.113826 	0.00208833 	
2.065	2.14215 	-0.0899381 	-1.78005 	0.000470975 	-0.113862 	0.00207668 	
2.07	2.14276 	-0.0902327 	-1.78002 	0.000450669 	-0.113893 	0.0020643 	
2.075	2.14325 	-0.0904935 	-1.77991 	0.000432425 	-0.11392 	0.00205265 	
2.08	2.14371 	-0.0907325 	-1.77979 	0.000415611 	-0.113945 	0.00204186 	
2.085	2.14415 	-0.0909516 	-1.77967 	0.000400123 	-0.113969 	0.00203185 	
2.09	2.1425 	-0.0903362 	-1.78222 	0.000467788 	-0.113994 	0.00206517 	
2.095	2.14321 	-0.0906238 	-1.78233 	0.000448276 	-0.11403 	0.00205434 	
2.1	2.14381 	-0.09091 	-1.78231 	0.000428577 	-0.114061 	0.00204245 	
2.105	2.14428 	-0.0911613 	-1.78221 	0.000410968 	-0.114087 	0.0020312 	
2.11	2.14472 	-0.0913917 	-1.78209 	0.000394739 	-0.114111 	0.00202077 	
2.115	2.14513 	-0.0916029 	-1.78198 	0.000379789 	-0.114134 	0.0020111 	
2.12	2.14356 	-0.0910251 	-1.78442 	0.000444357 	-0.114157 	0.00204341 	
2.125	2.14422 	-0.0913013 	-1.78451 	0.000425573 	-0.114191 	0.0020329 	
2.13	2.14479 	-0.0915765 	-1.7845 	0.000406602 	-0.114221 	0.00202143 	
2.135	2.14524 	-0.0918184 	-1.7844 	0.000389632 	-0.114245 	0.00201058 	
2.14	2.14566 	-0.0920404 	-1.78429 	0.000373991 	-0.114268 	0.00200054 	
2.145	2.14606 	-0.0922438 	-1.78418 	0.00035958 	-0.11429 	0.00199123 	
2.15	2.14459 	-0.0917156 	-1.78646 	0.000419673 	-0.114312 	0.00202171 	
2.155	2.14521 	-0.0919787 	-1.78654 	0.000401735 	-0.114344 	0.00201157 	
2.16	2.14574 	-0.0922408 	-1.78652 	0.000383626 	-0.114372 	0.00200058 	
2.165	2.14617 	-0.0924718 	-1.78643 	0.00036741 	-0.114395 	0.00199023 	
2.17	2.14657 	-0.0926838 	-1.78633 	0.000352461 	-0.114417 	0.00198064 	
2.175	2.14694 	-0.0928781 	-1.78623 	0.000338687 	-0.114437 	0.00197175 	
2.18	2.14729 	-0.0930561 	-1.78613 	0.000326001 	-0.114456 	0.00196351 	
2.185	2.14568 	-0.0924699 	-1.78855 	0.000392091 	-0.114477 	0.00199789 	
2.19	2.14628 	-0.0927178 	-1.78866 	0.000375235 	-0.114507 	0.00198858 	
2.195	2.1468 	-0.092967 	-1.78866 	0.000358035 	-0.114534 	0.00197822 	
2.2	2.1472 	-0.0931854 	-1.78857 	0.000342694 	-0.114555 	0.00196843 	
2.205	2.14757 	-0.0933858 	-1.78848 	0.00032855 	-0.114576 	0.00195936 	
2.21	2.14792 	-0.0935696 	-1.78839 	0.000315516 	-0.114594 	0.00195095 	
2.215	2.14824 	-0.0937381 	-1.7883 	0.000303508 	-0.114612 	0.00194316 	
2.22	2.14676 	-0.0932097 	-1.79052 	0.000364085 	-0.114631 	0.00197509 	
2.225	2.14731 	-0.0934413 	-1.79061 	0.000348289 	-0.114659 	0.00196625 	
2.23	2.14778 	-0.0936744 	-1.79061 	0.000332173 	-0.114684 	0.00195651 	
2.235	2.14815 	-0.0938793 	-1.79053 	0.000317779 	-0.114704 	0.00194734 	
2.24	2.1485 	-0.0940673 	-1.79045 	0.000304505 	-0.114722 	0.00193884 	
2.245	2.14883 	-0.0942399 	-1.79037 	0.00029227 	-0.11474 	0.00193097 	
2.25	2.14913 	-0.0943982 	-1.79029 	0.000280996 	-0.114757 	0.00192367 	
2.255	2.14941 	-0.0945431 	-1.7902 	0.000270612 	-0.114772 	0.00191691 	
2.26	2.14789 	-0.0939983 	-1.79244 	0.00033289 	-0.114789 	0.00195037 	
2.265	2.1484 	-0.0942105 	-1.79253 	0.000318437 	-0.114815 	0.00194239 	
2.27	2.14884 	-0.0944261 	-1.79254 	0.000303547 	-0.114837 	0.00193344 	
2.275	2.14918 	-0.0946148 	-1.79247 	0.000290284 	-0.114856 	0.00192501 	
2.28	2.14949 	-0.0947882 	-1.79241 	0.000278051 	-0.114873 	0.00191719 	
2.285	2.14979 	-0.0949474 	-1.79234 	0.000266772 	-0.114889 	0.00190995 	
2.29	2.15006 	-0.0950935 	-1.79226 	0.000256375 	-0.114904 	0.00190324 	
2.295	2.15032 	-0.0952274 	-1.79219 	0.000246795 	-0.114918 	0.00189702 	
2.3	2.15057 	-0.0953501 	-1.79212 	0.00023797 	-0.114931 	0.00189126 	
2.305	2.15079 	-0.0954625 	-1.79204 	0.000229846 	-0.114944 	0.00188592 	
2.31	2.14913 	-0.0948627 	-1.79439 	0.000297662 	-0.114958 	0.00192313 	
2.315	2.14961 	-0.0950524 	-1.79451 	0.000284818 	-0.114981 	0.00191629 	
2.32	2.15001 	-0.0952482 	-1.79454 	0.000271339 	-0.115002 	0.00190829 	
2.325	2.15031 	-0.0954183 	-1.79448 	0.000259403 	-0.115018 	0.00190072 	
2.33	2.15059 	-0.0955747 	-1.79443 	0.000248389 	-0.115033 	0.0018937 	
2.335	2.15085 	-0.0957185 	-1.79437 	0.000238227 	-0.115047 	0.0018872 	
2.34	2.15109 	-0.0958505 	-1.79431 	0.000228855 	-0.11506 	0.00188118 	
2.345	2.15132 	-0.0959718 	-1.79426 	0.000220213 	-0.115072 	0.0018756 	
2.35	2.15153 	-0.0960831 	-1.7942 	0.000212247 	-0.115084 	0.00187043 	
2.355	2.15173 	-0.0961851 	-1.79414 	0.000204906 	-0.115095 	0.00186564 	
2.36	2.15192 	-0.0962786 	-1.79407 	0.000198143 	-0.115105 	0.0018612 	
2.365	2.15209 	-0.0963643 	-1.79401 	0.000191914 	-0.115115 	0.00185709 	
2.37	2.15225 	-0.0964427 	-1.79395 	0.00018618 	-0.115124 	0.00185328 	
2.375	2.15055 	-0.0958271 	-1.79629 	0.000255354 	-0.115135 	0.00189194 	
2.38	2.15097 	-0.0959874 	-1.79642 	0.000244583 	-0.115155 	0.0018864 	
2.385	2.15131 	-0.0961561 	-1.79646 	0.00023302 	-0.115172 	0.00187963 	
2.39	2.15156 	-0.0963019 	-1.79642 	0.00022284 	-0.115186 	0.00187321 	
2.395	2.15179 	-0.0964361 	-1.79638 	0.000213436 	-0.115198 	0.00186726 	
2.4	2.15201 	-0.0965597 	-1.79635 	0.000204752 	-0.11521 	0.00186175 	
2.405	2.15221 	-0.0966735 	-1.79631 	0.000196733 	-0.11522 	0.00185664 	
2.41	2.1524 	-0.0967783 	-1.79627 	0.000189329 	-0.11523 	0.00185191 	
2.415	2.15257 	-0.0968747 	-1.79623 	0.000182493 	-0.11524 	0.00184752 	
2.42	2.15274 	-0.0969634 	-1.79619 	0.000176185 	-0.115249 	0.00184346 	
2.425	2.15289 	-0.097045 	-1.79615 	0.000170361 	-0.115257 	0.0018397 	
2.43	2.15303 	-0.09712 	-1.79611 	0.000164987 	-0.115265 	0.00183621 	
2.435	2.15316 	-0.0971889 	-1.79607 	0.000160029 	-0.115272 	0.00183298 	
2.44	2.15329 	-0.0972523 	-1.79603 	0.000155454 	-0.115279 	0.00182998 	
2.445	2.1534 	-0.0973105 	-1.796 	0.000151234 	-0.115285 	0.00182721 	
2.45	2.15351 	-0.097364 	-1.79596 	0.000147342 	-0.115291 	0.00182464 	
2.455	2.15361 	-0.0974131 	-1.79592 	0.000143752 	-0.115297 	0.00182226 	
2.46	2.15371 	-0.0974582 	-1.79589 	0.00014044 	-0.115302 	0.00182005 	
2.465	2.1538 	-0.0974997 	-1.79585 	0.000137386 	-0.115307 	0.00181801 	
2.47	2.15388 	-0.0975377 	-1.79582 	0.000134568 	-0.115311 	0.00181612 	
2.475	2.15395 	-0.0975727 	-1.79578 	0.000131969 	-0.115316 	0.00181436 	
2.48	2.15403 	-0.0976048 	-1.79575 	0.000129571 	-0.11532 	0.00181274 	
2.485	2.15409 	-0.0976344 	-1.79572 	0.000127358 	-0.115323 	0.00181123 	
2.49	2.15416 	-0.0976615 	-1.79569 	0.000125315 	-0.115327 	0.00180983 	
2.495	2.15421 	-0.0976865 	-1.79566 	0.000123429 	-0.11533 	0.00180854 	
2.5	2.15427 	-0.0977095 	-1.79564 	0.000121687 	-0.115333 	0.00180734 	
2.505	2.15432 	-0.0977307 	-1.79561 	0.000120076 	-0.115336 	0.00180623 	
2.51	2.15436 	-0.0977503 	-1.79559 	0.000118587 	-0.115339 	0.00180521 	
2.515	2.15441 	-0.0977685 	-1.79557 	0.000117206 	-0.115341 	0.00180425 	
2.52	2.15445 	-0.0977853 	-1.79554 	0.000115929 	-0.115343 	0.00180337 	
2.525	2.15449 	-0.0978008 	-1.79553 	0.000114745 	-0.115345 	0.00180255 	
2.53	2.15452 	-0.0978151 	-1.79551 	0.000113651 	-0.115347 	0.00180179 	
2.535	2.15455 	-0.0978282 	-1.79549 	0.000112652 	-0.115349 	0.0018011 	
2.54	2.15458 	-0.09784 	-1.79548 	0.000111743 	-0.115351 	0.00180046 	
2.545	2.15461 	-0.0978506 	-1.79546 	0.000110921 	-0.115353 	0.00179988 	
2.55	2.15464 	-0.09786 	-1.79545 	0.000110184 	-0.115354 	0.00179935 	
2.555	2.15467 	-0.0978682 	-1.79544 	0.00010953 	-0.115356 	0.00179887 	
2.56	2.1547 	-0.0978753 	-1.79543 	0.000108958 	-0.115357 	0.00179844 	
2.565	2.15473 	-0.0978811 	-1.79542 	0.000108467 	-0.115358 	0.00179806 	
2.57	2.15328 	-0.0965056 	-1.79736 	0.00020844 	-0.115362 	0.00182703 	
2.575	2.15351 	-0.0966285 	-1.79749 	0.000200627 	-0.115374 	0.00182374 	
2.58	2.1537 	-0.0967743 	-1.79755 	0.000191349 	-0.115383 	0.00181909 	
2.585	2.15382 	-0.0968984 	-1.79757 	0.000183434 	-0.11539 	0.0018148 	
2.59	2.15394 	-0.0970123 	-1.79758 	0.00017616 	-0.115396 	0.00181085 	
2.595	2.15406 	-0.0971167 	-1.7976 	0.000169485 	-0.115402 	0.00180722 	
2.6	2.15417 	-0.0972123 	-1.79761 	0.000163368 	-0.115407 	0.00180389 	
2.605	2.15427 	-0.0972997 	-1.79762 	0.000157775 	-0.115413 	0.00180083 	
2.61	2.15437 	-0.0973793 	-1.79763 	0.000152671 	-0.115418 	0.00179803 	
2.615	2.15447 	-0.0974516 	-1.79764 	0.000148025 	-0.115422 	0.00179547 	
2.62	2.15456 	-0.0975171 	-1.79765 	0.000143809 	-0.115427 	0.00179314 	
2.625	2.15465 	-0.0975763 	-1.79766 	0.000139994 	-0.115431 	0.00179102 	
2.63	2.15474 	-0.0976295 	-1.79767 	0.000136557 	-0.115435 	0.0017891 	
2.635	2.15483 	-0.097677 	-1.79768 	0.000133474 	-0.115439 	0.00178736 	
2.64	2.15551 	-0.0943746 	-1.79716 	0.000282167 	-0.115444 	0.00175248 	
2.645	2.15559 	-0.0945846 	-1.79717 	0.000269873 	-0.11545 	0.00174727 	
2.65	2.15563 	-0.0948286 	-1.79717 	0.000255693 	-0.115454 	0.00174139 	
2.655	2.15566 	-0.0950387 	-1.79716 	0.000243506 	-0.115457 	0.0017363 	
2.66	2.1557 	-0.0952312 	-1.79716 	0.000232338 	-0.11546 	0.00173164 	
2.665	2.15573 	-0.0954074 	-1.79715 	0.000222122 	-0.115463 	0.00172738 	
2.67	2.15577 	-0.0955684 	-1.79715 	0.000212788 	-0.115466 	0.00172348 	
2.675	2.15582 	-0.0957153 	-1.79715 	0.000204276 	-0.115469 	0.00171994 	
2.68	2.15661 	-0.0925769 	-1.79643 	0.00034121 	-0.115472 	0.00168017 	
2.685	2.15665 	-0.0928641 	-1.79643 	0.000324844 	-0.115477 	0.00167372 	
2.69	2.15664 	-0.0931762 	-1.79642 	0.000307073 	-0.11548 	0.00166679 	
2.695	2.15664 	-0.093449 	-1.7964 	0.000291554 	-0.115482 	0.00166072 	
2.7	2.15664 	-0.0936991 	-1.79638 	0.000277332 	-0.115484 	0.00165517 	
2.705	2.15664 	-0.0939281 	-1.79637 	0.000264316 	-0.115486 	0.00165009 	
2.71	2.15666 	-0.0941375 	-1.79636 	0.000252423 	-0.115488 	0.00164546 	
2.715	2.1575 	-0.0907825 	-1.79554 	0.000398036 	-0.115491 	0.00160127 	
2.72	2.15752 	-0.0911364 	-1.79554 	0.000378065 	-0.115496 	0.00159362 	
2.725	2.15749 	-0.0915134 	-1.79552 	0.000356771 	-0.115498 	0.00158552 	
2.73	2.15746 	-0.0918445 	-1.79549 	0.000338086 	-0.115499 	0.00157841 	
2.735	2.15744 	-0.0921481 	-1.79547 	0.000320961 	-0.115501 	0.00157191 	
2.74	2.15743 	-0.0924262 	-1.79545 	0.000305285 	-0.115503 	0.00156596 	
2.745	2.15827 	-0.0890929 	-1.79461 	0.000449276 	-0.115505 	0.00152012 	
2.75	2.15827 	-0.0895073 	-1.7946 	0.000425985 	-0.115509 	0.00151132 	
2.755	2.15822 	-0.0899405 	-1.79457 	0.000401609 	-0.115511 	0.00150214 	
2.76	2.15818 	-0.0903229 	-1.79454 	0.000380108 	-0.115513 	0.00149405 	
2.765	2.15815 	-0.0906737 	-1.79451 	0.000360397 	-0.115514 	0.00148665 	
2.77	2.15891 	-0.0876134 	-1.79372 	0.000491634 	-0.115516 	0.00144185 	
2.775	2.15889 	-0.0880789 	-1.7937 	0.000465505 	-0.11552 	0.00143203 	
2.78	2.15883 	-0.0885563 	-1.79366 	0.000438692 	-0.115522 	0.00142199 	
2.785	2.15878 	-0.0889803 	-1.79362 	0.000414903 	-0.115523 	0.00141308 	
2.79	2.15874 	-0.0893692 	-1.79359 	0.000393093 	-0.115524 	0.00140492 	
2.795	2.15956 	-0.086071 	-1.79273 	0.000534529 	-0.115526 	0.00135645 	
2.8	2.15953 	-0.0865829 	-1.79271 	0.000505849 	-0.11553 	0.00134569 	
2.805	2.15947 	-0.0871068 	-1.79267 	0.00047647 	-0.115532 	0.0013347 	
2.81	2.15941 	-0.0875721 	-1.79263 	0.000450395 	-0.115533 	0.00132496 	
2.815	2.16011 	-0.0847722 	-1.79185 	0.000569048 	-0.115535 	0.00127988 	
2.82	2.16006 	-0.0853272 	-1.79183 	0.000537963 	-0.115538 	0.00126824 	
2.825	2.15999 	-0.0858847 	-1.79178 	0.000506723 	-0.11554 	0.00125657 	
2.83	2.15992 	-0.0863828 	-1.79174 	0.000478831 	-0.115541 	0.00124615 	
2.835	2.16065 	-0.0834744 	-1.79093 	0.000602017 	-0.115543 	0.00119896 	
2.84	2.1606 	-0.0840644 	-1.7909 	0.000569001 	-0.115547 	0.00118659 	
2.845	2.16052 	-0.084656 	-1.79085 	0.000535875 	-0.115549 	0.00117421 	
2.85	2.16045 	-0.0851848 	-1.7908 	0.000506288 	-0.11555 	0.00116316 	
2.855	2.16122 	-0.0821121 	-1.78995 	0.000636496 	-0.115552 	0.0011133 	
2.86	2.16117 	-0.082738 	-1.78992 	0.000601497 	-0.115555 	0.00110018 	
2.865	2.16109 	-0.0833653 	-1.78987 	0.000566393 	-0.115558 	0.00108705 	
2.87	2.16102 	-0.0839261 	-1.78982 	0.000535038 	-0.115559 	0.00107533 	
2.875	2.16182 	-0.0806882 	-1.78892 	0.000672305 	-0.115561 	0.00102276 	
2.88	2.16178 	-0.0813512 	-1.78889 	0.000635256 	-0.115565 	0.00100884 	
2.885	2.16169 	-0.0820154 	-1.78884 	0.000598107 	-0.115567 	0.000994932 	
2.89	2.16161 	-0.0826092 	-1.78878 	0.000564925 	-0.115569 	0.000982518 	
2.895	2.16246 	-0.0792103 	-1.78783 	0.000709066 	-0.11557 	0.00092725 	
2.9	2.16241 	-0.0799112 	-1.7878 	0.000669922 	-0.115575 	0.000912524 	
2.905	2.16232 	-0.0806131 	-1.78775 	0.00063069 	-0.115577 	0.000897812 	
2.91	2.16296 	-0.0780586 	-1.78696 	0.000736538 	-0.115579 	0.000849331 	
2.915	2.16289 	-0.0787963 	-1.78692 	0.000695321 	-0.115582 	0.000833839 	
2.92	2.16279 	-0.0795213 	-1.78686 	0.000654805 	-0.115584 	0.000818636 	
2.925	2.16342 	-0.0769751 	-1.78607 	0.000760084 	-0.115585 	0.000769499 	
2.93	2.16335 	-0.0777367 	-1.78602 	0.000717553 	-0.115589 	0.000753493 	
2.935	2.16325 	-0.0784838 	-1.78596 	0.000675815 	-0.115591 	0.000737811 	
2.94	2.1639 	-0.0758648 	-1.78514 	0.000784166 	-0.115592 	0.00068726 	
2.945	2.16383 	-0.0766499 	-1.7851 	0.000740341 	-0.115596 	0.000670741 	
2.95	2.16373 	-0.07742 	-1.78503 	0.00069734 	-0.115598 	0.000654561 	
2.955	2.1644 	-0.0747225 	-1.78419 	0.000809011 	-0.1156 	0.000602524 	
2.96	2.16433 	-0.0755318 	-1.78415 	0.000763856 	-0.115604 	0.000585476 	
2.965	2.16422 	-0.0763256 	-1.78408 	0.000719552 	-0.115606 	0.000568781 	
2.97	2.16492 	-0.0735515 	-1.78322 	0.000834464 	-0.115608 	0.000515259 	
2.975	2.16484 	-0.0743854 	-1.78317 	0.000787951 	-0.115612 	0.000497668 	
2.98	2.16474 	-0.0752033 	-1.78311 	0.000742317 	-0.115614 	0.000480446 	
2.985	2.16546 	-0.0723549 	-1.78222 	0.000860367 	-0.115616 	0.000425454 	
2.99	2.16538 	-0.0732139 	-1.78218 	0.000812478 	-0.11562 	0.00040731 	
2.995	2.16527 	-0.0740562 	-1.78211 	0.0007655 	-0.115623 	0.000389553 	
3	2.16601 	-0.0711358 	-1.7812 	0.000886589 	-0.115624 	0.00033311 	
3.005	2.16593 	-0.0720199 	-1.78115 	0.000837315 	-0.115629 	0.000314408 	
3.01	2.16582 	-0.0728867 	-1.78109 	0.000788987 	-0.115631 	0.000296111 	
3.015	2.16657 	-0.0698965 	-1.78015 	0.000913022 	-0.115633 	0.00023824 	
3.02	2.16649 	-0.0708059 	-1.78011 	0.000862363 	-0.115638 	0.000218977 	
3.025	2.16639 	-0.0716972 	-1.78004 	0.000812686 	-0.11564 	0.000200138 	
3.03	2.16715 	-0.0686394 	-1.77908 	0.000939579 	-0.115642 	0.000140867 	
3.035	2.16707 	-0.0695738 	-1.77904 	0.000887541 	-0.115647 	0.000121042 	
3.04	2.16696 	-0.0704896 	-1.77897 	0.000836521 	-0.11565 	0.00010166 	
3.045	2.16774 	-0.0673662 	-1.77799 	0.000966187 	-0.115651 	4.10169e-05 	
3.05	2.16766 	-0.0683256 	-1.77794 	0.000912781 	-0.115656 	2.06317e-05 	
3.055	2.16755 	-0.0692655 	-1.77787 	0.000860431 	-0.115659 	7.10098e-07 	
3.06	2.16834 	-0.0660786 	-1.77687 	0.000992787 	-0.115661 	-6.12738e-05 	
3.065	2.16827 	-0.0670627 	-1.77682 	0.000938029 	-0.115666 	-8.22162e-05 	
3.07	2.16815 	-0.0680266 	-1.77675 	0.000884365 	-0.115669 	-0.000102674 	
3.075	2.16896 	-0.0647783 	-1.77573 	0.00101933 	-0.11567 	-0.000165966 	
3.08	2.16888 	-0.0657867 	-1.77568 	0.000963238 	-0.115676 	-0.000187461 	
3.085	2.16876 	-0.0667742 	-1.77561 	0.000908279 	-0.115679 	-0.00020845 	
3.09	2.16958 	-0.0634665 	-1.77457 	0.00104577 	-0.11568 	-0.000273015 	
3.095	2.1695 	-0.0644988 	-1.77452 	0.00098837 	-0.115686 	-0.000295057 	
3.1	2.16938 	-0.0655096 	-1.77445 	0.000932138 	-0.115689 	-0.000316572 	
3.105	2.17021 	-0.0621445 	-1.77339 	0.00107208 	-0.11569 	-0.000382373 	
3.11	2.17013 	-0.0632003 	-1.77334 	0.00101339 	-0.115696 	-0.000404955 	
3.115	2.17001 	-0.0642339 	-1.77326 	0.000955912 	-0.115699 	-0.000426988 	
3.12	2.17085 	-0.0608135 	-1.77218 	0.00109822 	-0.1157 	-0.00049399 	
3.125	2.17078 	-0.0618924 	-1.77213 	0.00103827 	-0.115706 	-0.000517104 	
3.13	2.17133 	-0.0598602 	-1.77134 	0.00111734 	-0.115708 	-0.000573078 	
3.135	2.17119 	-0.0609695 	-1.77127 	0.00105568 	-0.115712 	-0.000596797 	
3.14	2.17105 	-0.0620354 	-1.77118 	0.000996437 	-0.115715 	-0.000619557 	
3.145	2.17189 	-0.058661 	-1.7701 	0.00113655 	-0.115716 	-0.000687079 	
3.15	2.1718 	-0.0597722 	-1.77005 	0.00107485 	-0.115722 	-0.00071095 	
3.155	2.17237 	-0.0577005 	-1.76924 	0.00115553 	-0.115724 	-0.000768248 	
3.16	2.17223 	-0.0588408 	-1.76917 	0.0010922 	-0.115728 	-0.000792698 	
3.165	2.17276 	-0.0568708 	-1.76837 	0.00116831 	-0.11573 	-0.000849162 	
3.17	2.17263 	-0.0580213 	-1.7683 	0.00110443 	-0.115734 	-0.000873854 	
3.175	2.17315 	-0.0560424 	-1.7675 	0.00118094 	-0.115735 	-0.000930651 	
3.18	2.17302 	-0.0572016 	-1.76742 	0.00111659 	-0.115739 	-0.000955561 	
3.185	2.17356 	-0.0552038 	-1.76661 	0.00119393 	-0.115741 	-0.00101281 	
3.19	2.17343 	-0.056372 	-1.76654 	0.00112911 	-0.115745 	-0.00103794 	
3.195	2.17397 	-0.0543554 	-1.76573 	0.00120727 	-0.115747 	-0.00109565 	
3.2	2.17384 	-0.0555328 	-1.76566 	0.00114195 	-0.115751 	-0.00112102 	
3.205	2.17439 	-0.0534984 	-1.76484 	0.00122089 	-0.115753 	-0.00117919 	
3.21	2.17427 	-0.0546855 	-1.76477 	0.00115506 	-0.115757 	-0.00120479 	
3.215	2.17482 	-0.0526342 	-1.76394 	0.00123474 	-0.115759 	-0.00126342 	
3.22	2.17469 	-0.053831 	-1.76387 	0.00116839 	-0.115764 	-0.00128927 	
3.225	2.17525 	-0.0517639 	-1.76304 	0.00124876 	-0.115766 	-0.00134835 	
3.23	2.17513 	-0.0529705 	-1.76297 	0.00118188 	-0.11577 	-0.00137444 	
3.235	2.17569 	-0.0508884 	-1.76214 	0.0012629 	-0.115772 	-0.00143396 	
3.24	2.17557 	-0.052105 	-1.76207 	0.00119549 	-0.115777 	-0.0014603 	
3.245	2.17613 	-0.0500088 	-1.76123 	0.00127712 	-0.115779 	-0.00152026 	
3.25	2.17601 	-0.0512353 	-1.76116 	0.00120918 	-0.115784 	-0.00154684 	
3.255	2.17658 	-0.0491258 	-1.76031 	0.0012914 	-0.115786 	-0.00160722 	
3.26	2.17646 	-0.0503621 	-1.76025 	0.00122293 	-0.11579 	-0.00163405 	
3.265	2.17704 	-0.0482401 	-1.75939 	0.00130569 	-0.115792 	-0.00169485 	
3.27	2.17692 	-0.0494862 	-1.75933 	0.0012367 	-0.115797 	-0.00172193 	
3.275	2.17749 	-0.0473524 	-1.75847 	0.00131998 	-0.115799 	-0.00178313 	
3.28	2.17737 	-0.0486081 	-1.7584 	0.00125047 	-0.115804 	-0.00181045 	
3.285	2.17795 	-0.0464633 	-1.75754 	0.00133423 	-0.115806 	-0.00187205 	
3.29	2.17783 	-0.0477286 	-1.75747 	0.00126422 	-0.115811 	-0.00189961 	
3.295	2.17841 	-0.0455733 	-1.75661 	0.00134844 	-0.115813 	-0.00196158 	
3.3	2.17829 	-0.046848 	-1.75654 	0.00127792 	-0.115818 	-0.00198938 	
3.305	2.17888 	-0.0446831 	-1.75567 	0.00136258 	-0.11582 	-0.00205172 	
3.31	2.17876 	-0.0459669 	-1.7556 	0.00129157 	-0.115825 	-0.00207975 	
3.315	2.17935 	-0.043793 	-1.75473 	0.00137663 	-0.115827 	-0.00214245 	
3.32	2.17923 	-0.0450858 	-1.75466 	0.00130515 	-0.115832 	-0.00217071 	
3.325	2.17982 	-0.0429034 	-1.75378 	0.00139058 	-0.115834 	-0.00223375 	
3.33	2.1797 	-0.044205 	-1.75372 	0.00131864 	-0.11584 	-0.00226223 	
3.335	2.18029 	-0.0420149 	-1.75283 	0.00140443 	-0.115841 	-0.0023256 	
3.34	2.18017 	-0.043325 	-1.75277 	0.00133203 	-0.115847 	-0.0023543 	
3.345	2.18076 	-0.0411278 	-1.75188 	0.00141815 	-0.115849 	-0.00241798 	
3.35	2.18064 	-0.0424461 	-1.75181 	0.00134532 	-0.115854 	-0.0024469 	
3.355	2.18124 	-0.0402424 	-1.75092 	0.00143174 	-0.115856 	-0.00251087 	
3.36	2.18112 	-0.0415687 	-1.75086 	0.00135849 	-0.115861 	-0.00254 	
3.365	2.18171 	-0.0393592 	-1.74996 	0.00144519 	-0.115863 	-0.00260426 	
3.37	2.18159 	-0.0406932 	-1.7499 	0.00137153 	-0.115868 	-0.00263359 	
3.375	2.18219 	-0.0384783 	-1.749 	0.00145849 	-0.11587 	-0.00269811 	
3.38	2.18207 	-0.0398198 	-1.74894 	0.00138444 	-0.115875 	-0.00272765 	
3.385	2.18267 	-0.0376003 	-1.74804 	0.00147163 	-0.115877 	-0.00279242 	
3.39	2.18255 	-0.0389488 	-1.74798 	0.00139721 	-0.115883 	-0.00282215 	
3.395	2.18315 	-0.0367252 	-1.74707 	0.0014846 	-0.115884 	-0.00288716 	
3.4	2.18303 	-0.0380806 	-1.74701 	0.00140983 	-0.11589 	-0.00291707 	
3.405	2.18363 	-0.0358536 	-1.74611 	0.00149741 	-0.115891 	-0.0029823 	
3.41	2.18351 	-0.0372155 	-1.74604 	0.00142229 	-0.115897 	-0.00301239 	
3.415	2.18411 	-0.0349855 	-1.74514 	0.00151004 	-0.115899 	-0.00307783 	
3.42	2.18399 	-0.0363537 	-1.74508 	0.0014346 	-0.115904 	-0.00310809 	
3.425	1.90299 	-0.164733 	-1.13948 	0.0116419 	-0.0897101 	0.0033983 	
3.43	1.07905 	-0.547165 	0.643236 	0.0417045 	-0.0127158 	0.022173 	
3.435	0.919704 	-0.621074 	1.07976 	0.0501683 	0.00486476 	0.0238955 	
3.44	0.287749 	-0.923429 	2.60433 	0.0768129 	0.06867 	0.0360714 	
3.445	0.140057 	-0.980979 	2.92719 	0.0822211 	0.0825725 	0.0385166 	
3.45	-0.591175 	-1.29406 	4.41642 	0.105062 	0.148293 	0.0558251 	
3.455	-0.661886 	-1.335 	4.61274 	0.108677 	0.156521 	0.0569735 	
3.46	-1.15662 	-1.58849 	5.82832 	0.130027 	0.207644 	0.0673605 	
3.465	-1.21182 	-1.617 	5.97543 	0.132734 	0.213974 	0.0679993 	
3.47	-1.75991 	-1.86592 	7.18538 	0.153075 	0.266559 	0.0799085 	
3.475	-1.98114 	-1.9184 	7.43728 	0.155118 	0.280902 	0.0855793 	
3.48	-2.22153 	-2.05998 	8.23163 	0.170294 	0.311798 	0.0881954 	
3.485	-2.17347 	-2.05245 	8.22822 	0.170681 	0.310566 	0.0859317 	
3.49	-2.40013 	-2.18199 	8.96214 	0.184552 	0.339315 	0.0884915 	
3.495	-2.34925 	-2.16993 	8.93082 	0.184259 	0.337201 	0.0863681 	
3.5	-2.49185 	-2.27277 	9.5444 	0.196978 	0.359882 	0.0859585 	
3.505	-2.4676 	-2.12313 	9.49281 	0.198469 	0.357985 	0.0537647 	
3.51	-3.33732 	-1.97303 	10.6709 	0.216426 	0.419473 	-0.00772221 	
3.515	-3.34455 	-1.81833 	10.6371 	0.211859 	0.418165 	-0.0290311 	
3.52	-4.14119 	-1.55004 	11.6978 	0.214457 	0.471647 	-0.0854778 	
3.525	-4.13467 	-1.43283 	11.649 	0.20324 	0.468664 	-0.0876319 	
3.53	-4.80772 	-1.19413 	12.5787 	0.181686 	0.511775 	-0.101355 	
3.535	-4.75503 	-1.16916 	12.4892 	0.191949 	0.509255 	-0.12315 	
3.54	-5.41426 	-1.08006 	13.3689 	0.22992 	0.558485 	-0.205053 	
3.545	-5.45559 	-0.862478 	13.3234 	0.214307 	0.556256 	-0.216022 	
3.55	-6.4944 	-0.444636 	14.3306 	0.168161 	0.609832 	-0.212146 	
3.555	-6.11898 	-0.374804 	13.5261 	0.148887 	0.574376 	-0.198368 	
3.56	-6.57311 	-0.111038 	13.9186 	0.114419 	0.594916 	-0.192513 	
3.565	-7.14928 	0.199632 	14.3984 	0.0840562 	0.621503 	-0.192886 	
3.57	-7.67191 	0.476256 	14.9123 	0.052899 	0.647719 	-0.194086 	
3.575	-7.95559 	0.670349 	15.0758 	0.0302079 	0.657844 	-0.190317 	
3.58	-8.30585 	0.843363 	15.4708 	0.00457114 	0.676552 	-0.185481 	
3.585	-8.45159 	0.950111 	15.4218 	-0.000685187 	0.678584 	-0.193359 	
3.59	-8.60101 	0.92142 	15.6686 	0.0169178 	0.692152 	-0.222844 	
3.595	-8.15465 	0.82825 	15.3694 	0.025313 	0.671117 	-0.221768 	
3.6	-8.77399 	0.846668 	15.791 	0.0179942 	0.701805 	-0.229431 	
3.605	-8.40563 	0.860115 	15.3311 	0.0184987 	0.677672 	-0.232522 	
3.61	-8.94754 	1.07974 	16.1511 	0.0115734 	0.715593 	-0.265235 	
3.615	-8.05188 	0.99453 	14.8656 	0.0124659 	0.652949 	-0.248923 	
3.62	-7.27886 	0.919237 	13.6583 	0.0122367 	0.596122 	-0.232048 	
3.625	-6.49262 	0.839897 	12.6838 	0.0167 	0.545608 	-0.220507 	
3.63	-5.8034 	0.739321 	12.0632 	0.0276685 	0.508316 	-0.212164 	
3.635	-5.1802 	0.654537 	11.3604 	0.0341596 	0.470478 	-0.202067 	
3.64	-4.57669 	0.55745 	10.9043 	0.0454822 	0.440392 	-0.195837 	
3.645	-4.03624 	0.480057 	10.334 	0.0518833 	0.408731 	-0.187576 	
3.65	-3.51015 	0.389861 	9.99461 	0.0629349 	0.38421 	-0.182909 	
3.655	-3.04288 	0.320567 	9.52427 	0.0689088 	0.357502 	-0.176043 	
3.66	-2.58493 	0.237822 	9.27478 	0.0794825 	0.337504 	-0.172604 	
3.665	-2.18186 	0.176623 	8.88144 	0.0848694 	0.314829 	-0.166822 	
3.67	-1.78359 	0.101322 	8.70204 	0.0948606 	0.298535 	-0.164355 	
3.675	-1.43665 	0.0479093 	8.36842 	0.0995825 	0.279163 	-0.159422 	
3.68	-1.09049 	-0.020257 	8.24406 	0.108948 	0.265924 	-0.157729 	
3.685	-0.79248 	-0.0663723 	7.95701 	0.11298 	0.24927 	-0.153462 	
3.69	-0.491663 	-0.127889 	7.87622 	0.121718 	0.238561 	-0.152391 	
3.695	-0.236218 	-0.16729 	7.62568 	0.125069 	0.224154 	-0.14865 	
3.7	0.0252205 	-0.222726 	7.57965 	0.133202 	0.215551 	-0.148079 	
3.705	0.243717 	-0.256034 	7.35785 	0.1359 	0.203008 	-0.144756 	
3.71	0.471028 	-0.30599 	7.33977 	0.143467 	0.196167 	-0.144591 	
3.715	0.657499 	-0.333824 	7.1407 	0.145556 	0.185176 	-0.141599 	
3.72	0.855281 	-0.378895 	7.14529 	0.152603 	0.179815 	-0.141766 	
3.725	1.01403 	-0.401849 	6.96425 	0.154128 	0.170119 	-0.139038 	
3.73	1.1863 	-0.442605 	6.98738 	0.160706 	0.166006 	-0.139479 	
3.735	1.32107 	-0.461235 	6.82069 	0.161718 	0.157394 	-0.136961 	
3.74	1.51656 	-0.488674 	6.78371 	0.166556 	0.150746 	-0.13819 	
3.745	1.77584 	-0.456086 	6.22861 	0.158862 	0.12686 	-0.135838 	
3.75	1.98038 	-0.425928 	5.70272 	0.150968 	0.105471 	-0.132396 	
3.755	2.22231 	-0.398298 	5.23187 	0.144735 	0.0845592 	-0.131015 	
3.76	2.42055 	-0.373009 	4.7871 	0.138386 	0.0657207 	-0.12879 	
3.765	2.66146 	-0.350148 	4.39288 	0.133672 	0.0470711 	-0.128681 	
3.77	2.85543 	-0.329113 	4.0181 	0.12867 	0.0303978 	-0.127535 	
3.775	3.09081 	-0.310292 	3.6882 	0.125168 	0.0137866 	-0.128364 	
3.78	3.24089 	-0.329793 	3.68405 	0.128537 	0.00936005 	-0.1302 	
3.785	3.3026 	-0.422709 	4.30967 	0.146321 	0.0261897 	-0.136177 	
3.79	3.26973 	-0.434629 	4.22837 	0.145245 	0.0249673 	-0.131956 	
3.795	3.32688 	-0.517662 	4.80222 	0.161557 	0.0403675 	-0.137712 	
3.8	3.28883 	-0.521548 	4.65766 	0.159105 	0.0374751 	-0.133235 	
3.805	3.34387 	-0.602691 	5.1876 	0.175457 	0.0518261 	-0.139496 	
3.81	3.10651 	-0.639494 	5.21219 	0.180074 	0.0606979 	-0.139878 	
3.815	2.58079 	-0.829508 	6.29445 	0.219178 	0.111182 	-0.160636 	
3.82	2.40534 	-0.843938 	6.21119 	0.220109 	0.1147 	-0.159529 	
3.825	1.94465 	-1.00148 	7.13908 	0.254936 	0.158353 	-0.179185 	
3.83	1.80933 	-0.996989 	6.96468 	0.253037 	0.15776 	-0.177118 	
3.835	1.41358 	-1.12518 	7.75533 	0.283805 	0.195077 	-0.19547 	
3.84	1.31308 	-1.10714 	7.51576 	0.27968 	0.191334 	-0.192533 	
3.845	0.970132 	-1.21396 	8.20606 	0.307345 	0.223835 	-0.209822 	
3.85	0.937804 	-1.16102 	7.92628 	0.304022 	0.216583 	-0.210441 	
3.855	0.638228 	-1.23997 	8.54479 	0.330911 	0.24546 	-0.229333 	
3.86	0.443999 	-1.30314 	8.18676 	0.306964 	0.240609 	-0.198232 	
3.865	0.537792 	-1.2101 	8.76523 	0.335227 	0.254157 	-0.226668 	
3.87	-0.0766388 	-1.01468 	8.47333 	0.267485 	0.259681 	-0.188499 	
3.875	-0.29074 	0.214859 	9.30937 	0.108278 	0.265449 	-0.11127 	
3.88	-0.831556 	0.134563 	8.97595 	0.0626548 	0.270916 	-0.0582015 	
3.885	-1.06941 	0.92395 	9.75044 	-0.00872837 	0.28674 	-0.0418635 	
3.89	-1.58757 	1.24734 	9.40355 	-0.110715 	0.284048 	0.022582 	
3.895	-1.84305 	1.75781 	10.1189 	-0.139174 	0.304336 	0.0233785 	
3.9	-2.14092 	1.96004 	9.71189 	-0.230118 	0.294957 	0.0838761 	
3.905	-2.26186 	2.01022 	10.1745 	-0.194001 	0.312565 	0.0648699 	
3.91	-2.02148 	0.979506 	9.26259 	-0.159928 	0.291547 	0.111881 	
3.915	-2.48911 	1.54275 	9.9001 	-0.241397 	0.312833 	0.147238 	
3.92	-2.04341 	1.51411 	9.15301 	-0.223885 	0.280199 	0.129012 	
3.925	-1.79959 	1.55307 	8.81496 	-0.213895 	0.263721 	0.116131 	
3.93	-1.36386 	1.4316 	8.08845 	-0.195461 	0.232915 	0.102575 	
3.935	-0.819356 	1.31949 	7.46172 	-0.17528 	0.20148 	0.084949 	
3.94	-0.592671 	1.21356 	6.80165 	-0.162359 	0.178439 	0.0784825 	
3.945	-0.40398 	1.10336 	6.20118 	-0.150978 	0.158133 	0.07402 	
3.95	-0.216011 	1.0173 	5.6249 	-0.139963 	0.138254 	0.0684017 	
3.955	-0.0450866 	0.933043 	5.09621 	-0.129886 	0.120116 	0.0636099 	
3.96	0.118527 	0.861719 	4.59811 	-0.120346 	0.102876 	0.0585505 	
3.965	0.270248 	0.795623 	4.13646 	-0.111503 	0.0868989 	0.0538628 	
3.97	0.410936 	0.73437 	3.70858 	-0.103307 	0.0720905 	0.0495192 	
3.975	0.518221 	0.675672 	3.31155 	-0.0953778 	0.0591522 	0.0450687 	
3.98	0.472283 	0.516698 	3.56003 	-0.0664606 	0.0709945 	0.0264982 	
3.985	0.2799 	0.174222 	5.02357 	0.00168693 	0.124776 	-0.01727 	
3.99	0.204331 	0.168116 	4.99614 	0.00420345 	0.125922 	-0.0185448 	
3.995	-0.124439 	0.189288 	5.99568 	0.00633 	0.16094 	-0.0185948 	
4	-0.158727 	0.200976 	6.10653 	0.00719743 	0.165609 	-0.0196186 	
4.005	-0.318072 	0.0751823 	7.02564 	0.023684 	0.215972 	-0.016367 	
4.01	0.0138462 	-0.0968065 	7.18883 	0.0358449 	0.261987 	-0.00234323 	
4.015	-0.522764 	0.197993 	8.14048 	0.00827874 	0.292152 	-0.00237725 	
4.02	-0.554731 	0.277022 	7.93092 	0.00011398 	0.28099 	-0.00302756 	
4.025	-1.05929 	0.533778 	8.78195 	-0.0258659 	0.308868 	-0.00141867 	
4.03	-1.01163 	0.469968 	8.45518 	-0.0270144 	0.296823 	0.00151048 	
4.035	-1.22098 	0.445561 	8.88233 	-0.00740978 	0.318069 	-0.0148349 	
4.04	-1.22969 	0.514849 	8.80979 	-0.0202433 	0.313308 	-0.0105724 	
4.045	-1.60847 	0.760301 	9.41591 	-0.0375409 	0.332264 	-0.0136327 	
4.05	-1.61094 	0.787266 	9.15797 	-0.0435375 	0.320845 	-0.0125715 	
4.055	-1.90382 	0.973549 	9.58732 	-0.0572892 	0.334102 	-0.0147168 	
4.06	-1.7273 	0.789776 	9.32793 	-0.0410802 	0.337263 	-0.0124953 	
4.065	-1.40198 	0.318561 	9.66314 	0.0137281 	0.401632 	-0.0088635 	
4.07	-0.987113 	0.144517 	9.80983 	0.0275318 	0.453195 	-0.00289396 	
4.075	-0.563613 	-0.0964372 	9.92699 	0.0697069 	0.507808 	-0.0246903 	
4.08	-0.702317 	-0.0196748 	9.96487 	0.0602244 	0.494524 	-0.0232794 	
4.085	-0.738745 	-0.125427 	10.0445 	0.0783296 	0.484757 	-0.0263988 	
4.09	-0.687949 	-0.221702 	9.984 	0.0916919 	0.469277 	-0.0288433 	
4.095	-0.590011 	-0.305923 	10.1136 	0.111169 	0.458658 	-0.037374 	
4.1	-0.390305 	-0.329413 	9.69135 	0.114792 	0.429714 	-0.0406675 	
4.105	-0.334707 	-0.416081 	9.65877 	0.137169 	0.419136 	-0.0612759 	
4.11	-0.54639 	-0.533937 	9.66627 	0.179472 	0.421872 	-0.109161 	
4.115	-0.523743 	-0.55572 	9.62055 	0.179145 	0.410535 	-0.104503 	
4.12	-0.974891 	-0.423166 	9.70192 	0.151176 	0.415105 	-0.081574 	
4.125	-1.20507 	-0.191542 	10.0064 	0.119238 	0.418065 	-0.0649997 	
4.13	-1.34491 	-0.074801 	9.68855 	0.106167 	0.406266 	-0.0642975 	
4.135	-1.44808 	0.0758357 	9.9202 	0.0816514 	0.410246 	-0.053129 	
4.14	-1.60594 	0.0621638 	9.61622 	0.0677827 	0.399417 	-0.0375353 	
4.145	-1.68341 	0.285234 	9.80547 	0.0424042 	0.396893 	-0.027632 	
4.15	-1.86913 	0.277466 	9.58792 	0.031904 	0.391209 	-0.0187291 	
4.155	-1.8151 	0.430349 	9.73707 	0.00960433 	0.386478 	-0.00270776 	
4.16	-1.81463 	0.365908 	9.43616 	0.000319397 	0.373515 	0.00967698 	
4.165	-2.13536 	0.573969 	9.83842 	-0.0162345 	0.387764 	0.0163828 	
4.17	-1.98914 	0.477934 	9.42738 	-0.024772 	0.367061 	0.0273341 	
4.175	-1.97904 	0.647873 	9.50242 	-0.0417328 	0.359482 	0.0296 	
4.18	-2.08395 	0.623626 	9.39282 	-0.0513729 	0.354275 	0.0408905 	
4.185	-2.13929 	0.763111 	9.52579 	-0.0642831 	0.352031 	0.0443901 	
4.19	-2.145 	0.706493 	9.32675 	-0.0705924 	0.342874 	0.0538266 	
4.195	-2.22461 	0.849441 	9.5194 	-0.0830528 	0.343572 	0.0566805 	
4.2	-2.15334 	0.774689 	9.21362 	-0.0871453 	0.330194 	0.063807 	
4.205	-2.14253 	0.919775 	9.32751 	-0.0999197 	0.326229 	0.0639452 	
4.21	-2.21985 	0.846608 	9.21031 	-0.101473 	0.322398 	0.0714512 	
4.215	-2.27779 	0.897087 	9.37939 	-0.101217 	0.322932 	0.0701191 	
4.22	-2.24452 	0.803547 	9.19734 	-0.102066 	0.314987 	0.0772243 	
4.225	-2.32955 	0.858774 	9.39798 	-0.101012 	0.317542 	0.0748257 	
4.23	-2.3044 	0.785143 	9.23211 	-0.103288 	0.31228 	0.081092 	
4.235	-2.55266 	0.941929 	9.58691 	-0.113378 	0.329167 	0.0843694 	
4.24	-2.40981 	0.8695 	9.33588 	-0.119734 	0.319525 	0.094456 	
4.245	-2.71757 	1.00962 	9.76944 	-0.129978 	0.343243 	0.104422 	
4.25	-2.52767 	0.920735 	9.4463 	-0.134454 	0.329971 	0.112852 	
4.255	-2.84765 	1.0641 	9.89776 	-0.144004 	0.354378 	0.121671 	
4.26	-2.6412 	0.964828 	9.55487 	-0.147794 	0.340196 	0.130102 	
4.265	-2.96006 	1.10788 	10.0027 	-0.156323 	0.364307 	0.137693 	
4.27	-2.7449 	1.00219 	9.6516 	-0.159394 	0.349433 	0.145288 	
4.275	-3.05447 	1.14371 	10.0824 	-0.166741 	0.372617 	0.151487 	
4.28	-2.83239 	1.03225 	9.72636 	-0.169238 	0.357223 	0.158407 	
4.285	-3.13063 	1.17236 	10.1372 	-0.175411 	0.379332 	0.163191 	
4.29	-2.90022 	1.0548 	9.77402 	-0.177449 	0.363376 	0.169693 	
4.295	-3.20597 	1.19679 	10.192 	-0.182949 	0.385862 	0.173753 	
4.3	-2.91773 	1.05549 	9.74945 	-0.180042 	0.362283 	0.173144 	
4.305	-3.16152 	1.14143 	10.0634 	-0.172043 	0.370739 	0.161121 	
4.31	-3.00004 	0.986247 	9.71842 	-0.165446 	0.354891 	0.160646 	
4.315	-3.03052 	1.05117 	9.87097 	-0.15897 	0.354009 	0.15033 	
4.32	-2.96041 	0.906328 	9.64105 	-0.153502 	0.344322 	0.152081 	
4.325	-2.94103 	0.974653 	9.72915 	-0.147692 	0.34103 	0.14195 	
4.33	-2.91816 	0.858196 	9.59472 	-0.14665 	0.335699 	0.146568 	
4.335	-2.88149 	0.993397 	9.63973 	-0.149385 	0.331436 	0.138578 	
4.34	-2.88874 	0.874982 	9.54891 	-0.148206 	0.328305 	0.143559 	
4.345	-2.82504 	1.00853 	9.55711 	-0.151438 	0.322834 	0.136103 	
4.35	-2.98415 	0.935959 	9.63391 	-0.155255 	0.331091 	0.146075 	
4.355	-3.18631 	1.11756 	9.94394 	-0.166596 	0.348703 	0.152437 	
4.36	-3.00303 	1.0293 	9.69396 	-0.173998 	0.338929 	0.162232 	
4.365	-3.27431 	1.21482 	10.0522 	-0.182911 	0.359545 	0.165705 	
4.37	-3.09563 	1.11853 	9.80901 	-0.189627 	0.349798 	0.175146 	
4.375	-3.3293 	1.28911 	10.1214 	-0.196533 	0.367546 	0.17723 	
4.38	-3.07635 	1.16152 	9.79799 	-0.200104 	0.352631 	0.184651 	
4.385	-3.435 	1.35762 	10.2292 	-0.207816 	0.377504 	0.18678 	
4.39	-3.09998 	1.20993 	9.79537 	-0.207902 	0.353837 	0.188556 	
4.395	-3.4148 	1.36416 	10.1372 	-0.20329 	0.365857 	0.174028 	
4.4	-3.1447 	1.15754 	9.78089 	-0.197061 	0.347698 	0.176342 	
4.405	-3.0708 	1.20598 	9.77702 	-0.18938 	0.340752 	0.164524 	
4.41	-3.05147 	1.05865 	9.66347 	-0.183564 	0.336145 	0.168274 	
4.415	-2.94134 	1.10273 	9.64577 	-0.176762 	0.328513 	0.158612 	
4.42	-3.06159 	0.99974 	9.67104 	-0.177015 	0.33438 	0.16866 	
4.425	-3.14595 	1.15088 	9.87199 	-0.187129 	0.345467 	0.17515 	
4.43	-2.88187 	1.03733 	9.59273 	-0.190377 	0.331734 	0.180863 	
4.435	-3.2751 	1.24177 	10.0332 	-0.199657 	0.359125 	0.184472 	
4.44	-3.00436 	1.13626 	9.74434 	-0.206694 	0.345375 	0.194762 	
4.445	-3.39797 	1.33553 	10.1749 	-0.214707 	0.372164 	0.197367 	
4.45	-2.92519 	1.15819 	9.68986 	-0.216614 	0.34405 	0.202594 	
4.455	-2.82683 	1.2202 	9.64464 	-0.207769 	0.334472 	0.186081 	
4.46	-2.62186 	1.20401 	9.55141 	-0.195421 	0.340163 	0.166226 	
4.465	-2.67091 	1.39848 	10.1684 	-0.189984 	0.412771 	0.129927 	
4.47	-2.18225 	1.51169 	9.86896 	-0.22274 	0.411442 	0.147031 	
4.475	-2.24968 	1.51968 	9.87002 	-0.215413 	0.401607 	0.135938 	
4.48	-2.22585 	1.49015 	9.68461 	-0.20709 	0.386225 	0.126231 	
4.485	-2.28665 	1.49159 	9.69433 	-0.201219 	0.378097 	0.117089 	
4.49	-2.26694 	1.46879 	9.53867 	-0.194052 	0.364971 	0.10861 	
4.495	-2.32554 	1.47144 	9.57132 	-0.188169 	0.358892 	0.0991355 	
4.5	-2.31289 	1.45102 	9.44474 	-0.178945 	0.348479 	0.0872963 	
4.505	-2.38304 	1.45946 	9.51394 	-0.175606 	0.344442 	0.0810294 	
4.51	-2.33536 	1.43737 	9.35957 	-0.169772 	0.332934 	0.0746405 	
4.515	-2.41398 	1.44904 	9.45529 	-0.167317 	0.330739 	0.0693555 	
4.52	-2.36352 	1.42798 	9.3101 	-0.162037 	0.320315 	0.0637344 	
4.525	-2.4423 	1.44071 	9.41702 	-0.160139 	0.319257 	0.0592172 	
4.53	-2.38997 	1.41917 	9.2797 	-0.154353 	0.31007 	0.0529423 	
4.535	-2.4307 	1.42704 	9.36522 	-0.151187 	0.309107 	0.0469209 	
4.54	-2.28943 	1.39827 	9.15506 	-0.147963 	0.296522 	0.0451178 	
4.545	-2.46718 	1.40456 	9.3649 	-0.139564 	0.302763 	0.0326603 	
4.55	-2.37219 	1.38004 	9.26241 	-0.132597 	0.298808 	0.0242087 	
4.555	-2.43263 	1.42006 	9.48466 	-0.1291 	0.317322 	0.0132515 	
4.56	-2.13525 	1.33801 	9.46167 	-0.116374 	0.338981 	0.00529617 	
4.565	-1.6628 	1.13662 	9.8088 	-0.0853833 	0.415392 	-0.00883991 	
4.57	-1.54174 	1.09085 	9.72228 	-0.0736517 	0.418701 	-0.0215588 	
4.575	-1.64413 	1.14597 	9.83188 	-0.073626 	0.426396 	-0.0291567 	
4.58	-1.63138 	1.14158 	9.71812 	-0.0746546 	0.419693 	-0.0289473 	
4.585	-1.76465 	1.16822 	9.83347 	-0.0835538 	0.429442 	-0.0211896 	
4.59	-1.71462 	1.30843 	9.93134 	-0.102025 	0.451591 	-0.0147958 	
4.595	-1.78745 	1.30401 	9.89969 	-0.0955065 	0.438705 	-0.0239828 	
4.6	-1.69913 	1.26526 	9.65444 	-0.0873971 	0.417443 	-0.0319006 	
4.605	-1.77873 	1.24897 	9.64575 	-0.0794897 	0.407122 	-0.0417009 	
4.61	-1.70563 	1.21258 	9.44589 	-0.0713841 	0.389129 	-0.0496525 	
4.615	-1.78861 	1.20178 	9.47111 	-0.0645383 	0.381402 	-0.0585319 	
4.62	-1.71509 	1.16992 	9.29783 	-0.0573981 	0.365607 	-0.0655942 	
4.625	-1.80077 	1.1636 	9.34823 	-0.051489 	0.360013 	-0.0735956 	
4.63	-1.72636 	1.13533 	9.19381 	-0.0452023 	0.346 	-0.0798097 	
4.635	-1.81445 	1.13266 	9.26294 	-0.0401232 	0.342175 	-0.0869828 	
4.64	-1.73884 	1.10723 	9.12184 	-0.034588 	0.329617 	-0.092406 	
4.645	-1.82915 	1.10755 	9.20502 	-0.0302413 	0.32727 	-0.0988128 	
4.65	-1.75212 	1.08436 	9.0732 	-0.025365 	0.315901 	-0.103511 	
4.655	-1.84455 	1.08715 	9.16701 	-0.0216627 	0.314797 	-0.109218 	
4.66	-1.75762 	1.06753 	9.03212 	-0.01811 	0.303996 	-0.112511 	
4.665	-1.83124 	1.08031 	9.11179 	-0.0176027 	0.302986 	-0.115077 	
4.67	-1.75529 	1.06982 	8.99964 	-0.0156572 	0.293833 	-0.117076 	
4.675	-1.83279 	1.08462 	9.08912 	-0.0154518 	0.293939 	-0.119442 	
4.68	-1.75675 	1.07459 	8.98207 	-0.0137003 	0.285581 	-0.121214 	
4.685	-1.79526 	1.15109 	9.13669 	-0.0208493 	0.297264 	-0.122604 	
4.69	-1.55745 	1.34534 	9.28386 	-0.0370608 	0.335174 	-0.1322 	
4.695	-1.49853 	1.48192 	9.66233 	-0.0337695 	0.38706 	-0.162956 	
4.7	-1.28166 	1.66642 	9.77064 	-0.0510321 	0.42093 	-0.169306 	
4.705	-1.26383 	1.69787 	9.97673 	-0.0376344 	0.451406 	-0.198382 	
4.71	-1.1753 	1.61522 	9.69241 	-0.0348008 	0.427659 	-0.190138 	
4.715	-1.45587 	1.56641 	9.79331 	-0.0386359 	0.424395 	-0.173912 	
4.72	-1.45867 	1.49958 	9.58572 	-0.039759 	0.406634 	-0.16 	
4.725	-1.61592 	1.44184 	9.62519 	-0.0426943 	0.400055 	-0.145274 	
4.73	-1.38877 	1.39331 	9.2199 	-0.0484225 	0.372689 	-0.131527 	
4.735	-1.34779 	1.40227 	9.13989 	-0.0612137 	0.358697 	-0.116415 	
4.74	-1.47565 	1.40254 	9.16426 	-0.0660856 	0.352765 	-0.105991 	
4.745	-1.30719 	1.38559 	8.91431 	-0.0760838 	0.332927 	-0.0927762 	
4.75	-1.11874 	1.35731 	8.66072 	-0.0819125 	0.31303 	-0.0818921 	
4.755	-0.97695 	1.34752 	8.46355 	-0.0910114 	0.296438 	-0.0704147 	
4.76	-0.815379 	1.32541 	8.26653 	-0.0963099 	0.279792 	-0.0609353 	
4.765	-0.851709 	1.33366 	8.27044 	-0.103797 	0.274207 	-0.0517244 	
4.77	-1.29367 	1.35478 	8.67257 	-0.102723 	0.290377 	-0.047774 	
4.775	-1.56229 	1.34486 	8.89101 	-0.101651 	0.297874 	-0.0431438 	
4.78	-1.45232 	1.29478 	8.75448 	-0.10326 	0.28667 	-0.0355839 	
4.785	-1.29854 	1.30232 	8.57724 	-0.111643 	0.272939 	-0.0276096 	
4.79	-1.17442 	1.29979 	8.43758 	-0.115955 	0.261181 	-0.0223296 	
4.795	-1.17933 	1.36642 	8.47373 	-0.127992 	0.257351 	-0.0163533 	
4.8	-1.03962 	1.3596 	8.24856 	-0.131839 	0.243969 	-0.0116 	
4.805	-0.701911 	1.28762 	7.90819 	-0.130699 	0.222218 	-0.00576783 	
4.81	-0.265782 	1.17609 	7.61506 	-0.120513 	0.223557 	-0.00645682 	
4.815	0.171802 	1.02531 	7.89555 	-0.101124 	0.289707 	-0.00910198 	
4.82	-0.395208 	1.04904 	8.53127 	-0.115111 	0.326182 	0.0225831 	
4.825	-0.45748 	0.988267 	8.524 	-0.122921 	0.328076 	0.0497573 	
4.83	-0.998777 	0.975774 	9.10008 	-0.138549 	0.365728 	0.0909482 	
4.835	-1.06985 	0.901999 	9.0714 	-0.160046 	0.372784 	0.144475 	
4.84	-2.02835 	0.785021 	10.1445 	-0.219743 	0.463612 	0.296822 	
4.845	-1.82463 	0.718529 	9.78626 	-0.217968 	0.44243 	0.297279 	
4.85	-2.33464 	0.79041 	10.3057 	-0.221096 	0.473529 	0.307964 	
4.855	-2.02455 	0.73258 	9.80918 	-0.214901 	0.440435 	0.295862 	
4.86	-2.39368 	0.880045 	10.1007 	-0.207885 	0.444287 	0.269131 	
4.865	-2.17931 	0.848656 	9.69513 	-0.200274 	0.416645 	0.253198 	
4.87	-2.46934 	0.965749 	9.93734 	-0.194405 	0.418322 	0.230903 	
4.875	-2.29722 	0.94424 	9.5862 	-0.187206 	0.394875 	0.2159 	
4.88	-2.53602 	1.04307 	9.82119 	-0.182988 	0.396578 	0.197455 	
4.885	-2.33627 	0.986025 	9.47399 	-0.176354 	0.374443 	0.187442 	
4.89	-2.5201 	1.00348 	9.69792 	-0.171404 	0.377177 	0.177739 	
4.895	-2.38514 	1.00935 	9.41133 	-0.16491 	0.358753 	0.164619 	
4.9	-2.59476 	1.05682 	9.65631 	-0.163717 	0.362657 	0.153252 	
4.905	-2.45491 	0.988367 	9.37473 	-0.156552 	0.3466 	0.145952 	
4.91	-2.54402 	0.981084 	9.5669 	-0.152789 	0.348171 	0.139906 	
4.915	-2.42775 	0.918904 	9.3073 	-0.146453 	0.334133 	0.133806 	
4.92	-2.51333 	0.917886 	9.5072 	-0.143469 	0.336496 	0.128576 	
4.925	-2.40188 	0.861451 	9.2564 	-0.137861 	0.323493 	0.123305 	
4.93	-2.49069 	0.866217 	9.46615 	-0.135546 	0.326795 	0.118815 	
4.935	-2.38176 	0.814195 	9.22057 	-0.130532 	0.314571 	0.11425 	
4.94	-2.47406 	0.823873 	9.43855 	-0.12879 	0.318699 	0.110402 	
4.945	-2.36683 	0.775654 	9.1963 	-0.124301 	0.307122 	0.106441 	
4.95	-2.46249 	0.790195 	9.4216 	-0.123113 	0.31202 	0.103128 	
4.955	-2.35631 	0.744742 	9.18077 	-0.119037 	0.300935 	0.0996916 	
4.96	-2.45508 	0.762702 	9.41195 	-0.118262 	0.306448 	0.0968636 	
4.965	-2.34972 	0.719675 	9.17182 	-0.11455 	0.295784 	0.0938734 	
4.97	-2.45133 	0.740481 	9.40792 	-0.114119 	0.301822 	0.0914639 	
4.975	-2.35242 	0.707784 	9.17196 	-0.110567 	0.291644 	0.0882173 	
4.98	-2.4747 	0.756474 	9.4257 	-0.110048 	0.298619 	0.0842258 	
4.985	-2.37404 	0.722537 	9.18678 	-0.106746 	0.288563 	0.0814084 	
4.99	-2.49745 	0.769021 	9.44232 	-0.106353 	0.295815 	0.0780013 	
4.995	-2.50054 	0.770681 	9.2676 	-0.103191 	0.290189 	0.0737354 	
5	-2.27713 	0.913384 	9.93113 	-0.108766 	0.384902 	0.069196 	
5.005	-0.305912 	0.889408 	10.3286 	-0.122562 	0.595329 	0.0752495 	
5.01	-0.827136 	1.05345 	10.6154 	-0.118519 	0.588453 	0.0619292 	
5.015	-0.554102 	0.810938 	9.87365 	-0.116133 	0.540678 	0.0702141 	
5.02	-0.414137 	0.786998 	9.41634 	-0.111337 	0.502878 	0.0674055 	
5.025	-1.12556 	0.812222 	10.0188 	-0.11067 	0.515684 	0.0668977 	
5.03	-1.58251 	0.863574 	10.2646 	-0.109257 	0.513725 	0.0617246 	
5.035	-1.4891 	0.955468 	9.88159 	-0.123921 	0.480224 	0.0662658 	
5.04	-1.99329 	1.21737 	10.1849 	-0.152188 	0.478443 	0.0727394 	
5.045	-1.84595 	1.19622 	9.80452 	-0.149546 	0.44956 	0.0681711 	
5.05	-2.13231 	1.28019 	10.032 	-0.155886 	0.447966 	0.0677593 	
5.055	-2.01744 	1.26284 	9.69861 	-0.156224 	0.423976 	0.0678769 	
5.06	-2.16949 	1.33057 	9.84049 	-0.16256 	0.418756 	0.0684659 	
5.065	-2.05371 	1.3104 	9.53422 	-0.162685 	0.397256 	0.0686982 	
5.07	-2.20328 	1.37489 	9.70086 	-0.16879 	0.3943 	0.0694983 	
5.075	-2.08704 	1.35183 	9.41745 	-0.168729 	0.374946 	0.0699112 	
5.08	-2.23599 	1.41341 	9.6049 	-0.174586 	0.373968 	0.0708724 	
5.085	-2.1189 	1.38736 	9.33775 	-0.174292 	0.356369 	0.0714106 	
5.09	-2.26731 	1.44617 	9.54064 	-0.179879 	0.357035 	0.0724847 	
5.095	-2.14912 	1.41716 	9.2848 	-0.179328 	0.340875 	0.0731086 	
5.1	-2.29705 	1.47344 	9.49912 	-0.184641 	0.34291 	0.0742616 	
5.105	-2.07188 	1.43335 	9.15618 	-0.184716 	0.322709 	0.0753111 	
5.11	-1.91993 	1.47221 	9.11289 	-0.192083 	0.311003 	0.0766183 	
5.115	-1.86315 	1.47413 	8.93524 	-0.190437 	0.299749 	0.0734923 	
5.12	-2.04512 	1.55769 	9.20375 	-0.196523 	0.305218 	0.0715645 	
5.125	-1.94368 	1.55211 	8.99482 	-0.195623 	0.292863 	0.0696061 	
5.13	-2.12364 	1.63005 	9.26464 	-0.201466 	0.299068 	0.0680357 	
5.135	-1.90673 	1.60173 	8.95165 	-0.200765 	0.281886 	0.0676909 	
5.14	-1.7618 	1.62399 	8.93228 	-0.208128 	0.273252 	0.070447 	
5.145	-1.57373 	1.59385 	8.6483 	-0.207204 	0.258146 	0.0701666 	
5.15	-1.44112 	1.61644 	8.65973 	-0.214728 	0.251067 	0.0733544 	
5.155	-1.39754 	1.58837 	8.52537 	-0.210664 	0.243852 	0.0713854 	
5.16	-1.76635 	1.62571 	8.95067 	-0.205905 	0.260687 	0.065214 	
5.165	-1.69717 	1.57996 	8.7916 	-0.200003 	0.252387 	0.0629699 	
5.17	-2.06838 	1.66083 	9.20352 	-0.202007 	0.268416 	0.0598629 	
5.175	-1.99929 	1.67476 	9.02129 	-0.204185 	0.258514 	0.0597438 	
5.18	-2.37678 	1.81156 	9.41801 	-0.213275 	0.273357 	0.0578872 	
5.185	-2.1496 	1.71644 	9.1185 	-0.207443 	0.258415 	0.0581721 	
5.19	-2.22967 	1.69333 	9.32366 	-0.209574 	0.263413 	0.059287 	
5.195	-2.18104 	1.75396 	9.22637 	-0.215868 	0.259484 	0.0587948 	
5.2	-2.29646 	1.78531 	9.35559 	-0.216717 	0.264285 	0.0590624 	
5.205	-2.47092 	1.88381 	9.38904 	-0.226863 	0.269144 	0.0595998 	
5.21	-2.73192 	2.31411 	9.79048 	-0.275618 	0.285035 	0.0698768 	
5.215	-2.62625 	2.30973 	9.45006 	-0.277904 	0.274718 	0.0711475 	
5.22	-3.0121 	2.71756 	10.0463 	-0.322624 	0.299386 	0.0800614 	
5.225	-2.8813 	2.66905 	9.68344 	-0.320513 	0.287896 	0.0806784 	
5.23	-3.23693 	3.01814 	10.2442 	-0.358785 	0.311054 	0.0883417 	
5.235	-3.0825 	2.93563 	9.85719 	-0.353266 	0.298337 	0.0884056 	
5.24	-3.41083 	3.23684 	10.3833 	-0.386231 	0.320039 	0.0950502 	
5.245	-3.23922 	3.12763 	9.98293 	-0.377965 	0.306535 	0.0946808 	
5.25	-3.5455 	3.39085 	10.4823 	-0.406673 	0.327085 	0.100536 	
5.255	-3.35975 	3.26129 	10.0729 	-0.396268 	0.312965 	0.0998056 	
5.26	-3.6485 	3.49455 	10.552 	-0.421576 	0.332615 	0.105055 	
5.265	-3.45077 	3.34989 	10.1357 	-0.409549 	0.317973 	0.104024 	
5.27	-3.72534 	3.55988 	10.5985 	-0.432191 	0.33689 	0.108819 	
5.275	-3.51806 	3.40393 	10.1781 	-0.41891 	0.321852 	0.107534 	
5.28	-3.78075 	3.5957 	10.6269 	-0.439433 	0.34013 	0.111973 	
5.285	-3.56516 	3.43181 	10.2023 	-0.425248 	0.324717 	0.110476 	
5.29	-3.81933 	3.60913 	10.6425 	-0.444061 	0.342576 	0.114655 	
5.295	-3.59748 	3.43947 	10.2166 	-0.429183 	0.326918 	0.112979 	
5.3	-3.84652 	3.60469 	10.656 	-0.446517 	0.344656 	0.116952 	
5.305	-3.61887 	3.43158 	10.2262 	-0.43121 	0.328683 	0.115134 	
5.31	-3.86241 	3.58794 	10.6605 	-0.447444 	0.346154 	0.118946 	
5.315	-3.57159 	3.3791 	10.1946 	-0.43029 	0.32799 	0.120084 	
5.32	-3.65865 	3.43068 	10.5285 	-0.441236 	0.340207 	0.13325 	
5.325	-3.44068 	3.23099 	10.0896 	-0.424743 	0.324805 	0.134968 	
5.33	-3.51887 	3.29944 	10.437 	-0.435231 	0.336823 	0.14633 	
5.335	-3.1837 	3.09932 	9.86645 	-0.414196 	0.313453 	0.140811 	
5.34	-3.0205 	3.05182 	9.92994 	-0.414924 	0.309001 	0.143015 	
5.345	-2.86564 	2.91737 	9.57346 	-0.399842 	0.296758 	0.14135 	
5.35	-3.05096 	2.97492 	10.0417 	-0.414724 	0.315232 	0.157384 	
5.355	-2.80411 	2.80314 	9.56468 	-0.394059 	0.29698 	0.15176 	
5.36	-2.83266 	2.76057 	9.85362 	-0.393385 	0.30496 	0.157183 	
5.365	-2.60638 	2.55591 	9.39666 	-0.369644 	0.287511 	0.153266 	
5.37	-2.67785 	2.3851 	9.72089 	-0.356836 	0.296865 	0.163508 	
5.375	-2.46986 	2.27519 	9.28856 	-0.341914 	0.280814 	0.157266 	
5.38	-2.53373 	2.3177 	9.61049 	-0.349632 	0.290751 	0.162053 	
5.385	-2.33765 	2.22061 	9.18967 	-0.335771 	0.275273 	0.155777 	
5.39	-2.41208 	2.26706 	9.52309 	-0.344187 	0.285811 	0.161215 	
5.395	-2.11093 	2.15885 	8.9601 	-0.330695 	0.263513 	0.154278 	
5.4	-1.928 	2.20235 	8.99022 	-0.343332 	0.25819 	0.157686 	
5.405	-1.68916 	2.142 	8.60511 	-0.335984 	0.241796 	0.15285 	
5.41	-1.52971 	2.19152 	8.64686 	-0.347283 	0.237461 	0.155666 	
5.415	-1.40827 	2.13833 	8.38799 	-0.338615 	0.227913 	0.150612 	
5.42	-1.55515 	2.20826 	8.75115 	-0.34573 	0.241247 	0.151467 	
5.425	-1.70443 	2.39286 	8.78281 	-0.364215 	0.245017 	0.151692 	
5.43	-2.33597 	3.04252 	9.5962 	-0.44254 	0.279422 	0.17186 	
5.435	-2.24194 	3.06836 	9.29901 	-0.444742 	0.268839 	0.16985 	
5.44	-2.90494 	3.67786 	10.114 	-0.514648 	0.303639 	0.181918 	
5.445	-2.6473 	3.60555 	9.67595 	-0.511614 	0.285897 	0.186253 	
5.45	-3.42816 	4.15662 	10.5408 	-0.569663 	0.325785 	0.189307 	
5.455	-3.26377 	4.09404 	10.1602 	-0.56266 	0.311509 	0.184985 	
5.46	-3.74115 	4.51475 	10.7756 	-0.614618 	0.33734 	0.197602 	
5.465	-3.56137 	4.3958 	10.3707 	-0.601387 	0.322578 	0.192563 	
5.47	-3.98302 	4.7606 	10.9372 	-0.647203 	0.34601 	0.20391 	
5.475	-3.78395 	4.60522 	10.5122 	-0.630042 	0.330538 	0.198516 	
5.48	-4.16703 	4.92227 	11.0494 	-0.67046 	0.352532 	0.208871 	
5.485	-3.94999 	4.74183 	10.6101 	-0.650542 	0.336416 	0.203169 	
5.49	-4.30452 	5.02037 	11.1246 	-0.686567 	0.357366 	0.212815 	
5.495	-4.07289 	4.82235 	10.6761 	-0.66464 	0.34076 	0.206857 	
5.5	-4.40476 	5.06984 	11.1717 	-0.697083 	0.360869 	0.215968 	
5.505	-4.16194 	4.86028 	10.718 	-0.673771 	0.343919 	0.209818 	
5.51	-4.47598 	5.0843 	11.1981 	-0.703482 	0.363341 	0.218557 	
5.515	-4.22467 	4.86467 	10.7384 	-0.678893 	0.346098 	0.212229 	
5.52	-4.51641 	5.06416 	11.2109 	-0.706328 	0.364972 	0.221603 	
5.525	-4.24868 	4.82931 	10.7407 	-0.681132 	0.347294 	0.217307 	
5.53	-4.5388 	5.02181 	11.2309 	-0.706401 	0.366532 	0.22436 	
5.535	-4.15611 	4.65174 	10.6805 	-0.665173 	0.344787 	0.216891 	
5.54	-4.14147 	4.44277 	10.7459 	-0.639823 	0.348482 	0.208295 	
5.545	-3.66648 	4.0675 	10.2194 	-0.602059 	0.32394 	0.207639 	
5.55	-3.43477 	3.73237 	10.0844 	-0.570554 	0.315337 	0.210671 	
5.555	-3.28271 	3.49664 	9.84239 	-0.540686 	0.305624 	0.202548 	
5.56	-3.29003 	3.34079 	10.0117 	-0.522399 	0.309738 	0.198486 	
5.565	-3.24411 	3.36694 	9.85898 	-0.522501 	0.304398 	0.194596 	
5.57	-3.4766 	3.68169 	10.1064 	-0.561696 	0.314759 	0.203638 	
5.575	-3.31406 	3.58859 	9.74925 	-0.549083 	0.301935 	0.198682 	
5.58	-3.69435 	3.93518 	10.366 	-0.59175 	0.325896 	0.209994 	
5.585	-3.51227 	3.81455 	9.99029 	-0.576398 	0.312226 	0.204657 	
5.59	-3.86886 	4.12202 	10.5759 	-0.614955 	0.335009 	0.215342 	
5.595	-3.66897 	3.97814 	10.1746 	-0.5972 	0.320339 	0.209642 	
5.6	-4.00386 	4.25116 	10.7256 	-0.63208 	0.341889 	0.219765 	
5.605	-3.78988 	4.0902 	10.3062 	-0.612514 	0.32647 	0.213769 	
5.61	-4.10648 	4.3348 	10.8298 	-0.64433 	0.347022 	0.223431 	
5.615	-3.88112 	4.16081 	10.3983 	-0.623318 	0.331058 	0.217168 	
5.62	-4.18242 	4.38214 	10.9001 	-0.652602 	0.350803 	0.226456 	
5.625	-3.94799 	4.19847 	10.4609 	-0.630459 	0.334448 	0.219957 	
5.63	-4.23669 	4.40114 	10.945 	-0.657699 	0.353531 	0.228956 	
5.635	-3.99551 	4.21124 	10.5006 	-0.634779 	0.336885 	0.222272 	
5.64	-4.27367 	4.39869 	10.9718 	-0.660336 	0.35546 	0.231033 	
5.645	-4.02743 	4.20497 	10.5249 	-0.636878 	0.338626 	0.224192 	
5.65	-4.29653 	4.37939 	10.9846 	-0.660982 	0.356754 	0.232753 	
5.655	-4.04593 	4.18163 	10.5334 	-0.636941 	0.339712 	0.225752 	
5.66	-4.30676 	4.34464 	10.9932 	-0.659733 	0.357695 	0.234086 	
5.665	-4.12449 	4.28675 	10.5958 	-0.65061 	0.342646 	0.227156 	
5.67	-4.58781 	4.85382 	11.2161 	-0.716835 	0.366665 	0.235879 	
5.675	-4.20295 	4.45022 	10.625 	-0.668653 	0.343315 	0.224149 	
5.68	-4.15583 	4.09433 	10.7597 	-0.629431 	0.346803 	0.21914 	
5.685	-3.90147 	3.84928 	10.3254 	-0.599438 	0.330726 	0.210633 	
5.69	-3.83588 	3.77583 	10.4444 	-0.592423 	0.332395 	0.207759 	
5.695	-3.62281 	3.5686 	10.0664 	-0.565971 	0.318642 	0.199981 	
5.7	-3.53777 	3.51687 	10.1571 	-0.559941 	0.318731 	0.196947 	
5.705	-3.24465 	3.31924 	9.67651 	-0.527511 	0.299118 	0.184673 	
5.71	-3.24245 	3.27523 	9.92535 	-0.517039 	0.303913 	0.177649 	
5.715	-3.26702 	3.25766 	9.85827 	-0.510038 	0.302495 	0.171114 	
5.72	-3.35703 	3.35372 	9.98747 	-0.515691 	0.305583 	0.174202 	
5.725	-3.12537 	3.17338 	9.6489 	-0.495243 	0.291011 	0.175107 	
5.73	-3.3676 	3.27256 	10.0984 	-0.50752 	0.305397 	0.19145 	
5.735	-3.2412 	3.23285 	9.74694 	-0.497986 	0.291441 	0.183662 	
5.74	-3.3156 	3.08482 	10.0822 	-0.489875 	0.302762 	0.209579 	
5.745	-3.23697 	3.13493 	9.76086 	-0.489512 	0.289577 	0.199793 	
5.75	-3.28158 	2.97464 	10.0724 	-0.484259 	0.299859 	0.23224 	
5.755	-3.25381 	3.10662 	9.78508 	-0.490384 	0.287811 	0.21754 	
5.76	-3.5649 	3.23869 	10.2417 	-0.48858 	0.304911 	0.201022 	
5.765	-3.28419 	3.13826 	9.81976 	-0.500567 	0.286355 	0.238579 	
5.77	-3.62491 	3.35281 	10.2985 	-0.509385 	0.304561 	0.224188 	
5.775	-3.55996 	3.42931 	10.0033 	-0.519219 	0.293048 	0.22451 	
5.78	-3.76177 	3.31291 	10.36 	-0.491469 	0.307415 	0.208727 	
5.785	-3.26448 	3.01205 	9.76998 	-0.461782 	0.281031 	0.206931 	
5.79	-3.50058 	2.84354 	10.121 	-0.438537 	0.295872 	0.203846 	
5.795	-3.03661 	2.60399 	9.58083 	-0.411766 	0.271245 	0.200588 	
5.8	-3.28522 	2.45274 	9.94003 	-0.392491 	0.286669 	0.198907 	
5.805	-2.87808 	2.29985 	9.48172 	-0.372075 	0.265193 	0.193923 	
5.81	-3.26642 	2.30016 	9.98774 	-0.3652 	0.287511 	0.187668 	
5.815	-2.78807 	2.12997 	9.40152 	-0.345447 	0.261377 	0.185624 	
5.82	-2.96639 	2.04727 	9.79551 	-0.340232 	0.275502 	0.194131 	
5.825	-2.74134 	1.91873 	9.35331 	-0.322236 	0.259954 	0.187975 	
5.83	-2.79586 	1.84579 	9.68874 	-0.319266 	0.269017 	0.199355 	
5.835	-2.53597 	1.73022 	9.21412 	-0.303324 	0.252727 	0.193788 	
5.84	-2.50173 	1.68347 	9.46844 	-0.302221 	0.260342 	0.205933 	
5.845	-2.28906 	1.64226 	9.06583 	-0.287386 	0.24579 	0.195366 	
5.85	-2.24581 	1.60445 	9.29899 	-0.291268 	0.250664 	0.203752 	
5.855	-2.06323 	1.56353 	8.88867 	-0.280501 	0.236774 	0.192109 	
5.86	-2.31954 	1.70031 	9.32223 	-0.289637 	0.254076 	0.182073 	
5.865	-2.01937 	1.67853 	8.94403 	-0.280516 	0.236907 	0.173092 	
5.87	-2.20781 	1.75185 	9.24311 	-0.285661 	0.249247 	0.165876 	
5.875	-2.15671 	1.98078 	9.13089 	-0.309677 	0.246281 	0.167942 	
5.88	-2.9316 	2.80417 	10.0113 	-0.405304 	0.291665 	0.187824 	
5.885	-2.81834 	2.89275 	9.67461 	-0.414644 	0.282163 	0.186693 	
5.89	-3.3084 	3.58238 	10.4083 	-0.500204 	0.315879 	0.209727 	
5.895	-3.17712 	3.58918 	10.0349 	-0.50059 	0.304725 	0.206421 	
5.9	-3.6172 	4.16673 	10.6987 	-0.573457 	0.335073 	0.226463 	
5.905	-3.45781 	4.10897 	10.2936 	-0.567026 	0.322119 	0.221936 	
5.91	-3.86184 	4.59796 	10.9075 	-0.629681 	0.349984 	0.239511 	
5.915	-3.64113 	4.41622 	10.4485 	-0.608978 	0.334477 	0.233142 	
5.92	-3.90548 	4.62095 	10.9316 	-0.63771 	0.356976 	0.246086 	
5.925	-3.60198 	4.34826 	10.3807 	-0.602163 	0.334512 	0.229513 	
5.93	-3.61326 	4.27792 	10.5734 	-0.585849 	0.336821 	0.214459 	
5.935	-3.33224 	4.04827 	10.0588 	-0.553026 	0.316018 	0.199486 	
5.94	-3.3597 	3.99819 	10.2816 	-0.540505 	0.319692 	0.187031 	
5.945	-3.07896 	3.78837 	9.78069 	-0.510642 	0.299383 	0.174124 	
5.95	-3.0589 	3.74261 	9.96902 	-0.499351 	0.301006 	0.163979 	
5.955	-2.80518 	3.55617 	9.50522 	-0.472814 	0.282499 	0.152733 	
5.96	-2.80994 	3.53193 	9.73094 	-0.464625 	0.28583 	0.144183 	
5.965	-2.59252 	3.3705 	9.30645 	-0.44105 	0.26949 	0.133735 	
5.97	-2.64831 	3.37667 	9.59625 	-0.436475 	0.276055 	0.125482 	
5.975	-2.43299 	3.22549 	9.1992 	-0.415874 	0.260489 	0.11725 	
5.98	-2.50585 	3.25147 	9.45483 	-0.411145 	0.266974 	0.108101 	
5.985	-2.19838 	3.11688 	9.03938 	-0.395949 	0.248591 	0.102708 	
5.99	-2.50183 	3.22645 	9.43961 	-0.39548 	0.26515 	0.0884293 	
5.995	-2.38071 	3.11005 	9.18624 	-0.382162 	0.255698 	0.0828932 	
6	-2.6278 	3.21157 	9.54532 	-0.381566 	0.269698 	0.0703071 	
6.005	-2.53926 	3.07435 	9.31746 	-0.366536 	0.262164 	0.0679337 	
6.01	-2.70587 	3.03337 	9.61312 	-0.358308 	0.273635 	0.0680449 	
6.015	-2.59764 	2.89115 	9.365 	-0.343884 	0.265177 	0.0672696 	
6.02	-2.7688 	2.86766 	9.66844 	-0.337801 	0.276919 	0.0678874 	
6.025	-2.65249 	2.78162 	9.40687 	-0.328694 	0.268058 	0.0653977 	
6.03	-2.8108 	2.91086 	9.64228 	-0.336244 	0.278292 	0.0599513 	
6.035	-2.72944 	2.87855 	9.44545 	-0.332715 	0.271901 	0.0574229 	
6.04	-2.86149 	2.99124 	9.66724 	-0.339897 	0.281024 	0.0534307 	
6.045	-2.78043 	2.9049 	9.46208 	-0.32963 	0.273645 	0.049136 	
6.05	-2.87421 	2.86163 	9.64416 	-0.31716 	0.278412 	0.0396588 	
6.055	-2.75967 	2.75005 	9.4338 	-0.304574 	0.269709 	0.0357808 	
6.06	-2.88923 	2.72553 	9.61517 	-0.294375 	0.275852 	0.026796 	
6.065	-2.76703 	2.61249 	9.40236 	-0.282114 	0.266932 	0.0237728 	
6.07	-2.89821 	2.58411 	9.59112 	-0.272124 	0.273552 	0.0170707 	
6.075	-2.77449 	2.4237 	9.38759 	-0.256788 	0.265939 	0.0207364 	
6.08	-2.85268 	2.31817 	9.53389 	-0.241874 	0.271454 	0.0201167 	
6.085	-2.44333 	2.2298 	9.0312 	-0.235643 	0.248427 	0.0227487 	
6.09	-2.07614 	2.20159 	8.70942 	-0.234163 	0.230276 	0.0253898 	
6.095	-1.72249 	2.12621 	8.28136 	-0.228977 	0.210511 	0.0277741 	
6.1	-1.40335 	2.11079 	8.03571 	-0.228801 	0.195412 	0.0304347 	
6.105	-1.09239 	2.04622 	7.6778 	-0.224874 	0.178417 	0.0329478 	
6.11	-0.813588 	2.04096 	7.49666 	-0.22582 	0.165894 	0.0356771 	
6.115	-0.640369 	2.03607 	7.3021 	-0.225337 	0.156526 	0.0359173 	
6.12	-0.709952 	2.19584 	7.50701 	-0.235188 	0.162748 	0.0316939 	
6.125	-0.476523 	2.13504 	7.24672 	-0.233434 	0.150281 	0.0349158 	
6.13	-0.160933 	2.08202 	7.03206 	-0.232983 	0.136004 	0.0402715 	
6.135	0.12115 	1.95768 	6.59325 	-0.224732 	0.118422 	0.0428409 	
6.14	0.0945593 	1.85391 	6.5407 	-0.212604 	0.117492 	0.04031 	
6.145	-0.513355 	1.84328 	7.57922 	-0.205394 	0.157309 	0.0370576 	
6.15	-0.367913 	1.69367 	7.42255 	-0.188693 	0.157055 	0.039704 	
6.155	-0.71734 	1.54906 	8.0869 	-0.173951 	0.184675 	0.0484948 	
6.16	-0.706053 	1.4023 	7.87298 	-0.160807 	0.181214 	0.053254 	
6.165	-1.0644 	1.22968 	8.50458 	-0.1475 	0.209383 	0.0713376 	
6.17	-0.984757 	1.05792 	8.18074 	-0.130807 	0.201128 	0.0742313 	
6.175	-1.29383 	0.762111 	8.75216 	-0.103521 	0.226526 	0.091871 	
6.18	-1.24393 	0.661858 	8.44293 	-0.0901527 	0.218964 	0.0907738 	
6.185	-1.45243 	0.365215 	8.91439 	-0.0673432 	0.239041 	0.110962 	
6.19	-1.37696 	0.286938 	8.56747 	-0.0553549 	0.229612 	0.108484 	
6.195	-1.57696 	0.0235449 	9.02688 	-0.0354545 	0.2489 	0.127944 	
6.2	-1.48629 	-0.0229519 	8.66114 	-0.0258893 	0.238296 	0.123951 	
6.205	-1.6782 	-0.258654 	9.11091 	-0.00837708 	0.256883 	0.142643 	
6.21	-1.62192 	-0.210237 	8.74537 	-0.00984117 	0.244444 	0.140418 	
6.215	-1.92752 	-0.190423 	9.18843 	-0.0240992 	0.258118 	0.166696 	
6.22	-1.87633 	-0.158294 	8.87529 	-0.0221808 	0.247747 	0.162303 	
6.225	-2.12594 	-0.137651 	9.24732 	-0.0354771 	0.258402 	0.185063 	
6.23	-2.07453 	-0.0795806 	8.93767 	-0.036336 	0.247735 	0.180459 	
6.235	-2.30817 	-0.0668723 	9.29968 	-0.048769 	0.258003 	0.202236 	
6.24	-2.21533 	-0.0551403 	8.98359 	-0.0435889 	0.248223 	0.195547 	
6.245	-2.34831 	-0.214402 	9.31571 	-0.0357904 	0.260709 	0.213376 	
6.25	-2.23638 	-0.209799 	8.98817 	-0.0290514 	0.250417 	0.204898 	
6.255	-2.36869 	-0.359448 	9.32224 	-0.022096 	0.262715 	0.222269 	
6.26	-2.25072 	-0.339546 	8.98892 	-0.0163693 	0.251945 	0.212668 	
6.265	-2.38406 	-0.479688 	9.32587 	-0.0102976 	0.264158 	0.229786 	
6.27	-2.16503 	-0.399308 	8.89635 	-0.00377675 	0.248707 	0.205082 	
6.275	-2.17623 	-0.477156 	9.1495 	0.00927249 	0.257731 	0.194949 	
6.28	-2.37168 	-0.644548 	9.16967 	0.0202303 	0.266026 	0.218805 	
6.285	-2.12106 	-0.667842 	9.07235 	0.0238337 	0.258187 	0.210376 	
6.29	-2.16259 	-0.58933 	8.99032 	0.0305946 	0.258465 	0.190346 	
6.295	-1.92307 	-0.615652 	8.90473 	0.0334277 	0.251054 	0.184091 	
6.3	-1.98425 	-0.540663 	8.84389 	0.0397006 	0.252263 	0.165793 	
6.305	-1.75816 	-0.574164 	8.77968 	0.042107 	0.245671 	0.161418 	
6.31	-2.04604 	-0.484359 	8.88453 	0.0391826 	0.252758 	0.158645 	
6.315	-2.4265 	-0.475835 	9.11362 	0.0190626 	0.241164 	0.19155 	
6.32	-2.59047 	-0.42248 	8.72083 	0.030908 	0.190307 	0.170351 	
6.325	-2.71923 	-0.43137 	8.96321 	0.0121429 	0.205001 	0.206904 	
6.33	-2.59564 	-0.387963 	8.81558 	0.0147925 	0.203861 	0.196195 	
6.335	-2.7009 	-0.430161 	9.05069 	0.00159166 	0.217668 	0.228612 	
6.34	-2.55086 	-0.405247 	8.87993 	0.0075541 	0.214898 	0.216909 	
6.345	-2.60123 	-0.51202 	9.06732 	0.00221954 	0.226608 	0.250113 	
6.35	-2.49941 	-0.442706 	8.91866 	0.0064412 	0.223608 	0.226233 	
6.355	-2.55561 	-0.352576 	9.16064 	-0.00445624 	0.240526 	0.22479 	
6.36	-2.242 	-0.284142 	9.17654 	-0.00531294 	0.275904 	0.210619 	
6.365	-2.077 	-0.178895 	9.47157 	-0.0131518 	0.317473 	0.201937 	
6.37	-2.19851 	0.0040723 	9.37214 	-0.0256639 	0.309292 	0.194332 	
6.375	-2.3444 	0.0953479 	9.49886 	-0.0324535 	0.308746 	0.185891 	
6.38	-2.45033 	0.255372 	9.38641 	-0.0435125 	0.300896 	0.179861 	
6.385	-2.5702 	0.304929 	9.50679 	-0.0465451 	0.300734 	0.171748 	
6.39	-2.653 	0.442259 	9.39395 	-0.0560056 	0.293208 	0.166928 	
6.395	-2.74882 	0.458281 	9.51352 	-0.0560327 	0.293467 	0.159166 	
6.4	-2.80151 	0.565897 	9.39994 	-0.0628055 	0.287237 	0.155022 	
6.405	-2.90042 	0.582917 	9.55241 	-0.0620223 	0.291704 	0.150989 	
6.41	-3.0619 	0.824778 	9.50943 	-0.0843595 	0.28663 	0.16033 	
6.415	-2.98801 	0.665595 	9.56287 	-0.0734198 	0.287182 	0.149048 	
6.42	-2.96671 	0.676339 	9.43311 	-0.0633624 	0.283681 	0.137249 	
6.425	-2.95012 	0.595094 	9.52376 	-0.061326 	0.28502 	0.132003 	
6.43	-2.89497 	0.56567 	9.37688 	-0.0470578 	0.281188 	0.1181 	
6.435	-2.91027 	0.52495 	9.49164 	-0.0500982 	0.283353 	0.117853 	
6.44	-2.85068 	0.506816 	9.33759 	-0.0371381 	0.278513 	0.101858 	
6.445	-2.92147 	0.542941 	9.46921 	-0.0497663 	0.279575 	0.108075 	
6.45	-2.91447 	0.618983 	9.34326 	-0.0529971 	0.273935 	0.101969 	
6.455	-2.98913 	0.66642 	9.48373 	-0.0629501 	0.275897 	0.102752 	
6.46	-2.93883 	0.70586 	9.32598 	-0.0638502 	0.269522 	0.0965149 	
6.465	-2.94568 	0.680396 	9.42592 	-0.0644327 	0.271789 	0.0925682 	
6.47	-2.9213 	0.686347 	9.32907 	-0.0565847 	0.269367 	0.0824882 	
6.475	-2.8527 	0.638722 	9.33408 	-0.0595166 	0.267411 	0.0808861 	
6.48	-2.77503 	0.525142 	9.19788 	-0.0481956 	0.263717 	0.0874367 	
6.485	-2.75706 	0.201758 	9.34955 	-0.048219 	0.268191 	0.143077 	
6.49	-2.63836 	0.230304 	9.07063 	-0.0553442 	0.255517 	0.148811 	
6.495	-2.92328 	0.32026 	9.42996 	-0.0844677 	0.261907 	0.185627 	
6.5	-2.74797 	0.327018 	9.08765 	-0.0886675 	0.247065 	0.187845 	
6.505	-3.05515 	0.412547 	9.47677 	-0.118684 	0.254545 	0.227795 	
6.51	-2.85333 	0.410602 	9.11414 	-0.119868 	0.239436 	0.226622 	
6.515	-3.14846 	0.478252 	9.50451 	-0.14646 	0.247626 	0.263212 	
6.52	-2.9369 	0.4657 	9.13801 	-0.145297 	0.232931 	0.259634 	
6.525	-3.21263 	0.510391 	9.52076 	-0.167573 	0.241406 	0.293026 	
6.53	-2.98007 	0.487511 	9.14601 	-0.162718 	0.227097 	0.284443 	
6.535	-3.21533 	0.508294 	9.51364 	-0.177459 	0.23601 	0.308897 	
6.54	-2.88317 	0.468674 	9.07877 	-0.166318 	0.219788 	0.29012 	
6.545	-2.74446 	0.404587 	9.23906 	-0.145125 	0.224563 	0.258752 	
6.55	-2.61305 	0.369459 	8.9559 	-0.133306 	0.218915 	0.241248 	
6.555	-2.6552 	0.346674 	9.24406 	-0.12088 	0.232068 	0.226987 	
6.56	-2.53183 	0.31427 	8.96415 	-0.110656 	0.226271 	0.212098 	
6.565	-2.5817 	0.293016 	9.2551 	-0.0995329 	0.23905 	0.199683 	
6.57	-2.4917 	0.321719 	8.97457 	-0.0976858 	0.231851 	0.188453 	
6.575	-2.63471 	0.465856 	9.28842 	-0.106959 	0.24211 	0.180902 	
6.58	-2.56747 	0.508956 	9.03153 	-0.106817 	0.235258 	0.170144 	
6.585	-2.68667 	0.652975 	9.30791 	-0.116781 	0.244292 	0.165655 	
6.59	-2.61485 	0.692662 	9.06216 	-0.11188 	0.237533 	0.154301 	
6.595	-2.85362 	0.753266 	9.50837 	-0.116256 	0.254325 	0.153495 	
6.6	-2.84581 	0.761372 	9.35931 	-0.117687 	0.250633 	0.147312 	
6.605	-2.90589 	0.900426 	9.5585 	-0.127045 	0.252756 	0.149147 	
6.61	-3.02828 	0.959002 	9.48805 	-0.130319 	0.253022 	0.148141 	
6.615	-3.14309 	0.951849 	9.748 	-0.135656 	0.262329 	0.143206 	
6.62	-2.96045 	0.917133 	9.32462 	-0.128732 	0.249005 	0.135057 	
6.625	-3.19499 	0.95354 	9.74433 	-0.128873 	0.264182 	0.133924 	
6.63	-3.00679 	0.88396 	9.36457 	-0.123937 	0.251462 	0.131425 	
6.635	-3.23935 	0.875595 	9.76396 	-0.122993 	0.265748 	0.136842 	
6.64	-3.059 	0.823447 	9.38725 	-0.117899 	0.253248 	0.13269 	
6.645	-3.28769 	0.813691 	9.78653 	-0.117425 	0.267446 	0.138769 	
6.65	-3.10097 	0.766915 	9.40389 	-0.112554 	0.254643 	0.134464 	
6.655	-3.33668 	0.758574 	9.81465 	-0.112476 	0.269289 	0.141002 	
6.66	-3.13469 	0.718098 	9.41604 	-0.108149 	0.255754 	0.136552 	
6.665	-3.31377 	0.72075 	9.75553 	-0.109209 	0.267431 	0.142167 	
6.67	-3.16055 	0.687574 	9.42537 	-0.105519 	0.256663 	0.138274 	
6.675	-3.32669 	0.681573 	9.74665 	-0.106287 	0.267613 	0.144972 	
6.68	-3.16468 	0.654539 	9.41235 	-0.102932 	0.256482 	0.140379 	
6.685	-3.33931 	0.648313 	9.74219 	-0.103732 	0.267844 	0.147404 	
6.69	-3.16905 	0.621818 	9.4032 	-0.100511 	0.25637 	0.142854 	
6.695	-3.37077 	0.607241 	9.75944 	-0.101155 	0.269075 	0.15151 	
6.7	-3.24032 	0.557862 	9.46224 	-0.0975162 	0.259673 	0.150778 	
6.705	-3.38668 	0.55695 	9.75918 	-0.0982015 	0.269522 	0.156979 	
6.71	-3.16074 	0.531147 	9.36464 	-0.0948558 	0.255328 	0.151878 	
6.715	-3.41992 	0.539332 	9.79662 	-0.096832 	0.271145 	0.158605 	
6.72	-3.13324 	0.518604 	9.33114 	-0.0934956 	0.253812 	0.151645 	
6.725	-3.38069 	0.6136 	9.80675 	-0.0986407 	0.270125 	0.147129 	
6.73	-3.09542 	0.55454 	9.31833 	-0.0939225 	0.252392 	0.145218 	
6.735	-3.369 	0.54137 	9.75781 	-0.095149 	0.268799 	0.155215 	
6.74	-3.14167 	0.507734 	9.36068 	-0.0928682 	0.254682 	0.153174 	
6.745	-3.26298 	0.580972 	9.62157 	-0.0993314 	0.263494 	0.154327 	
6.75	-3.21644 	0.592005 	9.48806 	-0.0990192 	0.259888 	0.150716 	
6.755	-3.33106 	0.613071 	9.74527 	-0.0999239 	0.268566 	0.152515 	
6.76	-3.14778 	0.580289 	9.41897 	-0.0971149 	0.257184 	0.148922 	
6.765	-3.3174 	0.611205 	9.74901 	-0.0985508 	0.26886 	0.150754 	
6.77	-2.94801 	0.538596 	9.23069 	-0.0931553 	0.248623 	0.146088 	
6.775	-2.72785 	0.431711 	9.21809 	-0.0828547 	0.244304 	0.144016 	
6.78	-2.76494 	0.308276 	9.23778 	-0.0625391 	0.249327 	0.135876 	
6.785	-2.48876 	0.202114 	9.06338 	-0.0505918 	0.240389 	0.128927 	
6.79	-2.4837 	-0.174455 	9.32655 	-0.0164218 	0.283159 	0.147804 	
6.795	-1.50338 	-0.787741 	9.86595 	0.0125962 	0.437972 	0.213946 	
6.8	-0.661419 	0.179178 	10.7524 	-0.078143 	0.625372 	0.194237 	
6.805	-0.693606 	-0.0396716 	10.466 	-0.0556784 	0.595049 	0.195053 	
6.81	-0.765361 	-0.089363 	10.2322 	-0.0400641 	0.566721 	0.182892 	
6.815	-1.01073 	-0.00303814 	10.11 	-0.0440004 	0.544212 	0.172614 	
6.82	-1.21125 	0.15275 	9.96627 	-0.0510367 	0.518639 	0.162171 	
6.825	-1.39176 	0.258517 	9.85513 	-0.0608996 	0.496385 	0.157684 	
6.83	-1.48093 	0.341825 	9.70607 	-0.0617916 	0.476302 	0.14885 	
6.835	-1.57819 	0.387166 	9.62252 	-0.064865 	0.45918 	0.142291 	
6.84	-1.65896 	0.459705 	9.51453 	-0.0661478 	0.442444 	0.135944 	
6.845	-1.72833 	0.457041 	9.45719 	-0.0650257 	0.428252 	0.130493 	
6.85	-1.73959 	0.378906 	9.35114 	-0.0503477 	0.414347 	0.123962 	
6.855	-1.85745 	0.457624 	9.35143 	-0.0588886 	0.402094 	0.120394 	
6.86	-2.04562 	0.630848 	9.36553 	-0.0724638 	0.388452 	0.117893 	
6.865	-2.18824 	0.734934 	9.37842 	-0.0851783 	0.375935 	0.11697 	
6.87	-2.31068 	0.828717 	9.38132 	-0.0898507 	0.36451 	0.112921 	
6.875	-2.35974 	0.744902 	9.37561 	-0.083411 	0.356066 	0.112869 	
6.88	-2.36997 	0.773255 	9.33713 	-0.0797705 	0.34711 	0.105005 	
6.885	-2.35775 	0.745653 	9.28851 	-0.0792883 	0.339105 	0.103745 	
6.89	-2.38593 	0.773115 	9.27511 	-0.0771892 	0.332838 	0.0996962 	
6.895	-2.36179 	0.730552 	9.19952 	-0.0750466 	0.322486 	0.0980743 	
6.9	-2.43961 	0.823034 	9.17633 	-0.0804618 	0.311835 	0.0948771 	
6.905	-2.59189 	0.910494 	9.27225 	-0.0933349 	0.306973 	0.0975788 	
6.91	-2.65551 	1.0091 	9.2555 	-0.0997526 	0.298262 	0.0948363 	
6.915	-2.78032 	1.07092 	9.34412 	-0.10978 	0.29423 	0.096779 	
6.92	-2.76626 	1.05892 	9.27955 	-0.104377 	0.285933 	0.0932615 	
6.925	-2.69153 	0.837095 	9.23981 	-0.0830817 	0.281253 	0.0912036 	
6.93	-2.23154 	0.79014 	9.52292 	-0.0809116 	0.355888 	0.100069 	
6.935	1.16599 	0.305273 	11.3881 	-0.054173 	0.86013 	0.132319 	
6.94	7.26329 	-0.321947 	13.872 	0.0197598 	1.63636 	0.107026 	
6.945	6.31174 	-0.237224 	13.4787 	0.00556094 	1.53739 	0.116364 	
6.95	5.85566 	-0.153792 	12.5145 	0.00707637 	1.42382 	0.103764 	
6.955	5.26494 	-0.11504 	11.7333 	-0.00207537 	1.32326 	0.110177 	
6.96	3.64988 	0.0297553 	11.3354 	-0.0330214 	1.19589 	0.146281 	
6.965	2.2088 	0.191467 	9.922 	-0.0454261 	0.930123 	0.137197 	
6.97	1.83556 	0.28933 	9.48819 	-0.0493217 	0.871387 	0.132341 	
6.975	1.06332 	0.418891 	9.67665 	-0.0707745 	0.838319 	0.152459 	
6.98	1.3585 	0.454914 	8.82774 	-0.0648355 	0.761286 	0.133327 	
6.985	1.53868 	0.445729 	8.14068 	-0.0642918 	0.695166 	0.126672 	
